{
"metadata": {
    "version": {
        "essentia": "2.1-dev",
        "essentia_git_sha": "v2.1_beta3-415-gd5473f3",
        "extractor": "music 2.0"
    },
    "audio_properties": {
        "analysis": {
            "equal_loudness": 0,
            "length": 108.905555725,
            "sample_rate": 44100,
            "start_time": 0,
            "downmix": "mix"
        },
        "bit_rate": 128000,
        "length": 108.905555725,
        "lossless": 0,
        "number_channels": 2,
        "replay_gain": -9.01044273376,
        "sample_rate": 44100,
        "codec": "mp3",
        "md5_encoded": "553a77f4a0e6a2e94374f2af779f95ae"
    },
    "tags": {
        "file_name": "scumann-innig_davidsb_ndlert_nze_op._6.mp3",
        "album": ["Schumann Piano Music"],
        "artist": ["Leon McCawley"],
        "artistwebpage": ["http:\/\/www.magnatune.com\/artists\/mccawley"],
        "composer": ["www.magnatune.com\/artists\/mccawley"],
        "copyright": ["2004 Leon McCawley - Licensed to the public under http:\/\/creativecommons.org\/licenses\/by-nc-sa\/1.0\/ verify at http:\/\/www.magnatune.com\/artists\/mccawley"],
        "date": ["2003"],
        "encodedby": ["http:\/\/www.magnatune.com\/"],
        "filewebpage": ["http:\/\/www.magnatune.com\/artists\/mccawley"],
        "genre": ["Classical"],
        "length": ["109000"],
        "originalartist": ["http:\/\/www.magnatune.com\/artists\/mccawley"],
        "title": ["Innig, Davidsbündlertänze, Op."],
        "tracknumber": ["3"]
    }
},
"lowlevel": {
    "average_loudness": 0.416786909103,
    "barkbands_crest": {
        "mean": 14.3781938553,
        "stdev": 4.34019565582
    },
    "barkbands_flatness_db": {
        "mean": 0.437334686518,
        "stdev": 0.0455424040556
    },
    "barkbands_kurtosis": {
        "mean": 6.13435506821,
        "stdev": 20.2391471863
    },
    "barkbands_skewness": {
        "mean": 0.207978188992,
        "stdev": 1.59738504887
    },
    "barkbands_spread": {
        "mean": 2.17635464668,
        "stdev": 1.19497776031
    },
    "dissonance": {
        "mean": 0.322499126196,
        "stdev": 0.0936042293906
    },
    "dynamic_complexity": 4.68126583099,
    "erbbands_crest": {
        "mean": 18.7498455048,
        "stdev": 6.64912462234
    },
    "erbbands_flatness_db": {
        "mean": 0.449697911739,
        "stdev": 0.0659351944923
    },
    "erbbands_kurtosis": {
        "mean": 5.73448801041,
        "stdev": 8.52659893036
    },
    "erbbands_skewness": {
        "mean": 0.246495649219,
        "stdev": 1.20672214031
    },
    "erbbands_spread": {
        "mean": 5.36930322647,
        "stdev": 11.7565927505
    },
    "hfc": {
        "mean": 7.71667098999,
        "stdev": 11.7249679565
    },
    "loudness_ebu128": {
        "integrated": -16.2087535858,
        "loudness_range": 7.76284694672,
        "momentary": {
            "mean": -18.6590824127,
            "stdev": 6.15841722488
        },
        "short_term": {
            "mean": -17.3549041748,
            "stdev": 3.58174657822
        }
    },
    "melbands_crest": {
        "mean": 16.5711669922,
        "stdev": 5.59546947479
    },
    "melbands_flatness_db": {
        "mean": 0.556593477726,
        "stdev": 0.0481023602188
    },
    "melbands_kurtosis": {
        "mean": 8.97504520416,
        "stdev": 71.0466537476
    },
    "melbands_skewness": {
        "mean": 0.325376480818,
        "stdev": 2.23108053207
    },
    "melbands_spread": {
        "mean": 4.00171089172,
        "stdev": 2.10938072205
    },
    "pitch_salience": {
        "mean": 0.497879832983,
        "stdev": 0.13229046762
    },
    "silence_rate_20dB": {
        "mean": 1,
        "stdev": 0
    },
    "silence_rate_30dB": {
        "mean": 0.987425386906,
        "stdev": 0.111424393952
    },
    "silence_rate_60dB": {
        "mean": 0.127237856388,
        "stdev": 0.333236902952
    },
    "spectral_centroid": {
        "mean": 439.997833252,
        "stdev": 113.059486389
    },
    "spectral_complexity": {
        "mean": 6.50618076324,
        "stdev": 2.16502165794
    },
    "spectral_decrease": {
        "mean": -4.17655598994e-09,
        "stdev": 5.33151611748e-09
    },
    "spectral_energy": {
        "mean": 0.0164631810039,
        "stdev": 0.0211447421461
    },
    "spectral_energyband_high": {
        "mean": 3.42112969065e-08,
        "stdev": 8.04955817557e-08
    },
    "spectral_energyband_low": {
        "mean": 0.000594344455749,
        "stdev": 0.00076618953608
    },
    "spectral_energyband_middle_high": {
        "mean": 0.000498713867273,
        "stdev": 0.00220540701412
    },
    "spectral_energyband_middle_low": {
        "mean": 0.0156782232225,
        "stdev": 0.0208101328462
    },
    "spectral_entropy": {
        "mean": 4.98880147934,
        "stdev": 0.467718809843
    },
    "spectral_flux": {
        "mean": 0.0310623738915,
        "stdev": 0.0282260850072
    },
    "spectral_kurtosis": {
        "mean": 221.344161987,
        "stdev": 79.8020248413
    },
    "spectral_rms": {
        "mean": 0.00348720932379,
        "stdev": 0.00197510584258
    },
    "spectral_rolloff": {
        "mean": 534.5703125,
        "stdev": 136.503250122
    },
    "spectral_skewness": {
        "mean": 12.0173311234,
        "stdev": 2.61342787743
    },
    "spectral_spread": {
        "mean": 815063.4375,
        "stdev": 1081326.25
    },
    "spectral_strongpeak": {
        "mean": 1.4263818264,
        "stdev": 1.3712195158
    },
    "zerocrossingrate": {
        "mean": 0.0206811875105,
        "stdev": 0.00540458597243
    },
    "barkbands": {
        "mean": [7.60173452363e-06, 0.000111276982352, 0.000188285732293, 0.000796957465354, 0.00219171447679, 0.0023032843601, 0.00518000964075, 0.00241078226827, 0.00270178937353, 0.000442064367235, 6.3685423811e-05, 3.14022909151e-05, 1.23117742987e-05, 1.7358452169e-05, 2.86404974759e-06, 1.29015290895e-06, 3.05106738097e-07, 1.59601810878e-07, 5.01918613338e-08, 1.53732191421e-08, 6.61712595829e-09, 4.30446744915e-09, 3.2369353864e-09, 3.62964835965e-09, 5.000873049e-09, 2.61360511011e-09, 5.10138875587e-10],
        "stdev": [1.00764791569e-05, 0.000287790666334, 0.000312987453071, 0.00108078715857, 0.00541402073577, 0.00308707170188, 0.0130099495873, 0.0046090297401, 0.0110428780317, 0.00220420933329, 0.000176667919732, 0.000128543848405, 3.77528122044e-05, 4.43099743279e-05, 1.91521721717e-05, 4.1789221541e-06, 1.13946714464e-06, 5.14714486144e-07, 1.8240845634e-07, 6.29658885032e-08, 2.98375653074e-08, 1.24666801327e-08, 1.7749122172e-09, 1.43728162705e-09, 1.36186162347e-09, 1.08047581993e-09, 9.37952604474e-10]
    },
    "erbbands": {
        "mean": [0.00109846447594, 0.0333080925047, 0.199678465724, 1.41420352459, 3.64611268044, 7.03776693344, 15.6736383438, 19.9428539276, 36.2399215698, 109.966796875, 52.351234436, 47.3768615723, 46.0699119568, 8.37622928619, 1.53951215744, 1.35307323933, 0.789111375809, 0.819466292858, 0.303141325712, 0.17241306603, 0.0490673445165, 0.0165827255696, 0.00893103517592, 0.00437981914729, 0.00210712826811, 0.000773638894316, 0.000374606403057, 0.000235481202253, 0.000155167814228, 0.00011661949975, 0.000100849087175, 8.43046218506e-05, 7.18538212823e-05, 6.22153529548e-05, 4.70980376122e-05, 2.87963994197e-05, 6.99710335539e-06, 1.26735915273e-06, 7.89954992797e-06, 1.84947730304e-05],
        "stdev": [0.00180973403621, 0.0848189294338, 0.341244131327, 1.77516913414, 5.3126707077, 14.8409070969, 46.8005561829, 25.712600708, 58.365852356, 335.370056152, 104.865852356, 155.025314331, 227.498504639, 33.6587028503, 3.37346816063, 4.88930654526, 2.26912617683, 2.26918888092, 0.885811507702, 0.90296626091, 0.120343931019, 0.0449428446591, 0.0297632440925, 0.0117439264432, 0.00770214013755, 0.0032411434222, 0.00156187184621, 0.000871700700372, 0.000345033651683, 8.16801475594e-05, 5.93535187363e-05, 4.2842959374e-05, 2.92294898827e-05, 2.33492082771e-05, 1.76966841536e-05, 1.25483611555e-05, 7.12741120878e-06, 1.72260729414e-06, 1.02397661976e-05, 2.39120490733e-05]
    },
    "gfcc": {
        "mean": [-271.017944336, 239.232574463, -61.1242332458, -67.3614578247, -65.5828018188, -22.1059379578, -37.9825019836, -12.3702802658, -9.61182498932, -11.2745437622, -7.85458898544, -17.92253685, -2.91796278954],
        "cov": [[3641.4362793, 1156.95275879, -963.631225586, -1154.2791748, 401.029296875, -492.489593506, 44.9771270752, -146.239212036, 225.744003296, -236.558700562, -15.6133956909, -247.928619385, -69.2959289551], [1156.95275879, 718.834899902, 26.2243766785, -348.37789917, 90.9337615967, -127.835853577, -12.0845832825, -140.0443573, 32.1930541992, -129.221252441, 1.69915819168, -90.0565795898, -24.4717025757], [-963.631225586, 26.2243766785, 879.746398926, 445.65335083, -172.540283203, 150.321746826, -22.1530914307, -70.8676528931, -105.953651428, 14.6835193634, 5.42938041687, 67.4145736694, -26.4209098816], [-1154.2791748, -348.37789917, 445.65335083, 639.622436523, -13.3900976181, 201.377990723, -5.29539346695, 58.4770622253, -118.83228302, 59.4208602905, -9.72241592407, 69.9186630249, -22.1322689056], [401.029296875, 90.9337615967, -172.540283203, -13.3900976181, 213.868301392, 0.106063738465, -18.6950683594, 7.93456554413, 40.9602813721, -9.09491729736, -1.0750451088, -28.19947052, -31.181930542], [-492.489593506, -127.835853577, 150.321746826, 201.377990723, 0.106063738465, 175.327819824, 44.6752433777, 25.2552261353, -45.5793495178, 29.1639213562, -16.3488960266, 32.6295890808, 15.601026535], [44.9771270752, -12.0845832825, -22.1530914307, -5.29539346695, -18.6950683594, 44.6752433777, 144.885940552, 75.3843231201, -15.1254692078, -14.864730835, -23.571931839, -29.7438087463, -6.36987018585], [-146.239212036, -140.0443573, -70.8676528931, 58.4770622253, 7.93456554413, 25.2552261353, 75.3843231201, 135.433380127, 41.6520500183, 24.6263504028, -11.7027339935, -14.0077705383, -27.3591194153], [225.744003296, 32.1930541992, -105.953651428, -118.83228302, 40.9602813721, -45.5793495178, -15.1254692078, 41.6520500183, 131.511444092, 49.7221717834, 10.5577096939, -22.147195816, -19.8006267548], [-236.558700562, -129.221252441, 14.6835193634, 59.4208602905, -9.09491729736, 29.1639213562, -14.864730835, 24.6263504028, 49.7221717834, 103.20664978, 40.5513191223, 11.9863967896, -12.2299594879], [-15.6133956909, 1.69915819168, 5.42938041687, -9.72241592407, -1.0750451088, -16.3488960266, -23.571931839, -11.7027339935, 10.5577096939, 40.5513191223, 65.201789856, 27.4474849701, -9.53418159485], [-247.928619385, -90.0565795898, 67.4145736694, 69.9186630249, -28.19947052, 32.6295890808, -29.7438087463, -14.0077705383, -22.147195816, 11.9863967896, 27.4474849701, 99.1075286865, 62.3393058777], [-69.2959289551, -24.4717025757, -26.4209098816, -22.1322689056, -31.181930542, 15.601026535, -6.36987018585, -27.3591194153, -19.8006267548, -12.2299594879, -9.53418159485, 62.3393058777, 117.551338196]],
        "icov": [[0.00414757197723, -0.00390564906411, 0.00241645495407, 0.00113524065819, -0.00460695661604, 0.00691355345771, -0.00720653729513, 0.0056400122121, -0.00220639491454, -0.000861975015141, 0.00427628774196, -0.00421422766522, 0.00329170306213], [-0.00390564906411, 0.0122879371047, -0.00643241917714, 0.00197985209525, -0.000402230449254, -0.007127226796, 0.00420226575807, 0.000554613943677, -0.00471390970051, 0.0146913537756, -0.0163073521107, 0.0146503960714, -0.00797877460718], [0.00241645495407, -0.00643241917714, 0.00853218510747, -0.00668783299625, 0.00510764913633, 0.00218060985208, -0.00635191518813, 0.00921803060919, -0.00694851623848, 0.000219349414692, 0.00441632140428, -0.00799866672605, 0.0070630190894], [0.00113524065819, 0.00197985209525, -0.00668783299625, 0.0134825166315, -0.01013214048, 0.00153554452118, 0.00448436383158, -0.0106867207214, 0.0147895375267, -0.00950891152024, 0.00654196832329, -0.000919630110729, -0.000498865731061], [-0.00460695661604, -0.000402230449254, 0.00510764913633, -0.01013214048, 0.0199101828039, -0.0122053520754, 0.00755745870993, -0.000301897642203, -0.00798026937991, 0.00680667720735, -0.00667488994077, 0.00203994265758, 0.00142211979255], [0.00691355345771, -0.007127226796, 0.00218060985208, 0.00153554452118, -0.0122053520754, 0.026784164831, -0.0175759159029, 0.00895708892494, 0.00361710577272, -0.0143993962556, 0.0190888829529, -0.0146445864812, 0.00613660784438], [-0.00720653729513, 0.00420226575807, -0.00635191518813, 0.00448436383158, 0.00755745870993, -0.0175759159029, 0.0336624383926, -0.0303641129285, 0.0181534178555, -0.00457677198574, -0.0049388576299, 0.0125445984304, -0.00933385454118], [0.0056400122121, 0.000554613943677, 0.00921803060919, -0.0106867207214, -0.000301897642203, 0.00895708892494, -0.0303641129285, 0.0463734306395, -0.0335737988353, 0.0204484593123, -0.00553497113287, -0.00421642418951, 0.00963813718408], [-0.00220639491454, -0.00471390970051, -0.00694851623848, 0.0147895375267, -0.00798026937991, 0.00361710577272, 0.0181534178555, -0.0335737988353, 0.049106080085, -0.0423642657697, 0.0264228060842, -0.0100113032386, 0.000829751137644], [-0.000861975015141, 0.0146913537756, 0.000219349414692, -0.00950891152024, 0.00680667720735, -0.0143993962556, -0.00457677198574, 0.0204484593123, -0.0423642657697, 0.0669161602855, -0.0526015013456, 0.0301052741706, -0.0113685596734], [0.00427628774196, -0.0163073521107, 0.00441632140428, 0.00654196832329, -0.00667488994077, 0.0190888829529, -0.0049388576299, -0.00553497113287, 0.0264228060842, -0.0526015013456, 0.0696510523558, -0.043944016099, 0.0234219171107], [-0.00421422766522, 0.0146503960714, -0.00799866672605, -0.000919630110729, 0.00203994265758, -0.0146445864812, 0.0125445984304, -0.00421642418951, -0.0100113032386, 0.0301052741706, -0.043944016099, 0.0520021542907, -0.0289180614054], [0.00329170306213, -0.00797877460718, 0.0070630190894, -0.000498865731061, 0.00142211979255, 0.00613660784438, -0.00933385454118, 0.00963813718408, 0.000829751137644, -0.0113685596734, 0.0234219171107, -0.0289180614054, 0.0277724917978]]
    },
    "melbands": {
        "mean": [1.99272290047e-05, 8.13908554846e-05, 0.000325674656779, 0.000339868245646, 0.000531305384357, 0.000459801551187, 0.000688277883455, 0.00106210878585, 0.000384608865716, 0.000325468252413, 0.000231245387113, 3.62880418834e-05, 6.40020653009e-06, 2.91573292088e-06, 3.19346145261e-06, 1.42747103382e-06, 1.41694602007e-06, 5.27655856786e-07, 2.90203843178e-07, 1.09045728891e-07, 5.2090825875e-08, 1.65614935099e-08, 8.19603940272e-09, 7.94393972825e-09, 3.09041503499e-09, 2.12101580743e-09, 7.08117342541e-10, 4.72300254462e-10, 2.179820352e-10, 2.03429176282e-10, 1.13165012083e-10, 9.27443330467e-11, 6.29804333685e-11, 5.81574129133e-11, 5.34865728097e-11, 4.85524814797e-11, 4.45670896021e-11, 4.24707630176e-11, 4.32025110131e-11, 4.4281880246e-11],
        "stdev": [4.54719593108e-05, 0.000161295145517, 0.000407646264648, 0.00052049435908, 0.00160673900973, 0.000596068101004, 0.00126547913533, 0.00309831462801, 0.000949925393797, 0.00126161577646, 0.00115790497512, 0.000184587755939, 1.5690091459e-05, 1.5545212591e-05, 1.24008729472e-05, 3.46265642293e-06, 3.96079803977e-06, 1.85944577424e-06, 2.15899376599e-06, 4.64291417757e-07, 1.47331604694e-07, 5.72817953071e-08, 4.21557651009e-08, 2.63624535535e-08, 8.54575255005e-09, 8.8984570823e-09, 2.1414578999e-09, 2.7414741588e-09, 1.26190202732e-09, 1.57642665588e-09, 3.50735829269e-10, 3.11696807254e-10, 4.97073424088e-11, 3.75414213605e-11, 3.33892739846e-11, 2.54336014055e-11, 2.20490119218e-11, 1.6644019496e-11, 1.47991289362e-11, 1.39615714823e-11]
    },
    "melbands128": {
        "mean": [4.40394842371e-06, 4.4588136916e-06, 1.54626886797e-05, 6.8750428909e-05, 8.26986433822e-05, 9.9817320006e-05, 0.000242330454057, 0.000460970884888, 0.000364918494597, 0.000261460838374, 0.00032532250043, 0.000617966288701, 0.000577144382987, 0.00044317197171, 0.000366662512533, 0.000561532739084, 0.000562679604627, 0.000375035393517, 0.00103260332253, 0.00183408055454, 0.000450163148344, 0.000455357396277, 0.000384784681955, 0.000305766239762, 0.000263878901023, 0.000280879379716, 0.000611075491179, 8.37094994495e-05, 0.000126751940115, 3.57607095793e-05, 1.27016037368e-05, 1.27928715301e-05, 6.33526360616e-06, 8.93697801985e-07, 2.49704703492e-06, 3.44764453075e-06, 3.80500841857e-06, 4.27216900789e-06, 1.99700025405e-06, 1.05568119579e-06, 4.16050482954e-07, 3.45088210452e-06, 1.56202122525e-06, 2.97643737213e-07, 1.10821486032e-06, 4.26049126645e-07, 1.22640912537e-07, 3.81277033057e-07, 2.49054380674e-07, 3.21173189377e-07, 3.34006031721e-08, 6.40318864598e-09, 8.8839804846e-08, 4.52249864225e-08, 2.71422404552e-08, 1.34400517382e-08, 1.17111289555e-08, 7.68902985726e-09, 6.09041750366e-09, 9.79063319306e-09, 5.96733373825e-09, 1.23242092087e-08, 1.38431244245e-09, 9.52087630957e-10, 3.62680929733e-09, 2.2330113314e-09, 1.83744752746e-09, 4.69841332507e-10, 7.70375097048e-10, 2.79771983358e-10, 6.80909106876e-10, 3.55792978413e-10, 3.28862104215e-10, 1.46959833192e-10, 1.95972210681e-10, 2.36553582278e-10, 2.00976665865e-10, 8.2009760094e-11, 9.59559307012e-11, 1.65388314155e-10, 9.79290190606e-11, 6.6814720423e-11, 6.36718455738e-11, 6.16486722782e-11, 6.48074857668e-11, 6.01890620677e-11, 5.56496897175e-11, 5.32378065243e-11, 5.4834976837e-11, 5.23699000832e-11, 5.0486267944e-11, 4.6900181655e-11, 4.65782794279e-11, 4.48585474322e-11, 4.33209336459e-11, 4.20718217209e-11, 4.23573294495e-11, 4.2721454846e-11, 4.31064697826e-11, 4.33659705368e-11, 4.40118497202e-11, 4.45731333787e-11, 4.47052186936e-11, 4.35800631693e-11, 4.27697911809e-11, 4.09288783421e-11, 4.12809716965e-11, 4.2183423421e-11, 4.3524652632e-11, 3.82142893718e-11, 9.79559922759e-12, 4.49575619788e-12, 2.85400609396e-12, 2.68209868377e-12, 2.5945174828e-12, 2.51690270188e-12, 2.44300998702e-12, 2.36957133602e-12, 2.30589744347e-12, 2.25555208191e-12, 2.20564105174e-12, 2.16262316215e-12, 2.12255191721e-12, 2.08115794563e-12, 2.05755399697e-12, 2.03683684502e-12, 2.02135812429e-12, 2.00987837484e-12],
        "stdev": [5.31252590008e-06, 5.21630181538e-06, 3.35321674356e-05, 0.000189919999684, 0.000194083913811, 0.000159456205438, 0.000324569497025, 0.000637450488284, 0.000628945883363, 0.00077078002505, 0.000618584046606, 0.00247179716825, 0.00205205613747, 0.000967388681602, 0.000597031030338, 0.000967233558185, 0.00113392597996, 0.000897796009667, 0.00296001601964, 0.00646214792505, 0.00125355506316, 0.000912734947633, 0.00129512767307, 0.00173327163793, 0.00112414243631, 0.0016491911374, 0.00374164385721, 0.000336489698384, 0.000790005375165, 0.000219512236072, 4.3180087232e-05, 3.88095904782e-05, 1.98468060262e-05, 2.58839236267e-06, 2.46243398578e-05, 1.93063733605e-05, 1.86758243217e-05, 2.53096877714e-05, 7.83395080362e-06, 4.49034905614e-06, 2.00279578166e-06, 1.15103002827e-05, 5.01771683048e-06, 1.52758229888e-06, 4.44437864644e-06, 1.53840358053e-06, 5.41295491985e-07, 3.86497686122e-06, 2.04405773729e-06, 1.55512407218e-06, 1.32628983351e-07, 2.44053168785e-08, 2.98018647982e-07, 1.49193255083e-07, 1.46896866227e-07, 5.26850598703e-08, 5.12728135504e-08, 6.97522537507e-08, 4.05664835057e-08, 5.58132100537e-08, 2.67291451195e-08, 4.82016417891e-08, 7.16509740428e-09, 4.70858285695e-09, 2.01005008194e-08, 1.02252535328e-08, 1.25483241575e-08, 1.83808512855e-09, 2.86434431729e-09, 8.06647748597e-10, 5.37216804375e-09, 2.65249910925e-09, 3.49220319329e-09, 5.12467124292e-10, 5.36414135333e-10, 2.61747667984e-09, 1.55694201975e-09, 7.80876474593e-11, 3.5174607671e-10, 1.20237375612e-09, 3.42665229525e-10, 5.65783080109e-11, 4.31053422123e-11, 6.65869789862e-11, 7.62790525188e-11, 4.45328704468e-11, 3.93074114924e-11, 3.36156553982e-11, 4.22030743685e-11, 4.36655885061e-11, 2.92434097771e-11, 2.45097570711e-11, 3.41624749323e-11, 2.8114344186e-11, 2.10786735289e-11, 2.05294635458e-11, 2.01606092931e-11, 1.87044615907e-11, 1.82588302117e-11, 1.80691798329e-11, 1.84360009897e-11, 1.7405474631e-11, 1.71048227665e-11, 1.70350712703e-11, 1.72961835826e-11, 1.68007049245e-11, 1.68179099119e-11, 1.62918081803e-11, 1.72338861931e-11, 1.62977860374e-11, 1.12199000091e-11, 8.10383878058e-12, 5.14972049379e-12, 4.9844607608e-12, 4.81267239602e-12, 4.65646878695e-12, 4.51589677111e-12, 4.38206025286e-12, 4.25969936407e-12, 4.15507385443e-12, 4.0529528518e-12, 3.96340772701e-12, 3.88788870889e-12, 3.82106542587e-12, 3.76652138298e-12, 3.72215799849e-12, 3.68957382008e-12, 3.67099710005e-12]
    },
    "mfcc": {
        "mean": [-896.776550293, 242.443756104, 65.0833969116, -22.7631015778, -24.0671825409, -16.9263725281, -18.9968070984, -16.1943225861, -8.8307800293, -3.13136196136, -2.65455627441, -5.54447841644, -5.62622642517],
        "cov": [[2082.65209961, 1462.16418457, -590.294372559, -684.43157959, -75.3062744141, -101.882087708, -228.151428223, -114.559783936, -0.595903456211, 66.0927658081, 51.5815238953, -64.208114624, -121.171829224], [1462.16418457, 1190.62341309, -149.791931152, -423.438354492, -110.760643005, -60.1760025024, -138.940582275, -98.8340072632, -29.4336338043, 2.85509848595, -6.44243955612, -48.0672492981, -62.8061523438], [-590.294372559, -149.791931152, 634.387573242, 365.170257568, -36.4905052185, 44.7415771484, 116.053588867, 20.537147522, -52.4424476624, -97.4376831055, -83.7269439697, 15.7159118652, 77.5243606567], [-684.43157959, -423.438354492, 365.170257568, 424.140533447, 127.507263184, 59.6807441711, 104.547836304, 59.7094421387, -19.9868030548, -61.4816131592, -36.8200683594, 34.8566055298, 75.9944915771], [-75.3062744141, -110.760643005, -36.4905052185, 127.507263184, 183.996307373, 85.6075286865, 8.75860595703, 12.0755147934, 9.0003900528, -9.9786233902, -0.253393530846, 24.6171035767, 31.9721374512], [-101.882087708, -60.1760025024, 44.7415771484, 59.6807441711, 85.6075286865, 113.777496338, 67.7425460815, 12.8373975754, 0.905343592167, -7.61829662323, -12.5779323578, 2.82048082352, 10.5447263718], [-228.151428223, -138.940582275, 116.053588867, 104.547836304, 8.75860595703, 67.7425460815, 139.664794922, 81.8965072632, 5.95598363876, -4.62750530243, -1.34504067898, -11.1244592667, -13.7185649872], [-114.559783936, -98.8340072632, 20.537147522, 59.7094421387, 12.0755147934, 12.8373975754, 81.8965072632, 102.71749115, 53.7550392151, 14.8856620789, 7.10909128189, -5.03503084183, -21.7398300171], [-0.595903456211, -29.4336338043, -52.4424476624, -19.9868030548, 9.0003900528, 0.905343592167, 5.95598363876, 53.7550392151, 87.8103179932, 61.5679244995, 19.8329582214, 1.17195641994, -17.1347026825], [66.0927658081, 2.85509848595, -97.4376831055, -61.4816131592, -9.9786233902, -7.61829662323, -4.62750530243, 14.8856620789, 61.5679244995, 110.266906738, 88.9995956421, 15.1397590637, -28.1861038208], [51.5815238953, -6.44243955612, -83.7269439697, -36.8200683594, -0.253393530846, -12.5779323578, -1.34504067898, 7.10909128189, 19.8329582214, 88.9995956421, 126.313964844, 58.6590461731, -11.5797615051], [-64.208114624, -48.0672492981, 15.7159118652, 34.8566055298, 24.6171035767, 2.82048082352, -11.1244592667, -5.03503084183, 1.17195641994, 15.1397590637, 58.6590461731, 89.7688293457, 62.4068107605], [-121.171829224, -62.8061523438, 77.5243606567, 75.9944915771, 31.9721374512, 10.5447263718, -13.7185649872, -21.7398300171, -17.1347026825, -28.1861038208, -11.5797615051, 62.4068107605, 108.972885132]],
        "icov": [[1211.90270996, -1672.21142578, 1552.45996094, -1369.19372559, 1143.66601562, -900.779968262, 664.382507324, -454.059326172, 283.399627686, -157.59942627, 75.2225799561, -28.1626472473, 6.78791379929], [-1672.21142578, 2307.46118164, -2142.51025391, 1890.03112793, -1579.24157715, 1244.41052246, -918.36706543, 628.102050781, -392.393096924, 218.460342407, -104.424186707, 39.1703567505, -9.46258831024], [1552.45996094, -2142.51025391, 1990.18579102, -1756.90881348, 1469.52026367, -1159.55688477, 857.28314209, -587.653625488, 368.178192139, -205.6953125, 98.7629470825, -37.2614021301, 9.06378936768], [-1369.19372559, 1890.03112793, -1756.90881348, 1552.87524414, -1301.15515137, 1029.1583252, -763.243774414, 525.24029541, -330.702636719, 185.869018555, -89.919708252, 34.2539710999, -8.43156051636], [1143.66601562, -1579.24157715, 1469.52026367, -1301.15515137, 1093.04858398, -867.571350098, 646.331359863, -447.335540771, 283.674072266, -160.811553955, 78.6335983276, -30.3575592041, 7.58963918686], [-900.779968262, 1244.41052246, -1159.55688477, 1029.1583252, -867.571350098, 691.895019531, -518.658996582, 361.785705566, -231.665237427, 132.854782104, -65.8878860474, 25.8788909912, -6.60392951965], [664.382507324, -918.36706543, 857.28314209, -763.243774414, 646.331359863, -518.658996582, 391.977111816, -276.221038818, 179.116546631, -104.249786377, 52.6288528442, -21.1114940643, 5.52314805984], [-454.059326172, 628.102050781, -587.653625488, 525.24029541, -447.335540771, 361.785705566, -276.221038818, 197.160568237, -129.860641479, 76.9552841187, -39.684463501, 16.3142280579, -4.38560771942], [283.399627686, -392.393096924, 368.178192139, -330.702636719, 283.674072266, -231.665237427, 179.116546631, -129.860641479, 87.188873291, -52.7949790955, 27.9132995605, -11.8047561646, 3.27790927887], [-157.59942627, 218.460342407, -205.6953125, 185.869018555, -160.811553955, 132.854782104, -104.249786377, 76.9552841187, -52.7949790955, 32.7588386536, -17.7943286896, 7.7497382164, -2.22206711769], [75.2225799561, -104.424186707, 98.7629470825, -89.919708252, 78.6335983276, -65.8878860474, 52.6288528442, -39.684463501, 27.9132995605, -17.7943286896, 9.97316837311, -4.49435567856, 1.3387491703], [-28.1626472473, 39.1703567505, -37.2614021301, 34.2539710999, -30.3575592041, 25.8788909912, -21.1114940643, 16.3142280579, -11.8047561646, 7.7497382164, -4.49435567856, 2.11962509155, -0.662790119648], [6.78791379929, -9.46258831024, 9.06378936768, -8.43156051636, 7.58963918686, -6.60392951965, 5.52314805984, -4.38560771942, 3.27790927887, -2.22206711769, 1.3387491703, -0.662790119648, 0.230235531926]]
    },
    "spectral_contrast_coeffs": {
        "mean": [-0.6207010746, -0.662061214447, -0.704765737057, -0.773682832718, -0.836627662182, -0.893141567707],
        "stdev": [0.0930899754167, 0.0862288251519, 0.0929750353098, 0.0536129847169, 0.0507619678974, 0.0151160424575]
    },
    "spectral_contrast_valleys": {
        "mean": [-7.95022964478, -7.06079483032, -9.13735485077, -10.9980211258, -12.4315357208, -14.161031723],
        "stdev": [0.882430076599, 0.981374502182, 0.858308553696, 0.750489592552, 0.36780115962, 0.346791982651]
    }
},
"rhythm": {
    "beats_count": 164,
    "beats_loudness": {
        "mean": 0.0260074082762,
        "stdev": 0.0311666857451
    },
    "bpm": 90.1777954102,
    "bpm_histogram_first_peak_bpm": 92,
    "bpm_histogram_first_peak_weight": 0.540816307068,
    "bpm_histogram_second_peak_bpm": 86,
    "bpm_histogram_second_peak_spread": 0.321428537369,
    "bpm_histogram_second_peak_weight": 0.116564422846,
    "danceability": 0.968524515629,
    "onset_rate": 2.08400654793,
    "beats_loudness_band_ratio": {
        "mean": [0.157790750265, 0.335224509239, 0.54158860445, 0.0295354593545, 0.000615965283941, 2.71093631454e-05],
        "stdev": [0.179419398308, 0.240183115005, 0.296318382025, 0.0950549319386, 0.00132961373311, 0.000186140838196]
    },
    "beats_position": [0.626938760281, 1.25387752056, 1.88081634045, 2.50775504112, 3.14630389214, 3.7732424736, 4.42340135574, 5.07355976105, 5.72371864319, 6.3622674942, 7.02403593063, 7.66258478165, 8.31274318695, 8.92807197571, 9.54340076447, 10.1703395844, 10.8204984665, 11.4938774109, 12.1324262619, 12.7477550507, 13.3514738083, 13.966802597, 14.5821313858, 15.1626300812, 15.7431287766, 16.4165077209, 17.0898857117, 17.7516555786, 18.4946937561, 19.2261219025, 19.8762817383, 20.5264396667, 21.1765975952, 21.826757431, 22.4769153595, 23.1270751953, 23.7772331238, 24.4506111145, 25.1239910126, 25.774148941, 26.435918808, 27.0860767365, 27.747844696, 28.3980045319, 29.0481624603, 29.6983222961, 30.3368701935, 30.9754180908, 31.6487979889, 32.3105659485, 32.9839439392, 33.6224937439, 34.2842636108, 34.9460296631, 35.5961914062, 36.2347373962, 36.8732872009, 37.5234451294, 38.1968231201, 38.8585929871, 39.520362854, 40.2401809692, 40.9483909607, 41.6333770752, 42.3067550659, 42.9685249329, 43.6302947998, 44.3268928528, 45.0351028442, 45.743309021, 46.4863471985, 47.229385376, 47.8911552429, 48.5529251099, 49.2495231628, 49.9461212158, 50.6427192688, 51.3509292603, 52.0475273132, 52.7325172424, 53.4058952332, 54.0676651001, 54.7294311523, 55.4144210815, 56.0877990723, 56.7727890015, 57.457775116, 58.1543769836, 58.8625831604, 59.5591812134, 60.2325630188, 60.894329071, 61.5677070618, 62.2294769287, 62.9957351685, 63.7736053467, 64.5514755249, 65.3177337646, 65.9911117554, 66.6644897461, 67.3378677368, 68.0112457275, 68.6962356567, 69.3812255859, 70.1010437012, 70.8092498779, 71.4942398071, 72.1792297363, 72.8642196655, 73.5492019653, 74.2225799561, 74.8843536377, 75.5577316284, 76.3123779297, 77.0670318604, 77.7752380371, 78.4950561523, 79.1800460815, 79.8766403198, 80.5732421875, 81.2582321167, 81.8967819214, 82.5585479736, 83.2087097168, 83.7659835815, 84.3116531372, 84.8457107544, 85.3797683716, 85.9254379272, 86.4711074829, 87.0283889771, 87.5856704712, 88.1197280884, 88.6537857056, 89.2110671997, 89.7683410645, 90.3256225586, 90.9873886108, 91.637550354, 92.2877044678, 92.9494781494, 93.5996322632, 94.2614059448, 94.946395874, 95.6778182983, 96.4092483521, 97.1290664673, 97.8488845825, 98.5570983887, 99.2653045654, 99.9851226807, 100.681724548, 101.297050476, 101.912376404, 102.527709961, 103.143035889, 103.769973755, 104.350471497, 104.930976868, 105.534690857, 106.161628723, 106.788566589, 107.415504456, 108.042449951],
    "bpm_histogram": [0, 0, 0, 0, 0, 0, 0, 0, 0, 0, 0, 0, 0, 0, 0, 0, 0, 0, 0, 0, 0, 0, 0, 0, 0, 0, 0, 0, 0, 0, 0, 0, 0, 0, 0, 0, 0, 0, 0, 0, 0, 0, 0, 0, 0, 0, 0, 0, 0, 0, 0, 0, 0, 0, 0, 0, 0, 0, 0, 0, 0, 0, 0, 0, 0, 0, 0, 0, 0, 0, 0, 0, 0, 0, 0, 0, 0, 0.0122699383646, 0.0122699383646, 0, 0.0122699383646, 0.0184049084783, 0.0184049084783, 0.0368098169565, 0, 0.0552147254348, 0.0613496936858, 0, 0.085889570415, 0.116564415395, 0, 0.134969323874, 0.14110429585, 0, 0.0613496936858, 0, 0.0613496936858, 0, 0.0552147254348, 0.0122699383646, 0, 0, 0, 0.0245398767292, 0, 0, 0, 0, 0.0368098169565, 0, 0.0184049084783, 0, 0.0245398767292, 0, 0, 0, 0, 0, 0, 0, 0, 0, 0, 0, 0, 0, 0, 0, 0, 0, 0, 0, 0, 0, 0, 0, 0, 0, 0, 0, 0, 0, 0, 0, 0, 0, 0, 0, 0, 0, 0, 0, 0, 0, 0, 0, 0, 0, 0, 0, 0, 0, 0, 0, 0, 0, 0, 0, 0, 0, 0, 0, 0, 0, 0, 0, 0, 0, 0, 0, 0, 0, 0, 0, 0, 0, 0, 0, 0, 0, 0, 0, 0, 0, 0, 0, 0, 0, 0, 0, 0, 0, 0, 0, 0, 0, 0, 0, 0, 0, 0, 0, 0, 0, 0, 0, 0, 0, 0, 0, 0, 0, 0, 0, 0, 0, 0, 0, 0, 0, 0, 0, 0, 0, 0, 0, 0, 0, 0, 0, 0, 0, 0, 0, 0, 0, 0, 0, 0, 0]
},
"tonal": {
    "chords_changes_rate": 0.0430336594582,
    "chords_number_rate": 0.00511291017756,
    "chords_strength": {
        "mean": 0.43492230773,
        "stdev": 0.106743387878
    },
    "hpcp_crest": {
        "mean": 17.5326805115,
        "stdev": 6.62489652634
    },
    "hpcp_entropy": {
        "mean": 1.37337958813,
        "stdev": 0.551764547825
    },
    "key_edma": {
        "strength": 0.685848176479,
        "key": "B",
        "scale": "minor"
    },
    "key_krumhansl": {
        "strength": 0.699065625668,
        "key": "B",
        "scale": "minor"
    },
    "key_temperley": {
        "strength": 0.724698901176,
        "key": "B",
        "scale": "minor"
    },
    "tuning_diatonic_strength": 0.439980834723,
    "tuning_equal_tempered_deviation": 0.00917762890458,
    "tuning_frequency": 441.527557373,
    "tuning_nontempered_energy_ratio": 0.586447358131,
    "hpcp": {
        "mean": [0.0391131341457, 0.0294369868934, 0.0844152644277, 0.114064343274, 0.043623778969, 0.152462586761, 0.288492262363, 0.146847933531, 0.00970852281898, 0.00358401448466, 0.00448603183031, 0.102685749531, 0.21688374877, 0.12081797421, 0.077370531857, 0.156849905849, 0.0857356488705, 0.0276886988431, 0.0504344590008, 0.0313630625606, 0.158531054854, 0.276466220617, 0.128363147378, 0.0110302083194, 0.010594858788, 0.0163266435266, 0.195426002145, 0.309320032597, 0.132547408342, 0.0689105018973, 0.11981176585, 0.0595624446869, 0.0604260005057, 0.107815772295, 0.0521848797798, 0.022915545851],
        "stdev": [0.151767522097, 0.0933152064681, 0.17489220202, 0.247753947973, 0.105129554868, 0.225682497025, 0.421398311853, 0.205765277147, 0.0393500067294, 0.0292310994118, 0.0293040219694, 0.163063004613, 0.323379397392, 0.191077589989, 0.169585555792, 0.327817440033, 0.187703952193, 0.0951114222407, 0.181059136987, 0.101889058948, 0.220575451851, 0.373913884163, 0.19237446785, 0.0795688778162, 0.0612634979188, 0.0700865760446, 0.253350138664, 0.374137312174, 0.175323203206, 0.162289634347, 0.286880403757, 0.140556842089, 0.149789080024, 0.261708050966, 0.128104880452, 0.0862024053931]
    },
    "chords_histogram": [21.1759700775, 3.28078389168, 6.7319984436, 6.39113759995, 16.3613128662, 1.78951847553, 1.36344265938, 11.5466556549, 0, 19.301235199, 0, 0, 0, 0, 0, 0, 6.98764371872, 0.809544086456, 0, 0, 0.0426075831056, 2.6842777729, 1.49126541615, 0.0426075831056],
    "thpcp": [1, 0.428512215614, 0.22278060019, 0.387339174747, 0.192559286952, 0.195351079106, 0.34855735302, 0.168708369136, 0.0740836113691, 0.126448765397, 0.0951667651534, 0.272905915976, 0.368758350611, 0.141031205654, 0.492895931005, 0.932665944099, 0.474744349718, 0.0313866585493, 0.0115867517889, 0.0145028820261, 0.331972509623, 0.701162934303, 0.390592128038, 0.250131011009, 0.507079660892, 0.277174562216, 0.0895147323608, 0.163049444556, 0.101393572986, 0.512514650822, 0.893786966801, 0.41498491168, 0.035659532994, 0.0342520922422, 0.0527823679149, 0.631792247295],
    "chords_key": "B",
    "chords_scale": "minor"
}
}