{
"metadata": {
    "version": {
        "essentia": "2.1-dev",
        "essentia_git_sha": "v2.1_beta3-415-gd5473f3",
        "extractor": "music 2.0"
    },
    "audio_properties": {
        "analysis": {
            "equal_loudness": 0,
            "length": 276.323272705,
            "sample_rate": 44100,
            "start_time": 0,
            "downmix": "mix"
        },
        "bit_rate": 192000,
        "length": 276.323272705,
        "lossless": 0,
        "number_channels": 2,
        "replay_gain": -2.77714347839,
        "sample_rate": 44100,
        "codec": "mp3",
        "md5_encoded": "99f4a0b0c26323c4cacd91639d301c86"
    },
    "tags": {
        "file_name": "shostakovich-concerto_for_violin_and_orchestra_no_1_in_a_minor.mp3",
        "album": ["Mendelssohn & Shostakovich Violin Concertos"],
        "artist": ["D. Shostakovich"],
        "date": ["2002"],
        "title": ["Concerto for Violin No. 1, IV. Burlesque"],
        "tracknumber": ["8\/8"]
    }
},
"lowlevel": {
    "average_loudness": 0.0105257388204,
    "barkbands_crest": {
        "mean": 10.2885580063,
        "stdev": 4.47671031952
    },
    "barkbands_flatness_db": {
        "mean": 0.174947068095,
        "stdev": 0.0685028359294
    },
    "barkbands_kurtosis": {
        "mean": 31.7589607239,
        "stdev": 443.10345459
    },
    "barkbands_skewness": {
        "mean": 1.22878730297,
        "stdev": 4.1572022438
    },
    "barkbands_spread": {
        "mean": 17.5030632019,
        "stdev": 10.4816579819
    },
    "dissonance": {
        "mean": 0.448638617992,
        "stdev": 0.0351136811078
    },
    "dynamic_complexity": 5.24000072479,
    "erbbands_crest": {
        "mean": 12.0840129852,
        "stdev": 5.2858133316
    },
    "erbbands_flatness_db": {
        "mean": 0.224649310112,
        "stdev": 0.0494269430637
    },
    "erbbands_kurtosis": {
        "mean": 0.630539119244,
        "stdev": 2.32263588905
    },
    "erbbands_skewness": {
        "mean": 0.398106634617,
        "stdev": 0.849659800529
    },
    "erbbands_spread": {
        "mean": 25.9194011688,
        "stdev": 13.6791639328
    },
    "hfc": {
        "mean": 12.3536300659,
        "stdev": 17.1651439667
    },
    "loudness_ebu128": {
        "integrated": -21.2825565338,
        "loudness_range": 11.1549739838,
        "momentary": {
            "mean": -24.4966945648,
            "stdev": 8.41532897949
        },
        "short_term": {
            "mean": -23.58644104,
            "stdev": 5.8530216217
        }
    },
    "melbands_crest": {
        "mean": 13.9331655502,
        "stdev": 6.29803371429
    },
    "melbands_flatness_db": {
        "mean": 0.235147356987,
        "stdev": 0.0817619785666
    },
    "melbands_kurtosis": {
        "mean": 126.906913757,
        "stdev": 1423.02722168
    },
    "melbands_skewness": {
        "mean": 2.41735672951,
        "stdev": 8.29862976074
    },
    "melbands_spread": {
        "mean": 23.445690155,
        "stdev": 16.9806118011
    },
    "pitch_salience": {
        "mean": 0.524139344692,
        "stdev": 0.124535255134
    },
    "silence_rate_20dB": {
        "mean": 0.99941188097,
        "stdev": 0.0242444593459
    },
    "silence_rate_30dB": {
        "mean": 0.991850137711,
        "stdev": 0.0899005159736
    },
    "silence_rate_60dB": {
        "mean": 0.246261134744,
        "stdev": 0.430845171213
    },
    "spectral_centroid": {
        "mean": 1327.84118652,
        "stdev": 780.345214844
    },
    "spectral_complexity": {
        "mean": 11.6968574524,
        "stdev": 7.05483388901
    },
    "spectral_decrease": {
        "mean": -3.75479114467e-09,
        "stdev": 6.44504938307e-09
    },
    "spectral_energy": {
        "mean": 0.0152919283137,
        "stdev": 0.0254883039743
    },
    "spectral_energyband_high": {
        "mean": 0.000217570472159,
        "stdev": 0.000564171175938
    },
    "spectral_energyband_low": {
        "mean": 0.00225439784117,
        "stdev": 0.00617248564959
    },
    "spectral_energyband_middle_high": {
        "mean": 0.00483946921304,
        "stdev": 0.0080573419109
    },
    "spectral_energyband_middle_low": {
        "mean": 0.00858250912279,
        "stdev": 0.0205531846732
    },
    "spectral_entropy": {
        "mean": 6.9648938179,
        "stdev": 0.441577315331
    },
    "spectral_flux": {
        "mean": 0.0570243932307,
        "stdev": 0.0371332168579
    },
    "spectral_kurtosis": {
        "mean": 9.21161842346,
        "stdev": 7.36896514893
    },
    "spectral_rms": {
        "mean": 0.0032451862935,
        "stdev": 0.00209468184039
    },
    "spectral_rolloff": {
        "mean": 1461.33166504,
        "stdev": 1176.91442871
    },
    "spectral_skewness": {
        "mean": 1.92399287224,
        "stdev": 0.74995881319
    },
    "spectral_spread": {
        "mean": 3001999.5,
        "stdev": 1715679.25
    },
    "spectral_strongpeak": {
        "mean": 1.32296597958,
        "stdev": 1.73803699017
    },
    "zerocrossingrate": {
        "mean": 0.0524596720934,
        "stdev": 0.0320017114282
    },
    "barkbands": {
        "mean": [0.00027475861134, 0.000498857873026, 0.00098481355235, 0.00144139048643, 0.00182450481225, 0.00144826516043, 0.00192900269758, 0.0008901329129, 0.000867871567607, 0.00102160661481, 0.000487215147587, 0.000347370369127, 0.00103074091021, 0.000324067921611, 0.000478696951177, 0.000384984188713, 0.000241731017013, 0.000274019461358, 0.000192265069927, 0.000186840654351, 7.2669434303e-05, 5.45278999198e-05, 2.13608964259e-05, 8.78371338331e-06, 3.62417722499e-06, 1.60436695751e-06, 2.5157137884e-07],
        "stdev": [0.000347097084159, 0.00102743762545, 0.0033873768989, 0.00785638112575, 0.00984404422343, 0.00397358043119, 0.00431914580986, 0.00212696893141, 0.00245095277205, 0.00362655054778, 0.00167789810803, 0.00118379667401, 0.00328613258898, 0.00146841653623, 0.00178069074173, 0.00112077349331, 0.00087217381224, 0.00120364339091, 0.000624815758783, 0.000688248837832, 0.000299069099128, 0.000293629535008, 8.66328336997e-05, 2.46045165113e-05, 9.17800389288e-06, 4.31818762081e-06, 7.40624386708e-07]
    },
    "erbbands": {
        "mean": [0.00836795382202, 0.149228423834, 1.0352678299, 3.03493118286, 4.28788566589, 7.26484203339, 10.3271017075, 12.6803998947, 24.9182891846, 26.1307430267, 17.2008533478, 20.9930839539, 19.0386714935, 38.0502662659, 18.5798530579, 18.058839798, 49.2177696228, 23.2696743011, 24.0587120056, 17.1031608582, 22.03241539, 15.5451869965, 14.396112442, 9.79547119141, 11.8682584763, 8.30619239807, 3.6886575222, 2.85003709793, 1.84902966022, 0.794273376465, 0.606027662754, 0.270613819361, 0.114647336304, 0.0473996438086, 0.0226402450353, 0.00853474158794, 0.00272097229026, 0.000444982928457, 4.95575259265e-05, 2.02737028303e-05],
        "stdev": [0.0149154234678, 0.325423628092, 3.29812788963, 14.121257782, 19.0379180908, 44.1753959656, 35.2062301636, 40.6852874756, 55.9350509644, 63.030128479, 31.414188385, 59.1467514038, 53.9162712097, 135.746002197, 61.0499916077, 55.7710800171, 158.807846069, 93.447013855, 92.0589447021, 43.3562431335, 65.6871032715, 54.0690193176, 50.3204078674, 43.9108848572, 37.7703590393, 29.7630310059, 16.2007579803, 11.4371795654, 9.2029876709, 2.45813560486, 2.83386206627, 0.878653645515, 0.320906728506, 0.12120474875, 0.0579801946878, 0.0231212973595, 0.00765012111515, 0.00116994301789, 0.000128767511342, 3.10815412377e-05]
    },
    "gfcc": {
        "mean": [-96.0911712646, 115.321762085, -148.774871826, 15.5148115158, -55.8330726624, -6.50895786285, -29.6183624268, 6.80962753296, -14.8512983322, 3.22731876373, -7.09561395645, -1.30564951897, -4.75583696365],
        "cov": [[14612.96875, -138.466552734, -1794.90063477, 327.677246094, -904.677246094, -45.0512733459, -585.15234375, -423.821075439, -634.658325195, -159.684341431, -398.810272217, -144.213867188, -340.433197021], [-138.466552734, 2705.83618164, 702.690673828, -100.637779236, 374.395050049, -308.244567871, -85.6530151367, -452.17590332, -151.555130005, -337.167999268, -88.3499908447, -364.285858154, -5.28860998154], [-1794.90063477, 702.690673828, 1238.09265137, 321.033325195, 350.961883545, 51.0513648987, -34.9958763123, -182.609573364, -116.205162048, -214.669906616, -147.689559937, -121.134925842, -80.6373825073], [327.677246094, -100.637779236, 321.033325195, 520.523498535, 97.7551803589, 91.334854126, -18.6030273438, -56.7007064819, -84.6341171265, -121.217018127, -113.57976532, -48.6839065552, -63.4124221802], [-904.677246094, 374.395050049, 350.961883545, 97.7551803589, 310.479736328, 62.5602149963, 34.6479949951, -62.4936752319, -36.6496505737, -71.4418563843, -33.2455673218, -61.6011886597, -23.5938549042], [-45.0512733459, -308.244567871, 51.0513648987, 91.334854126, 62.5602149963, 233.526611328, 67.8293380737, 13.7786645889, -26.3713665009, 3.12090229988, -30.8626117706, 15.4105272293, -37.2282295227], [-585.15234375, -85.6530151367, -34.9958763123, -18.6030273438, 34.6479949951, 67.8293380737, 174.109481812, 72.2662582397, 52.855594635, 23.9245529175, 28.4221515656, 4.57152748108, 24.4546527863], [-423.821075439, -452.17590332, -182.609573364, -56.7007064819, -62.4936752319, 13.7786645889, 72.2662582397, 248.989120483, 131.816970825, 98.829208374, 53.8514289856, 73.2141494751, 30.7038192749], [-634.658325195, -151.555130005, -116.205162048, -84.6341171265, -36.6496505737, -26.3713665009, 52.855594635, 131.816970825, 195.706100464, 99.4480438232, 63.0717544556, 33.7885475159, 35.2404899597], [-159.684341431, -337.167999268, -214.669906616, -121.217018127, -71.4418563843, 3.12090229988, 23.9245529175, 98.829208374, 99.4480438232, 190.692962646, 86.175239563, 49.6232528687, 10.5015945435], [-398.810272217, -88.3499908447, -147.689559937, -113.57976532, -33.2455673218, -30.8626117706, 28.4221515656, 53.8514289856, 63.0717544556, 86.175239563, 158.605606079, 66.2164916992, 18.9535388947], [-144.213867188, -364.285858154, -121.134925842, -48.6839065552, -61.6011886597, 15.4105272293, 4.57152748108, 73.2141494751, 33.7885475159, 49.6232528687, 66.2164916992, 172.078201294, 57.0794067383], [-340.433197021, -5.28860998154, -80.6373825073, -63.4124221802, -23.5938549042, -37.2282295227, 24.4546527863, 30.7038192749, 35.2404899597, 10.5015945435, 18.9535388947, 57.0794067383, 150.408462524]],
        "icov": [[0.000252948491834, -0.000298400555039, 0.000571482640225, -0.000392653193558, 0.00062897632597, -0.000331205461407, 0.000473474472528, -8.48608397064e-05, 0.000635537027847, -0.000290839903755, 0.00071830447996, -0.00035887141712, 0.000576974125579], [-0.000298400555039, 0.0018864700105, -0.000924426654819, 0.00131168134976, -0.00188988039736, 0.00199083145708, -0.000781557580922, 0.00180531409569, -0.00137401802931, 0.00216924585402, -0.0016512182774, 0.00253253476694, -0.00117935833987], [0.000571482640225, -0.000924426654819, 0.00286035914905, -0.00145425274968, 0.000191782484762, -0.000768608530052, 0.00125506788027, -4.38439792561e-06, 0.00112782162614, -0.000289682910079, 0.0022829324007, -0.001387686003, 0.0018129699165], [-0.000392653193558, 0.00131168134976, -0.00145425274968, 0.00389871979132, -0.00159202620853, 0.000557088817004, -0.000561288790777, 0.000638201716356, -0.00116430432536, 0.00247932085767, -0.000644506653771, 0.00159607629757, -0.000554226571694], [0.00062897632597, -0.00188988039736, 0.000191782484762, -0.00159202620853, 0.00792904384434, -0.00335037452169, 0.000521638256032, -0.00114575459156, 0.00196580495685, -0.0013962922385, 0.0011200082954, -0.000998307717964, 0.00122701213695], [-0.000331205461407, 0.00199083145708, -0.000768608530052, 0.000557088817004, -0.00335037452169, 0.00904760323465, -0.00424964306876, 0.00206253468059, -2.79021205642e-05, 0.00040982264909, 0.000724235665984, 5.90634153923e-05, 0.000991156790406], [0.000473474472528, -0.000781557580922, 0.00125506788027, -0.000561288790777, 0.000521638256032, -0.00424964306876, 0.00997312553227, -0.00267051276751, 3.44315799339e-06, 0.000532090896741, -0.000833972182591, 0.00141608971171, -0.00103624362964], [-8.48608397064e-05, 0.00180531409569, -4.38439792561e-06, 0.000638201716356, -0.00114575459156, 0.00206253468059, -0.00267051276751, 0.00999975390732, -0.00496598798782, 0.000797144544777, 8.99932565517e-05, -0.000144072779221, 1.29818099595e-05], [0.000635537027847, -0.00137401802931, 0.00112782162614, -0.00116430432536, 0.00196580495685, -2.79021205642e-05, 3.44315799339e-06, -0.00496598798782, 0.0120393317193, -0.00469654146582, 0.00113951019011, -0.000687674386427, 0.000443065451691], [-0.000290839903755, 0.00216924585402, -0.000289682910079, 0.00247932085767, -0.0013962922385, 0.00040982264909, 0.000532090896741, 0.000797144544777, -0.00469654146582, 0.0130103677511, -0.00509484391659, 0.00323740858585, -0.000453421671409], [0.00071830447996, -0.0016512182774, 0.0022829324007, -0.000644506653771, 0.0011200082954, 0.000724235665984, -0.000833972182591, 8.99932565517e-05, 0.00113951019011, -0.00509484391659, 0.0139359012246, -0.00652709975839, 0.00380175514147], [-0.00035887141712, 0.00253253476694, -0.001387686003, 0.00159607629757, -0.000998307717964, 5.90634153923e-05, 0.00141608971171, -0.000144072779221, -0.000687674386427, 0.00323740858585, -0.00652709975839, 0.0135525679216, -0.00552264694124], [0.000576974125579, -0.00117935833987, 0.0018129699165, -0.000554226571694, 0.00122701213695, 0.000991156790406, -0.00103624362964, 1.29818099595e-05, 0.000443065451691, -0.000453421671409, 0.00380175514147, -0.00552264694124, 0.010799552314]]
    },
    "melbands": {
        "mean": [0.000119263517263, 0.000416202732595, 0.000588178052567, 0.000386122526834, 0.000381104880944, 0.000279311934719, 0.000388847314753, 0.000267934316071, 0.00014186334738, 0.000124432437588, 9.29331945372e-05, 0.000158498791279, 6.53621682432e-05, 4.02661789849e-05, 8.18285552668e-05, 9.38123703236e-05, 3.61785714631e-05, 3.36777411576e-05, 3.31530463882e-05, 2.00494596356e-05, 2.60213182628e-05, 1.36359813041e-05, 1.93805099116e-05, 9.32948387344e-06, 7.62078070693e-06, 7.85434349382e-06, 9.56193798629e-06, 4.25287453254e-06, 2.34230219576e-06, 1.6672510128e-06, 1.73315322627e-06, 1.34403683205e-06, 4.66162703106e-07, 3.96632316324e-07, 3.92268134419e-07, 2.2672104194e-07, 1.36784976235e-07, 8.3218978375e-08, 5.71386991055e-08, 3.35428254061e-08],
        "stdev": [0.000202864102903, 0.00121885037515, 0.00275653298013, 0.00187241961248, 0.00167736026924, 0.000840302032884, 0.00087359448662, 0.000647140142974, 0.000272548873909, 0.000355521828169, 0.000277583661955, 0.000592378084548, 0.00023654733377, 0.000133185196319, 0.000262632762315, 0.000304830871755, 0.000171857522218, 0.000136303497129, 0.000117844130727, 5.82802604185e-05, 8.66600603331e-05, 6.45167237963e-05, 8.59548526932e-05, 4.14792521042e-05, 3.7947713281e-05, 2.72954785032e-05, 3.95031638618e-05, 1.79897961061e-05, 1.21903785839e-05, 7.77178775024e-06, 8.84140899871e-06, 8.21852700028e-06, 1.75256502644e-06, 1.44310934047e-06, 2.31172089116e-06, 9.29617897327e-07, 5.04183901739e-07, 2.73963053132e-07, 1.91587290033e-07, 9.05835548792e-08]
    },
    "melbands128": {
        "mean": [0.000112033696496, 5.58582505619e-05, 0.000102381956822, 0.000273313373327, 0.000502015464008, 0.000458597263787, 0.000593267206568, 0.000756546040066, 0.000361756858183, 0.000281360902591, 0.000385310238926, 0.00044269382488, 0.000310945237288, 0.000394879374653, 0.00032395508606, 0.000167715828866, 0.000219209032366, 0.000548942713067, 0.000385616993299, 0.000286260037683, 0.000257882667938, 0.00012305569544, 0.000124755533761, 0.000139716765261, 0.000178459406015, 8.22570364107e-05, 8.78014252521e-05, 8.53492965689e-05, 8.16052197479e-05, 0.000226319491048, 0.000164133889484, 7.21307224012e-05, 6.88972431817e-05, 5.28358250449e-05, 4.00140088459e-05, 3.78626718884e-05, 3.90073073504e-05, 4.81036877318e-05, 0.000138937684824, 0.000144050471135, 7.21849282854e-05, 4.598536907e-05, 5.09872552357e-05, 1.81662580871e-05, 1.52143884407e-05, 2.96644029731e-05, 7.10351887392e-05, 3.28063433699e-05, 1.93684827536e-05, 1.9988619897e-05, 1.43678680615e-05, 2.56799721683e-05, 3.94153139496e-05, 1.86918532563e-05, 1.16305482152e-05, 1.50724581545e-05, 1.21756183944e-05, 2.3631593649e-05, 2.25243202294e-05, 8.39154381538e-06, 7.71491886553e-06, 1.158586565e-05, 8.00198904471e-06, 5.05658726979e-06, 9.24772211874e-06, 6.24039103059e-06, 1.05952813101e-05, 7.18001365385e-06, 1.25341775856e-05, 6.46637727186e-06, 5.2504674386e-06, 2.16999137592e-06, 2.10233474718e-06, 2.96287157653e-06, 1.75717082129e-06, 1.92395259546e-06, 1.10059875169e-06, 1.8457827764e-06, 1.06991728899e-06, 2.98922032016e-06, 1.53435485117e-06, 8.1323332779e-07, 3.90272674622e-07, 4.81290612697e-07, 4.19845264332e-07, 4.87318175146e-07, 3.09015888433e-07, 4.11615189932e-07, 4.71218811526e-07, 2.98200546922e-07, 2.94230744657e-07, 1.66701454418e-07, 1.79112319643e-07, 1.6848882467e-07, 8.56052366771e-08, 9.14064912649e-08, 8.82192097151e-08, 6.19479223474e-08, 6.57725465203e-08, 4.83224624759e-08, 3.75611577397e-08, 2.55175525155e-08, 3.59382497095e-08, 3.49868543026e-08, 2.33825847573e-08, 2.17001048242e-08, 1.66941944713e-08, 1.65587845657e-08, 1.50630139473e-08, 1.09032445295e-08, 1.30780550833e-08, 1.08928466247e-08, 8.75383410204e-09, 5.30214760985e-09, 4.91797447211e-09, 3.70158903529e-09, 3.06422776042e-09, 2.37224151434e-09, 1.24341759111e-09, 1.01401220753e-09, 9.39267663647e-10, 9.13385256318e-10, 1.09848774521e-09, 5.03812824793e-10, 9.72622069689e-12, 2.66325828578e-12, 2.64985342696e-12, 2.65759809992e-12],
        "stdev": [0.000126583065139, 8.74130055308e-05, 0.000270137767075, 0.000608390604611, 0.00158944749273, 0.00160423584748, 0.002786004683, 0.00426695728675, 0.0016485969536, 0.00096428359393, 0.00218354118988, 0.0034607637208, 0.00100572966039, 0.00119078182615, 0.0013613938354, 0.000657317694277, 0.000607706839219, 0.00145680853166, 0.00116125750355, 0.000958116375841, 0.000881535932422, 0.000296649493976, 0.000319451704854, 0.000450302992249, 0.000679925957229, 0.00030226923991, 0.000554820639081, 0.000333752774168, 0.000377541175112, 0.00110963080078, 0.000581754487939, 0.000270705524599, 0.000417040806497, 0.000268293515546, 0.000157661750563, 0.000175499735633, 0.000220152331167, 0.000276031845715, 0.000529397162609, 0.000582806766033, 0.000402930396376, 0.000266543065663, 0.000332712457748, 0.000100696830486, 6.73546455801e-05, 0.000191228828044, 0.000359026220394, 0.000168465645402, 8.64922258188e-05, 9.12473187782e-05, 6.03010194027e-05, 0.000119483658636, 0.000162494616234, 8.8199187303e-05, 7.12597757229e-05, 0.000116543014883, 6.41629085294e-05, 0.000112558023829, 0.000136291622766, 4.47201891802e-05, 3.96261821152e-05, 9.25268686842e-05, 7.78535832069e-05, 3.02787302644e-05, 5.1101014833e-05, 3.31382325385e-05, 4.68526450277e-05, 4.53472457593e-05, 7.27728256606e-05, 3.50072732545e-05, 2.95975441986e-05, 9.34558374865e-06, 1.03521297206e-05, 2.37983786064e-05, 9.86239047052e-06, 1.44353607539e-05, 5.40550627193e-06, 1.17307099572e-05, 5.0029416343e-06, 2.84156212729e-05, 1.42519911606e-05, 4.59184002466e-06, 1.57711133397e-06, 3.13409009323e-06, 1.75090531229e-06, 2.57413944382e-06, 1.45583783251e-06, 3.17603803524e-06, 4.39287714471e-06, 1.24071470964e-06, 2.17609135689e-06, 7.7005967114e-07, 8.90134913334e-07, 8.95179539384e-07, 4.09046009509e-07, 3.96478213815e-07, 3.80588403459e-07, 3.04152223407e-07, 2.85931662347e-07, 2.3222470702e-07, 1.39110653663e-07, 8.96058978128e-08, 1.59674939937e-07, 1.50831638734e-07, 8.32597919498e-08, 8.52793817785e-08, 4.81607891345e-08, 7.65985248563e-08, 7.16255712518e-08, 3.66134109697e-08, 6.23782696607e-08, 4.75606469763e-08, 3.18025783486e-08, 1.64242184297e-08, 2.19842419824e-08, 1.08223403572e-08, 1.0431076447e-08, 1.19673444487e-08, 5.67491653669e-09, 4.46526904341e-09, 5.39954125856e-09, 3.81782783165e-09, 6.02058403132e-09, 2.72060107775e-09, 8.45755687706e-11, 1.26953187546e-11, 1.23539373176e-11, 1.44611354141e-11]
    },
    "mfcc": {
        "mean": [-729.439819336, 145.669036865, -29.5786113739, 19.7128925323, -8.95928764343, -6.81751966476, -5.56137800217, -0.854075372219, -1.53764748573, 5.10185861588, -1.62404704094, 2.99313688278, 5.27972364426],
        "cov": [[8922.23339844, 20.4027500153, -611.24029541, 170.775985718, -442.635437012, 208.613250732, -205.337997437, -201.732650757, -329.184997559, -217.486785889, -238.677108765, -195.756149292, -327.620178223], [20.4027500153, 2441.69921875, 321.325866699, 175.223403931, 255.069595337, -2.47299003601, 23.0674934387, -240.430297852, -145.529434204, -179.266021729, -135.554458618, -163.905105591, -221.263046265], [-611.24029541, 321.325866699, 732.987243652, 266.211181641, 273.010467529, 143.375320435, 49.7031822205, 35.9048995972, -18.6788578033, -99.9069061279, -99.6597213745, -118.426139832, -92.393371582], [170.775985718, 175.223403931, 266.211181641, 376.105041504, 159.052993774, 87.797958374, 23.3780765533, 6.59877920151, -8.04607009888, -44.0403289795, -80.6785583496, -84.3203125, -58.9180679321], [-442.635437012, 255.069595337, 273.010467529, 159.052993774, 281.907409668, 100.036895752, 52.7618370056, 13.9293651581, -12.3032226562, -53.1439208984, -45.7017860413, -44.1080703735, -43.976234436], [208.613250732, -2.47299003601, 143.375320435, 87.797958374, 100.036895752, 241.869384766, 84.4387588501, 15.7646760941, -12.5950994492, -48.0790176392, -25.8058357239, -51.1239509583, -81.2134780884], [-205.337997437, 23.0674934387, 49.7031822205, 23.3780765533, 52.7618370056, 84.4387588501, 149.4503479, 38.2810707092, 4.28629636765, -10.6916284561, -3.7169046402, -7.12105512619, -27.3283958435], [-201.732650757, -240.430297852, 35.9048995972, 6.59877920151, 13.9293651581, 15.7646760941, 38.2810707092, 158.625457764, 52.1346664429, 1.68367910385, 0.784507751465, 14.6427021027, 37.6425094604], [-329.184997559, -145.529434204, -18.6788578033, -8.04607009888, -12.3032226562, -12.5950994492, 4.28629636765, 52.1346664429, 158.68850708, 64.3339309692, 5.42125082016, -7.01375484467, 24.0185127258], [-217.486785889, -179.266021729, -99.9069061279, -44.0403289795, -53.1439208984, -48.0790176392, -10.6916284561, 1.68367910385, 64.3339309692, 181.821060181, 68.059967041, 13.7220449448, 33.3879394531], [-238.677108765, -135.554458618, -99.6597213745, -80.6785583496, -45.7017860413, -25.8058357239, -3.7169046402, 0.784507751465, 5.42125082016, 68.059967041, 180.764434814, 87.2302093506, -7.25353097916], [-195.756149292, -163.905105591, -118.426139832, -84.3203125, -44.1080703735, -51.1239509583, -7.12105512619, 14.6427021027, -7.01375484467, 13.7220449448, 87.2302093506, 198.730697632, 86.4550704956], [-327.620178223, -221.263046265, -92.393371582, -58.9180679321, -43.976234436, -81.2134780884, -27.3283958435, 37.6425094604, 24.0185127258, 33.3879394531, -7.25353097916, 86.4550704956, 234.973678589]],
        "icov": [[0.000206200027606, 1.27430553221e-06, 0.000265133508947, -0.000253396254266, 0.000401954894187, -0.000368529348634, 0.00037538894685, -7.31353866286e-05, 0.000383441860322, 5.62769855605e-05, 0.000343825959135, -2.59125818047e-06, 0.000297021353617], [1.27430553221e-06, 0.000664998311549, -8.14245504444e-05, 2.70203618129e-05, -0.000528941047378, 0.000603714957833, -0.000368201901438, 0.000961468729656, 8.20347777335e-05, 0.000417716044467, 0.000165482168086, 0.000203487245017, 0.000378047581762], [0.000265133508947, -8.14245504444e-05, 0.00291590741836, -0.00109803036321, -0.00114719150588, -0.000811884994619, 0.000811104837339, -0.000792557082605, 0.000555655511562, 0.000532925012521, 0.000538958178367, 0.000594225828536, 0.000555698934477], [-0.000253396254266, 2.70203618129e-05, -0.00109803036321, 0.00445350259542, -0.0018268689746, 6.90471279086e-05, -7.50413164496e-05, 4.31797998317e-05, -0.000377777178073, -0.000452642329037, 0.000628288427833, 0.000348980625859, 1.73087901203e-05], [0.000401954894187, -0.000528941047378, -0.00114719150588, -0.0018268689746, 0.00764973228797, -0.00206959992647, -8.66275804583e-05, -0.000571517331991, 0.000605986919254, 0.00020416022744, 0.000491117883939, -0.000534128106665, 7.17822331353e-05], [-0.000368529348634, 0.000603714957833, -0.000811884994619, 6.90471279086e-05, -0.00206959992647, 0.00769584719092, -0.00386716471985, 0.000845829606988, -0.000588335853536, 0.00113849411719, -0.000689851352945, 0.000750496168621, 0.00104096415453], [0.00037538894685, -0.000368201901438, 0.000811104837339, -7.50413164496e-05, -8.66275804583e-05, -0.00386716471985, 0.0100294966251, -0.00277294474654, 0.000935609277803, -0.000719909381587, 0.000892613839824, -0.000686165527441, 0.0010213550413], [-7.31353866286e-05, 0.000961468729656, -0.000792557082605, 4.31797998317e-05, -0.000571517331991, 0.000845829606988, -0.00277294474654, 0.00970354862511, -0.0029384912923, 0.00169419858139, -0.000548741780221, 7.41181283956e-05, -0.00117361382581], [0.000383441860322, 8.20347777335e-05, 0.000555655511562, -0.000377777178073, 0.000605986919254, -0.000588335853536, 0.000935609277803, -0.0029384912923, 0.00931496638805, -0.00314693781547, 0.00150557782035, 0.000477427820442, 0.000591076735873], [5.62769855605e-05, 0.000417716044467, 0.000532925012521, -0.000452642329037, 0.00020416022744, 0.00113849411719, -0.000719909381587, 0.00169419858139, -0.00314693781547, 0.00903213582933, -0.00371674215421, 0.0021402654238, -0.00121950684115], [0.000343825959135, 0.000165482168086, 0.000538958178367, 0.000628288427833, 0.000491117883939, -0.000689851352945, 0.000892613839824, -0.000548741780221, 0.00150557782035, -0.00371674215421, 0.0105309477076, -0.00477030267939, 0.00350435473956], [-2.59125818047e-06, 0.000203487245017, 0.000594225828536, 0.000348980625859, -0.000534128106665, 0.000750496168621, -0.000686165527441, 7.41181283956e-05, 0.000477427820442, 0.0021402654238, -0.00477030267939, 0.00913571286947, -0.0032846131362], [0.000297021353617, 0.000378047581762, 0.000555698934477, 1.73087901203e-05, 7.17822331353e-05, 0.00104096415453, 0.0010213550413, -0.00117361382581, 0.000591076735873, -0.00121950684115, 0.00350435473956, -0.0032846131362, 0.00735834799707]]
    },
    "spectral_contrast_coeffs": {
        "mean": [-0.713885724545, -0.733863592148, -0.730792760849, -0.740690648556, -0.745263576508, -0.748557090759],
        "stdev": [0.0899767130613, 0.0857697501779, 0.08056525141, 0.0744308233261, 0.0671026483178, 0.0547881610692]
    },
    "spectral_contrast_valleys": {
        "mean": [-7.91666793823, -7.20447063446, -8.18631362915, -8.51363277435, -8.81918811798, -12.1557664871],
        "stdev": [1.6167640686, 1.42038226128, 1.36742317677, 1.35118377209, 1.34297370911, 1.22759830952]
    }
},
"rhythm": {
    "beats_count": 726,
    "beats_loudness": {
        "mean": 0.0199182331562,
        "stdev": 0.0341310985386
    },
    "bpm": 165.354446411,
    "bpm_histogram_first_peak_bpm": 167,
    "bpm_histogram_first_peak_weight": 0,
    "bpm_histogram_second_peak_bpm": 172,
    "bpm_histogram_second_peak_spread": 0,
    "bpm_histogram_second_peak_weight": 0.300689667463,
    "danceability": 0.929721772671,
    "onset_rate": 4.3243727684,
    "beats_loudness_band_ratio": {
        "mean": [0.192681625485, 0.152110919356, 0.320788264275, 0.200849041343, 0.122008785605, 0.0482599288225],
        "stdev": [0.207786113024, 0.157459408045, 0.241585671902, 0.187230110168, 0.131836012006, 0.075863391161]
    },
    "beats_position": [0.348299324512, 0.708208620548, 1.06811785698, 1.43963718414, 1.8111563921, 2.18267560005, 2.55419492722, 2.92571425438, 3.30884337425, 3.69197273254, 4.07510185242, 4.45823097229, 4.82975053787, 5.18965959549, 5.54956912994, 5.90947818756, 6.26938772202, 6.62929677963, 6.98920631409, 7.3491153717, 7.70902490616, 8.06893444061, 8.42884349823, 8.78875255585, 9.14866161346, 9.52018165588, 9.90331077576, 10.2864398956, 10.6695690155, 11.0526981354, 11.4242172241, 11.7957363129, 12.144036293, 12.5039453506, 12.8638544083, 13.2237634659, 13.5836734772, 13.9435825348, 14.3034915924, 14.6750106812, 15.0465307236, 15.4180498123, 15.7663488388, 16.1262588501, 16.4745578766, 16.8344669342, 17.1943759918, 17.5542850494, 17.9025840759, 18.2508831024, 18.6107940674, 18.970703125, 19.3190021515, 19.667301178, 20.0272102356, 20.3871192932, 20.7470283508, 21.1069393158, 21.4552383423, 21.8035373688, 22.1518363953, 22.5001354218, 22.8484344482, 23.2083435059, 23.5682544708, 23.9281635284, 24.2880725861, 24.6479816437, 25.0078907013, 25.3561897278, 25.7044887543, 26.0527877808, 26.4010887146, 26.7493877411, 27.1092967987, 27.4692058563, 27.8175048828, 28.1658039093, 28.5024929047, 28.8391838074, 29.1874828339, 29.5357818604, 29.8840808868, 30.2323799133, 30.5806789398, 30.9289798737, 31.2772789001, 31.6255779266, 31.9738769531, 32.322177887, 32.6820869446, 33.0303840637, 33.3786849976, 33.7269821167, 34.0868911743, 34.4351921082, 34.783493042, 35.1317901611, 35.480091095, 35.8283882141, 36.1766891479, 36.5133781433, 36.8500671387, 37.1983680725, 37.5350570679, 37.8717460632, 38.2200431824, 38.5567321777, 38.8934249878, 39.2417221069, 39.5900230408, 39.9383201599, 40.2866210938, 40.6233100891, 40.9716110229, 41.3199081421, 41.6565971375, 42.0048980713, 42.3415870667, 42.6898841858, 43.0265769958, 43.374874115, 43.7231750488, 44.071472168, 44.4197731018, 44.7680702209, 45.1047592163, 45.4414520264, 45.7897491455, 46.1380500793, 46.4863471985, 46.8346481323, 47.1829452515, 47.5312461853, 47.8795471191, 48.2162361145, 48.5529251099, 48.901222229, 49.2379112244, 49.5862121582, 49.9229011536, 50.2712020874, 50.6194992065, 50.9678001404, 51.3160972595, 51.6760063171, 52.0359191895, 52.3958282471, 52.7673454285, 53.1388664246, 53.5219955444, 53.9051246643, 54.2882537842, 54.6481628418, 55.0080718994, 55.367980957, 55.7278900146, 56.0761909485, 56.4244880676, 56.7843971252, 57.1326980591, 57.4926071167, 57.8525161743, 58.2124252319, 58.5723342896, 58.9438552856, 59.3037643433, 59.6868934631, 60.070022583, 60.4415397644, 60.8130607605, 61.1729698181, 61.5328788757, 61.9043960571, 62.2759170532, 62.6474380493, 63.0189552307, 63.3788642883, 63.7387733459, 64.0870742798, 64.4353713989, 64.7836685181, 65.1203613281, 65.4686584473, 65.8285675049, 66.1768722534, 66.536781311, 66.8966903687, 67.2682037354, 67.6397247314, 67.9996337891, 68.3595428467, 68.7194519043, 69.0793609619, 69.450881958, 69.8224029541, 70.1823120117, 70.5422210693, 70.8905181885, 71.238822937, 71.5987319946, 71.9586410522, 72.3069381714, 72.6552352905, 73.0151443481, 73.3750534058, 73.7349624634, 74.094871521, 74.4663925171, 74.8263015747, 75.1862106323, 75.5461196899, 75.9060287476, 76.2659378052, 76.6258468628, 76.9857559204, 77.345664978, 77.7055740356, 78.0654830933, 78.4137878418, 78.7736968994, 79.133605957, 79.4819030762, 79.8302001953, 80.1901092529, 80.5500183105, 80.9099273682, 81.2698364258, 81.6297454834, 81.9780502319, 82.3379592896, 82.6978683472, 83.0577774048, 83.4060745239, 83.7659835815, 84.1258926392, 84.4858016968, 84.8341064453, 85.1824035645, 85.5307006836, 85.8789978027, 86.2273025513, 86.5755996704, 86.9238967896, 87.2722015381, 87.6204986572, 87.9687957764, 88.3170928955, 88.6537857056, 89.0020828247, 89.3503875732, 89.7102966309, 90.0818099976, 90.4301147461, 90.7900238037, 91.1499328613, 91.4982299805, 91.8581390381, 92.2296600342, 92.5895690918, 92.9494781494, 93.309387207, 93.6692962646, 94.0292053223, 94.3891143799, 94.7490234375, 95.1089324951, 95.4688415527, 95.8287506104, 96.188659668, 96.5369567871, 96.8736495972, 97.2219467163, 97.5702438354, 97.918548584, 98.2668457031, 98.6151428223, 98.9634475708, 99.3117446899, 99.6484298706, 99.9967346191, 100.356643677, 100.716552734, 101.076461792, 101.424758911, 101.77305603, 102.132965088, 102.481269836, 102.817955017, 103.166259766, 103.526168823, 103.886077881, 104.234375, 104.582672119, 104.930976868, 105.279273987, 105.627571106, 105.975868225, 106.312561035, 106.649246216, 106.997550964, 107.345848083, 107.694145203, 108.042449951, 108.39074707, 108.750656128, 109.110565186, 109.470474243, 109.830383301, 110.17868042, 110.51537323, 110.852058411, 111.188751221, 111.548660278, 111.896957397, 112.245262146, 112.593559265, 112.941856384, 113.290153503, 113.638458252, 113.986755371, 114.33505249, 114.683357239, 115.043266296, 115.403175354, 115.751472473, 116.099769592, 116.448066711, 116.79637146, 117.156280518, 117.504577637, 117.852874756, 118.212783813, 118.572692871, 118.932601929, 119.280906677, 119.629203796, 119.977500916, 120.325805664, 120.685714722, 121.045623779, 121.393920898, 121.742218018, 122.090522766, 122.438819885, 122.787117004, 123.147026062, 123.518547058, 123.890068054, 124.261581421, 124.621498108, 124.981407166, 125.341316223, 125.701225281, 126.061134338, 126.432647705, 126.804168701, 127.164077759, 127.535598755, 127.907119751, 128.278640747, 128.638549805, 129.010070801, 129.369979858, 129.729888916, 130.101409912, 130.472915649, 130.844436646, 131.215957642, 131.575866699, 131.935775757, 132.295684814, 132.655593872, 133.027114868, 133.398635864, 133.758544922, 134.130065918, 134.489974976, 134.861495972, 135.221405029, 135.581314087, 135.952835083, 136.324356079, 136.684265137, 137.044174194, 137.404083252, 137.775604248, 138.147125244, 138.518630981, 138.890151978, 139.261672974, 139.621582031, 139.993103027, 140.364624023, 140.73614502, 141.107666016, 141.467575073, 141.827484131, 142.187393188, 142.547302246, 142.918823242, 143.290344238, 143.661849976, 144.021759033, 144.381668091, 144.741577148, 145.101501465, 145.449798584, 145.82131958, 146.192825317, 146.564346313, 146.947479248, 147.330612183, 147.713745117, 148.096862793, 148.479995728, 148.863128662, 149.234649658, 149.606170654, 149.97769165, 150.349197388, 150.720718384, 151.09223938, 151.463760376, 151.835281372, 152.206802368, 152.578323364, 152.96144104, 153.344573975, 153.727706909, 154.110839844, 154.493972778, 154.853881836, 155.213790894, 155.573699951, 155.933609009, 156.293518066, 156.653427124, 157.013336182, 157.361633301, 157.721542358, 158.081451416, 158.429748535, 158.778045654, 159.126342773, 159.486251831, 159.846160889, 160.194458008, 160.542770386, 160.891067505, 161.250976562, 161.61088562, 161.959182739, 162.307479858, 162.655776978, 163.004074097, 163.352371216, 163.700683594, 164.048980713, 164.397277832, 164.745574951, 165.105484009, 165.465393066, 165.813690186, 166.150375366, 166.487075806, 166.823760986, 167.160446167, 167.508743286, 167.857055664, 168.216964722, 168.576873779, 168.948379517, 169.308303833, 169.668212891, 170.01651001, 170.364807129, 170.724716187, 171.073013306, 171.421310425, 171.781219482, 172.129516602, 172.489425659, 172.837722778, 173.186035156, 173.545944214, 173.894241333, 174.254150391, 174.614059448, 174.973968506, 175.333877563, 175.682174683, 176.030471802, 176.378768921, 176.738677979, 177.086975098, 177.435287476, 177.795196533, 178.143493652, 178.491790771, 178.851699829, 179.211608887, 179.571517944, 179.919815063, 180.279724121, 180.62802124, 180.976318359, 181.324615479, 181.672927856, 182.021224976, 182.369522095, 182.717819214, 183.066116333, 183.414413452, 183.77432251, 184.134231567, 184.482528687, 184.842453003, 185.202362061, 185.55065918, 185.910568237, 186.258865356, 186.618774414, 186.967071533, 187.315368652, 187.663665771, 188.011962891, 188.371871948, 188.731781006, 189.080093384, 189.428390503, 189.776687622, 190.13659668, 190.496505737, 190.856414795, 191.216323853, 191.57623291, 191.924530029, 192.284439087, 192.644348145, 193.015869141, 193.399002075, 193.78213501, 194.165252686, 194.559997559, 194.931518555, 195.303039551, 195.674560547, 196.046066284, 196.41758728, 196.789108276, 197.160629272, 197.543762207, 197.903671265, 198.275192261, 198.658325195, 199.041442871, 199.412963867, 199.784484863, 200.144393921, 200.504302979, 200.864212036, 201.224121094, 201.584030151, 201.943939209, 202.327072144, 202.721817017, 203.116546631, 203.511291504, 203.894424438, 204.277542114, 204.660675049, 205.043807983, 205.426940918, 205.810058594, 206.193191528, 206.564712524, 206.936233521, 207.307754517, 207.679275513, 208.03918457, 208.399093628, 208.759002686, 209.118911743, 209.490432739, 209.838729858, 210.187026978, 210.546936035, 210.906845093, 211.26675415, 211.638275146, 211.998184204, 212.358093262, 212.718002319, 213.077911377, 213.437820435, 213.797729492, 214.15763855, 214.505935669, 214.865844727, 215.225753784, 215.574050903, 215.933959961, 216.28225708, 216.642166138, 217.002075195, 217.361984253, 217.733505249, 218.093414307, 218.453323364, 218.813232422, 219.173141479, 219.533050537, 219.892959595, 220.252868652, 220.61277771, 220.972686768, 221.332611084, 221.692520142, 222.052429199, 222.412338257, 222.772247314, 223.120544434, 223.480453491, 223.840362549, 224.188659668, 224.536956787, 224.885253906, 225.245162964, 225.605072021, 225.953369141, 226.30166626, 226.649978638, 226.998275757, 227.346572876, 227.706481934, 228.066390991, 228.41468811, 228.774597168, 229.134506226, 229.494415283, 229.854324341, 230.214233398, 230.574142456, 230.934051514, 231.293960571, 231.665481567, 232.048614502, 232.443344116, 232.838088989, 233.314102173, 233.743667603, 234.173233032, 234.6144104, 235.194915771, 235.775421143, 236.355911255, 236.936416626, 237.516906738, 238.097412109, 238.677902222, 239.258407593, 239.838912964, 240.419403076, 241.023132324, 241.615234375, 242.218948364, 242.822677612, 243.43800354, 244.053329468, 244.668655396, 245.272369385, 245.887710571, 246.491424561, 247.106750488, 247.733688354, 248.349014282, 248.964355469, 249.591293335, 250.206619263, 250.82194519, 251.448883057, 252.075820923, 252.702758789, 253.341308594, 253.979858398, 254.630020142, 255.280181885, 255.930328369, 256.580505371, 257.230651855, 257.88079834, 258.530975342, 259.181121826, 259.831298828, 260.469848633, 261.108398438, 261.746948242, 262.385467529, 263.024017334, 263.662567139, 264.312744141, 264.823577881, 265.334411621, 265.856872559, 266.379302979, 266.890167236, 267.401000977, 267.90020752, 268.411071777, 268.91027832, 269.397918701, 269.885528564, 270.384765625, 270.791107178, 271.19744873, 271.603790283, 272.04498291, 272.486175537, 272.927337646, 273.368530273, 273.809692383, 274.25088501, 274.703674316, 275.156463623, 275.586029053],
    "bpm_histogram": [0, 0, 0, 0, 0, 0, 0, 0, 0, 0, 0, 0, 0, 0, 0, 0, 0, 0, 0, 0, 0, 0, 0, 0, 0, 0, 0, 0, 0, 0, 0, 0, 0, 0, 0, 0, 0, 0, 0, 0, 0, 0, 0, 0, 0, 0, 0, 0, 0, 0, 0, 0, 0, 0, 0, 0, 0, 0, 0, 0, 0, 0, 0, 0, 0, 0, 0, 0, 0, 0, 0, 0, 0, 0, 0, 0, 0, 0, 0, 0, 0, 0, 0, 0, 0, 0, 0, 0, 0, 0, 0, 0, 0.0137931033969, 0, 0.01103448309, 0, 0.00689655169845, 0, 0.0124137932435, 0.00689655169845, 0, 0.00137931038626, 0, 0.0137931033969, 0, 0, 0, 0, 0, 0, 0, 0, 0, 0, 0, 0.00275862077251, 0, 0.00689655169845, 0, 0, 0.00413793092594, 0, 0, 0.00275862077251, 0, 0, 0.00137931038626, 0, 0, 0, 0, 0, 0, 0.00275862077251, 0, 0, 0.0096551720053, 0, 0, 0, 0.00413793092594, 0, 0, 0, 0, 0, 0, 0, 0.00413793092594, 0, 0, 0, 0.00827586185187, 0, 0, 0, 0, 0.0537931025028, 0, 0, 0, 0.11172413826, 0.0151724135503, 0, 0, 0, 0, 0.361379295588, 0, 0, 0, 0, 0.300689667463, 0, 0, 0, 0, 0, 0.0441379323602, 0, 0, 0, 0, 0, 0, 0, 0, 0, 0, 0, 0, 0, 0, 0, 0, 0, 0, 0, 0, 0, 0, 0, 0, 0, 0, 0, 0, 0, 0, 0, 0, 0, 0, 0, 0, 0, 0, 0, 0, 0, 0, 0, 0, 0, 0, 0, 0, 0, 0, 0, 0, 0, 0, 0, 0, 0, 0, 0, 0, 0, 0, 0, 0, 0, 0, 0, 0, 0, 0, 0]
},
"tonal": {
    "chords_changes_rate": 0.0611559152603,
    "chords_number_rate": 0.00302419345826,
    "chords_strength": {
        "mean": 0.52902930975,
        "stdev": 0.110979519784
    },
    "hpcp_crest": {
        "mean": 15.4115858078,
        "stdev": 7.7819943428
    },
    "hpcp_entropy": {
        "mean": 1.76653492451,
        "stdev": 0.74664324522
    },
    "key_edma": {
        "strength": 0.765078723431,
        "key": "A",
        "scale": "minor"
    },
    "key_krumhansl": {
        "strength": 0.783417999744,
        "key": "A",
        "scale": "minor"
    },
