{
"metadata": {
    "version": {
        "essentia": "2.1-dev",
        "essentia_git_sha": "v2.1_beta3-415-gd5473f3",
        "extractor": "music 2.0"
    },
    "audio_properties": {
        "analysis": {
            "equal_loudness": 0,
            "length": 609.201660156,
            "sample_rate": 44100,
            "start_time": 0,
            "downmix": "mix"
        },
        "bit_rate": 64000,
        "length": 609.201660156,
        "lossless": 0,
        "number_channels": 2,
        "replay_gain": -5.48090171814,
        "sample_rate": 22050,
        "codec": "mp3",
        "md5_encoded": "207044c5fdb3b0a2336e79251219a9ea"
    },
    "tags": {
        "file_name": "tippett-concerto_for_orchestra-allegro_molto.mp3"
    }
},
"lowlevel": {
    "average_loudness": 0.0215618163347,
    "barkbands_crest": {
        "mean": 11.1648006439,
        "stdev": 4.24971723557
    },
    "barkbands_flatness_db": {
        "mean": 0.268786847591,
        "stdev": 0.0586094707251
    },
    "barkbands_kurtosis": {
        "mean": 2.1669447422,
        "stdev": 3.62666320801
    },
    "barkbands_skewness": {
        "mean": 0.44204556942,
        "stdev": 0.997576892376
    },
    "barkbands_spread": {
        "mean": 10.0943861008,
        "stdev": 7.30376672745
    },
    "dissonance": {
        "mean": 0.424546509981,
        "stdev": 0.0594369843602
    },
    "dynamic_complexity": 6.75970029831,
    "erbbands_crest": {
        "mean": 12.7637577057,
        "stdev": 5.46427154541
    },
    "erbbands_flatness_db": {
        "mean": 0.324491709471,
        "stdev": 0.057112660259
    },
    "erbbands_kurtosis": {
        "mean": 1.49799370766,
        "stdev": 6.058406353
    },
    "erbbands_skewness": {
        "mean": 0.378165185452,
        "stdev": 0.959161639214
    },
    "erbbands_spread": {
        "mean": 15.292509079,
        "stdev": 10.6604366302
    },
    "hfc": {
        "mean": 10.6408195496,
        "stdev": 16.9356422424
    },
    "loudness_ebu128": {
        "integrated": -18.7185325623,
        "loudness_range": 18.509803772,
        "momentary": {
            "mean": -24.1452350616,
            "stdev": 9.04572582245
        },
        "short_term": {
            "mean": -23.488609314,
            "stdev": 8.24349212646
        }
    },
    "melbands_crest": {
        "mean": 13.5426635742,
        "stdev": 5.05101060867
    },
    "melbands_flatness_db": {
        "mean": 0.295004695654,
        "stdev": 0.0877230837941
    },
    "melbands_kurtosis": {
        "mean": 3.66160964966,
        "stdev": 7.10573720932
    },
    "melbands_skewness": {
        "mean": 1.03947722912,
        "stdev": 1.06983804703
    },
    "melbands_spread": {
        "mean": 15.242975235,
        "stdev": 11.6394777298
    },
    "pitch_salience": {
        "mean": 0.561564981937,
        "stdev": 0.11675388366
    },
    "silence_rate_20dB": {
        "mean": 1,
        "stdev": 0
    },
    "silence_rate_30dB": {
        "mean": 0.993406534195,
        "stdev": 0.0809416845441
    },
    "silence_rate_60dB": {
        "mean": 0.338821560144,
        "stdev": 0.473282068968
    },
    "spectral_centroid": {
        "mean": 1051.62927246,
        "stdev": 652.467712402
    },
    "spectral_complexity": {
        "mean": 10.1503162384,
        "stdev": 7.13943147659
    },
    "spectral_decrease": {
        "mean": -3.26645599458e-09,
        "stdev": 4.86187090587e-09
    },
    "spectral_energy": {
        "mean": 0.0132935466245,
        "stdev": 0.0196564998478
    },
    "spectral_energyband_high": {
        "mean": 0.00011615632684,
        "stdev": 0.000600524363108
    },
    "spectral_energyband_low": {
        "mean": 0.00058005284518,
        "stdev": 0.00232691993006
    },
    "spectral_energyband_middle_high": {
        "mean": 0.00424454687163,
        "stdev": 0.00713063590229
    },
    "spectral_energyband_middle_low": {
        "mean": 0.0087315319106,
        "stdev": 0.0149972643703
    },
    "spectral_entropy": {
        "mean": 6.40569067001,
        "stdev": 0.633461236954
    },
    "spectral_flux": {
        "mean": 0.0393843092024,
        "stdev": 0.0329401865602
    },
    "spectral_kurtosis": {
        "mean": 28.305683136,
        "stdev": 29.4054050446
    },
    "spectral_rms": {
        "mean": 0.00290891132317,
        "stdev": 0.00212309253402
    },
    "spectral_rolloff": {
        "mean": 1289.83325195,
        "stdev": 850.473449707
    },
    "spectral_skewness": {
        "mean": 3.23344755173,
        "stdev": 1.96981799603
    },
    "spectral_spread": {
        "mean": 1841230,
        "stdev": 913503.875
    },
    "spectral_strongpeak": {
        "mean": 1.32670712471,
        "stdev": 1.33737206459
    },
    "zerocrossingrate": {
        "mean": 0.0455476641655,
        "stdev": 0.0254119001329
    },
    "barkbands": {
        "mean": [5.36990337423e-05, 0.000128584200866, 0.000256728759268, 0.000354104209691, 0.00139122479595, 0.00230200099759, 0.0014784213854, 0.00130234425887, 0.00149090983905, 0.00099612493068, 0.000791666854639, 0.000431476335507, 0.000651708396617, 0.000445873069111, 0.00031713253702, 0.000298420287436, 0.000169748673216, 0.000159769057063, 0.000117403411423, 7.15005153324e-05, 3.2492531318e-05, 2.52390982496e-05, 1.72965937963e-05, 8.50474589242e-06, 1.09449752017e-06, 3.99174193699e-10, 4.22570978209e-10],
        "stdev": [7.46029545553e-05, 0.000521168462001, 0.00141378829721, 0.001399660483, 0.0038193652872, 0.00560640590265, 0.00346085429192, 0.0048788911663, 0.00482495548204, 0.00264113699086, 0.00197181571275, 0.00121734524146, 0.00161710148677, 0.0016769109061, 0.00128545856569, 0.000915131648071, 0.000621895305812, 0.000461038900539, 0.00049254501937, 0.000294983299682, 0.000142506192788, 0.000152025662828, 0.0001120337256, 8.39637868921e-05, 2.07735429285e-05, 1.07741970901e-09, 1.14504394855e-09]
    },
    "erbbands": {
        "mean": [0.00230979337357, 0.0366550460458, 0.245632365346, 0.841606020927, 2.17352724075, 4.90986394882, 11.7917394638, 20.9710464478, 22.2323112488, 23.8351173401, 27.5858097076, 36.4800453186, 34.8984336853, 31.4719867706, 26.8998012543, 19.0695953369, 29.4241886139, 26.0770931244, 18.5110988617, 16.2528648376, 15.3393096924, 8.09862804413, 10.6610450745, 5.98034381866, 5.71463489532, 2.8948829174, 1.72503328323, 1.21781814098, 0.949974179268, 0.746226549149, 0.42460000515, 0.246632382274, 0.108723670244, 0.0249846987426, 0.000719741452485, 4.61710224045e-05, 1.06699162643e-05, 2.97155497719e-06, 7.37866093914e-06, 1.57464601216e-05],
        "stdev": [0.0142457615584, 0.140115201473, 1.20016944408, 3.50387692451, 7.88189506531, 13.4480457306, 31.9726848602, 57.8044090271, 51.7297554016, 64.458480835, 113.366851807, 128.675003052, 93.4282989502, 73.8319549561, 64.941078186, 47.0182113647, 74.4194946289, 77.756111145, 71.1214675903, 49.4834861755, 42.4453544617, 30.5434608459, 31.134847641, 18.0797538757, 22.7765674591, 10.5725440979, 7.92351675034, 6.08065509796, 5.25554561615, 4.80150651932, 2.82858347893, 2.23293614388, 1.14534628391, 0.39147606492, 0.0107992170379, 0.000471088831546, 5.31867590325e-05, 1.1082729543e-05, 1.11245062726e-05, 2.31284120673e-05]
    },
    "gfcc": {
        "mean": [-183.509887695, 159.471572876, -186.942718506, -8.98552131653, -71.6007003784, -12.6498117447, -26.3939800262, -18.7317619324, 1.59368288517, -19.6504364014, 11.2251138687, -13.7407503128, 6.52249670029],
        "cov": [[14836.9013672, -812.864746094, -2631.86206055, 571.509460449, -225.121887207, -838.488037109, -26.6914424896, -316.30871582, -253.671325684, -206.937454224, -198.602615356, 38.5284957886, -82.9087905884], [-812.864746094, 3643.31787109, 2386.88354492, -865.390319824, 534.488464355, -406.519775391, -191.824615479, -439.52331543, -312.328094482, -195.538360596, -296.805358887, -285.367431641, -265.211181641], [-2631.86206055, 2386.88354492, 2542.64599609, -216.142074585, 246.036499023, 7.33937501907, -188.254272461, -238.858459473, -260.703399658, -167.011993408, -208.536010742, -252.816345215, -175.387756348], [571.509460449, -865.390319824, -216.142074585, 896.401184082, -82.3638458252, 200.248031616, 15.6008272171, 69.2149200439, -30.1098613739, -56.1113853455, 4.45324611664, -19.9644889832, 5.81168603897], [-225.121887207, 534.488464355, 246.036499023, -82.3638458252, 352.493011475, -0.91579324007, 53.7552871704, -19.4317474365, -34.508441925, -12.4842786789, -63.6914863586, -41.4125823975, -63.8410339355], [-838.488037109, -406.519775391, 7.33937501907, 200.248031616, -0.91579324007, 338.726989746, 79.9842300415, 93.9470901489, 35.4895629883, 12.2359409332, 32.9410057068, -24.9344596863, -2.38752698898], [-26.6914424896, -191.824615479, -188.254272461, 15.6008272171, 53.7552871704, 79.9842300415, 191.99899292, 106.796012878, 40.3190612793, 12.3387851715, -5.69978523254, 18.9025993347, -2.37830448151], [-316.30871582, -439.52331543, -238.858459473, 69.2149200439, -19.4317474365, 93.9470901489, 106.796012878, 221.376022339, 110.787475586, 24.1868591309, 34.0029830933, 38.2259750366, 49.0074958801], [-253.671325684, -312.328094482, -260.703399658, -30.1098613739, -34.508441925, 35.4895629883, 40.3190612793, 110.787475586, 171.631835938, 92.7152175903, 51.4340209961, 35.201385498, 26.6613540649], [-206.937454224, -195.538360596, -167.011993408, -56.1113853455, -12.4842786789, 12.2359409332, 12.3387851715, 24.1868591309, 92.7152175903, 153.91003418, 96.6885757446, 36.4998321533, 11.4906330109], [-198.602615356, -296.805358887, -208.536010742, 4.45324611664, -63.6914863586, 32.9410057068, -5.69978523254, 34.0029830933, 51.4340209961, 96.6885757446, 159.318588257, 95.0674438477, 40.4747161865], [38.5284957886, -285.367431641, -252.816345215, -19.9644889832, -41.4125823975, -24.9344596863, 18.9025993347, 38.2259750366, 35.201385498, 36.4998321533, 95.0674438477, 158.807403564, 95.3395767212], [-82.9087905884, -265.211181641, -175.387756348, 5.81168603897, -63.8410339355, -2.38752698898, -2.37830448151, 49.0074958801, 26.6613540649, 11.4906330109, 40.4747161865, 95.3395767212, 147.944625854]],
        "icov": [[0.000173287640791, -0.000422471552156, 0.000556310929824, -0.000358318036888, 0.000394162518205, 2.9516624636e-05, 0.0001630311599, -0.000251380755799, 0.000541018263903, -0.000411610264564, 0.000598240178078, -0.000358687626431, 0.000271762779448], [-0.000422471552156, 0.00466574309394, -0.00405854079872, 0.00271337851882, -0.00396678363904, 0.00333369383588, -0.00236576492898, 0.00422406941652, -0.00345859490335, 0.00492198904976, -0.00453394651413, 0.00409736065194, -0.00104502169415], [0.000556310929824, -0.00405854079872, 0.00443434761837, -0.002279617358, 0.00320248305798, -0.00281296717003, 0.00274209817871, -0.00364579819143, 0.00408397987485, -0.00426373258233, 0.00456416793168, -0.00319411652163, 0.00137591350358], [-0.000358318036888, 0.00271337851882, -0.002279617358, 0.00316791282967, -0.0020969803445, 0.000686143233906, -0.000716040201951, 0.00169777264819, -0.00130131957121, 0.0030949737411, -0.00258888769895, 0.00237025367096, -0.000456399313407], [0.000394162518205, -0.00396678363904, 0.00320248305798, -0.0020969803445, 0.00721596414223, -0.00293633085676, 0.00100328936242, -0.00389944831841, 0.00412292825058, -0.00589066324756, 0.00630645547062, -0.0050488919951, 0.00260591879487], [2.9516624636e-05, 0.00333369383588, -0.00281296717003, 0.000686143233906, -0.00293633085676, 0.00803381204605, -0.0041907322593, 0.00302297528833, -0.00303693721071, 0.00495713064447, -0.00640540802851, 0.00623386027291, -0.00167784758378], [0.0001630311599, -0.00236576492898, 0.00274209817871, -0.000716040201951, 0.00100328936242, -0.0041907322593, 0.0117218876258, -0.00784819666296, 0.00499761896208, -0.00595093239099, 0.00775504205376, -0.00674233911559, 0.00406767614186], [-0.000251380755799, 0.00422406941652, -0.00364579819143, 0.00169777264819, -0.00389944831841, 0.00302297528833, -0.00784819666296, 0.0160729307681, -0.0114970719442, 0.0102366590872, -0.00844523962587, 0.00670018559322, -0.00477223005146], [0.000541018263903, -0.00345859490335, 0.00408397987485, -0.00130131957121, 0.00412292825058, -0.00303693721071, 0.00499761896208, -0.0114970719442, 0.01963859424, -0.0145091228187, 0.00982753839344, -0.00627440866083, 0.00355734466575], [-0.000411610264564, 0.00492198904976, -0.00426373258233, 0.0030949737411, -0.00589066324756, 0.00495713064447, -0.00595093239099, 0.0102366590872, -0.0145091228187, 0.02497776784, -0.0189484730363, 0.0111782867461, -0.00387703557499], [0.000598240178078, -0.00453394651413, 0.00456416793168, -0.00258888769895, 0.00630645547062, -0.00640540802851, 0.00775504205376, -0.00844523962587, 0.00982753839344, -0.0189484730363, 0.028154309839, -0.018649013713, 0.00727635994554], [-0.000358687626431, 0.00409736065194, -0.00319411652163, 0.00237025367096, -0.0050488919951, 0.00623386027291, -0.00674233911559, 0.00670018559322, -0.00627440866083, 0.0111782867461, -0.018649013713, 0.0248922854662, -0.011818354018], [0.000271762779448, -0.00104502169415, 0.00137591350358, -0.000456399313407, 0.00260591879487, -0.00167784758378, 0.00406767614186, -0.00477223005146, 0.00355734466575, -0.00387703557499, 0.00727635994554, -0.011818354018, 0.0147164044902]]
    },
    "melbands": {
        "mean": [2.95764075418e-05, 0.00010196887888, 0.000175859458977, 0.000243221045821, 0.000381511927117, 0.000467893027235, 0.00033036764944, 0.000263622932835, 0.000224159244681, 0.000228010321734, 0.000171209088876, 0.000125078498968, 9.67484447756e-05, 5.60073749512e-05, 4.71299426863e-05, 7.119262591e-05, 4.63502765342e-05, 2.98985287372e-05, 2.40024492086e-05, 2.2748574338e-05, 1.64455359482e-05, 8.34673210193e-06, 9.10838116397e-06, 8.04648880148e-06, 4.56459338238e-06, 4.20650439992e-06, 3.4502068047e-06, 1.61859031778e-06, 1.23066070046e-06, 8.36988192532e-07, 6.33817649032e-07, 5.19108709796e-07, 4.99346754168e-07, 3.88872905432e-07, 2.50521452472e-07, 1.93567544216e-07, 1.3224122597e-07, 7.82467068916e-08, 5.47084866298e-08, 8.26445756275e-09],
        "stdev": [0.00012886839977, 0.000470753206173, 0.000667286629323, 0.000716903829016, 0.00100713863503, 0.00120523991063, 0.000738411210477, 0.000741639116313, 0.000906979723368, 0.000779981899541, 0.000465591379907, 0.000305223220494, 0.000226039264817, 0.000165979799931, 0.000124196478282, 0.000175103210495, 0.000159060728038, 0.000118505391583, 9.72093548626e-05, 6.88032596372e-05, 4.47205493401e-05, 3.17310586979e-05, 3.32335548592e-05, 2.50500015682e-05, 1.59067622008e-05, 2.65735343419e-05, 1.32253317133e-05, 7.00768168826e-06, 7.28993472876e-06, 3.81234303859e-06, 3.62337618753e-06, 2.5075864869e-06, 4.70783697892e-06, 2.50391235568e-06, 1.64485254572e-06, 1.60312913522e-06, 1.32563309307e-06, 7.9196797742e-07, 7.84170651968e-07, 1.57371871978e-07]
    },
    "melbands128": {
        "mean": [1.78817263077e-05, 1.56905680342e-05, 2.77598373941e-05, 6.77671196172e-05, 0.00010650587501, 0.000133002977236, 0.000167045858689, 0.000177171139512, 0.000214616127778, 0.000242628448177, 0.000252117111813, 0.000332621479174, 0.000409610540373, 0.000427733699325, 0.000506886455696, 0.000461508228909, 0.000423367018811, 0.000293966266327, 0.000266983814072, 0.000260592350969, 0.000298991071759, 0.000219172565266, 0.000235443410929, 0.000162191106938, 0.000254064361798, 0.000254982791375, 0.000171571271494, 0.000193402040168, 0.000126287486637, 0.000116727722343, 0.00012656270701, 0.000137077411637, 7.67651144997e-05, 0.000103479425889, 5.37677005923e-05, 4.32573688158e-05, 5.83322325838e-05, 2.945293636e-05, 6.02452237217e-05, 6.43644452794e-05, 0.000100260971521, 4.90962484037e-05, 3.15846991725e-05, 6.4505780756e-05, 2.83422796201e-05, 1.92093830265e-05, 3.8082987885e-05, 1.86235065485e-05, 2.11878723348e-05, 2.24970772251e-05, 1.76089852175e-05, 3.73066686734e-05, 1.20353743114e-05, 1.13231490104e-05, 1.57994563779e-05, 4.76856939713e-06, 5.65095115235e-06, 1.00398856375e-05, 5.86856776863e-06, 1.69412905962e-05, 6.84059295963e-06, 4.43050112153e-06, 4.42039936388e-06, 4.79469008496e-06, 4.22166840508e-06, 3.40636165674e-06, 5.81735366723e-06, 3.50891809831e-06, 3.6802739487e-06, 1.54448764533e-06, 1.37958272717e-06, 1.70408179656e-06, 2.07874336411e-06, 8.34651018522e-07, 6.47119975383e-07, 1.0653290019e-06, 7.58139719892e-07, 7.52773530621e-07, 6.58203987314e-07, 4.8081398063e-07, 3.97172300381e-07, 6.85006227741e-07, 4.55662046761e-07, 5.85938494169e-07, 3.55756668569e-07, 4.38914327106e-07, 4.06714434575e-07, 3.16927469157e-07, 2.17215827547e-07, 2.23310891556e-07, 2.02431380103e-07, 1.96130358177e-07, 1.59502988595e-07, 1.44148145864e-07, 1.08070096871e-07, 7.50200328525e-08, 8.4480873852e-08, 6.15923738678e-08, 6.43237569875e-08, 4.87871076871e-08, 1.45885872271e-08, 6.279798348e-10, 4.17889984769e-12, 3.4645901599e-12, 3.2965561704e-12, 3.14276664588e-12, 3.00105947038e-12, 2.86976865882e-12, 2.74771134665e-12, 2.63438988506e-12, 2.52881960164e-12, 2.43069388402e-12, 2.33969679568e-12, 2.25518757314e-12, 2.17706083196e-12, 2.10479962452e-12, 2.03832090095e-12, 1.97737898104e-12, 1.92176071064e-12, 1.8713002068e-12, 1.82596819609e-12, 1.78563327319e-12, 1.75028156031e-12, 1.71994634247e-12, 1.69468790129e-12, 1.67462452325e-12, 1.6599141766e-12, 1.6508709547e-12],
        "stdev": [6.15938188275e-05, 0.000129711304908, 0.000153917935677, 0.000264619768132, 0.000510945275892, 0.000773944193497, 0.000779513968155, 0.000706962833647, 0.000928465626203, 0.000958672899287, 0.000904284068383, 0.00117924518418, 0.00131278799381, 0.00128422118723, 0.00179666618351, 0.00136634847149, 0.00133216613904, 0.000830093456898, 0.000850309850648, 0.000895967416, 0.00120944681112, 0.00102989934385, 0.0014389535645, 0.00056863820646, 0.00138881290331, 0.00102928676642, 0.000804516021162, 0.000692507659551, 0.000430836982559, 0.00041333711124, 0.000364932289813, 0.000496147607919, 0.000236974097788, 0.00039325261605, 0.000264665082796, 0.000153655535541, 0.000206714830711, 0.000107655752799, 0.000231119498494, 0.000239505578065, 0.000326313223923, 0.000217307708226, 0.000116646464448, 0.000357047043508, 0.000130621134304, 0.000115104885481, 0.000256160885328, 0.000101898134744, 0.000125614664285, 0.00010670939082, 6.88823420205e-05, 0.000160462848726, 5.24358147231e-05, 3.88330663554e-05, 6.00627463427e-05, 2.59290645772e-05, 7.55164219299e-05, 6.4707477577e-05, 2.54610949924e-05, 6.7105058406e-05, 2.67953928414e-05, 2.42154055741e-05, 1.83052616194e-05, 2.18758050323e-05, 2.92945824185e-05, 5.48477692064e-05, 2.41195830313e-05, 1.76808916876e-05, 2.03506115213e-05, 6.634966212e-06, 7.6658461694e-06, 9.59367480391e-06, 2.1787962396e-05, 5.04405852553e-06, 3.22082496496e-06, 5.39976463187e-06, 5.4716952036e-06, 5.27084193891e-06, 5.21766105521e-06, 2.61109994426e-06, 2.31545823226e-06, 4.09052245232e-06, 4.51297819382e-06, 9.08535912458e-06, 2.60405090557e-06, 3.27825523527e-06, 3.00505189443e-06, 2.6203847483e-06, 1.49560230511e-06, 1.77193521722e-06, 1.7080079715e-06, 2.32399747802e-06, 1.60783474712e-06, 1.66154393355e-06, 1.1663563555e-06, 9.21722971725e-07, 8.92526941243e-07, 6.87877502514e-07, 1.011893346e-06, 9.42834731177e-07, 2.84284766394e-07, 2.94280031454e-08, 4.69635996758e-11, 9.28863670008e-12, 8.84711921778e-12, 8.4439278486e-12, 8.07169001776e-12, 7.72603508947e-12, 7.40380066283e-12, 7.10388302003e-12, 6.82402658686e-12, 6.5633162967e-12, 6.32123476826e-12, 6.09595056725e-12, 5.88761504827e-12, 5.69460928065e-12, 5.51678928234e-12, 5.35372961241e-12, 5.20471903423e-12, 5.06951512019e-12, 4.94787717742e-12, 4.83973408225e-12, 4.74473281845e-12, 4.66326326512e-12, 4.59549802725e-12, 4.54145705417e-12, 4.5019148999e-12, 4.47771767581e-12]
    },
    "mfcc": {
        "mean": [-792.3671875, 166.771102905, -38.5727882385, -11.4443912506, -20.3079147339, -11.3543615341, -14.1989812851, -4.97591114044, -9.41690349579, -1.23305439949, -3.13844013214, 0.386401712894, -0.339347302914],
        "cov": [[12646.7919922, -288.898590088, -3072.32250977, 1073.63049316, -804.317810059, -9.55068588257, -533.589294434, 94.4251785278, -473.626068115, 58.3792304993, -438.663421631, -163.549224854, -240.66607666], [-288.898590088, 4132.078125, 1386.17285156, -239.939575195, 475.983581543, -155.372177124, 44.3340263367, -442.625488281, -126.705215454, -306.238433838, -135.039642334, -294.543670654, -159.848068237], [-3072.32250977, 1386.17285156, 2166.57373047, -98.2085800171, 414.108001709, 92.6884918213, 155.405548096, -172.11126709, 3.44570159912, -149.552810669, -29.3110046387, -108.182815552, -92.4192733765], [1073.63049316, -239.939575195, -98.2085800171, 504.529296875, 38.944683075, 77.2164916992, 10.1342449188, 49.0794639587, -45.6784439087, -7.34156417847, -75.5801544189, -49.2642707825, -52.8321533203], [-804.317810059, 475.983581543, 414.108001709, 38.944683075, 313.95993042, 65.4300308228, 90.5008926392, -31.2912826538, 14.1740865707, -43.2287788391, 1.94875454903, -38.6362304688, -25.3622608185], [-9.55068588257, -155.372177124, 92.6884918213, 77.2164916992, 65.4300308228, 192.204589844, 83.5395431519, 27.2439727783, -4.80987787247, 8.97665405273, 15.7921791077, 7.27218770981, -31.2053279877], [-533.589294434, 44.3340263367, 155.405548096, 10.1342449188, 90.5008926392, 83.5395431519, 190.469085693, 69.0635223389, 41.6054534912, -5.11071872711, 15.7885704041, -2.48832702637, -6.89442586899], [94.4251785278, -442.625488281, -172.11126709, 49.0794639587, -31.2912826538, 27.2439727783, 69.0635223389, 202.630615234, 85.0957794189, 40.9269981384, -1.38782119751, 13.7726449966, 12.7976179123], [-473.626068115, -126.705215454, 3.44570159912, -45.6784439087, 14.1740865707, -4.80987787247, 41.6054534912, 85.0957794189, 163.470962524, 64.4784240723, 20.6315345764, 1.82777941227, 4.37206792831], [58.3792304993, -306.238433838, -149.552810669, -7.34156417847, -43.2287788391, 8.97665405273, -5.11071872711, 40.9269981384, 64.4784240723, 144.277740479, 62.2856788635, 21.5340881348, -5.52907514572], [-438.663421631, -135.039642334, -29.3110046387, -75.5801544189, 1.94875454903, 15.7921791077, 15.7885704041, -1.38782119751, 20.6315345764, 62.2856788635, 165.284423828, 78.4846420288, 6.34180307388], [-163.549224854, -294.543670654, -108.182815552, -49.2642707825, -38.6362304688, 7.27218770981, -2.48832702637, 13.7726449966, 1.82777941227, 21.5340881348, 78.4846420288, 170.145172119, 68.5733947754], [-240.66607666, -159.848068237, -92.4192733765, -52.8321533203, -25.3622608185, -31.2053279877, -6.89442586899, 12.7976179123, 4.37206792831, -5.52907514572, 6.34180307388, 68.5733947754, 173.298812866]],
        "icov": [[0.000414324458688, -0.000391644454794, 0.000552410550881, -0.000625944405328, 0.000691555964295, -0.00071675516665, 0.000805863179266, -0.000770373211708, 0.000986266415566, -0.000701368553564, 0.000853541016113, -0.000338567246217, 0.000434481626144], [-0.000391644454794, 0.000934371142648, -0.000623673491646, 0.000792427395936, -0.00115372985601, 0.00130191224162, -0.0011484118877, 0.00165706477128, -0.00100905098952, 0.00124295265414, -0.000756030029152, 0.000856733589899, -0.000121761688206], [0.000552410550881, -0.000623673491646, 0.00148967874702, -0.000691791705322, 0.000341816834407, -0.0012048803037, 0.000778960820753, -0.00054429366719, 0.000954752438702, -0.000525294512045, 0.00118170620408, -0.00041180459084, 0.000758530513849], [-0.000625944405328, 0.000792427395936, -0.000691791705322, 0.00370692135766, -0.00194348325022, 0.000389376829844, -0.000893173390068, 0.000396683957661, -0.000206280019484, 0.000609516864643, 5.91048010392e-05, 0.000774119922426, 5.98515180172e-05], [0.000691555964295, -0.00115372985601, 0.000341816834407, -0.00194348325022, 0.00685857841745, -0.00250262836926, 3.75338568119e-05, -0.000786896212958, 0.000377382995794, -0.000332491472363, 0.000340256199706, -0.000112828216515, 0.000110781940748], [-0.00071675516665, 0.00130191224162, -0.0012048803037, 0.000389376829844, -0.00250262836926, 0.00952644459903, -0.00483190454543, 0.00199342658743, -0.000291430333164, 0.000541565648746, -0.0014797396725, 1.27988496388e-05, 0.000765044125728], [0.000805863179266, -0.0011484118877, 0.000778960820753, -0.000893173390068, 3.75338568119e-05, -0.00483190454543, 0.0109675601125, -0.00548925669864, 0.00119657092728, -0.000421489297878, 0.000524511677213, -0.000482672738144, 0.000308257556753], [-0.000770373211708, 0.00165706477128, -0.00054429366719, 0.000396683957661, -0.000786896212958, 0.00199342658743, -0.00548925669864, 0.0120285293087, -0.00637257192284, 0.00227773375809, -0.000640163372736, 0.000930564012378, -0.000684946717229], [0.000986266415566, -0.00100905098952, 0.000954752438702, -0.000206280019484, 0.000377382995794, -0.000291430333164, 0.00119657092728, -0.00637257192284, 0.013320996426, -0.00661615654826, 0.00281417183578, -0.000628786161542, 0.00100482732523], [-0.000701368553564, 0.00124295265414, -0.000525294512045, 0.000609516864643, -0.000332491472363, 0.000541565648746, -0.000421489297878, 0.00227773375809, -0.00661615654826, 0.0137849068269, -0.00605281302705, 0.0021877521649, -9.54279385041e-05], [0.000853541016113, -0.000756030029152, 0.00118170620408, 5.91048010392e-05, 0.000340256199706, -0.0014797396725, 0.000524511677213, -0.000640163372736, 0.00281417183578, -0.00605281302705, 0.0124770449474, -0.00552875734866, 0.00245468877256], [-0.000338567246217, 0.000856733589899, -0.00041180459084, 0.000774119922426, -0.000112828216515, 1.27988496388e-05, -0.000482672738144, 0.000930564012378, -0.000628786161542, 0.0021877521649, -0.00552875734866, 0.0106581570581, -0.00369507446885], [0.000434481626144, -0.000121761688206, 0.000758530513849, 5.98515180172e-05, 0.000110781940748, 0.000765044125728, 0.000308257556753, -0.000684946717229, 0.00100482732523, -9.54279385041e-05, 0.00245468877256, -0.00369507446885, 0.00824492890388]]
    },
    "spectral_contrast_coeffs": {
        "mean": [-0.641047894955, -0.727506101131, -0.709200739861, -0.733631253242, -0.71781951189, -0.699831306934],
        "stdev": [0.104335084558, 0.0811917856336, 0.0808719396591, 0.0794851854444, 0.0907904431224, 0.0949786826968]
    },
    "spectral_contrast_valleys": {
        "mean": [-9.17164039612, -7.42699337006, -8.25778007507, -9.0465927124, -10.2932300568, -14.2804040909],
        "stdev": [1.76817822456, 1.41650593281, 1.36824333668, 1.43804824352, 1.5844604969, 0.982129395008]
    }
},
"rhythm": {
    "beats_count": 1421,
    "beats_loudness": {
        "mean": 0.0174369700253,
        "stdev": 0.0239055454731
    },
    "bpm": 148.442047119,
    "bpm_histogram_first_peak_bpm": 148,
    "bpm_histogram_first_peak_weight": 0.610465049744,
    "bpm_histogram_second_peak_bpm": 157,
    "bpm_histogram_second_peak_spread": 0.342105209827,
    "bpm_histogram_second_peak_weight": 0.0704225376248,
    "danceability": 0.909986019135,
    "onset_rate": 2.66241240501,
    "beats_loudness_band_ratio": {
        "mean": [0.088378585875, 0.239952847362, 0.337063699961, 0.274497121572, 0.0970151051879, 0.0245419256389],
        "stdev": [0.14440202713, 0.218420639634, 0.220710217953, 0.219569548965, 0.132046416402, 0.0690570548177]
    },
