{
"metadata": {
    "version": {
        "essentia": "2.1-dev",
        "essentia_git_sha": "v2.1_beta3-415-gd5473f3",
        "extractor": "music 2.0"
    },
    "audio_properties": {
        "analysis": {
            "equal_loudness": 0,
            "length": 707.056335449,
            "sample_rate": 44100,
            "start_time": 0,
            "downmix": "mix"
        },
        "bit_rate": 64000,
        "length": 707.056335449,
        "lossless": 0,
        "number_channels": 2,
        "replay_gain": -1.70601272583,
        "sample_rate": 22050,
        "codec": "mp3",
        "md5_encoded": "bdf695ff1c112013d015a32c96680e0f"
    },
    "tags": {
        "file_name": "violin_concerto-pilgrimage_of_the_soul.mp3"
    }
},
"lowlevel": {
    "average_loudness": 0.00459764152765,
    "barkbands_crest": {
        "mean": 10.7003135681,
        "stdev": 4.22973394394
    },
    "barkbands_flatness_db": {
        "mean": 0.25448051095,
        "stdev": 0.0732285901904
    },
    "barkbands_kurtosis": {
        "mean": 4.39291143417,
        "stdev": 20.5853366852
    },
    "barkbands_skewness": {
        "mean": 0.903291404247,
        "stdev": 1.48636031151
    },
    "barkbands_spread": {
        "mean": 14.6896429062,
        "stdev": 9.97184658051
    },
    "dissonance": {
        "mean": 0.434438079596,
        "stdev": 0.0512026175857
    },
    "dynamic_complexity": 7.16521215439,
    "erbbands_crest": {
        "mean": 12.6423845291,
        "stdev": 5.50593614578
    },
    "erbbands_flatness_db": {
        "mean": 0.280791401863,
        "stdev": 0.0589680746198
    },
    "erbbands_kurtosis": {
        "mean": 1.49522686005,
        "stdev": 3.87196135521
    },
    "erbbands_skewness": {
        "mean": 0.276238530874,
        "stdev": 1.03988242149
    },
    "erbbands_spread": {
        "mean": 22.0537204742,
        "stdev": 13.3129987717
    },
    "hfc": {
        "mean": 9.62110137939,
        "stdev": 24.0028324127
    },
    "loudness_ebu128": {
        "integrated": -23.2990474701,
        "loudness_range": 17.8369140625,
        "momentary": {
            "mean": -32.9173736572,
            "stdev": 31.7418498993
        },
        "short_term": {
            "mean": -31.0650691986,
            "stdev": 27.2248249054
        }
    },
    "melbands_crest": {
        "mean": 13.908657074,
        "stdev": 5.86702919006
    },
    "melbands_flatness_db": {
        "mean": 0.288239300251,
        "stdev": 0.0993535146117
    },
    "melbands_kurtosis": {
        "mean": 8.8321647644,
        "stdev": 29.7807788849
    },
    "melbands_skewness": {
        "mean": 1.61573791504,
        "stdev": 1.73285782337
    },
    "melbands_spread": {
        "mean": 22.3772220612,
        "stdev": 20.6958618164
    },
    "pitch_salience": {
        "mean": 0.499770134687,
        "stdev": 0.124612756073
    },
    "silence_rate_20dB": {
        "mean": 0.999901473522,
        "stdev": 0.00992495566607
    },
    "silence_rate_30dB": {
        "mean": 0.980690896511,
        "stdev": 0.137603417039
    },
    "silence_rate_60dB": {
        "mean": 0.495665311813,
        "stdev": 0.499963700771
    },
    "spectral_centroid": {
        "mean": 1332.5447998,
        "stdev": 1327.17773438
    },
    "spectral_complexity": {
        "mean": 8.91645908356,
        "stdev": 7.48695659637
    },
    "spectral_decrease": {
        "mean": -2.93742963287e-09,
        "stdev": 6.08332761942e-09
    },
    "spectral_energy": {
        "mean": 0.0119591960683,
        "stdev": 0.0248069278896
    },
    "spectral_energyband_high": {
        "mean": 0.000151375468704,
        "stdev": 0.000948127126321
    },
    "spectral_energyband_low": {
        "mean": 0.00254246708937,
        "stdev": 0.00808306690305
    },
    "spectral_energyband_middle_high": {
        "mean": 0.00388350524008,
        "stdev": 0.00974901206791
    },
    "spectral_energyband_middle_low": {
        "mean": 0.00571524025872,
        "stdev": 0.0133165614679
    },
    "spectral_entropy": {
        "mean": 6.48848438263,
        "stdev": 0.674776732922
    },
    "spectral_flux": {
        "mean": 0.0363923609257,
        "stdev": 0.0343184545636
    },
    "spectral_kurtosis": {
        "mean": 15.5657444,
        "stdev": 24.5078716278
    },
    "spectral_rms": {
        "mean": 0.002535328269,
        "stdev": 0.00228900811635
    },
    "spectral_rolloff": {
        "mean": 1556.61022949,
        "stdev": 2215.15405273
    },
    "spectral_skewness": {
        "mean": 2.26409220695,
        "stdev": 1.56990695
    },
    "spectral_spread": {
        "mean": 2814968.5,
        "stdev": 4529512
    },
    "spectral_strongpeak": {
        "mean": 1.07228207588,
        "stdev": 1.7598451376
    },
    "zerocrossingrate": {
        "mean": 0.0537425577641,
        "stdev": 0.0587767250836
    },
    "barkbands": {
        "mean": [3.1045779906e-05, 0.00104262703098, 0.00118972535711, 0.000557530671358, 0.00123061111663, 0.00107180967461, 0.00114409578964, 0.000821597815957, 0.000785597716458, 0.000588034105022, 0.000564022862818, 0.000530778197572, 0.000337635690812, 0.000450212828582, 0.000546910509001, 0.000277217943221, 0.000272840639809, 0.000102755970147, 0.000202705676202, 0.000111651272164, 4.20482356276e-05, 3.32812123816e-05, 1.32336836032e-05, 9.91039178189e-06, 1.30841624468e-06, 3.92028715046e-10, 3.92989224496e-10],
        "stdev": [9.69671164057e-05, 0.00363627471961, 0.00469522736967, 0.00201998325065, 0.00409824540839, 0.00348964938894, 0.0044904393144, 0.0031775040552, 0.00257124542259, 0.00226519745775, 0.00196297653019, 0.00177304155659, 0.00150687678251, 0.00189241103362, 0.00321077858098, 0.00107919413131, 0.00113238894846, 0.000436369155068, 0.00199539447203, 0.000689683947712, 0.000193350962945, 0.000286988477455, 8.59471401782e-05, 0.000112413581519, 1.94438489416e-05, 6.78414036059e-09, 3.65946983827e-09]
    },
    "erbbands": {
        "mean": [0.0155034950003, 0.296662926674, 1.33973371983, 1.61942386627, 2.34795975685, 4.48607349396, 7.70379018784, 8.92549705505, 13.8058576584, 17.8530902863, 20.2740459442, 15.7358064651, 16.2298603058, 23.6848373413, 20.0534114838, 19.8985385895, 16.4184684753, 17.519525528, 31.5513305664, 22.3800945282, 14.5601854324, 16.8703899384, 7.52997875214, 6.79273366928, 10.8178911209, 5.3821105957, 2.47756385803, 1.27753794193, 0.95589441061, 0.982997715473, 0.355354100466, 0.179093256593, 0.189547136426, 0.034374922514, 0.00136293913238, 6.60370933474e-05, 1.21266921269e-05, 3.23255130752e-06, 6.83628468323e-06, 1.42704975588e-05],
        "stdev": [0.0549176670611, 1.04710018635, 5.41788959503, 5.17345762253, 7.99328994751, 15.0430965424, 30.462978363, 31.4134540558, 57.8598632812, 62.3026504517, 69.9920043945, 47.3403892517, 51.9302482605, 84.359085083, 57.6922302246, 61.7060966492, 64.9579086304, 76.2119979858, 185.00718689, 102.523262024, 59.4616088867, 67.3975143433, 31.5001411438, 28.0772190094, 137.843673706, 33.7961158752, 20.2114543915, 6.30915975571, 6.52762699127, 9.57837581635, 2.74110889435, 1.34921836853, 2.46037149429, 0.512364804745, 0.0219690371305, 0.000806325173471, 8.4711209638e-05, 1.72533746081e-05, 1.55123670993e-05, 3.00275896734e-05]
    },
    "gfcc": {
        "mean": [-190.893768311, 157.93031311, -165.748886108, 32.4135665894, -57.498500824, -3.45080971718, -17.1841850281, -12.9638166428, 2.70329642296, -21.3436870575, 5.5516037941, -19.357416153, 3.34914135933],
        "cov": [[26535.53125, 1420.81884766, -3905.28442383, 995.135925293, -1474.18359375, 154.51121521, -713.743041992, -283.726531982, -123.965568542, -426.328155518, 162.946334839, -391.029022217, 52.9936180115], [1420.81884766, 2724.9152832, 907.162719727, -582.412719727, 46.8705368042, -543.348693848, -69.1312637329, -296.632873535, -35.0482711792, -124.360588074, -134.810241699, -16.0809669495, -21.2259807587], [-3905.28442383, 907.162719727, 2308.01196289, 244.631881714, 348.53894043, -175.649459839, -116.395118713, -156.415771484, -63.0075111389, 0.459346532822, -164.66053772, -4.16373920441, -62.4140396118], [995.135925293, -582.412719727, 244.631881714, 1249.5958252, 177.19619751, 222.015014648, -155.937484741, -24.9703159332, -41.1222076416, -82.4119796753, -37.8703422546, -106.486343384, -33.2452697754], [-1474.18359375, 46.8705368042, 348.53894043, 177.19619751, 566.542297363, 120.942169189, 98.1352844238, -5.07686567307, -21.5997180939, -5.88078594208, -69.4076538086, -0.290723860264, -21.1634368896], [154.51121521, -543.348693848, -175.649459839, 222.015014648, 120.942169189, 430.618530273, 115.130386353, 59.7692985535, -18.8160572052, 18.7389850616, 39.20262146, -25.2995643616, -9.2152299881], [-713.743041992, -69.1312637329, -116.395118713, -155.937484741, 98.1352844238, 115.130386353, 278.580169678, 106.467407227, 8.54408740997, -2.41431188583, 19.090801239, 45.2870407104, -11.1766729355], [-283.726531982, -296.632873535, -156.415771484, -24.9703159332, -5.07686567307, 59.7692985535, 106.467407227, 259.180633545, 109.657722473, -10.1630830765, 0.561623990536, 13.6942110062, 21.0482234955], [-123.965568542, -35.0482711792, -63.0075111389, -41.1222076416, -21.5997180939, -18.8160572052, 8.54408740997, 109.657722473, 209.051605225, 62.5764274597, -21.9959564209, -12.9476213455, -5.11007356644], [-426.328155518, -124.360588074, 0.459346532822, -82.4119796753, -5.88078594208, 18.7389850616, -2.41431188583, -10.1630830765, 62.5764274597, 191.027191162, 75.6792449951, -34.823059082, -28.115020752], [162.946334839, -134.810241699, -164.66053772, -37.8703422546, -69.4076538086, 39.20262146, 19.090801239, 0.561623990536, -21.9959564209, 75.6792449951, 177.481536865, 52.508769989, -43.0154762268], [-391.029022217, -16.0809669495, -4.16373920441, -106.486343384, -0.290723860264, -25.2995643616, 45.2870407104, 13.6942110062, -12.9476213455, -34.823059082, 52.508769989, 181.325546265, 55.4205207825], [52.9936180115, -21.2259807587, -62.4140396118, -33.2452697754, -21.1634368896, -9.2152299881, -11.1766729355, 21.0482234955, -5.11007356644, -28.115020752, -43.0154762268, 55.4205207825, 170.19543457]],
        "icov": [[0.000141099269968, -0.000336205906933, 0.000357639219146, -0.000276297156233, 0.000303959561279, -0.000353340379661, 0.00040678345249, -0.000240457389737, 0.000255565711996, -0.000159125818755, 0.000215121894144, -0.000130678658024, 0.000144744539284], [-0.000336205906933, 0.00171821541153, -0.00122472061776, 0.00114899943583, -0.000985185033642, 0.00166010076646, -0.00152234965935, 0.00201749871485, -0.00175824481994, 0.00217481493019, -0.00172149029095, 0.00161004532129, -0.000940710946452], [0.000357639219146, -0.00122472061776, 0.00167965563014, -0.00104908645153, 0.000602953776252, -0.000942602287978, 0.00146008830052, -0.00122369546443, 0.00156809191685, -0.00183185352944, 0.00207901233807, -0.00152125756722, 0.00118338852189], [-0.000276297156233, 0.00114899943583, -0.00104908645153, 0.00209340872243, -0.00115678855218, 0.000285986956442, 4.74848966405e-05, 0.00111990305595, -0.00138329400215, 0.00242433138192, -0.00181299855467, 0.00175269879401, -0.000680216122419], [0.000303959561279, -0.000985185033642, 0.000602953776252, -0.00115678855218, 0.00335022131912, -0.00149821315426, -6.49050489301e-05, -0.000761687348131, 0.00135006417986, -0.00187216186896, 0.0026475302875, -0.00160090555437, 0.00112476001959], [-0.000353340379661, 0.00166010076646, -0.000942602287978, 0.000285986956442, -0.00149821315426, 0.00528154475614, -0.00318952417001, 0.00154966954142, -0.00108576111961, 0.00140034989454, -0.00238559627905, 0.00226014689542, -0.00141436303966], [0.00040678345249, -0.00152234965935, 0.00146008830052, 4.74848966405e-05, -6.49050489301e-05, -0.00318952417001, 0.0081954523921, -0.0043134293519, 0.00272257556207, -0.00181376747787, 0.00218965602107, -0.00288202031516, 0.00239307875745], [-0.000240457389737, 0.00201749871485, -0.00122369546443, 0.00111990305595, -0.000761687348131, 0.00154966954142, -0.0043134293519, 0.00993287656456, -0.00701716821641, 0.00590109499171, -0.00456797191873, 0.00371169834398, -0.00302501255646], [0.000255565711996, -0.00175824481994, 0.00156809191685, -0.00138329400215, 0.00135006417986, -0.00108576111961, 0.00272257556207, -0.00701716821641, 0.0115217640996, -0.00836537405849, 0.00729903951287, -0.00464230589569, 0.00348216691054], [-0.000159125818755, 0.00217481493019, -0.00183185352944, 0.00242433138192, -0.00187216186896, 0.00140034989454, -0.00181376747787, 0.00590109499171, -0.00836537405849, 0.0156503003091, -0.0114762457088, 0.00844640377909, -0.00420009065419], [0.000215121894144, -0.00172149029095, 0.00207901233807, -0.00181299855467, 0.0026475302875, -0.00238559627905, 0.00218965602107, -0.00456797191873, 0.00729903951287, -0.0114762457088, 0.0175411049277, -0.010169797577, 0.00710366619751], [-0.000130678658024, 0.00161004532129, -0.00152125756722, 0.00175269879401, -0.00160090555437, 0.00226014689542, -0.00288202031516, 0.00371169834398, -0.00464230589569, 0.00844640377909, -0.010169797577, 0.0132969506085, -0.00634330883622], [0.000144744539284, -0.000940710946452, 0.00118338852189, -0.000680216122419, 0.00112476001959, -0.00141436303966, 0.00239307875745, -0.00302501255646, 0.00348216691054, -0.00420009065419, 0.00710366619751, -0.00634330883622, 0.00988053251058]]
    },
    "melbands": {
        "mean": [0.000217815802898, 0.000604777829722, 0.000305992085487, 0.000236569656408, 0.000261630630121, 0.000205213102163, 0.000219657362322, 0.000196039953153, 0.000166662270203, 9.6085430414e-05, 8.21494031698e-05, 9.7076248494e-05, 7.3079863796e-05, 5.6828801462e-05, 5.58373249078e-05, 2.81629854726e-05, 3.12779156957e-05, 5.10082463734e-05, 3.86943720514e-05, 1.99801124836e-05, 1.58525472216e-05, 1.73064618139e-05, 1.14371450763e-05, 4.34691264672e-06, 5.34319951839e-06, 8.90239971341e-06, 5.73116267333e-06, 3.01322461382e-06, 1.85045496437e-06, 7.90182241417e-07, 6.53118604532e-07, 4.21063504064e-07, 8.82364304289e-07, 3.80056945914e-07, 2.10296391856e-07, 1.35548361868e-07, 9.50104563913e-08, 1.68676194789e-07, 6.67082247219e-08, 1.40822784545e-08],
        "stdev": [0.000733805936761, 0.00227504852228, 0.000940597848967, 0.00072095124051, 0.00100770604331, 0.00069522485137, 0.000860613188706, 0.000672801455949, 0.000568840536289, 0.000300210580463, 0.000272549135843, 0.000354715943104, 0.000236850013607, 0.000216311644181, 0.000238064065343, 0.000125301303342, 0.000140330404975, 0.000292565091513, 0.000188866077224, 9.45400315686e-05, 7.29295206838e-05, 7.65056538512e-05, 5.43217793165e-05, 2.05131218536e-05, 2.51235815085e-05, 9.57559022936e-05, 5.11761500093e-05, 2.4621742341e-05, 2.13327057281e-05, 4.04721959057e-06, 3.33824368681e-06, 2.76510263575e-06, 1.00573970485e-05, 3.05205458062e-06, 1.69208203715e-06, 8.81541780018e-07, 8.49166042372e-07, 2.2143572096e-06, 1.12895122584e-06, 2.43955440737e-07]
    },
    "melbands128": {
        "mean": [1.84474247362e-05, 7.10051172064e-05, 0.000271778204478, 0.000549665477592, 0.000738768372685, 0.000517348351423, 0.000321923580486, 0.000271311233519, 0.000217859022086, 0.000223928960622, 0.000260344211711, 0.00026517995866, 0.00028276455123, 0.000241297093453, 0.000189869766473, 0.000190720777027, 0.000220436661039, 0.000207261909964, 0.000264514819719, 0.000186001489055, 0.000164815370226, 0.000197111745365, 0.000152346576215, 0.000178761518328, 8.53586752783e-05, 7.90319027146e-05, 8.51371150929e-05, 6.12316580373e-05, 0.000108548236312, 9.2824731837e-05, 9.36090727919e-05, 0.000104407146864, 7.58727037464e-05, 3.66864805983e-05, 8.27266776469e-05, 5.41582194273e-05, 2.62506400759e-05, 8.73147509992e-05, 4.59968432551e-05, 2.38189022639e-05, 2.0867870262e-05, 3.83422448067e-05, 3.21695624734e-05, 1.91542512766e-05, 5.54309954168e-05, 5.38639178558e-05, 5.63740541111e-05, 3.71921341866e-05, 3.12675183523e-05, 3.55353222403e-05, 1.29466543513e-05, 1.03162828964e-05, 2.60766300926e-05, 1.14623599075e-05, 7.74603813625e-06, 2.19384437514e-05, 2.13775892917e-05, 1.51573040057e-05, 7.52674850446e-06, 5.05199977852e-06, 3.90732247979e-06, 4.12685403717e-06, 3.5208358895e-06, 4.02364548791e-06, 1.12377556434e-05, 6.92150615578e-06, 1.21601442515e-05, 5.67197093915e-06, 4.62768775833e-06, 3.65269920621e-06, 4.45594423581e-06, 1.1429423239e-06, 2.70753912446e-06, 2.05024389288e-06, 8.80048162344e-07, 6.64405320094e-07, 7.32626801891e-07, 1.0616814734e-06, 5.28374641817e-07, 4.42689440661e-07, 4.36052374653e-07, 3.80829078495e-07, 4.13996673387e-07, 1.32788841256e-06, 9.03845261746e-07, 2.99277928661e-07, 3.09851373004e-07, 2.46891517008e-07, 1.9202734336e-07, 1.97693452719e-07, 1.60433373253e-07, 1.1697136415e-07, 8.79340191773e-08, 7.38215888418e-08, 1.17463791582e-07, 1.68117622934e-07, 2.29432245646e-07, 6.67073578597e-08, 9.58135615292e-08, 4.10945411033e-08, 1.89939690642e-08, 1.49836658636e-08, 4.86405082878e-10, 3.45937254537e-12, 3.28732050262e-12, 3.13133915499e-12, 2.98666451813e-12, 2.85197104648e-12, 2.72525903754e-12, 2.60654258594e-12, 2.49475722199e-12, 2.38956510829e-12, 2.29073942974e-12, 2.19782612249e-12, 2.11078376999e-12, 2.02914898426e-12, 1.95302519816e-12, 1.88223481939e-12, 1.81677708901e-12, 1.75657860653e-12, 1.70180178543e-12, 1.65244152996e-12, 1.60869787543e-12, 1.5707631593e-12, 1.5388644135e-12, 1.51333166918e-12, 1.49451425627e-12, 1.48288423641e-12],
        "stdev": [6.06898574915e-05, 0.000294607947581, 0.00104237999767, 0.00208067754284, 0.00317801279016, 0.00191544077825, 0.00111532979645, 0.00100401253439, 0.000922006438486, 0.000819416658487, 0.00101098418236, 0.00132452114485, 0.00129095138982, 0.0010166837601, 0.000823576643597, 0.000910477072466, 0.00133687781636, 0.000985812395811, 0.00139256799594, 0.000761718838476, 0.000858800543938, 0.000875910802279, 0.000720938725863, 0.000792673497926, 0.000309340422973, 0.000370415422367, 0.000412009161664, 0.000261245091679, 0.000514399900567, 0.000516406144015, 0.000442087912234, 0.000407945597544, 0.00036370640737, 0.000153971152031, 0.000399558164645, 0.000249081262155, 0.000130885615363, 0.000423720717663, 0.000273913377896, 0.000168249869603, 0.000174875051016, 0.000258988031419, 0.000224626986892, 0.000123387726489, 0.000279069587123, 0.000348328438122, 0.00064687221311, 0.000219504683628, 0.000192476509255, 0.000258646527072, 6.52862436255e-05, 6.69398650643e-05, 0.000144823716255, 5.99952727498e-05, 6.59471188555e-05, 0.00012234976748, 0.000101073725091, 0.000118067633593, 4.34047360613e-05, 4.00339740736e-05, 2.35850202444e-05, 2.60126489593e-05, 2.71738626907e-05, 3.43012725352e-05, 5.9964851971e-05, 4.47491911473e-05, 0.000298214523355, 5.32449521415e-05, 1.93239047803e-05, 2.16464304685e-05, 5.4209438531e-05, 6.93768015481e-06, 6.89020671416e-05, 1.25213136926e-05, 5.5694799812e-06, 4.08734604207e-06, 5.34342461833e-06, 6.39139716441e-06, 3.44153022525e-06, 3.22595087709e-06, 3.83644828617e-06, 2.98544159705e-06, 3.08653602588e-06, 1.73190874193e-05, 1.1765673662e-05, 2.20075185098e-06, 2.06055096896e-06, 2.08235314858e-06, 1.85261444585e-06, 2.62810317508e-06, 1.19342519156e-06, 7.83410030181e-07, 4.93589993766e-07, 6.33937986549e-07, 1.61003322319e-06, 2.16403373088e-06, 3.33102116201e-06, 9.40925474424e-07, 2.13386533687e-06, 5.58664225991e-07, 3.37435096753e-07, 3.50524800297e-07, 1.38836790953e-08, 6.48173945073e-11, 6.21186227456e-11, 5.93593021958e-11, 5.65284173637e-11, 5.36824681929e-11, 5.0747846897e-11, 4.77993235271e-11, 4.48124141961e-11, 4.18053543172e-11, 3.87867932217e-11, 3.57764200209e-11, 3.27873422856e-11, 2.98294756951e-11, 2.69359378552e-11, 2.4115555039e-11, 2.14079292488e-11, 1.88262547912e-11, 1.6411498896e-11, 1.41889052591e-11, 1.22022088614e-11, 1.04818194055e-11, 9.06526763378e-12, 7.97275440112e-12, 7.2130734545e-12, 6.76959833676e-12]
    },
    "mfcc": {
        "mean": [-800.96307373, 154.300872803, -17.636631012, 17.1821556091, -6.43080282211, 0.0499780960381, -4.04452514648, 3.22223830223, -1.16300880909, 4.61834096909, -4.27674388885, -0.642988145351, 2.13627791405],
        "cov": [[13530.4257812, 1438.40527344, -2222.66015625, 230.896133423, -721.97869873, 181.378890991, -482.091033936, 96.9153289795, -415.992431641, 39.3673858643, -252.519821167, 32.6494216919, -107.38143158], [1438.40527344, 2486.61450195, 456.727203369, -94.7496948242, -59.9720649719, -270.256225586, -189.851623535, -251.585037231, -74.6044540405, -174.719741821, -87.4375762939, -35.7187423706, -7.70021486282], [-2222.66015625, 456.727203369, 1848.10864258, 456.257354736, 357.979370117, 54.2484130859, -34.0302009583, -123.746330261, -4.4090461731, -96.6154251099, -76.2141647339, -36.2324638367, -29.4794540405], [230.896133423, -94.7496948242, 456.257354736, 727.259033203, 323.561218262, 137.635147095, -5.90971469879, 33.2510795593, 2.04179739952, -14.8760595322, -83.8470458984, -41.2497749329, -28.0516319275], [-721.97869873, -59.9720649719, 357.979370117, 323.561218262, 474.78112793, 175.708984375, 66.0872421265, 14.8900270462, 50.9580459595, 9.77950572968, -21.0916805267, -36.5958709717, -25.4221076965], [181.378890991, -270.256225586, 54.2484130859, 137.635147095, 175.708984375, 371.024353027, 139.236938477, 32.7900466919, -23.2409534454, 42.6268386841, 28.5320110321, -8.15636825562, -49.4260826111], [-482.091033936, -189.851623535, -34.0302009583, -5.90971469879, 66.0872421265, 139.236938477, 271.692199707, 97.6739425659, -2.49577617645, 11.784781456, 43.8787689209, -3.1610417366, -9.06555175781], [96.9153289795, -251.585037231, -123.746330261, 33.2510795593, 14.8900270462, 32.7900466919, 97.6739425659, 295.313171387, 105.25202179, -29.685962677, -26.9978313446, 35.4988479614, 30.0738105774], [-415.992431641, -74.6044540405, -4.4090461731, 2.04179739952, 50.9580459595, -23.2409534454, -2.49577617645, 105.25202179, 272.558868408, 56.5768432617, -67.5793075562, -15.1472167969, 45.3398628235], [39.3673858643, -174.719741821, -96.6154251099, -14.8760595322, 9.77950572968, 42.6268386841, 11.784781456, -29.685962677, 56.5768432617, 279.680511475, 89.4947967529, -92.4632949829, -22.7681026459], [-252.519821167, -87.4375762939, -76.2141647339, -83.8470458984, -21.0916805267, 28.5320110321, 43.8787689209, -26.9978313446, -67.5793075562, 89.4947967529, 324.485412598, 78.6621551514, -112.909393311], [32.6494216919, -35.7187423706, -36.2324638367, -41.2497749329, -36.5958709717, -8.15636825562, -3.1610417366, 35.4988479614, -15.1472167969, -92.4632949829, 78.6621551514, 346.067077637, 48.3644447327], [-107.38143158, -7.70021486282, -29.4794540405, -28.0516319275, -25.4221076965, -49.4260826111, -9.06555175781, 30.0738105774, 45.3398628235, -22.7681026459, -112.909393311, 48.3644447327, 321.053009033]],
        "icov": [[0.000252840458415, -0.00028139265487, 0.000378285651095, -0.000382313679438, 0.000431655498687, -0.000575707352255, 0.000612184405327, -0.000459956761915, 0.000502025533933, -0.000355037220288, 0.000353659910616, -0.000146207603393, 0.000135395952384], [-0.00028139265487, 0.000835512299091, -0.000529537908733, 0.000527060008608, -0.000522125919815, 0.000929097528569, -0.000613819109276, 0.000876706675626, -0.000584748457186, 0.000708863604814, -0.000356169621227, 0.000250689452514, -0.000104587663373], [0.000378285651095, -0.000529537908733, 0.00132699881215, -0.000934115319978, 0.000288808951154, -0.000788539182395, 0.000834747508634, -0.000308143818984, 0.000594339915551, -0.000254989252426, 0.000483641138999, -0.00019226083532, 0.000204995987588], [-0.000382313679438, 0.000527060008608, -0.000934115319978, 0.00295333494432, -0.00199443520978, 0.000603426888119, -0.000209660429391, -1.33162720886e-05, -6.30384820397e-05, 0.000237136875512, 0.000121713601402, 0.000176297908183, 2.93072280328e-05], [0.000431655498687, -0.000522125919815, 0.000288808951154, -0.00199443520978, 0.0046728271991, -0.00225773733109, 0.000501659873407, -0.000296372629236, -0.000335906021064, -0.000237694912357, 0.000195253785932, 3.12288102577e-05, 0.000143012643093], [-0.000575707352255, 0.000929097528569, -0.000788539182395, 0.000603426888119, -0.00225773733109, 0.0057504796423, -0.00324131944217, 0.00122180755716, -0.000372308742953, 6.24896783847e-05, -0.000321232626447, -8.24824965093e-05, 0.000267046532826], [0.000612184405327, -0.000613819109276, 0.000834747508634, -0.000209660429391, 0.000501659873407, -0.00324131944217, 0.00713641056791, -0.0031196961645, 0.00185442471411, -0.000681386445649, 6.10140778008e-05, 0.000193289495655, -3.50442060153e-05], [-0.000459956761915, 0.000876706675626, -0.000308143818984, -1.33162720886e-05, -0.000296372629236, 0.00122180755716, -0.0031196961645, 0.00644002854824, -0.00338025973178, 0.00205444777384, -0.000762176874559, 2.98971481243e-05, -0.000338471087161], [0.000502025533933, -0.000584748457186, 0.000594339915551, -6.30384820397e-05, -0.000335906021064, -0.000372308742953, 0.00185442471411, -0.00338025973178, 0.00674460222945, -0.00295930821449, 0.00234421039931, -0.000799752830062, 0.000270582415396], [-0.000355037220288, 0.000708863604814, -0.000254989252426, 0.000237136875512, -0.000237694912357, 6.24896783847e-05, -0.000681386445649, 0.00205444777384, -0.00295930821449, 0.00653502903879, -0.00313532375731, 0.00232206960209, -0.000896410958376], [0.000353659910616, -0.000356169621227, 0.000483641138999, 0.000121713601402, 0.000195253785932, -0.000321232626447, 6.10140778008e-05, -0.000762176874559, 0.00234421039931, -0.00313532375731, 0.00602652365342, -0.0023141943384, 0.00211856327951], [-0.000146207603393, 0.000250689452514, -0.00019226083532, 0.000176297908183, 3.12288102577e-05, -8.24824965093e-05, 0.000193289495655, 2.98971481243e-05, -0.000799752830062, 0.00232206960209, -0.0023141943384, 0.00421265885234, -0.00122356438078], [0.000135395952384, -0.000104587663373, 0.000204995987588, 2.93072280328e-05, 0.000143012643093, 0.000267046532826, -3.50442060153e-05, -0.000338471087161, 0.000270582415396, -0.000896410958376, 0.00211856327951, -0.00122356438078, 0.00408966746181]]
    },
    "spectral_contrast_coeffs": {
        "mean": [-0.724840164185, -0.754707753658, -0.715518712997, -0.711557269096, -0.681219160557, -0.659192800522],
        "stdev": [0.0945042818785, 0.0860827341676, 0.0918952003121, 0.0968982353806, 0.114383451641, 0.090770766139]
    },
    "spectral_contrast_valleys": {
        "mean": [-8.44176101685, -8.0406255722, -9.12422943115, -9.84564495087, -10.745139122, -14.8167066574],
        "stdev": [2.64973759651, 2.68724179268, 2.60068821907, 2.58905124664, 2.47911739349, 1.78969621658]
    }
},
"rhythm": {
    "beats_count": 1437,
    "beats_loudness": {
        "mean": 0.0152825983241,
        "stdev": 0.0307164881378
    },
    "bpm": 120.04624939,
    "bpm_histogram_first_peak_bpm": 120,
    "bpm_histogram_first_peak_weight": 0.615999996662,
    "bpm_histogram_second_peak_bpm": 129,
    "bpm_histogram_second_peak_spread": 0.654867291451,
    "bpm_histogram_second_peak_weight": 0.054317548871,
    "danceability": 0.820216834545,
    "onset_rate": 1.92625677586,
    "beats_loudness_band_ratio": {
        "mean": [0.269024312496, 0.166847586632, 0.22924734652, 0.202761098742, 0.12361164391, 0.0345776751637],
        "stdev": [0.282895863056, 0.173311412334, 0.223185017705, 0.206056535244, 0.159153997898, 0.0680577158928]
    },
