{
"metadata": {
    "version": {
        "essentia": "2.1-dev",
        "essentia_git_sha": "v2.1_beta3-415-gd5473f3",
        "extractor": "music 2.0"
    },
    "audio_properties": {
        "analysis": {
            "equal_loudness": 0,
            "length": 198.361877441,
            "sample_rate": 44100,
            "start_time": 0,
            "downmix": "mix"
        },
        "bit_rate": 175822,
        "length": 198.361877441,
        "lossless": 0,
        "number_channels": 2,
        "replay_gain": -2.78043174744,
        "sample_rate": 44100,
        "codec": "mp3",
        "md5_encoded": "f01a065a2b7bc96c63c98f7c35113ea2"
    },
    "tags": {
        "file_name": "vivaldi-concerto_for_2_cellos_in_g-allegro.mp3",
        "album": ["Naxos 8.550908 [DDD]"],
        "artist": ["Antonio Vivaldi"],
        "date": ["1994"],
        "title": ["Concerto in Gm, RV 531, 3rd"]
    }
},
"lowlevel": {
    "average_loudness": 0.330801993608,
    "barkbands_crest": {
        "mean": 10.7199792862,
        "stdev": 3.93250584602
    },
    "barkbands_flatness_db": {
        "mean": 0.202042490244,
        "stdev": 0.0498107746243
    },
    "barkbands_kurtosis": {
        "mean": 5.08832454681,
        "stdev": 13.5212965012
    },
    "barkbands_skewness": {
        "mean": 1.47135615349,
        "stdev": 1.16685199738
    },
    "barkbands_spread": {
        "mean": 9.76533031464,
        "stdev": 5.58413743973
    },
    "dissonance": {
        "mean": 0.43080213666,
        "stdev": 0.0384278893471
    },
    "dynamic_complexity": 5.06359910965,
    "erbbands_crest": {
        "mean": 10.6331653595,
        "stdev": 4.54060029984
    },
    "erbbands_flatness_db": {
        "mean": 0.238082006574,
        "stdev": 0.0427724085748
    },
    "erbbands_kurtosis": {
        "mean": 0.617999970913,
        "stdev": 2.42400074005
    },
    "erbbands_skewness": {
        "mean": 0.610800385475,
        "stdev": 0.684786915779
    },
    "erbbands_spread": {
        "mean": 21.435338974,
        "stdev": 8.04153442383
    },
    "hfc": {
        "mean": 9.66546440125,
        "stdev": 10.8519144058
    },
    "loudness_ebu128": {
        "integrated": -22.0429115295,
        "loudness_range": 8.50993156433,
        "momentary": {
            "mean": -29.3303794861,
            "stdev": 34.6335258484
        },
        "short_term": {
            "mean": -25.2466869354,
            "stdev": 15.1049289703
        }
    },
    "melbands_crest": {
        "mean": 14.0227651596,
        "stdev": 5.32119750977
    },
    "melbands_flatness_db": {
        "mean": 0.272299617529,
        "stdev": 0.0670137107372
    },
    "melbands_kurtosis": {
        "mean": 7.98048353195,
        "stdev": 19.6838722229
    },
    "melbands_skewness": {
        "mean": 1.88941574097,
        "stdev": 1.19145166874
    },
    "melbands_spread": {
        "mean": 14.706152916,
        "stdev": 17.2912273407
    },
    "pitch_salience": {
        "mean": 0.552412390709,
        "stdev": 0.112597033381
    },
    "silence_rate_20dB": {
        "mean": 1,
        "stdev": 0
    },
    "silence_rate_30dB": {
        "mean": 0.99028557539,
        "stdev": 0.0980825200677
    },
    "silence_rate_60dB": {
        "mean": 0.177317410707,
        "stdev": 0.381934046745
    },
    "spectral_centroid": {
        "mean": 878.604797363,
        "stdev": 1376.9432373
    },
    "spectral_complexity": {
        "mean": 12.0022239685,
        "stdev": 5.87575006485
    },
    "spectral_decrease": {
        "mean": -4.7650110524e-09,
        "stdev": 5.45767075977e-09
    },
    "spectral_energy": {
        "mean": 0.018860919401,
        "stdev": 0.0214736275375
    },
    "spectral_energyband_high": {
        "mean": 2.16965054278e-05,
        "stdev": 3.87349937228e-05
    },
    "spectral_energyband_low": {
        "mean": 0.00179171422496,
        "stdev": 0.00473052542657
    },
    "spectral_energyband_middle_high": {
        "mean": 0.00281765381806,
        "stdev": 0.00428257556632
    },
    "spectral_energyband_middle_low": {
        "mean": 0.015230149962,
        "stdev": 0.0189100299031
    },
    "spectral_entropy": {
        "mean": 6.77904939651,
        "stdev": 0.543532729149
    },
    "spectral_flux": {
        "mean": 0.0519143864512,
        "stdev": 0.0313085094094
    },
    "spectral_kurtosis": {
        "mean": 15.317065239,
        "stdev": 9.48948574066
    },
    "spectral_rms": {
        "mean": 0.00369331217371,
        "stdev": 0.00218182825483
    },
    "spectral_rolloff": {
        "mean": 1169.92712402,
        "stdev": 2376.67089844
    },
    "spectral_skewness": {
        "mean": 2.67510294914,
        "stdev": 0.846904993057
    },
    "spectral_spread": {
        "mean": 2978040.25,
        "stdev": 5017613
    },
    "spectral_strongpeak": {
        "mean": 0.965550899506,
        "stdev": 0.953186035156
    },
    "zerocrossingrate": {
        "mean": 0.0400372892618,
        "stdev": 0.0620702952147
    },
    "barkbands": {
        "mean": [2.3087775844e-05, 0.000310503586661, 0.000665038183797, 0.0019463787321, 0.00389762455598, 0.00392360426486, 0.00201183883473, 0.00169416167773, 0.00130390003324, 0.00108740048017, 0.000391735171434, 0.000227357028052, 0.00025750513305, 0.0003008544154, 0.000334965239745, 0.000204934476642, 0.000147378872498, 5.75396516069e-05, 4.25628568337e-05, 1.6304289602e-05, 7.11814936949e-06, 4.28923840445e-06, 2.25514804697e-06, 1.53191206209e-06, 7.04369711002e-07, 3.20440420865e-07, 1.86761024423e-08],
        "stdev": [4.1215611418e-05, 0.000806429772638, 0.00162197323516, 0.00586072262377, 0.00754264276475, 0.00644411146641, 0.00529569014907, 0.00546799600124, 0.00272762565874, 0.00319492816925, 0.00106726936065, 0.000544632202946, 0.000591887917835, 0.000654143514112, 0.000717616756447, 0.000518295506481, 0.000421320641181, 0.000118731753901, 0.00012570360559, 5.12884435011e-05, 1.71151659742e-05, 8.58962266648e-06, 4.93585503136e-06, 2.84554926111e-06, 1.05643198367e-06, 5.71518910419e-07, 9.09630415435e-08]
    },
    "erbbands": {
        "mean": [0.00315897120163, 0.0952303633094, 0.658731400967, 3.86897921562, 12.0472316742, 11.088145256, 21.3163204193, 31.9563179016, 31.5195426941, 32.4453239441, 33.955696106, 33.8234481812, 32.1172561646, 30.4364109039, 12.9547986984, 9.92152023315, 11.5375165939, 16.4987602234, 14.2594490051, 17.4455356598, 10.5613794327, 6.88018846512, 4.07987594604, 2.73680019379, 1.80265259743, 0.789851725101, 0.384762585163, 0.201787233353, 0.164495483041, 0.0971923097968, 0.0632148459554, 0.0404329933226, 0.0208186991513, 0.00944304745644, 0.00409317435697, 0.00183448835742, 0.000519974331837, 7.3694405728e-05, 1.15743041533e-05, 2.14809024328e-05],
        "stdev": [0.00652603665367, 0.237945243716, 1.3745572567, 11.7337255478, 32.3739433289, 21.4079627991, 45.6327018738, 56.505645752, 67.8500595093, 137.832565308, 73.739074707, 72.2034606934, 94.6651000977, 90.6917648315, 27.4101200104, 22.3626804352, 23.5372638702, 32.3045158386, 26.1074104309, 39.2076377869, 22.6434803009, 18.1223220825, 11.0041780472, 8.68863677979, 5.11652040482, 1.98980033398, 0.945452392101, 0.367083966732, 0.318547904491, 0.243825674057, 0.111647367477, 0.0671433880925, 0.0418277047575, 0.0140073094517, 0.00649406993762, 0.00317924073897, 0.000996986287646, 0.000174713190063, 1.65369838214e-05, 2.42315272772e-05]
    },
    "gfcc": {
        "mean": [-118.929641724, 152.092926025, -137.372543335, -1.8858653307, -55.6747550964, -9.78232383728, -45.3224105835, -4.78348922729, -17.1631584167, -9.72138404846, -15.9569816589, -8.93381595612, -5.20860052109],
        "cov": [[27023.5410156, 2864.31420898, -3709.50830078, -328.009674072, -1388.30407715, -481.519287109, -1153.59082031, -276.228179932, -450.866729736, -368.426086426, -388.292785645, -368.805114746, -213.963134766], [2864.31420898, 936.994628906, -290.906951904, -114.159080505, -74.2465057373, -98.341178894, -93.4492797852, -96.1608123779, 0.946135520935, -106.538139343, -18.1569538116, -117.762908936, 17.3807792664], [-3709.50830078, -290.906951904, 978.528686523, 107.434371948, 223.839004517, 114.75453949, 144.37361145, 35.3009872437, 37.8906784058, 50.7747573853, 22.1025543213, 13.7977457047, -8.95756721497], [-328.009674072, -114.159080505, 107.434371948, 278.929046631, 80.9787063599, 52.843044281, 60.4598083496, 75.4627075195, 19.1161289215, 48.5605659485, 38.201965332, 29.6653327942, -23.3614387512], [-1388.30407715, -74.2465057373, 223.839004517, 80.9787063599, 196.701187134, 53.4681587219, 84.6975021362, 19.7019844055, 32.7327156067, 12.1176319122, 15.8250007629, 1.45987415314, 0.195015981793], [-481.519287109, -98.341178894, 114.75453949, 52.843044281, 53.4681587219, 128.654937744, 51.0854682922, 34.2502212524, -11.3801317215, 15.7683191299, -24.1644496918, 9.7951335907, -16.2033500671], [-1153.59082031, -93.4492797852, 144.37361145, 60.4598083496, 84.6975021362, 51.0854682922, 149.600250244, 64.6422042847, 44.1638374329, 20.6721401215, 37.3228530884, 13.977602005, 4.39353466034], [-276.228179932, -96.1608123779, 35.3009872437, 75.4627075195, 19.7019844055, 34.2502212524, 64.6422042847, 118.388618469, 46.6621360779, 49.6719093323, 29.842376709, 31.4548969269, -8.19896602631], [-450.866729736, 0.946135520935, 37.8906784058, 19.1161289215, 32.7327156067, -11.3801317215, 44.1638374329, 46.6621360779, 94.974029541, 44.9515571594, 45.6669006348, 7.18469142914, 6.80673456192], [-368.426086426, -106.538139343, 50.7747573853, 48.5605659485, 12.1176319122, 15.7683191299, 20.6721401215, 49.6719093323, 44.9515571594, 98.2852859497, 58.8811798096, 39.3800926208, -1.63191378117], [-388.292785645, -18.1569538116, 22.1025543213, 38.201965332, 15.8250007629, -24.1644496918, 37.3228530884, 29.842376709, 45.6669006348, 58.8811798096, 126.780769348, 53.3090324402, 23.8246860504], [-368.805114746, -117.762908936, 13.7977457047, 29.6653327942, 1.45987415314, 9.7951335907, 13.977602005, 31.4548969269, 7.18469142914, 39.3800926208, 53.3090324402, 95.1573410034, 36.9364700317], [-213.963134766, 17.3807792664, -8.95756721497, -23.3614387512, 0.195015981793, -16.2033500671, 4.39353466034, -8.19896602631, 6.80673456192, -1.63191378117, 23.8246860504, 36.9364700317, 72.1018218994]],
        "icov": [[0.000249043601798, -0.000591339601669, 0.000550693599507, -0.000361380953109, 0.000682230747771, -0.000156066860654, 0.00084615056403, -0.000553917663638, 0.00061120360624, -0.000178289672476, 0.000204272873816, 3.67962675227e-05, 0.000533363490831], [-0.000591339601669, 0.0032100728713, -0.000985447783023, 0.000814606377389, -0.0014898792142, -4.0598315536e-05, -0.000917387311347, 0.0014009536244, -0.002453120891, 0.00234196847305, -0.00215993449092, 0.00268611893989, -0.00255474774167], [0.000550693599507, -0.000985447783023, 0.00278040743433, -0.000781970331445, 0.000230553559959, -0.000865378766321, 0.00124220992438, -0.000604669097811, 0.00133426848333, -0.000942501530517, 0.000427768856753, 0.000486295524752, 0.0010864881333], [-0.000361380953109, 0.000814606377389, -0.000781970331445, 0.00590483564883, -0.00309863151051, -0.000182611183845, -0.000957883370575, -0.00212902389467, 0.000885676709004, -0.000533647544216, -0.00150622590445, -0.000618907157332, 0.00104996585287], [0.000682230747771, -0.0014898792142, 0.000230553559959, -0.00309863151051, 0.0113501390442, -0.00246410048567, -0.000738178612664, 0.00152738171164, -0.00162141013425, 0.000964339240454, 0.000496067921631, 0.000564750866033, 0.000764223223086], [-0.000156066860654, -4.0598315536e-05, -0.000865378766321, -0.000182611183845, -0.00246410048567, 0.0139934038743, -0.00514061236754, -0.00123655120842, 0.00462595000863, -0.00476468307897, 0.00604446744546, -0.00316807301715, 0.00178510928527], [0.00084615056403, -0.000917387311347, 0.00124220992438, -0.000957883370575, -0.000738178612664, -0.00514061236754, 0.0182621404529, -0.00848712958395, -0.00123950489797, 0.00557757494971, -0.0054423250258, 0.00402190070599, -0.000673861824907], [-0.000553917663638, 0.0014009536244, -0.000604669097811, -0.00212902389467, 0.00152738171164, -0.00123655120842, -0.00848712958395, 0.0200528372079, -0.00814772769809, -0.00334651675075, 0.00297151901759, -0.00549549981952, 0.00229582120664], [0.00061120360624, -0.002453120891, 0.00133426848333, 0.000885676709004, -0.00162141013425, 0.00462595000863, -0.00123950489797, -0.00814772769809, 0.0232733227313, -0.00938761327416, -0.00135907577351, 0.00468499818817, -0.00130972045008], [-0.000178289672476, 0.00234196847305, -0.000942501530517, -0.000533647544216, 0.000964339240454, -0.00476468307897, 0.00557757494971, -0.00334651675075, -0.00938761327416, 0.0247476138175, -0.0095581561327, -0.00182138162199, 0.00236031971872], [0.000204272873816, -0.00215993449092, 0.000427768856753, -0.00150622590445, 0.000496067921631, 0.00604446744546, -0.0054423250258, 0.00297151901759, -0.00135907577351, -0.0095581561327, 0.0192722659558, -0.00945407617837, 0.00110549211968], [3.67962675227e-05, 0.00268611893989, 0.000486295524752, -0.000618907157332, 0.000564750866033, -0.00316807301715, 0.00402190070599, -0.00549549981952, 0.00468499818817, -0.00182138162199, -0.00945407617837, 0.0264505576342, -0.0131716411561], [0.000533363490831, -0.00255474774167, 0.0010864881333, 0.00104996585287, 0.000764223223086, 0.00178510928527, -0.000673861824907, 0.00229582120664, -0.00130972045008, 0.00236031971872, 0.00110549211968, -0.0131716411561, 0.0238036569208]]
    },
    "melbands": {
        "mean": [5.57341772947e-05, 0.00026560126571, 0.000922731298488, 0.000871142488904, 0.000664378458168, 0.000730468076654, 0.000473141903058, 0.000360800157068, 0.000256379455095, 0.00021007815667, 0.000154587585712, 0.000124466212583, 4.61560666736e-05, 2.93126286124e-05, 2.03016497835e-05, 2.84472043859e-05, 3.18653619615e-05, 2.11950100493e-05, 2.52437512245e-05, 1.98613088287e-05, 1.08488357e-05, 7.45932447899e-06, 5.42093221156e-06, 2.70693362836e-06, 2.13764542423e-06, 1.44785838074e-06, 8.50128571983e-07, 4.36499504985e-07, 2.71051590062e-07, 1.57318623906e-07, 9.9644651641e-08, 9.98407045927e-08, 6.73063595968e-08, 4.77396859822e-08, 3.69161838876e-08, 3.21441007145e-08, 2.12656949827e-08, 1.5582465096e-08, 1.06961230983e-08, 6.89311363544e-09],
        "stdev": [0.000132546716486, 0.000556208542548, 0.00246518477798, 0.00181393709499, 0.00135576771572, 0.00126215314958, 0.0010068154661, 0.00148743460886, 0.000536315725185, 0.000471912062494, 0.000469149963465, 0.000393183057895, 0.000103582751763, 6.99119918863e-05, 4.0918304876e-05, 7.4280804256e-05, 6.84975311742e-05, 4.2620991735e-05, 5.78436920478e-05, 5.04381459905e-05, 2.48798987741e-05, 1.89471193153e-05, 2.5823706892e-05, 5.77075161345e-06, 8.0111749412e-06, 4.25129019277e-06, 2.92768845611e-06, 1.19117578379e-06, 7.81700748576e-07, 3.78231533205e-07, 1.99079991603e-07, 2.09968263221e-07, 1.36432362297e-07, 1.68061319528e-07, 7.23523925217e-08, 5.18528402438e-08, 3.9613720304e-08, 4.03314537323e-08, 1.62755000588e-08, 1.06198436711e-08]
    },
    "melbands128": {
        "mean": [1.04566588561e-05, 1.26729783005e-05, 4.48088212579e-05, 0.000190563252545, 0.000266455579549, 0.000355640542693, 0.000695893133525, 0.00107000663411, 0.00139485253021, 0.000967990024947, 0.000614175049122, 0.000440922041889, 0.00077389285434, 0.000844139431138, 0.000733329798095, 0.000715830770787, 0.000566861068364, 0.000441691750893, 0.000369223707821, 0.000358040822903, 0.000384075887268, 0.000319901009789, 0.000263179710601, 0.000142725781188, 0.00024275908072, 0.000220694870222, 0.000154780194862, 0.000191430081031, 7.97545144451e-05, 0.00017776589084, 0.000123688543681, 6.07047368248e-05, 4.1295439587e-05, 3.74048431695e-05, 2.89507843263e-05, 3.02095468214e-05, 2.66811857728e-05, 1.44978639582e-05, 2.33330192714e-05, 2.3126573069e-05, 3.55407501047e-05, 2.5537536203e-05, 3.17807862302e-05, 3.75851304852e-05, 2.11526567e-05, 1.59143583005e-05, 2.47507614404e-05, 2.50476568908e-05, 2.67950090347e-05, 2.42221740336e-05, 2.09652553167e-05, 1.18834122986e-05, 1.25945834952e-05, 9.08164656721e-06, 1.03047250377e-05, 6.50909441902e-06, 4.59275906906e-06, 9.56035182753e-06, 3.29447402692e-06, 3.28917531078e-06, 2.63286574409e-06, 1.74161607447e-06, 3.94301059714e-06, 1.42951171256e-06, 1.01534442365e-06, 1.51008850935e-06, 1.87406624264e-06, 9.17564307201e-07, 5.8696934957e-07, 7.30920191927e-07, 3.85574168149e-07, 4.04278267752e-07, 2.5713109153e-07, 3.11900663519e-07, 1.41377896057e-07, 2.06977944117e-07, 1.36890363933e-07, 1.02551567238e-07, 9.40950997119e-08, 9.56103178851e-08, 1.0103800463e-07, 1.00782912682e-07, 9.52441041591e-08, 5.09446778096e-08, 6.39758326315e-08, 5.10016917588e-08, 4.60904772126e-08, 3.18307975533e-08, 4.24289083867e-08, 3.21781641333e-08, 3.1898636621e-08, 3.62811327648e-08, 2.77109037938e-08, 1.90536901812e-08, 1.78109260673e-08, 1.83359727401e-08, 1.5197310077e-08, 1.21840137979e-08, 1.08826716527e-08, 1.01604999969e-08, 7.80727660299e-09, 6.51383702532e-09, 5.57853230276e-09, 4.75186867632e-09, 4.172668433e-09, 4.23224744139e-09, 4.60250948464e-09, 3.7725205182e-09, 2.89668689035e-09, 2.47538967102e-09, 2.70224864707e-09, 1.95589167085e-09, 1.54518520201e-09, 1.04872144302e-09, 8.42847958094e-10, 7.01973978945e-10, 5.90566928693e-10, 1.21117851859e-10, 3.28588198317e-11, 2.05839512102e-11, 2.00333586525e-11, 2.03307509716e-11, 1.05424462563e-11, 1.00529289754e-11, 7.00970444883e-12, 3.41952724817e-12, 2.84418235491e-12, 2.81966876063e-12],
        "stdev": [1.50335872604e-05, 2.892147495e-05, 0.000117798204883, 0.000522237620316, 0.000644032261334, 0.00102242524736, 0.00266778306104, 0.0033291191794, 0.00441957218572, 0.00221687345766, 0.00165735266637, 0.00137693097349, 0.00205939658917, 0.001911732601, 0.00159949855879, 0.00190463825129, 0.00182563590351, 0.0012798095122, 0.00109548587352, 0.00232592131943, 0.00225788587704, 0.000846686190926, 0.000721996999346, 0.000444318633527, 0.000643737788778, 0.000644229876343, 0.00057767733233, 0.000849245581776, 0.000262800254859, 0.000745223544072, 0.000417206465499, 0.000205533666303, 0.000122091267258, 0.000156898939167, 0.000110668144771, 8.92427415238e-05, 8.86802663445e-05, 6.32964001852e-05, 5.99622653681e-05, 5.71156488149e-05, 0.000153807122842, 7.16697395546e-05, 8.393805183e-05, 0.000115546077723, 7.8062992543e-05, 3.82406724384e-05, 6.91266614012e-05, 9.04679327505e-05, 9.5038805739e-05, 7.7605334809e-05, 8.26981267892e-05, 4.52060594398e-05, 4.8228448577e-05, 2.73287168966e-05, 3.0821414839e-05, 2.97394799418e-05, 1.67398593476e-05, 6.56434931443e-05, 1.26556760733e-05, 1.08401363832e-05, 8.1971002146e-06, 4.5774731916e-06, 2.0072915504e-05, 5.19872855875e-06, 3.3602404983e-06, 5.09799974679e-06, 8.1321104517e-06, 4.570623787e-06, 3.15266538564e-06, 3.44499721905e-06, 1.22723804452e-06, 1.6575254449e-06, 7.25802522084e-07, 1.38583800435e-06, 4.17193774638e-07, 7.44324665902e-07, 3.17895398894e-07, 2.29614187219e-07, 2.42980149778e-07, 3.44420044485e-07, 3.09650914687e-07, 2.49940541153e-07, 2.74723078064e-07, 1.20468300224e-07, 1.99417641511e-07, 2.05734153269e-07, 2.2708715619e-07, 6.22870572897e-08, 1.22396642155e-07, 6.17886541932e-08, 6.26900913403e-08, 6.74371918308e-08, 5.76512597661e-08, 3.61892631418e-08, 5.38835926989e-08, 1.06162836744e-07, 2.87343837613e-08, 2.09974331256e-08, 1.96241121131e-08, 1.84383033286e-08, 1.25255006367e-08, 1.27020953755e-08, 1.04331059347e-08, 9.00127794523e-09, 7.96266785841e-09, 8.24207280203e-09, 9.70183489102e-09, 7.62809904131e-09, 6.45112940845e-09, 4.9873283281e-09, 5.34210586878e-09, 3.74940389847e-09, 4.61145832631e-09, 2.37955566362e-09, 2.06619854559e-09, 1.43862410873e-09, 2.53987031407e-09, 8.83196848989e-10, 1.16575127329e-09, 2.36789310382e-10, 3.82766623952e-10, 5.66551749959e-10, 1.58630081293e-10, 1.44283182624e-10, 8.84094950027e-11, 1.86124466534e-11, 4.92250381082e-12, 4.89740973469e-12]
    },
    "mfcc": {
        "mean": [-744.95111084, 183.40852356, -24.107755661, 7.11969614029, -0.405338287354, -9.07120132446, -17.7723445892, -6.12081623077, -5.58228111267, -1.12563872337, -8.33454418182, -8.62433624268, -7.02155780792],
        "cov": [[9806.125, 2012.75195312, -1128.32861328, -80.7814559937, -386.472106934, -285.008148193, -480.57824707, -158.70085144, -279.264343262, -57.0815238953, -209.295898438, -147.666122437, -153.334625244], [2012.75195312, 1422.68847656, -183.597549438, -107.78237915, -35.706829071, -91.9499359131, -143.299179077, -84.8060073853, -53.0496330261, -23.0096130371, -80.5116653442, -96.5239486694, -90.3851623535], [-1128.32861328, -183.597549438, 447.416046143, 84.2164459229, 96.1277313232, 74.4022369385, 85.4000701904, 24.7866764069, 31.8854942322, 34.5480995178, 24.2389202118, 10.1081542969, 21.792722702], [-80.7814559937, -107.78237915, 84.2164459229, 220.216339111, 60.0665054321, 20.3607578278, 47.1702461243, 33.3628082275, 6.24404096603, 31.7332401276, 36.3082275391, 39.1013336182, 63.8379020691], [-386.472106934, -35.706829071, 96.1277313232, 60.0665054321, 123.532348633, 52.7235565186, 38.2732582092, 13.8776826859, 21.8050041199, 13.0689048767, 11.2552089691, 5.92350196838, 6.64650440216], [-285.008148193, -91.9499359131, 74.4022369385, 20.3607578278, 52.7235565186, 102.620292664, 52.2421951294, 17.8444786072, 17.8607158661, 6.06434202194, 5.15036058426, -4.9655418396, -9.90845966339], [-480.57824707, -143.299179077, 85.4000701904, 47.1702461243, 38.2732582092, 52.2421951294, 116.909141541, 53.1021652222, 25.9546604156, 23.5801429749, 21.951341629, 13.6141557693, 20.2481079102], [-158.70085144, -84.8060073853, 24.7866764069, 33.3628082275, 13.8776826859, 17.8444786072, 53.1021652222, 84.0701446533, 38.81823349, 18.1039981842, 17.256111145, 11.4530439377, 15.1034669876], [-279.264343262, -53.0496330261, 31.8854942322, 6.24404096603, 21.8050041199, 17.8607158661, 25.9546604156, 38.81823349, 85.908203125, 30.6781272888, 12.3396492004, 4.44754743576, 3.43964719772], [-57.0815238953, -23.0096130371, 34.5480995178, 31.7332401276, 13.0689048767, 6.06434202194, 23.5801429749, 18.1039981842, 30.6781272888, 77.3377685547, 37.9634819031, 12.5498456955, 17.7805843353], [-209.295898438, -80.5116653442, 24.2389202118, 36.3082275391, 11.2552089691, 5.15036058426, 21.951341629, 17.256111145, 12.3396492004, 37.9634819031, 82.8064804077, 45.9635925293, 25.1860618591], [-147.666122437, -96.5239486694, 10.1081542969, 39.1013336182, 5.92350196838, -4.9655418396, 13.6141557693, 11.4530439377, 4.44754743576, 12.5498456955, 45.9635925293, 95.9206695557, 62.9100151062], [-153.334625244, -90.3851623535, 21.792722702, 63.8379020691, 6.64650440216, -9.90845966339, 20.2481079102, 15.1034669876, 3.43964719772, 17.7805843353, 25.1860618591, 62.9100151062, 120.425888062]],
        "icov": [[0.000275014608633, -0.000284130248474, 0.00047012954019, -0.000459259492345, 0.000528791279066, -0.000373986316845, 0.000684757251292, -0.000472155632451, 0.000671591435093, -0.000634773226921, 0.000580321182497, -0.000199014379177, 0.000236555133597], [-0.000284130248474, 0.00120442092884, -0.000278701685602, 0.000603025953751, -0.00102563388646, 0.000936762429774, -9.8490549135e-05, 0.000631252187304, -0.000362956197932, 9.61593468674e-05, -0.000113056470582, 0.000651618407574, 2.34520884987e-05], [0.00047012954019, -0.000278701685602, 0.00388386868872, -0.00119374250062, -0.00056319864234, -0.0012420034036, -0.000164076467627, 0.000105728096969, 0.000839428510517, -0.00166344887111, 0.00102789618541, 1.72597319761e-05, 0.000260244793026], [-0.000459259492345, 0.000603025953751, -0.00119374250062, 0.00768777076155, -0.00380898406729, 0.00116059894208, -0.00143319927156, -0.00115155475214, 0.000931992835831, -0.000360108970199, -0.00180078437552, 0.00044855629676, -0.00313147483394], [0.000528791279066, -0.00102563388646, -0.00056319864234, -0.00380898406729, 0.014079532586, -0.00572311645374, 0.000705704384018, 0.000506176555064, -0.00123642664403, -0.000383653357858, 0.000877879676409, -0.000875047582667, 0.000959954224527], [-0.000373986316845, 0.000936762429774, -0.0012420034036, 0.00116059894208, -0.00572311645374, 0.0166738796979, -0.00663834484294, 0.00185985094868, -0.00177439663094, 0.0018054478569, -0.000711716595106, 0.000933646981139, 0.00185231503565], [0.000684757251292, -9.8490549135e-05, -0.000164076467627, -0.00143319927156, 0.000705704384018, -0.00663834484294, 0.0190441906452, -0.00977867562324, 0.00338560179807, -0.00366384978406, 0.00105583178811, -8.78391656443e-05, -0.000704053789377], [-0.000472155632451, 0.000631252187304, 0.000105728096969, -0.00115155475214, 0.000506176555064, 0.00185985094868, -0.00977867562324, 0.021919105202, -0.00921002682298, 0.00272278860211, -0.0024143147748, 0.000803792267106, -0.000569787167478], [0.000671591435093, -0.000362956197932, 0.000839428510517, 0.000931992835831, -0.00123642664403, -0.00177439663094, 0.00338560179807, -0.00921002682298, 0.0195615198463, -0.00830878410488, 0.00327688874677, -0.00131830282044, 0.00111623003613], [-0.000634773226921, 9.61593468674e-05, -0.00166344887111, -0.000360108970199, -0.000383653357858, 0.0018054478569, -0.00366384978406, 0.00272278860211, -0.00830878410488, 0.0225155390799, -0.0111988177523, 0.00443685147911, -0.00286257779226], [0.000580321182497, -0.000113056470582, 0.00102789618541, -0.00180078437552, 0.000877879676409, -0.000711716595106, 0.00105583178811, -0.0024143147748, 0.00327688874677, -0.0111988177523, 0.023720651865, -0.0111273517832, 0.0038526901044], [-0.000199014379177, 0.000651618407574, 1.72597319761e-05, 0.00044855629676, -0.000875047582667, 0.000933646981139, -8.78391656443e-05, 0.000803792267106, -0.00131830282044, 0.00443685147911, -0.0111273517832, 0.0217193271965, -0.00960249546915], [0.000236555133597, 2.34520884987e-05, 0.000260244793026, -0.00313147483394, 0.000959954224527, 0.00185231503565, -0.000704053789377, -0.000569787167478, 0.00111623003613, -0.00286257779226, 0.0038526901044, -0.00960249546915, 0.0151261482388]]
    },
    "spectral_contrast_coeffs": {
        "mean": [-0.632247805595, -0.724829018116, -0.719472408295, -0.7756305933, -0.773454010487, -0.789060890675],
        "stdev": [0.107256360352, 0.0822668150067, 0.0750392749906, 0.060490116477, 0.0527937710285, 0.0388745032251]
    },
    "spectral_contrast_valleys": {
        "mean": [-7.91400957108, -7.18744325638, -8.33878993988, -8.5330915451, -9.43462562561, -12.5504150391],
        "stdev": [2.70806574821, 2.8361325264, 2.688560009, 2.66954946518, 2.52379059792, 2.11139774323]
    }
},
"rhythm": {
    "beats_count": 404,
    "beats_loudness": {
        "mean": 0.0274759847671,
        "stdev": 0.0301261693239
    },
    "bpm": 122.89478302,
    "bpm_histogram_first_peak_bpm": 123,
    "bpm_histogram_first_peak_weight": 0.513119518757,
    "bpm_histogram_second_peak_bpm": 117,
    "bpm_histogram_second_peak_spread": 0.25,
    "bpm_histogram_second_peak_weight": 0.0669975206256,
    "danceability": 0.972220599651,
    "onset_rate": 3.04970741272,
    "beats_loudness_band_ratio": {
        "mean": [0.211093336344, 0.393500715494, 0.2964232862, 0.11478099972, 0.0559494420886, 0.00406973809004],
        "stdev": [0.224257811904, 0.215374857187, 0.189224168658, 0.105407528579, 0.0626847893, 0.00616101175547]
    },
    "beats_position": [0.46439909935, 0.952018141747, 1.43963718414, 1.92725622654, 2.42648530006, 2.92571425438, 3.43655323982, 3.93578219414, 4.446621418, 4.95746040344, 5.45668935776, 5.95591831207, 6.45514726639, 6.9543762207, 7.44199514389, 7.92961454391, 8.4172334671, 8.90485286713, 9.38086128235, 9.85687065125, 10.3328800201, 10.8204984665, 11.3081178665, 11.7957363129, 12.2833557129, 12.7709751129, 13.2585935593, 13.7462129593, 14.2222223282, 14.7098407745, 15.1858501434, 15.6618595123, 16.1378688812, 16.6254863739, 17.1131057739, 17.600725174, 18.088344574, 18.575963974, 19.0635814667, 19.5512008667, 20.0272102356, 20.5148296356, 20.9908390045, 21.4784584045, 21.9544658661, 22.430475235, 22.918094635, 23.405714035, 23.8933334351, 24.3809528351, 24.8685703278, 25.3561897278, 25.8438091278, 26.3314285278, 26.7958278656, 27.2718353271, 27.7362346649, 28.2122440338, 28.6998634338, 29.1874828339, 29.6751022339, 30.1627197266, 30.6503391266, 31.1379585266, 31.6371879578, 32.1364173889, 32.6356468201, 33.1348762512, 33.6224937439, 34.1101112366, 34.6093406677, 35.1085700989, 35.60779953, 36.0954170227, 36.5830383301, 37.0822677612, 37.5814971924, 38.0807266235, 38.5683441162, 39.0559616089, 39.5435829163, 40.0428123474, 40.5420417786, 41.041267395, 41.5404968262, 42.0513381958, 42.5621757507, 43.0730133057, 43.5954627991, 44.1063041687, 44.6287536621, 45.139591217, 45.650428772, 46.1612701416, 46.6604995728, 47.1597251892, 47.6589546204, 48.1581840515, 48.6458053589, 49.1334228516, 49.6094322205, 50.0970497131, 50.5846710205, 51.0722885132, 51.5482978821, 52.0359191895, 52.5235366821, 53.0111541748, 53.5336036682, 54.0676651001, 54.6017227173, 55.1241722107, 55.6350097656, 56.1458511353, 56.6566886902, 57.1675262451, 57.6899757385, 58.1892051697, 58.6884346008, 59.187664032, 59.6868934631, 60.1745109558, 60.673740387, 61.1729698181, 61.6721992493, 62.1714286804, 62.6706581116, 63.169883728, 63.6691131592, 64.1567306519, 64.655960083, 65.1551895142, 65.6544189453, 66.1536483765, 66.6412658691, 67.1288909912, 67.6165084839, 68.115737915, 68.6033554077, 69.1025848389, 69.6134262085, 70.1010437012, 70.5886611938, 71.0762786865, 71.5638961792, 72.0515213013, 72.5507507324, 73.0383682251, 73.5375976562, 74.0252151489, 74.5244445801, 75.0236740112, 75.5229034424, 76.0105209351, 76.5097503662, 77.0089797974, 77.49659729, 77.9726028442, 78.4602279663, 78.9362335205, 79.4122467041, 79.8882522583, 80.3642578125, 80.8286590576, 81.3046722412, 81.7806777954, 82.2682952881, 82.7559204102, 83.2435379028, 83.7079315186, 84.1839447021, 84.6599502563, 85.1475753784, 85.6351928711, 86.1228103638, 86.598815918, 87.08644104, 87.5740585327, 88.0500640869, 88.5260772705, 89.0020828247, 89.4780960083, 89.9541015625, 90.4301147461, 90.9061203003, 91.3821334839, 91.8581390381, 92.3225402832, 92.7869338989, 93.251335144, 93.7273483276, 94.2033538818, 94.6793670654, 95.1553726196, 95.6313781738, 96.1073913574, 96.5833969116, 97.0594100952, 97.5354156494, 98.011428833, 98.4874343872, 98.9634475708, 99.4510650635, 99.9502944946, 100.449523926, 100.937141418, 101.413146973, 101.889160156, 102.36516571, 102.87600708, 103.38684845, 103.89768219, 104.396911621, 104.884536743, 105.372154236, 105.871383667, 106.370613098, 106.858230591, 107.345848083, 107.833465576, 108.321083069, 108.808708191, 109.284713745, 109.760726929, 110.236732483, 110.712738037, 111.200363159, 111.687980652, 112.175598145, 112.663215637, 113.15083313, 113.638458252, 114.114463806, 114.59047699, 115.066482544, 115.542495728, 116.018501282, 116.506118774, 116.982131958, 117.469749451, 117.957366943, 118.444984436, 118.92099762, 119.397003174, 119.873016357, 120.36063385, 120.836639404, 121.324264526, 121.811882019, 122.299499512, 122.787117004, 123.274734497, 123.762359619, 124.249977112, 124.737594604, 125.225212097, 125.71282959, 126.200454712, 126.699676514, 127.198905945, 127.698135376, 128.197372437, 128.696594238, 129.195831299, 129.706665039, 130.205886841, 130.693511963, 131.181137085, 131.668746948, 132.167984009, 132.655593872, 133.143218994, 133.642440796, 134.141677856, 134.62928772, 135.116912842, 135.604537964, 136.092147827, 136.579772949, 137.067382812, 137.555007935, 138.042633057, 138.541854858, 139.041091919, 139.540313721, 140.027938843, 140.527160645, 141.026397705, 141.514007568, 142.013244629, 142.500854492, 142.988479614, 143.476104736, 143.9637146, 144.451339722, 144.927337646, 145.414962769, 145.914199829, 146.401809692, 146.889434814, 147.377044678, 147.8646698, 148.352294922, 148.839904785, 149.327529907, 149.826751709, 150.349197388, 150.860046387, 151.370880127, 151.893325806, 152.415786743, 152.94984436, 153.437454224, 153.936691284, 154.447525024, 154.969970703, 155.480819702, 155.980041504, 156.456054688, 156.943664551, 157.431289673, 157.930511475, 158.418136597, 158.917373657, 159.381759644, 159.846160889, 160.310562134, 160.798187256, 161.285797119, 161.773422241, 162.272644043, 162.760269165, 163.259490967, 163.758728027, 164.257949829, 164.75718689, 165.233200073, 165.69758606, 166.173599243, 166.649612427, 167.137237549, 167.624847412, 168.124084473, 168.623306274, 169.122543335, 169.610153198, 170.09777832, 170.597000122, 171.096237183, 171.595458984, 172.083084106, 172.57069397, 173.046707153, 173.522720337, 173.998733521, 174.474731445, 174.93913269, 175.403533936, 175.891159058, 176.378768921, 176.854782104, 177.342407227, 177.818405151, 178.306030273, 178.793640137, 179.26965332, 179.745666504, 180.233291626, 180.720901489, 181.208526611, 181.696136475, 182.183761597, 182.671386719, 183.158996582, 183.646621704, 184.122619629, 184.621856689, 185.121078491, 185.608703613, 186.096328735, 186.595550537, 187.094787598, 187.605621338, 188.116455078, 188.627304077, 189.172973633, 189.718643188, 190.21786499, 190.705490112, 191.204711914, 191.692337036, 192.110290527, 192.528244019, 192.946212769, 193.375778198, 193.793731689, 194.211700439, 194.710922241, 195.210159302, 195.709381104, 196.208618164, 196.707839966, 197.207077026, 197.717910767],
    "bpm_histogram": [0, 0, 0, 0, 0, 0, 0, 0, 0, 0, 0, 0, 0, 0, 0, 0, 0, 0, 0, 0, 0, 0, 0, 0, 0, 0, 0, 0, 0, 0, 0, 0, 0, 0, 0, 0, 0, 0, 0, 0, 0, 0, 0, 0, 0, 0, 0, 0, 0, 0, 0, 0, 0, 0, 0, 0, 0, 0, 0, 0, 0, 0, 0, 0, 0, 0, 0, 0, 0, 0, 0, 0, 0, 0, 0, 0, 0, 0, 0, 0, 0, 0, 0, 0, 0, 0, 0, 0, 0, 0, 0, 0, 0, 0, 0, 0, 0, 0, 0, 0, 0, 0, 0, 0, 0, 0, 0, 0, 0, 0, 0.00496277911589, 0, 0.00744416890666, 0, 0, 0.0223325062543, 0, 0.0669975206256, 0, 0, 0.24565756321, 0, 0, 0.414392054081, 0, 0, 0.191066995263, 0, 0, 0.0322580635548, 0, 0, 0, 0, 0, 0, 0, 0, 0, 0, 0.00248138955794, 0, 0, 0, 0.0124069480225, 0, 0, 0, 0, 0, 0, 0, 0, 0, 0, 0, 0, 0, 0, 0, 0, 0, 0, 0, 0, 0, 0, 0, 0, 0, 0, 0, 0, 0, 0, 0, 0, 0, 0, 0, 0, 0, 0, 0, 0, 0, 0, 0, 0, 0, 0, 0, 0, 0, 0, 0, 0, 0, 0, 0, 0, 0, 0, 0, 0, 0, 0, 0, 0, 0, 0, 0, 0, 0, 0, 0, 0, 0, 0, 0, 0, 0, 0, 0, 0, 0, 0, 0, 0, 0, 0, 0, 0, 0, 0, 0, 0, 0, 0, 0, 0, 0, 0, 0, 0, 0, 0, 0, 0, 0]
},
"tonal": {
    "chords_changes_rate": 0.0564006567001,
    "chords_number_rate": 0.00327638653107,
    "chords_strength": {
        "mean": 0.529648542404,
        "stdev": 0.204416930676
    },
    "hpcp_crest": {
        "mean": 16.7360420227,
        "stdev": 8.4504776001
    },
    "hpcp_entropy": {
        "mean": 1.59538578987,
        "stdev": 0.759209930897
    },
    "key_edma": {
        "strength": 0.648864924908,
        "key": "G",
        "scale": "minor"
    },
    "key_krumhansl": {
        "strength": 0.648662745953,
        "key": "G",
        "scale": "minor"
    },
    "key_temperley": {
        "strength": 0.642428576946,
        "key": "G",
        "scale": "minor"
    },
    "tuning_diatonic_strength": 0.451575040817,
    "tuning_equal_tempered_deviation": 0,
    "tuning_frequency": 440.254241943,
    "tuning_nontempered_energy_ratio": 0.680110454559,
    "hpcp": {
        "mean": [0.232284814119, 0.153929427266, 0.101383045316, 0.144679486752, 0.0909648165107, 0.0465359762311, 0.0650254935026, 0.0531358011067, 0.0821173936129, 0.128041341901, 0.0866056010127, 0.053405303508, 0.0679507106543, 0.0665108412504, 0.159504458308, 0.250685870647, 0.148969650269, 0.0768915936351, 0.104167185724, 0.076759070158, 0.0979150757194, 0.160135507584, 0.120303936303, 0.146599724889, 0.204841196537, 0.126983046532, 0.0846866518259, 0.113918155432, 0.109379060566, 0.192696049809, 0.27948731184, 0.164540916681, 0.052742652595, 0.0462129563093, 0.0469919480383, 0.133658885956],
        "stdev": [0.323911458254, 0.227056771517, 0.183671534061, 0.278081268072, 0.19246943295, 0.103170633316, 0.166494205594, 0.134030386806, 0.172010838985, 0.253571391106, 0.181127399206, 0.129087075591, 0.177679613233, 0.158224269748, 0.23775601387, 0.335877865553, 0.222377985716, 0.171419411898, 0.257893800735, 0.182663500309, 0.1924675107, 0.277726083994, 0.211078748107, 0.246547415853, 0.315882712603, 0.233243733644, 0.175946787, 0.240370988846, 0.226858004928, 0.274749875069, 0.362962394953, 0.254688918591, 0.125953420997, 0.135783091187, 0.130866721272, 0.220647007227]
    },
    "chords_histogram": [15.8202667236, 7.06763410568, 12.7311019897, 5.9208984375, 6.76339817047, 3.51041412354, 0.63187456131, 3.51041412354, 0.39784693718, 7.79311943054, 5.28902387619, 9.31429862976, 0.514860749245, 2.80833148956, 0.117013804615, 0, 1.05312430859, 0.514860749245, 0.0702082812786, 0, 0.772291123867, 0.0468055233359, 10.1802015305, 5.17201042175],
    "thpcp": [1, 0.588724076748, 0.188712149858, 0.165349036455, 0.168136253953, 0.478228807449, 0.831110417843, 0.550756394863, 0.362746506929, 0.517660319805, 0.325470298529, 0.166504785419, 0.232659906149, 0.190118834376, 0.293814390898, 0.458129346371, 0.309873104095, 0.191083103418, 0.243126288056, 0.237974449992, 0.570703744888, 0.896948993206, 0.533010423183, 0.275116592646, 0.372708112001, 0.274642407894, 0.350338190794, 0.572961628437, 0.430445075035, 0.524530887604, 0.732917666435, 0.454342782497, 0.303007155657, 0.407596886158, 0.39135608077, 0.689462602139],
    "chords_key": "G",
    "chords_scale": "minor"
}
}