{
"metadata": {
    "version": {
        "essentia": "2.1-dev",
        "essentia_git_sha": "v2.1_beta3-415-gd5473f3",
        "extractor": "music 2.0"
    },
    "audio_properties": {
        "analysis": {
            "equal_loudness": 0,
            "length": 146.651428223,
            "sample_rate": 44100,
            "start_time": 0,
            "downmix": "mix"
        },
        "bit_rate": 192000,
        "length": 146.651428223,
        "lossless": 0,
        "number_channels": 2,
        "replay_gain": -7.94554901123,
        "sample_rate": 44100,
        "codec": "mp3",
        "md5_encoded": "1f53d6c3421261ecfe79601d140b07a4"
    },
    "tags": {
        "file_name": "wagner-tristan_e_isolda.mp3",
        "date": ["2004"],
        "engineer": ["rosamerica tamyo"]
    }
},
"lowlevel": {
    "average_loudness": 0.772308707237,
    "barkbands_crest": {
        "mean": 8.23916149139,
        "stdev": 3.77585220337
    },
    "barkbands_flatness_db": {
        "mean": 0.171391144395,
        "stdev": 0.0440334416926
    },
    "barkbands_kurtosis": {
        "mean": 1.22070848942,
        "stdev": 7.899954319
    },
    "barkbands_skewness": {
        "mean": 0.57859736681,
        "stdev": 1.01180839539
    },
    "barkbands_spread": {
        "mean": 16.7945308685,
        "stdev": 6.48292398453
    },
    "dissonance": {
        "mean": 0.462020546198,
        "stdev": 0.0283709466457
    },
    "dynamic_complexity": 3.67270755768,
    "erbbands_crest": {
        "mean": 10.0107145309,
        "stdev": 4.68157911301
    },
    "erbbands_flatness_db": {
        "mean": 0.247852146626,
        "stdev": 0.0509971752763
    },
    "erbbands_kurtosis": {
        "mean": 0.358998805285,
        "stdev": 2.80242586136
    },
    "erbbands_skewness": {
        "mean": 0.0659785866737,
        "stdev": 0.735164344311
    },
    "erbbands_spread": {
        "mean": 22.2041721344,
        "stdev": 8.40483379364
    },
    "hfc": {
        "mean": 18.8978652954,
        "stdev": 16.5517921448
    },
    "loudness_ebu128": {
        "integrated": -16.4807281494,
        "loudness_range": 7.03671455383,
        "momentary": {
            "mean": -22.9802284241,
            "stdev": 36.5355148315
        },
        "short_term": {
            "mean": -17.9344120026,
            "stdev": 6.01160669327
        }
    },
    "melbands_crest": {
        "mean": 11.4289627075,
        "stdev": 5.27212905884
    },
    "melbands_flatness_db": {
        "mean": 0.210259824991,
        "stdev": 0.0584766380489
    },
    "melbands_kurtosis": {
        "mean": 3.30113363266,
        "stdev": 16.4310283661
    },
    "melbands_skewness": {
        "mean": 1.1653226614,
        "stdev": 1.15428471565
    },
    "melbands_spread": {
        "mean": 27.5341281891,
        "stdev": 18.6315383911
    },
    "pitch_salience": {
        "mean": 0.574498534203,
        "stdev": 0.104065202177
    },
    "silence_rate_20dB": {
        "mean": 1,
        "stdev": 0
    },
    "silence_rate_30dB": {
        "mean": 0.999683380127,
        "stdev": 0.017791133374
    },
    "silence_rate_60dB": {
        "mean": 0.0951400995255,
        "stdev": 0.293421179056
    },
    "spectral_centroid": {
        "mean": 1527.62976074,
        "stdev": 1380.53613281
    },
    "spectral_complexity": {
        "mean": 19.8977355957,
        "stdev": 9.38862705231
    },
    "spectral_decrease": {
        "mean": -4.92767382454e-09,
        "stdev": 4.05062516862e-09
    },
    "spectral_energy": {
        "mean": 0.0203122328967,
        "stdev": 0.0166476368904
    },
    "spectral_energyband_high": {
        "mean": 0.000160517040058,
        "stdev": 0.00060995540116
    },
    "spectral_energyband_low": {
        "mean": 0.00269196555018,
        "stdev": 0.00464898627251
    },
    "spectral_energyband_middle_high": {
        "mean": 0.00898292753845,
        "stdev": 0.00973721314222
    },
    "spectral_energyband_middle_low": {
        "mean": 0.00951768644154,
        "stdev": 0.00898382719606
    },
    "spectral_entropy": {
        "mean": 7.22671508789,
        "stdev": 0.494111329317
    },
    "spectral_flux": {
        "mean": 0.0722242072225,
        "stdev": 0.0374991111457
    },
    "spectral_kurtosis": {
        "mean": 9.07549190521,
        "stdev": 7.24474287033
    },
    "spectral_rms": {
        "mean": 0.00404776167125,
        "stdev": 0.00185268360656
    },
    "spectral_rolloff": {
        "mean": 1914.36254883,
        "stdev": 2423.1730957
    },
    "spectral_skewness": {
        "mean": 1.6949057579,
        "stdev": 0.617815077305
    },
    "spectral_spread": {
        "mean": 3010799,
        "stdev": 5261964
    },
    "spectral_strongpeak": {
        "mean": 1.39026248455,
        "stdev": 1.45070540905
    },
    "zerocrossingrate": {
        "mean": 0.0616791136563,
        "stdev": 0.062882527709
    },
    "barkbands": {
        "mean": [3.62988248526e-05, 0.000746126228478, 0.00138064206112, 0.00116063060705, 0.00125328439754, 0.00128849653993, 0.00147768540774, 0.0013848595554, 0.00196679448709, 0.00244422233663, 0.00106520799454, 0.00103731104173, 0.00119522341993, 0.000847323099151, 0.00084656762192, 0.000540260982234, 0.000723614939488, 0.000472082261695, 0.000237610933254, 9.5026101917e-05, 5.70410993532e-05, 3.31581140927e-05, 1.46263291754e-05, 5.88896637055e-06, 2.02203023036e-06, 2.5626835054e-07, 4.4028385382e-09],
        "stdev": [9.75926195679e-06, 0.00168617221061, 0.0027543976903, 0.00253410916775, 0.00188505009282, 0.00163770769723, 0.00229697185569, 0.00219061947428, 0.00468838959932, 0.00615091109648, 0.00209920154884, 0.0018729751464, 0.00331887090579, 0.0016654211795, 0.00178040226456, 0.000838072446641, 0.0010469162371, 0.000687739928253, 0.000316109129926, 0.000248497119173, 0.000191878789337, 0.000144866862684, 7.27466103854e-05, 3.03431097564e-05, 8.19824981591e-06, 2.11178758036e-06, 4.7030550121e-08]
    },
    "erbbands": {
        "mean": [0.00466126063839, 0.237270921469, 1.49399328232, 2.8003153801, 3.80446982384, 4.08621501923, 7.01241064072, 11.9648132324, 19.8483867645, 25.1925468445, 31.7004261017, 43.1286849976, 74.7779159546, 59.707244873, 45.5377845764, 50.1669616699, 59.049446106, 46.8301124573, 51.1776199341, 31.0904350281, 32.9454994202, 37.8257064819, 29.2156829834, 17.396282196, 8.22266197205, 4.94259738922, 3.04658508301, 1.79978179932, 1.20234131813, 0.74330753088, 0.43179294467, 0.169354408979, 0.0739301517606, 0.0289995055646, 0.00849907752126, 0.00208548665978, 0.000351290684193, 3.96943869418e-05, 1.23575282487e-05, 2.44718012254e-05],
        "stdev": [0.00871486030519, 0.52010178566, 2.86805534363, 5.43484592438, 8.09180259705, 6.78468704224, 9.46785449982, 16.0876350403, 31.2677440643, 38.9350166321, 53.3071975708, 82.7909698486, 173.708328247, 199.283630371, 74.4552154541, 88.8138885498, 167.780075073, 87.9761962891, 107.606880188, 44.9162483215, 47.0548286438, 54.2010002136, 39.7637214661, 22.7997455597, 11.5490598679, 13.1960802078, 10.3544807434, 6.7885518074, 5.1626124382, 3.1318552494, 2.07745933533, 0.908447802067, 0.320701688528, 0.122846089303, 0.0383732914925, 0.0132212731987, 0.00308990385383, 0.000413822330302, 1.42463513839e-05, 2.00855247385e-05]
    },
    "gfcc": {
        "mean": [-81.2277069092, 144.017730713, -177.439575195, 14.5875549316, -52.9272384644, -6.44326639175, -32.1768302917, -2.41051888466, -11.6786766052, -15.2868843079, -6.755651474, -10.5947246552, -7.54438972473],
        "cov": [[28691.7324219, 2521.70410156, -4056.42236328, 638.696899414, -1454.4276123, 165.171051025, -483.274536133, -148.54675293, -550.860534668, -289.451049805, -303.308654785, -268.053924561, -326.380401611], [2521.70410156, 1330.11425781, -293.582611084, 16.2371997833, 108.909240723, -256.846832275, 17.5549488068, -98.1807022095, 14.7659654617, -173.27104187, -19.6136436462, -135.531509399, -59.9502639771], [-4056.42236328, -293.582611084, 1052.14306641, 151.192169189, 262.550720215, 113.450531006, 159.441635132, 10.1665019989, -4.91315698624, 79.9775161743, -19.7599029541, -11.6986732483, -4.66390562057], [638.696899414, 16.2371997833, 151.192169189, 352.744567871, 40.8692550659, 117.821266174, 60.9670448303, -15.275759697, -54.4847106934, 59.3588066101, -20.7452220917, -32.4394035339, -48.2554512024], [-1454.4276123, 108.909240723, 262.550720215, 40.8692550659, 314.975128174, -12.2148017883, 32.1819190979, 21.3754749298, 55.9574203491, -6.20797204971, 22.1221370697, -20.0774250031, -16.0691680908], [165.171051025, -256.846832275, 113.450531006, 117.821266174, -12.2148017883, 249.541152954, 53.6657104492, 25.3705692291, -39.8114433289, 78.3532943726, -13.0502653122, 20.758228302, 4.53907775879], [-483.274536133, 17.5549488068, 159.441635132, 60.9670448303, 32.1819190979, 53.6657104492, 257.197357178, 5.22284650803, -27.0180301666, 10.4089574814, -7.47183132172, -2.6170694828, -7.3675532341], [-148.54675293, -98.1807022095, 10.1665019989, -15.275759697, 21.3754749298, 25.3705692291, 5.22284650803, 167.564422607, 28.7666988373, -34.3783035278, 19.890668869, 20.168888092, -2.56717538834], [-550.860534668, 14.7659654617, -4.91315698624, -54.4847106934, 55.9574203491, -39.8114433289, -27.0180301666, 28.7666988373, 107.870246887, 6.82344961166, 22.3317737579, 5.98088264465, 12.6520690918], [-289.451049805, -173.27104187, 79.9775161743, 59.3588066101, -6.20797204971, 78.3532943726, 10.4089574814, -34.3783035278, 6.82344961166, 147.264541626, 21.391248703, 16.3763713837, 4.76544427872], [-303.308654785, -19.6136436462, -19.7599029541, -20.7452220917, 22.1221370697, -13.0502653122, -7.47183132172, 19.890668869, 22.3317737579, 21.391248703, 84.4333343506, 32.4334411621, 5.23810863495], [-268.053924561, -135.531509399, -11.6986732483, -32.4394035339, -20.0774250031, 20.758228302, -2.6170694828, 20.168888092, 5.98088264465, 16.3763713837, 32.4334411621, 89.3143539429, 37.9655990601], [-326.380401611, -59.9502639771, -4.66390562057, -48.2554512024, -16.0691680908, 4.53907775879, -7.3675532341, -2.56717538834, 12.6520690918, 4.76544427872, 5.23810863495, 37.9655990601, 94.4901504517]],
        "icov": [[0.000340485014021, -0.000683167483658, 0.0011189741781, -0.000656207557768, 0.000713726331014, -0.000835640355945, 0.000388543325244, -0.000490975391585, 0.000882290303707, -0.000311218900606, 0.000883706496097, -0.000193902626052, 0.000567698909435], [-0.000683167483658, 0.0028960458003, -0.00169242161792, 0.000740005285479, -0.00213074497879, 0.00264136167243, -0.00129958265461, 0.00193020293955, -0.00196828506887, 0.00197492330335, -0.00224794168025, 0.0019458848983, -0.00125935068354], [0.0011189741781, -0.00169242161792, 0.00536791421473, -0.00249669351615, 0.000753529311623, -0.00250618625432, 0.000494133739267, -0.00152087886818, 0.00332846585661, -0.00142218032852, 0.00355186965317, -0.000210672907997, 0.0015407493338], [-0.000656207557768, 0.000740005285479, -0.00249669351615, 0.00574333313853, -0.00178605609108, -0.000132905071951, -0.00082004541764, 0.000610719958786, 6.61214944557e-05, -0.00111640337855, -0.00120805832557, 0.000827649899293, 0.000449901359389], [0.000713726331014, -0.00213074497879, 0.000753529311623, -0.00178605609108, 0.00697527639568, -0.00221248529851, 0.000982461031526, -0.00114526750986, -0.00105297297705, 0.000323270767694, 9.1335576144e-05, -1.75406603375e-05, 0.00170316209551], [-0.000835640355945, 0.00264136167243, -0.00250618625432, -0.000132905071951, -0.00221248529851, 0.00955925043672, -0.00185182085261, -0.00061209971318, 2.47260195465e-05, -0.00219556223601, -0.000257711275481, -5.91959505982e-05, -0.0022531314753], [0.000388543325244, -0.00129958265461, 0.000494133739267, -0.00082004541764, 0.000982461031526, -0.00185182085261, 0.00513753807172, -0.000956400646828, 0.00189160578884, -0.000436162605183, 0.000998035538942, -0.000758585054427, 0.0007719573332], [-0.000490975391585, 0.00193020293955, -0.00152087886818, 0.000610719958786, -0.00114526750986, -0.00061209971318, -0.000956400646828, 0.00939442683011, -0.00451823137701, 0.00518152303994, -0.00364325661212, -0.000301314896205, 0.000447565573268], [0.000882290303707, -0.00196828506887, 0.00332846585661, 6.61214944557e-05, -0.00105297297705, 2.47260195465e-05, 0.00189160578884, -0.00451823137701, 0.016409644857, -0.00469702295959, 0.00181724445429, 0.000181281997357, -0.000292641547276], [-0.000311218900606, 0.00197492330335, -0.00142218032852, -0.00111640337855, 0.000323270767694, -0.00219556223601, -0.000436162605183, 0.00518152303994, -0.00469702295959, 0.0130529059097, -0.00531934155151, 0.000837051018607, -0.000265919603407], [0.000883706496097, -0.00224794168025, 0.00355186965317, -0.00120805832557, 9.1335576144e-05, -0.000257711275481, 0.000998035538942, -0.00364325661212, 0.00181724445429, -0.00531934155151, 0.0193915851414, -0.00729413377121, 0.00307202059776], [-0.000193902626052, 0.0019458848983, -0.000210672907997, 0.000827649899293, -1.75406603375e-05, -5.91959505982e-05, -0.000758585054427, -0.000301314896205, 0.000181281997357, 0.000837051018607, -0.00729413377121, 0.0191132165492, -0.00643208902329], [0.000567698909435, -0.00125935068354, 0.0015407493338, 0.000449901359389, 0.00170316209551, -0.0022531314753, 0.0007719573332, 0.000447565573268, -0.000292641547276, -0.000265919603407, 0.00307202059776, -0.00643208902329, 0.0149877183139]]
    },
    "melbands": {
        "mean": [0.000116985538625, 0.000632492476143, 0.000542512745596, 0.000263057416305, 0.000244783470407, 0.000261987821432, 0.000306610221742, 0.000276452716207, 0.00026209760108, 0.000282868597424, 0.000375189003535, 0.000245825067395, 0.000142450007843, 0.000126335900859, 0.000133380177431, 0.00010797077266, 8.67248018039e-05, 8.25603710837e-05, 4.75351007481e-05, 4.0640723455e-05, 3.9103502786e-05, 4.04630191042e-05, 3.43457977579e-05, 1.99966507353e-05, 1.37292236104e-05, 7.12609426046e-06, 3.66427411791e-06, 3.16912610288e-06, 1.99354212782e-06, 1.42228668665e-06, 9.46628517795e-07, 7.41211124478e-07, 5.06869753281e-07, 3.53427139999e-07, 2.82402368157e-07, 1.30303405399e-07, 9.16398477102e-08, 5.70884246542e-08, 4.01603337252e-08, 1.71695813123e-08],
        "stdev": [0.000252135447226, 0.00122631003615, 0.00104022666346, 0.000416428869357, 0.000342720682966, 0.000347468943801, 0.000480828894069, 0.000428327068221, 0.000483489711769, 0.000623509229627, 0.000881293788552, 0.00086418830324, 0.000240725945332, 0.000211256454349, 0.000281309941784, 0.000298207829474, 0.000181921233889, 0.00017083316925, 8.59497013153e-05, 6.2251368945e-05, 6.34872558294e-05, 6.32944502286e-05, 4.98383087688e-05, 3.04786917695e-05, 1.94163912965e-05, 1.07016549009e-05, 6.09979724686e-06, 1.06017505459e-05, 7.3906498983e-06, 4.19829211751e-06, 4.38577671957e-06, 3.27357861352e-06, 2.18487730308e-06, 1.6144493884e-06, 1.42584940477e-06, 6.5253914272e-07, 5.16209695434e-07, 2.44397682536e-07, 1.67665078266e-07, 7.57605107538e-08]
    },
    "melbands128": {
        "mean": [8.80009611137e-06, 6.72999203744e-06, 6.667830894e-05, 0.000496033637319, 0.000783058989327, 0.000629572256003, 0.000552800891455, 0.000594144687057, 0.000384763465263, 0.000194104140974, 0.000187896861462, 0.00026767840609, 0.000227540571359, 0.0002343882079, 0.000293029996101, 0.000253345089732, 0.000235063416767, 0.000383845996112, 0.000258191401372, 0.000296779850032, 0.000287300936179, 0.000235755491303, 0.000288570707198, 0.000234271836234, 0.000257588515524, 0.000283190835034, 0.000385192513932, 0.000453235581517, 0.000275218655588, 0.000324592227116, 0.000222640679567, 0.000112738256576, 0.00013425583893, 0.000195417233044, 7.79850088293e-05, 0.000132415676489, 0.000161638759892, 8.26052782941e-05, 0.000180353948963, 0.000141386975884, 8.99089063751e-05, 6.09064554737e-05, 8.3686914877e-05, 0.00011709699902, 4.99327397847e-05, 8.93512042239e-05, 0.000109725129732, 2.93898337986e-05, 3.1709238101e-05, 4.65261509817e-05, 4.08306405006e-05, 3.90513414459e-05, 3.25448017975e-05, 3.90696404793e-05, 5.37072774023e-05, 3.48861249222e-05, 3.58595571015e-05, 4.02908190154e-05, 3.2936961361e-05, 2.65100570687e-05, 1.86131965165e-05, 1.37652978083e-05, 2.01542243303e-05, 1.13631604108e-05, 8.48693798616e-06, 7.13622830517e-06, 6.69372548145e-06, 4.33971445091e-06, 2.02210708267e-06, 4.19288153353e-06, 3.22811638398e-06, 2.9974910376e-06, 2.18844593292e-06, 1.70448731751e-06, 1.8150348069e-06, 1.78514062554e-06, 1.05033063846e-06, 8.68232973517e-07, 1.01093428384e-06, 9.52560469614e-07, 8.33154501834e-07, 6.01733745498e-07, 5.67093820791e-07, 4.63136075268e-07, 5.45796410734e-07, 3.62228490758e-07, 3.37509419523e-07, 2.20745974389e-07, 3.49063924432e-07, 2.68209305432e-07, 1.17373446074e-07, 1.00153272342e-07, 1.28055788196e-07, 7.50162314489e-08, 8.42103347054e-08, 8.9106244161e-08, 4.21044141774e-08, 2.96734867788e-08, 3.55850069411e-08, 6.21083984242e-08, 1.60686237649e-08, 1.15693561398e-08, 9.97880800213e-09, 8.03096966706e-09, 1.04796384903e-08, 1.12642961625e-08, 4.6468660031e-09, 3.27403437694e-09, 3.82653020381e-09, 2.34367614205e-09, 1.45550038688e-09, 1.12826681331e-09, 8.96313856469e-10, 6.99540869675e-10, 5.99979232963e-10, 3.37679356699e-10, 1.50873438742e-10, 2.65521354903e-11, 3.02255009216e-12, 2.95152791097e-12, 2.88538637427e-12, 2.82684487797e-12, 2.7694179415e-12, 2.718122602e-12, 2.68539335734e-12, 2.65934344858e-12, 2.63895871301e-12, 2.62148983077e-12],
        "stdev": [3.72653653358e-06, 1.19278784041e-05, 0.000140261676279, 0.00114677031524, 0.00165069429204, 0.00138501368929, 0.00116869609337, 0.00145935511682, 0.000910894479603, 0.000350117421476, 0.00036571660894, 0.00056670390768, 0.00036705029197, 0.000399528682465, 0.000493893981911, 0.000456045032479, 0.000478487083456, 0.00083965662634, 0.000493322324473, 0.00059395498829, 0.000665309082251, 0.000447754486231, 0.00070459395647, 0.000824840448331, 0.000556794402655, 0.00102450919803, 0.00144562404603, 0.00130924093537, 0.000889850547537, 0.00136107660364, 0.00106738274917, 0.000309917842969, 0.000262900808593, 0.000465924531454, 0.000172451997059, 0.00031261346885, 0.000392113171984, 0.000240779889282, 0.000613156298641, 0.00065464572981, 0.000284745474346, 0.000240353925619, 0.000234403210925, 0.000301074935123, 0.000117061877972, 0.000242026930209, 0.000331933639245, 8.0539874034e-05, 6.49462745059e-05, 0.000104826351162, 8.30138596939e-05, 8.57022896525e-05, 8.11455538496e-05, 9.08093134058e-05, 0.000129246109282, 7.91105776443e-05, 9.57878291956e-05, 8.10002311482e-05, 6.49543144391e-05, 5.44830909348e-05, 3.76049029001e-05, 3.30470502377e-05, 3.54878939106e-05, 1.86528141057e-05, 1.77547462954e-05, 1.41380205605e-05, 1.24550224427e-05, 1.1591609109e-05, 4.70673012387e-06, 9.59436965786e-06, 1.37754741445e-05, 1.37619617817e-05, 8.04858882475e-06, 8.4059247456e-06, 6.3280735958e-06, 4.90939419251e-06, 4.00785438615e-06, 2.93503399007e-06, 5.44628710486e-06, 6.0817665144e-06, 3.27207385453e-06, 3.14115027322e-06, 2.62084176939e-06, 2.46648392022e-06, 1.91640310732e-06, 1.5990257225e-06, 1.80004076356e-06, 1.61202251547e-06, 1.89478078028e-06, 1.10577980195e-06, 6.07919616868e-07, 7.0098286642e-07, 6.4850473791e-07, 5.33512263701e-07, 5.23284654719e-07, 3.17425701724e-07, 2.24725823728e-07, 1.36100140935e-07, 1.67218075831e-07, 2.84013623286e-07, 1.01861807877e-07, 5.71302685159e-08, 4.746560478e-08, 5.42225429001e-08, 4.96590892851e-08, 4.72755274927e-08, 2.48085783028e-08, 2.68352380317e-08, 2.73414393348e-08, 1.91305904451e-08, 1.1570103986e-08, 1.1415257184e-08, 8.85095285952e-09, 8.077503999e-09, 7.19104376046e-09, 4.72927164097e-09, 1.91490645562e-09, 3.90188187316e-10, 5.38948226325e-12, 5.25038216029e-12, 5.12433932093e-12, 5.01263787422e-12, 4.91326510726e-12, 4.82784862435e-12, 4.75698039987e-12, 4.70249316917e-12, 4.66216128203e-12, 4.63573580564e-12]
    },
    "mfcc": {
        "mean": [-689.833618164, 163.76675415, -54.5429611206, 14.8359909058, -6.15945005417, -5.43035411835, -11.4352197647, 5.26880693436, -5.48557090759, -2.49240803719, -0.976749658585, 0.073022224009, -4.72829580307],
        "cov": [[10133.2412109, 1048.92492676, -734.626342773, 303.093994141, -569.124389648, 392.060546875, 70.4158859253, 151.615463257, -189.383911133, 80.0379180908, -90.8546829224, -99.3375473022, -139.365921021], [1048.92492676, 1524.49255371, -257.316070557, 168.64680481, 69.6740036011, -155.459579468, -52.8324432373, 25.9221611023, -9.90514373779, -79.2035675049, -4.10743618011, -35.8739051819, -42.8256568909], [-734.626342773, -257.316070557, 451.972900391, 90.8792419434, 17.8835067749, 125.386291504, 116.973983765, -19.4158306122, 32.2112998962, 55.956577301, -6.4531288147, -35.7845039368, 14.0009508133], [303.093994141, 168.64680481, 90.8792419434, 299.80960083, 35.6071662903, 80.2521743774, 81.169921875, 21.6403408051, -19.0438480377, 57.5736808777, 18.2990550995, -54.1560668945, -7.14553976059], [-569.124389648, 69.6740036011, 17.8835067749, 35.6071662903, 305.352844238, -38.5963630676, -36.4667053223, 6.41449356079, 13.0998010635, 5.27677679062, 21.4802455902, 24.3873195648, 13.8808307648], [392.060546875, -155.459579468, 125.386291504, 80.2521743774, -38.5963630676, 283.742889404, 93.7674942017, -47.7391777039, 2.89889359474, 69.7445449829, -13.0699625015, -18.8640651703, 9.20159721375], [70.4158859253, -52.8324432373, 116.973983765, 81.169921875, -36.4667053223, 93.7674942017, 185.692703247, 49.9325866699, 14.9668970108, 32.3752937317, 16.7069950104, -14.207942009, 7.3534693718], [151.615463257, 25.9221611023, -19.4158306122, 21.6403408051, 6.41449356079, -47.7391777039, 49.9325866699, 162.789154053, 27.9856395721, -8.4005022049, 14.1179208755, 14.3401479721, -3.89455485344], [-189.383911133, -9.90514373779, 32.2112998962, -19.0438480377, 13.0998010635, 2.89889359474, 14.9668970108, 27.9856395721, 93.0682754517, 12.7477645874, -7.00454998016, 1.5447640419, 4.40449285507], [80.0379180908, -79.2035675049, 55.956577301, 57.5736808777, 5.27677679062, 69.7445449829, 32.3752937317, -8.4005022049, 12.7477645874, 111.034004211, 24.2852783203, -29.7356929779, -12.3146190643], [-90.8546829224, -4.10743618011, -6.4531288147, 18.2990550995, 21.4802455902, -13.0699625015, 16.7069950104, 14.1179208755, -7.00454998016, 24.2852783203, 92.5746994019, 26.8233509064, -6.01133489609], [-99.3375473022, -35.8739051819, -35.7845039368, -54.1560668945, 24.3873195648, -18.8640651703, -14.207942009, 14.3401479721, 1.5447640419, -29.7356929779, 26.8233509064, 116.676216125, 39.4874534607], [-139.365921021, -42.8256568909, 14.0009508133, -7.14553976059, 13.8808307648, 9.20159721375, 7.3534693718, -3.89455485344, 4.40449285507, -12.3146190643, -6.01133489609, 39.4874534607, 85.5838928223]],
        "icov": [[0.000187568468391, -0.00011803770758, 0.000324849970639, -9.97937167995e-05, 0.00030225480441, -0.000432630622527, 8.24572489364e-05, -0.000348481058609, 0.000340600294294, -0.000218792440137, 0.00024357480288, -7.46242294554e-05, 0.000161976204254], [-0.00011803770758, 0.00103197619319, 0.00040997841279, -0.000903082895093, -0.000328230526065, 0.000686402607244, -0.000181675306521, 0.000554571161047, -0.000721404794604, 0.000943233666476, -7.87266690168e-05, 0.000184533942956, 0.000284169596853], [0.000324849970639, 0.00040997841279, 0.00402729678899, -0.00107205717359, 9.44333896769e-06, -0.000918251462281, -0.00168360571843, 0.000493893690873, -0.000668854627293, -0.000288706884021, 0.000832403427921, 0.000433637062088, 0.00010139313963], [-9.97937167995e-05, -0.000903082895093, -0.00107205717359, 0.00594714283943, -0.00095707946457, -0.000998750794679, -0.00105569290463, -0.0012144629145, 0.00216957321391, -0.00176728132647, -0.00103469949681, 0.00226949434727, -0.00113017729018], [0.00030225480441, -0.000328230526065, 9.44333896769e-06, -0.00095707946457, 0.00430948007852, -0.000233141036006, 0.00144592684228, -0.000690073764417, -0.00013780327572, -0.000713347108103, -0.00026482460089, -0.00100210413802, -0.000234819744946], [-0.000432630622527, 0.000686402607244, -0.000918251462281, -0.000998750794679, -0.000233141036006, 0.00732111837715, -0.00307156238705, 0.00342177436687, -0.000939467106946, -0.00233097700402, 0.00180172093678, -0.00141618924681, -0.000130984510179], [8.24572489364e-05, -0.000181675306521, -0.00168360571843, -0.00105569290463, 0.00144592684228, -0.00307156238705, 0.00999470241368, -0.00398767227307, -0.000203656527447, 0.00051470042672, -0.00232571852393, 0.00101101049222, -0.00125912635121], [-0.000348481058609, 0.000554571161047, 0.000493893690873, -0.0012144629145, -0.000690073764417, 0.00342177436687, -0.00398767227307, 0.00968253891915, -0.00351492036134, 0.000943889666814, -0.000147434737301, -0.00156178360339, 0.00108204467688], [0.000340600294294, -0.000721404794604, -0.000668854627293, 0.00216957321391, -0.00013780327572, -0.000939467106946, -0.000203656527447, -0.00351492036134, 0.0138319097459, -0.00336113711819, 0.00227144919336, -0.000254278507782, -0.000453492481029], [-0.000218792440137, 0.000943233666476, -0.000288706884021, -0.00176728132647, -0.000713347108103, -0.00233097700402, 0.00051470042672, 0.000943889666814, -0.00336113711819, 0.0150079317391, -0.0055217477493, 0.00387001247145, 0.000539461208973], [0.00024357480288, -7.87266690168e-05, 0.000832403427921, -0.00103469949681, -0.00026482460089, 0.00180172093678, -0.00232571852393, -0.000147434737301, 0.00227144919336, -0.0055217477493, 0.0156407766044, -0.00606336211786, 0.00316178239882], [-7.46242294554e-05, 0.000184533942956, 0.000433637062088, 0.00226949434727, -0.00100210413802, -0.00141618924681, 0.00101101049222, -0.00156178360339, -0.000254278507782, 0.00387001247145, -0.00606336211786, 0.014572984539, -0.00633353693411], [0.000161976204254, 0.000284169596853, 0.00010139313963, -0.00113017729018, -0.000234819744946, -0.000130984510179, -0.00125912635121, 0.00108204467688, -0.000453492481029, 0.000539461208973, 0.00316178239882, -0.00633353693411, 0.0154343135655]]
    },
    "spectral_contrast_coeffs": {
        "mean": [-0.6937738657, -0.747968256474, -0.728188991547, -0.754996359348, -0.723132371902, -0.734295666218],
        "stdev": [0.0766523778439, 0.0711215734482, 0.0844125524163, 0.0666461214423, 0.0707178413868, 0.0559428669512]
    },
    "spectral_contrast_valleys": {
        "mean": [-7.81238174438, -6.97579526901, -7.64423894882, -7.90253162384, -8.54926967621, -12.3427534103],
        "stdev": [2.89130997658, 2.94870471954, 2.91264939308, 2.83906698227, 2.79007840157, 2.25878357887]
    }
},
"rhythm": {
    "beats_count": 307,
    "beats_loudness": {
        "mean": 0.0219071973115,
        "stdev": 0.0161514822394
    },
    "bpm": 111.293182373,
    "bpm_histogram_first_peak_bpm": 110,
    "bpm_histogram_first_peak_weight": 0.468085110188,
    "bpm_histogram_second_peak_bpm": 148,
    "bpm_histogram_second_peak_spread": 0.5,
    "bpm_histogram_second_peak_weight": 0.0718954280019,
    "danceability": 0.883899748325,
    "onset_rate": 1.53406822681,
    "beats_loudness_band_ratio": {
        "mean": [0.161684155464, 0.138195306063, 0.302431970835, 0.243637353182, 0.16744363308, 0.018311182037],
        "stdev": [0.176608115435, 0.111343070865, 0.183143109083, 0.160417407751, 0.135964348912, 0.0237537883222]
    },
    "beats_position": [0.510838985443, 1.02167797089, 1.53251695633, 2.04335594177, 2.55419492722, 3.06503391266, 3.5758728981, 4.07510185242, 4.58594083786, 5.0967798233, 5.59600877762, 6.13006782532, 6.66412687302, 7.19818592072, 7.77868461609, 8.35918331146, 8.93968200684, 9.52018165588, 10.1006803513, 10.7043991089, 11.3197278976, 11.9466667175, 12.5736055374, 13.2121543884, 13.8507022858, 14.4892511368, 15.1626300812, 15.8360090256, 16.4397277832, 17.0434455872, 17.6587753296, 18.2973232269, 18.9242630005, 19.5512008667, 20.1781406403, 20.8050785065, 21.43201828, 22.0589561462, 22.6510658264, 23.2431735992, 23.8236732483, 24.40417099, 24.984670639, 25.5651702881, 26.1340579987, 26.7029476166, 27.2718353271, 27.8523349762, 28.4212245941, 29.0017223358, 29.5706119537, 30.1511096954, 30.7316093445, 31.3237190247, 31.9158267975, 32.5079345703, 33.1000442505, 33.6921539307, 34.2842636108, 34.8763694763, 35.4684791565, 36.0605888367, 36.6643066406, 37.2099761963, 37.755645752, 38.3013153076, 38.8469848633, 39.3926506042, 39.9383201599, 40.4839897156, 41.0296592712, 41.5753288269, 42.1209983826, 42.6550559998, 43.2007255554, 43.7463951111, 44.2920608521, 44.8493423462, 45.3950119019, 45.9522895813, 46.5211791992, 47.0900688171, 47.6009063721, 48.111743927, 48.6341934204, 49.0405426025, 49.4352836609, 49.8300209045, 50.2363700867, 50.6427192688, 51.0606803894, 51.4670295715, 51.8733787537, 52.2681159973, 52.6628570557, 53.0692062378, 53.4639434814, 53.8238525391, 54.1837615967, 54.5436706543, 54.9035835266, 55.275100708, 55.6350097656, 55.9949188232, 56.3548278809, 56.7495689392, 57.1326980591, 57.515827179, 57.9105644226, 58.2936935425, 58.6768226624, 59.0599517822, 59.4430847168, 59.8146018982, 60.1861228943, 60.5692520142, 60.9291610718, 61.2890701294, 61.6605873108, 62.0321083069, 62.4036254883, 62.7635345459, 63.1234474182, 63.4833564758, 63.8432655334, 64.2031707764, 64.563079834, 64.9229888916, 65.2828979492, 65.6312026978, 65.9794998169, 66.327796936, 66.6761016846, 67.1056671143, 67.5352401733, 67.964805603, 68.3943786621, 68.8355560303, 69.26512146, 69.6830825806, 70.0778198242, 70.4725646973, 70.8789138794, 71.273651123, 71.7032165527, 72.1327896118, 72.5623550415, 73.0383682251, 73.5143737793, 73.9787750244, 74.4431762695, 74.9075698853, 75.3835830688, 75.859588623, 76.3356018066, 76.7999954224, 77.2643966675, 77.6591339111, 78.0654830933, 78.4602279663, 78.85496521, 79.2613143921, 79.6676635742, 80.0740127563, 80.4803619385, 80.8867111206, 81.2930603027, 81.6994094849, 82.08253479, 82.4540557861, 82.8255767822, 83.1970977783, 83.5802230835, 83.9517440796, 84.3232650757, 84.6947860718, 85.077911377, 85.449432373, 85.8209533691, 86.1924667358, 86.5639877319, 86.935508728, 87.3070297241, 87.6785507202, 88.0616760254, 88.44480896, 88.8163223267, 89.1994552612, 89.5825805664, 89.965713501, 90.3488388062, 90.6971435547, 91.0338287354, 91.3705215454, 91.7072067261, 92.0438995361, 92.3805847168, 92.7172775269, 93.0539703369, 93.3906555176, 93.7389526367, 94.0872573853, 94.4239425659, 94.760635376, 95.0973205566, 95.4340133667, 95.7823104858, 96.130607605, 96.4789123535, 96.9317016602, 97.3728790283, 97.8140563965, 98.2784576416, 98.7428588867, 99.2072525024, 99.6600418091, 100.124443054, 100.588844299, 101.053237915, 101.51763916, 101.982040405, 102.44644165, 102.910835266, 103.375236511, 103.839637756, 104.257591248, 104.675552368, 105.08190155, 105.499862671, 105.917823792, 106.324172974, 106.742126465, 107.148475647, 107.554824829, 107.961174011, 108.367523193, 108.785484314, 109.191833496, 109.609794617, 110.062583923, 110.51537323, 110.968162537, 111.432563782, 111.896957397, 112.361358643, 112.837364197, 113.336593628, 113.835823059, 114.33505249, 114.880722046, 115.414779663, 115.995285034, 116.575782776, 117.167892456, 117.701950073, 118.23600769, 118.781677246, 119.327346802, 119.873016357, 120.418685913, 120.95274353, 121.486801147, 122.009246826, 122.531700134, 123.065757751, 123.58820343, 124.110656738, 124.633102417, 125.155555725, 125.689613342, 126.212059021, 126.734512329, 127.268569946, 127.814239502, 128.359909058, 128.905578613, 129.451248169, 129.996917725, 130.54258728, 131.076644897, 131.610702515, 132.144760132, 132.678817749, 133.212875366, 133.735321045, 134.257781982, 134.780227661, 135.30267334, 135.825119019, 136.347564697, 136.881637573, 137.41569519, 137.949752808, 138.565078735, 139.192016602, 139.818954468, 140.445892334, 141.0728302, 141.688156128, 142.315093994, 142.814331055, 143.313552856, 143.824401855, 144.335235596, 144.846069336, 145.368530273, 145.890975952],
    "bpm_histogram": [0, 0, 0, 0, 0, 0, 0, 0, 0, 0, 0, 0, 0, 0, 0, 0, 0, 0, 0, 0, 0, 0, 0, 0, 0, 0, 0, 0, 0, 0, 0, 0, 0, 0, 0, 0, 0, 0, 0, 0, 0, 0, 0, 0, 0, 0, 0, 0, 0, 0, 0, 0, 0, 0, 0, 0, 0, 0, 0, 0, 0, 0, 0, 0, 0, 0, 0, 0, 0, 0, 0, 0, 0, 0, 0, 0, 0, 0, 0, 0, 0, 0, 0, 0, 0, 0, 0, 0, 0, 0.00653594778851, 0, 0, 0, 0, 0.013071895577, 0, 0.0424836613238, 0, 0.013071895577, 0.013071895577, 0, 0.0392156876624, 0, 0.0490196086466, 0, 0.0228758174926, 0, 0, 0.00653594778851, 0, 0.0816993489861, 0, 0.065359480679, 0, 0, 0.0555555559695, 0, 0.0424836613238, 0, 0, 0.0228758174926, 0, 0, 0, 0, 0, 0.0196078438312, 0, 0, 0.065359480679, 0, 0, 0, 0.0163398701698, 0, 0, 0.00980392191559, 0, 0, 0, 0.026143791154, 0, 0, 0, 0.0294117648154, 0, 0, 0, 0.0718954280019, 0, 0, 0, 0.0424836613238, 0, 0, 0, 0, 0.0522875823081, 0, 0, 0, 0.0588235296309, 0.00653594778851, 0, 0, 0, 0, 0.0555555559695, 0, 0, 0, 0, 0.0326797403395, 0, 0, 0, 0, 0, 0.0392156876624, 0, 0, 0, 0, 0, 0, 0, 0, 0, 0, 0, 0, 0, 0, 0, 0, 0, 0, 0, 0, 0, 0, 0, 0, 0, 0, 0, 0, 0, 0, 0, 0, 0, 0, 0, 0, 0, 0, 0, 0, 0, 0, 0, 0, 0, 0, 0, 0, 0, 0, 0, 0, 0, 0, 0, 0, 0, 0, 0, 0, 0, 0, 0, 0, 0, 0, 0, 0, 0, 0, 0]
},
"tonal": {
    "chords_changes_rate": 0.0443178229034,
    "chords_number_rate": 0.00538145005703,
    "chords_strength": {
        "mean": 0.528679251671,
        "stdev": 0.207766398787
    },
    "hpcp_crest": {
        "mean": 13.8244199753,
        "stdev": 7.0199174881
    },
    "hpcp_entropy": {
        "mean": 1.93965542316,
        "stdev": 0.737987399101
    },
    "key_edma": {
        "strength": 0.736071586609,
        "key": "C",
        "scale": "major"
    },
    "key_krumhansl": {
        "strength": 0.748733520508,
        "key": "C",
        "scale": "major"
    },
    "key_temperley": {
        "strength": 0.765197753906,
        "key": "C",
        "scale": "major"
    },
    "tuning_diatonic_strength": 0.592221677303,
    "tuning_equal_tempered_deviation": 0.00661737332121,
    "tuning_frequency": 442.03793335,
    "tuning_nontempered_energy_ratio": 0.704573750496,
    "hpcp": {
        "mean": [0.290595054626, 0.172807052732, 0.0842442139983, 0.0830662697554, 0.0635794177651, 0.119050517678, 0.173385322094, 0.128148749471, 0.179064378142, 0.25454184413, 0.169592544436, 0.104881942272, 0.110000766814, 0.0918434262276, 0.160779505968, 0.250151693821, 0.181730136275, 0.108728505671, 0.111552245915, 0.0968875437975, 0.179535999894, 0.248657733202, 0.177500382066, 0.203609883785, 0.241423770785, 0.152071848512, 0.114511713386, 0.126433968544, 0.120907612145, 0.225667476654, 0.318169265985, 0.214091539383, 0.116692602634, 0.103166870773, 0.0930531322956, 0.202511802316],
        "stdev": [0.335852503777, 0.22546286881, 0.170847922564, 0.187101095915, 0.135613501072, 0.177834331989, 0.24935297668, 0.185012668371, 0.235980480909, 0.313695758581, 0.232665881515, 0.182319909334, 0.201490238309, 0.166754752398, 0.210504263639, 0.293308764696, 0.230810880661, 0.176104933023, 0.20344376564, 0.17003980279, 0.225327208638, 0.301909595728, 0.206855863333, 0.262773513794, 0.315029919147, 0.217818886042, 0.192387834191, 0.207903504372, 0.195810481906, 0.274288475513, 0.352154165506, 0.275868594646, 0.186086475849, 0.184199258685, 0.166657701135, 0.239346072078]
    },
    "chords_histogram": [17.6321620941, 0.158277928829, 16.9357395172, 2.37416911125, 3.03893637657, 2.40582466125, 5.57138347626, 1.26622343063, 1.04463434219, 2.91231393814, 1.45615696907, 0.031655587256, 0, 0.253244698048, 0.0949667617679, 0.443178206682, 1.07629001141, 3.22886991501, 0.47483381629, 1.45615696907, 3.41880345345, 8.26210784912, 16.5558719635, 9.90819835663],
    "thpcp": [1, 0.672885656357, 0.366762638092, 0.324251532555, 0.292464226484, 0.636490762234, 0.913334786892, 0.543129324913, 0.264777988195, 0.26107570529, 0.199828907847, 0.374173521996, 0.544946789742, 0.402769088745, 0.562795937061, 0.800020217896, 0.53302615881, 0.329641968012, 0.34573033452, 0.288662165403, 0.505326926708, 0.786222040653, 0.571174383163, 0.341731637716, 0.350606590509, 0.304515719414, 0.564278244972, 0.781526565552, 0.557880342007, 0.63994204998, 0.758790373802, 0.47795894742, 0.359908163548, 0.39737957716, 0.380010336637, 0.709268629551],
    "chords_key": "C",
    "chords_scale": "major"
}
}