{
"metadata": {
    "version": {
        "essentia": "2.1-dev",
        "essentia_git_sha": "v2.1_beta3-415-gd5473f3",
        "extractor": "music 2.0"
    },
    "audio_properties": {
        "analysis": {
            "equal_loudness": 0,
            "length": 602.017944336,
            "sample_rate": 44100,
            "start_time": 0,
            "downmix": "mix"
        },
        "bit_rate": 192000,
        "length": 602.017944336,
        "lossless": 0,
        "number_channels": 2,
        "replay_gain": -12.1292438507,
        "sample_rate": 44100,
        "codec": "mp3",
        "md5_encoded": "e86f8c93095abc6763fa51fe88db9662"
    },
    "tags": {
        "file_name": "audio.mp3",
        "encoding": ["Lavf57.19.100"]
    }
},
"lowlevel": {
    "average_loudness": 0.877457499504,
    "barkbands_crest": {
        "mean": 9.12734985352,
        "stdev": 4.09448575974
    },
    "barkbands_flatness_db": {
        "mean": 0.125544890761,
        "stdev": 0.0469963811338
    },
    "barkbands_kurtosis": {
        "mean": 1.92354130745,
        "stdev": 4.72004127502
    },
    "barkbands_skewness": {
        "mean": 1.20781672001,
        "stdev": 0.891847789288
    },
    "barkbands_spread": {
        "mean": 25.1523952484,
        "stdev": 11.4150457382
    },
    "dissonance": {
        "mean": 0.465496897697,
        "stdev": 0.0281351003796
    },
    "dynamic_complexity": 3.65454173088,
    "erbbands_crest": {
        "mean": 8.39715766907,
        "stdev": 4.16699409485
    },
    "erbbands_flatness_db": {
        "mean": 0.152308762074,
        "stdev": 0.0381678678095
    },
    "erbbands_kurtosis": {
        "mean": 0.0887985378504,
        "stdev": 1.47343885899
    },
    "erbbands_skewness": {
        "mean": 0.184243559837,
        "stdev": 0.569100499153
    },
    "erbbands_spread": {
        "mean": 36.2915420532,
        "stdev": 13.1323833466
    },
    "hfc": {
        "mean": 23.8136501312,
        "stdev": 18.0519237518
    },
    "loudness_ebu128": {
        "integrated": -10.0330410004,
        "loudness_range": 9.37298488617,
        "momentary": {
            "mean": -13.3260946274,
            "stdev": 17.3040885925
        },
        "short_term": {
            "mean": -12.2876291275,
            "stdev": 7.38209009171
        }
    },
    "melbands_crest": {
        "mean": 13.4605798721,
        "stdev": 5.04402971268
    },
    "melbands_flatness_db": {
        "mean": 0.180964052677,
        "stdev": 0.0618402473629
    },
    "melbands_kurtosis": {
        "mean": 8.32312393188,
        "stdev": 11.9455156326
    },
    "melbands_skewness": {
        "mean": 2.24355840683,
        "stdev": 1.26708805561
    },
    "melbands_spread": {
        "mean": 26.8469181061,
        "stdev": 16.1574954987
    },
    "pitch_salience": {
        "mean": 0.528969168663,
        "stdev": 0.109444655478
    },
    "silence_rate_20dB": {
        "mean": 1,
        "stdev": 0
    },
    "silence_rate_30dB": {
        "mean": 0.99733877182,
        "stdev": 0.0515217445791
    },
    "silence_rate_60dB": {
        "mean": 0.0778309181333,
        "stdev": 0.267909675837
    },
    "spectral_centroid": {
        "mean": 1579.30688477,
        "stdev": 813.013793945
    },
    "spectral_complexity": {
        "mean": 24.5797595978,
        "stdev": 13.1418180466
    },
    "spectral_decrease": {
        "mean": -7.65915064704e-09,
        "stdev": 5.78194780942e-09
    },
    "spectral_energy": {
        "mean": 0.0310674924403,
        "stdev": 0.022953081876
    },
    "spectral_energyband_high": {
        "mean": 0.00102868094109,
        "stdev": 0.00120941293426
    },
    "spectral_energyband_low": {
        "mean": 0.0131680658087,
        "stdev": 0.0167302843183
    },
    "spectral_energyband_middle_high": {
        "mean": 0.00726108811796,
        "stdev": 0.00616758828983
    },
    "spectral_energyband_middle_low": {
        "mean": 0.0107264453545,
        "stdev": 0.00846233777702
    },
    "spectral_entropy": {
        "mean": 7.63681745529,
        "stdev": 0.447273641825
    },
    "spectral_flux": {
        "mean": 0.0865136831999,
        "stdev": 0.0518014878035
    },
    "spectral_kurtosis": {
        "mean": 4.02993583679,
        "stdev": 3.50726532936
    },
    "spectral_rms": {
        "mean": 0.00506085203961,
        "stdev": 0.00216729962267
    },
    "spectral_rolloff": {
        "mean": 1573.07946777,
        "stdev": 1620.17102051
    },
    "spectral_skewness": {
        "mean": 1.40274059772,
        "stdev": 0.510480701923
    },
    "spectral_spread": {
        "mean": 4294041.5,
        "stdev": 2495037.5
    },
    "spectral_strongpeak": {
        "mean": 0.877116560936,
        "stdev": 1.22459375858
    },
    "zerocrossingrate": {
        "mean": 0.0614518374205,
        "stdev": 0.0414562858641
    },
    "barkbands": {
        "mean": [0.000219885114348, 0.00837224535644, 0.00365954288282, 0.0016656430671, 0.00202423078008, 0.00183333281893, 0.00194416253362, 0.00146863353439, 0.00140579778235, 0.00108804996125, 0.000987746519968, 0.00114711234346, 0.000717970950063, 0.000708731997292, 0.000548136769794, 0.000519883236848, 0.000507503864355, 0.000478031754028, 0.000530184828676, 0.00040606939001, 0.000314484379487, 0.000209393765545, 0.00014928841847, 9.7595169791e-05, 4.67142817797e-05, 1.65887449839e-05, 4.75034511283e-07],
        "stdev": [0.000447649217676, 0.0144422855228, 0.00487552816048, 0.00281820399687, 0.0025491474662, 0.00273266085424, 0.00292876176536, 0.00253381766379, 0.00254990067333, 0.0019582528621, 0.00186306471005, 0.00226207333617, 0.00119509850629, 0.00144837144762, 0.000958540593274, 0.000860760395881, 0.00078714749543, 0.000704634643625, 0.000733778055292, 0.000450681895018, 0.000383004778996, 0.000303814187646, 0.000283863482764, 0.000202311726753, 8.8305780082e-05, 2.70837062999e-05, 1.65566370924e-06]
    },
    "erbbands": {
        "mean": [0.212961241603, 1.965233922, 4.33482885361, 5.23804092407, 6.41915607452, 6.22447872162, 9.31787872314, 17.2355327606, 27.6148014069, 29.2303733826, 29.1945171356, 35.8311004639, 34.2279968262, 36.3395423889, 41.9915924072, 44.5149002075, 35.1846923828, 34.4973068237, 34.7115325928, 26.257194519, 30.602558136, 27.3208408356, 27.5860309601, 28.4423866272, 23.0232563019, 18.2959384918, 13.7355260849, 11.6779937744, 8.06096839905, 5.54367542267, 4.11677932739, 2.47344732285, 1.37023019791, 0.666978180408, 0.268635034561, 0.0902342423797, 0.0264308247715, 0.00427700392902, 0.000104296930658, 4.09598287661e-05],
        "stdev": [0.439842879772, 3.20070981979, 5.19172239304, 7.41729974747, 9.57498836517, 8.58553314209, 12.7667999268, 29.2872486115, 42.8551597595, 43.0351409912, 48.177696228, 66.4443054199, 58.7163505554, 63.3695106506, 70.6100082397, 79.2450180054, 53.6978683472, 67.2054901123, 56.6751327515, 40.442276001, 45.1947059631, 39.2168807983, 42.8907737732, 39.3452796936, 29.5820407867, 19.4686584473, 16.9191398621, 14.6778488159, 11.6136627197, 9.19767475128, 7.9402589798, 5.38237905502, 2.78153514862, 1.34878277779, 0.547412633896, 0.144806161523, 0.0439711622894, 0.0101667251438, 0.000202865383471, 2.9755405194e-05]
    },
    "gfcc": {
        "mean": [1.751973629, 98.9873275757, -127.37020874, 39.3801689148, -58.6688995361, 18.9509963989, -29.9100227356, 11.8917169571, -20.386713028, 4.35838460922, -11.4504442215, 0.382099896669, -12.953368187],
        "cov": [[17361.5488281, -232.063415527, -945.641967773, 765.13104248, -387.605743408, 251.328964233, -320.424743652, 222.932907104, -328.516845703, 321.127624512, -371.164764404, 43.0397911072, -175.766998291], [-232.063415527, 981.170654297, -45.7910003662, -110.746566772, 67.4767303467, -107.749412537, 73.2863388062, -60.9286117554, 63.2471084595, -123.890693665, 113.359390259, -60.3767662048, 62.5459518433], [-945.641967773, -45.7910003662, 454.594604492, 27.1150779724, 88.8990707397, 78.8188476562, 24.6371994019, 4.30405282974, 30.438533783, 14.6186723709, 6.42732858658, 10.2016124725, -2.70736908913], [765.13104248, -110.746566772, 27.1150779724, 297.094146729, 69.6912994385, 69.8913421631, 4.84595346451, 20.9741458893, 11.6206951141, 36.2572746277, -35.2252540588, -15.0926551819, 20.9389419556], [-387.605743408, 67.4767303467, 88.8990707397, 69.6912994385, 213.757247925, 27.6507987976, 59.8123931885, 9.5404214859, 26.8130550385, 8.8261346817, -4.57334136963, -8.47116565704, 7.72727870941], [251.328964233, -107.749412537, 78.8188476562, 69.8913421631, 27.6507987976, 189.478286743, 67.2384643555, 35.4125747681, 6.66752576828, 9.79800510406, 2.81183505058, -10.4361610413, -16.6568279266], [-320.424743652, 73.2863388062, 24.6371994019, 4.84595346451, 59.8123931885, 67.2384643555, 157.259292603, 34.6127243042, 18.6987991333, -8.22297382355, 22.2078533173, -12.7451200485, 9.09694671631], [222.932907104, -60.9286117554, 4.30405282974, 20.9741458893, 9.5404214859, 35.4125747681, 34.6127243042, 99.2707214355, 43.166847229, 19.0491790771, 3.07062530518, -1.54783439636, -11.7681207657], [-328.516845703, 63.2471084595, 30.438533783, 11.6206951141, 26.8130550385, 6.66752576828, 18.6987991333, 43.166847229, 122.727493286, 13.1192178726, 35.6498451233, -16.4874000549, 2.61093950272], [321.127624512, -123.890693665, 14.6186723709, 36.2572746277, 8.8261346817, 9.79800510406, -8.22297382355, 19.0491790771, 13.1192178726, 107.86806488, -2.69541096687, 13.3490724564, -14.6936359406], [-371.164764404, 113.359390259, 6.42732858658, -35.2252540588, -4.57334136963, 2.81183505058, 22.2078533173, 3.07062530518, 35.6498451233, -2.69541096687, 112.359680176, 17.3057174683, 6.41740274429], [43.0397911072, -60.3767662048, 10.2016124725, -15.0926551819, -8.47116565704, -10.4361610413, -12.7451200485, -1.54783439636, -16.4874000549, 13.3490724564, 17.3057174683, 81.3665542603, 21.7573986053], [-175.766998291, 62.5459518433, -2.70736908913, 20.9389419556, 7.72727870941, -16.6568279266, 9.09694671631, -11.7681207657, 2.61093950272, -14.6936359406, 6.41740274429, 21.7573986053, 89.8689041138]],
        "icov": [[0.000151610176545, -0.000349149515387, 0.000294262979878, -0.000422375480412, 0.000308488379233, -0.00043810295756, 0.000413918343838, -0.000578601087909, 0.000478260946693, -0.000536027888302, 0.000545310904272, -0.000460846989881, 0.000392500049202], [-0.000349149515387, 0.00276294886135, -0.000555624545086, 0.00131897407118, -0.00138157815672, 0.00210773083381, -0.00172851455864, 0.0023371684365, -0.00170894479379, 0.0027468171902, -0.00304257823154, 0.00280855549499, -0.00190331612248], [0.000294262979878, -0.000555624545086, 0.00324790854938, -0.000486325880047, -0.000551223871298, -0.002113716444, 0.00118953746278, -0.000455685541965, 0.000107847728941, -0.00108717649709, 0.00112337630708, -0.00145266763866, 0.000739511684515], [-0.000422375480412, 0.00131897407118, -0.000486325880047, 0.00599264539778, -0.00253784004599, -0.000700632866938, 0.000132581248181, 0.00121196988039, -0.00147379806731, 0.000232181890169, -0.000725961523131, 0.00280969985761, -0.00346893141977], [0.000308488379233, -0.00138157815672, -0.000551223871298, -0.00253784004599, 0.007279840298, -0.000273405574262, -0.00176530797035, -0.000559623760637, -1.09130269266e-05, -0.00168311444577, 0.00247099017724, -0.00182262202725, 0.00155830185395], [-0.00043810295756, 0.00210773083381, -0.002113716444, -0.000700632866938, -0.000273405574262, 0.00997740030289, -0.00501195853576, 0.000711633590981, -0.000712181208655, 0.00261423457414, -0.00306204333901, 0.00239897915162, 0.000335080927471], [0.000413918343838, -0.00172851455864, 0.00118953746278, 0.000132581248181, -0.00176530797035, -0.00501195853576, 0.0113972648978, -0.00500837154686, 0.00252684904262, -0.00152941746637, 0.000206098367926, 0.00021274026949, -0.000958885764703], [-0.000578601087909, 0.0023371684365, -0.000455685541965, 0.00121196988039, -0.000559623760637, 0.000711633590981, -0.00500837154686, 0.0173336677253, -0.0079130558297, 0.00158456235658, -0.00088032905478, 0.00010998894868, 0.000427655060776], [0.000478260946693, -0.00170894479379, 0.000107847728941, -0.00147379806731, -1.09130269266e-05, -0.000712181208655, 0.00252684904262, -0.0079130558297, 0.0142388567328, -0.00337950605899, -0.00237635639496, 0.00237642880529, -0.000323513784679], [-0.000536027888302, 0.0027468171902, -0.00108717649709, 0.000232181890169, -0.00168311444577, 0.00261423457414, -0.00152941746637, 0.00158456235658, -0.00337950605899, 0.0140170846134, -0.00289507373236, -6.59335928503e-05, 0.000557331717573], [0.000545310904272, -0.00304257823154, 0.00112337630708, -0.000725961523131, 0.00247099017724, -0.00306204333901, 0.000206098367926, -0.00088032905478, -0.00237635639496, -0.00289507373236, 0.0152351697907, -0.00689667277038, 0.00264838035218], [-0.000460846989881, 0.00280855549499, -0.00145266763866, 0.00280969985761, -0.00182262202725, 0.00239897915162, 0.00021274026949, 0.00010998894868, 0.00237642880529, -6.59335928503e-05, -0.00689667277038, 0.0193688385189, -0.00723674660549], [0.000392500049202, -0.00190331612248, 0.000739511684515, -0.00346893141977, 0.00155830185395, 0.000335080927471, -0.000958885764703, 0.000427655060776, -0.000323513784679, 0.000557331717573, 0.00264838035218, -0.00723674660549, 0.0157947596163]]
    },
    "melbands": {
        "mean": [0.00216185394675, 0.00246955174953, 0.000965019222349, 0.000454227876617, 0.000313052907586, 0.000388068903703, 0.000417097937316, 0.000328537338646, 0.000220253728912, 0.000228922915994, 0.000167764432263, 0.000144762729178, 0.000125401842524, 0.000140279138577, 8.81609375938e-05, 7.35138382879e-05, 6.46947300993e-05, 5.78489089094e-05, 4.0443490434e-05, 3.62820355804e-05, 3.54496296495e-05, 3.01671570924e-05, 2.46887739195e-05, 2.15583604586e-05, 2.36315518123e-05, 1.85974349733e-05, 1.48790932144e-05, 1.14748318083e-05, 8.899637578e-06, 7.71278428147e-06, 6.29567784927e-06, 4.96102120451e-06, 3.23661697621e-06, 2.97445558317e-06, 2.53305211118e-06, 1.83200461379e-06, 1.37386678034e-06, 1.00518423096e-06, 7.32716046059e-07, 5.01914655615e-07],
        "stdev": [0.0040585338138, 0.00291029643267, 0.00124474184122, 0.000612097850535, 0.000399996206397, 0.000616633624304, 0.000621010723989, 0.000503884453792, 0.000370939436834, 0.000448103353847, 0.000300423649605, 0.000256240658928, 0.000210344558582, 0.000287327478873, 0.000170485465787, 0.000140116724651, 0.000148086808622, 0.000105124381662, 7.54886859795e-05, 6.45110776532e-05, 5.66614071431e-05, 4.88831319672e-05, 3.68732071365e-05, 3.47151544702e-05, 3.59241093975e-05, 2.87333059532e-05, 1.87057885341e-05, 1.32183849928e-05, 1.24269281514e-05, 9.64806986303e-06, 8.44001988298e-06, 7.35829735277e-06, 5.39798247701e-06, 5.37598407391e-06, 5.13028589921e-06, 3.87903992305e-06, 3.1644824503e-06, 2.11504675462e-06, 1.52049994995e-06, 1.04593414108e-06]
    },
    "melbands128": {
        "mean": [0.000209984733374, 0.00142700632568, 0.00314881256782, 0.00328173744492, 0.00246950704604, 0.00168860063422, 0.00107393832877, 0.000778767629527, 0.000678835436702, 0.000455460889498, 0.000333458272507, 0.000288328126771, 0.000328390073264, 0.00028414130793, 0.000406639097491, 0.000391820038203, 0.000486622186145, 0.000416744820541, 0.000401131343096, 0.000281760760117, 0.000369284767658, 0.000287011498585, 0.000201174188987, 0.000153272048919, 0.00022464657377, 0.000303678563796, 0.00012043917377, 0.000182648407645, 0.000168579776073, 0.000130079453811, 0.000163979260833, 0.000124481637613, 7.78102257755e-05, 0.000177106441697, 0.000155127476319, 0.000132707631565, 0.000109650623926, 9.94510337478e-05, 6.01992251177e-05, 7.75803709985e-05, 9.87622261164e-05, 3.33563075401e-05, 6.29266360193e-05, 8.00384077593e-05, 6.8280074629e-05, 5.47159652342e-05, 4.50873012596e-05, 5.004684499e-05, 3.35120712407e-05, 2.34016752074e-05, 4.39309042122e-05, 4.04003403673e-05, 3.23132844642e-05, 3.49193724105e-05, 3.9018697862e-05, 3.09287388518e-05, 2.12597315112e-05, 2.01321072382e-05, 2.74336816801e-05, 3.20369872497e-05, 1.80173319677e-05, 1.43358183777e-05, 2.71264980256e-05, 2.31303238252e-05, 2.5611188903e-05, 1.82861549547e-05, 1.47148066389e-05, 1.55978414114e-05, 1.54353328981e-05, 1.32114955704e-05, 1.01122359411e-05, 1.2596765373e-05, 9.83821337286e-06, 8.17907130113e-06, 7.17294915376e-06, 8.47511455504e-06, 7.28493159841e-06, 7.54292796046e-06, 6.1800756157e-06, 5.00090891364e-06, 5.70392785448e-06, 4.84856036564e-06, 3.2955504139e-06, 2.97409496852e-06, 3.39194184562e-06, 2.88501291834e-06, 3.02816124531e-06, 2.7015928481e-06, 2.76344894701e-06, 2.11047449739e-06, 1.97087319975e-06, 1.78526818218e-06, 1.58572902365e-06, 1.3763814195e-06, 1.29315003505e-06, 1.00913666756e-06, 9.94304059532e-07, 8.76475041878e-07, 7.8011549931e-07, 6.23383414222e-07, 5.90630691022e-07, 5.00115390878e-07, 3.81425508067e-07, 3.20804161902e-07, 3.47157111946e-07, 2.45068804361e-07, 1.83271978926e-07, 1.58751007007e-07, 1.54526475171e-07, 1.39823399081e-07, 1.14059488965e-07, 8.95780800647e-08, 7.90767344938e-08, 6.49377369655e-08, 5.99916276656e-08, 6.14078956573e-08, 2.21247908883e-08, 3.9858744777e-11, 5.29880219563e-12, 4.28675584613e-12, 4.17641182054e-12, 4.08150119605e-12, 3.99349043417e-12, 3.92196388213e-12, 3.86281414841e-12, 3.8185236223e-12, 3.78571913401e-12, 3.76164073848e-12],
        "stdev": [0.000430367595982, 0.00317999068648, 0.00661445781589, 0.0051111006178, 0.00304405903444, 0.00233549857512, 0.00172345258761, 0.00133590900805, 0.00119034317322, 0.000781109789386, 0.000655801093671, 0.000482891249703, 0.000555080070626, 0.000490823527798, 0.000966120685916, 0.000800844747573, 0.00107442506123, 0.000764569267631, 0.000881972664502, 0.000528676493559, 0.000822332454845, 0.00071136187762, 0.000454042979982, 0.000451038155006, 0.000491350423545, 0.000773613050114, 0.000297721242532, 0.000459800183307, 0.000472280982649, 0.000294249941362, 0.000413462461438, 0.000371110101696, 0.000196283857804, 0.000415642629378, 0.000539842469152, 0.000360688514775, 0.000284379522782, 0.00031127803959, 0.000129013686092, 0.000162510303198, 0.000240298046265, 8.15456514829e-05, 0.000196646651602, 0.000231657031691, 0.000189213751582, 0.000131638065795, 0.000130601692945, 0.000126413098769, 8.66982372827e-05, 7.16011345503e-05, 0.0001028422339, 9.80382392299e-05, 8.38527994347e-05, 7.06679493305e-05, 0.000103994483652, 6.89334774506e-05, 4.71987514175e-05, 4.93391271448e-05, 5.08400407853e-05, 8.24210801511e-05, 4.2419978854e-05, 3.17243975587e-05, 5.28965611011e-05, 5.01350950799e-05, 5.60331973247e-05, 3.92783076677e-05, 3.3017287933e-05, 2.64532282017e-05, 2.53386333497e-05, 1.9721175704e-05, 1.42903982123e-05, 1.88655758393e-05, 1.9876530132e-05, 1.52958491526e-05, 1.08147887659e-05, 1.25435726659e-05, 1.09546317617e-05, 1.12060934043e-05, 9.39996516536e-06, 8.38717733131e-06, 9.50732555793e-06, 8.5928622866e-06, 6.39760264676e-06, 6.00180010224e-06, 6.34748494122e-06, 6.09084008829e-06, 5.95972323936e-06, 6.71284396958e-06, 6.20586160949e-06, 4.67281870442e-06, 4.2502974793e-06, 4.37263179265e-06, 4.04981710744e-06, 3.71310125047e-06, 2.91789888252e-06, 2.50417838288e-06, 2.25630446948e-06, 1.9768990569e-06, 1.66689744674e-06, 1.50349626438e-06, 1.35081961616e-06, 1.16126182093e-06, 7.34951697723e-07, 5.71857356135e-07, 1.15103705411e-06, 5.56515885819e-07, 3.63211711374e-07, 2.9383940614e-07, 2.56615948047e-07, 2.55003755001e-07, 1.97272299829e-07, 1.66043022887e-07, 1.4610284893e-07, 1.26402653677e-07, 1.26512063048e-07, 2.13674866245e-07, 7.31905984708e-08, 3.46550316221e-10, 5.49739177791e-11, 7.34156485604e-12, 7.15939243653e-12, 6.99837583717e-12, 6.86216534984e-12, 6.74740688669e-12, 6.65210074524e-12, 6.57330179871e-12, 6.51854611955e-12, 6.48440806258e-12]
    },
    "mfcc": {
        "mean": [-630.063537598, 120.239097595, -5.57935380936, 23.9566040039, -0.980853617191, 8.4008808136, 3.06604099274, 7.75774240494, -1.24043750763, 4.95009183884, 1.47426497936, 3.67064189911, 2.20231819153],
        "cov": [[10418.7519531, -600.306152344, -309.316680908, 467.381530762, -51.6909065247, 203.330230713, 39.6258850098, -135.633773804, 174.515777588, 43.4517250061, 30.7107505798, 73.0012435913, -89.2473373413], [-600.306152344, 1043.30273438, -33.9807739258, -7.88905858994, -11.4622325897, -61.6537628174, 7.96543741226, 52.0505981445, -68.3709030151, 0.426296532154, -18.0953922272, -14.2752628326, 35.8929481506], [-309.316680908, -33.9807739258, 324.721801758, -30.3095149994, 55.7298622131, 47.2466163635, 18.6972026825, 29.5117149353, 2.51166057587, 13.5416231155, 17.7356319427, 13.4777345657, 4.32197904587], [467.381530762, -7.88905858994, -30.3095149994, 221.026748657, 67.839553833, 46.5519676208, 11.251865387, -26.3875865936, 56.4126586914, 0.816834688187, -13.8107042313, 19.6065349579, 1.51632452011], [-51.6909065247, -11.4622325897, 55.7298622131, 67.839553833, 158.968231201, 47.4156150818, 3.90090537071, 12.4927911758, 22.5738735199, 27.9309616089, 0.160493090749, 20.2141113281, 7.47751235962], [203.330230713, -61.6537628174, 47.2466163635, 46.5519676208, 47.4156150818, 150.818389893, 67.5821456909, 15.7847003937, 39.1413269043, 11.9529390335, 17.4397583008, -0.207165494561, -4.52995061874], [39.6258850098, 7.96543741226, 18.6972026825, 11.251865387, 3.90090537071, 67.5821456909, 135.403961182, 45.8711395264, 20.3195285797, 18.5432472229, 18.5149269104, -7.41179084778, -2.94187736511], [-135.633773804, 52.0505981445, 29.5117149353, -26.3875865936, 12.4927911758, 15.7847003937, 45.8711395264, 126.539115906, 10.1251592636, 35.4092330933, 8.26595497131, -0.69285684824, 11.8977231979], [174.515777588, -68.3709030151, 2.51166057587, 56.4126586914, 22.5738735199, 39.1413269043, 20.3195285797, 10.1251592636, 116.677101135, 23.7537212372, 4.77496623993, 9.65662956238, -8.96217536926], [43.4517250061, 0.426296532154, 13.5416231155, 0.816834688187, 27.9309616089, 11.9529390335, 18.5432472229, 35.4092330933, 23.7537212372, 115.615745544, 41.7210235596, 6.08821296692, -0.156578198075], [30.7107505798, -18.0953922272, 17.7356319427, -13.8107042313, 0.160493090749, 17.4397583008, 18.5149269104, 8.26595497131, 4.77496623993, 41.7210235596, 95.8538513184, 28.1813755035, -4.80054664612], [73.0012435913, -14.2752628326, 13.4777345657, 19.6065349579, 20.2141113281, -0.207165494561, -7.41179084778, -0.69285684824, 9.65662956238, 6.08821296692, 28.1813755035, 93.2668533325, 29.7549228668], [-89.2473373413, 35.8929481506, 4.32197904587, 1.51632452011, 7.47751235962, -4.52995061874, -2.94187736511, 11.8977231979, -8.96217536926, -0.156578198075, -4.80054664612, 29.7549228668, 79.5317382812]],
        "icov": [[0.000119723656098, 5.61434644624e-05, 8.84878900251e-05, -0.000255045801168, 0.000192740000784, -0.000167263409821, 4.05391729146e-05, 3.18188649544e-05, 2.57831070485e-05, -0.000108033396828, 2.88984538201e-05, -0.000129080377519, 0.000130886022816], [5.61434644624e-05, 0.00109928485472, 0.000110333814519, -0.000393605761928, 6.26062756055e-05, 0.00039956960245, -0.000189506929019, -0.000488257996039, 0.000647263252176, -7.07367289579e-05, 4.21567747253e-05, 0.000195099317352, -0.000346344517311], [8.84878900251e-05, 0.000110333814519, 0.00369658018462, 0.000886234920472, -0.00126164697576, -0.00111015164293, 0.000105867788079, -0.000456370093161, 8.67400085554e-05, 0.000176255387487, -0.000275375787169, -0.000475881563034, 0.000130838918267], [-0.000255045801168, -0.000393605761928, 0.000886234920472, 0.00738493911922, -0.00302539975382, -0.000803162809461, -0.000674277544022, 0.00189316656906, -0.00270869932137, 0.000442407093942, 0.00124383496586, -0.000977441319264, -0.000230579214985], [0.000192740000784, 6.26062756055e-05, -0.00126164697576, -0.00302539975382, 0.00947164837271, -0.00269863102585, 0.00166308414191, -0.000839943822939, 0.000711312983185, -0.00254204845987, 0.00156513927504, -0.00172310962807, 0.000271502736723], [-0.000167263409821, 0.00039956960245, -0.00111015164293, -0.000803162809461, -0.00269863102585, 0.0112449089065, -0.00498549314216, 0.000375284667825, -0.00189146096818, 0.00135492766276, -0.00188381120097, 0.0015926680062, -0.000558769912459], [4.05391729146e-05, -0.000189506929019, 0.000105867788079, -0.000674277544022, 0.00166308414191, -0.00498549314216, 0.0113574797288, -0.0035702700261, -0.000135566675453, -0.000179240945727, -0.00132531276904, 0.0009299115045, 0.000208479774301], [3.18188649544e-05, -0.000488257996039, -0.000456370093161, 0.00189316656906, -0.000839943822939, 0.000375284667825, -0.0035702700261, 0.0108918165788, -0.00112417188939, -0.00274390378036, 0.00112263148185, -2.60407359747e-05, -0.00147091527469], [2.57831070485e-05, 0.000647263252176, 8.67400085554e-05, -0.00270869932137, 0.000711312983185, -0.00189146096818, -0.000135566675453, -0.00112417188939, 0.0115091726184, -0.00230085477233, 0.00111329811625, -0.00145423016511, 0.00167596433312], [-0.000108033396828, -7.07367289579e-05, 0.000176255387487, 0.000442407093942, -0.00254204845987, 0.00135492766276, -0.000179240945727, -0.00274390378036, -0.00230085477233, 0.0124836331233, -0.00582169182599, 0.00187193055172, -0.000673730333801], [2.88984538201e-05, 4.21567747253e-05, -0.000275375787169, 0.00124383496586, 0.00156513927504, -0.00188381120097, -0.00132531276904, 0.00112263148185, 0.00111329811625, -0.00582169182599, 0.0155503759161, -0.00601726956666, 0.00283707142808], [-0.000129080377519, 0.000195099317352, -0.000475881563034, -0.000977441319264, -0.00172310962807, 0.0015926680062, 0.0009299115045, -2.60407359747e-05, -0.00145423016511, 0.00187193055172, -0.00601726956666, 0.0153961982578, -0.00618090294302], [0.000130886022816, -0.000346344517311, 0.000130838918267, -0.000230579214985, 0.000271502736723, -0.000558769912459, 0.000208479774301, -0.00147091527469, 0.00167596433312, -0.000673730333801, 0.00283707142808, -0.00618090294302, 0.0157156847417]]
    },
    "spectral_contrast_coeffs": {
        "mean": [-0.735904633999, -0.744351089001, -0.748031556606, -0.784523844719, -0.77517157793, -0.742298007011],
        "stdev": [0.0616584718227, 0.0723794549704, 0.0684200972319, 0.0509765706956, 0.0504235215485, 0.0439078696072]
    },
    "spectral_contrast_valleys": {
        "mean": [-6.6745724678, -6.70345830917, -7.29899120331, -7.59403562546, -7.59229469299, -10.4047527313],
        "stdev": [1.70827615261, 1.67551672459, 1.64907491207, 1.71903598309, 1.78623723984, 1.64043009281]
    }
},
"rhythm": {
    "beats_count": 1074,
    "beats_loudness": {
        "mean": 0.0365758351982,
        "stdev": 0.0240829158574
    },
    "bpm": 100.900627136,
    "bpm_histogram_first_peak_bpm": 101,
    "bpm_histogram_first_peak_weight": 0.362433850765,
    "bpm_histogram_second_peak_bpm": 136,
    "bpm_histogram_second_peak_spread": 0.493506491184,
    "bpm_histogram_second_peak_weight": 0.0726933851838,
    "danceability": 1.03136849403,
    "onset_rate": 2.36863136292,
    "beats_loudness_band_ratio": {
        "mean": [0.426580309868, 0.148704975843, 0.180289268494, 0.143523603678, 0.0855178460479, 0.0638173744082],
        "stdev": [0.2284835428, 0.119628414512, 0.131258144975, 0.109404660761, 0.0691502913833, 0.0720942690969]
    },
