{
"metadata": {
    "version": {
        "essentia": "2.1-dev",
        "essentia_git_sha": "v2.1_beta3-415-gd5473f3",
        "extractor": "music 2.0"
    },
    "audio_properties": {
        "analysis": {
            "equal_loudness": 0,
            "length": 222.328170776,
            "sample_rate": 44100,
            "start_time": 0,
            "downmix": "mix"
        },
        "bit_rate": 192000,
        "length": 222.328170776,
        "lossless": 0,
        "number_channels": 2,
        "replay_gain": -11.9726657867,
        "sample_rate": 44100,
        "codec": "mp3",
        "md5_encoded": "4668a7f85c1ed81f059b9d8d24082d8b"
    },
    "tags": {
        "file_name": "a1-no_more.mp3",
        "album": ["Todo en 1 -El Album- 2-4"],
        "artist": ["Todo en 1 -El Album-"],
        "genre": ["Other"],
        "title": ["a1-no more"]
    }
},
"lowlevel": {
    "average_loudness": 0.892814278603,
    "barkbands_crest": {
        "mean": 10.8261632919,
        "stdev": 5.11207532883
    },
    "barkbands_flatness_db": {
        "mean": 0.112486302853,
        "stdev": 0.05316298455
    },
    "barkbands_kurtosis": {
        "mean": 4.654276371,
        "stdev": 20.5768032074
    },
    "barkbands_skewness": {
        "mean": 1.40615606308,
        "stdev": 1.60548400879
    },
    "barkbands_spread": {
        "mean": 30.8414745331,
        "stdev": 17.0910663605
    },
    "dissonance": {
        "mean": 0.467550396919,
        "stdev": 0.0274862535298
    },
    "dynamic_complexity": 2.98404693604,
    "erbbands_crest": {
        "mean": 8.63795185089,
        "stdev": 4.54292106628
    },
    "erbbands_flatness_db": {
        "mean": 0.130508378148,
        "stdev": 0.0429799109697
    },
    "erbbands_kurtosis": {
        "mean": 0.729804217815,
        "stdev": 3.80757856369
    },
    "erbbands_skewness": {
        "mean": 0.252390027046,
        "stdev": 0.890058517456
    },
    "erbbands_spread": {
        "mean": 44.9663887024,
        "stdev": 21.7732486725
    },
    "hfc": {
        "mean": 31.7573165894,
        "stdev": 37.9015769958
    },
    "loudness_ebu128": {
        "integrated": -11.3709621429,
        "loudness_range": 4.24900150299,
        "momentary": {
            "mean": -14.5569667816,
            "stdev": 26.3995838165
        },
        "short_term": {
            "mean": -11.8050765991,
            "stdev": 2.40514969826
        }
    },
    "melbands_crest": {
        "mean": 15.9921665192,
        "stdev": 7.19786167145
    },
    "melbands_flatness_db": {
        "mean": 0.16861897707,
        "stdev": 0.0742908865213
    },
    "melbands_kurtosis": {
        "mean": 17.8015213013,
        "stdev": 54.6021308899
    },
    "melbands_skewness": {
        "mean": 2.82810974121,
        "stdev": 2.28248763084
    },
    "melbands_spread": {
        "mean": 33.9318656921,
        "stdev": 32.2403297424
    },
    "pitch_salience": {
        "mean": 0.531896710396,
        "stdev": 0.148678526282
    },
    "silence_rate_20dB": {
        "mean": 1,
        "stdev": 0
    },
    "silence_rate_30dB": {
        "mean": 0.997389316559,
        "stdev": 0.0510295145214
    },
    "silence_rate_60dB": {
        "mean": 0.0742481201887,
        "stdev": 0.262178391218
    },
    "spectral_centroid": {
        "mean": 1801.27856445,
        "stdev": 1246.80065918
    },
    "spectral_complexity": {
        "mean": 20.1386795044,
        "stdev": 12.5753726959
    },
    "spectral_decrease": {
        "mean": -6.94673207846e-09,
        "stdev": 6.06484329424e-09
    },
    "spectral_energy": {
        "mean": 0.0290990136564,
        "stdev": 0.0242438334972
    },
    "spectral_energyband_high": {
        "mean": 0.00201065465808,
        "stdev": 0.00366590102203
    },
    "spectral_energyband_low": {
        "mean": 0.0123256156221,
        "stdev": 0.0169360935688
    },
    "spectral_energyband_middle_high": {
        "mean": 0.00605533178896,
        "stdev": 0.00649877311662
    },
    "spectral_energyband_middle_low": {
        "mean": 0.00982201006263,
        "stdev": 0.0124653493986
    },
    "spectral_entropy": {
        "mean": 7.91890382767,
        "stdev": 0.428393006325
    },
    "spectral_flux": {
        "mean": 0.0953622162342,
        "stdev": 0.06032371521
    },
    "spectral_kurtosis": {
        "mean": 3.04418587685,
        "stdev": 2.80495858192
    },
    "spectral_rms": {
        "mean": 0.00483873579651,
        "stdev": 0.00223066122271
    },
    "spectral_rolloff": {
        "mean": 2548.87402344,
        "stdev": 3071.47412109
    },
    "spectral_skewness": {
        "mean": 1.4266462326,
        "stdev": 0.410650342703
    },
    "spectral_spread": {
        "mean": 6708114,
        "stdev": 3994692
    },
    "spectral_strongpeak": {
        "mean": 0.860230922699,
        "stdev": 1.29480683804
    },
    "zerocrossingrate": {
        "mean": 0.0982239767909,
        "stdev": 0.0753081515431
    },
    "barkbands": {
        "mean": [0.000694058311637, 0.00898941420019, 0.00182206032332, 0.00155536702368, 0.00244239787571, 0.00137219834141, 0.00117365014739, 0.00140011729673, 0.00125836813822, 0.00109406851698, 0.000750603852794, 0.000757579167839, 0.000495939864777, 0.000581541680731, 0.000621819286607, 0.000502694630995, 0.000535123923328, 0.000489355414174, 0.000366568739992, 0.000346349610481, 0.000219843335799, 0.000222878268687, 0.000304712331854, 0.000465298915515, 0.000423349789344, 0.000206420590985, 7.22480217519e-06],
        "stdev": [0.00136922067031, 0.0136267971247, 0.00485281553119, 0.00588464271277, 0.004255451262, 0.00211567454971, 0.00218494120054, 0.00269557884894, 0.00259738881141, 0.00282979686745, 0.00149018294178, 0.00176514661871, 0.0012177049648, 0.00159125379287, 0.00134746334516, 0.000963813625276, 0.000889783026651, 0.000706972088665, 0.000536518869922, 0.000541444052942, 0.000358955294359, 0.000458082329715, 0.000635077012703, 0.00146089727059, 0.00115378864575, 0.000429376959801, 1.52273296408e-05]
    },
    "erbbands": {
        "mean": [0.378073632717, 1.54188239574, 2.12200260162, 4.0784201622, 6.55319499969, 8.05931377411, 10.4114904404, 10.7592983246, 15.723359108, 22.7752780914, 30.6557998657, 29.7397212982, 39.6650009155, 27.0372047424, 29.7720832825, 31.8781356812, 23.5529232025, 30.3402709961, 32.4678573608, 29.3389263153, 28.9309234619, 28.8789386749, 26.9834823608, 22.1216506958, 18.1220912933, 15.7962617874, 10.0185136795, 8.57281017303, 7.9169254303, 8.35325336456, 8.75537395477, 9.0634059906, 7.91607761383, 5.22398281097, 2.69935321808, 1.18563580513, 0.321664184332, 0.0428865812719, 0.000984108541161, 7.43210330256e-05],
        "stdev": [0.63924074173, 2.36101460457, 4.79334497452, 14.2932691574, 18.3852539062, 13.405081749, 14.9573802948, 18.9145030975, 29.4490966797, 43.0839538574, 55.5779724121, 60.7900733948, 108.660446167, 49.7713241577, 62.2406349182, 74.1966629028, 52.8691711426, 73.8847427368, 77.0098266602, 54.9999656677, 50.5583190918, 45.4512939453, 38.2195510864, 30.9488983154, 27.2683448792, 24.7214412689, 16.3656654358, 14.3866176605, 15.725358963, 17.765537262, 18.7812423706, 28.3440952301, 25.3813476562, 15.8024682999, 7.06552791595, 2.66670846939, 0.643859803677, 0.0809084624052, 0.0018158943858, 8.96294077393e-05]
    },
    "gfcc": {
        "mean": [8.38817882538, 51.2283248901, -105.815139771, 26.3002681732, -60.4568710327, 18.8723983765, -45.6918830872, 21.2265510559, -26.30078125, 7.3987288475, -16.8002414703, 5.926820755, -11.8438262939],
        "cov": [[20324.5878906, 65.1792907715, -1182.46716309, 442.615142822, -919.181945801, 493.490386963, -471.338439941, 503.05847168, -369.31539917, 257.729919434, -257.182312012, 179.885345459, -249.970001221], [65.1792907715, 1664.09936523, -98.1082382202, 89.1396636963, 402.61706543, 88.1251296997, 303.486022949, 51.4721298218, 126.92401123, -20.6838722229, 114.435455322, -53.6170578003, 66.1014785767], [-1182.46716309, -98.1082382202, 1004.71728516, 282.595794678, 234.772842407, 176.882003784, 78.1760253906, 69.3278961182, 72.9012374878, 36.1668319702, 47.7720413208, 59.0026321411, 3.26597929001], [442.615142822, 89.1396636963, 282.595794678, 479.48538208, 232.377853394, 110.772636414, 68.8522567749, 90.4394989014, 102.783943176, 43.4730110168, 29.9414463043, 29.3662986755, 30.5974617004], [-919.181945801, 402.61706543, 234.772842407, 232.377853394, 553.984558105, 168.639312744, 204.814254761, 73.010925293, 135.319046021, 26.5521640778, 54.5602302551, 6.51920366287, 31.6616516113], [493.490386963, 88.1251296997, 176.882003784, 110.772636414, 168.639312744, 340.910400391, 157.207885742, 94.5584335327, 34.5761833191, 37.9998435974, 50.8994407654, 7.2377114296, 4.56710243225], [-471.338439941, 303.486022949, 78.1760253906, 68.8522567749, 204.814254761, 157.207885742, 313.340026855, 99.9326171875, 87.2001037598, 49.5380363464, 62.0049133301, -0.635993182659, 21.8313484192], [503.05847168, 51.4721298218, 69.3278961182, 90.4394989014, 73.010925293, 94.5584335327, 99.9326171875, 181.844833374, 85.0277862549, 43.8218574524, 31.9287242889, 19.5313434601, 11.8467559814], [-369.31539917, 126.92401123, 72.9012374878, 102.783943176, 135.319046021, 34.5761833191, 87.2001037598, 85.0277862549, 187.205123901, 64.3953704834, 38.6948432922, 5.91623783112, 23.1815624237], [257.729919434, -20.6838722229, 36.1668319702, 43.4730110168, 26.5521640778, 37.9998435974, 49.5380363464, 43.8218574524, 64.3953704834, 136.29258728, 41.6856155396, 18.0003452301, 7.68494844437], [-257.182312012, 114.435455322, 47.7720413208, 29.9414463043, 54.5602302551, 50.8994407654, 62.0049133301, 31.9287242889, 38.6948432922, 41.6856155396, 118.615585327, 33.9291038513, 18.4046955109], [179.885345459, -53.6170578003, 59.0026321411, 29.3662986755, 6.51920366287, 7.2377114296, -0.635993182659, 19.5313434601, 5.91623783112, 18.0003452301, 33.9291038513, 90.3173217773, 25.1245594025], [-249.970001221, 66.1014785767, 3.26597929001, 30.5974617004, 31.6616516113, 4.56710243225, 21.8313484192, 11.8467559814, 23.1815624237, 7.68494844437, 18.4046955109, 25.1245594025, 99.9760742188]],
        "icov": [[0.000173802589416, -0.000248963420745, 0.000292560464004, -0.000382244848879, 0.000374044582713, -0.000541096844245, 0.000521653040778, -0.000662856677081, 0.000510884565301, -0.000621633778792, 0.000738456903491, -0.00073925498873, 0.000556650164071], [-0.000248963420745, 0.00131742563099, -0.000209973804886, 0.000521543610375, -0.00105727778282, 0.001019743504, -0.00139616779052, 0.00106955168303, -0.000864259025548, 0.00147337210365, -0.00193916924763, 0.00182255893014, -0.001193795586], [0.000292560464004, -0.000209973804886, 0.0018589879619, -0.00120674446225, 0.000276800477877, -0.00132637983188, 0.000875085766893, -0.000951571564656, 0.000717169197742, -0.000873666314874, 0.00103981315624, -0.00184115953743, 0.0012456496479], [-0.000382244848879, 0.000521543610375, -0.00120674446225, 0.00405655056238, -0.00182333239354, 0.000909599650186, -0.000438277114881, 0.000592905504163, -0.00169281091075, 0.00100718613248, -0.00126739451662, 0.00133478140924, -0.00172833143733], [0.000374044582713, -0.00105727778282, 0.000276800477877, -0.00182333239354, 0.00446130754426, -0.00200566789135, -6.31128423265e-05, -0.000449769839179, -0.000535530562047, -0.000646838918328, 0.00190174055751, -0.00191912206355, 0.0012351780897], [-0.000541096844245, 0.001019743504, -0.00132637983188, 0.000909599650186, -0.00200566789135, 0.00649144873023, -0.00323282484896, 0.000410401000408, 9.6914372989e-05, 0.00151723052841, -0.00335936550982, 0.00315995211713, -0.00158101983834], [0.000521653040778, -0.00139616779052, 0.000875085766893, -0.000438277114881, -6.31128423265e-05, -0.00323282484896, 0.00782120786607, -0.00378082925454, 0.00116336485371, -0.00286504044197, 0.00145627208985, -0.00158021855168, 0.00132025184575], [-0.000662856677081, 0.00106955168303, -0.000951571564656, 0.000592905504163, -0.000449769839179, 0.000410401000408, -0.00378082925454, 0.0114837726578, -0.00531284511089, 0.00234524370171, -0.00247713015415, 0.00116055097897, -0.00171037006658], [0.000510884565301, -0.000864259025548, 0.000717169197742, -0.00169281091075, -0.000535530562047, 9.6914372989e-05, 0.00116336485371, -0.00531284511089, 0.0112380944192, -0.0050419610925, 0.00130612682551, -0.000646182452329, 0.000587842601817], [-0.000621633778792, 0.00147337210365, -0.000873666314874, 0.00100718613248, -0.000646838918328, 0.00151723052841, -0.00286504044197, 0.00234524370171, -0.0050419610925, 0.0124381463975, -0.0052060582675, 0.00202320329845, -0.00166192941833], [0.000738456903491, -0.00193916924763, 0.00103981315624, -0.00126739451662, 0.00190174055751, -0.00335936550982, 0.00145627208985, -0.00247713015415, 0.00130612682551, -0.0052060582675, 0.0155452918261, -0.0077058984898, 0.00218124338426], [-0.00073925498873, 0.00182255893014, -0.00184115953743, 0.00133478140924, -0.00191912206355, 0.00315995211713, -0.00158021855168, 0.00116055097897, -0.000646182452329, 0.00202320329845, -0.0077058984898, 0.0181906428188, -0.00588929606602], [0.000556650164071, -0.001193795586, 0.0012456496479, -0.00172833143733, 0.0012351780897, -0.00158101983834, 0.00132025184575, -0.00171037006658, 0.000587842601817, -0.00166192941833, 0.00218124338426, -0.00588929606602, 0.0133370878175]]
    },
    "melbands": {
        "mean": [0.00287895859219, 0.00140992261004, 0.000778833404183, 0.000529089244083, 0.000368989247363, 0.000252985104453, 0.000243206392042, 0.000260551663814, 0.000245532835834, 0.00018827347958, 0.000193549130927, 0.000103517486423, 9.53937342274e-05, 8.90761293704e-05, 6.28137131571e-05, 5.22082955285e-05, 5.74985751882e-05, 5.06962605868e-05, 4.51166379207e-05, 3.73565999325e-05, 3.35364420607e-05, 3.16237019433e-05, 2.51476485573e-05, 2.27457403525e-05, 1.74380857061e-05, 1.29606432893e-05, 1.30043445097e-05, 9.9956696431e-06, 6.47837259748e-06, 5.26537360201e-06, 4.82385075884e-06, 4.46358899353e-06, 4.26885617344e-06, 4.85544887852e-06, 5.01409704157e-06, 5.0860776355e-06, 5.78228673476e-06, 5.62296327189e-06, 5.20436924489e-06, 4.13059842685e-06],
        "stdev": [0.00451850751415, 0.00235996069387, 0.00254660891369, 0.0011218736181, 0.000492017425131, 0.000424331665272, 0.000452864042018, 0.000511878286488, 0.000448465027148, 0.000409712665714, 0.000541231129318, 0.00020045490237, 0.000193300118553, 0.000208254394238, 0.000140645977808, 0.000141399374115, 0.00015749927843, 0.000134523754241, 9.40397076192e-05, 7.55716464482e-05, 6.51674199617e-05, 5.55183687538e-05, 4.04431557399e-05, 3.26541230606e-05, 2.64370119112e-05, 1.99865025934e-05, 2.191018757e-05, 1.67959733517e-05, 1.16201281344e-05, 8.77040929481e-06, 8.52964240039e-06, 8.79393155628e-06, 1.0223312529e-05, 1.02420499388e-05, 1.05774643089e-05, 1.33910280056e-05, 2.00568247237e-05, 1.88458980119e-05, 1.67007128766e-05, 1.27522034745e-05]
    },
    "melbands128": {
        "mean": [0.000671050918754, 0.00334365153685, 0.0037905331701, 0.0020913076587, 0.00111998431385, 0.000879837374669, 0.000841021828819, 0.000739875598811, 0.000683119171299, 0.000537389074452, 0.000408453313867, 0.000417685398133, 0.000373751186999, 0.000304531800793, 0.000215857944568, 0.000249397708103, 0.000284388341242, 0.000218319910346, 0.000275731727015, 0.000237704196479, 0.00030394573696, 0.000235068044276, 0.000290722615318, 0.000198521389393, 0.000160454190336, 0.000210725746001, 0.00017489126185, 0.00026969765895, 0.000119092481327, 8.20502900751e-05, 0.000121560209664, 9.79040923994e-05, 7.61388364481e-05, 0.000123317047837, 7.0833695645e-05, 9.21226674109e-05, 9.64469218161e-05, 6.48050772725e-05, 3.79377852369e-05, 4.76085260743e-05, 6.60546866129e-05, 4.1928520659e-05, 5.88313705521e-05, 6.7420573032e-05, 4.51499472547e-05, 4.92113249493e-05, 5.47421404917e-05, 5.21249094163e-05, 3.70638917957e-05, 3.36405428243e-05, 4.33519817307e-05, 3.46580673067e-05, 2.70299842668e-05, 3.77291471523e-05, 3.80186866096e-05, 3.14707685902e-05, 2.53678645095e-05, 2.39658766077e-05, 2.62221383309e-05, 2.55451541307e-05, 2.30166642723e-05, 1.89114944078e-05, 2.20227102545e-05, 1.58983457368e-05, 1.28424590002e-05, 1.28944020616e-05, 1.2491542293e-05, 1.36407106766e-05, 1.36171820486e-05, 1.20558515846e-05, 8.5900310296e-06, 1.11996496344e-05, 6.97535324434e-06, 5.47862737221e-06, 5.80280675422e-06, 5.22401433045e-06, 5.07518006998e-06, 5.17914531883e-06, 4.83076109958e-06, 4.36795153291e-06, 4.66024675916e-06, 4.17419005316e-06, 4.64616778117e-06, 3.8969446905e-06, 4.53665506939e-06, 4.49486060461e-06, 4.99807310916e-06, 5.49972173758e-06, 4.91349192089e-06, 4.69309998152e-06, 5.21780339113e-06, 4.90843831358e-06, 5.37882624485e-06, 5.84028748563e-06, 6.02221325607e-06, 5.99638633503e-06, 5.43220630789e-06, 5.23810422237e-06, 5.47591525901e-06, 5.13583472639e-06, 4.47239062851e-06, 4.05031278206e-06, 3.57395151696e-06, 3.221289262e-06, 2.98791633213e-06, 2.98140821542e-06, 2.56225052908e-06, 2.13853286368e-06, 1.99561327463e-06, 1.99426517611e-06, 1.57838996984e-06, 1.2055231764e-06, 8.77579168446e-07, 7.1216180686e-07, 6.30137094504e-07, 4.39065189539e-07, 2.87742977889e-07, 3.5156617173e-08, 5.61978545296e-12, 4.37888700994e-12, 4.19112921451e-12, 4.04885847072e-12, 3.92790877948e-12, 3.83491372338e-12, 3.75913579778e-12, 3.70343512801e-12, 3.66336735252e-12, 3.63544068981e-12],
        "stdev": [0.00133394647855, 0.00607820646837, 0.00603407947347, 0.00349485548213, 0.00254176813178, 0.00251195230521, 0.00316475029103, 0.00274927495047, 0.00196345453151, 0.00128942495212, 0.000869549694471, 0.000711207918357, 0.000639742414933, 0.0005955194938, 0.000482989999, 0.000524013710674, 0.0006143017672, 0.000486167700728, 0.000744662305806, 0.000536970968824, 0.000904896354768, 0.000592332449742, 0.000645879539661, 0.000519791385159, 0.000447785918368, 0.000671925954521, 0.000590769108385, 0.000978265074082, 0.000387524545658, 0.000222393588047, 0.000316161691444, 0.000264165108092, 0.000214023442823, 0.000361453305231, 0.000295167264994, 0.000306229252601, 0.000310690375045, 0.000203232310014, 0.000141367811011, 0.000172650048626, 0.000242829279159, 0.000145918456838, 0.000217014181544, 0.000247702904744, 0.000216543892748, 0.000188282865565, 0.000193567218957, 0.00014340186317, 0.000103731013951, 0.00011033868941, 0.00011305398948, 8.39278145577e-05, 7.96286185505e-05, 9.48188535403e-05, 9.95166337816e-05, 7.52194537199e-05, 5.17485386808e-05, 4.8896385124e-05, 6.3334366132e-05, 4.86488097522e-05, 4.28994389949e-05, 3.83168735425e-05, 3.99725322495e-05, 3.23500280501e-05, 2.59816079051e-05, 2.33019563893e-05, 2.30562654906e-05, 2.8587253837e-05, 2.69300035143e-05, 2.71721346508e-05, 1.68168480741e-05, 2.53763719229e-05, 1.86482266145e-05, 1.12910720418e-05, 1.18270318126e-05, 9.50699177338e-06, 1.01186506072e-05, 9.47214994085e-06, 9.96414746623e-06, 7.9846195149e-06, 1.01897303466e-05, 9.12045925361e-06, 1.04044665932e-05, 1.26366912809e-05, 1.06838670035e-05, 1.11289255074e-05, 1.06505076474e-05, 1.23094396258e-05, 1.08609656309e-05, 1.1780618479e-05, 1.32160876092e-05, 1.45579633681e-05, 1.76774246938e-05, 2.4044962629e-05, 2.1162788471e-05, 2.34390663536e-05, 1.9219587557e-05, 1.82656258403e-05, 1.89173715626e-05, 1.71978608705e-05, 1.53945384227e-05, 1.25076112454e-05, 1.26277091113e-05, 9.66798597801e-06, 9.36310880206e-06, 7.39141933082e-06, 6.74795637678e-06, 6.05203467785e-06, 4.73861655337e-06, 4.35687979916e-06, 3.45555827153e-06, 2.7650555694e-06, 1.85870067071e-06, 1.48246226672e-06, 1.30161811285e-06, 8.99730764559e-07, 5.93869799559e-07, 8.39336351532e-08, 1.12390834486e-11, 7.13205015879e-12, 6.8558869519e-12, 6.63828931061e-12, 6.46069699475e-12, 6.31705104892e-12, 6.19855642509e-12, 6.10878665361e-12, 6.04300984253e-12, 6.0032829402e-12]
    },
    "mfcc": {
        "mean": [-632.199645996, 88.2231063843, 7.91644144058, 11.60384655, 9.35445308685, -3.80367088318, -0.463356465101, 4.53113555908, 0.0591714680195, 1.87082374096, -0.246528342366, 0.326152771711, 1.24304020405],
        "cov": [[8439.546875, 283.975158691, -172.552398682, 20.1042842865, -92.6024475098, -32.891960144, 90.8349456787, 137.653182983, 39.4763336182, 117.739425659, 77.8745727539, 16.2242622375, 33.5767402649], [283.975158691, 1333.56835938, -85.4833984375, 96.2837295532, 83.2252349854, 131.043579102, 177.865127563, 124.295845032, 81.1830444336, 88.3282546997, 89.5391616821, 28.9297447205, 50.4179763794], [-172.552398682, -85.4833984375, 651.914001465, 120.261711121, 165.533676147, 78.2828598022, 64.2241210938, 65.5208206177, 18.9508895874, 14.8774671555, 13.754029274, 52.8111419678, 19.2867965698], [20.1042842865, 96.2837295532, 120.261711121, 419.981140137, 184.956710815, 82.5721359253, 28.8757514954, 61.0526237488, 95.5121459961, 42.0249137878, 31.7130718231, 75.5255126953, 57.2146606445], [-92.6024475098, 83.2252349854, 165.533676147, 184.956710815, 374.774353027, 148.325683594, 72.969078064, 106.250190735, 71.0043029785, 62.5381011963, 28.1945095062, 41.944152832, 32.0840339661], [-32.891960144, 131.043579102, 78.2828598022, 82.5721359253, 148.325683594, 260.635650635, 149.150985718, 85.1496963501, 69.0516738892, 71.3981628418, 58.4490852356, 24.4456043243, 25.5480365753], [90.8349456787, 177.865127563, 64.2241210938, 28.8757514954, 72.969078064, 149.150985718, 253.766555786, 118.882972717, 57.0023498535, 63.2446403503, 61.2528076172, 31.6106071472, 22.6829242706], [137.653182983, 124.295845032, 65.5208206177, 61.0526237488, 106.250190735, 85.1496963501, 118.882972717, 199.385375977, 70.7502059937, 65.0816497803, 47.8461799622, 35.4622077942, 28.4117908478], [39.4763336182, 81.1830444336, 18.9508895874, 95.5121459961, 71.0043029785, 69.0516738892, 57.0023498535, 70.7502059937, 170.325149536, 79.0850753784, 39.657661438, 41.2323989868, 23.1366386414], [117.739425659, 88.3282546997, 14.8774671555, 42.0249137878, 62.5381011963, 71.3981628418, 63.2446403503, 65.0816497803, 79.0850753784, 153.659072876, 70.4926986694, 37.0708580017, 22.7031764984], [77.8745727539, 89.5391616821, 13.754029274, 31.7130718231, 28.1945095062, 58.4490852356, 61.2528076172, 47.8461799622, 39.657661438, 70.4926986694, 118.352790833, 50.6200942993, 28.3756942749], [16.2242622375, 28.9297447205, 52.8111419678, 75.5255126953, 41.944152832, 24.4456043243, 31.6106071472, 35.4622077942, 41.2323989868, 37.0708580017, 50.6200942993, 120.088150024, 58.0868873596], [33.5767402649, 50.4179763794, 19.2867965698, 57.2146606445, 32.0840339661, 25.5480365753, 22.6829242706, 28.4117908478, 23.1366386414, 22.7031764984, 28.3756942749, 58.0868873596, 103.053153992]],
        "icov": [[0.000123583173263, -1.36937378556e-05, 2.74089943559e-05, -3.07878144667e-05, 5.35904000571e-05, 5.88287621213e-05, -2.54789501923e-05, -9.51972760959e-05, 3.72266767954e-05, -9.3331822427e-05, -2.22286907956e-05, 3.40123951901e-05, -2.18645527639e-05], [-1.36937378556e-05, 0.00089182407828, 0.000212173967157, -0.000164145050803, -3.67116845155e-05, -2.45323335548e-05, -0.00046445929911, -0.000162144802744, -3.76844509447e-05, -4.69830738439e-05, -0.000336203811457, 0.000281354965409, -0.000263189955149], [2.74089943559e-05, 0.000212173967157, 0.00187460752204, -0.000260633416474, -0.000622197054327, -8.04108785815e-05, -0.000362297025276, -0.000239359971602, 0.000363969505997, 0.000152028296725, 0.000162067735801, -0.000684747297782, 0.000266641291091], [-3.07878144667e-05, -0.000164145050803, -0.000260633416474, 0.00365514494479, -0.00136979587842, -0.000232474383665, 0.000594554236159, 0.00018493499374, -0.00145190232433, 0.000596683006734, 6.84997139615e-05, -0.00117856392171, -0.000747995334677], [5.35904000571e-05, -3.67116845155e-05, -0.000622197054327, -0.00136979587842, 0.00477763544768, -0.00209726300091, 0.000842108507641, -0.00159357022494, 0.000237240485149, -0.000765099714044, 0.000955195049755, -0.000153868633788, 0.000102943376987], [5.88287621213e-05, -2.45323335548e-05, -8.04108785815e-05, -0.000232474383665, -0.00209726300091, 0.00761278439313, -0.00362080894411, 0.000777857669163, -0.000815170293208, -0.000654119299725, -0.00147443846799, 0.00148968840949, -0.000621443323325], [-2.54789501923e-05, -0.00046445929911, -0.000362297025276, 0.000594554236159, 0.000842108507641, -0.00362080894411, 0.00787671841681, -0.00310215051286, -2.59021089732e-05, 6.62900565658e-05, -0.000819385459181, -0.000624466512818, 0.000299050821923], [-9.51972760959e-05, -0.000162144802744, -0.000239359971602, 0.00018493499374, -0.00159357022494, 0.000777857669163, -0.00310215051286, 0.00861596502364, -0.00160074955784, -0.00076774432091, -0.000594739918597, 8.3169528807e-05, -0.000691444089171], [3.72266767954e-05, -3.76844509447e-05, 0.000363969505997, -0.00145190232433, 0.000237240485149, -0.000815170293208, -2.59021089732e-05, -0.00160074955784, 0.00928968843073, -0.00358996912837, 0.000841149652842, -0.00139714556281, 0.000580686202738], [-9.3331822427e-05, -4.69830738439e-05, 0.000152028296725, 0.000596683006734, -0.000765099714044, -0.000654119299725, 6.62900565658e-05, -0.00076774432091, -0.00358996912837, 0.0114472471178, -0.0048917629756, -1.37479737532e-05, -7.00959062669e-05], [-2.22286907956e-05, -0.000336203811457, 0.000162067735801, 6.84997139615e-05, 0.000955195049755, -0.00147443846799, -0.000819385459181, -0.000594739918597, 0.000841149652842, -0.0048917629756, 0.0144149865955, -0.00451921718195, -1.71998690348e-05], [3.40123951901e-05, 0.000281354965409, -0.000684747297782, -0.00117856392171, -0.000153868633788, 0.00148968840949, -0.000624466512818, 8.3169528807e-05, -0.00139714556281, -1.37479737532e-05, -0.00451921718195, 0.0145937334746, -0.00623795669526], [-2.18645527639e-05, -0.000263189955149, 0.000266641291091, -0.000747995334677, 0.000102943376987, -0.000621443323325, 0.000299050821923, -0.000691444089171, 0.000580686202738, -7.00959062669e-05, -1.71998690348e-05, -0.00623795669526, 0.0138577101752]]
    },
    "spectral_contrast_coeffs": {
        "mean": [-0.716805875301, -0.752616405487, -0.7613068223, -0.789018154144, -0.784442007542, -0.803512573242],
        "stdev": [0.100364819169, 0.0786803737283, 0.0757247582078, 0.0566047355533, 0.0453772991896, 0.0386167913675]
    },
    "spectral_contrast_valleys": {
        "mean": [-7.17966079712, -7.03806304932, -7.64551496506, -7.78255367279, -7.61304807663, -9.56283473969],
        "stdev": [2.34573173523, 2.27748394012, 2.22313642502, 2.18200445175, 2.2101931572, 2.09978508949]
    }
},
"rhythm": {
    "beats_count": 639,
    "beats_loudness": {
        "mean": 0.0376802571118,
        "stdev": 0.0207966435701
    },
    "bpm": 172.265029907,
    "bpm_histogram_first_peak_bpm": 172,
    "bpm_histogram_first_peak_weight": 0,
    "bpm_histogram_second_peak_bpm": 178,
    "bpm_histogram_second_peak_spread": 0,
    "bpm_histogram_second_peak_weight": 0.136363640428,
    "danceability": 1.21437549591,
    "onset_rate": 4.31765937805,
    "beats_loudness_band_ratio": {
        "mean": [0.352841287851, 0.14925545454, 0.166700482368, 0.110322549939, 0.118652142584, 0.13826996088],
        "stdev": [0.277060031891, 0.12766738236, 0.165242239833, 0.114814981818, 0.101299598813, 0.114729046822]
    },
    "beats_position": [0.301859408617, 0.615328788757, 0.9287981987, 1.25387752056, 1.59056687355, 1.92725622654, 2.27555561066, 2.62385487556, 2.96054410934, 3.30884337425, 3.65714287758, 4.00544214249, 4.35374164581, 4.69043064117, 5.0387301445, 5.38702917099, 5.73532867432, 6.08362817764, 6.43192720413, 6.78022670746, 7.12852573395, 7.47682523727, 7.8251247406, 8.17342376709, 8.51011276245, 8.84680271149, 9.19510173798, 9.54340076447, 9.89170074463, 10.2399997711, 10.5882987976, 10.9365987778, 11.2848978043, 11.6331968307, 11.9814968109, 12.3297958374, 12.6780948639, 13.0263938904, 13.3746938705, 13.722992897, 14.0596818924, 14.3963718414, 14.7446708679, 15.0929698944, 15.4412698746, 15.7895689011, 16.1378688812, 16.4861679077, 16.8344669342, 17.1827659607, 17.5310649872, 17.8793640137, 18.2276649475, 18.575963974, 18.9242630005, 19.272562027, 19.6092510223, 19.9459400177, 20.2942390442, 20.642539978, 20.9908390045, 21.339138031, 21.6874370575, 22.035736084, 22.3840351105, 22.7207260132, 23.0690250397, 23.4173240662, 23.7656230927, 24.102312088, 24.4506111145, 24.7989120483, 25.1472110748, 25.4955101013, 25.8438091278, 26.1921081543, 26.5404071808, 26.8887062073, 27.2370071411, 27.5853061676, 27.9336051941, 28.2819042206, 28.6302032471, 28.9785022736, 29.3268013, 29.6634922028, 30.0117912292, 30.3600902557, 30.6967792511, 31.0450782776, 31.3933773041, 31.7416782379, 32.0899772644, 32.4382743835, 32.7865753174, 33.1348762512, 33.4831733704, 33.8314743042, 34.1797714233, 34.5280723572, 34.8763694763, 35.2246704102, 35.572971344, 35.9096603394, 36.2463493347, 36.5946464539, 36.9429473877, 37.2912483215, 37.6395454407, 37.9878463745, 38.3361434937, 38.6844444275, 39.0327415466, 39.3810424805, 39.7293434143, 40.0660324097, 40.402721405, 40.7510185242, 41.099319458, 41.4476165771, 41.795917511, 42.1442184448, 42.492515564, 42.8408164978, 43.1891136169, 43.5374145508, 43.8857116699, 44.2340126038, 44.5823135376, 44.9306106567, 45.2789115906, 45.6272087097, 45.9755096436, 46.3238105774, 46.6721076965, 47.0087966919, 47.3454856873, 47.6937866211, 48.0420837402, 48.3903846741, 48.7386856079, 49.0869827271, 49.4352836609, 49.78358078, 50.1318817139, 50.480178833, 50.8284797668, 51.1767807007, 51.5250778198, 51.8733787537, 52.210067749, 52.5467567444, 52.8950538635, 53.2433547974, 53.5916557312, 53.9399528503, 54.2882537842, 54.6365509033, 54.9848518372, 55.333152771, 55.6814498901, 56.029750824, 56.3780479431, 56.726348877, 57.0746459961, 57.4229469299, 57.7712478638, 58.1195449829, 58.4678459167, 58.8045349121, 59.1412239075, 59.4895210266, 59.8378219604, 60.1861228943, 60.5344200134, 60.8827209473, 61.2310180664, 61.5793190002, 61.9276161194, 62.2759170532, 62.6242179871, 62.9725151062, 63.32081604, 63.6691131592, 64.0058059692, 64.3424911499, 64.6907958984, 65.0390930176, 65.3873901367, 65.7356872559, 66.0723800659, 66.4206771851, 66.7689819336, 67.1288909912, 67.4771881104, 67.8254852295, 68.1737823486, 68.5104751587, 68.8587722778, 69.2070770264, 69.5553741455, 69.8920593262, 70.2403640747, 70.5886611938, 70.936958313, 71.2852630615, 71.6335601807, 71.9818572998, 72.3301544189, 72.6784591675, 73.0267562866, 73.3750534058, 73.7233581543, 74.0716552734, 74.4199523926, 74.7682495117, 75.1049423218, 75.4416275024, 75.789932251, 76.1382293701, 76.4865264893, 76.8232192993, 77.1831283569, 77.5314254761, 77.8797302246, 78.2280273438, 78.5763244629, 78.924621582, 79.2729263306, 79.6096115112, 79.9463043213, 80.2946014404, 80.6428985596, 80.9912033081, 81.3395004272, 81.6877975464, 82.0360946655, 82.3843994141, 82.7326965332, 83.0809936523, 83.4292984009, 83.77759552, 84.1258926392, 84.4741897583, 84.8224945068, 85.1591796875, 85.4958724976, 85.8441696167, 86.1924667358, 86.5407714844, 86.8890686035, 87.2373657227, 87.5856704712, 87.9339675903, 88.2822647095, 88.6305618286, 88.9788665771, 89.3271636963, 89.6638565063, 90.000541687, 90.3488388062, 90.6971435547, 91.0454406738, 91.393737793, 91.7420425415, 92.0903396606, 92.4386367798, 92.7869338989, 93.1352386475, 93.4835357666, 93.8318328857, 94.1801376343, 94.5284347534, 94.8767318726, 95.2250289917, 95.5733337402, 95.9100189209, 96.246711731, 96.5950088501, 96.9433059692, 97.2916107178, 97.6399078369, 97.9882049561, 98.3365097046, 98.6848068237, 99.0331039429, 99.381401062, 99.7297058105, 100.07800293, 100.426300049, 100.774604797, 101.111289978, 101.459587097, 101.796279907, 102.144577026, 102.492874146, 102.841178894, 103.189476013, 103.537773132, 103.886077881, 104.234375, 104.582672119, 104.930976868, 105.279273987, 105.627571106, 105.975868225, 106.324172974, 106.660858154, 106.997550964, 107.345848083, 107.694145203, 108.042449951, 108.39074707, 108.739044189, 109.087341309, 109.435646057, 109.783943176, 110.132240295, 110.480545044, 110.828842163, 111.177139282, 111.525436401, 111.87374115, 112.210426331, 112.547119141, 112.89541626, 113.243713379, 113.592018127, 113.940315247, 114.288612366, 114.636917114, 114.985214233, 115.333511353, 115.681808472, 116.03011322, 116.366798401, 116.715103149, 117.05178833, 117.400085449, 117.748390198, 118.096687317, 118.444984436, 118.793289185, 119.141586304, 119.489883423, 119.838180542, 120.186485291, 120.53478241, 120.883079529, 121.231384277, 121.579681396, 121.916366577, 122.264671326, 122.612968445, 122.949661255, 123.297958374, 123.646255493, 123.994552612, 124.342857361, 124.69115448, 125.039451599, 125.387756348, 125.736053467, 126.084350586, 126.432647705, 126.780952454, 127.129249573, 127.477546692, 127.82585144, 128.17414856, 128.522445679, 128.870742798, 129.207427979, 129.544128418, 129.892425537, 130.240722656, 130.589019775, 130.937316895, 131.285614014, 131.633926392, 131.982223511, 132.33052063, 132.678817749, 133.027114868, 133.375411987, 133.723709106, 134.060409546, 134.408706665, 134.757003784, 135.093688965, 135.441986084, 135.790298462, 136.138595581, 136.4868927, 136.835189819, 137.183486938, 137.531784058, 137.880081177, 138.228393555, 138.565078735, 138.901763916, 139.250061035, 139.598358154, 139.946670532, 140.294967651, 140.643264771, 140.99156189, 141.339859009, 141.688156128, 142.036453247, 142.384765625, 142.733062744, 143.081359863, 143.429656982, 143.777954102, 144.126251221, 144.47454834, 144.811248779, 145.14793396, 145.507843018, 145.844528198, 146.192825317, 146.552734375, 146.912643433, 147.260955811, 147.60925293, 147.957550049, 148.305847168, 148.654144287, 149.002441406, 149.339141846, 149.675827026, 150.012512207, 150.372421265, 150.720718384, 151.069015503, 151.417327881, 151.765625, 152.113922119, 152.462219238, 152.810516357, 153.158813477, 153.507110596, 153.855422974, 154.203720093, 154.540405273, 154.877090454, 155.225387573, 155.573699951, 155.92199707, 156.270294189, 156.618591309, 156.966888428, 157.315185547, 157.663482666, 158.011795044, 158.360092163, 158.708389282, 159.056686401, 159.404983521, 159.75328064, 160.089981079, 160.438278198, 160.786575317, 161.123260498, 161.471557617, 161.819854736, 162.156555176, 162.493240356, 162.841537476, 163.189834595, 163.538131714, 163.886444092, 164.234741211, 164.58303833, 164.931335449, 165.279632568, 165.627929688, 165.976226807, 166.324539185, 166.649612427, 166.974685669, 167.334594727, 167.694503784, 168.042816162, 168.40272522, 168.751022339, 169.099319458, 169.436004639, 169.784301758, 170.132598877, 170.480911255, 170.829208374, 171.177505493, 171.525802612, 171.874099731, 172.222396851, 172.55909729, 172.895782471, 173.24407959, 173.592376709, 173.940673828, 174.288970947, 174.637283325, 174.985580444, 175.333877563, 175.682174683, 176.030471802, 176.378768921, 176.72706604, 177.075378418, 177.423675537, 177.771972656, 178.108657837, 178.445343018, 178.793640137, 179.141952515, 179.490249634, 179.838546753, 180.186843872, 180.535140991, 180.88343811, 181.231735229, 181.580047607, 181.928344727, 182.276641846, 182.624938965, 182.961624146, 183.309921265, 183.646621704, 183.994918823, 184.343215942, 184.691513062, 185.039810181, 185.3881073, 185.736419678, 186.084716797, 186.433013916, 186.781311035, 187.129608154, 187.477905273, 187.826202393, 188.174514771, 188.52281189, 188.85949707, 189.196182251, 189.54447937, 189.892791748, 190.241088867, 190.589385986, 190.937683105, 191.285980225, 191.634277344, 191.982574463, 192.330886841, 192.67918396, 193.027481079, 193.375778198, 193.724075317, 194.072372437, 194.420669556, 194.757369995, 195.094055176, 195.442352295, 195.790649414, 196.138946533, 196.487258911, 196.83555603, 197.183853149, 197.532150269, 197.880447388, 198.228744507, 198.577041626, 198.925354004, 199.273651123, 199.621948242, 199.958633423, 200.295318604, 200.643630981, 200.991928101, 201.34022522, 201.688522339, 202.036819458, 202.385116577, 202.733413696, 203.081726074, 203.430023193, 203.778320312, 204.126617432, 204.463302612, 204.811599731, 205.148300171, 205.49659729, 205.844894409, 206.193191528, 206.541488647, 206.889785767, 207.238098145, 207.586395264, 207.934692383, 208.282989502, 208.631286621, 208.97958374, 209.327880859, 209.676193237, 210.024490356, 210.372787476, 210.721084595, 211.057769775, 211.394470215, 211.742767334, 212.091064453, 212.439361572, 212.787658691, 213.135955811, 213.48425293, 213.832565308, 214.180862427, 214.529159546, 214.877456665, 215.225753784, 215.562438965, 215.910751343, 216.259048462, 216.595733643, 216.944030762, 217.292327881, 217.640625, 217.988937378, 218.348846436, 218.708755493, 219.068664551, 219.440170288, 219.811691284, 220.18321228, 220.61277771, 221.03074646, 221.448699951, 221.866668701],
    "bpm_histogram": [0, 0, 0, 0, 0, 0, 0, 0, 0, 0, 0, 0, 0, 0, 0, 0, 0, 0, 0, 0, 0, 0, 0, 0, 0, 0, 0, 0, 0, 0, 0, 0, 0, 0, 0, 0, 0, 0, 0, 0, 0, 0, 0, 0, 0, 0, 0, 0, 0, 0, 0, 0, 0, 0, 0, 0, 0, 0, 0, 0, 0, 0, 0, 0, 0, 0, 0, 0, 0, 0, 0, 0, 0, 0, 0, 0, 0, 0, 0, 0, 0, 0, 0, 0, 0, 0, 0, 0, 0, 0, 0, 0, 0, 0, 0, 0, 0, 0, 0, 0, 0, 0, 0, 0, 0, 0, 0, 0, 0, 0, 0, 0, 0, 0, 0, 0, 0, 0, 0, 0, 0, 0, 0, 0, 0, 0, 0, 0, 0, 0, 0, 0, 0, 0, 0, 0, 0, 0, 0, 0, 0.00156739808153, 0, 0, 0, 0.00470219412819, 0, 0, 0, 0, 0, 0, 0, 0, 0, 0, 0, 0, 0, 0, 0, 0, 0.00313479616307, 0.00156739808153, 0, 0, 0, 0, 0.0188087765127, 0, 0, 0, 0, 0.826018810272, 0, 0, 0, 0, 0, 0.136363640428, 0, 0, 0, 0, 0, 0, 0.00470219412819, 0, 0, 0, 0, 0, 0.00313479616307, 0, 0, 0, 0, 0, 0, 0, 0, 0, 0, 0, 0, 0, 0, 0, 0, 0, 0, 0, 0, 0, 0, 0, 0, 0, 0, 0, 0, 0, 0, 0, 0, 0, 0, 0, 0, 0, 0, 0, 0, 0, 0, 0, 0, 0, 0, 0, 0, 0, 0, 0, 0, 0, 0, 0, 0, 0, 0]
},
"tonal": {
    "chords_changes_rate": 0.0605554394424,
    "chords_number_rate": 0.00208811857738,
    "chords_strength": {
        "mean": 0.532606124878,
        "stdev": 0.148234367371
    },
    "hpcp_crest": {
        "mean": 13.2966356277,
        "stdev": 6.96329069138
    },
    "hpcp_entropy": {
        "mean": 2.04845714569,
        "stdev": 0.836479961872
    },
    "key_edma": {
        "strength": 0.683170795441,
        "key": "C",
        "scale": "minor"
    },
    "key_krumhansl": {
        "strength": 0.701933979988,
        "key": "C",
        "scale": "minor"
    },
    "key_temperley": {
        "strength": 0.717504680157,
        "key": "C",
        "scale": "minor"
    },
    "tuning_diatonic_strength": 0.583535552025,
    "tuning_equal_tempered_deviation": 0.20554150641,
    "tuning_frequency": 434.193115234,
    "tuning_nontempered_energy_ratio": 0.914959728718,
    "hpcp": {
        "mean": [0.0960550010204, 0.0843849405646, 0.0920144841075, 0.174022629857, 0.182171821594, 0.0963846966624, 0.0727749243379, 0.077364243567, 0.115592159331, 0.248652279377, 0.254192084074, 0.12831056118, 0.0831726416945, 0.0749613791704, 0.0804242789745, 0.13127797842, 0.149171039462, 0.11773762852, 0.161181911826, 0.168367221951, 0.103279344738, 0.0707329586148, 0.0618250519037, 0.0845502614975, 0.155862510204, 0.165248528123, 0.10856461525, 0.0868361592293, 0.0838082954288, 0.110534451902, 0.212208464742, 0.225513726473, 0.155348658562, 0.178461775184, 0.177138507366, 0.121443852782],
        "stdev": [0.189788624644, 0.177489086986, 0.183802425861, 0.279725492001, 0.285540103912, 0.173953264952, 0.159557804465, 0.175492763519, 0.204037100077, 0.328492492437, 0.324308216572, 0.221117287874, 0.183361664414, 0.175484076142, 0.170919701457, 0.22057454288, 0.252746790648, 0.205638170242, 0.249900788069, 0.257306098938, 0.192105203867, 0.158686324954, 0.140869498253, 0.170278787613, 0.256009697914, 0.259273082018, 0.198528677225, 0.181048184633, 0.184300631285, 0.201121136546, 0.290512949228, 0.294547617435, 0.237233802676, 0.272512108088, 0.286110132933, 0.218259468675]
    },
    "chords_histogram": [33.2637290955, 5.47087097168, 5.59615802765, 11.6934642792, 0, 2.52662348747, 0, 3.59156394005, 0.104405932128, 4.78179168701, 0, 0, 0, 0.563792049885, 0.125287115574, 0, 0, 0, 0.0835247412324, 0, 0.0626435577869, 3.42451453209, 6.34788036346, 22.3637504578],
