{
"metadata": {
    "version": {
        "essentia": "2.1-dev",
        "essentia_git_sha": "v2.1_beta3-415-gd5473f3",
        "extractor": "music 2.0"
    },
    "audio_properties": {
        "analysis": {
            "equal_loudness": 0,
            "length": 316.003265381,
            "sample_rate": 44100,
            "start_time": 0,
            "downmix": "mix"
        },
        "bit_rate": 192000,
        "length": 316.003265381,
        "lossless": 0,
        "number_channels": 2,
        "replay_gain": -9.72584915161,
        "sample_rate": 44100,
        "codec": "mp3",
        "md5_encoded": "42fa11547e435bf90998fc64ba9e4dd5"
    },
    "tags": {
        "file_name": "alejandro_sanz-una_noche_con_the_corrs.mp3",
        "album": ["Edicion Especial"],
        "artist": ["Alejandro Sanz"],
        "genre": ["Other"],
        "title": ["Una noche Con The Corrs"]
    }
},
"lowlevel": {
    "average_loudness": 0.747346282005,
    "barkbands_crest": {
        "mean": 9.6882314682,
        "stdev": 4.0584359169
    },
    "barkbands_flatness_db": {
        "mean": 0.10884141922,
        "stdev": 0.0398391894996
    },
    "barkbands_kurtosis": {
        "mean": 2.46456480026,
        "stdev": 4.45945072174
    },
    "barkbands_skewness": {
        "mean": 1.16995739937,
        "stdev": 1.00845706463
    },
    "barkbands_spread": {
        "mean": 27.1514701843,
        "stdev": 16.014881134
    },
    "dissonance": {
        "mean": 0.456874072552,
        "stdev": 0.0309187956154
    },
    "dynamic_complexity": 4.66739463806,
    "erbbands_crest": {
        "mean": 9.95021533966,
        "stdev": 4.93616342545
    },
    "erbbands_flatness_db": {
        "mean": 0.144259855151,
        "stdev": 0.0402502119541
    },
    "erbbands_kurtosis": {
        "mean": 1.29857242107,
        "stdev": 2.74123454094
    },
    "erbbands_skewness": {
        "mean": 0.580094277859,
        "stdev": 0.808681488037
    },
    "erbbands_spread": {
        "mean": 36.4919815063,
        "stdev": 18.75415802
    },
    "hfc": {
        "mean": 24.2606506348,
        "stdev": 25.9874763489
    },
    "loudness_ebu128": {
        "integrated": -14.0088939667,
        "loudness_range": 8.53873157501,
        "momentary": {
            "mean": -17.5151023865,
            "stdev": 19.4953174591
        },
        "short_term": {
            "mean": -15.8499059677,
            "stdev": 6.42164373398
        }
    },
    "melbands_crest": {
        "mean": 13.4132051468,
        "stdev": 5.36190080643
    },
    "melbands_flatness_db": {
        "mean": 0.177324593067,
        "stdev": 0.0582105852664
    },
    "melbands_kurtosis": {
        "mean": 8.93722724915,
        "stdev": 13.1735525131
    },
    "melbands_skewness": {
        "mean": 2.09220552444,
        "stdev": 1.42676699162
    },
    "melbands_spread": {
        "mean": 30.078792572,
        "stdev": 26.5969295502
    },
    "pitch_salience": {
        "mean": 0.550906658173,
        "stdev": 0.113834768534
    },
    "silence_rate_20dB": {
        "mean": 1,
        "stdev": 0
    },
    "silence_rate_30dB": {
        "mean": 0.998897969723,
        "stdev": 0.0331792421639
    },
    "silence_rate_60dB": {
        "mean": 0.133421495557,
        "stdev": 0.340056419373
    },
    "spectral_centroid": {
        "mean": 1498.22167969,
        "stdev": 980.531005859
    },
    "spectral_complexity": {
        "mean": 15.9824409485,
        "stdev": 9.09886837006
    },
    "spectral_decrease": {
        "mean": -5.341001863e-09,
        "stdev": 4.5445047725e-09
    },
    "spectral_energy": {
        "mean": 0.0223587080836,
        "stdev": 0.0188932754099
    },
    "spectral_energyband_high": {
        "mean": 0.0012706273701,
        "stdev": 0.00200261012651
    },
    "spectral_energyband_low": {
        "mean": 0.00637259241194,
        "stdev": 0.0074683749117
    },
    "spectral_energyband_middle_high": {
        "mean": 0.00698927138001,
        "stdev": 0.00991680938751
    },
    "spectral_energyband_middle_low": {
        "mean": 0.00831069983542,
        "stdev": 0.00874461885542
    },
    "spectral_entropy": {
        "mean": 7.7115650177,
        "stdev": 0.434197366238
    },
    "spectral_flux": {
        "mean": 0.0691843703389,
        "stdev": 0.0414207205176
    },
    "spectral_kurtosis": {
        "mean": 3.73610401154,
        "stdev": 3.06769704819
    },
    "spectral_rms": {
        "mean": 0.00420055305585,
        "stdev": 0.00204172264785
    },
    "spectral_rolloff": {
        "mean": 1899.40478516,
        "stdev": 2373.92480469
    },
    "spectral_skewness": {
        "mean": 1.56337845325,
        "stdev": 0.490460157394
    },
    "spectral_spread": {
        "mean": 6057415,
        "stdev": 3338107
    },
    "spectral_strongpeak": {
        "mean": 1.24731302261,
        "stdev": 1.84359431267
    },
    "zerocrossingrate": {
        "mean": 0.0805367007852,
        "stdev": 0.0612502992153
    },
    "barkbands": {
        "mean": [0.000456557434518, 0.00476447911933, 0.000913631287403, 0.000507293792907, 0.00134135351982, 0.0017955704825, 0.00067409593612, 0.00118861102965, 0.00209423084743, 0.00106499774847, 0.00173585431185, 0.00116195052397, 0.00136876048055, 0.000455431611044, 0.00044687447371, 0.00033449527109, 0.000233872866374, 0.000173075546627, 0.000274997175438, 0.000202249793801, 0.000153593515279, 0.000203805509955, 0.000150674793986, 0.000317341764458, 0.000270258227829, 6.97220020811e-05, 4.86165254188e-06],
        "stdev": [0.000704150123056, 0.00633295299485, 0.00154738861602, 0.000854818790685, 0.00182803790085, 0.00296276342124, 0.0013212421909, 0.00281357974745, 0.00562016572803, 0.00225508119911, 0.00376787455752, 0.00397811178118, 0.00375570263714, 0.00118326477241, 0.00104645476677, 0.000741346739233, 0.000441244512331, 0.000339639489539, 0.000613640469965, 0.000376049807528, 0.000309875817038, 0.000410062988522, 0.000468561454909, 0.000681572651956, 0.000608741189353, 0.000154234468937, 1.37894767249e-05]
    },
    "erbbands": {
        "mean": [0.175856679678, 0.903047084808, 1.21535086632, 1.46390211582, 2.2828745842, 4.95536518097, 9.33143424988, 15.6027545929, 11.2374925613, 20.1739578247, 24.636636734, 56.9594345093, 42.2320518494, 26.1728973389, 79.3303451538, 57.4915733337, 65.9986190796, 29.5481796265, 26.4935970306, 21.2574577332, 15.2877416611, 11.7776479721, 10.486664772, 11.7990560532, 13.5116472244, 9.60582065582, 7.33682394028, 5.94196605682, 7.89369344711, 4.8985953331, 4.37463283539, 6.06872940063, 5.43828582764, 4.02755832672, 1.29729735851, 0.367831766605, 0.119593866169, 0.0215996019542, 0.000509299628902, 4.58048561995e-05],
        "stdev": [0.250376433134, 1.24422490597, 1.73671042919, 2.31423687935, 3.57925772667, 7.71162652969, 15.2548046112, 28.2672176361, 24.7880306244, 39.3712730408, 67.1666793823, 156.50944519, 88.6031723022, 48.3246955872, 167.740371704, 186.577270508, 177.048538208, 66.0886459351, 65.2873687744, 37.1317481995, 29.2465076447, 20.3756446838, 19.9710426331, 22.3264350891, 34.5593795776, 17.2732009888, 14.8702573776, 11.585808754, 15.7123556137, 13.2369270325, 13.7947473526, 14.943239212, 11.3294277191, 8.69044399261, 3.49969172478, 0.891830086708, 0.257736504078, 0.0540816225111, 0.00123835809063, 4.99747766298e-05]
    },
    "gfcc": {
        "mean": [-13.493719101, 76.3442459106, -108.399703979, 18.3267765045, -58.5656547546, 24.882806778, -35.390296936, 17.7649021149, -26.9086914062, 10.2025203705, -10.7539014816, 3.96172237396, -5.16472673416],
        "cov": [[18851.6132812, -629.074768066, -633.446655273, 428.052062988, -772.372619629, 865.328430176, -407.104827881, 370.462463379, -337.286987305, 221.441207886, -29.1077442169, 127.243606567, -73.9870452881], [-629.074768066, 1272.40734863, -199.017837524, -32.5259628296, 319.359375, -249.207244873, 210.042175293, -78.780128479, 73.0773773193, -20.0212421417, 12.7348108292, -38.8890190125, 2.22205710411], [-633.446655273, -199.017837524, 635.527038574, 128.982803345, 39.7277641296, 115.996070862, -12.3909425735, 55.3783531189, 36.5682220459, 0.175891682506, 6.14129638672, 23.1987400055, -19.7705554962], [428.052062988, -32.5259628296, 128.982803345, 356.34664917, 44.7082099915, 23.0466251373, 19.4000988007, 10.0637378693, 53.1707801819, 23.8990440369, -18.8554782867, 14.7736225128, -2.16703605652], [-772.372619629, 319.359375, 39.7277641296, 44.7082099915, 339.074127197, -45.7277030945, 122.585510254, -10.0933151245, 46.1846618652, 9.42605400085, -17.3629264832, 18.7730560303, -17.5638942719], [865.328430176, -249.207244873, 115.996070862, 23.0466251373, -45.7277030945, 325.40133667, 18.5355434418, 33.5751686096, -19.8938007355, 1.79504489899, 30.5709857941, 5.34919643402, -21.1006584167], [-407.104827881, 210.042175293, -12.3909425735, 19.4000988007, 122.585510254, 18.5355434418, 233.139389038, -19.6078567505, 39.6572227478, 34.7569541931, -19.2451515198, 16.8902702332, -34.745891571], [370.462463379, -78.780128479, 55.3783531189, 10.0637378693, -10.0933151245, 33.5751686096, -19.6078567505, 150.721725464, 17.6703681946, -4.6805896759, 23.4039325714, -11.2501001358, 7.52626132965], [-337.286987305, 73.0773773193, 36.5682220459, 53.1707801819, 46.1846618652, -19.8938007355, 39.6572227478, 17.6703681946, 121.329391479, 19.4311542511, -1.76486051083, 16.2600536346, -10.3896770477], [221.441207886, -20.0212421417, 0.175891682506, 23.8990440369, 9.42605400085, 1.79504489899, 34.7569541931, -4.6805896759, 19.4311542511, 101.327095032, -2.2747657299, 12.2637767792, -8.13760662079], [-29.1077442169, 12.7348108292, 6.14129638672, -18.8554782867, -17.3629264832, 30.5709857941, -19.2451515198, 23.4039325714, -1.76486051083, -2.2747657299, 109.509376526, 6.28542566299, 19.8426265717], [127.243606567, -38.8890190125, 23.1987400055, 14.7736225128, 18.7730560303, 5.34919643402, 16.8902702332, -11.2501001358, 16.2600536346, 12.2637767792, 6.28542566299, 101.868774414, 3.13640570641], [-73.9870452881, 2.22205710411, -19.7705554962, -2.16703605652, -17.5638942719, -21.1006584167, -34.745891571, 7.52626132965, -10.3896770477, -8.13760662079, 19.8426265717, 3.13640570641, 94.9694366455]],
        "icov": [[0.000129883352201, -0.000221746930038, 0.00023008545395, -0.000272443459835, 0.000298935512546, -0.000486874836497, 0.000386443629395, -0.000487487821374, 0.00045233828132, -0.000443719007308, 0.000338184618158, -0.000453971326351, 0.000230985140661], [-0.000221746930038, 0.00197275425307, -0.000103092250356, 0.000555970123969, -0.00157292035874, 0.00181562534999, -0.00175911502447, 0.0014387256233, -0.00130440108478, 0.00147956155706, -0.00153778807726, 0.00176225602627, -0.000625621585641], [0.00023008545395, -0.000103092250356, 0.00238591642119, -0.00102628301829, -2.79948426396e-06, -0.00135140435304, 0.000946544692852, -0.00125037983526, 0.000371073285351, -0.000525128736626, 0.000493797415402, -0.000993609894067, 0.000724801851902], [-0.000272443459835, 0.000555970123969, -0.00102628301829, 0.00387876457535, -0.000943725230172, 0.000830412725918, -0.000726967642549, 0.00113115040585, -0.00218264246359, 0.00039726041723, -7.72134590079e-05, 0.000933026487473, -0.000915469136089], [0.000298935512546, -0.00157292035874, -2.79948426396e-06, -0.000943725230172, 0.00536248087883, -0.000989762367681, -0.000482437055325, -0.00151802762412, 0.000873946584761, -0.00096162216505, 0.00144054449629, -0.0019957232289, 0.000741351628676], [-0.000486874836497, 0.00181562534999, -0.00135140435304, 0.000830412725918, -0.000989762367681, 0.00622820854187, -0.00305048073642, 0.00152924249414, -0.000909873342607, 0.00217675324529, -0.00295405555516, 0.00208669924177, -8.53906822158e-05], [0.000386443629395, -0.00175911502447, 0.000946544692852, -0.000726967642549, -0.000482437055325, -0.00305048073642, 0.0081639662385, -0.00125776045024, 0.000443389173597, -0.00334997777827, 0.00228241016157, -0.00238402979448, 0.00220558373258], [-0.000487487821374, 0.0014387256233, -0.00125037983526, 0.00113115040585, -0.00151802762412, 0.00152924249414, -0.00125776045024, 0.00960360839963, -0.00345329521224, 0.0021553512197, -0.00289854104631, 0.00326437596232, -0.00150546187069], [0.00045233828132, -0.00130440108478, 0.000371073285351, -0.00218264246359, 0.000873946584761, -0.000909873342607, 0.000443389173597, -0.00345329521224, 0.012047925964, -0.00287951878272, 0.00107804243453, -0.00309603055939, 0.00175404117908], [-0.000443719007308, 0.00147956155706, -0.000525128736626, 0.00039726041723, -0.00096162216505, 0.00217675324529, -0.00334997777827, 0.0021553512197, -0.00287951878272, 0.0126805687323, -0.00176270573866, 0.00109362462536, -0.000467498524813], [0.000338184618158, -0.00153778807726, 0.000493797415402, -7.72134590079e-05, 0.00144054449629, -0.00295405555516, 0.00228241016157, -0.00289854104631, 0.00107804243453, -0.00176270573866, 0.0118037490174, -0.00256657041609, -0.00133926235139], [-0.000453971326351, 0.00176225602627, -0.000993609894067, 0.000933026487473, -0.0019957232289, 0.00208669924177, -0.00238402979448, 0.00326437596232, -0.00309603055939, 0.00109362462536, -0.00256657041609, 0.012735966593, -0.00174621248152], [0.000230985140661, -0.000625621585641, 0.000724801851902, -0.000915469136089, 0.000741351628676, -8.53906822158e-05, 0.00220558373258, -0.00150546187069, 0.00175404117908, -0.000467498524813, -0.00133926235139, -0.00174621248152, 0.0123880021274]]
    },
    "melbands": {
        "mean": [0.00145259674173, 0.000842330453452, 0.000275976140983, 0.000243715869146, 0.000324575579725, 0.00035334151471, 0.00016098676133, 0.000233246595599, 0.000219834633754, 0.000348086177837, 0.000197030472918, 8.78181599546e-05, 0.000254969490925, 0.000169573162566, 0.000127719948068, 0.000132185683469, 4.60575975012e-05, 4.42611271865e-05, 2.60182696366e-05, 3.09246424877e-05, 1.54916160682e-05, 1.24675752886e-05, 1.14104113891e-05, 7.9691017163e-06, 9.45568081079e-06, 1.06484249045e-05, 7.84915482654e-06, 6.01884130447e-06, 5.16384443472e-06, 3.24259485751e-06, 3.53070709025e-06, 4.90989805257e-06, 3.34230230692e-06, 2.47782236329e-06, 2.29064858104e-06, 3.06962965624e-06, 3.98900419896e-06, 3.83785300073e-06, 3.71571354663e-06, 3.34060860041e-06],
        "stdev": [0.00196964084171, 0.0010631539626, 0.000405993050663, 0.000382544589229, 0.000477460329421, 0.000622251536697, 0.000349053705577, 0.000463445554487, 0.000616960402112, 0.000949680339545, 0.000434620160377, 0.000184150354471, 0.000545272836462, 0.000476195680676, 0.000338306563208, 0.000406112521887, 0.000122340148664, 0.000112445479317, 5.37977321073e-05, 6.82006502757e-05, 3.23479398503e-05, 2.36243740801e-05, 2.25701496674e-05, 1.50297400978e-05, 1.94507738343e-05, 2.77503859252e-05, 2.03817071451e-05, 1.15666252896e-05, 1.03579304778e-05, 8.84674227564e-06, 7.17626971891e-06, 1.0112153177e-05, 7.85742759035e-06, 7.71176200942e-06, 7.9336023191e-06, 9.17009856494e-06, 9.63486036198e-06, 8.61579246703e-06, 7.33368506189e-06, 7.83131963544e-06]
    },
    "melbands128": {
        "mean": [0.000417834497057, 0.00148993288167, 0.00191228638869, 0.00136250769719, 0.000731708307285, 0.000412480789237, 0.000295736768749, 0.000240349778323, 0.000226004922297, 0.00020279243472, 0.000233835686231, 0.000344175525242, 0.000292955519399, 0.0003518993326, 0.000377592106815, 0.000358244054951, 0.000288650306175, 8.00806592451e-05, 7.32974149287e-05, 0.000271800585324, 0.000328328373143, 0.000153087370563, 0.000180333023309, 0.000255289749475, 0.000498909619637, 0.000312676274916, 0.000172220519744, 0.000296500889817, 7.64970245655e-05, 8.28166739666e-05, 5.75446028961e-05, 0.00015324690321, 0.000306060304865, 0.000359218072845, 9.99260664685e-05, 0.000173990265466, 0.000176233661477, 5.37167979928e-05, 0.000177344321855, 0.000172282205313, 0.000142809949466, 3.96122813981e-05, 4.05468526878e-05, 5.38322128705e-05, 3.99999407819e-05, 4.9818881962e-05, 4.22247831011e-05, 1.83594693226e-05, 2.20427282329e-05, 3.2141138945e-05, 3.9869279135e-05, 2.25575458899e-05, 9.56066469371e-06, 1.74548677023e-05, 1.59891424119e-05, 1.06819124994e-05, 8.77876300365e-06, 1.54623285198e-05, 1.06298975879e-05, 8.8307833721e-06, 7.57329689804e-06, 5.92036667513e-06, 1.14533813758e-05, 1.00454453786e-05, 7.7096883615e-06, 1.15049642773e-05, 1.22725923575e-05, 7.94298739493e-06, 7.15265696272e-06, 7.42877136872e-06, 4.84264683109e-06, 6.72158148518e-06, 5.51276571059e-06, 5.59538148082e-06, 3.31253772856e-06, 3.72155045625e-06, 2.82512974081e-06, 2.75021966445e-06, 3.64341167369e-06, 4.06356457461e-06, 5.61678189115e-06, 4.76633522339e-06, 4.28599196312e-06, 3.1989393392e-06, 2.66484244094e-06, 2.53582084042e-06, 2.51013261732e-06, 2.13630460166e-06, 2.27692498811e-06, 2.34996878135e-06, 2.58233376371e-06, 3.41954228134e-06, 3.60631179319e-06, 4.04205366067e-06, 4.19034859078e-06, 4.07757988796e-06, 3.75673334929e-06, 3.48406933881e-06, 3.72719659936e-06, 3.84077429771e-06, 3.7248157696e-06, 3.43329793395e-06, 2.71407861874e-06, 1.83681675026e-06, 1.252443667e-06, 9.8527289083e-07, 7.96894823907e-07, 6.78154435718e-07, 5.91317927956e-07, 5.24540098468e-07, 4.64213314899e-07, 4.29714191341e-07, 3.78582171834e-07, 3.0710080523e-07, 2.72458891004e-07, 2.31419889474e-07, 1.89294809161e-07, 1.88153173042e-08, 3.81416382852e-12, 3.42791615406e-12, 3.30428219508e-12, 3.20852849497e-12, 3.12545128667e-12, 3.05758370012e-12, 3.00607542331e-12, 2.96804096057e-12, 2.93903117989e-12, 2.91860155835e-12],
        "stdev": [0.000648110755719, 0.00219887797721, 0.00292126392014, 0.00184087478556, 0.00102703110315, 0.000735092908144, 0.000515658583026, 0.000423091318225, 0.000395913928514, 0.000537564279512, 0.000511959544383, 0.000557905819733, 0.000626252323855, 0.00080387952039, 0.000837704050355, 0.000932795228437, 0.000877369428053, 0.000234047329286, 0.000225622119615, 0.000601507374085, 0.000790306425188, 0.00055041682208, 0.000862125656568, 0.00103841361124, 0.00162987108342, 0.0012020181166, 0.000481544877402, 0.000789395882748, 0.00021217262838, 0.000260830216575, 0.000171896521351, 0.000499368470628, 0.000763374206144, 0.00106122833677, 0.000394728092942, 0.000792981416453, 0.000830208417028, 0.000269162293989, 0.000640886835754, 0.000609848997556, 0.000643709034193, 0.000171047853655, 0.000151946165715, 0.000186983248568, 0.000163244229043, 0.000186083576409, 0.000169051767443, 6.42516970402e-05, 5.94385346631e-05, 8.13843289507e-05, 0.000126672661281, 7.42161209928e-05, 3.15852157655e-05, 5.65175978409e-05, 4.2219136958e-05, 2.94272358587e-05, 2.16215630644e-05, 4.09401618526e-05, 3.12998672598e-05, 2.74705071206e-05, 1.86524976016e-05, 1.48067638293e-05, 2.80885287793e-05, 3.25409528159e-05, 2.22619091801e-05, 3.87822947232e-05, 4.28691710113e-05, 4.18717208959e-05, 2.25614930969e-05, 1.65134533745e-05, 1.18280304378e-05, 1.65563469636e-05, 1.34327146952e-05, 1.46472420965e-05, 1.08312497105e-05, 1.87414625543e-05, 6.92151616022e-06, 8.29989312479e-06, 8.43009729579e-06, 9.73124315351e-06, 1.39137009683e-05, 1.11014815047e-05, 1.02437843452e-05, 8.89110197022e-06, 7.88847501099e-06, 8.57223858475e-06, 8.32680052554e-06, 8.72278633324e-06, 8.79468916537e-06, 8.85427380126e-06, 8.92230309546e-06, 1.07968626253e-05, 1.05009658e-05, 1.07902269519e-05, 1.02170743048e-05, 1.01315772554e-05, 9.47726039158e-06, 7.61462388255e-06, 7.40315454095e-06, 8.46196962812e-06, 9.49145851337e-06, 8.87392889126e-06, 7.44660519558e-06, 5.48207935935e-06, 4.98383178638e-06, 3.48424441654e-06, 2.78167340184e-06, 1.94328276848e-06, 1.57173190019e-06, 1.27644625536e-06, 1.04946718693e-06, 9.91485990198e-07, 8.69240523116e-07, 7.07951812728e-07, 6.94085599662e-07, 6.30224064935e-07, 5.4887357237e-07, 7.13033614375e-08, 7.16994866257e-12, 6.43394278826e-12, 6.21814578994e-12, 6.0429174685e-12, 5.89762657113e-12, 5.77623582645e-12, 5.67734661366e-12, 5.60048752166e-12, 5.54389433666e-12, 5.51032917212e-12]
    },
    "mfcc": {
        "mean": [-655.820739746, 112.828163147, 6.68061161041, 3.94791698456, 5.23135185242, 1.50228857994, 10.3345890045, 0.182305857539, 3.31528973579, 2.42856097221, -0.91532355547, 2.40866589546, 2.63561725616],
        "cov": [[10263.6328125, -617.229248047, 243.250152588, -336.714691162, 11.8212738037, 98.203666687, 191.797409058, 71.5373001099, -25.5166854858, 27.6532859802, 150.590942383, -86.5019226074, 30.0764484406], [-617.229248047, 1403.40905762, -372.739868164, 227.902908325, -4.72807502747, 22.1322078705, 48.163028717, 9.4876499176, 43.7195205688, 15.389714241, 8.72349739075, 43.896156311, 25.2052211761], [243.250152588, -372.739868164, 599.760803223, -72.1766281128, 90.9967880249, 19.0048103333, 12.8436365128, 45.0649375916, -14.2985582352, 32.9600219727, -20.1817569733, 33.6873588562, 9.36308479309], [-336.714691162, 227.902908325, -72.1766281128, 419.376861572, 19.467880249, 53.9332122803, -46.7115936279, 11.531621933, 70.6106796265, -2.93850016594, 11.7926712036, 48.249256134, 16.6189880371], [11.8212738037, -4.72807502747, 90.9967880249, 19.467880249, 218.446563721, -27.5128154755, 23.21692276, 30.084602356, 2.33449745178, 24.6089172363, -30.8470649719, 13.3082532883, 4.81628465652], [98.203666687, 22.1322078705, 19.0048103333, 53.9332122803, -27.5128154755, 279.83682251, 27.5325660706, 55.5505332947, 28.5717563629, -5.46967601776, 59.9993896484, 6.04736471176, 24.6768569946], [191.797409058, 48.163028717, 12.8436365128, -46.7115936279, 23.21692276, 27.5325660706, 166.034317017, 21.2245025635, 2.54614377022, 21.501531601, 10.6797208786, 4.29219436646, -0.0443796366453], [71.5373001099, 9.4876499176, 45.0649375916, 11.531621933, 30.084602356, 55.5505332947, 21.2245025635, 149.255737305, 20.3910045624, 9.02454090118, 27.2835464478, 15.6145782471, 24.9731178284], [-25.5166854858, 43.7195205688, -14.2985582352, 70.6106796265, 2.33449745178, 28.5717563629, 2.54614377022, 20.3910045624, 104.491546631, 23.3604946136, 11.827296257, 6.05889606476, 4.92347288132], [27.6532859802, 15.389714241, 32.9600219727, -2.93850016594, 24.6089172363, -5.46967601776, 21.501531601, 9.02454090118, 23.3604946136, 100.886528015, 16.0265045166, 3.05085778236, 0.241944074631], [150.590942383, 8.72349739075, -20.1817569733, 11.7926712036, -30.8470649719, 59.9993896484, 10.6797208786, 27.2835464478, 11.827296257, 16.0265045166, 113.301757812, 21.2020816803, 12.075884819], [-86.5019226074, 43.896156311, 33.6873588562, 48.249256134, 13.3082532883, 6.04736471176, 4.29219436646, 15.6145782471, 6.05889606476, 3.05085778236, 21.2020816803, 90.3808135986, 22.0754585266], [30.0764484406, 25.2052211761, 9.36308479309, 16.6189880371, 4.81628465652, 24.6768569946, -0.0443796366453, 24.9731178284, 4.92347288132, 0.241944074631, 12.075884819, 22.0754585266, 87.9261856079]],
        "icov": [[0.000107472857053, 3.50784757757e-05, -2.51754754572e-05, 4.46807898697e-05, -2.01101756829e-05, 3.68764972336e-06, -0.00011334579176, -3.43074452758e-06, -1.14215081339e-05, 3.03868855553e-05, -0.0001724724425, 0.000135217516799, -6.13041338511e-05], [3.50784757757e-05, 0.000994782662019, 0.000636121840216, -0.000405457860325, -5.42765374121e-05, -3.65625055565e-05, -0.000429222011007, -0.000116942064778, 7.27556762286e-05, -0.000309413590003, 0.000239998276811, -0.000428234110586, -0.000170706553035], [-2.51754754572e-05, 0.000636121840216, 0.00241631898098, 0.000228443212109, -0.000703396450263, -0.00043555611046, 4.00016579079e-05, -0.000492295250297, 0.000302629545331, -0.000859274819959, 0.000883716798853, -0.0013452321291, 2.8178201319e-05], [4.46807898697e-05, -0.000405457860325, 0.000228443212109, 0.0034323357977, -0.000567145005334, -0.000667978951242, 0.00118506629951, 0.000245135481237, -0.00200310442597, 0.000394023110857, 0.000124456753838, -0.00157260068227, 6.62002785248e-05], [-2.01101756829e-05, -5.42765374121e-05, -0.000703396450263, -0.000567145005334, 0.00565888779238, 0.00062160595553, -0.00075509789167, -0.00123691477347, 0.000365351617802, -0.00119990750682, 0.00176613358781, -0.000431934313383, -8.02345894044e-05], [3.68764972336e-06, -3.65625055565e-05, -0.00043555611046, -0.000667978951242, 0.00062160595553, 0.00470000552014, -0.000876881880686, -0.00112111819908, -0.000650541449431, 0.000981674995273, -0.00216601928696, 0.0010820152238, -0.000793737708591], [-0.00011334579176, -0.000429222011007, 4.00016579079e-05, 0.00118506629951, -0.00075509789167, -0.000876881880686, 0.0070896781981, -0.000477815250633, -0.00019640015671, -0.00115286209621, 3.30035290972e-05, -0.000722155731637, 0.000551262754016], [-3.43074452758e-06, -0.000116942064778, -0.000492295250297, 0.000245135481237, -0.00123691477347, -0.00112111819908, -0.000477815250633, 0.00829203240573, -0.00127330736723, 0.00033088287455, -0.00149465119466, -0.000231358964811, -0.00159843428992], [-1.14215081339e-05, 7.27556762286e-05, 0.000302629545331, -0.00200310442597, 0.000365351617802, -0.000650541449431, -0.00019640015671, -0.00127330736723, 0.0119716525078, -0.00293778954074, 0.000128021885757, 0.000376575160772, 7.91432321421e-05], [3.03868855553e-05, -0.000309413590003, -0.000859274819959, 0.000394023110857, -0.00119990750682, 0.000981674995273, -0.00115286209621, 0.00033088287455, -0.00293778954074, 0.0118675073609, -0.00255341874436, 0.000773861305788, 7.92313367128e-05], [-0.0001724724425, 0.000239998276811, 0.000883716798853, 0.000124456753838, 0.00176613358781, -0.00216601928696, 3.30035290972e-05, -0.00149465119466, 0.000128021885757, -0.00255341874436, 0.0121339708567, -0.00329732848331, -3.05202265736e-05], [0.000135217516799, -0.000428234110586, -0.0013452321291, -0.00157260068227, -0.000431934313383, 0.0010820152238, -0.000722155731637, -0.000231358964811, 0.000376575160772, 0.000773861305788, -0.00329732848331, 0.0142236901447, -0.00283914175816], [-6.13041338511e-05, -0.000170706553035, 2.8178201319e-05, 6.62002785248e-05, -8.02345894044e-05, -0.000793737708591, 0.000551262754016, -0.00159843428992, 7.91432321421e-05, 7.92313367128e-05, -3.05202265736e-05, -0.00283914175816, 0.0128213604912]]
    },
    "spectral_contrast_coeffs": {
        "mean": [-0.756959140301, -0.73170799017, -0.729421496391, -0.776293098927, -0.788274943829, -0.799146234989],
        "stdev": [0.0722765401006, 0.083079867065, 0.083776704967, 0.063469208777, 0.0446097664535, 0.0417981371284]
    },
    "spectral_contrast_valleys": {
        "mean": [-7.00941371918, -7.1252450943, -7.64119958878, -7.96565103531, -8.03871822357, -10.073223114],
        "stdev": [1.92016816139, 1.79094338417, 1.78065025806, 1.76197457314, 1.79738461971, 1.88410198689]
    }
},
"rhythm": {
    "beats_count": 605,
    "beats_loudness": {
        "mean": 0.0298911109567,
        "stdev": 0.0213400516659
    },
    "bpm": 114.906036377,
    "bpm_histogram_first_peak_bpm": 115,
    "bpm_histogram_first_peak_weight": 0.166666686535,
    "bpm_histogram_second_peak_bpm": 129,
    "bpm_histogram_second_peak_spread": 0.300000071526,
    "bpm_histogram_second_peak_weight": 0.0115894041955,
    "danceability": 1.08747804165,
    "onset_rate": 3.27507185936,
    "beats_loudness_band_ratio": {
        "mean": [0.394366323948, 0.131108134985, 0.178133681417, 0.169256359339, 0.0647554174066, 0.094730168581],
        "stdev": [0.253193438053, 0.125377774239, 0.144414901733, 0.15111091733, 0.0581691898406, 0.108056850731]
    },
    "beats_position": [0.522448956966, 1.04489791393, 1.5673469305, 2.08979582787, 2.62385487556, 3.15791368484, 3.69197273254, 4.22603178024, 4.76009082794, 5.2941493988, 5.83981847763, 6.38548755646, 6.94276618958, 7.50004529953, 8.04571437836, 8.59138298035, 9.12544155121, 9.65950107574, 10.1819496155, 10.7043991089, 11.2268476486, 11.749297142, 12.2717456818, 12.7941951752, 13.3166437149, 13.8390922546, 14.361541748, 14.8839902878, 15.4064397812, 15.9288883209, 16.4513378143, 16.9737873077, 17.4846248627, 18.0070743561, 18.5295238495, 19.0519733429, 19.574420929, 20.0968704224, 20.6193199158, 21.1417675018, 21.6758270264, 22.1982765198, 22.7323360443, 23.2431735992, 23.7540130615, 24.2648525238, 24.7873020172, 25.3097496033, 25.8321990967, 26.3546485901, 26.8770961761, 27.3995456696, 27.9103851318, 28.4328346252, 28.9552822113, 29.4777317047, 30.0001811981, 30.5226306915, 31.0450782776, 31.567527771, 32.0899772644, 32.6124267578, 33.1348762512, 33.6689338684, 34.1797714233, 34.7022209167, 35.2246704102, 35.7471199036, 36.269569397, 36.7920188904, 37.3144645691, 37.8253059387, 38.3477554321, 38.8702049255, 39.3926506042, 39.9151000977, 40.4375495911, 40.9599990845, 41.4824485779, 42.0048980713, 42.5273475647, 43.0497932434, 43.5722427368, 44.0946922302, 44.6171417236, 45.139591217, 45.6620407104, 46.1844902039, 46.6953277588, 47.2177772522, 47.7402267456, 48.262676239, 48.7851219177, 49.3075714111, 49.8300209045, 50.3524703979, 50.8749198914, 51.3973693848, 51.9198188782, 52.4422683716, 52.9647140503, 53.4755554199, 53.9980049133, 54.5204544067, 55.0545120239, 55.5769615173, 56.0994110107, 56.6218566895, 57.1443061829, 57.6667556763, 58.1892051697, 58.7000427246, 59.222492218, 59.7449417114, 60.2673912048, 60.7898406982, 61.3122901917, 61.8347396851, 62.3571853638, 62.8796348572, 63.4020843506, 63.924533844, 64.4469833374, 64.9694290161, 65.4918823242, 66.0143280029, 66.536781311, 67.0592269897, 67.5816802979, 68.1041259766, 68.6265716553, 69.1490249634, 69.659866333, 70.1823120117, 70.6931533813, 71.2155990601, 71.7496566772, 72.2721099854, 72.7945556641, 73.3170089722, 73.8510665894, 74.3735122681, 74.8843536377, 75.3951950073, 75.917640686, 76.4400863647, 76.9625396729, 77.4849853516, 78.0074386597, 78.5298843384, 79.0523376465, 79.5747833252, 80.0972290039, 80.619682312, 81.1421279907, 81.6645812988, 82.1870269775, 82.7094802856, 83.2319259644, 83.7543716431, 84.2768249512, 84.7992706299, 85.321723938, 85.8441696167, 86.3666229248, 86.8890686035, 87.4115142822, 87.9339675903, 88.456413269, 88.9788665771, 89.5013122559, 90.023765564, 90.5345993042, 91.0570526123, 91.579498291, 92.0903396606, 92.6127853394, 93.1352386475, 93.6576843262, 94.1801376343, 94.702583313, 95.2250289917, 95.7474822998, 96.2699279785, 96.7923812866, 97.3148269653, 97.8372802734, 98.3597259521, 98.8821716309, 99.404624939, 99.9270706177, 100.449523926, 100.960357666, 101.482810974, 102.005256653, 102.527709961, 103.05015564, 103.572608948, 104.095054626, 104.617500305, 105.139953613, 105.662399292, 106.1848526, 106.69568634, 107.229751587, 107.752197266, 108.274642944, 108.785484314, 109.307937622, 109.830383301, 110.352828979, 110.886894226, 111.397727966, 111.920181274, 112.442626953, 112.965080261, 113.48752594, 114.009971619, 114.532424927, 115.054870605, 115.577323914, 116.099769592, 116.6222229, 117.144668579, 117.655509949, 118.177955627, 118.700408936, 119.222854614, 119.745300293, 120.267753601, 120.801811218, 121.335868835, 121.858322144, 122.369155884, 122.879997253, 123.402442932, 123.92489624, 124.43573761, 124.958183289, 125.480628967, 126.003082275, 126.525527954, 127.047981262, 127.570426941, 128.092880249, 128.615325928, 129.137771606, 129.660217285, 130.182678223, 130.705123901, 131.22756958, 131.750015259, 132.272476196, 132.794921875, 133.317367554, 133.839813232, 134.350662231, 134.87310791, 135.395553589, 135.917999268, 136.440444946, 136.962905884, 137.485351562, 138.007797241, 138.541854858, 139.064300537, 139.575149536, 140.085983276, 140.608428955, 141.130874634, 141.66494751, 142.187393188, 142.709838867, 143.232284546, 143.754730225, 144.288803101, 144.799636841, 145.32208252, 145.844528198, 146.366973877, 146.889434814, 147.400268555, 147.922714233, 148.445159912, 148.96762085, 149.490066528, 150.012512207, 150.534957886, 151.057418823, 151.579864502, 152.102310181, 152.624755859, 153.147201538, 153.669662476, 154.192108154, 154.714553833, 155.236999512, 155.759460449, 156.281906128, 156.804351807, 157.326797485, 157.849243164, 158.371704102, 158.89414978, 159.416595459, 159.939041138, 160.461486816, 160.983947754, 161.506393433, 162.028839111, 162.55128479, 163.073745728, 163.584579468, 164.107025146, 164.629470825, 165.151931763, 165.674377441, 166.19682312, 166.719268799, 167.230117798, 167.752563477, 168.275009155, 168.797454834, 169.319900513, 169.84236145, 170.364807129, 170.887252808, 171.409698486, 171.932144165, 172.454605103, 172.977050781, 173.49949646, 174.021942139, 174.544403076, 175.066848755, 175.589294434, 176.111740112, 176.634185791, 177.14503479, 177.667480469, 178.189926147, 178.723983765, 179.246429443, 179.768890381, 180.279724121, 180.8021698, 181.324615479, 181.847076416, 182.369522095, 182.891967773, 183.414413452, 183.93687439, 184.459320068, 184.981765747, 185.504211426, 186.015060425, 186.537506104, 187.059951782, 187.582397461, 188.10484314, 188.627304077, 189.149749756, 189.672195435, 190.194641113, 190.717086792, 191.239547729, 191.761993408, 192.284439087, 192.806884766, 193.329345703, 193.840179443, 194.351013184, 194.873458862, 195.3959198, 195.929977417, 196.452423096, 196.974868774, 197.497314453, 198.019775391, 198.542221069, 199.064666748, 199.587112427, 200.109558105, 200.632019043, 201.154464722, 201.6769104, 202.141311646, 202.617324829, 203.081726074, 203.557723999, 204.033737183, 204.498138428, 204.962539673, 205.426940918, 205.891326904, 206.355728149, 206.878189087, 207.400634766, 207.911468506, 208.445526123, 208.967971802, 209.490432739, 210.001266479, 210.535324097, 211.069381714, 211.580215454, 212.102676392, 212.62512207, 213.147567749, 213.658401489, 214.180862427, 214.691696167, 215.225753784, 215.748199463, 216.2706604, 216.781494141, 217.315551758, 217.837997437, 218.360443115, 218.882904053, 219.405349731, 219.92779541, 220.450241089, 220.984298706, 221.495147705, 222.017593384, 222.540039062, 223.062484741, 223.584945679, 224.107391357, 224.629837036, 225.152282715, 225.674728394, 226.197189331, 226.71963501, 227.242080688, 227.752914429, 228.275375366, 228.797821045, 229.320266724, 229.842712402, 230.36517334, 230.887619019, 231.410064697, 231.932510376, 232.454956055, 232.977416992, 233.488250732, 234.010696411, 234.53314209, 235.055603027, 235.578048706, 236.100494385, 236.622940063, 237.145385742, 237.656234741, 238.190292358, 238.724349976, 239.246795654, 239.757644653, 240.280090332, 240.802536011, 241.336593628, 241.859039307, 242.369888306, 242.892333984, 243.414779663, 243.925613403, 244.448074341, 244.97052002, 245.504577637, 246.027023315, 246.549468994, 247.071929932, 247.59437561, 248.105209351, 248.616043091, 249.138504028, 249.660949707, 250.183395386, 250.705841064, 251.228302002, 251.750747681, 252.273193359, 252.795639038, 253.318084717, 253.840545654, 254.362991333, 254.885437012, 255.40788269, 255.930328369, 256.452789307, 256.975219727, 257.497680664, 258.020141602, 258.542572021, 259.065032959, 259.587463379, 260.109924316, 260.620758057, 261.143218994, 261.665649414, 262.199737549, 262.722167969, 263.244628906, 263.767059326, 264.289520264, 264.800354004, 265.322814941, 265.845245361, 266.367706299, 266.890167236, 267.401000977, 267.923431396, 268.445892334, 268.968353271, 269.490783691, 270.013244629, 270.535675049, 271.058135986, 271.580596924, 272.103027344, 272.625488281, 273.147918701, 273.670379639, 274.192840576, 274.715270996, 275.237731934, 275.760162354, 276.282623291, 276.805084229, 277.315917969, 277.838348389, 278.360809326, 278.894866943, 279.417327881, 279.939758301, 280.462219238, 280.984680176, 281.507110596, 282.017944336, 282.540405273, 283.062866211, 283.585296631, 284.107757568, 284.630187988, 285.152648926, 285.675109863, 286.185943604, 286.708374023, 287.230834961, 287.753295898, 288.275726318, 288.798187256, 289.320617676, 289.843078613, 290.365539551, 290.887969971, 291.410430908, 291.932861328, 292.455322266, 292.977783203, 293.500213623, 294.022674561, 294.54510498, 295.067565918, 295.590026855, 296.112457275, 296.623291016, 297.145751953, 297.668212891, 298.190643311, 298.713104248, 299.235565186, 299.757995605, 300.280456543, 300.802886963, 301.3253479, 301.847808838, 302.370239258, 302.881072998, 303.403533936, 303.925994873, 304.448425293, 304.97088623, 305.49331665, 306.015777588, 306.538238525, 307.060668945, 307.583129883, 308.105560303, 308.62802124, 309.150482178, 309.672912598, 310.195373535, 310.717803955, 311.240264893, 311.76272583, 312.28515625, 312.819213867, 313.341674805, 313.864135742, 314.398193359, 314.932250977, 315.466308594],
    "bpm_histogram": [0, 0, 0, 0, 0, 0, 0, 0, 0, 0, 0, 0, 0, 0, 0, 0, 0, 0, 0, 0, 0, 0, 0, 0, 0, 0, 0, 0, 0, 0, 0, 0, 0, 0, 0, 0, 0, 0, 0, 0, 0, 0, 0, 0, 0, 0, 0, 0, 0, 0, 0, 0, 0, 0, 0, 0, 0, 0, 0, 0, 0, 0, 0, 0, 0, 0, 0, 0, 0, 0, 0, 0, 0, 0, 0, 0, 0, 0, 0, 0, 0, 0, 0, 0, 0, 0, 0, 0, 0, 0, 0, 0, 0, 0, 0, 0, 0, 0, 0, 0, 0, 0, 0, 0, 0, 0, 0, 0, 0.00331125827506, 0, 0.00662251655012, 0, 0.0645695328712, 0, 0, 0.811258256435, 0, 0.0976821184158, 0, 0, 0, 0, 0, 0, 0, 0, 0.00496688764542, 0, 0, 0.0115894041955, 0, 0, 0, 0, 0, 0, 0, 0, 0, 0, 0, 0, 0, 0, 0, 0, 0, 0, 0, 0, 0, 0, 0, 0, 0, 0, 0, 0, 0, 0, 0, 0, 0, 0, 0, 0, 0, 0, 0, 0, 0, 0, 0, 0, 0, 0, 0, 0, 0, 0, 0, 0, 0, 0, 0, 0, 0, 0, 0, 0, 0, 0, 0, 0, 0, 0, 0, 0, 0, 0, 0, 0, 0, 0, 0, 0, 0, 0, 0, 0, 0, 0, 0, 0, 0, 0, 0, 0, 0, 0, 0, 0, 0, 0, 0, 0, 0, 0, 0, 0, 0, 0, 0, 0, 0, 0, 0, 0, 0, 0, 0, 0, 0, 0, 0, 0, 0, 0, 0, 0]
},
"tonal": {
    "chords_changes_rate": 0.0417278856039,
    "chords_number_rate": 0.00102850422263,
    "chords_strength": {
        "mean": 0.555171489716,
        "stdev": 0.133483946323
    },
    "hpcp_crest": {
        "mean": 14.4100093842,
        "stdev": 7.20920705795
    },
    "hpcp_entropy": {
        "mean": 1.88128638268,
        "stdev": 0.738032221794
    },
    "key_edma": {
        "strength": 0.886265456676,
        "key": "C",
        "scale": "major"
    },
    "key_krumhansl": {
        "strength": 0.889347434044,
        "key": "C",
        "scale": "major"
    },
    "key_temperley": {
        "strength": 0.889666795731,
        "key": "C",
        "scale": "major"
    },
    "tuning_diatonic_strength": 0.721165955067,
    "tuning_equal_tempered_deviation": 0.277746856213,
    "tuning_frequency": 434.193115234,
    "tuning_nontempered_energy_ratio": 0.967765450478,
    "hpcp": {
        "mean": [0.132750317454, 0.149711415172, 0.0864216014743, 0.0521819479764, 0.0436227470636, 0.0525869205594, 0.137318521738, 0.192843005061, 0.152278766036, 0.268819540739, 0.309778541327, 0.137920826674, 0.0616750307381, 0.0595621429384, 0.0739254876971, 0.184593454003, 0.232297852635, 0.119752004743, 0.0489445142448, 0.0425565801561, 0.0640716403723, 0.192923471332, 0.255532950163, 0.165464550257, 0.179695978761, 0.177035003901, 0.0830438956618, 0.0585184283555, 0.0608592443168, 0.0754441991448, 0.267858624458, 0.338358104229, 0.152067497373, 0.0657893568277, 0.0594413541257, 0.0675239339471],
        "stdev": [0.222775027156, 0.246754541993, 0.174351707101, 0.143365949392, 0.138071462512, 0.143492534757, 0.2142752707, 0.271604865789, 0.224045559764, 0.302180618048, 0.335848003626, 0.20295676589, 0.152427583933, 0.155098855495, 0.168434888124, 0.260352343321, 0.307557344437, 0.197899952531, 0.129740342498, 0.123048394918, 0.153609156609, 0.272085160017, 0.342940062284, 0.238719165325, 0.282323479652, 0.293226003647, 0.166281446815, 0.139839708805, 0.141663342714, 0.15090495348, 0.296726584435, 0.349592775106, 0.208854526281, 0.154971644282, 0.151887178421, 0.159263923764]
    },
    "chords_histogram": [45.7978248596, 8.34557723999, 17.3082580566, 0.323244184256, 0, 0, 0.440787553787, 0, 0.0440787523985, 0, 0, 0, 0, 0, 0, 1.52806341648, 0, 0.881575107574, 0, 0, 0, 5.73023796082, 11.7837200165, 7.81663227081],
