{
"metadata": {
    "version": {
        "essentia": "2.1-dev",
        "essentia_git_sha": "v2.1_beta3-415-gd5473f3",
        "extractor": "music 2.0"
    },
    "audio_properties": {
        "analysis": {
            "equal_loudness": 0,
            "length": 232.176330566,
            "sample_rate": 44100,
            "start_time": 0,
            "downmix": "mix"
        },
        "bit_rate": 192000,
        "length": 232.176330566,
        "lossless": 0,
        "number_channels": 2,
        "replay_gain": -11.3466300964,
        "sample_rate": 44100,
        "codec": "mp3",
        "md5_encoded": "38371490a31fc855d034650d87b20b6b"
    },
    "tags": {
        "file_name": "back_street_boys-shape_of_my_heart.mp3",
        "album": ["Greatest Hits - Chapter One"],
        "artist": ["Backstreet Boys"],
        "genre": ["Other"],
        "title": ["Shape of my heart"]
    }
},
"lowlevel": {
    "average_loudness": 0.638774991035,
    "barkbands_crest": {
        "mean": 8.73329257965,
        "stdev": 3.67374873161
    },
    "barkbands_flatness_db": {
        "mean": 0.110077992082,
        "stdev": 0.0558853670955
    },
    "barkbands_kurtosis": {
        "mean": 4.07388114929,
        "stdev": 9.34174919128
    },
    "barkbands_skewness": {
        "mean": 1.30087447166,
        "stdev": 1.17903530598
    },
    "barkbands_spread": {
        "mean": 25.6788444519,
        "stdev": 18.2529335022
    },
    "dissonance": {
        "mean": 0.44855043292,
        "stdev": 0.0367495827377
    },
    "dynamic_complexity": 4.6466217041,
    "erbbands_crest": {
        "mean": 9.40382003784,
        "stdev": 4.34985303879
    },
    "erbbands_flatness_db": {
        "mean": 0.144547477365,
        "stdev": 0.0506196953356
    },
    "erbbands_kurtosis": {
        "mean": 1.81606912613,
        "stdev": 3.03790616989
    },
    "erbbands_skewness": {
        "mean": 0.81344383955,
        "stdev": 0.812446415424
    },
    "erbbands_spread": {
        "mean": 35.3625411987,
        "stdev": 21.0498504639
    },
    "hfc": {
        "mean": 33.2387237549,
        "stdev": 38.4748382568
    },
    "loudness_ebu128": {
        "integrated": -11.5513143539,
        "loudness_range": 9.79396820068,
        "momentary": {
            "mean": -16.5403442383,
            "stdev": 25.894990921
        },
        "short_term": {
            "mean": -13.5823535919,
            "stdev": 5.34034729004
        }
    },
    "melbands_crest": {
        "mean": 11.7412824631,
        "stdev": 4.91201353073
    },
    "melbands_flatness_db": {
        "mean": 0.17519018054,
        "stdev": 0.0700979158282
    },
    "melbands_kurtosis": {
        "mean": 9.38367080688,
        "stdev": 15.6256971359
    },
    "melbands_skewness": {
        "mean": 1.91000974178,
        "stdev": 1.46085011959
    },
    "melbands_spread": {
        "mean": 27.3524036407,
        "stdev": 24.6317462921
    },
    "pitch_salience": {
        "mean": 0.585884928703,
        "stdev": 0.100031368434
    },
    "silence_rate_20dB": {
        "mean": 1,
        "stdev": 0
    },
    "silence_rate_30dB": {
        "mean": 0.999100029469,
        "stdev": 0.0299870949239
    },
    "silence_rate_60dB": {
        "mean": 0.137400001287,
        "stdev": 0.344245940447
    },
    "spectral_centroid": {
        "mean": 1293.91394043,
        "stdev": 1171.79699707
    },
    "spectral_complexity": {
        "mean": 17.0788002014,
        "stdev": 9.32766246796
    },
    "spectral_decrease": {
        "mean": -5.76180481104e-09,
        "stdev": 4.99601782167e-09
    },
    "spectral_energy": {
        "mean": 0.0247611626983,
        "stdev": 0.02133115381
    },
    "spectral_energyband_high": {
        "mean": 0.00183886033483,
        "stdev": 0.00329682952724
    },
    "spectral_energyband_low": {
        "mean": 0.00472411420196,
        "stdev": 0.00810004305094
    },
    "spectral_energyband_middle_high": {
        "mean": 0.00778372958302,
        "stdev": 0.0098782191053
    },
    "spectral_energyband_middle_low": {
        "mean": 0.0109651116654,
        "stdev": 0.0102640287951
    },
    "spectral_entropy": {
        "mean": 7.65925836563,
        "stdev": 0.606075167656
    },
    "spectral_flux": {
        "mean": 0.0766708403826,
        "stdev": 0.0509905703366
    },
    "spectral_kurtosis": {
        "mean": 4.97650671005,
        "stdev": 6.74902963638
    },
    "spectral_rms": {
        "mean": 0.00438776938245,
        "stdev": 0.00221468508244
    },
    "spectral_rolloff": {
        "mean": 2219.06030273,
        "stdev": 2972.03930664
    },
    "spectral_skewness": {
        "mean": 1.82269203663,
        "stdev": 0.724732995033
    },
    "spectral_spread": {
        "mean": 6700447.5,
        "stdev": 4150087.75
    },
    "spectral_strongpeak": {
        "mean": 1.36014342308,
        "stdev": 1.70314705372
    },
    "zerocrossingrate": {
        "mean": 0.0916421413422,
        "stdev": 0.0702528804541
    },
    "barkbands": {
        "mean": [0.000281456275843, 0.00274458783679, 0.00130521063693, 0.000865770038217, 0.00186691340059, 0.00179778481834, 0.0014432471944, 0.00181519798934, 0.00283211516216, 0.00186158565339, 0.00142752076499, 0.00102514692117, 0.00101485522464, 0.000784676754847, 0.00056456605671, 0.000533215352334, 0.000373693241272, 0.000187782177818, 0.000131391119794, 0.000121889446746, 0.000117910036352, 0.000229220226174, 0.000326777022565, 0.000305258610751, 0.000379648117814, 0.000407817278756, 1.59556093422e-05],
        "stdev": [0.00064156181179, 0.00502779893577, 0.00349827948958, 0.00217552552931, 0.00251947902143, 0.00267805508338, 0.00263574463315, 0.00416318746284, 0.00552013330162, 0.0040185013786, 0.00402906304225, 0.00194762647152, 0.00236829719506, 0.00170202681329, 0.00138262636028, 0.00151152850594, 0.000732612563297, 0.000289316347335, 0.000194445674424, 0.000183032141649, 0.000195787317352, 0.000500199093949, 0.000883097760379, 0.000678206735756, 0.000748106045648, 0.000877059006598, 3.42779130733e-05]
    },
    "erbbands": {
        "mean": [0.0892532616854, 0.574154317379, 1.49800550938, 2.31301045418, 4.73944377899, 6.0897564888, 9.65957927704, 15.9085168839, 18.8409862518, 24.4867954254, 52.3240814209, 59.636806488, 57.9731674194, 62.7853813171, 53.2320518494, 42.6557617188, 45.9809417725, 43.9094161987, 31.8380775452, 28.2974128723, 30.9049873352, 20.4048709869, 12.5701370239, 6.83361244202, 7.25548124313, 5.88141965866, 4.53647327423, 5.11089944839, 7.66614532471, 9.49482727051, 9.29749965668, 6.72225761414, 4.95514917374, 3.7361562252, 2.9912519455, 1.87572324276, 0.734524071217, 0.107790708542, 0.00229813042097, 0.000107083236799],
        "stdev": [0.145365819335, 1.19516909122, 3.6661529541, 5.85387086868, 8.5966091156, 8.68232536316, 14.657708168, 26.285150528, 33.0159263611, 48.25989151, 116.499977112, 116.229820251, 113.160743713, 123.785423279, 123.941093445, 81.7199172974, 98.3094863892, 98.1753082275, 74.0973205566, 63.2175102234, 91.1487197876, 39.9478492737, 19.1334629059, 8.9344291687, 11.5282554626, 8.66149902344, 7.27591180801, 9.06799221039, 16.8700027466, 22.7382965088, 25.5519256592, 17.3797225952, 10.2504024506, 7.78283262253, 5.89671087265, 3.67306876183, 1.68832325935, 0.246251568198, 0.00507742865011, 0.000179255119292]
    },
    "gfcc": {
        "mean": [-9.57824325562, 68.1283035278, -101.153533936, 3.25617170334, -65.213394165, 20.7655277252, -43.670501709, 13.5318346024, -25.3908958435, 5.55062103271, -21.2148742676, 7.75448226929, -15.4195356369],
        "cov": [[28085.125, -2124.64331055, -1068.92321777, 295.23236084, -503.076446533, 1236.10290527, -325.104034424, 1054.56213379, -102.460929871, 819.672790527, -404.19921875, 687.762756348, -332.329742432], [-2124.64331055, 1708.24487305, -277.370697021, -57.3707046509, 12.4552145004, -245.119766235, 23.8012771606, -210.68019104, 13.1488552094, -233.376037598, 63.0121078491, -184.363372803, 40.4424705505], [-1068.92321777, -277.370697021, 747.487548828, 213.347808838, 114.82447052, 55.4679603577, 25.9265480042, 53.413143158, 13.3707494736, 12.1507101059, -6.22065258026, 27.560136795, -32.6937522888], [295.23236084, -57.3707046509, 213.347808838, 409.692321777, 86.076751709, 66.2908096313, 22.1720314026, 39.4294319153, 71.5891113281, 7.34746074677, 22.2990455627, 36.9041824341, 21.7364063263], [-503.076446533, 12.4552145004, 114.82447052, 86.076751709, 273.820068359, 62.9046401978, 91.9503250122, 50.3914527893, 56.0588684082, 28.5998783112, 16.7687339783, 20.6452083588, 33.5965080261], [1236.10290527, -245.119766235, 55.4679603577, 66.2908096313, 62.9046401978, 278.253570557, 120.459442139, 108.350334167, 32.5879364014, 104.692672729, 22.3828639984, 50.9809875488, -0.329031586647], [-325.104034424, 23.8012771606, 25.9265480042, 22.1720314026, 91.9503250122, 120.459442139, 263.025939941, 67.2383041382, 33.7126655579, 64.4563293457, 55.6983566284, -7.55517339706, 23.5489997864], [1054.56213379, -210.68019104, 53.413143158, 39.4294319153, 50.3914527893, 108.350334167, 67.2383041382, 191.899658203, 56.6703224182, 73.7489395142, -2.53579711914, 53.8667373657, 4.01438236237], [-102.460929871, 13.1488552094, 13.3707494736, 71.5891113281, 56.0588684082, 32.5879364014, 33.7126655579, 56.6703224182, 157.571426392, 31.3990459442, 23.7343597412, 21.7230262756, 23.188533783], [819.672790527, -233.376037598, 12.1507101059, 7.34746074677, 28.5998783112, 104.692672729, 64.4563293457, 73.7489395142, 31.3990459442, 154.94859314, 34.4102897644, 38.6472816467, 2.38195919991], [-404.19921875, 63.0121078491, -6.22065258026, 22.2990455627, 16.7687339783, 22.3828639984, 55.6983566284, -2.53579711914, 23.7343597412, 34.4102897644, 92.3207168579, 12.7453422546, 20.0882701874], [687.762756348, -184.363372803, 27.560136795, 36.9041824341, 20.6452083588, 50.9809875488, -7.55517339706, 53.8667373657, 21.7230262756, 38.6472816467, 12.7453422546, 112.357574463, 21.629617691], [-332.329742432, 40.4424705505, -32.6937522888, 21.7364063263, 33.5965080261, -0.329031586647, 23.5489997864, 4.01438236237, 23.188533783, 2.38195919991, 20.0882701874, 21.629617691, 85.5777053833]],
        "icov": [[0.000151779036969, -0.000131791603053, 0.00034585269168, -0.000316694786306, 0.000265531009063, -0.000489733938593, 0.000344159081578, -0.000575817830395, 0.000388441549148, -0.000699621974491, 0.000830808130559, -0.000694878515787, 0.000585270812735], [-0.000131791603053, 0.00123719591647, 5.43541827938e-05, 0.000244719150942, -0.000539194035809, 0.000777587527409, -0.000581649190281, 0.000806913245469, -0.000724136945792, 0.00209897733293, -0.0018948179204, 0.00182728783693, -0.00068025715882], [0.00034585269168, 5.43541827938e-05, 0.00264859036542, -0.00161274732091, -0.000114919494081, -0.000896570505574, 0.000640015176032, -0.00147928367369, 0.00117146759294, -0.00108898535836, 0.00164764176589, -0.00146262499038, 0.00236961548217], [-0.000316694786306, 0.000244719150942, -0.00161274732091, 0.00402982998639, -0.000902023923118, 0.000199874892132, -0.000285972113488, 0.00130182050634, -0.00200855103321, 0.00219546956941, -0.00236270320602, 0.00110174634028, -0.00185337825678], [0.000265531009063, -0.000539194035809, -0.000114919494081, -0.000902023923118, 0.0054707233794, -0.0011248284718, -0.000743862066884, -0.00114782445598, -0.000243653761572, -0.00160122278612, 0.00243613240309, -0.00177495111711, -0.000434980494902], [-0.000489733938593, 0.000777587527409, -0.000896570505574, 0.000199874892132, -0.0011248284718, 0.0081722503528, -0.00344678130932, 0.000569420633838, -0.000860145082697, 0.000122748911963, -0.0022580975201, 0.000945854291786, -0.00074715714436], [0.000344159081578, -0.000581649190281, 0.000640015176032, -0.000285972113488, -0.000743862066884, -0.00344678130932, 0.00755120115355, -0.00302774668671, 0.00127670972142, -0.00223599211313, -0.00131167413201, 0.00120878661983, -9.91864089883e-06], [-0.000575817830395, 0.000806913245469, -0.00147928367369, 0.00130182050634, -0.00114782445598, 0.000569420633838, -0.00302774668671, 0.0113148828968, -0.00393028976396, 0.000917902216315, -0.000239212342422, -0.000105480008642, -0.00163580791559], [0.000388441549148, -0.000724136945792, 0.00117146759294, -0.00200855103321, -0.000243653761572, -0.000860145082697, 0.00127670972142, -0.00393028976396, 0.00949007645249, -0.00284817907959, 0.000901834806427, -0.00184115301818, 0.000495230604429], [-0.000699621974491, 0.00209897733293, -0.00108898535836, 0.00219546956941, -0.00160122278612, 0.000122748911963, -0.00223599211313, 0.000917902216315, -0.00284817907959, 0.0156645402312, -0.00861195847392, 0.00344418734312, -0.00199439236894], [0.000830808130559, -0.0018948179204, 0.00164764176589, -0.00236270320602, 0.00243613240309, -0.0022580975201, -0.00131167413201, -0.000239212342422, 0.000901834806427, -0.00861195847392, 0.0209387019277, -0.00712215481326, 0.00163881818298], [-0.000694878515787, 0.00182728783693, -0.00146262499038, 0.00110174634028, -0.00177495111711, 0.000945854291786, 0.00120878661983, -0.000105480008642, -0.00184115301818, 0.00344418734312, -0.00712215481326, 0.0173783972859, -0.0063453563489], [0.000585270812735, -0.00068025715882, 0.00236961548217, -0.00185337825678, -0.000434980494902, -0.00074715714436, -9.91864089883e-06, -0.00163580791559, 0.000495230604429, -0.00199439236894, 0.00163881818298, -0.0063453563489, 0.0170433800668]]
    },
    "melbands": {
        "mean": [0.00078359246254, 0.000789317535236, 0.000470512197353, 0.000407606683439, 0.000319213751936, 0.000356088363333, 0.000290246302029, 0.000276964128716, 0.000456155306892, 0.000369398738258, 0.000292643846478, 0.000261772511294, 0.000212386294152, 0.000113219488412, 0.000106067025627, 9.95441660052e-05, 7.69914768171e-05, 5.20379180671e-05, 4.00846438424e-05, 3.47744571627e-05, 3.54386647814e-05, 2.03806594072e-05, 1.64343800861e-05, 9.27859218791e-06, 4.84421161673e-06, 5.19213926964e-06, 4.9758368732e-06, 3.63284766536e-06, 2.7586008855e-06, 2.74212879958e-06, 2.98796226161e-06, 4.08867390433e-06, 4.98526560477e-06, 5.36748302693e-06, 5.46841238247e-06, 4.91476339448e-06, 3.7847337353e-06, 3.55233669325e-06, 3.016263463e-06, 3.21581933349e-06],
        "stdev": [0.00133501505479, 0.00173322053161, 0.00104267068673, 0.000619194528554, 0.000452001026133, 0.000560581102036, 0.00049208017299, 0.000516914122272, 0.000996661954559, 0.000710485794116, 0.00058623770019, 0.000536476261914, 0.000582524808124, 0.000223103779717, 0.00022016389994, 0.000228493227041, 0.000173818101757, 0.000130646832986, 0.000103356192994, 9.19151934795e-05, 0.00011028987501, 4.14670794271e-05, 3.3201649785e-05, 1.44837467815e-05, 6.9239304139e-06, 7.96764561528e-06, 8.17926047603e-06, 5.62355262446e-06, 4.46802914666e-06, 4.9069499255e-06, 5.6141548157e-06, 9.30551868805e-06, 1.15942357297e-05, 1.36111275424e-05, 1.5407020328e-05, 1.46169631989e-05, 9.3494554676e-06, 7.46966452425e-06, 6.25691109235e-06, 7.03214300302e-06]
    },
    "melbands128": {
        "mean": [0.000248771859333, 0.00074203958502, 0.000971335044596, 0.000939476012718, 0.000822517089546, 0.000598117418122, 0.000450480903964, 0.000437132606748, 0.000490918115247, 0.000479148584418, 0.000346609886037, 0.000267901748884, 0.000325764383888, 0.000381736521376, 0.000355290278094, 0.000366558524547, 0.000296723505016, 0.000284842826659, 0.000218169618165, 0.000301816209685, 0.000186536723049, 0.000443606433691, 0.000481896160636, 0.000457003363408, 0.000432490633102, 0.000254567159573, 0.000434850488091, 0.000199298316147, 0.000291995587759, 0.000337787583703, 0.000166381447343, 0.000266938615823, 0.000324789492879, 4.81825190946e-05, 0.000138376170071, 0.000123810750665, 0.000106548563053, 8.42270310386e-05, 0.000144979887409, 8.41236978886e-05, 5.77056453039e-05, 0.000167102363775, 6.55727490084e-05, 3.82485741284e-05, 7.27263904992e-05, 4.64871809527e-05, 4.35976580775e-05, 4.30438994954e-05, 3.42849198205e-05, 4.31901207776e-05, 3.03897195408e-05, 2.40241788561e-05, 5.62344976061e-05, 2.94242927339e-05, 1.73895041371e-05, 1.90502141777e-05, 2.05588567042e-05, 2.60308588622e-05, 1.11187982839e-05, 7.23574839867e-06, 1.23215450003e-05, 7.73165993451e-06, 3.89907108911e-06, 4.44249644715e-06, 5.66259632251e-06, 4.31264606959e-06, 5.67048391531e-06, 6.09148492003e-06, 4.20376818511e-06, 4.52487302027e-06, 3.88372109228e-06, 3.13460759571e-06, 2.68871053777e-06, 2.77717435893e-06, 2.69935344477e-06, 2.57949932347e-06, 3.00434317069e-06, 2.70433815786e-06, 2.96404959954e-06, 3.11845064971e-06, 3.94717790186e-06, 4.34028925156e-06, 4.86935368826e-06, 4.74527041661e-06, 5.47317176824e-06, 5.40583869224e-06, 5.25534369444e-06, 5.52388519282e-06, 5.74758041694e-06, 4.90994716529e-06, 5.63427738598e-06, 4.80260268887e-06, 4.13386169384e-06, 3.6783435462e-06, 3.64516404261e-06, 3.54715166395e-06, 3.62429500456e-06, 3.38396876032e-06, 3.04278091789e-06, 2.72967554338e-06, 3.03188676298e-06, 3.32390595759e-06, 3.46944511875e-06, 3.28021542373e-06, 3.36286916536e-06, 3.39245502801e-06, 3.68619862456e-06, 3.27409998135e-06, 3.42291900779e-06, 3.1126455724e-06, 2.81986694972e-06, 2.86009731099e-06, 2.09903782888e-06, 2.31581884691e-06, 1.51203437326e-06, 1.21861717162e-06, 6.26844894214e-07, 8.92307525646e-08, 6.61745137853e-12, 4.30010584432e-12, 4.02355926354e-12, 3.83541982896e-12, 3.69117496984e-12, 3.57960384424e-12, 3.49717086887e-12, 3.43547477792e-12, 3.39124605134e-12, 3.36259384053e-12],
        "stdev": [0.00055540446192, 0.00122988678049, 0.00187106069643, 0.00212279870175, 0.00202576490119, 0.00166441895999, 0.00129827461205, 0.00104536185972, 0.00102446402889, 0.000936084892601, 0.000625553482678, 0.000480738002807, 0.000622072955593, 0.000791124126408, 0.000696417992003, 0.000802693713922, 0.000650340458378, 0.000683330988977, 0.000480476359371, 0.000838367268443, 0.000518390035722, 0.00117219332606, 0.00145399477333, 0.0014270322863, 0.00121610169299, 0.000669918954372, 0.00121458806098, 0.000574162346311, 0.000882275984623, 0.000906693516299, 0.00047343337792, 0.000805258576293, 0.00104931346141, 0.000143191471579, 0.000343767605955, 0.000316316436511, 0.000328387715854, 0.000252308876952, 0.000457363261376, 0.000252863625064, 0.000287068280159, 0.000543569854926, 0.000184775824891, 0.000133329856908, 0.000231137368246, 0.000170511149918, 0.000169503924553, 0.000183925469173, 0.000116205832455, 0.000139725583722, 0.000147348531755, 9.6211246273e-05, 0.000255139719229, 9.02979736566e-05, 5.09436067659e-05, 6.05457353231e-05, 5.61689012102e-05, 6.88497530064e-05, 2.73223831755e-05, 1.55550369527e-05, 2.32058628171e-05, 1.50842206494e-05, 8.36432263895e-06, 8.23693153507e-06, 9.73673377302e-06, 8.07779815659e-06, 1.43838251461e-05, 1.36031603688e-05, 8.62149863678e-06, 8.36440631247e-06, 6.88528689352e-06, 5.96675999986e-06, 5.13327040608e-06, 5.19195873494e-06, 6.07537685937e-06, 5.11085181643e-06, 6.49316507406e-06, 5.73155921302e-06, 5.98875658397e-06, 7.8008579294e-06, 9.99953590508e-06, 1.17474028229e-05, 1.13388477985e-05, 1.25217056848e-05, 1.3716254216e-05, 1.43771740113e-05, 1.42631242852e-05, 1.75875520654e-05, 1.71203701029e-05, 1.48582757902e-05, 1.82729836524e-05, 1.51435033331e-05, 1.28689771373e-05, 9.38431639952e-06, 8.79441995494e-06, 8.00988163974e-06, 8.00900488684e-06, 7.47423018765e-06, 6.97801033311e-06, 5.88846796745e-06, 6.48129343972e-06, 8.29355485621e-06, 8.05325544206e-06, 7.32899479772e-06, 7.24299979993e-06, 6.87803321853e-06, 7.53997255742e-06, 6.71172392686e-06, 7.16425711289e-06, 6.47879733151e-06, 6.24672657068e-06, 6.99477186572e-06, 4.92352910442e-06, 6.22211928203e-06, 3.62402465726e-06, 2.90231355393e-06, 1.35384800615e-06, 2.15281119154e-07, 1.43411567344e-11, 7.67102006916e-12, 7.20700365706e-12, 6.88773040339e-12, 6.64873668274e-12, 6.46228643514e-12, 6.31801512149e-12, 6.20873578244e-12, 6.13117889792e-12, 6.08453955622e-12]
    },
    "mfcc": {
        "mean": [-653.192626953, 113.466453552, 11.2017660141, -6.8357462883, 0.0924496725202, -0.18672516942, -6.197473526, 4.85142946243, -1.99002814293, -0.127550780773, 0.0712151154876, -2.21125268936, 0.486151814461],
        "cov": [[13711.4638672, -1193.34851074, -291.39755249, -296.08972168, 193.626098633, 343.979797363, 254.077301025, 433.145202637, 446.925994873, 389.012115479, 262.26751709, 317.661254883, 260.054992676], [-1193.34851074, 1300.87487793, -87.2761611938, 15.3770170212, -34.3189964294, -72.3380508423, -26.7108955383, -21.4897575378, -75.0166168213, -50.9318008423, -0.530416727066, -81.7571105957, -48.7174072266], [-291.39755249, -87.2761611938, 521.459289551, 137.932388306, 79.6823577881, 31.0185642242, 3.2770242691, 32.2326393127, -11.0177288055, -3.13769030571, -8.37497615814, 21.1049194336, 26.3713970184], [-296.08972168, 15.3770170212, 137.932388306, 302.049865723, 113.951683044, 25.5021419525, -5.3451924324, 36.8877334595, 21.3241405487, -5.0395655632, -25.9640884399, 19.2311954498, 38.4776000977], [193.626098633, -34.3189964294, 79.6823577881, 113.951683044, 227.34703064, 33.537853241, -34.6153259277, 48.713760376, 39.4249649048, 8.51128005981, -24.7595500946, 27.9909610748, 27.3929386139], [343.979797363, -72.3380508423, 31.0185642242, 25.5021419525, 33.537853241, 182.423370361, 88.6908111572, 33.2336044312, 33.7099685669, 48.2115631104, 42.3198051453, 25.2720718384, 21.0420722961], [254.077301025, -26.7108955383, 3.2770242691, -5.3451924324, -34.6153259277, 88.6908111572, 233.963088989, 30.7042617798, 53.9041824341, 42.9632606506, 60.2193603516, 25.1440181732, 9.58174324036], [433.145202637, -21.4897575378, 32.2326393127, 36.8877334595, 48.713760376, 33.2336044312, 30.7042617798, 145.293823242, 59.4515380859, 34.1212348938, 16.9590950012, 22.8070278168, 36.5881843567], [446.925994873, -75.0166168213, -11.0177288055, 21.3241405487, 39.4249649048, 33.7099685669, 53.9041824341, 59.4515380859, 142.312728882, 59.6399497986, 19.4086151123, 39.6805877686, 27.6351013184], [389.012115479, -50.9318008423, -3.13769030571, -5.0395655632, 8.51128005981, 48.2115631104, 42.9632606506, 34.1212348938, 59.6399497986, 122.167419434, 57.5034484863, 20.9630126953, 21.0289421082], [262.26751709, -0.530416727066, -8.37497615814, -25.9640884399, -24.7595500946, 42.3198051453, 60.2193603516, 16.9590950012, 19.4086151123, 57.5034484863, 110.84551239, 30.3327121735, 7.05577039719], [317.661254883, -81.7571105957, 21.1049194336, 19.2311954498, 27.9909610748, 25.2720718384, 25.1440181732, 22.8070278168, 39.6805877686, 20.9630126953, 30.3327121735, 102.96055603, 38.7162780762], [260.054992676, -48.7174072266, 26.3713970184, 38.4776000977, 27.3929386139, 21.0420722961, 9.58174324036, 36.5881843567, 27.6351013184, 21.0289421082, 7.05577039719, 38.7162780762, 94.7079772949]],
        "icov": [[0.00010428292444, 6.91959576216e-05, 6.59546130919e-05, 0.000151164058479, -8.50737123983e-05, -6.73609320074e-05, 8.56222050061e-06, -0.000198446548893, -8.62695087562e-05, -9.53517082962e-05, -7.17706643627e-05, -0.000108409527456, -0.000119151314721], [6.91959576216e-05, 0.000910016824491, 0.000215737265535, -0.000127607199829, -9.71974513959e-05, 0.000257910083747, -7.31827531126e-05, -0.000281343731331, 0.000241626388743, 0.000181776093086, -0.000494019011967, 0.000521273643244, 6.96271818015e-05], [6.59546130919e-05, 0.000215737265535, 0.00234237988479, -0.000816617393866, -0.000422888289904, -0.00013011493138, -0.00015916027769, -0.000483310461277, 0.000774838670623, -0.000108376676508, -4.76335007988e-05, -0.000284897512756, -0.000118563708384], [0.000151164058479, -0.000127607199829, -0.000816617393866, 0.00490205921233, -0.00190747948363, -0.000318951613735, -0.00022637010261, -0.000383155012969, -0.000355579570169, 0.000203894844162, 0.000696541916113, -0.000171697465703, -0.0013746394543], [-8.50737123983e-05, -9.71974513959e-05, -0.000422888289904, -0.00190747948363, 0.00673431297764, -0.00141917192377, 0.00172040169127, -0.00107201351784, -0.00119105353951, -9.13662588573e-05, 0.00154755008407, -0.0011713138083, 0.000415279413573], [-6.73609320074e-05, 0.000257910083747, -0.00013011493138, -0.000318951613735, -0.00141917192377, 0.00793710537255, -0.0027176423464, -0.000191226659808, 0.000863454537466, -0.0015718145296, -0.00110401213169, 9.85577789834e-05, -0.000381695426768], [8.56222050061e-06, -7.31827531126e-05, -0.00015916027769, -0.00022637010261, 0.00172040169127, -0.0027176423464, 0.0065139872022, -0.000349890673533, -0.00226168450899, 0.00075690675294, -0.00213849754073, -0.0001087988785, 0.000353148527211], [-0.000198446548893, -0.000281343731331, -0.000483310461277, -0.000383155012969, -0.00107201351784, -0.000191226659808, -0.000349890673533, 0.00977263692766, -0.00284647499211, -1.50802006829e-05, -0.000747878686525, 0.000967307714745, -0.00220283353701], [-8.62695087562e-05, 0.000241626388743, 0.000774838670623, -0.000355579570169, -0.00119105353951, 0.000863454537466, -0.00226168450899, -0.00284647499211, 0.0121903466061, -0.00495010334998, 0.00244713714346, -0.00286430632696, 0.000301696971292], [-9.53517082962e-05, 0.000181776093086, -0.000108376676508, 0.000203894844162, -9.13662588573e-05, -0.0015718145296, 0.00075690675294, -1.50802006829e-05, -0.00495010334998, 0.0143724493682, -0.00664807111025, 0.00216714013368, -0.00152992224321], [-7.17706643627e-05, -0.000494019011967, -4.76335007988e-05, 0.000696541916113, 0.00154755008407, -0.00110401213169, -0.00213849754073, -0.000747878686525, 0.00244713714346, -0.00664807111025, 0.0155400903895, -0.00444654701278, 0.00139825779479], [-0.000108409527456, 0.000521273643244, -0.000284897512756, -0.000171697465703, -0.0011713138083, 9.85577789834e-05, -0.0001087988785, 0.000967307714745, -0.00286430632696, 0.00216714013368, -0.00444654701278, 0.0143226673827, -0.00450008874759], [-0.000119151314721, 6.96271818015e-05, -0.000118563708384, -0.0013746394543, 0.000415279413573, -0.000381695426768, 0.000353148527211, -0.00220283353701, 0.000301696971292, -0.00152992224321, 0.00139825779479, -0.00450008874759, 0.0142803536728]]
    },
    "spectral_contrast_coeffs": {
        "mean": [-0.711489140987, -0.730524778366, -0.723246216774, -0.771115064621, -0.792223513126, -0.807189583778],
        "stdev": [0.086893722415, 0.0718677416444, 0.0747411325574, 0.0622565373778, 0.0434577129781, 0.0363412722945]
    },
    "spectral_contrast_valleys": {
        "mean": [-7.28305721283, -6.97393608093, -7.674492836, -8.04378795624, -8.27663135529, -10.0121583939],
        "stdev": [2.36944174767, 2.34712862968, 2.34957075119, 2.33244490623, 2.34655857086, 2.36092662811]
    }
},
"rhythm": {
    "beats_count": 374,
    "beats_loudness": {
        "mean": 0.0330891013145,
        "stdev": 0.0230889376253
    },
    "bpm": 96.1894302368,
    "bpm_histogram_first_peak_bpm": 96,
    "bpm_histogram_first_peak_weight": 0.268361568451,
    "bpm_histogram_second_peak_bpm": 103,
    "bpm_histogram_second_peak_spread": 0,
    "bpm_histogram_second_peak_weight": 0.0214477218688,
    "danceability": 1.01312601566,
    "onset_rate": 3.11816358566,
    "beats_loudness_band_ratio": {
        "mean": [0.259775400162, 0.211359605193, 0.240128546953, 0.161320194602, 0.0678660050035, 0.103987798095],
        "stdev": [0.215063616633, 0.153191491961, 0.152911186218, 0.147105738521, 0.0633246898651, 0.0870947241783]
    },
    "beats_position": [0.626938760281, 1.25387752056, 1.88081634045, 2.50775504112, 3.13469386101, 3.76163268089, 4.38857126236, 5.02712011337, 5.64244890213, 6.25777769089, 6.88471651077, 7.52326536179, 8.13859367371, 8.76553249359, 9.38086128235, 10.0078001022, 10.6347389221, 11.261677742, 11.8770065308, 12.4923353195, 13.1192741394, 13.7346029282, 14.361541748, 14.9884805679, 15.6154193878, 16.2307472229, 16.8576869965, 17.4846248627, 18.1115646362, 18.7385025024, 19.365442276, 19.9923801422, 20.6193199158, 21.246257782, 21.8731975555, 22.5117454529, 23.1270751953, 23.7540130615, 24.3809528351, 24.9962806702, 25.6116104126, 26.2385482788, 26.865486145, 27.4924259186, 28.1193637848, 28.7463035583, 29.3732414246, 30.0001811981, 30.6271190643, 31.2424488068, 31.8577766418, 32.4847145081, 33.111656189, 33.7385940552, 34.3655319214, 34.9924697876, 35.6194114685, 36.2463493347, 36.8732872009, 37.4886169434, 38.1039466858, 38.730884552, 39.3578224182, 39.9847602844, 40.6116981506, 41.2386398315, 41.8655776978, 42.492515564, 43.1194534302, 43.7463951111, 44.3733329773, 44.9886627197, 45.6039886475, 46.2309303284, 46.8578681946, 47.4848060608, 48.111743927, 48.7270736694, 49.3424034119, 49.9577331543, 50.5846710205, 51.2000007629, 51.8269386292, 52.4538764954, 53.0692062378, 53.6845359802, 54.3114738464, 54.9384117126, 55.5653495789, 56.1922874451, 56.819229126, 57.4345550537, 58.0614967346, 58.6768226624, 59.3037643433, 59.9307022095, 60.5576400757, 61.1845779419, 61.8115196228, 62.438457489, 63.0653953552, 63.6807250977, 64.2960510254, 64.9229888916, 65.5499343872, 66.1768722534, 66.8038101196, 67.4307479858, 68.0576858521, 68.6730117798, 69.299949646, 69.9268951416, 70.5422210693, 71.1691589355, 71.7960968018, 72.423034668, 73.0499725342, 73.6653060913, 74.280632019, 74.9075698853, 75.5345077515, 76.1614532471, 76.7883911133, 77.4153289795, 78.0422668457, 78.6575927734, 79.2729263306, 79.8998641968, 80.526802063, 81.1537399292, 81.7806777954, 82.4076156616, 83.0345535278, 83.661491394, 84.2768249512, 84.8921508789, 85.5190887451, 86.1460266113, 86.7729721069, 87.3999099731, 88.0268478394, 88.6421737671, 89.2575073242, 89.8844451904, 90.5113830566, 91.1383209229, 91.7652587891, 92.3921966553, 93.0191345215, 93.6460723877, 94.2614059448, 94.8767318726, 95.5036697388, 96.130607605, 96.7575454712, 97.3844909668, 98.011428833, 98.6383666992, 99.2653045654, 99.8806304932, 100.49596405, 101.122901917, 101.749839783, 102.376777649, 103.003715515, 103.630653381, 104.257591248, 104.884536743, 105.499862671, 106.115188599, 106.742126465, 107.36907196, 107.996009827, 108.622947693, 109.249885559, 109.876823425, 110.503761292, 111.130699158, 111.757637024, 112.38457489, 113.011520386, 113.615234375, 114.242172241, 114.869110107, 115.496055603, 116.122993469, 116.749931335, 117.365257263, 117.98059082, 118.607528687, 119.234466553, 119.84979248, 120.476730347, 121.092063904, 121.71900177, 122.345939636, 122.972877502, 123.599815369, 124.226753235, 124.853691101, 125.480628967, 126.095962524, 126.722900391, 127.338226318, 127.965164185, 128.592102051, 129.219039917, 129.845977783, 130.472915649, 131.099868774, 131.715194702, 132.33052063, 132.957458496, 133.584396362, 134.211334229, 134.838272095, 135.465209961, 136.092147827, 136.707473755, 137.322814941, 137.949752808, 138.576690674, 139.20362854, 139.830566406, 140.457504272, 141.0728302, 141.699768066, 142.326705933, 142.953643799, 143.568969727, 144.195922852, 144.822860718, 145.449798584, 146.07673645, 146.692062378, 147.307388306, 147.934326172, 148.561264038, 149.188201904, 149.815139771, 150.442077637, 151.069015503, 151.695953369, 152.322906494, 152.938232422, 153.565170288, 154.180496216, 154.807434082, 155.434371948, 156.061309814, 156.688247681, 157.303573608, 157.930511475, 158.545852661, 159.172790527, 159.799728394, 160.42666626, 161.053604126, 161.680541992, 162.29586792, 162.911193848, 163.538131714, 164.16506958, 164.792022705, 165.418960571, 166.045898438, 166.661224365, 167.288162231, 167.915100098, 168.530426025, 169.157363892, 169.784301758, 170.411239624, 171.03817749, 171.665115356, 172.292053223, 172.907394409, 173.522720337, 174.149658203, 174.776596069, 175.403533936, 176.030471802, 176.657409668, 177.284347534, 177.9112854, 178.526611328, 179.141952515, 179.768890381, 180.395828247, 181.022766113, 181.649703979, 182.276641846, 182.903579712, 183.51890564, 184.134231567, 184.761169434, 185.3881073, 186.015060425, 186.641998291, 187.268936157, 187.895874023, 188.511199951, 189.138137817, 189.753463745, 190.380401611, 191.007339478, 191.634277344, 192.26121521, 192.888153076, 193.503494263, 194.11882019, 194.745758057, 195.372695923, 195.999633789, 196.626571655, 197.253509521, 197.880447388, 198.507385254, 199.122711182, 199.738052368, 200.364990234, 200.991928101, 201.618865967, 202.245803833, 202.872741699, 203.499679565, 204.115005493, 204.730331421, 205.357269287, 205.984207153, 206.611160278, 207.238098145, 207.865036011, 208.491973877, 209.118911743, 209.745849609, 210.361175537, 210.976501465, 211.603439331, 212.230377197, 212.857315063, 213.48425293, 214.111190796, 214.738143921, 215.365081787, 215.980407715, 216.595733643, 217.21105957, 217.826385498, 218.441726685, 218.964172363, 219.49822998, 220.078720093, 220.659225464, 221.239730835, 221.820220947, 222.400726318, 222.981216431, 223.561721802, 224.142211914, 224.745941162, 225.349655151, 225.953369141, 226.557098389, 227.160812378, 227.694869995, 228.228927612, 228.762985229, 229.204162598, 229.656951904, 230.109741211, 230.550918579, 230.992111206, 231.433288574],
    "bpm_histogram": [0, 0, 0, 0, 0, 0, 0, 0, 0, 0, 0, 0, 0, 0, 0, 0, 0, 0, 0, 0, 0, 0, 0, 0, 0, 0, 0, 0, 0, 0, 0, 0, 0, 0, 0, 0, 0, 0, 0, 0, 0, 0, 0, 0, 0, 0, 0, 0, 0, 0, 0, 0, 0, 0, 0, 0, 0, 0, 0, 0, 0, 0, 0, 0, 0, 0, 0, 0, 0, 0, 0, 0, 0, 0, 0, 0, 0, 0, 0, 0, 0, 0, 0, 0, 0, 0, 0, 0, 0, 0, 0, 0, 0, 0, 0.00804289523512, 0, 0.694369971752, 0, 0.230562999845, 0.0160857904702, 0, 0, 0, 0.0214477218688, 0, 0, 0, 0, 0, 0, 0, 0, 0.0107238609344, 0, 0, 0.00268096523359, 0, 0, 0, 0, 0, 0, 0, 0, 0, 0, 0, 0, 0, 0, 0, 0, 0, 0.00536193046719, 0, 0, 0.0107238609344, 0, 0, 0, 0, 0, 0, 0, 0, 0, 0, 0, 0, 0, 0, 0, 0, 0, 0, 0, 0, 0, 0, 0, 0, 0, 0, 0, 0, 0, 0, 0, 0, 0, 0, 0, 0, 0, 0, 0, 0, 0, 0, 0, 0, 0, 0, 0, 0, 0, 0, 0, 0, 0, 0, 0, 0, 0, 0, 0, 0, 0, 0, 0, 0, 0, 0, 0, 0, 0, 0, 0, 0, 0, 0, 0, 0, 0, 0, 0, 0, 0, 0, 0, 0, 0, 0, 0, 0, 0, 0, 0, 0, 0, 0, 0, 0, 0, 0, 0, 0, 0, 0, 0, 0, 0, 0, 0, 0, 0, 0, 0, 0, 0]
},
"tonal": {
    "chords_changes_rate": 0.0399920009077,
    "chords_number_rate": 0.00219956017099,
    "chords_strength": {
        "mean": 0.536598324776,
        "stdev": 0.145555600524
    },
    "hpcp_crest": {
        "mean": 14.4400415421,
        "stdev": 6.826608181
    },
    "hpcp_entropy": {
        "mean": 1.82470750809,
        "stdev": 0.69213026762
    },
    "key_edma": {
        "strength": 0.753509223461,
        "key": "D",
        "scale": "major"
    },
    "key_krumhansl": {
        "strength": 0.757808029652,
        "key": "D",
        "scale": "major"
    },
    "key_temperley": {
        "strength": 0.761613368988,
        "key": "D",
        "scale": "major"
    },
    "tuning_diatonic_strength": 0.577591121197,
    "tuning_equal_tempered_deviation": 0.0125055015087,
    "tuning_frequency": 440.508575439,
    "tuning_nontempered_energy_ratio": 0.65452092886,
    "hpcp": {
        "mean": [0.273500651121, 0.142367720604, 0.0601596608758, 0.0605759583414, 0.0579043440521, 0.159698009491, 0.249881640077, 0.145336389542, 0.0517953038216, 0.0423802249134, 0.0406283289194, 0.115346439183, 0.185249015689, 0.136269107461, 0.181365907192, 0.265336960554, 0.164841338992, 0.094787709415, 0.103943541646, 0.0819210633636, 0.179352343082, 0.277947604656, 0.165672942996, 0.0600421614945, 0.051486030221, 0.0650931969285, 0.203236833215, 0.297102212906, 0.177215442061, 0.132103785872, 0.149256825447, 0.0899819359183, 0.112504974008, 0.159275576472, 0.133725687861, 0.216155797243],
        "stdev": [0.324788331985, 0.207425355911, 0.136869102716, 0.142381846905, 0.132406800985, 0.219819575548, 0.321432054043, 0.19994238019, 0.134339913726, 0.121807955205, 0.115747511387, 0.18770045042, 0.268423080444, 0.204456344247, 0.24935734272, 0.346774429083, 0.241677939892, 0.179848313332, 0.217517107725, 0.158048912883, 0.24582131207, 0.343394964933, 0.234993562102, 0.142720907927, 0.137312918901, 0.151303112507, 0.268891066313, 0.34441781044, 0.229936465621, 0.235533729196, 0.273893862963, 0.17615839839, 0.198509812355, 0.264973342419, 0.202920749784, 0.276588112116]
    },
    "chords_histogram": [27.7544498444, 4.39912033081, 13.0773849487, 1.63967204094, 18.4563083649, 3.53929209709, 4.83903217316, 0, 3.63927221298, 0.0399920009077, 0.239952012897, 0, 0, 0, 0, 0.739852011204, 0.0799840018153, 0.639872014523, 0, 0.179964005947, 0.0799840018153, 2.19956016541, 11.3977203369, 7.05858850479],
    "thpcp": [1, 0.596479713917, 0.444640874863, 0.502375364304, 0.302865236998, 0.378674298525, 0.536096930504, 0.450099945068, 0.727546930313, 0.920560777187, 0.47918766737, 0.202488094568, 0.203889280558, 0.194897040725, 0.5375187397, 0.8410628438, 0.489179760218, 0.174334958196, 0.142645269632, 0.136748656631, 0.388238251209, 0.623519480228, 0.458660691977, 0.610449552536, 0.893083095551, 0.554830372334, 0.319040745497, 0.349857836962, 0.275733590126, 0.603672206402, 0.935528576374, 0.557629466057, 0.202092602849, 0.173293992877, 0.219093605876, 0.684063673019],
    "chords_key": "D",
    "chords_scale": "major"
}
}