{
"metadata": {
    "version": {
        "essentia": "2.1-dev",
        "essentia_git_sha": "v2.1_beta3-415-gd5473f3",
        "extractor": "music 2.0"
    },
    "audio_properties": {
        "analysis": {
            "equal_loudness": 0,
            "length": 268.930603027,
            "sample_rate": 44100,
            "start_time": 0,
            "downmix": "mix"
        },
        "bit_rate": 192000,
        "length": 268.930603027,
        "lossless": 0,
        "number_channels": 2,
        "replay_gain": -11.7627182007,
        "sample_rate": 44100,
        "codec": "mp3",
        "md5_encoded": "bd61a78bc440818be3b124fae95636a3"
    },
    "tags": {
        "file_name": "back_street_boys-drowning.mp3",
        "album": ["Greatest Hits - Chapter One"],
        "artist": ["Backstreet Boys"],
        "genre": ["Other"],
        "title": ["Drowning"]
    }
},
"lowlevel": {
    "average_loudness": 0.709242224693,
    "barkbands_crest": {
        "mean": 9.57196331024,
        "stdev": 4.22801208496
    },
    "barkbands_flatness_db": {
        "mean": 0.120023868978,
        "stdev": 0.0598072521389
    },
    "barkbands_kurtosis": {
        "mean": 4.5600233078,
        "stdev": 8.97935295105
    },
    "barkbands_skewness": {
        "mean": 1.5519182682,
        "stdev": 1.21119725704
    },
    "barkbands_spread": {
        "mean": 23.4527683258,
        "stdev": 14.9733276367
    },
    "dissonance": {
        "mean": 0.453680813313,
        "stdev": 0.0373825617135
    },
    "dynamic_complexity": 5.28826379776,
    "erbbands_crest": {
        "mean": 9.30212688446,
        "stdev": 4.73961305618
    },
    "erbbands_flatness_db": {
        "mean": 0.145123109221,
        "stdev": 0.055426556617
    },
    "erbbands_kurtosis": {
        "mean": 1.07731425762,
        "stdev": 2.91915488243
    },
    "erbbands_skewness": {
        "mean": 0.532060146332,
        "stdev": 0.838373780251
    },
    "erbbands_spread": {
        "mean": 38.7140579224,
        "stdev": 20.0508422852
    },
    "hfc": {
        "mean": 21.6426753998,
        "stdev": 23.0383529663
    },
    "loudness_ebu128": {
        "integrated": -11.6801042557,
        "loudness_range": 13.1784114838,
        "momentary": {
            "mean": -17.442117691,
            "stdev": 25.0480003357
        },
        "short_term": {
            "mean": -14.6064624786,
            "stdev": 6.49519729614
        }
    },
    "melbands_crest": {
        "mean": 12.8225660324,
        "stdev": 5.02647638321
    },
    "melbands_flatness_db": {
        "mean": 0.186621114612,
        "stdev": 0.0685426443815
    },
    "melbands_kurtosis": {
        "mean": 12.0004501343,
        "stdev": 16.6992607117
    },
    "melbands_skewness": {
        "mean": 2.42000460625,
        "stdev": 1.52265131474
    },
    "melbands_spread": {
        "mean": 24.0073356628,
        "stdev": 19.9206371307
    },
    "pitch_salience": {
        "mean": 0.56957757473,
        "stdev": 0.103256635368
    },
    "silence_rate_20dB": {
        "mean": 1,
        "stdev": 0
    },
    "silence_rate_30dB": {
        "mean": 1,
        "stdev": 0
    },
    "silence_rate_60dB": {
        "mean": 0.196667537093,
        "stdev": 0.397499293089
    },
    "spectral_centroid": {
        "mean": 1272.8223877,
        "stdev": 1081.98510742
    },
    "spectral_complexity": {
        "mean": 17.058965683,
        "stdev": 10.8593330383
    },
    "spectral_decrease": {
        "mean": -5.29227817125e-09,
        "stdev": 4.7818686788e-09
    },
    "spectral_energy": {
        "mean": 0.0219373069704,
        "stdev": 0.0197409112006
    },
    "spectral_energyband_high": {
        "mean": 0.00098637084011,
        "stdev": 0.00155204336625
    },
    "spectral_energyband_low": {
        "mean": 0.00575137184933,
        "stdev": 0.00820430647582
    },
    "spectral_energyband_middle_high": {
        "mean": 0.00548648322001,
        "stdev": 0.00748575618491
    },
    "spectral_energyband_middle_low": {
        "mean": 0.01040972583,
        "stdev": 0.0104806255549
    },
    "spectral_entropy": {
        "mean": 7.57754707336,
        "stdev": 0.621294260025
    },
    "spectral_flux": {
        "mean": 0.0687020793557,
        "stdev": 0.0504664778709
    },
    "spectral_kurtosis": {
        "mean": 5.09191513062,
        "stdev": 5.66189575195
    },
    "spectral_rms": {
        "mean": 0.00404957449064,
        "stdev": 0.00223678769544
    },
    "spectral_rolloff": {
        "mean": 1696.72265625,
        "stdev": 2274.21777344
    },
    "spectral_skewness": {
        "mean": 1.77918541431,
        "stdev": 0.667142808437
    },
    "spectral_spread": {
        "mean": 5893189.5,
        "stdev": 3809420
    },
    "spectral_strongpeak": {
        "mean": 1.04677474499,
        "stdev": 1.52594840527
    },
    "zerocrossingrate": {
        "mean": 0.0745423287153,
        "stdev": 0.0581257380545
    },
    "barkbands": {
        "mean": [0.00011417454516, 0.00280352751724, 0.0022076733876, 0.00128465483431, 0.00294497073628, 0.00119123863988, 0.00126690662, 0.00157230754849, 0.00202077976428, 0.00084353442071, 0.000718197552487, 0.000583772780374, 0.000493569939863, 0.000660735589918, 0.000577339320444, 0.00068144017132, 0.000442682183348, 0.000301793159451, 0.000154273875523, 0.000159447052283, 0.000121683442558, 0.000163383389008, 0.000185508673894, 0.000162045587786, 0.000159324757988, 0.000116807677841, 5.56200029678e-06],
        "stdev": [0.00024230076815, 0.00421316735446, 0.00422868225724, 0.00248894491233, 0.00368422293104, 0.00190702092368, 0.00230337842368, 0.00376975978725, 0.00464571593329, 0.00243365648203, 0.00217790110037, 0.00155313231517, 0.0011737588793, 0.00176366826054, 0.00136281223968, 0.00170547224116, 0.000979475909844, 0.00049935298739, 0.000232853155467, 0.000245754345087, 0.000204962940188, 0.000257280684309, 0.000345436361386, 0.000335906050168, 0.000345989188645, 0.000241723566432, 2.62629655481e-05]
    },
    "erbbands": {
        "mean": [0.0653195679188, 0.68689340353, 2.48276901245, 3.56534934044, 7.11513090134, 10.0410585403, 9.82333087921, 10.6209573746, 13.9027738571, 27.4860706329, 36.9055099487, 43.7458305359, 33.0198173523, 28.8980026245, 26.4570446014, 20.4636058807, 22.9764480591, 29.8225440979, 35.3289527893, 31.7729454041, 34.5150337219, 27.0962429047, 19.0112419128, 9.37739372253, 8.2774772644, 7.11276102066, 5.35794067383, 4.68937349319, 5.47877120972, 6.36499881744, 5.08899211884, 3.66795969009, 2.49090671539, 1.6975761652, 1.20708239079, 0.61775457859, 0.188160717487, 0.0299229286611, 0.000662254460622, 4.90509337396e-05],
        "stdev": [0.0925986468792, 1.10229158401, 4.5376958847, 6.34514760971, 12.3884544373, 12.4377183914, 14.589217186, 18.1902656555, 22.6395568848, 52.9250526428, 79.979675293, 113.760375977, 73.6664733887, 81.237701416, 61.2715301514, 52.0187721252, 51.4343528748, 71.0249481201, 89.2900772095, 68.2585906982, 75.6136245728, 58.4709243774, 32.1481208801, 13.2412586212, 13.0490541458, 10.6846609116, 8.97860431671, 7.66653871536, 8.53067970276, 11.3801059723, 9.33358383179, 7.71410131454, 5.40963888168, 3.85825324059, 2.58222198486, 1.29644393921, 0.403327345848, 0.0858048573136, 0.00178124720696, 6.42422528472e-05]
    },
    "gfcc": {
        "mean": [-31.3697223663, 76.1525650024, -105.336204529, 16.072473526, -62.6038475037, 12.8938827515, -49.1728401184, 9.52055931091, -26.3484516144, 2.25532889366, -25.115228653, 3.08837080002, -16.917755127],
        "cov": [[30456.4960938, -1153.25634766, -1115.72900391, 1648.53674316, 63.9699249268, 1246.98254395, -355.49029541, 1095.88330078, 30.8541049957, 453.72668457, -493.173034668, 377.56729126, -195.138137817], [-1153.25634766, 1230.75854492, -255.537689209, -198.469268799, 24.504732132, -208.171691895, 82.5377731323, -149.238418579, 2.83915376663, -90.0699996948, 67.4188919067, -87.0981063843, 37.8530540466], [-1115.72900391, -255.537689209, 808.421325684, 239.408004761, 160.248092651, 114.196357727, 9.90703487396, 78.2915267944, -13.3321018219, 45.2102508545, -0.464797288179, 31.4145526886, 0.0764414146543], [1648.53674316, -198.469268799, 239.408004761, 578.840454102, 202.887542725, 143.381484985, 27.8358192444, 153.213821411, 62.3734664917, 46.0914077759, -10.7071533203, 54.4563598633, 37.7719039917], [63.9699249268, 24.504732132, 160.248092651, 202.887542725, 354.566986084, 117.486175537, 117.581192017, 102.972694397, 63.6335945129, 45.0048141479, 24.5357875824, 33.5719490051, 33.0493278503], [1246.98254395, -208.171691895, 114.196357727, 143.381484985, 117.486175537, 310.2605896, 81.6964797974, 104.843734741, 14.8826332092, 57.2038993835, -6.2465968132, 23.24477005, -16.3769111633], [-355.49029541, 82.5377731323, 9.90703487396, 27.8358192444, 117.581192017, 81.6964797974, 237.479904175, 50.4129486084, 36.6730194092, 29.6096496582, 37.2733154297, -14.9243555069, 5.92454957962], [1095.88330078, -149.238418579, 78.2915267944, 153.213821411, 102.972694397, 104.843734741, 50.4129486084, 194.518218994, 71.2789001465, 47.1210975647, -13.1362228394, 26.6241455078, 0.779151320457], [30.8541049957, 2.83915376663, -13.3321018219, 62.3734664917, 63.6335945129, 14.8826332092, 36.6730194092, 71.2789001465, 147.03213501, 31.1442966461, 5.33492517471, 1.74241316319, 10.2359724045], [453.72668457, -90.0699996948, 45.2102508545, 46.0914077759, 45.0048141479, 57.2038993835, 29.6096496582, 47.1210975647, 31.1442966461, 100.487693787, 16.2633094788, 0.682369351387, -7.17921066284], [-493.173034668, 67.4188919067, -0.464797288179, -10.7071533203, 24.5357875824, -6.2465968132, 37.2733154297, -13.1362228394, 5.33492517471, 16.2633094788, 88.7926864624, 13.4096899033, 9.83379745483], [377.56729126, -87.0981063843, 31.4145526886, 54.4563598633, 33.5719490051, 23.24477005, -14.9243555069, 26.6241455078, 1.74241316319, 0.682369351387, 13.4096899033, 92.094329834, 19.6376800537], [-195.138137817, 37.8530540466, 0.0764414146543, 37.7719039917, 33.0493278503, -16.3769111633, 5.92454957962, 0.779151320457, 10.2359724045, -7.17921066284, 9.83379745483, 19.6376800537, 80.2134475708]],
        "icov": [[0.000120476004668, -0.000134546571644, 0.000342400016962, -0.00034167963895, 0.000189017431694, -0.000361935875844, 0.000281012849882, -0.000529795768671, 0.000377825257601, -0.000560926273465, 0.000575414916966, -0.000464352691779, 0.000294485333143], [-0.000134546571644, 0.00143726216629, -0.000119377386, 0.000512568978593, -0.00081776996376, 0.000980811426416, -0.00067958899308, 0.00110484077595, -0.000589959265199, 0.00156362575945, -0.00145535741467, 0.00162482250016, -0.000674305018038], [0.000342400016962, -0.000119377386, 0.00256174243987, -0.00139644427691, -0.000121563301946, -0.00104389281478, 0.000996311195195, -0.00152307376266, 0.00166444643401, -0.00176018220372, 0.0014271941036, -0.00110498862341, 0.00104821857531], [-0.00034167963895, 0.000512568978593, -0.00139644427691, 0.00377634190954, -0.00149106176104, 0.000566063681617, -0.000270937947789, 0.000326912617311, -0.00135721778497, 0.00167786970269, -0.00139686302282, 0.00100322114304, -0.00185426161624], [0.000189017431694, -0.00081776996376, -0.000121563301946, -0.00149106176104, 0.00546842999756, -0.00139761075843, -0.00116545357741, -0.00152115849778, -0.000238423774135, -0.00153141189367, 0.00080742535647, -0.00198688427918, -0.000608793634456], [-0.000361935875844, 0.000980811426416, -0.00104389281478, 0.000566063681617, -0.00139761075843, 0.00630073202774, -0.00229471502826, 0.000396464514779, -2.44384136749e-05, 0.000459348520963, -0.0011069412576, 0.000945391715504, 0.000367459724657], [0.000281012849882, -0.00067958899308, 0.000996311195195, -0.000270937947789, -0.00116545357741, -0.00229471502826, 0.00701258284971, -0.00233836751431, 0.000564227579162, -0.00132913514972, -0.00104858900886, 0.000917005876545, 0.000360505247954], [-0.000529795768671, 0.00110484077595, -0.00152307376266, 0.000326912617311, -0.00152115849778, 0.000396464514779, -0.00233836751431, 0.0120290927589, -0.00498069450259, 0.000994400121272, -0.000426399550634, 0.000401067314669, -0.000520497153047], [0.000377825257601, -0.000589959265199, 0.00166444643401, -0.00135721778497, -0.000238423774135, -2.44384136749e-05, 0.000564227579162, -0.00498069450259, 0.0105286929756, -0.00356750772335, 0.00158139783889, -0.000704256177414, 0.000250709854299], [-0.000560926273465, 0.00156362575945, -0.00176018220372, 0.00167786970269, -0.00153141189367, 0.000459348520963, -0.00132913514972, 0.000994400121272, -0.00356750772335, 0.0163267850876, -0.00632430333644, 0.0042863888666, -0.000435161491623], [0.000575414916966, -0.00145535741467, 0.0014271941036, -0.00139686302282, 0.00080742535647, -0.0011069412576, -0.00104858900886, -0.000426399550634, 0.00158139783889, -0.00632430333644, 0.0173746421933, -0.00615758728236, 0.00087555241771], [-0.000464352691779, 0.00162482250016, -0.00110498862341, 0.00100322114304, -0.00198688427918, 0.000945391715504, 0.000917005876545, 0.000401067314669, -0.000704256177414, 0.0042863888666, -0.00615758728236, 0.0163764767349, -0.00420859595761], [0.000294485333143, -0.000674305018038, 0.00104821857531, -0.00185426161624, -0.000608793634456, 0.000367459724657, 0.000360505247954, -0.000520497153047, 0.000250709854299, -0.000435161491623, 0.00087555241771, -0.00420859595761, 0.0155298542231]]
    },
    "melbands": {
        "mean": [0.000675123301335, 0.00119523028843, 0.000719255127478, 0.000647454173304, 0.000371282309061, 0.000234513703617, 0.000223321927479, 0.000326613808284, 0.000297329592286, 0.000283076573396, 0.000164457771461, 0.000120594835607, 9.05779597815e-05, 6.54723626212e-05, 5.21935435245e-05, 5.44036120118e-05, 5.49840115127e-05, 5.95025921939e-05, 4.17684750573e-05, 4.88650548505e-05, 3.56904965884e-05, 2.89409399556e-05, 1.95995871763e-05, 1.39367884913e-05, 6.78056812831e-06, 5.9809240156e-06, 6.21121080258e-06, 4.34123921877e-06, 3.46185379385e-06, 2.77317622022e-06, 2.7306980428e-06, 2.96763550978e-06, 3.3794101455e-06, 3.60266699317e-06, 3.03519823319e-06, 2.49992194767e-06, 2.14403394239e-06, 1.82242115443e-06, 1.42304952533e-06, 1.44048885886e-06],
        "stdev": [0.000960709934589, 0.00201709894463, 0.00121382379439, 0.000872842385434, 0.000503033632413, 0.000386466650525, 0.000364288862329, 0.000644958170597, 0.000644233252387, 0.000754592823796, 0.000386340310797, 0.000335153890774, 0.000227769254707, 0.000181625087862, 0.000166854180861, 0.000132467088406, 0.000143984070746, 0.000169674924109, 9.92399945972e-05, 0.000141008131322, 8.25726310723e-05, 6.58263816149e-05, 3.99351447413e-05, 2.45643423114e-05, 1.0095845937e-05, 9.6324720289e-06, 1.10227210826e-05, 6.58596991343e-06, 5.68515042687e-06, 5.10378367835e-06, 4.66213441541e-06, 4.5439137466e-06, 5.92493097429e-06, 6.83286725689e-06, 5.44245403944e-06, 5.51015000383e-06, 4.58356953459e-06, 4.06644858231e-06, 3.15173770105e-06, 3.44099748872e-06]
    },
    "melbands128": {
        "mean": [0.00010052928701, 0.000472592189908, 0.000819699256681, 0.00123920466285, 0.00135859427974, 0.00100079737604, 0.00069597462425, 0.000643882842269, 0.000729978724848, 0.00073355215136, 0.0005722855567, 0.000450434919912, 0.000334715499775, 0.000255079125054, 0.000250497367233, 0.00020664150361, 0.000202595052542, 0.000205662334338, 0.000255063467193, 0.000305842317175, 0.000338837475283, 0.000392009998905, 0.000239350862103, 0.000304078130284, 0.000256728759268, 0.000334578624461, 0.0002033040073, 9.70364926616e-05, 0.000206642216654, 0.00010070620192, 0.000112930276373, 0.000109758628241, 7.85407901276e-05, 8.33261074149e-05, 9.85141741694e-05, 4.56904163002e-05, 3.3343792893e-05, 7.85792581155e-05, 3.76410789613e-05, 4.46585254394e-05, 5.88251532463e-05, 6.62575912429e-05, 5.08308658027e-05, 4.15159192926e-05, 8.17981272121e-05, 6.16935867583e-05, 3.93971422454e-05, 5.02143375343e-05, 3.63875951734e-05, 3.3938929846e-05, 6.16504985373e-05, 4.57785245089e-05, 4.92312283313e-05, 2.47347670665e-05, 1.95122120203e-05, 3.79283410439e-05, 2.75688562397e-05, 1.78599948413e-05, 1.83646770893e-05, 2.01150214707e-05, 1.40396996358e-05, 9.51368110691e-06, 6.93640231475e-06, 5.32968260814e-06, 7.82823281043e-06, 5.69973144593e-06, 4.73879617857e-06, 6.95432891007e-06, 6.90954266247e-06, 4.93182187711e-06, 4.16519833379e-06, 4.30410091212e-06, 3.63860863217e-06, 3.24213328895e-06, 3.29160525325e-06, 2.85294322566e-06, 2.55454028775e-06, 2.47536672759e-06, 2.85177907244e-06, 2.8325562198e-06, 2.84169141196e-06, 3.00444912682e-06, 3.33183561452e-06, 3.09449114866e-06, 3.92045512854e-06, 3.50603431798e-06, 3.80642427444e-06, 3.16039177051e-06, 3.160371989e-06, 2.63520814769e-06, 2.73337241197e-06, 2.42376995629e-06, 2.27398936659e-06, 2.16903936234e-06, 2.01513012144e-06, 1.99199462259e-06, 1.75496245447e-06, 1.63945674103e-06, 1.43175907397e-06, 1.26081204144e-06, 1.42914495882e-06, 1.46401237089e-06, 1.47630908032e-06, 1.4676926412e-06, 1.42146120652e-06, 1.31900310407e-06, 1.13873215923e-06, 1.19507706131e-06, 1.22067569919e-06, 9.07070102585e-07, 7.35039691335e-07, 7.10113624791e-07, 5.06910339482e-07, 5.55510723643e-07, 3.99214115987e-07, 3.37608213385e-07, 2.0936272449e-07, 2.2286540613e-08, 3.94611079924e-12, 3.39118772126e-12, 3.26344181713e-12, 3.16701677903e-12, 3.08361192483e-12, 3.01560989721e-12, 2.96350032188e-12, 2.92497840185e-12, 2.89674772884e-12, 2.87589982211e-12],
        "stdev": [0.000208856465179, 0.000733283930458, 0.00128600897733, 0.00213913363405, 0.00255082407966, 0.00194270827342, 0.0013665407896, 0.00129837717395, 0.001507166191, 0.00121117336676, 0.000882044842001, 0.000728093960788, 0.000601471576374, 0.000535200058948, 0.000526277057361, 0.000451893691206, 0.000458313908894, 0.000419535121182, 0.000702423683833, 0.000806527561508, 0.000923167041037, 0.00126256025396, 0.000695067748893, 0.000988927204162, 0.000886722118594, 0.00122304516844, 0.000697324227076, 0.000315953482641, 0.000758660084102, 0.000346049491782, 0.000526686897501, 0.000447931321105, 0.000264497823082, 0.000307154259644, 0.000351106980816, 0.000195604196051, 0.000141311567859, 0.000318831909681, 0.000151654850924, 0.000148188250023, 0.000194936466869, 0.00025560951326, 0.000185173179489, 0.000158813854796, 0.000337619014317, 0.000225734009291, 0.000162277952768, 0.000176548142917, 0.000103210193629, 0.000129414023831, 0.000261588691501, 0.000152044638526, 0.000155539062689, 8.42753579491e-05, 5.28828823008e-05, 0.000110600107291, 9.71934496192e-05, 6.67517379043e-05, 3.96579343942e-05, 4.85419586767e-05, 3.39989346685e-05, 2.21922819037e-05, 1.22667552205e-05, 9.72896759777e-06, 1.43283550642e-05, 1.22458541227e-05, 1.00297174868e-05, 1.47179307532e-05, 1.52441552927e-05, 9.29823363549e-06, 7.59859130994e-06, 7.82850383985e-06, 6.75643605064e-06, 6.10253164268e-06, 7.83525683801e-06, 6.48438208373e-06, 4.88698287882e-06, 4.81381130157e-06, 5.91367825109e-06, 5.92953074374e-06, 4.34462708654e-06, 5.5557993619e-06, 6.22575771558e-06, 6.37814991933e-06, 7.32848229745e-06, 8.08034383226e-06, 7.53757240091e-06, 7.36398033041e-06, 5.82614848099e-06, 5.44591239304e-06, 6.47008573651e-06, 5.93670165472e-06, 5.02321881868e-06, 5.15737929163e-06, 4.66308347313e-06, 4.35420815847e-06, 4.55430836155e-06, 3.81552899853e-06, 3.33496745952e-06, 3.026091008e-06, 3.46428828379e-06, 3.81796053261e-06, 3.79570064979e-06, 3.28636383529e-06, 3.153441412e-06, 2.97871292787e-06, 2.6558323043e-06, 2.83883650809e-06, 2.66080951405e-06, 2.00485442292e-06, 1.6014951143e-06, 1.80206222922e-06, 1.14977456178e-06, 1.48400931721e-06, 9.1384180223e-07, 1.31390356728e-06, 8.45994350129e-07, 5.08808319921e-08, 7.06680113732e-12, 6.1841703633e-12, 5.96341726e-12, 5.78908058643e-12, 5.64625863425e-12, 5.52813740964e-12, 5.43267774517e-12, 5.35909858157e-12, 5.30511095123e-12, 5.27227697264e-12]
    },
    "mfcc": {
        "mean": [-671.213806152, 113.522254944, 7.91857194901, 7.39574098587, 4.74785470963, -0.533528327942, -10.0814971924, 2.03389573097, -2.73288059235, -1.04324162006, -3.47347092628, -3.99604272842, -2.31411886215],
        "cov": [[17111.3359375, -729.405517578, -401.316833496, 741.855834961, 675.681030273, 553.530029297, 266.737701416, 706.095031738, 556.956176758, 550.700622559, 249.412414551, 201.438812256, 127.533195496], [-729.405517578, 1216.24914551, -98.4424133301, -98.0863647461, -93.0104293823, -72.7253952026, -19.1716861725, -62.0775871277, -81.9480133057, -47.2902832031, -17.0967788696, -40.8503837585, -40.1613235474], [-401.316833496, -98.4424133301, 481.672607422, 101.246543884, 95.3960113525, 41.8119659424, 25.6593341827, 6.34148359299, 8.79718875885, -16.9958362579, 4.58883666992, 16.7250041962, -0.565169394016], [741.855834961, -98.0863647461, 101.246543884, 403.507049561, 182.212295532, 52.2142372131, 50.9364891052, 75.743522644, 102.462745667, 26.6323947906, 6.46199798584, 52.5258522034, 40.2941131592], [675.681030273, -93.0104293823, 95.3960113525, 182.212295532, 288.67074585, 80.8456420898, 42.4293746948, 82.2443313599, 85.4186630249, 40.647983551, 14.9592237473, 35.5604782104, 46.5731315613], [553.530029297, -72.7253952026, 41.8119659424, 52.2142372131, 80.8456420898, 191.318359375, 108.145851135, 56.643661499, 43.4886322021, 45.6764335632, 35.515750885, 13.273141861, 5.72689437866], [266.737701416, -19.1716861725, 25.6593341827, 50.9364891052, 42.4293746948, 108.145851135, 217.618133545, 53.8224716187, 42.2112541199, 45.0520706177, 41.5881919861, 18.567199707, 6.53460025787], [706.095031738, -62.0775871277, 6.34148359299, 75.743522644, 82.2443313599, 56.643661499, 53.8224716187, 155.724899292, 72.0283508301, 41.5042190552, 25.0012760162, 23.3083591461, 32.7501525879], [556.956176758, -81.9480133057, 8.79718875885, 102.462745667, 85.4186630249, 43.4886322021, 42.2112541199, 72.0283508301, 157.116500854, 72.4620132446, 26.3489170074, 28.1952323914, 22.0919532776], [550.700622559, -47.2902832031, -16.9958362579, 26.6323947906, 40.647983551, 45.6764335632, 45.0520706177, 41.5042190552, 72.4620132446, 137.919631958, 55.4211769104, 14.6984891891, 9.09557437897], [249.412414551, -17.0967788696, 4.58883666992, 6.46199798584, 14.9592237473, 35.515750885, 41.5881919861, 25.0012760162, 26.3489170074, 55.4211769104, 99.4524993896, 29.5879058838, 5.32257175446], [201.438812256, -40.8503837585, 16.7250041962, 52.5258522034, 35.5604782104, 13.273141861, 18.567199707, 23.3083591461, 28.1952323914, 14.6984891891, 29.5879058838, 83.750541687, 32.9694366455], [127.533195496, -40.1613235474, -0.565169394016, 40.2941131592, 46.5731315613, 5.72689437866, 6.53460025787, 32.7501525879, 22.0919532776, 9.09557437897, 5.32257175446, 32.9694366455, 87.7440948486]],
        "icov": [[8.9209228463e-05, 2.36965061049e-05, 0.000117693001812, -9.46762738749e-05, -5.98084116064e-05, -0.00015242700465, 9.68197491602e-05, -0.000262263551122, 1.40371221278e-05, -0.000204989497433, -2.89463923764e-06, -7.46146251913e-05, 0.000103718077298], [2.36965061049e-05, 0.000896898389328, 0.000187127196114, 6.31328020972e-06, -2.97446313198e-05, 0.000253819045611, -0.000166832978721, 1.52544298544e-05, 0.000268377887551, 8.02976137493e-05, -0.000118869698781, 0.000186788252904, 0.000241466477746], [0.000117693001812, 0.000187127196114, 0.00253388425335, -0.000506865035277, -0.000790539721493, -0.000441759213572, 1.24035705085e-06, -1.57760709385e-07, 0.000270939810434, 0.000343779654941, -0.000286870345008, -0.000271812896244, 0.000627758330666], [-9.46762738749e-05, 6.31328020972e-06, -0.000506865035277, 0.00408591143787, -0.00175623572432, 0.000449242506875, -0.000543189002201, 2.94947094517e-05, -0.00155775935855, 0.000742258154787, 0.000701509416103, -0.00127598817926, -5.4648364312e-05], [-5.98084116064e-05, -2.97446313198e-05, -0.000790539721493, -0.00175623572432, 0.00616864487529, -0.00160739489365, 0.000614692049567, -0.000919348676689, -0.000966500723734, -0.000284427893348, 0.000402592151659, 7.66441371525e-05, -0.00177760515362], [-0.00015242700465, 0.000253819045611, -0.000441759213572, 0.000449242506875, -0.00160739489365, 0.00878039654344, -0.00361160608009, -0.000598700367846, 0.000215132866288, -0.000395431416109, -0.000861201202497, 0.000570665462874, 0.000725745805539], [9.68197491602e-05, -0.000166832978721, 1.24035705085e-06, -0.000543189002201, 0.000614692049567, -0.00361160608009, 0.0069781257771, -0.00119858619291, -0.00020683123148, -0.000649490160868, -0.00114042649511, -0.000366443651728, 0.000195774540771], [-0.000262263551122, 1.52544298544e-05, -1.57760709385e-07, 2.94947094517e-05, -0.000919348676689, -0.000598700367846, -0.00119858619291, 0.01038144622, -0.00278190081008, 0.000648437358905, -0.00074630609015, 0.000511810590979, -0.00239773117937], [1.40371221278e-05, 0.000268377887551, 0.000270939810434, -0.00155775935855, -0.000966500723734, 0.000215132866288, -0.00020683123148, -0.00278190081008, 0.0114930588752, -0.00482555991039, 0.000965651765, -0.00130935851485, 0.000412178225815], [-0.000204989497433, 8.02976137493e-05, 0.000343779654941, 0.000742258154787, -0.000284427893348, -0.000395431416109, -0.000649490160868, 0.000648437358905, -0.00482555991039, 0.0128666236997, -0.00560597190633, 0.00165832659695, -0.000422668759711], [-2.89463923764e-06, -0.000118869698781, -0.000286870345008, 0.000701509416103, 0.000402592151659, -0.000861201202497, -0.00114042649511, -0.00074630609015, 0.000965651765, -0.00560597190633, 0.0152778644115, -0.00522051984444, 0.00120462512132], [-7.46146251913e-05, 0.000186788252904, -0.000271812896244, -0.00127598817926, 7.66441371525e-05, 0.000570665462874, -0.000366443651728, 0.000511810590979, -0.00130935851485, 0.00165832659695, -0.00522051984444, 0.0169904623181, -0.00537315756083], [0.000103718077298, 0.000241466477746, 0.000627758330666, -5.4648364312e-05, -0.00177760515362, 0.000725745805539, 0.000195774540771, -0.00239773117937, 0.000412178225815, -0.000422668759711, 0.00120462512132, -0.00537315756083, 0.0150481108576]]
    },
    "spectral_contrast_coeffs": {
        "mean": [-0.697875916958, -0.735550761223, -0.738412082195, -0.770925223827, -0.793028414249, -0.798194944859],
        "stdev": [0.0810896977782, 0.0732227042317, 0.0740495473146, 0.0590885393322, 0.0435406379402, 0.0366956368089]
    },
    "spectral_contrast_valleys": {
        "mean": [-7.28935050964, -7.18735027313, -8.05087089539, -8.19111537933, -8.29656505585, -10.3345947266],
        "stdev": [2.45387005806, 2.28879618645, 2.27154660225, 2.34146213531, 2.41535043716, 2.30452036858]
    }
},
"rhythm": {
    "beats_count": 625,
    "beats_loudness": {
        "mean": 0.0331982932985,
        "stdev": 0.024848902598
    },
    "bpm": 141.998916626,
    "bpm_histogram_first_peak_bpm": 144,
    "bpm_histogram_first_peak_weight": 0.404850780964,
    "bpm_histogram_second_peak_bpm": 133,
    "bpm_histogram_second_peak_spread": 0.596491217613,
    "bpm_histogram_second_peak_weight": 0.0368589758873,
    "danceability": 1.04934692383,
    "onset_rate": 3.05266737938,
    "beats_loudness_band_ratio": {
        "mean": [0.367679178715, 0.222475901246, 0.219770073891, 0.0944673344493, 0.0813762247562, 0.0610895007849],
        "stdev": [0.237009227276, 0.179794579744, 0.18232306838, 0.106346279383, 0.0775550082326, 0.0691548213363]
    },
    "beats_position": [0.46439909935, 0.940408170223, 1.42802715302, 1.90403628349, 2.38004541397, 2.85605430603, 3.32045340538, 3.78485250473, 4.2492518425, 4.71365070343, 5.17804956436, 5.630838871, 6.08362817764, 6.53641700745, 6.98920631409, 7.44199514389, 7.89478445053, 8.35918331146, 8.82358264923, 9.27637195587, 9.74077033997, 10.1935596466, 10.6347389221, 11.0759181976, 11.5287075043, 11.9931058884, 12.445895195, 12.8986845016, 13.3630838394, 13.8158731461, 14.268661499, 14.7330608368, 15.1974601746, 15.6734695435, 16.1494789124, 16.6254863739, 17.1131057739, 17.600725174, 18.0535144806, 18.5063037872, 18.9590930939, 19.4002723694, 19.8414516449, 20.2826309204, 20.7238082886, 21.153377533, 21.5829467773, 22.0125160217, 22.4420852661, 22.8716545105, 23.2896137238, 23.707572937, 24.1255321503, 24.5434913635, 24.9614505768, 25.3910198212, 25.8321990967, 26.2617683411, 26.6797275543, 27.0976867676, 27.5156459808, 27.9336051941, 28.3747844696, 28.804353714, 29.2339229584, 29.6634922028, 30.1394996643, 30.6271190643, 31.1031284332, 31.5326976776, 31.962266922, 32.391834259, 32.8097953796, 33.2161445618, 33.6341018677, 34.0520629883, 34.4816322327, 34.9112014771, 35.3407707214, 35.7703399658, 36.1999092102, 36.6178665161, 37.151927948, 37.6743774414, 38.1968231201, 38.730884552, 39.2649421692, 39.7989997864, 40.3330612183, 40.8555107117, 41.3779602051, 41.8075294495, 42.2370948792, 42.6666641235, 43.0962333679, 43.5374145508, 43.9669837952, 44.3965530396, 44.8145103455, 45.2324714661, 45.650428772, 46.0683898926, 46.497959137, 46.9275283813, 47.3570976257, 47.7866668701, 48.204624176, 48.6225852966, 49.0405426025, 49.4585037231, 49.8880729675, 50.3176422119, 50.7355995178, 51.1535606384, 51.5831298828, 52.0010871887, 52.4190483093, 52.8486175537, 53.2781867981, 53.7077522278, 54.1257133484, 54.5552825928, 54.9848518372, 55.4028091431, 55.8207702637, 56.2387275696, 56.6566886902, 57.0862579346, 57.515827179, 57.9337844849, 58.3517456055, 58.7697029114, 59.187664032, 59.6056213379, 60.0351905823, 60.4647598267, 60.8827209473, 61.3006782532, 61.7186393738, 62.1365966797, 62.5661659241, 62.9957351685, 63.4136962891, 63.831653595, 64.2612228394, 64.67918396, 65.1087493896, 65.5267105103, 65.9446716309, 66.3626327515, 66.7921981812, 67.2217712402, 67.6397247314, 68.0576858521, 68.4756469727, 68.9052124023, 69.3347854614, 69.7527389526, 70.1707000732, 70.5886611938, 71.0182266235, 71.4477996826, 71.8657608032, 72.2837142944, 72.701675415, 73.1196365356, 73.5492019653, 73.9787750244, 74.396736145, 74.8146896362, 75.2442626953, 75.6622238159, 76.0917892456, 76.5097503662, 76.9277114868, 77.345664978, 77.7752380371, 78.1931991577, 78.6227645874, 79.040725708, 79.4586868286, 79.8882522583, 80.3178253174, 80.7357788086, 81.1537399292, 81.5833053589, 82.012878418, 82.4308395386, 82.8487930298, 83.2667541504, 83.6963272095, 84.1258926392, 84.5438537598, 84.9618148804, 85.3797683716, 85.7977294922, 86.2273025513, 86.656867981, 87.0748291016, 87.4927902222, 87.9107437134, 88.328704834, 88.7582778931, 89.1878433228, 89.6058044434, 90.023765564, 90.4417190552, 90.8712921143, 91.3008575439, 91.7188186646, 92.1367797852, 92.5663452148, 92.9959182739, 93.4138793945, 93.8318328857, 94.2497940063, 94.6793670654, 95.0973205566, 95.5268936157, 95.9448471069, 96.3628082275, 96.7923812866, 97.2219467163, 97.6399078369, 98.0578689575, 98.4758224487, 98.9053955078, 99.3349609375, 99.7529220581, 100.170883179, 100.588844299, 101.006797791, 101.43637085, 101.865936279, 102.2838974, 102.701858521, 103.13142395, 103.549385071, 103.97895813, 104.396911621, 104.814872742, 105.232833862, 105.662399292, 106.091972351, 106.509933472, 106.927886963, 107.357460022, 107.787025452, 108.204986572, 108.622947693, 109.040908813, 109.458862305, 109.888435364, 110.318000793, 110.735961914, 111.153923035, 111.571876526, 112.001449585, 112.431015015, 112.848976135, 113.266937256, 113.684898376, 114.114463806, 114.532424927, 114.961990356, 115.379951477, 115.797912598, 116.215873718, 116.645439148, 117.075012207, 117.492965698, 117.910926819, 118.328887939, 118.74684906, 119.17641449, 119.605987549, 120.02394104, 120.441902161, 120.87147522, 121.301040649, 121.71900177, 122.136962891, 122.56652832, 122.99609375, 123.414054871, 123.832015991, 124.249977112, 124.667930603, 125.097503662, 125.527069092, 125.945030212, 126.362991333, 126.792556763, 127.210517883, 127.640090942, 128.058044434, 128.476013184, 128.893966675, 129.323532104, 129.753097534, 130.171066284, 130.589019775, 131.006988525, 131.436553955, 131.866119385, 132.284072876, 132.702041626, 133.119995117, 133.537963867, 133.967529297, 134.397094727, 134.815048218, 135.233016968, 135.650970459, 136.080535889, 136.510116577, 136.928070068, 137.34602356, 137.775604248, 138.205169678, 138.623123169, 139.041091919, 139.45904541, 139.88861084, 140.31817627, 140.73614502, 141.154098511, 141.572067261, 141.990020752, 142.419586182, 142.849151611, 143.267120361, 143.685073853, 144.103042603, 144.532608032, 144.962173462, 145.380126953, 145.798095703, 146.216049194, 146.645614624, 147.075195312, 147.493148804, 147.911102295, 148.329071045, 148.758636475, 149.188201904, 149.606170654, 150.024124146, 150.442077637, 150.860046387, 151.289611816, 151.719177246, 152.137145996, 152.555099487, 152.984664917, 153.414230347, 153.832199097, 154.250152588, 154.679718018, 155.109298706, 155.527252197, 155.945205688, 156.363174438, 156.78112793, 157.210693359, 157.628662109, 158.058227539, 158.47618103, 158.89414978, 159.312103271, 159.741668701, 160.159637451, 160.589202881, 161.007156372, 161.425125122, 161.854690552, 162.284255981, 162.702224731, 163.120178223, 163.538131714, 163.967712402, 164.397277832, 164.815231323, 165.233200073, 165.662765503, 166.080718994, 166.510284424, 166.928253174, 167.346206665, 167.764175415, 168.193740845, 168.623306274, 169.041259766, 169.459228516, 169.877182007, 170.306747437, 170.736328125, 171.154281616, 171.572235107, 171.990203857, 172.408157349, 172.837722778, 173.267303467, 173.685256958, 174.103210449, 174.521179199, 174.950744629, 175.380310059, 175.798278809, 176.2162323, 176.634185791, 177.052154541, 177.481719971, 177.9112854, 178.34085083, 178.770431519, 179.18838501, 179.606338501, 180.024307251, 180.453872681, 180.88343811, 181.30140686, 181.719360352, 182.137313843, 182.555282593, 182.984848022, 183.414413452, 183.832382202, 184.250335693, 184.668289185, 185.086257935, 185.515823364, 185.945388794, 186.363357544, 186.781311035, 187.210876465, 187.640457153, 188.058410645, 188.476364136, 188.894332886, 189.312286377, 189.741851807, 190.171432495, 190.589385986, 191.007339478, 191.425308228, 191.854873657, 192.272827148, 192.702392578, 193.120361328, 193.538314819, 193.956283569, 194.385848999, 194.815414429, 195.23336792, 195.65133667, 196.069290161, 196.498855591, 196.928436279, 197.346389771, 197.764343262, 198.182312012, 198.611877441, 199.041442871, 199.459411621, 199.877365112, 200.306930542, 200.73651123, 201.154464722, 201.572418213, 201.990386963, 202.408340454, 202.837905884, 203.267486572, 203.685440063, 204.103393555, 204.521362305, 204.939315796, 205.357269287, 205.775238037, 206.204803467, 206.634368896, 207.063934326, 207.493515015, 207.911468506, 208.329421997, 208.759002686, 209.188568115, 209.606521606, 210.024490356, 210.442443848, 210.860397339, 211.289978027, 211.719543457, 212.137496948, 212.555465698, 212.973419189, 213.391372681, 213.820953369, 214.250518799, 214.66847229, 215.08644104, 215.51600647, 215.945571899, 216.363540649, 216.781494141, 217.199447632, 217.62902832, 218.05859375, 218.476547241, 218.894515991, 219.312469482, 219.730422974, 220.148391724, 220.577957153, 221.007522583, 221.425476074, 221.843444824, 222.273010254, 222.702575684, 223.120544434, 223.538497925, 223.956451416, 224.386032104, 224.815597534, 225.233551025, 225.651519775, 226.069473267, 226.499038696, 226.928619385, 227.346572876, 227.764526367, 228.194107056, 228.612060547, 229.041625977, 229.459594727, 229.877548218, 230.295501709, 230.725082397, 231.154647827, 231.572601318, 231.990570068, 232.40852356, 232.826477051, 233.256057739, 233.685623169, 234.10357666, 234.521530151, 234.95111084, 235.38067627, 235.798629761, 236.216598511, 236.634552002, 237.052505493, 237.49369812, 237.911651611, 238.329605103, 238.747573853, 239.165527344, 239.606704712, 240.024673462, 240.442626953, 240.860580444, 241.290161133, 241.719726562, 242.137680054, 242.555648804, 242.973602295, 243.403167725, 243.832733154, 244.250701904, 244.668655396, 245.086624146, 245.504577637, 245.934143066, 246.363708496, 246.781677246, 247.199630737, 247.617584229, 248.035552979, 248.465118408, 248.894683838, 249.312652588, 249.730606079, 250.160171509, 250.589752197, 251.007705688, 251.42565918, 251.84362793, 252.273193359, 252.702758789, 253.120727539, 253.53868103, 253.956634521, 254.38621521, 254.81578064, 255.233734131, 255.651702881, 256.09286499, 256.534057617, 256.986846924, 257.474456787, 257.973693848, 258.472930908, 258.983764648, 259.506195068, 260.017059326, 260.481445312, 260.945831299, 261.410247803, 261.874633789, 262.339050293, 262.803436279, 263.291046143, 263.778686523, 264.254699707, 264.707489014, 265.148651123, 265.58984375, 266.042633057, 266.483795166, 266.936584473, 267.389373779, 267.842163086, 268.294952393],
    "bpm_histogram": [0, 0, 0, 0, 0, 0, 0, 0, 0, 0, 0, 0, 0, 0, 0, 0, 0, 0, 0, 0, 0, 0, 0, 0, 0, 0, 0, 0, 0, 0, 0, 0, 0, 0, 0, 0, 0, 0, 0, 0, 0, 0, 0, 0, 0, 0, 0, 0, 0, 0, 0, 0, 0, 0, 0, 0, 0, 0, 0, 0, 0, 0, 0, 0, 0, 0, 0, 0, 0, 0, 0, 0, 0, 0, 0, 0, 0, 0, 0, 0, 0, 0, 0, 0, 0, 0, 0, 0, 0, 0, 0, 0, 0, 0, 0, 0, 0, 0, 0, 0, 0, 0, 0, 0, 0, 0, 0, 0, 0, 0, 0, 0, 0.00801282096654, 0, 0, 0.00801282096654, 0, 0.00320512824692, 0, 0, 0.00320512824692, 0, 0, 0.0112179489806, 0, 0, 0.0160256419331, 0, 0, 0.0288461539894, 0, 0, 0, 0.0368589758873, 0, 0, 0.0256410259753, 0, 0, 0, 0.346153855324, 0, 0, 0, 0.511217951775, 0, 0, 0, 0.00160256412346, 0, 0, 0, 0, 0, 0, 0, 0, 0, 0, 0, 0, 0, 0, 0, 0, 0, 0, 0, 0, 0, 0, 0, 0, 0, 0, 0, 0, 0, 0, 0, 0, 0, 0, 0, 0, 0, 0, 0, 0, 0, 0, 0, 0, 0, 0, 0, 0, 0, 0, 0, 0, 0, 0, 0, 0, 0, 0, 0, 0, 0, 0, 0, 0, 0, 0, 0, 0, 0, 0, 0, 0, 0, 0, 0, 0, 0, 0, 0, 0, 0, 0, 0, 0, 0, 0, 0, 0, 0, 0, 0, 0, 0, 0, 0, 0, 0, 0, 0, 0, 0]
},
"tonal": {
    "chords_changes_rate": 0.0359116010368,
    "chords_number_rate": 0.00258977897465,
    "chords_strength": {
        "mean": 0.559005022049,
        "stdev": 0.132686629891
    },
    "hpcp_crest": {
        "mean": 14.871556282,
        "stdev": 7.15429592133
    },
    "hpcp_entropy": {
        "mean": 1.79824388027,
        "stdev": 0.730370938778
    },
    "key_edma": {
        "strength": 0.628184080124,
        "key": "B",
        "scale": "major"
    },
    "key_krumhansl": {
        "strength": 0.636864423752,
        "key": "B",
        "scale": "major"
    },
    "key_temperley": {
        "strength": 0.651066064835,
        "key": "B",
        "scale": "major"
    },
    "tuning_diatonic_strength": 0.45168107748,
    "tuning_equal_tempered_deviation": 0,
    "tuning_frequency": 440,
    "tuning_nontempered_energy_ratio": 0.651002526283,
    "hpcp": {
        "mean": [0.174641117454, 0.102886877954, 0.0910998359323, 0.137990117073, 0.1074141711, 0.15173086524, 0.241508498788, 0.153093218803, 0.0733328983188, 0.0868516638875, 0.0729901343584, 0.155677512288, 0.26216250658, 0.162973091006, 0.0597108975053, 0.0698310732841, 0.0620004311204, 0.10951731354, 0.174343258142, 0.120429076254, 0.0958475321531, 0.136915013194, 0.0980762243271, 0.0982887595892, 0.13647121191, 0.100864239037, 0.166980579495, 0.263880640268, 0.168737903237, 0.0732871517539, 0.0688454136252, 0.0634113997221, 0.150315120816, 0.246661037207, 0.174790129066, 0.144979417324],
        "stdev": [0.307393550873, 0.197351977229, 0.173239380121, 0.249231740832, 0.190150514245, 0.229814559221, 0.345484316349, 0.236096054316, 0.153368666768, 0.185820907354, 0.158666282892, 0.223801195621, 0.333579152822, 0.22951798141, 0.139976575971, 0.184982433915, 0.157514065504, 0.184473499656, 0.27296730876, 0.196306690574, 0.176581695676, 0.255493432283, 0.190233483911, 0.184445053339, 0.249135255814, 0.185014516115, 0.232405304909, 0.345324903727, 0.247793376446, 0.170629754663, 0.177863627672, 0.162295952439, 0.233378767967, 0.339741975069, 0.258308678865, 0.239600941539]
    },
    "chords_histogram": [15.7113256454, 1.36395025253, 11.5331487656, 4.55801105499, 13.6222372055, 1.38121545315, 8.82251358032, 0, 0, 0, 0.103591158986, 0.535220980644, 1.19129836559, 0.345303863287, 0.224447518587, 0.345303863287, 2.14088392258, 3.09046959877, 4.22997236252, 6.23273468018, 11.72306633, 0.759668529034, 8.42541408539, 3.66022109985],
