{
"metadata": {
    "version": {
        "essentia": "2.1-dev",
        "essentia_git_sha": "v2.1_beta3-415-gd5473f3",
        "extractor": "music 2.0"
    },
    "audio_properties": {
        "analysis": {
            "equal_loudness": 0,
            "length": 196.675918579,
            "sample_rate": 44100,
            "start_time": 0,
            "downmix": "mix"
        },
        "bit_rate": 192000,
        "length": 196.675918579,
        "lossless": 0,
        "number_channels": 2,
        "replay_gain": -12.7151546478,
        "sample_rate": 44100,
        "codec": "mp3",
        "md5_encoded": "b71d5eafe731380079b13e19ddb248d3"
    },
    "tags": {
        "file_name": "billie_piper-day_and_night.mp3",
        "album": ["Musica Si 2-3"],
        "artist": ["Various Artists"],
        "genre": ["Other"],
        "title": ["day & night-billie piper"]
    }
},
"lowlevel": {
    "average_loudness": 0.92784756422,
    "barkbands_crest": {
        "mean": 8.54120922089,
        "stdev": 4.31769704819
    },
    "barkbands_flatness_db": {
        "mean": 0.0966450721025,
        "stdev": 0.0711596533656
    },
    "barkbands_kurtosis": {
        "mean": 4.07106590271,
        "stdev": 38.1451568604
    },
    "barkbands_skewness": {
        "mean": 0.949255406857,
        "stdev": 1.50576853752
    },
    "barkbands_spread": {
        "mean": 30.025144577,
        "stdev": 14.1577777863
    },
    "dissonance": {
        "mean": 0.476515680552,
        "stdev": 0.0190681107342
    },
    "dynamic_complexity": 3.3016076088,
    "erbbands_crest": {
        "mean": 7.83527708054,
        "stdev": 3.83407878876
    },
    "erbbands_flatness_db": {
        "mean": 0.14362500608,
        "stdev": 0.0417410805821
    },
    "erbbands_kurtosis": {
        "mean": 1.11906433105,
        "stdev": 16.73097229
    },
    "erbbands_skewness": {
        "mean": 0.176464185119,
        "stdev": 1.09371566772
    },
    "erbbands_spread": {
        "mean": 37.0237693787,
        "stdev": 15.373588562
    },
    "hfc": {
        "mean": 27.2140216827,
        "stdev": 23.2909259796
    },
    "loudness_ebu128": {
        "integrated": -10.8099002838,
        "loudness_range": 3.59285640717,
        "momentary": {
            "mean": -14.3619098663,
            "stdev": 27.0191516876
        },
        "short_term": {
            "mean": -11.2907791138,
            "stdev": 2.47794246674
        }
    },
    "melbands_crest": {
        "mean": 12.3636722565,
        "stdev": 5.79256296158
    },
    "melbands_flatness_db": {
        "mean": 0.145193383098,
        "stdev": 0.0867166221142
    },
    "melbands_kurtosis": {
        "mean": 10.692281723,
        "stdev": 43.8324966431
    },
    "melbands_skewness": {
        "mean": 1.97721219063,
        "stdev": 1.65141129494
    },
    "melbands_spread": {
        "mean": 37.7777328491,
        "stdev": 23.5363121033
    },
    "pitch_salience": {
        "mean": 0.590596914291,
        "stdev": 0.122974820435
    },
    "silence_rate_20dB": {
        "mean": 1,
        "stdev": 0
    },
    "silence_rate_30dB": {
        "mean": 1,
        "stdev": 0
    },
    "silence_rate_60dB": {
        "mean": 0.0881728008389,
        "stdev": 0.28355127573
    },
    "spectral_centroid": {
        "mean": 2025.29602051,
        "stdev": 1152.94763184
    },
    "spectral_complexity": {
        "mean": 24.7785644531,
        "stdev": 13.8633813858
    },
    "spectral_decrease": {
        "mean": -4.93017004999e-09,
        "stdev": 3.84330522962e-09
    },
    "spectral_energy": {
        "mean": 0.0210759751499,
        "stdev": 0.0160615295172
    },
    "spectral_energyband_high": {
        "mean": 0.0014780292986,
        "stdev": 0.00182026904076
    },
    "spectral_energyband_low": {
        "mean": 0.00493392907083,
        "stdev": 0.00916988030076
    },
    "spectral_energyband_middle_high": {
        "mean": 0.00778132164851,
        "stdev": 0.00736034289002
    },
    "spectral_energyband_middle_low": {
        "mean": 0.00727034639567,
        "stdev": 0.00633465964347
    },
    "spectral_entropy": {
        "mean": 7.86548137665,
        "stdev": 0.463373363018
    },
    "spectral_flux": {
        "mean": 0.0805855616927,
        "stdev": 0.0425163023174
    },
    "spectral_kurtosis": {
        "mean": 3.9761068821,
        "stdev": 2.37487459183
    },
    "spectral_rms": {
        "mean": 0.00417139334604,
        "stdev": 0.00177803414408
    },
    "spectral_rolloff": {
        "mean": 2608.18774414,
        "stdev": 2346.609375
    },
    "spectral_skewness": {
        "mean": 1.42852497101,
        "stdev": 0.400515496731
    },
    "spectral_spread": {
        "mean": 5140245.5,
        "stdev": 3890917.25
    },
    "spectral_strongpeak": {
        "mean": 1.0500535965,
        "stdev": 1.22627961636
    },
    "zerocrossingrate": {
        "mean": 0.0936049893498,
        "stdev": 0.0588042736053
    },
    "barkbands": {
        "mean": [0.000353707000613, 0.00315621146001, 0.00125168508384, 0.000395839859266, 0.00173010199796, 0.00167438061908, 0.00113084597979, 0.000687527761329, 0.00124461459927, 0.00102072791196, 0.000955588999204, 0.000759330112487, 0.00116674695164, 0.000863106222823, 0.000711927365046, 0.000569509866182, 0.000467731239041, 0.000468393904157, 0.000618901452981, 0.000717412680387, 0.000324380962411, 0.000247919000685, 0.000156242327648, 0.000179754919372, 0.000111168228614, 9.71006957116e-05, 1.51210551849e-05],
        "stdev": [0.000644884770736, 0.00673850253224, 0.00376388360746, 0.000764318741858, 0.00302115199156, 0.00257788365707, 0.00202370947227, 0.0016939927591, 0.00254635349847, 0.00181759055704, 0.00188973185141, 0.00142822030466, 0.00170573417563, 0.00151128007565, 0.00117795309052, 0.000830566161312, 0.000752846011892, 0.000584104855079, 0.000674834824167, 0.000878068967722, 0.000438888033386, 0.000460425944766, 0.000289084011456, 0.000294450816, 0.000167159174453, 0.000150575549924, 3.04679779219e-05]
    },
    "erbbands": {
        "mean": [0.0870420262218, 0.708842754364, 1.58182942867, 1.37908053398, 2.06924891472, 6.97757911682, 10.5309762955, 15.7803649902, 16.3608665466, 16.9938220978, 13.4156446457, 32.2506752014, 34.7804489136, 29.5789852142, 36.1243553162, 34.4591140747, 51.2156486511, 50.7175369263, 39.9844932556, 36.2216529846, 29.2141475677, 25.9263305664, 26.2369022369, 29.9734210968, 32.6849060059, 31.7924156189, 18.9442081451, 10.8295545578, 9.65516090393, 5.88488006592, 4.49376487732, 3.73422122002, 2.87078142166, 1.44072425365, 0.706703305244, 0.347662985325, 0.182997688651, 0.0570939779282, 0.00130668201018, 5.91257194174e-05],
        "stdev": [0.144515827298, 1.73077976704, 4.39779090881, 2.68206238747, 3.33325624466, 13.6205463409, 18.2148838043, 25.5168609619, 28.4719944, 32.7608947754, 30.2320175171, 68.5000839233, 57.5658035278, 52.8539428711, 73.7545852661, 66.1709823608, 71.0135269165, 80.8287963867, 60.495639801, 53.293182373, 41.1912956238, 37.6609954834, 32.8538017273, 34.8145904541, 36.5347213745, 38.6535224915, 23.0402641296, 15.8267240524, 18.6870956421, 11.656627655, 8.28803348541, 5.80724859238, 5.23592042923, 2.31765389442, 1.11587095261, 0.536695599556, 0.291684597731, 0.10622023046, 0.00241793785244, 6.65508487145e-05]
    },
    "gfcc": {
        "mean": [0.436756283045, 53.5739822388, -126.234741211, 21.7118225098, -58.2829360962, 8.73217105865, -38.4194450378, 8.6216878891, -30.6041660309, 11.0426931381, -12.5120687485, 4.86676073074, -9.29551696777],
        "cov": [[24180.5390625, -831.617614746, -2514.10449219, 87.0420684814, -992.68951416, 144.95098877, -676.309997559, 389.769134521, -631.352844238, 406.773742676, -411.292755127, 290.231536865, -384.597015381], [-831.617614746, 1205.18066406, 250.535644531, 317.772613525, 270.971801758, 121.851615906, 191.038101196, 22.6177845001, 142.449172974, -51.5519065857, 81.8684158325, -101.982582092, 66.7865066528], [-2514.10449219, 250.535644531, 1152.25402832, 342.807128906, 389.171630859, 177.201797485, 197.923049927, 92.8649673462, 203.061920166, -21.7877063751, 2.90020442009, 16.0303821564, -29.0153465271], [87.0420684814, 317.772613525, 342.807128906, 493.820159912, 237.935150146, 146.438598633, 130.168960571, 96.2168579102, 121.906295776, 5.49865102768, 4.49525785446, 1.33948218822, -12.1753730774], [-992.68951416, 270.971801758, 389.171630859, 237.935150146, 450.105041504, 198.488006592, 230.802932739, 111.031410217, 158.071594238, 17.870672226, 26.0623016357, 8.38481235504, -10.3536014557], [144.95098877, 121.851615906, 177.201797485, 146.438598633, 198.488006592, 286.290893555, 173.020629883, 69.8253326416, 70.8060760498, 33.0479545593, 22.0631217957, -7.29909849167, -20.1428623199], [-676.309997559, 191.038101196, 197.923049927, 130.168960571, 230.802932739, 173.020629883, 281.890625, 86.373840332, 105.865104675, 21.9887447357, 38.1431388855, -17.4994411469, 0.669201731682], [389.769134521, 22.6177845001, 92.8649673462, 96.2168579102, 111.031410217, 69.8253326416, 86.373840332, 193.555053711, 84.859916687, 33.7459259033, 6.98516178131, 14.8183298111, -4.80280160904], [-631.352844238, 142.449172974, 203.061920166, 121.906295776, 158.071594238, 70.8060760498, 105.865104675, 84.859916687, 167.551071167, 26.8725891113, 28.5859584808, 1.38752961159, 8.15913772583], [406.773742676, -51.5519065857, -21.7877063751, 5.49865102768, 17.870672226, 33.0479545593, 21.9887447357, 33.7459259033, 26.8725891113, 92.0135345459, 29.9636249542, 24.7249259949, -6.90355587006], [-411.292755127, 81.8684158325, 2.90020442009, 4.49525785446, 26.0623016357, 22.0631217957, 38.1431388855, 6.98516178131, 28.5859584808, 29.9636249542, 107.504074097, 4.92091608047, 36.2241210938], [290.231536865, -101.982582092, 16.0303821564, 1.33948218822, 8.38481235504, -7.29909849167, -17.4994411469, 14.8183298111, 1.38752961159, 24.7249259949, 4.92091608047, 90.6052627563, 6.20426225662], [-384.597015381, 66.7865066528, -29.0153465271, -12.1753730774, -10.3536014557, -20.1428623199, 0.669201731682, -4.80280160904, 8.15913772583, -6.90355587006, 36.2241210938, 6.20426225662, 85.3257141113]],
        "icov": [[0.000134370464366, -0.00012768326269, 0.000284933397779, -0.0002172744571, 0.000253503822023, -0.000352775648935, 0.000260402506683, -0.00047445888049, 0.000396469986299, -0.000504327123053, 0.000468147249194, -0.000469803868327, 0.000446921243565], [-0.00012768326269, 0.00155846122652, -0.000159423711011, -0.000540464359801, -0.000744911434595, 0.00045860215323, -0.000444826262537, 0.000893342657946, -0.00082018924877, 0.00122393993661, -0.00123754783999, 0.0019073903095, -0.00129089923576], [0.000284933397779, -0.000159423711011, 0.00206174585037, -0.000953593058512, -0.00021146061772, -0.000822409871034, 0.000555131002329, -0.00065520266071, -0.000269643380307, -0.000107577929157, 0.000944872736, -0.00139090640005, 0.00143016898073], [-0.0002172744571, -0.000540464359801, -0.000953593058512, 0.00383876543492, -0.000881521671545, -0.000238281136262, 6.69614428261e-06, 1.24494101783e-06, -0.00116312748287, 0.000789153389633, -0.00011525782611, 9.08917572815e-05, -0.000278622028418], [0.000253503822023, -0.000744911434595, -0.00021146061772, -0.000881521671545, 0.00645387917757, -0.0019799163565, -0.00187666888814, -0.00127939553931, -0.00112087419257, -0.000416535331169, 0.00118101609405, -0.00254904408939, 0.00154388090596], [-0.000352775648935, 0.00045860215323, -0.000822409871034, -0.000238281136262, -0.0019799163565, 0.00746607128531, -0.00344467628747, 0.00105689372867, 0.000105869869003, -0.000279269384919, -0.00154631840996, 0.00191193586215, -0.000169215505593], [0.000260402506683, -0.000444826262537, 0.000555131002329, 6.69614428261e-06, -0.00187666888814, -0.00344467628747, 0.00863459613174, -0.00197582878172, -0.000375459843781, -0.000947423861362, -0.00029931491008, 0.000698294315953, 0.000527348602191], [-0.00047445888049, 0.000893342657946, -0.00065520266071, 1.24494101783e-06, -0.00127939553931, 0.00105689372867, -0.00197582878172, 0.00928157567978, -0.00432073976845, 0.000467845995445, -0.000728284940124, 0.00104264600668, -0.0017438614741], [0.000396469986299, -0.00082018924877, -0.000269643380307, -0.00116312748287, -0.00112087419257, 0.000105869869003, -0.000375459843781, -0.00432073976845, 0.0133764175698, -0.00431270571426, 0.000526397896465, -0.000438471528469, 4.63325960709e-07], [-0.000504327123053, 0.00122393993661, -0.000107577929157, 0.000789153389633, -0.000416535331169, -0.000279269384919, -0.000947423861362, 0.000467845995445, -0.00431270571426, 0.0180310234427, -0.00677609024569, -0.00184189353604, 0.00164400786161], [0.000468147249194, -0.00123754783999, 0.000944872736, -0.00011525782611, 0.00118101609405, -0.00154631840996, -0.00029931491008, -0.000728284940124, 0.000526397896465, -0.00677609024569, 0.0153322853148, -0.00195916881785, -0.00384201179259], [-0.000469803868327, 0.0019073903095, -0.00139090640005, 9.08917572815e-05, -0.00254904408939, 0.00191193586215, 0.000698294315953, 0.00104264600668, -0.000438471528469, -0.00184189353604, -0.00195916881785, 0.0161998476833, -0.00432859780267], [0.000446921243565, -0.00129089923576, 0.00143016898073, -0.000278622028418, 0.00154388090596, -0.000169215505593, 0.000527348602191, -0.0017438614741, 4.63325960709e-07, 0.00164400786161, -0.00384201179259, -0.00432859780267, 0.017315139994]]
    },
    "melbands": {
        "mean": [0.000852367840707, 0.000902661762666, 0.000255364982877, 0.000303544045892, 0.000389645341784, 0.000348845293047, 0.00024235023011, 0.000183408657904, 0.000106170758954, 0.000209373203688, 0.000171154257259, 0.000117295574455, 0.000118169540656, 9.54114366323e-05, 7.30347819626e-05, 0.000138243209221, 8.89127259143e-05, 6.48237764835e-05, 5.15374304086e-05, 4.67986756121e-05, 3.14679673465e-05, 2.88014325633e-05, 2.26609008678e-05, 2.17296164919e-05, 2.45321152761e-05, 2.35552506638e-05, 2.45584269578e-05, 2.05738087971e-05, 1.35988666443e-05, 7.4267072705e-06, 5.8498440012e-06, 5.72069711779e-06, 4.14500891566e-06, 2.89937952402e-06, 2.61233230958e-06, 2.36700861933e-06, 2.26128281611e-06, 2.10535949918e-06, 1.64131029123e-06, 1.07321989162e-06],
        "stdev": [0.00160575495102, 0.00219703558832, 0.000452723848866, 0.000530627032276, 0.000661149737425, 0.000538127031177, 0.000417148490669, 0.00037036408321, 0.000244787195697, 0.000443171273218, 0.000293961697025, 0.000213707069634, 0.000236254869378, 0.000178747475729, 0.000116165974759, 0.000215731473872, 0.000166624129633, 0.000107157633465, 9.31726099225e-05, 6.9190726208e-05, 5.20757712366e-05, 4.49182480224e-05, 3.23937929352e-05, 2.86174872599e-05, 3.02286298393e-05, 2.65067974397e-05, 3.26489644067e-05, 2.62237481365e-05, 1.67644466273e-05, 1.06521092675e-05, 9.26883603825e-06, 1.09798429548e-05, 8.45846807351e-06, 5.81149788559e-06, 4.98440203955e-06, 4.25541838922e-06, 3.52017013938e-06, 4.00072394768e-06, 3.16250384458e-06, 1.67924883954e-06]
    },
    "melbands128": {
        "mean": [0.000313091499265, 0.000675110321026, 0.0010535948677, 0.00124101352412, 0.000956219271757, 0.000546622031834, 0.000270998920314, 0.000189238315215, 0.000174722707015, 0.000242647773121, 0.000377680495149, 0.000471075531095, 0.000327822810505, 0.000334505864885, 0.000418283190811, 0.000280377222225, 0.000321319064824, 0.000211631544516, 0.000221778129344, 0.000181840499863, 0.000204808326089, 0.000112198729767, 7.66180455685e-05, 0.000109096508822, 0.000229636803851, 0.000264372996753, 0.000120061471534, 0.000196620036149, 0.000183847747394, 8.47235060064e-05, 0.000124703670735, 0.000116806237202, 0.000101792851638, 0.000157519054483, 6.26169203315e-05, 0.000104477003333, 9.73247151705e-05, 6.59196302877e-05, 5.18678461958e-05, 0.000123116726172, 0.000220740417717, 6.56387637719e-05, 9.02294414118e-05, 9.78991447482e-05, 6.81257079123e-05, 6.69882792863e-05, 4.88898986077e-05, 5.68309151276e-05, 5.04932759213e-05, 4.16183538618e-05, 5.6430028053e-05, 4.10781940445e-05, 2.39951441472e-05, 3.37289820891e-05, 3.28346577589e-05, 3.24108514178e-05, 1.94677522813e-05, 1.95419252123e-05, 2.43920057983e-05, 2.88012579404e-05, 1.93917185243e-05, 1.71471547219e-05, 2.56575149251e-05, 2.62656267296e-05, 2.44523671427e-05, 2.37872427533e-05, 2.20552719838e-05, 2.44475813815e-05, 2.55282284343e-05, 2.47091502388e-05, 1.65831224876e-05, 2.3967022571e-05, 1.69635404745e-05, 1.09296834125e-05, 1.03442653199e-05, 7.7190961747e-06, 6.00934663453e-06, 6.18097237748e-06, 5.86540909353e-06, 5.52855999558e-06, 5.34448327016e-06, 6.73922886563e-06, 4.7114208428e-06, 3.79573930331e-06, 3.714768809e-06, 2.95803283734e-06, 2.63432116299e-06, 2.6593770599e-06, 2.72215993391e-06, 2.46295735451e-06, 2.39848486672e-06, 2.4000717076e-06, 2.2517990601e-06, 2.19317598749e-06, 2.35953370975e-06, 2.16209036807e-06, 2.07917264561e-06, 1.95198163055e-06, 1.81201369287e-06, 1.38701989272e-06, 1.1626819969e-06, 1.02444789718e-06, 9.63971160672e-07, 8.75154398727e-07, 7.87567046245e-07, 7.16257886779e-07, 6.55920814552e-07, 6.5726021603e-07, 5.79336983719e-07, 5.59903639896e-07, 5.04464594542e-07, 4.98198346577e-07, 6.51362768167e-07, 6.03194223459e-07, 6.36324273273e-07, 6.95256176186e-07, 5.86771363942e-07, 6.41127471113e-08, 4.35256474959e-12, 3.28578115237e-12, 3.12824809459e-12, 3.01870811334e-12, 2.93182297016e-12, 2.86341414989e-12, 2.8105486688e-12, 2.77075172701e-12, 2.74259109347e-12, 2.72319970393e-12],
        "stdev": [0.000564072513953, 0.0010846350342, 0.00237459642813, 0.00324524822645, 0.00266788736917, 0.00156490132213, 0.000572841498069, 0.000356275821105, 0.000351314578438, 0.00053908576956, 0.000913950731046, 0.00111431628466, 0.000712023116648, 0.000751282961573, 0.000856147729792, 0.000532739795744, 0.000704368459992, 0.000469099089969, 0.000605857174378, 0.000438752351329, 0.000562934030313, 0.000427970837336, 0.000242321897531, 0.000405309401685, 0.000600731815211, 0.000651521782856, 0.000291512376862, 0.000448325357866, 0.00045154968393, 0.000202602415811, 0.000353635958163, 0.000308908580337, 0.000267732015345, 0.000450463121524, 0.000151401152834, 0.000293272634735, 0.000251968303928, 0.000152907930897, 0.000119955700939, 0.000203756091651, 0.000402665842557, 0.000152247201186, 0.000232344784308, 0.000214481609873, 0.000169821592863, 0.000154332970851, 0.000103263620986, 0.000154093897436, 0.000113387621241, 8.13001825009e-05, 0.000108152264147, 7.35162102501e-05, 4.59987131762e-05, 9.42695405683e-05, 6.94564732839e-05, 6.10541683272e-05, 4.27522136306e-05, 5.70604861423e-05, 3.56523851224e-05, 4.67316531285e-05, 3.60219564755e-05, 2.86373051495e-05, 3.92200490751e-05, 4.144529521e-05, 4.24886238761e-05, 3.28786081809e-05, 3.0301449442e-05, 4.39879768237e-05, 4.37932430941e-05, 4.74810622109e-05, 2.81868688035e-05, 3.82039615943e-05, 2.80416479654e-05, 1.64765988302e-05, 1.74669312401e-05, 1.27592647914e-05, 9.97666120384e-06, 1.02432886706e-05, 1.0299434507e-05, 1.03641050373e-05, 9.25230415305e-06, 1.94114436454e-05, 1.03482079794e-05, 8.64759658725e-06, 8.72770669957e-06, 6.85916165821e-06, 5.00291071148e-06, 5.68779660171e-06, 5.48968819203e-06, 5.12566703037e-06, 4.71679277325e-06, 4.83365147375e-06, 3.66506901628e-06, 3.44854038303e-06, 4.45844534624e-06, 4.39774294136e-06, 4.42138480139e-06, 4.14525538872e-06, 3.94461540054e-06, 2.75374736702e-06, 2.03951140065e-06, 1.69278416706e-06, 1.61715956892e-06, 1.61718253366e-06, 1.86112458778e-06, 1.1566695548e-06, 1.12789166451e-06, 1.12244947559e-06, 1.0285064036e-06, 9.54684196586e-07, 8.87855321707e-07, 9.08692868506e-07, 1.14810165996e-06, 9.82129904514e-07, 1.11843712602e-06, 1.43124691476e-06, 1.16726118904e-06, 1.363231803e-07, 7.54950008758e-12, 5.47245538815e-12, 5.24290940523e-12, 5.07500465263e-12, 4.94262877154e-12, 4.83618613906e-12, 4.75052159069e-12, 4.68433625223e-12, 4.63674584839e-12, 4.6076272138e-12]
    },
    "mfcc": {
        "mean": [-632.545837402, 90.5455551147, -14.3996267319, 14.6101064682, -2.30415463448, -0.415269047022, 3.77929759026, -6.33657026291, -5.75718450546, 1.56155741215, -4.44381713867, -0.517840266228, -1.97419559956],
        "cov": [[10630.0351562, -128.179000854, -902.250305176, -198.996963501, -283.805084229, -160.2109375, -66.4578170776, -97.4572296143, -117.936599731, 76.6295623779, -67.906288147, -30.014509201, -12.2748365402], [-128.179000854, 820.870605469, 106.702285767, 164.597198486, 132.462310791, 96.4987106323, 102.888671875, 68.191986084, 69.9775619507, 64.7975921631, 28.073720932, 37.4206809998, 9.34338283539], [-902.250305176, 106.702285767, 666.094116211, 241.753936768, 214.376480103, 150.691314697, 54.8349723816, 131.915771484, 109.052101135, 30.4840011597, 83.2690582275, 61.0957717896, 35.1341972351], [-198.996963501, 164.597198486, 241.753936768, 398.648803711, 200.728607178, 110.841529846, 60.6007614136, 132.609954834, 123.860359192, 36.5829925537, 80.4561233521, 62.7269744873, 56.4933166504], [-283.805084229, 132.462310791, 214.376480103, 200.728607178, 285.033966064, 131.494400024, 73.5909957886, 138.346969604, 118.863983154, 60.2456321716, 79.0647735596, 59.6248703003, 46.8338623047], [-160.2109375, 96.4987106323, 150.691314697, 110.841529846, 131.494400024, 297.057037354, 129.92767334, 124.854118347, 82.2440338135, 65.7333831787, 92.3173065186, 18.8477897644, 33.6929168701], [-66.4578170776, 102.888671875, 54.8349723816, 60.6007614136, 73.5909957886, 129.92767334, 203.470581055, 101.1848526, 66.7415847778, 90.8065490723, 43.6613769531, 31.4777145386, 33.3404388428], [-97.4572296143, 68.191986084, 131.915771484, 132.609954834, 138.346969604, 124.854118347, 101.1848526, 199.716629028, 124.217048645, 76.7624969482, 81.0614929199, 41.151424408, 45.3130722046], [-117.936599731, 69.9775619507, 109.052101135, 123.860359192, 118.863983154, 82.2440338135, 66.7415847778, 124.217048645, 166.704818726, 76.6518707275, 70.3121337891, 38.8808822632, 35.0115318298], [76.6295623779, 64.7975921631, 30.4840011597, 36.5829925537, 60.2456321716, 65.7333831787, 90.8065490723, 76.7624969482, 76.6518707275, 148.013076782, 50.5697937012, 39.1769180298, 38.6618766785], [-67.906288147, 28.073720932, 83.2690582275, 80.4561233521, 79.0647735596, 92.3173065186, 43.6613769531, 81.0614929199, 70.3121337891, 50.5697937012, 119.326911926, 44.7489356995, 24.8990898132], [-30.014509201, 37.4206809998, 61.0957717896, 62.7269744873, 59.6248703003, 18.8477897644, 31.4777145386, 41.151424408, 38.8808822632, 39.1769180298, 44.7489356995, 84.8072814941, 32.2296180725], [-12.2748365402, 9.34338283539, 35.1341972351, 56.4933166504, 46.8338623047, 33.6929168701, 33.3404388428, 45.3130722046, 35.0115318298, 38.6618766785, 24.8990898132, 32.2296180725, 81.7454299927]],
        "icov": [[0.000109344546217, 5.2395662351e-06, 0.000161035655765, -6.44111860311e-05, 5.60024564038e-05, -2.56656840065e-05, 7.57933594286e-05, -7.02450488461e-05, 7.13937042747e-05, -0.000135551119456, 2.4612809284e-05, -5.19851564604e-05, 2.41705602093e-05], [5.2395662351e-06, 0.0014549245825, 5.45620969206e-05, -0.000526508840267, -0.000382885453291, -0.000154796041897, -0.000489309430122, 0.000324125838233, -3.17443154927e-05, -0.000407042156439, 0.000459440780105, -0.000245476694545, 0.000640919199213], [0.000161035655765, 5.45620969206e-05, 0.00245065195486, -0.000787073047832, -0.000770164246205, -0.000643893086817, 0.000419868854806, -0.000372722453903, 7.89120986155e-06, 0.000155649890075, 0.000127180974232, -0.000746543693822, 0.000429194478784], [-6.44111860311e-05, -0.000526508840267, -0.000787073047832, 0.00488383462653, -0.00165647245012, 7.29098173906e-05, 2.7534299079e-05, -0.000484843913, -0.00148717523552, 0.00162227801047, -0.000540486420505, -0.00067040353315, -0.00151122128591], [5.60024564038e-05, -0.000382885453291, -0.000770164246205, -0.00165647245012, 0.00782644934952, -0.00131590547971, 0.000660024525132, -0.0019180480158, -0.00141239294317, -9.58079472184e-05, 0.000327297835611, -0.00191745860502, -0.000313066208037], [-2.56656840065e-05, -0.000154796041897, -0.000643893086817, 7.29098173906e-05, -0.00131590547971, 0.00685740308836, -0.00321449269541, -0.000885545334313, 0.000782523595262, 0.000353426585207, -0.00394837139174, 0.00329332565889, -0.000628485810012], [7.57933594286e-05, -0.000489309430122, 0.000419868854806, 2.7534299079e-05, 0.000660024525132, -0.00321449269541, 0.00957255717367, -0.00284312991425, 0.000544365379028, -0.00375666283071, 0.00223026168533, -0.00170247466303, 2.18471614062e-05], [-7.02450488461e-05, 0.000324125838233, -0.000372722453903, -0.000484843913, -0.0019180480158, -0.000885545334313, -0.00284312991425, 0.0132462084293, -0.00534992525354, -0.000129951673443, -0.00236630463041, 0.000998527510092, -0.00159157521557], [7.13937042747e-05, -3.17443154927e-05, 7.89120986155e-06, -0.00148717523552, -0.00141239294317, 0.000782523595262, 0.000544365379028, -0.00534992525354, 0.013939615339, -0.00377147458494, -0.00214819726534, 0.000648800167255, 0.000480861432152], [-0.000135551119456, -0.000407042156439, 0.000155649890075, 0.00162227801047, -9.58079472184e-05, 0.000353426585207, -0.00375666283071, -0.000129951673443, -0.00377147458494, 0.0125859603286, -0.00178358866833, -0.00184653897304, -0.00271439761855], [2.4612809284e-05, 0.000459440780105, 0.000127180974232, -0.000540486420505, 0.000327297835611, -0.00394837139174, 0.00223026168533, -0.00236630463041, -0.00214819726534, -0.00178358866833, 0.0162543840706, -0.00620738277212, 0.00137201289181], [-5.19851564604e-05, -0.000245476694545, -0.000746543693822, -0.00067040353315, -0.00191745860502, 0.00329332565889, -0.00170247466303, 0.000998527510092, 0.000648800167255, -0.00184653897304, -0.00620738277212, 0.0191772319376, -0.0043883593753], [2.41705602093e-05, 0.000640919199213, 0.000429194478784, -0.00151122128591, -0.000313066208037, -0.000628485810012, 2.18471614062e-05, -0.00159157521557, 0.000480861432152, -0.00271439761855, 0.00137201289181, -0.0043883593753, 0.0167252477258]]
    },
    "spectral_contrast_coeffs": {
        "mean": [-0.706653118134, -0.754143893719, -0.773904263973, -0.794343948364, -0.796188950539, -0.777448654175],
        "stdev": [0.11180793494, 0.080663792789, 0.071312636137, 0.0539316125214, 0.0457986555994, 0.038896497339]
    },
    "spectral_contrast_valleys": {
        "mean": [-7.51772069931, -7.0695643425, -7.41926908493, -7.46965265274, -7.31104230881, -9.93808746338],
        "stdev": [2.37153339386, 2.29931783676, 2.2957444191, 2.32476806641, 2.3511300087, 2.15413880348]
    }
},
"rhythm": {
    "beats_count": 347,
    "beats_loudness": {
        "mean": 0.0439470484853,
        "stdev": 0.0190440248698
    },
    "bpm": 105.98878479,
    "bpm_histogram_first_peak_bpm": 105,
    "bpm_histogram_first_peak_weight": 0.300000011921,
    "bpm_histogram_second_peak_bpm": 120,
    "bpm_histogram_second_peak_spread": 0.5,
    "bpm_histogram_second_peak_weight": 0.00867052003741,
    "danceability": 1.25695562363,
    "onset_rate": 3.31475567818,
    "beats_loudness_band_ratio": {
        "mean": [0.361637204885, 0.13306234777, 0.115656673908, 0.168530121446, 0.133408248425, 0.117649428546],
        "stdev": [0.287574917078, 0.122362591326, 0.0928032100201, 0.119599469006, 0.0912337303162, 0.085565276444]
    },
    "beats_position": [0.557278871536, 1.1261677742, 1.69505667686, 2.26394557953, 2.83283448219, 3.39011335373, 3.95900225639, 4.52789115906, 5.08516979218, 5.65405893326, 6.2229475975, 6.79183673859, 7.36072540283, 7.91800451279, 8.48689365387, 9.05578231812, 9.62467098236, 10.1935596466, 10.7508392334, 11.3197278976, 11.8886165619, 12.4575052261, 13.0263938904, 13.5836734772, 14.1409521103, 14.7098407745, 15.2787294388, 15.8592290878, 16.4165077209, 16.9737873077, 17.5310649872, 18.0999546051, 18.6688423157, 19.2377319336, 19.8066215515, 20.3755092621, 20.94439888, 21.5016784668, 22.0589561462, 22.6278457642, 23.1967334747, 23.7656230927, 24.3345127106, 24.89179039, 25.4490699768, 26.0179595947, 26.5868473053, 27.1557369232, 27.7246246338, 28.2935142517, 28.8624038696, 29.4312915802, 30.0001811981, 30.5574588776, 31.1263484955, 31.6952381134, 32.2525177002, 32.8214035034, 33.3902931213, 33.9591827393, 34.5164604187, 35.0853500366, 35.6426315308, 36.211517334, 36.7804069519, 37.3492965698, 37.9181861877, 38.4870758057, 39.0559616089, 39.6248512268, 40.1821289062, 40.7510185242, 41.3083000183, 41.8771858215, 42.4460754395, 43.0149650574, 43.5838546753, 44.1527442932, 44.7100219727, 45.2789115906, 45.83618927, 46.4050788879, 46.9739685059, 47.5428581238, 48.111743927, 48.6690254211, 49.2263031006, 49.7951927185, 50.3640823364, 50.9329681396, 51.5018577576, 52.0707473755, 52.6396369934, 53.2085266113, 53.7774124146, 54.3346939087, 54.8919715881, 55.4608612061, 56.029750824, 56.5986366272, 57.1675262451, 57.736415863, 58.2936935425, 58.8625831604, 59.4198646545, 59.9887504578, 60.5576400757, 61.1265296936, 61.6954193115, 62.2643089294, 62.8331947327, 63.3904762268, 63.9477539062, 64.5166397095, 65.0855331421, 65.6544189453, 66.2233123779, 66.7921981812, 67.3610839844, 67.929977417, 68.4988632202, 69.0561447144, 69.6134262085, 70.1823120117, 70.7511978149, 71.3200912476, 71.8889770508, 72.4462585449, 73.0035324097, 73.5724258423, 74.1413116455, 74.7218093872, 75.2790908813, 75.8479766846, 76.4168701172, 76.9741516113, 77.5314254761, 78.1003189087, 78.6692047119, 79.2497024536, 79.8185958862, 80.3874816895, 80.9563674927, 81.5252609253, 82.08253479, 82.6514282227, 83.2203140259, 83.77759552, 84.3348770142, 84.8921508789, 85.449432373, 86.0299301147, 86.5872116089, 87.1560974121, 87.7249908447, 88.2938766479, 88.8627624512, 89.4200439453, 89.9889297485, 90.5578231812, 91.1150970459, 91.6839904785, 92.2528762817, 92.8217697144, 93.3906555176, 93.9479370117, 94.5168228149, 95.0857162476, 95.6429901123, 96.2118835449, 96.7807693481, 97.3496551514, 97.918548584, 98.4874343872, 99.0563278198, 99.6136016846, 100.182495117, 100.75138092, 101.320266724, 101.889160156, 102.469657898, 103.026939392, 103.584213257, 104.141494751, 104.698776245, 105.267662048, 105.836547852, 106.405441284, 106.974327087, 107.531608582, 108.100494385, 108.669387817, 109.226661682, 109.795555115, 110.364440918, 110.933334351, 111.502220154, 112.071105957, 112.63999939, 113.197273254, 113.754554749, 114.323448181, 114.892333984, 115.461219788, 116.03011322, 116.598999023, 117.167892456, 117.736778259, 118.294059753, 118.862945557, 119.420227051, 119.989112854, 120.557998657, 121.12689209, 121.695777893, 122.253059387, 122.810340881, 123.379226685, 123.948112488, 124.51700592, 125.085891724, 125.654785156, 126.223670959, 126.780952454, 127.338226318, 127.907119751, 128.476013184, 129.044891357, 129.61378479, 130.182678223, 130.751556396, 131.308837891, 131.877731323, 132.446624756, 133.003890991, 133.584396362, 134.141677856, 134.710571289, 135.279449463, 135.848342896, 136.417236328, 136.974502563, 137.531784058, 138.10067749, 138.669570923, 139.238449097, 139.807342529, 140.376235962, 140.945129395, 141.514007568, 142.082901001, 142.651794434, 143.220672607, 143.777954102, 144.335235596, 144.904129028, 145.473007202, 146.041900635, 146.610794067, 147.168075562, 147.736953735, 148.305847168, 148.863128662, 149.432022095, 150.000900269, 150.558181763, 151.127075195, 151.695953369, 152.253234863, 152.822128296, 153.37940979, 153.948303223, 154.528793335, 155.097686768, 155.654968262, 156.223846436, 156.78112793, 157.350021362, 157.918914795, 158.47618103, 159.045074463, 159.613967896, 160.17124939, 160.740127563, 161.309020996, 161.877914429, 162.446792603, 163.015686035, 163.584579468, 164.1534729, 164.710739136, 165.279632568, 165.836914062, 166.405807495, 166.974685669, 167.543579102, 168.112472534, 168.669754028, 169.227020264, 169.795913696, 170.364807129, 170.933700562, 171.502578735, 172.059860229, 172.640365601, 173.209243774, 173.766525269, 174.335418701, 174.892700195, 175.461578369, 176.030471802, 176.599365234, 177.168243408, 177.725524902, 178.282806396, 178.851699829, 179.420593262, 179.989471436, 180.558364868, 181.127258301, 181.696136475, 182.265029907, 182.83392334, 183.391204834, 183.948471069, 184.517364502, 185.086257935, 185.655151367, 186.224029541, 186.781311035, 187.338592529, 187.907485962, 188.476364136, 189.045257568, 189.614151001, 190.171432495, 190.751922607, 191.332427979, 191.901306152, 192.470199585, 193.050704956, 193.538314819, 194.025939941, 194.513549805, 195.012786865, 195.512008667, 196.011245728],
    "bpm_histogram": [0, 0, 0, 0, 0, 0, 0, 0, 0, 0, 0, 0, 0, 0, 0, 0, 0, 0, 0, 0, 0, 0, 0, 0, 0, 0, 0, 0, 0, 0, 0, 0, 0, 0, 0, 0, 0, 0, 0, 0, 0, 0, 0, 0, 0, 0, 0, 0, 0, 0, 0, 0, 0, 0, 0, 0, 0, 0, 0, 0, 0, 0, 0, 0, 0, 0, 0, 0, 0, 0, 0, 0, 0, 0, 0, 0, 0, 0, 0, 0, 0, 0, 0, 0, 0, 0, 0, 0, 0, 0, 0, 0, 0, 0, 0, 0, 0, 0, 0, 0, 0, 0, 0, 0.0317919068038, 0, 0.687861263752, 0, 0, 0.263005793095, 0, 0, 0, 0, 0, 0, 0, 0, 0, 0, 0, 0.00867052003741, 0, 0, 0.00867052003741, 0, 0, 0, 0, 0, 0, 0, 0, 0, 0, 0, 0, 0, 0, 0, 0, 0, 0, 0, 0, 0, 0, 0, 0, 0, 0, 0, 0, 0, 0, 0, 0, 0, 0, 0, 0, 0, 0, 0, 0, 0, 0, 0, 0, 0, 0, 0, 0, 0, 0, 0, 0, 0, 0, 0, 0, 0, 0, 0, 0, 0, 0, 0, 0, 0, 0, 0, 0, 0, 0, 0, 0, 0, 0, 0, 0, 0, 0, 0, 0, 0, 0, 0, 0, 0, 0, 0, 0, 0, 0, 0, 0, 0, 0, 0, 0, 0, 0, 0, 0, 0, 0, 0, 0, 0, 0, 0, 0, 0, 0, 0, 0, 0, 0, 0, 0, 0, 0, 0, 0, 0, 0, 0, 0, 0, 0]
},
"tonal": {
    "chords_changes_rate": 0.0597120597959,
    "chords_number_rate": 0.00236016046256,
    "chords_strength": {
        "mean": 0.539502859116,
        "stdev": 0.151221364737
    },
    "hpcp_crest": {
        "mean": 14.0119876862,
        "stdev": 7.70706033707
    },
    "hpcp_entropy": {
        "mean": 2.02092456818,
        "stdev": 0.860127031803
    },
    "key_edma": {
        "strength": 0.710330843925,
        "key": "F",
        "scale": "minor"
    },
    "key_krumhansl": {
        "strength": 0.730281412601,
        "key": "F",
        "scale": "minor"
    },
    "key_temperley": {
        "strength": 0.744241058826,
        "key": "F",
        "scale": "minor"
    },
    "tuning_diatonic_strength": 0.624622583389,
    "tuning_equal_tempered_deviation": 0.266021877527,
    "tuning_frequency": 434.193115234,
    "tuning_nontempered_energy_ratio": 0.943617999554,
    "hpcp": {
        "mean": [0.104997828603, 0.0772008374333, 0.0632719099522, 0.148754402995, 0.210961267352, 0.143232867122, 0.0856829285622, 0.0775680691004, 0.100010707974, 0.215843394399, 0.250667899847, 0.158819183707, 0.142201647162, 0.154516398907, 0.125389873981, 0.12571914494, 0.125143811107, 0.112235181034, 0.156067147851, 0.171366259456, 0.128854036331, 0.116544269025, 0.119149692357, 0.149281546474, 0.342769682407, 0.410457283258, 0.209765315056, 0.0825133472681, 0.0691082626581, 0.0789659693837, 0.157713443041, 0.190460145473, 0.137447431684, 0.186259508133, 0.223540648818, 0.153005316854],
        "stdev": [0.172062128782, 0.139945462346, 0.124851711094, 0.230982497334, 0.297512859106, 0.213902339339, 0.15849339962, 0.151678845286, 0.167373612523, 0.263370782137, 0.291234016418, 0.2181828022, 0.231775641441, 0.262632071972, 0.212519273162, 0.210195288062, 0.208666935563, 0.194714769721, 0.240074008703, 0.26717415452, 0.211824402213, 0.20673725009, 0.214130461216, 0.219527408481, 0.323233783245, 0.368691414595, 0.233517289162, 0.144955679774, 0.131565749645, 0.14011079073, 0.231574520469, 0.266606867313, 0.186832800508, 0.243992462754, 0.285687416792, 0.210171446204]
    },
    "chords_histogram": [42.0108566284, 1.06207227707, 1.20368182659, 4.67311763763, 0, 6.20722198486, 0, 4.81472730637, 0, 2.54897332191, 0.0236016046256, 0, 0, 0, 0, 0.660844922066, 0.377625674009, 0, 0.259617656469, 0.0944064185023, 1.5813075304, 0.165211230516, 12.7684679031, 21.5482654572],
    "thpcp": [1, 0.511052727699, 0.201027855277, 0.168368950486, 0.192385345697, 0.384238392115, 0.464019417763, 0.334864169359, 0.453785359859, 0.544613659382, 0.372767955065, 0.255806952715, 0.188084945083, 0.154149800539, 0.362411409616, 0.513966441154, 0.348959267139, 0.208749935031, 0.188979640603, 0.243656799197, 0.525860786438, 0.610704004765, 0.386932313442, 0.346446871758, 0.376449406147, 0.305488228798, 0.306290447712, 0.304888755083, 0.273439377546, 0.380227506161, 0.417500823736, 0.31392800808, 0.283937633038, 0.290285229683, 0.363695681095, 0.835092186928],
    "chords_key": "F",
    "chords_scale": "minor"
}
}