{
"metadata": {
    "version": {
        "essentia": "2.1-dev",
        "essentia_git_sha": "v2.1_beta3-415-gd5473f3",
        "extractor": "music 2.0"
    },
    "audio_properties": {
        "analysis": {
            "equal_loudness": 0,
            "length": 292.963256836,
            "sample_rate": 44100,
            "start_time": 0,
            "downmix": "mix"
        },
        "bit_rate": 192000,
        "length": 292.963256836,
        "lossless": 0,
        "number_channels": 2,
        "replay_gain": -9.53898048401,
        "sample_rate": 44100,
        "codec": "mp3",
        "md5_encoded": "a6dbab1911492d1ae23a713b8d2e3d4b"
    },
    "tags": {
        "file_name": "chayanne-volver_a_nacer.mp3",
        "album": ["Grandes Exitos"],
        "artist": ["Chayanne"],
        "genre": ["Other"],
        "title": ["Volver A Nacer"]
    }
},
"lowlevel": {
    "average_loudness": 0.916339218616,
    "barkbands_crest": {
        "mean": 10.5413179398,
        "stdev": 4.36183643341
    },
    "barkbands_flatness_db": {
        "mean": 0.143894806504,
        "stdev": 0.0608612820506
    },
    "barkbands_kurtosis": {
        "mean": 9.50045585632,
        "stdev": 16.1809368134
    },
    "barkbands_skewness": {
        "mean": 2.12066364288,
        "stdev": 1.66411316395
    },
    "barkbands_spread": {
        "mean": 20.9313087463,
        "stdev": 16.4110431671
    },
    "dissonance": {
        "mean": 0.45617711544,
        "stdev": 0.0307368393987
    },
    "dynamic_complexity": 4.09895515442,
    "erbbands_crest": {
        "mean": 9.28587532043,
        "stdev": 4.5840086937
    },
    "erbbands_flatness_db": {
        "mean": 0.13951857388,
        "stdev": 0.0452739670873
    },
    "erbbands_kurtosis": {
        "mean": 0.846733152866,
        "stdev": 3.00768637657
    },
    "erbbands_skewness": {
        "mean": 0.597141265869,
        "stdev": 0.85309702158
    },
    "erbbands_spread": {
        "mean": 45.9203186035,
        "stdev": 25.7646484375
    },
    "hfc": {
        "mean": 21.4206562042,
        "stdev": 21.9156112671
    },
    "loudness_ebu128": {
        "integrated": -13.502497673,
        "loudness_range": 5.57701301575,
        "momentary": {
            "mean": -17.0548744202,
            "stdev": 20.3705329895
        },
        "short_term": {
            "mean": -15.5109701157,
            "stdev": 7.6656165123
        }
    },
    "melbands_crest": {
        "mean": 14.3057451248,
        "stdev": 5.47397947311
    },
    "melbands_flatness_db": {
        "mean": 0.221862256527,
        "stdev": 0.0798113122582
    },
    "melbands_kurtosis": {
        "mean": 26.4457149506,
        "stdev": 40.9371299744
    },
    "melbands_skewness": {
        "mean": 3.35805749893,
        "stdev": 2.31927275658
    },
    "melbands_spread": {
        "mean": 19.6281909943,
        "stdev": 18.4987335205
    },
    "pitch_salience": {
        "mean": 0.550347626209,
        "stdev": 0.107005633414
    },
    "silence_rate_20dB": {
        "mean": 1,
        "stdev": 0
    },
    "silence_rate_30dB": {
        "mean": 0.99984151125,
        "stdev": 0.0125878835097
    },
    "silence_rate_60dB": {
        "mean": 0.0863052755594,
        "stdev": 0.280810654163
    },
    "spectral_centroid": {
        "mean": 1167.14880371,
        "stdev": 998.956054688
    },
    "spectral_complexity": {
        "mean": 16.1765727997,
        "stdev": 10.3466892242
    },
    "spectral_decrease": {
        "mean": -6.96862256788e-09,
        "stdev": 4.65406202466e-09
    },
    "spectral_energy": {
        "mean": 0.0282438509166,
        "stdev": 0.0186812803149
    },
    "spectral_energyband_high": {
        "mean": 0.000931030546781,
        "stdev": 0.00164370622952
    },
    "spectral_energyband_low": {
        "mean": 0.00992659572512,
        "stdev": 0.0114230848849
    },
    "spectral_energyband_middle_high": {
        "mean": 0.00621343404055,
        "stdev": 0.00920194387436
    },
    "spectral_energyband_middle_low": {
        "mean": 0.012957171537,
        "stdev": 0.010758834891
    },
    "spectral_entropy": {
        "mean": 7.45941543579,
        "stdev": 0.571551203728
    },
    "spectral_flux": {
        "mean": 0.0739765912294,
        "stdev": 0.0472981929779
    },
    "spectral_kurtosis": {
        "mean": 4.5168967247,
        "stdev": 3.77052497864
    },
    "spectral_rms": {
        "mean": 0.00487757800147,
        "stdev": 0.00194019638002
    },
    "spectral_rolloff": {
        "mean": 1308.56359863,
        "stdev": 2098.20410156
    },
    "spectral_skewness": {
        "mean": 1.65808069706,
        "stdev": 0.56095790863
    },
    "spectral_spread": {
        "mean": 5728516,
        "stdev": 3495377.75
    },
    "spectral_strongpeak": {
        "mean": 0.988839030266,
        "stdev": 1.4355019331
    },
    "zerocrossingrate": {
        "mean": 0.0612677261233,
        "stdev": 0.0533419623971
    },
    "barkbands": {
        "mean": [0.000345921784174, 0.00525945611298, 0.00286467676051, 0.00266780727543, 0.00521739572287, 0.00106275407597, 0.000851025222801, 0.00166339729913, 0.000959770637564, 0.00133362330962, 0.00130257767159, 0.000988110899925, 0.000602980726399, 0.000482900970383, 0.000414757116232, 0.000209807447391, 0.00034394004615, 0.000297776859952, 0.00026950170286, 0.000279417290585, 0.000135708789458, 0.000132083092467, 0.000161871153978, 0.000146551290527, 0.000151585743879, 9.64819046203e-05, 2.1439577722e-06],
        "stdev": [0.000657188473269, 0.00791849661618, 0.00482681253925, 0.00456464104354, 0.00681761978194, 0.00133175414521, 0.00146906147711, 0.00429053790867, 0.00233577517793, 0.00345954461955, 0.00363453081809, 0.00288287410513, 0.00200638128445, 0.00170614232775, 0.00129152205773, 0.000475364242448, 0.000768665224314, 0.000480903516291, 0.000443958881078, 0.00049102754565, 0.000238641994656, 0.000212156533962, 0.000343223277014, 0.000561127497349, 0.000431868858868, 0.000199122572667, 5.48173511561e-06]
    },
    "erbbands": {
        "mean": [0.196374028921, 1.02141487598, 2.82402777672, 7.14494562149, 13.6503362656, 18.5396842957, 11.4729614258, 8.25669574738, 10.1171503067, 19.3330173492, 39.9423408508, 24.158996582, 34.2655944824, 49.2227706909, 52.6719932556, 38.1336593628, 28.8581047058, 29.5386657715, 22.2778320312, 14.5067672729, 13.3158035278, 17.2269058228, 18.7981891632, 12.8014192581, 15.3852844238, 12.9419231415, 6.56424617767, 5.01589393616, 4.80598974228, 3.8732612133, 4.6692814827, 3.70948529243, 2.26013827324, 1.76016438007, 1.06385421753, 0.562100827694, 0.142440885305, 0.0157905388623, 0.000360331614502, 4.84053780383e-05],
        "stdev": [0.349888890982, 1.41010391712, 4.3946723938, 11.7800302505, 20.688035965, 26.4316215515, 16.6756210327, 10.4077272415, 13.7705907822, 36.7957878113, 112.409423828, 54.0752296448, 103.894126892, 113.078521729, 170.135925293, 99.1826019287, 89.2763900757, 93.8571090698, 69.9785919189, 31.8572025299, 28.0063781738, 36.2538795471, 30.6778049469, 20.0218982697, 26.1876163483, 23.6648693085, 11.2689828873, 8.3119134903, 7.65947580338, 8.22095680237, 10.4067707062, 12.1541976929, 9.08447170258, 5.72117710114, 2.66238832474, 1.21271920204, 0.307004660368, 0.0330595858395, 0.000724782643374, 4.21954209742e-05]
    },
    "gfcc": {
        "mean": [-19.8335514069, 88.6918029785, -91.9824447632, 32.7748794556, -54.9393386841, 17.2358036041, -36.6792106628, 11.1885042191, -32.0021934509, 1.08080589771, -18.2445755005, 4.4945602417, -14.7637262344],
        "cov": [[24783.3066406, -1135.89099121, -1226.94946289, 1040.15563965, -809.34161377, 1041.12756348, -192.444366455, 907.452819824, -479.673370361, 472.238342285, -305.977539062, 288.903533936, -340.579498291], [-1135.89099121, 1143.73291016, -275.124908447, -122.421943665, 117.114822388, -240.34211731, 115.34992218, -163.79776001, 30.8173389435, -149.990844727, 71.613861084, -79.2901306152, 36.7408485413], [-1226.94946289, -275.124908447, 1293.72631836, 258.32043457, 97.9484100342, 194.780639648, -158.599990845, -11.207274437, -4.9556722641, 6.45820379257, -24.6138591766, 35.5805130005, 35.047454834], [1040.15563965, -122.421943665, 258.32043457, 435.296295166, 74.7183074951, 76.3707427979, -58.8245582581, 53.6319999695, 32.9367675781, 41.8872337341, -15.3677034378, 14.567741394, 33.770275116], [-809.34161377, 117.114822388, 97.9484100342, 74.7183074951, 274.886413574, -11.4191579819, -28.8730506897, -11.9316930771, 57.5081443787, 5.29376888275, 1.52897644043, -32.4794120789, 20.8112812042], [1041.12756348, -240.34211731, 194.780639648, 76.3707427979, -11.4191579819, 285.457885742, 41.5345497131, 76.6334075928, -23.9011306763, 67.9265975952, -4.04319238663, 27.8497200012, -17.9079265594], [-192.444366455, 115.34992218, -158.599990845, -58.8245582581, -28.8730506897, 41.5345497131, 249.684951782, 36.522983551, 6.83277606964, -2.32567691803, 40.9830665588, 1.97767674923, -4.02318191528], [907.452819824, -163.79776001, -11.207274437, 53.6319999695, -11.9316930771, 76.6334075928, 36.522983551, 174.933776855, 35.2122306824, 43.3197441101, -15.5938653946, 20.0662231445, -10.0708551407], [-479.673370361, 30.8173389435, -4.9556722641, 32.9367675781, 57.5081443787, -23.9011306763, 6.83277606964, 35.2122306824, 127.853736877, 34.9525871277, 1.25059139729, -5.3069896698, 16.2392845154], [472.238342285, -149.990844727, 6.45820379257, 41.8872337341, 5.29376888275, 67.9265975952, -2.32567691803, 43.3197441101, 34.9525871277, 113.137588501, 10.8133554459, 6.11519670486, -5.23325157166], [-305.977539062, 71.613861084, -24.6138591766, -15.3677034378, 1.52897644043, -4.04319238663, 40.9830665588, -15.5938653946, 1.25059139729, 10.8133554459, 84.1278762817, 14.1061820984, -2.65757918358], [288.903533936, -79.2901306152, 35.5805130005, 14.567741394, -32.4794120789, 27.8497200012, 1.97767674923, 20.0662231445, -5.3069896698, 6.11519670486, 14.1061820984, 83.8036270142, 14.1312294006], [-340.579498291, 36.7408485413, 35.047454834, 33.770275116, 20.8112812042, -17.9079265594, -4.02318191528, -10.0708551407, 16.2392845154, -5.23325157166, -2.65757918358, 14.1312294006, 81.6944198608]],
        "icov": [[0.000203896241146, -0.00036802541581, 0.000374305760488, -0.000613578304183, 0.000455607572803, -0.000589046103414, 0.000539009226486, -0.00082948745694, 0.00100504711736, -0.000793075188994, 0.000821342749987, -0.000676696014125, 0.000680890167132], [-0.00036802541581, 0.00238853972405, -0.00047105550766, 0.00109334057197, -0.00135902652983, 0.0015466066543, -0.00169093080331, 0.0024302888196, -0.00250051612966, 0.00332636712119, -0.0027698695194, 0.00231393170543, -0.00173703138717], [0.000374305760488, -0.00047105550766, 0.00184736330993, -0.00154699967243, 0.000569450727198, -0.00209393072873, 0.00166282895952, -0.00103890139144, 0.00149614806287, -0.000519489287399, 0.00120622699615, -0.00134940317366, 0.000910989183467], [-0.000613578304183, 0.00109334057197, -0.00154699967243, 0.00487365573645, -0.00192436773796, 0.00143080449197, -0.00108093034942, 0.00164028420113, -0.00313796219416, 0.00182356906589, -0.00240737502463, 0.00197140406817, -0.00312655209564], [0.000455607572803, -0.00135902652983, 0.000569450727198, -0.00192436773796, 0.00583844073117, -0.00175433896948, 0.00185548036825, -0.00170382845681, 0.000331797637045, -0.00176158617251, 0.00143510790076, 0.000201740345801, 0.000904235988855], [-0.000589046103414, 0.0015466066543, -0.00209393072873, 0.00143080449197, -0.00175433896948, 0.00825412943959, -0.00366679998115, 0.000996991526335, -0.000313201220706, -0.00109050946776, -0.001463242108, 0.00101293914486, -0.000876230595168], [0.000539009226486, -0.00169093080331, 0.00166282895952, -0.00108093034942, 0.00185548036825, -0.00366679998115, 0.00742809148505, -0.00376774556935, 0.0019560768269, -0.000914269301575, -0.00050940271467, -0.00122300919611, 0.00111349718645], [-0.00082948745694, 0.0024302888196, -0.00103890139144, 0.00164028420113, -0.00170382845681, 0.000996991526335, -0.00376774556935, 0.0122457174584, -0.00693566165864, 0.00299157574773, -0.00145680306014, 0.00132278853562, -0.0015126883518], [0.00100504711736, -0.00250051612966, 0.00149614806287, -0.00313796219416, 0.000331797637045, -0.000313201220706, 0.0019560768269, -0.00693566165864, 0.0166497565806, -0.00890024378896, 0.0049387733452, -0.00352935586125, 0.00194937223569], [-0.000793075188994, 0.00332636712119, -0.000519489287399, 0.00182356906589, -0.00176158617251, -0.00109050946776, -0.000914269301575, 0.00299157574773, -0.00890024378896, 0.0185860805213, -0.00767969992012, 0.00463000359014, -0.0028906580992], [0.000821342749987, -0.0027698695194, 0.00120622699615, -0.00240737502463, 0.00143510790076, -0.001463242108, -0.00050940271467, -0.00145680306014, 0.0049387733452, -0.00767969992012, 0.0193135309964, -0.00730867264792, 0.00467531895265], [-0.000676696014125, 0.00231393170543, -0.00134940317366, 0.00197140406817, 0.000201740345801, 0.00101293914486, -0.00122300919611, 0.00132278853562, -0.00352935586125, 0.00463000359014, -0.00730867264792, 0.0178447254002, -0.00615061586723], [0.000680890167132, -0.00173703138717, 0.000910989183467, -0.00312655209564, 0.000904235988855, -0.000876230595168, 0.00111349718645, -0.0015126883518, 0.00194937223569, -0.0028906580992, 0.00467531895265, -0.00615061586723, 0.0168514158577]]
    },
    "melbands": {
        "mean": [0.00158702232875, 0.00143974681851, 0.0013852128759, 0.0012446831679, 0.000477227498777, 0.000184392061783, 0.000165665027453, 0.000228795397561, 0.000326288922224, 0.000137568364153, 0.000167577061802, 0.000192348219571, 0.000168448867043, 0.00012783598504, 7.30326501071e-05, 6.19498969172e-05, 5.3833835409e-05, 3.2662472222e-05, 2.88705668936e-05, 1.62565993378e-05, 1.55818142957e-05, 1.75971308636e-05, 2.02539231395e-05, 1.34876754601e-05, 9.81538869382e-06, 9.94805577648e-06, 1.19984842968e-05, 7.64495325711e-06, 4.19250136474e-06, 3.39519442605e-06, 2.75387606052e-06, 2.93396897177e-06, 2.15077284338e-06, 2.07987000067e-06, 2.45027672463e-06, 3.18950128531e-06, 1.93530263459e-06, 1.52955431076e-06, 1.55145028202e-06, 1.47173113874e-06],
        "stdev": [0.00257334928028, 0.0018957706634, 0.00199439795688, 0.00174249941483, 0.000655881827697, 0.000226713513257, 0.000245146715315, 0.000461339135654, 0.00092657719506, 0.000319300830597, 0.000525217852555, 0.000459784205304, 0.000478512200061, 0.000389468652429, 0.000198851339519, 0.000210365426028, 0.000183961965377, 0.000104249222204, 8.12132857391e-05, 3.62483078789e-05, 3.48460634996e-05, 4.01499019063e-05, 4.13840025431e-05, 2.14108440559e-05, 1.68779060914e-05, 1.83488500625e-05, 2.16351763811e-05, 1.48312046804e-05, 7.51218522055e-06, 6.70344570608e-06, 4.87438046548e-06, 4.72683541375e-06, 4.00532871936e-06, 4.79868003822e-06, 5.76845695832e-06, 7.60553939472e-06, 8.05470062915e-06, 6.46451098874e-06, 6.08740538155e-06, 4.80183189211e-06]
    },
    "melbands128": {
        "mean": [0.000332359777531, 0.00166251475457, 0.00211177300662, 0.00147949787788, 0.00129034067504, 0.00147611962166, 0.00148816383444, 0.0012551730033, 0.00138166884426, 0.0014403925743, 0.0012066179188, 0.000589456467424, 0.000395450071665, 0.000216112472117, 0.000189526253962, 0.000166039928445, 0.000129722917336, 0.000160823721671, 0.000243033471634, 0.000186155069969, 0.000264559726929, 0.000281855522189, 0.000459507573396, 0.000208396682865, 0.000117115458124, 0.000135416703415, 0.000101788304164, 0.000243793430855, 0.000119265234389, 0.000178882415639, 0.000234184888541, 0.000192458290257, 9.8352546047e-05, 0.000247885880526, 0.000147037397255, 8.64973189891e-05, 0.000116315823107, 5.96765348746e-05, 6.47169581498e-05, 5.74600380787e-05, 7.01826720615e-05, 5.5854110542e-05, 5.7573459344e-05, 5.93363147345e-05, 1.79659964488e-05, 2.5586632546e-05, 5.38510430488e-05, 3.18628553941e-05, 1.92293482542e-05, 1.13244723252e-05, 1.86128982023e-05, 1.9057712052e-05, 1.05242943391e-05, 1.46160818986e-05, 2.56540006376e-05, 1.34930996865e-05, 1.44012547025e-05, 2.53278176388e-05, 1.87098885363e-05, 1.93243267859e-05, 1.36775761348e-05, 7.69305006543e-06, 1.30933367473e-05, 9.53214475885e-06, 6.54359155305e-06, 9.11746701604e-06, 1.33286876007e-05, 1.13492078526e-05, 1.25244487208e-05, 1.17260105981e-05, 7.12454766472e-06, 6.77855905451e-06, 4.24679456046e-06, 4.1129865167e-06, 2.89145418719e-06, 4.5023034545e-06, 2.87590751213e-06, 2.54918768405e-06, 2.64629920821e-06, 3.02550824927e-06, 3.17096260005e-06, 2.95452105092e-06, 2.2341487238e-06, 1.93363621293e-06, 2.18488366954e-06, 2.2538772555e-06, 1.86343856967e-06, 2.14350666283e-06, 2.37936933445e-06, 2.72135639534e-06, 3.27556699631e-06, 3.91021239921e-06, 1.98117459149e-06, 1.85612839232e-06, 1.8937423647e-06, 1.57552142355e-06, 1.38031111874e-06, 1.54543408826e-06, 1.65451740486e-06, 1.42567671446e-06, 1.58196473876e-06, 1.49580876041e-06, 1.36012272378e-06, 1.20135462112e-06, 1.12342263492e-06, 1.18687182749e-06, 1.10881580895e-06, 1.40085410294e-06, 1.18154230222e-06, 5.64186791507e-07, 4.85073542222e-07, 5.31878356469e-07, 4.28815695841e-07, 4.50718601996e-07, 1.95542824599e-07, 1.52162783706e-07, 8.30272739449e-08, 8.24883450434e-09, 4.35727365647e-12, 4.00068519979e-12, 3.87620881573e-12, 3.77772899768e-12, 3.68237168188e-12, 3.60815544109e-12, 3.54845449899e-12, 3.50680357149e-12, 3.47541721964e-12, 3.44938574232e-12],
        "stdev": [0.000634420721326, 0.00317108933814, 0.00359386159107, 0.00203346880153, 0.0021135979332, 0.00252861948684, 0.00278988713399, 0.00210174056701, 0.00261667580344, 0.00272152642719, 0.00218791910447, 0.00115082645789, 0.0006966527435, 0.000406091945479, 0.000319679907989, 0.000254830752965, 0.000262834248133, 0.000297223014059, 0.000597936625127, 0.000427942548413, 0.000859883090016, 0.000878663675394, 0.00160051020794, 0.000788024743088, 0.000403873593314, 0.000435687892605, 0.000325993984006, 0.000989149557427, 0.000431035237852, 0.000609905691817, 0.000642414030153, 0.000660944031551, 0.000365947053069, 0.00117955484893, 0.000748075835872, 0.00034221317037, 0.000415213464294, 0.000218035289436, 0.000338760612067, 0.000285462563625, 0.000312448188197, 0.000295310630463, 0.000254075479461, 0.00027587742079, 7.17442308087e-05, 9.90194239421e-05, 0.000264973932644, 0.000107522762846, 6.88944346621e-05, 3.63176186511e-05, 5.15356259712e-05, 5.45008297195e-05, 3.61054080713e-05, 4.54569672002e-05, 7.66500306781e-05, 4.4649328629e-05, 4.39157629444e-05, 6.97728610248e-05, 4.64576369268e-05, 3.9937611291e-05, 2.90639036393e-05, 1.66045283549e-05, 2.93002649414e-05, 1.89545244211e-05, 1.39608964673e-05, 2.07925495488e-05, 2.99743060168e-05, 2.64154296019e-05, 2.83500412479e-05, 3.10457944579e-05, 1.80932547664e-05, 1.60027866514e-05, 8.81088362803e-06, 9.98763971438e-06, 7.37541904527e-06, 1.1875200471e-05, 6.46758780931e-06, 5.48342950424e-06, 5.96913287154e-06, 5.75436297368e-06, 5.84154622629e-06, 5.52205892745e-06, 4.42819191449e-06, 3.87066893381e-06, 5.0731346164e-06, 6.14192549619e-06, 4.7495882427e-06, 4.84983274873e-06, 6.88333057042e-06, 6.56375368635e-06, 7.80190657679e-06, 9.22715025808e-06, 8.36415438243e-06, 9.35157368076e-06, 8.96988967725e-06, 7.45282977732e-06, 5.8869750319e-06, 8.78095488588e-06, 6.94437403581e-06, 5.52710753254e-06, 5.57450221095e-06, 5.24347524333e-06, 4.22380571763e-06, 3.33719731316e-06, 2.9882266972e-06, 3.20388699038e-06, 2.77924050351e-06, 3.49160836777e-06, 2.6838552003e-06, 1.3560146499e-06, 1.21112259421e-06, 1.30262105813e-06, 1.01668763364e-06, 1.09520271963e-06, 4.75791068766e-07, 3.39381301728e-07, 2.13033942487e-07, 2.66964992335e-08, 6.89144444635e-12, 6.45416706191e-12, 6.26298275394e-12, 6.10241588164e-12, 5.96492560206e-12, 5.85006045342e-12, 5.75522528939e-12, 5.68201735662e-12, 5.62775173685e-12, 5.5942819821e-12]
    },
    "mfcc": {
        "mean": [-663.15032959, 119.567939758, 18.2240753174, 23.6342525482, 6.53540706635, 6.15591621399, 5.53014373779, 7.94257593155, -4.51605367661, -0.132739260793, -3.21711730957, -3.75444746017, -1.00493693352],
        "cov": [[12906.1669922, -120.162918091, -631.208190918, -13.2359104156, -295.118286133, 142.153121948, 283.130645752, 390.077545166, 151.922332764, 365.778503418, 180.566833496, 172.688568115, 50.933921814], [-120.162918091, 1150.90222168, -163.445114136, 79.4728317261, -34.683139801, -25.521364212, 27.3683319092, 23.3108558655, -72.5261764526, -51.0610237122, -25.8336372375, -49.8170623779, 3.03408813477], [-631.208190918, -163.445114136, 1002.93585205, 95.2013549805, 252.995803833, 126.642585754, 27.2087783813, 0.677612245083, 19.6664028168, -43.2196388245, -41.8120727539, -9.90719985962, -4.95398902893], [-13.2359104156, 79.4728317261, 95.2013549805, 333.917602539, 143.901565552, 19.7444515228, -27.5434951782, -0.835442304611, 40.4574012756, 3.24627757072, -21.1930351257, 11.5091695786, 8.17225837708], [-295.118286133, -34.683139801, 252.995803833, 143.901565552, 398.241821289, 59.1222572327, -54.5250244141, -45.1100196838, 36.9706535339, 19.4189987183, -19.4364147186, -7.67176914215, -12.3262252808], [142.153121948, -25.521364212, 126.642585754, 19.7444515228, 59.1222572327, 172.100463867, 58.7925109863, 6.68030834198, 10.3786392212, 24.6595687866, 16.6598491669, 4.90590810776, -6.73407173157], [283.130645752, 27.3683319092, 27.2087783813, -27.5434951782, -54.5250244141, 58.7925109863, 164.527297974, 52.9733085632, -7.65960073471, 22.3724384308, 23.5153617859, 0.205540463328, 2.9548227787], [390.077545166, 23.3108558655, 0.677612245083, -0.835442304611, -45.1100196838, 6.68030834198, 52.9733085632, 138.096221924, 24.8363227844, 18.3519229889, 13.4090919495, 11.8134555817, 19.6892280579], [151.922332764, -72.5261764526, 19.6664028168, 40.4574012756, 36.9706535339, 10.3786392212, -7.65960073471, 24.8363227844, 127.013710022, 49.2810440063, -5.53652763367, 17.6953372955, 13.6112451553], [365.778503418, -51.0610237122, -43.2196388245, 3.24627757072, 19.4189987183, 24.6595687866, 22.3724384308, 18.3519229889, 49.2810440063, 126.255149841, 44.7457504272, 10.3225393295, 3.72533965111], [180.566833496, -25.8336372375, -41.8120727539, -21.1930351257, -19.4364147186, 16.6598491669, 23.5153617859, 13.4090919495, -5.53652763367, 44.7457504272, 93.5545806885, 23.3889503479, -4.96225118637], [172.688568115, -49.8170623779, -9.90719985962, 11.5091695786, -7.67176914215, 4.90590810776, 0.205540463328, 11.8134555817, 17.6953372955, 10.3225393295, 23.3889503479, 89.1432418823, 29.3127841949], [50.933921814, 3.03408813477, -4.95398902893, 8.17225837708, -12.3262252808, -6.73407173157, 2.9548227787, 19.6892280579, 13.6112451553, 3.72533965111, -4.96225118637, 29.3127841949, 74.1369857788]],
        "icov": [[9.67438245425e-05, 1.14082422442e-05, 5.78736144234e-05, -2.49980985245e-05, 3.36238335876e-05, -7.08166189725e-05, -5.18581036886e-05, -0.000218347631744, 2.83950339508e-05, -0.000224421397434, 5.09127821715e-05, -0.000150913503603, 6.80447119521e-05], [1.14082422442e-05, 0.00101495510899, 0.000232141523156, -0.000390782777686, -3.03807100863e-05, 1.00055558505e-05, -0.000235916872043, -0.00028729470796, 0.000559600419365, 0.000251367629971, 0.000125580962049, 0.000562066037674, -0.000238425767748], [5.78736144234e-05, 0.000232141523156, 0.00144199747592, -7.76822125772e-05, -0.000828652351629, -0.000763409421779, -0.000408694701036, -0.000404751568567, -4.79154696222e-05, 0.000726537837181, 0.000332318682922, 7.15803907951e-05, -6.1444574385e-05], [-2.49980985245e-05, -0.000390782777686, -7.76822125772e-05, 0.00385981542058, -0.00128638325259, -8.23427326395e-05, 0.000294691533782, -0.000203958188649, -0.000933356233872, 0.000233002036111, 0.000481889932416, -0.000687888998073, -0.000112544752483], [3.36238335876e-05, -3.03807100863e-05, -0.000828652351629, -0.00128638325259, 0.0040870285593, -0.00102759571746, 0.00140895869117, 0.000853142002597, -0.000311413197778, -0.00118941825349, 0.000325930013787, 0.000265799986664, 0.000401683792006], [-7.08166189725e-05, 1.00055558505e-05, -0.000763409421779, -8.23427326395e-05, -0.00102759571746, 0.00803158432245, -0.00306186894886, 0.000799586239737, -0.000254925776972, -0.000646798231173, -0.000763480376918, -0.000460148672573, 0.00068480806658], [-5.18581036886e-05, -0.000235916872043, -0.000408694701036, 0.000294691533782, 0.00140895869117, -0.00306186894886, 0.00906815379858, -0.00270059518516, 0.00117480556946, -0.00119757291395, -0.000661840836983, 0.000642444007099, -0.000156398804393], [-0.000218347631744, -0.00028729470796, -0.000404751568567, -0.000203958188649, 0.000853142002597, 0.000799586239737, -0.00270059518516, 0.00988729391247, -0.00223372108303, 0.000434024259448, -0.00110474252142, 0.000292669632472, -0.00194791320246], [2.83950339508e-05, 0.000559600419365, -4.79154696222e-05, -0.000933356233872, -0.000311413197778, -0.000254925776972, 0.00117480556946, -0.00223372108303, 0.0115553755313, -0.00522119970992, 0.00349088641815, -0.00182880426291, -0.000373666931409], [-0.000224421397434, 0.000251367629971, 0.000726537837181, 0.000233002036111, -0.00118941825349, -0.000646798231173, -0.00119757291395, 0.000434024259448, -0.00522119970992, 0.0135313859209, -0.00635212659836, 0.00200053676963, -0.00109479285311], [5.09127821715e-05, 0.000125580962049, 0.000332318682922, 0.000481889932416, 0.000325930013787, -0.000763480376918, -0.000661840836983, -0.00110474252142, 0.00349088641815, -0.00635212659836, 0.0160573199391, -0.00497778784484, 0.00295478780754], [-0.000150913503603, 0.000562066037674, 7.15803907951e-05, -0.000687888998073, 0.000265799986664, -0.000460148672573, 0.000642444007099, 0.000292669632472, -0.00182880426291, 0.00200053676963, -0.00497778784484, 0.0153782218695, -0.00611793901771], [6.80447119521e-05, -0.000238425767748, -6.1444574385e-05, -0.000112544752483, 0.000401683792006, 0.00068480806658, -0.000156398804393, -0.00194791320246, -0.000373666931409, -0.00109479285311, 0.00295478780754, -0.00611793901771, 0.0168527439237]]
    },
    "spectral_contrast_coeffs": {
        "mean": [-0.710139274597, -0.742801368237, -0.74604421854, -0.7822458148, -0.77868360281, -0.78739118576],
        "stdev": [0.0790804624557, 0.0688653290272, 0.0766443014145, 0.0578384920955, 0.0488057248294, 0.0472264885902]
    },
    "spectral_contrast_valleys": {
        "mean": [-6.64066171646, -7.2068567276, -7.84784317017, -8.33253383636, -8.16502857208, -10.3685970306],
        "stdev": [2.06468439102, 1.96217644215, 1.97864508629, 1.97489881516, 2.05944013596, 2.02562451363]
    }
},
"rhythm": {
    "beats_count": 702,
    "beats_loudness": {
        "mean": 0.0342641696334,
        "stdev": 0.0186396241188
    },
    "bpm": 144.351791382,
    "bpm_histogram_first_peak_bpm": 144,
    "bpm_histogram_first_peak_weight": 0.209160327911,
    "bpm_histogram_second_peak_bpm": 161,
    "bpm_histogram_second_peak_spread": 0.368421018124,
    "bpm_histogram_second_peak_weight": 0.0171184018254,
    "danceability": 1.16374373436,
    "onset_rate": 3.79892277718,
    "beats_loudness_band_ratio": {
        "mean": [0.499294102192, 0.212589144707, 0.11672449857, 0.119539134204, 0.0511226430535, 0.0605081096292],
        "stdev": [0.278319388628, 0.185409799218, 0.121991232038, 0.148962333798, 0.0666405782104, 0.0645739659667]
    },
    "beats_position": [0.371519267559, 0.754648506641, 1.14938771725, 1.54412698746, 1.95047616959, 2.36843538284, 2.7863945961, 3.20435357094, 3.62231278419, 4.02866220474, 4.43501138687, 4.85297060013, 5.27092981339, 5.6888885498, 6.10684776306, 6.52480697632, 6.9543762207, 7.36072540283, 7.77868461609, 8.19664382935, 8.6146030426, 9.03256225586, 9.43891143799, 9.85687065125, 10.2748298645, 10.6927890778, 11.110748291, 11.5170974731, 11.9350566864, 12.3414058685, 12.7477550507, 13.1657142639, 13.5836734772, 14.0016326904, 14.4079818726, 14.8259410858, 15.2322902679, 15.6502494812, 16.0682086945, 16.4861679077, 16.904127121, 17.3220863342, 17.7400455475, 18.1580047607, 18.575963974, 18.9939231873, 19.4002723694, 19.8066215515, 20.2245807648, 20.642539978, 21.0604991913, 21.4784584045, 21.8964176178, 22.3143768311, 22.7207260132, 23.1386852264, 23.5566444397, 23.9629936218, 24.3809528351, 24.7989120483, 25.2168693542, 25.6348285675, 26.0527877808, 26.470746994, 26.8887062073, 27.3066654205, 27.7246246338, 28.1309738159, 28.537322998, 28.9552822113, 29.3732414246, 29.7912006378, 30.2091598511, 30.6271190643, 31.0450782776, 31.4630374908, 31.869386673, 32.2873458862, 32.6936950684, 33.111656189, 33.5296134949, 33.9475746155, 34.3655319214, 34.783493042, 35.2014503479, 35.60779953, 36.0141487122, 36.4321098328, 36.8500671387, 37.2680282593, 37.6859855652, 38.1039466858, 38.5219039917, 38.9398651123, 39.3578224182, 39.7757797241, 40.1821289062, 40.5884780884, 41.006439209, 41.4243965149, 41.8423576355, 42.2603149414, 42.678276062, 43.0962333679, 43.5141944885, 43.9437637329, 44.350112915, 44.7680702209, 45.1744194031, 45.5923805237, 45.9987297058, 46.4166870117, 46.8346481323, 47.2526054382, 47.6705665588, 48.0885238647, 48.5064849854, 48.9244422913, 49.3307914734, 49.748752594, 50.1551017761, 50.573059082, 50.9910202026, 51.4089775085, 51.8269386292, 52.2448959351, 52.6628570557, 53.0808143616, 53.4987754822, 53.9051246643, 54.3114738464, 54.7178230286, 55.1473922729, 55.5653495789, 55.9833106995, 56.4012680054, 56.819229126, 57.2371864319, 57.6551475525, 58.0614967346, 58.4678459167, 58.8858032227, 59.3037643433, 59.7217216492, 60.1396827698, 60.5576400757, 60.9756011963, 61.3935585022, 61.7999076843, 62.2062568665, 62.6242179871, 63.042175293, 63.4601364136, 63.8780937195, 64.2960510254, 64.714012146, 65.1319732666, 65.5499343872, 65.9678878784, 66.3742370605, 66.7805862427, 67.1985473633, 67.6165084839, 68.0344696045, 68.4524230957, 68.8703842163, 69.2883453369, 69.7062988281, 70.1242599487, 70.5422210693, 70.9601821899, 71.3665313721, 71.7728805542, 72.1908340454, 72.608795166, 73.0267562866, 73.4447174072, 73.8626708984, 74.2690200806, 74.6869812012, 75.0933303833, 75.5112915039, 75.9292526245, 76.3472061157, 76.7651672363, 77.1831283569, 77.6010894775, 78.0190429688, 78.4253921509, 78.8433532715, 79.2497024536, 79.6676635742, 80.0856246948, 80.503578186, 80.9215393066, 81.3395004272, 81.7574615479, 82.1754150391, 82.5817642212, 82.9997253418, 83.4176864624, 83.835647583, 84.2536010742, 84.6715621948, 85.077911377, 85.4958724976, 85.9138336182, 86.3317871094, 86.74974823, 87.1677093506, 87.5856704712, 87.9920196533, 88.3983688354, 88.8163223267, 89.2342834473, 89.6522445679, 90.0702056885, 90.4881591797, 90.9061203003, 91.3240814209, 91.7420425415, 92.1599960327, 92.5663452148, 92.9843063354, 93.3906555176, 93.8086166382, 94.2265777588, 94.64453125, 95.0624923706, 95.4804534912, 95.8984146118, 96.316368103, 96.7343292236, 97.1406784058, 97.5470275879, 97.9649887085, 98.3829498291, 98.8009033203, 99.2188644409, 99.6368255615, 100.054779053, 100.472740173, 100.890701294, 101.308662415, 101.715011597, 102.132965088, 102.53931427, 102.957275391, 103.375236511, 103.793197632, 104.211151123, 104.629112244, 105.047073364, 105.465034485, 105.882987976, 106.300949097, 106.707298279, 107.125259399, 107.531608582, 107.949569702, 108.367523193, 108.785484314, 109.203445435, 109.621406555, 110.027755737, 110.434104919, 110.852058411, 111.270019531, 111.687980652, 112.105941772, 112.523895264, 112.941856384, 113.359817505, 113.777778625, 114.195732117, 114.602081299, 115.008430481, 115.426391602, 115.844352722, 116.262313843, 116.680267334, 117.098228455, 117.516189575, 117.922538757, 118.328887939, 118.74684906, 119.164802551, 119.582763672, 120.000724792, 120.418685913, 120.836639404, 121.254600525, 121.672561646, 122.090522766, 122.508476257, 122.926437378, 123.33278656, 123.739135742, 124.157096863, 124.575057983, 124.993011475, 125.410972595, 125.828933716, 126.246894836, 126.664848328, 127.082809448, 127.500770569, 127.907119751, 128.313461304, 128.731430054, 129.149383545, 129.567337036, 129.985305786, 130.403259277, 130.821228027, 131.239181519, 131.65713501, 132.063491821, 132.469833374, 132.887802124, 133.305755615, 133.723709106, 134.141677856, 134.559631348, 134.977600098, 135.395553589, 135.81350708, 136.23147583, 136.637817383, 137.055786133, 137.462127686, 137.880081177, 138.298049927, 138.716003418, 139.133972168, 139.551925659, 139.96987915, 140.3878479, 140.794189453, 141.200546265, 141.618499756, 142.036453247, 142.454421997, 142.872375488, 143.290344238, 143.708297729, 144.126251221, 144.544219971, 144.950561523, 145.356918335, 145.774871826, 146.192825317, 146.610794067, 147.028747559, 147.446716309, 147.8646698, 148.282623291, 148.700592041, 149.118545532, 149.524902344, 149.931243896, 150.349197388, 150.767166138, 151.185119629, 151.603088379, 152.02104187, 152.438995361, 152.856964111, 153.274917603, 153.692871094, 154.110839844, 154.517181396, 154.923538208, 155.341491699, 155.759460449, 156.17741394, 156.595367432, 157.013336182, 157.431289673, 157.849243164, 158.255599976, 158.673553467, 159.079910278, 159.49786377, 159.915817261, 160.333786011, 160.751739502, 161.169708252, 161.587661743, 161.994003296, 162.400360107, 162.818313599, 163.236282349, 163.65423584, 164.072189331, 164.490158081, 164.908111572, 165.326080322, 165.732421875, 166.138778687, 166.556732178, 166.974685669, 167.392654419, 167.81060791, 168.228561401, 168.646530151, 169.064483643, 169.482452393, 169.900405884, 170.318359375, 170.736328125, 171.154281616, 171.560638428, 171.978591919, 172.384933472, 172.802902222, 173.220855713, 173.638824463, 174.056777954, 174.474731445, 174.881088257, 175.28742981, 175.70539856, 176.123352051, 176.541305542, 176.959274292, 177.377227783, 177.795196533, 178.213150024, 178.631103516, 179.049072266, 179.467025757, 179.884979248, 180.302947998, 180.709289551, 181.127258301, 181.533599854, 181.951568604, 182.369522095, 182.787475586, 183.193832397, 183.60017395, 184.0181427, 184.436096191, 184.854049683, 185.272018433, 185.689971924, 186.107940674, 186.525894165, 186.943847656, 187.361816406, 187.768157959, 188.174514771, 188.592468262, 189.010421753, 189.428390503, 189.846343994, 190.264297485, 190.682266235, 191.100219727, 191.518188477, 191.924530029, 192.330886841, 192.748840332, 193.166793823, 193.584762573, 194.002716064, 194.420669556, 194.838638306, 195.256591797, 195.662948608, 196.069290161, 196.487258911, 196.905212402, 197.323165894, 197.741134644, 198.159088135, 198.577041626, 198.995010376, 199.412963867, 199.830932617, 200.248886108, 200.6668396, 201.073196411, 201.479537964, 201.897506714, 202.315460205, 202.733413696, 203.151382446, 203.569335938, 203.987304688, 204.405258179, 204.82321167, 205.229568481, 205.635910034, 206.053878784, 206.471832275, 206.889785767, 207.307754517, 207.725708008, 208.143676758, 208.561630249, 208.97958374, 209.39755249, 209.803894043, 210.221862793, 210.628204346, 211.046157837, 211.464126587, 211.882080078, 212.300048828, 212.718002319, 213.135955811, 213.553924561, 213.971878052, 214.378234863, 214.784576416, 215.202529907, 215.620498657, 216.038452148, 216.45640564, 216.87437439, 217.292327881, 217.710296631, 218.116638184, 218.534591675, 218.940948486, 219.358901978, 219.776870728, 220.194824219, 220.61277771, 221.03074646, 221.448699951, 221.866668701, 222.284622192, 222.702575684, 223.120544434, 223.538497925, 223.944854736, 224.362808228, 224.76914978, 225.18711853, 225.605072021, 226.023040771, 226.429382324, 226.835739136, 227.253692627, 227.671646118, 228.089614868, 228.507568359, 228.925521851, 229.343490601, 229.761444092, 230.179412842, 230.597366333, 231.015319824, 231.433288574, 231.839630127, 232.245986938, 232.66394043, 233.081893921, 233.499862671, 233.917816162, 234.335784912, 234.753738403, 235.171691895, 235.589660645, 235.996002197, 236.402359009, 236.8203125, 237.238265991, 237.656234741, 238.074188232, 238.492156982, 238.910110474, 239.328063965, 239.746032715, 240.163986206, 240.581939697, 240.988296509, 241.394638062, 241.812606812, 242.230560303, 242.648529053, 243.066482544, 243.484436035, 243.902404785, 244.308746338, 244.715103149, 245.133056641, 245.551010132, 245.968978882, 246.386932373, 246.804885864, 247.222854614, 247.640808105, 248.058776855, 248.476730347, 248.894683838, 249.301040649, 249.707382202, 250.125350952, 250.543304443, 250.961257935, 251.379226685, 251.797180176, 252.215148926, 252.633102417, 253.051055908, 253.469024658, 253.886978149, 254.293334961, 254.699676514, 255.117630005, 255.535598755, 255.953552246, 256.371520996, 256.789459229, 257.207427979, 257.625396729, 258.031738281, 258.449707031, 258.856048584, 259.274017334, 259.691955566, 260.109924316, 260.527893066, 260.945831299, 261.363800049, 261.781768799, 262.199737549, 262.617675781, 263.035644531, 263.441986084, 263.848327637, 264.266296387, 264.684265137, 265.102203369, 265.520172119, 265.938140869, 266.356109619, 266.762451172, 267.168792725, 267.586761475, 268.004699707, 268.422668457, 268.840637207, 269.258575439, 269.676544189, 270.094512939, 270.512481689, 270.930419922, 271.348388672, 271.777954102, 272.207519531, 272.671936035, 273.124725342, 273.612335205, 274.099945068, 274.587554932, 274.947479248, 275.307373047, 275.667297363, 276.027191162, 276.387115479, 276.758636475, 277.130157471, 277.501678467, 277.873199463, 278.244720459, 278.616241455, 278.987762451, 279.359283447, 279.730773926, 280.102294922, 280.473815918, 280.926605225, 281.379394531, 281.832183838, 282.354644775, 282.865478516, 283.376312256, 283.898773193, 284.421234131, 284.943664551, 285.500946045, 286.058227539, 286.615509033, 287.07989502, 287.555908203, 288.020324707, 288.42666626, 288.833007812, 289.239349365, 289.645721436, 290.028839111, 290.400360107, 290.783477783, 291.166625977, 291.549743652, 291.932861328, 292.316009521],
    "bpm_histogram": [0, 0, 0, 0, 0, 0, 0, 0, 0, 0, 0, 0, 0, 0, 0, 0, 0, 0, 0, 0, 0, 0, 0, 0, 0, 0, 0, 0, 0, 0, 0, 0, 0, 0, 0, 0, 0, 0, 0, 0, 0, 0, 0, 0, 0, 0, 0, 0, 0, 0, 0, 0, 0, 0, 0, 0, 0, 0, 0, 0, 0, 0, 0, 0, 0, 0, 0, 0, 0, 0, 0, 0, 0, 0, 0, 0, 0, 0, 0, 0, 0, 0, 0, 0, 0, 0, 0, 0, 0, 0, 0, 0, 0, 0, 0, 0, 0, 0, 0, 0, 0, 0, 0, 0, 0, 0, 0, 0, 0.00427960045636, 0, 0, 0, 0, 0, 0, 0.00570613425225, 0, 0.00285306712613, 0, 0, 0, 0, 0, 0.00427960045636, 0, 0, 0.00142653356306, 0, 0, 0.00427960045636, 0, 0, 0, 0.00570613425225, 0, 0, 0, 0, 0, 0, 0.00713266758248, 0, 0, 0, 0.738944351673, 0, 0, 0, 0.18830242753, 0, 0, 0, 0.00285306712613, 0, 0, 0, 0, 0.00998573470861, 0, 0, 0, 0.0156918689609, 0.00142653356306, 0, 0, 0, 0, 0.00713266758248, 0, 0, 0, 0, 0, 0, 0, 0, 0, 0, 0, 0, 0, 0, 0, 0, 0, 0, 0, 0, 0, 0, 0, 0, 0, 0, 0, 0, 0, 0, 0, 0, 0, 0, 0, 0, 0, 0, 0, 0, 0, 0, 0, 0, 0, 0, 0, 0, 0, 0, 0, 0, 0, 0, 0, 0, 0, 0, 0, 0, 0, 0, 0, 0, 0, 0, 0, 0, 0, 0, 0, 0, 0, 0, 0, 0, 0, 0, 0, 0, 0, 0]
},
"tonal": {
    "chords_changes_rate": 0.0502377189696,
    "chords_number_rate": 0.00142630748451,
    "chords_strength": {
        "mean": 0.525299847126,
        "stdev": 0.146738320589
    },
    "hpcp_crest": {
        "mean": 14.7829380035,
        "stdev": 7.2257809639
    },
    "hpcp_entropy": {
        "mean": 1.84908902645,
        "stdev": 0.739031076431
    },
    "key_edma": {
        "strength": 0.825421452522,
        "key": "A#",
        "scale": "major"
    },
    "key_krumhansl": {
        "strength": 0.836120069027,
        "key": "A#",
        "scale": "major"
    },
    "key_temperley": {
        "strength": 0.848890960217,
        "key": "A#",
        "scale": "major"
    },
    "tuning_diatonic_strength": 0.649638175964,
    "tuning_equal_tempered_deviation": 0.387733995914,
    "tuning_frequency": 434.193115234,
    "tuning_nontempered_energy_ratio": 0.987908780575,
    "hpcp": {
