{
"metadata": {
    "version": {
        "essentia": "2.1-dev",
        "essentia_git_sha": "v2.1_beta3-415-gd5473f3",
        "extractor": "music 2.0"
    },
    "audio_properties": {
        "analysis": {
            "equal_loudness": 0,
            "length": 218.749389648,
            "sample_rate": 44100,
            "start_time": 0,
            "downmix": "mix"
        },
        "bit_rate": 192000,
        "length": 218.749389648,
        "lossless": 0,
        "number_channels": 2,
        "replay_gain": -9.87951087952,
        "sample_rate": 44100,
        "codec": "mp3",
        "md5_encoded": "34031796e956427519ad62052ec5bdc1"
    },
    "tags": {
        "file_name": "christina_aguilera-genie_in_a_bottle.mp3",
        "album": ["Woman II"],
        "artist": ["Woman II -By Stuff-"],
        "genre": ["Other"],
        "title": ["Christina Aguilera- Genie In A Bottle"]
    }
},
"lowlevel": {
    "average_loudness": 0.933218955994,
    "barkbands_crest": {
        "mean": 11.6951131821,
        "stdev": 4.96829795837
    },
    "barkbands_flatness_db": {
        "mean": 0.169937849045,
        "stdev": 0.0922248214483
    },
    "barkbands_kurtosis": {
        "mean": 14.224486351,
        "stdev": 52.4911956787
    },
    "barkbands_skewness": {
        "mean": 2.06744623184,
        "stdev": 2.46452260017
    },
    "barkbands_spread": {
        "mean": 22.7838096619,
        "stdev": 17.9529476166
    },
    "dissonance": {
        "mean": 0.442280143499,
        "stdev": 0.0528890155256
    },
    "dynamic_complexity": 2.58400964737,
    "erbbands_crest": {
        "mean": 10.8283262253,
        "stdev": 5.01869297028
    },
    "erbbands_flatness_db": {
        "mean": 0.1677634269,
        "stdev": 0.0635166689754
    },
    "erbbands_kurtosis": {
        "mean": 3.04405164719,
        "stdev": 9.70558357239
    },
    "erbbands_skewness": {
        "mean": 0.629505693913,
        "stdev": 1.34325194359
    },
    "erbbands_spread": {
        "mean": 37.0763320923,
        "stdev": 25.1098651886
    },
    "hfc": {
        "mean": 25.1969985962,
        "stdev": 25.0633430481
    },
    "loudness_ebu128": {
        "integrated": -13.12479496,
        "loudness_range": 3.34721851349,
        "momentary": {
            "mean": -16.3259754181,
            "stdev": 26.5271549225
        },
        "short_term": {
            "mean": -13.5286598206,
            "stdev": 2.24466395378
        }
    },
    "melbands_crest": {
        "mean": 16.0725021362,
        "stdev": 6.35010147095
    },
    "melbands_flatness_db": {
        "mean": 0.245380535722,
        "stdev": 0.121254451573
    },
    "melbands_kurtosis": {
        "mean": 31.4364013672,
        "stdev": 79.1467590332
    },
    "melbands_skewness": {
        "mean": 3.08919620514,
        "stdev": 2.98730444908
    },
    "melbands_spread": {
        "mean": 23.4813594818,
        "stdev": 25.1636161804
    },
    "pitch_salience": {
        "mean": 0.497974991798,
        "stdev": 0.15698376298
    },
    "silence_rate_20dB": {
        "mean": 1,
        "stdev": 0
    },
    "silence_rate_30dB": {
        "mean": 0.962216079235,
        "stdev": 0.190684095025
    },
    "silence_rate_60dB": {
        "mean": 0.0577372126281,
        "stdev": 0.23323251307
    },
    "spectral_centroid": {
        "mean": 1376.30847168,
        "stdev": 1278.36523438
    },
    "spectral_complexity": {
        "mean": 15.3791122437,
        "stdev": 10.6452264786
    },
    "spectral_decrease": {
        "mean": -8.16609979637e-09,
        "stdev": 8.53531112455e-09
    },
    "spectral_energy": {
        "mean": 0.0331062488258,
        "stdev": 0.0328535959125
    },
    "spectral_energyband_high": {
        "mean": 0.00114491581917,
        "stdev": 0.00190021493472
    },
    "spectral_energyband_low": {
        "mean": 0.0179538354278,
        "stdev": 0.0304389111698
    },
    "spectral_energyband_middle_high": {
        "mean": 0.00579843763262,
        "stdev": 0.00753031717613
    },
    "spectral_energyband_middle_low": {
        "mean": 0.0102762393653,
        "stdev": 0.0124003654346
    },
    "spectral_entropy": {
        "mean": 7.28640842438,
        "stdev": 0.79446387291
    },
    "spectral_flux": {
        "mean": 0.107577301562,
        "stdev": 0.0738728716969
    },
    "spectral_kurtosis": {
        "mean": 7.45280504227,
        "stdev": 10.9620037079
    },
    "spectral_rms": {
        "mean": 0.00509459385648,
        "stdev": 0.00251870043576
    },
    "spectral_rolloff": {
        "mean": 2025.97839355,
        "stdev": 3075.71850586
    },
    "spectral_skewness": {
        "mean": 2.05593109131,
        "stdev": 0.97437864542
    },
    "spectral_spread": {
        "mean": 6244186,
        "stdev": 4542860
    },
    "spectral_strongpeak": {
        "mean": 0.982338428497,
        "stdev": 1.1571700573
    },
    "zerocrossingrate": {
        "mean": 0.0818361341953,
        "stdev": 0.0738461017609
    },
    "barkbands": {
        "mean": [0.000261563895037, 0.00919335149229, 0.00667204521596, 0.00275055156089, 0.0024251556024, 0.00158197700512, 0.00112528633326, 0.00081053172471, 0.00110496615525, 0.00104311772157, 0.000696570088621, 0.000790245598182, 0.000425705773523, 0.000636718352325, 0.000599141814746, 0.000562231696676, 0.000340903527103, 0.000363233702956, 0.000429805746535, 0.000292295560939, 0.000112317939056, 8.74224861036e-05, 9.62563717621e-05, 0.000203887058888, 0.000242033478571, 0.000236965046497, 2.19042613026e-05],
        "stdev": [0.000581928296015, 0.019123615697, 0.0153279155493, 0.00848980713636, 0.00488669844344, 0.00252121384256, 0.00179409305565, 0.00255132559687, 0.00253346865065, 0.00226526521146, 0.00215608906001, 0.00178501487244, 0.00085709936684, 0.00138158444315, 0.00136546872091, 0.00136303948238, 0.000967173138633, 0.000887250935193, 0.000923496496398, 0.000644015672151, 0.00030032286304, 0.000287595757982, 0.000259322929196, 0.000600108585786, 0.000448647042504, 0.000467308593215, 6.72714304528e-05]
    },
    "erbbands": {
        "mean": [0.207657977939, 2.27462100983, 7.12208366394, 9.82780647278, 6.96899223328, 8.26204395294, 10.252204895, 14.7329874039, 16.6227340698, 18.4020767212, 15.9243364334, 27.0368442535, 36.4208908081, 22.2212104797, 30.7299137115, 31.1896057129, 22.4661045074, 27.1680202484, 35.2681427002, 33.4159088135, 26.4528617859, 20.1038074493, 20.400346756, 18.845281601, 21.5503196716, 13.8863916397, 6.13934230804, 4.28913402557, 3.1047744751, 3.1084086895, 2.78882980347, 3.92736339569, 3.45635104179, 2.76545643806, 1.68950355053, 1.00638449192, 0.419422864914, 0.0889761298895, 0.00206690630876, 9.48857268668e-05],
        "stdev": [0.464545667171, 4.70067930222, 13.9482088089, 27.3705387115, 19.5863685608, 16.4365768433, 20.5985641479, 25.5087776184, 25.9154319763, 44.6513748169, 47.6294517517, 60.5682983398, 75.0291213989, 43.8199577332, 99.7409057617, 75.0549850464, 40.9032897949, 58.5743103027, 80.3651657104, 72.0554733276, 57.4274597168, 53.7374649048, 51.1108093262, 37.0853919983, 49.8411560059, 31.3910331726, 12.4937400818, 13.1871271133, 9.50540447235, 9.77512741089, 7.68832111359, 12.2460069656, 9.76094532013, 5.2978014946, 3.23642635345, 2.1377966404, 0.965071320534, 0.199045687914, 0.00472894776613, 0.000115014125186]
    },
    "gfcc": {
        "mean": [-26.8201255798, 68.8756027222, -92.5540390015, 6.69814491272, -47.7554550171, 12.0600633621, -38.2543830872, 20.0051403046, -30.9421539307, 9.96908950806, -14.1332073212, 3.56695055962, -9.2390832901],
        "cov": [[21762.2226562, -1198.66760254, -1710.45849609, 817.169921875, -496.73236084, 621.218261719, -897.027160645, 343.334014893, -717.934936523, 397.002288818, -164.359054565, 244.065460205, -423.096893311], [-1198.66760254, 2303.25, 302.797363281, 6.85028505325, 325.283874512, -6.59194564819, 393.476837158, 25.3240032196, 117.408714294, -171.988540649, 62.686252594, -245.112014771, 125.060569763], [-1710.45849609, 302.797363281, 2337.40966797, 586.844177246, 295.336547852, 462.980255127, 176.182250977, 81.7415313721, 4.75128602982, -98.7944717407, -129.580474854, -85.4845275879, -177.624145508], [817.169921875, 6.85028505325, 586.844177246, 1130.83532715, 393.242462158, 277.475646973, 86.6331710815, 59.1323242188, 43.7846069336, -65.3559112549, -39.069519043, -74.5913314819, -70.3145523071], [-496.73236084, 325.283874512, 295.336547852, 393.242462158, 747.022888184, 173.753311157, 286.285705566, 76.3063354492, 99.29737854, -2.21829724312, -39.8106765747, -71.7228164673, -27.4421005249], [621.218261719, -6.59194564819, 462.980255127, 277.475646973, 173.753311157, 532.496765137, 120.91860199, 63.6900024414, 5.92843341827, 48.7214279175, -41.9409179688, -51.969745636, -40.3375473022], [-897.027160645, 393.476837158, 176.182250977, 86.6331710815, 286.285705566, 120.91860199, 451.340423584, 74.7297134399, 76.7456893921, 0.275441974401, 5.78797674179, -56.5476112366, -6.65417814255], [343.334014893, 25.3240032196, 81.7415313721, 59.1323242188, 76.3063354492, 63.6900024414, 74.7297134399, 306.721221924, 35.9686317444, 22.0387630463, 36.4428253174, -0.532358765602, 21.4209976196], [-717.934936523, 117.408714294, 4.75128602982, 43.7846069336, 99.29737854, 5.92843341827, 76.7456893921, 35.9686317444, 227.876098633, 28.5932559967, 10.0974931717, 3.07347178459, 22.4523181915], [397.002288818, -171.988540649, -98.7944717407, -65.3559112549, -2.21829724312, 48.7214279175, 0.275441974401, 22.0387630463, 28.5932559967, 194.676742554, 88.3839187622, 42.8718566895, 5.05457878113], [-164.359054565, 62.686252594, -129.580474854, -39.069519043, -39.8106765747, -41.9409179688, 5.78797674179, 36.4428253174, 10.0974931717, 88.3839187622, 240.623977661, 56.4048194885, 49.4706382751], [244.065460205, -245.112014771, -85.4845275879, -74.5913314819, -71.7228164673, -51.969745636, -56.5476112366, -0.532358765602, 3.07347178459, 42.8718566895, 56.4048194885, 174.971603394, 16.9895057678], [-423.096893311, 125.060569763, -177.624145508, -70.3145523071, -27.4421005249, -40.3375473022, -6.65417814255, 21.4209976196, 22.4523181915, 5.05457878113, 49.4706382751, 16.9895057678, 161.945541382]],
        "icov": [[0.000118075418868, -0.000133473862661, 0.000194114283659, -0.000191023762454, 8.68673596415e-05, -0.000206862721825, 0.000248937198194, -0.000263188150711, 0.000392702990212, -0.000377379794372, 0.000311542855343, -0.000342813145835, 0.000447887665359], [-0.000133473862661, 0.000926828302909, -0.000348065310391, 0.000403764628572, -0.000282035645796, 0.000329437345499, -0.00071054889122, 0.000458133377833, -0.000702311575878, 0.00119481037837, -0.00100427889265, 0.00139128847513, -0.00110552483238], [0.000194114283659, -0.000348065310391, 0.00095220352523, -0.000495052023325, 0.000163603806868, -0.000780142494477, 0.000407815532526, -0.000546424940694, 0.000662020756863, -0.000376264943043, 0.000641940161586, -0.000794717227109, 0.00133504904807], [-0.000191023762454, 0.000403764628572, -0.000495052023325, 0.00169896008447, -0.000840671244077, -0.000137223425554, -8.73088356457e-05, 0.00040872360114, -0.000886021589395, 0.00145875033922, -0.00105863320641, 0.000954962219112, -0.000549954304006], [8.68673596415e-05, -0.000282035645796, 0.000163603806868, -0.000840671244077, 0.0023587285541, -0.000189473212231, -0.000899365753867, -0.000343358697137, -6.1642662331e-05, -0.000811641919427, 0.00078923109686, -0.000273173471214, 0.000441589043476], [-0.000206862721825, 0.000329437345499, -0.000780142494477, -0.000137223425554, -0.000189473212231, 0.00324720470235, -0.000973261368927, 0.000205386866583, -0.000298116501654, -0.00080126238754, 0.000118417658086, 0.00115265103523, -0.00109130749479], [0.000248937198194, -0.00071054889122, 0.000407815532526, -8.73088356457e-05, -0.000899365753867, -0.000973261368927, 0.00407269829884, -0.00101038324647, 0.000306301051751, -0.00074740749551, 0.000408754684031, -0.000618595979176, 0.00143553421367], [-0.000263188150711, 0.000458133377833, -0.000546424940694, 0.00040872360114, -0.000343358697137, 0.000205386866583, -0.00101038324647, 0.0042235055007, -0.0012200800702, 0.000889075046871, -0.00131837907247, 0.000908798945602, -0.00162165297661], [0.000392702990212, -0.000702311575878, 0.000662020756863, -0.000886021589395, -6.1642662331e-05, -0.000298116501654, 0.000306301051751, -0.0012200800702, 0.00644874665886, -0.00251523638144, 0.00165924930479, -0.00171951844823, 0.000856979284436], [-0.000377379794372, 0.00119481037837, -0.000376264943043, 0.00145875033922, -0.000811641919427, -0.00080126238754, -0.00074740749551, 0.000889075046871, -0.00251523638144, 0.00949933193624, -0.00436888122931, 0.00104067136999, -0.000895720848348], [0.000311542855343, -0.00100427889265, 0.000641940161586, -0.00105863320641, 0.00078923109686, 0.000118417658086, 0.000408754684031, -0.00131837907247, 0.00165924930479, -0.00436888122931, 0.00730946287513, -0.00282264966518, 0.000157901769853], [-0.000342813145835, 0.00139128847513, -0.000794717227109, 0.000954962219112, -0.000273173471214, 0.00115265103523, -0.000618595979176, 0.000908798945602, -0.00171951844823, 0.00104067136999, -0.00282264966518, 0.00909496564418, -0.00221784668975], [0.000447887665359, -0.00110552483238, 0.00133504904807, -0.000549954304006, 0.000441589043476, -0.00109130749479, 0.00143553421367, -0.00162165297661, 0.000856979284436, -0.000895720848348, 0.000157901769853, -0.00221784668975, 0.00959437806159]]
    },
    "melbands": {
        "mean": [0.00223906361498, 0.0036285573151, 0.00162750307936, 0.000516147643793, 0.000382211641409, 0.00032976755756, 0.000246464973316, 0.00020243844483, 0.000129433101392, 0.00017356054741, 0.000181248382432, 8.95222838153e-05, 9.42487313296e-05, 8.79069993971e-05, 6.85116683599e-05, 4.43056887889e-05, 5.23018534295e-05, 5.95741221332e-05, 4.40139519924e-05, 4.67650897917e-05, 2.69702504738e-05, 2.20166402869e-05, 1.82984822459e-05, 1.53116361616e-05, 1.48067028931e-05, 1.77784513653e-05, 1.17125655379e-05, 8.87447367859e-06, 4.27760915045e-06, 2.66055553766e-06, 2.35024322137e-06, 1.7818579181e-06, 1.57576391757e-06, 1.73498733602e-06, 1.51619587996e-06, 1.80334893685e-06, 2.69727092927e-06, 2.42784358306e-06, 2.39484484155e-06, 2.34487993112e-06],
        "stdev": [0.00482782488689, 0.00645767292008, 0.00433353846893, 0.0011217482388, 0.000778001616709, 0.000545935123228, 0.000377279298846, 0.000528244767338, 0.000409183994634, 0.000384707382182, 0.000382813683245, 0.000188743157196, 0.000295506004477, 0.000203217598028, 0.000172659987584, 9.16634089663e-05, 0.000121738325106, 0.000141900585731, 0.000101066936622, 0.000118297190056, 6.46502521704e-05, 6.79417789797e-05, 4.88159312226e-05, 3.57173739758e-05, 3.13625459967e-05, 4.55637127743e-05, 2.79175565083e-05, 2.19233897951e-05, 9.48154593061e-06, 7.31123327569e-06, 7.97081065684e-06, 5.2099730965e-06, 6.21318667982e-06, 5.03577939526e-06, 4.09802714785e-06, 5.79872857998e-06, 8.56638780533e-06, 7.78290632297e-06, 5.35596655027e-06, 4.49890330856e-06]
    },
    "melbands128": {
        "mean": [0.000251080811722, 0.00135281542316, 0.00304887117818, 0.00398523313925, 0.00374527554959, 0.00324369757436, 0.00217293924652, 0.00110817165114, 0.0006352684577, 0.000472421030281, 0.000407626561355, 0.000485510856379, 0.000333806470735, 0.000277917832136, 0.000354714691639, 0.000324262538925, 0.00035310027306, 0.000195753920707, 0.000215588588617, 0.000199973219424, 0.000241377332713, 0.000127458100906, 0.000104352468043, 0.000145576734212, 0.00017698854208, 0.000198196692509, 0.000130183965666, 0.000228145887377, 0.000182819931069, 7.0662201324e-05, 7.67233141232e-05, 7.74277796154e-05, 7.99515473773e-05, 0.000132637025672, 8.79355720826e-05, 7.17567963875e-05, 8.92226744327e-05, 8.92767202458e-05, 3.64915977116e-05, 4.48362443422e-05, 5.4741401982e-05, 2.72970046353e-05, 5.09839846927e-05, 5.88479269936e-05, 7.50277104089e-05, 6.10408606008e-05, 4.19060997956e-05, 4.58277463622e-05, 4.47924649052e-05, 3.87411637348e-05, 6.02990367042e-05, 3.80407254852e-05, 2.58256895904e-05, 2.27241744142e-05, 2.54350434261e-05, 2.62650191871e-05, 1.48814960994e-05, 1.15522680062e-05, 2.35573879763e-05, 2.42752084887e-05, 1.09773609438e-05, 1.06694187707e-05, 1.88903650269e-05, 1.26705963339e-05, 1.48970730152e-05, 2.00144459086e-05, 1.92796978808e-05, 1.20567692647e-05, 1.04711116364e-05, 1.0126142115e-05, 8.4981929831e-06, 9.48902015807e-06, 5.88552438785e-06, 2.94422761726e-06, 2.65763151219e-06, 2.83881695395e-06, 2.47440561907e-06, 2.75839079222e-06, 2.51373808169e-06, 1.73301987161e-06, 1.81155860446e-06, 1.88423064174e-06, 1.43076920267e-06, 1.33268315494e-06, 1.94705262402e-06, 1.81654183962e-06, 1.76613332314e-06, 1.44471243857e-06, 1.52351890392e-06, 1.44162595461e-06, 1.65312337685e-06, 1.82584972208e-06, 2.22239532377e-06, 2.70452915174e-06, 3.17270541927e-06, 2.53362486546e-06, 2.35251263803e-06, 2.02181604436e-06, 2.60339265878e-06, 2.38194411395e-06, 2.30133900914e-06, 2.67048585556e-06, 2.00846784537e-06, 1.3349413166e-06, 1.69922145687e-06, 2.53252756011e-06, 1.66459051343e-06, 2.11772498915e-06, 1.62195829034e-06, 1.35991137995e-06, 2.01300804292e-06, 1.91748404177e-06, 1.11558551907e-06, 8.92633352123e-07, 1.00767078948e-06, 1.02038893601e-06, 9.10754692995e-07, 8.30215114433e-08, 8.19913408001e-12, 4.64420429197e-12, 4.39958876622e-12, 4.23466513591e-12, 4.10222463637e-12, 4.00139990586e-12, 3.92398396762e-12, 3.87033721044e-12, 3.83048280594e-12, 3.79885185808e-12],
        "stdev": [0.000562867149711, 0.00314938602969, 0.00771726015955, 0.00825643539429, 0.00694804219529, 0.00812393054366, 0.00643843272701, 0.00350821996108, 0.00208966736682, 0.00130754266866, 0.000952446716838, 0.00135753198992, 0.000824453425594, 0.000554080645088, 0.000757861242164, 0.000764572585467, 0.000747853191569, 0.000336871511536, 0.000499905785546, 0.000650099187624, 0.000909117632546, 0.000592955562752, 0.00049795320956, 0.000722304161172, 0.000524869537912, 0.000573796918616, 0.00037656314089, 0.000624708074611, 0.000535610888619, 0.000238659165916, 0.000225651063374, 0.000253452657489, 0.000324232707499, 0.000660772260744, 0.000253477162914, 0.000229110068176, 0.00033721816726, 0.000293251068797, 9.72505877144e-05, 0.00010555312474, 0.000128476545797, 8.18436456029e-05, 0.000143826793646, 0.000183217372978, 0.00018919192371, 0.000195126267499, 0.000118380688946, 0.000124352081912, 0.000134840767714, 0.000119950091175, 0.000203228148166, 0.000123652236653, 9.14264019229e-05, 7.77098612161e-05, 0.000109042848635, 0.000115927388833, 5.28391174157e-05, 3.70172056137e-05, 8.61557928147e-05, 7.72082203184e-05, 3.54512012564e-05, 3.40546976076e-05, 5.26376643393e-05, 3.4917058656e-05, 4.59181101178e-05, 6.97012801538e-05, 6.04846827628e-05, 4.03937156079e-05, 3.50324517058e-05, 3.40822552971e-05, 2.89019808406e-05, 3.15183133353e-05, 1.64971297636e-05, 9.12958148547e-06, 6.90529941494e-06, 8.21892535896e-06, 8.66196842253e-06, 1.015928774e-05, 1.02859830804e-05, 5.81926769883e-06, 4.95591211802e-06, 6.35039941699e-06, 5.38396579941e-06, 6.92771027389e-06, 7.92766968516e-06, 5.92827927903e-06, 4.8613396757e-06, 4.35092260886e-06, 4.27218810728e-06, 4.53867596661e-06, 5.51336870558e-06, 6.42948134555e-06, 7.84897838457e-06, 9.28549980017e-06, 1.02921876532e-05, 8.7392372734e-06, 8.42322242534e-06, 6.39181462248e-06, 6.17638170297e-06, 5.06827836944e-06, 4.39095902038e-06, 5.77669015911e-06, 4.17785940954e-06, 2.90682828563e-06, 3.19894661516e-06, 5.44888735021e-06, 4.04259117204e-06, 5.63655794394e-06, 3.91862022298e-06, 3.24110146721e-06, 5.63942603549e-06, 7.4586446317e-06, 3.0297644571e-06, 1.87563068721e-06, 2.04818002203e-06, 3.46514434568e-06, 2.75800675809e-06, 3.52081826804e-07, 2.49367523159e-11, 7.54800909275e-12, 7.23526143512e-12, 7.01378712054e-12, 6.83761597689e-12, 6.69776950915e-12, 6.58264415199e-12, 6.49692149038e-12, 6.43396664071e-12, 6.39338148395e-12]
    },
    "mfcc": {
        "mean": [-681.047790527, 120.394996643, 6.84409046173, 7.22742080688, 9.64138031006, -7.28327798843, 10.6886796951, -0.834978878498, 0.240180656314, 3.85709476471, -3.017547369, -2.06177163124, 2.94387531281],
        "cov": [[10833.2949219, -1565.45788574, -938.178405762, 143.66569519, 356.748809814, 129.159103394, 118.22428894, -152.617523193, -332.459320068, 6.60892009735, -46.1410064697, 25.5903587341, 37.3037338257], [-1565.45788574, 2189.72558594, 150.812164307, 22.1511688232, -18.3961868286, 2.48815464973, 246.735992432, 114.760772705, 172.898468018, 88.9066696167, 39.4150886536, -11.2853145599, 47.3255729675], [-938.178405762, 150.812164307, 1925.73840332, 320.571594238, 345.290466309, 333.784088135, 188.744033813, 215.866409302, 88.8009338379, -0.629637539387, 96.8384475708, 41.8550262451, -73.8223876953], [143.66569519, 22.1511688232, 320.571594238, 813.295349121, 375.283935547, 199.696975708, 171.258560181, 185.929321289, 121.930671692, 45.5682220459, 30.8174819946, 62.4424285889, 4.31930398941], [356.748809814, -18.3961868286, 345.290466309, 375.283935547, 567.685974121, 231.809036255, 153.502700806, 126.399940491, 126.652503967, 68.3252944946, 46.1147117615, 32.6271095276, 10.8698682785], [129.159103394, 2.48815464973, 333.784088135, 199.696975708, 231.809036255, 574.144042969, 165.935424805, 103.856536865, 126.318344116, 85.6521987915, 56.9803504944, -22.842086792, 16.0825443268], [118.22428894, 246.735992432, 188.744033813, 171.258560181, 153.502700806, 165.935424805, 422.376068115, 132.250534058, 76.8181686401, 132.962524414, 32.4755134583, 5.44682693481, 66.6982040405], [-152.617523193, 114.760772705, 215.866409302, 185.929321289, 126.399940491, 103.856536865, 132.250534058, 276.393066406, 138.302612305, 43.954082489, 39.2990722656, 27.1477851868, 7.88019037247], [-332.459320068, 172.898468018, 88.8009338379, 121.930671692, 126.652503967, 126.318344116, 76.8181686401, 138.302612305, 286.532531738, 71.5837860107, 35.0858306885, 0.512913048267, 8.79195785522], [6.60892009735, 88.9066696167, -0.629637539387, 45.5682220459, 68.3252944946, 85.6521987915, 132.962524414, 43.954082489, 71.5837860107, 225.967758179, 43.0205688477, -0.21223141253, 49.450592041], [-46.1410064697, 39.4150886536, 96.8384475708, 30.8174819946, 46.1147117615, 56.9803504944, 32.4755134583, 39.2990722656, 35.0858306885, 43.0205688477, 165.662902832, 59.9602966309, -9.67496776581], [25.5903587341, -11.2853145599, 41.8550262451, 62.4424285889, 32.6271095276, -22.842086792, 5.44682693481, 27.1477851868, 0.512913048267, -0.21223141253, 59.9602966309, 154.10836792, 29.5811157227], [37.3037338257, 47.3255729675, -73.8223876953, 4.31930398941, 10.8698682785, 16.0825443268, 66.6982040405, 7.88019037247, 8.79195785522, 49.450592041, -9.67496776581, 29.5811157227, 142.276367188]],
        "icov": [[0.000121095428767, 7.65327567933e-05, 8.50249271025e-05, 7.98190103524e-06, -0.000124178899569, -4.12929039157e-05, -9.92770583252e-05, 2.67728705694e-06, 0.000156869587954, 1.67583420989e-05, 6.71507723382e-06, -2.80248223135e-05, 3.79787488782e-05], [7.65327567933e-05, 0.00057654484408, 4.92988147016e-06, 2.10873477045e-05, 6.16777761024e-05, 0.000119617987366, -0.00039866255247, 3.04432014673e-05, -0.000254428450717, 4.69120423077e-05, -0.000104085956991, 8.76503690961e-05, -6.88389918651e-05], [8.50249271025e-05, 4.92988147016e-06, 0.000745221448597, -4.15257954955e-06, -0.000335504533723, -0.000304864428472, -0.000196469452931, -0.00034375602263, 0.000314712960972, 0.00022284273291, -0.000134429297759, -0.000158038979862, 0.000460916606244], [7.98190103524e-06, 2.10873477045e-05, -4.15257954955e-06, 0.00199650600553, -0.00103866611607, -0.000167990423506, -0.000271526776487, -0.000695052440278, 4.73278532809e-07, 0.000102083547972, 0.000446433725301, -0.000718725845218, 0.000336537050316], [-0.000124178899569, 6.16777761024e-05, -0.000335504533723, -0.00103866611607, 0.00315864849836, -0.0004454657319, -0.000218346845941, 0.000151321160956, -0.0007803295739, -0.000214933897951, -0.00010532655142, -0.000158174952958, -7.88451652625e-05], [-4.12929039157e-05, 0.000119617987366, -0.000304864428472, -0.000167990423506, -0.0004454657319, 0.00257560773753, -0.000461057119537, 0.000121933786431, -0.000687716179527, -0.000165469289641, -0.000725252146367, 0.000995722832158, -0.00038609810872], [-9.92770583252e-05, -0.00039866255247, -0.000196469452931, -0.000271526776487, -0.000218346845941, -0.000461057119537, 0.0040799016133, -0.00126447121147, 0.000553961377591, -0.00159802450798, 1.48186873048e-05, 0.000442747666966, -0.00127871497534], [2.67728705694e-06, 3.04432014673e-05, -0.00034375602263, -0.000695052440278, 0.000151321160956, 0.000121933786431, -0.00126447121147, 0.00605928851292, -0.00237738434225, 0.000379323522793, -0.000334200973157, -0.000554328726139, 0.000171333944309], [0.000156869587954, -0.000254428450717, 0.000314712960972, 4.73278532809e-07, -0.0007803295739, -0.000687716179527, 0.000553961377591, -0.00237738434225, 0.00565989268944, -0.00105129461735, -0.000222841772484, 0.000371827976778, 0.000139298033901], [1.67583420989e-05, 4.69120423077e-05, 0.00022284273291, 0.000102083547972, -0.000214933897951, -0.000165469289641, -0.00159802450798, 0.000379323522793, -0.00105129461735, 0.00637819012627, -0.0016578634968, 0.000871951575391, -0.00159012468066], [6.71507723382e-06, -0.000104085956991, -0.000134429297759, 0.000446433725301, -0.00010532655142, -0.000725252146367, 1.48186873048e-05, -0.000334200973157, -0.000222841772484, -0.0016578634968, 0.00839644111693, -0.00383406016044, 0.00200925744139], [-2.80248223135e-05, 8.76503690961e-05, -0.000158038979862, -0.000718725845218, -0.000158174952958, 0.000995722832158, 0.000442747666966, -0.000554328726139, 0.000371827976778, 0.000871951575391, -0.00383406016044, 0.0091351158917, -0.00284538255073], [3.79787488782e-05, -6.88389918651e-05, 0.000460916606244, 0.000336537050316, -7.88451652625e-05, -0.00038609810872, -0.00127871497534, 0.000171333944309, 0.000139298033901, -0.00159012468066, 0.00200925744139, -0.00284538255073, 0.0091823739931]]
    },
    "spectral_contrast_coeffs": {
        "mean": [-0.665869832039, -0.710945248604, -0.724796414375, -0.766941547394, -0.768084406853, -0.813182830811],
        "stdev": [0.104350402951, 0.0958279967308, 0.0927267819643, 0.0734978243709, 0.0687831863761, 0.0429160818458]
    },
    "spectral_contrast_valleys": {
        "mean": [-7.53051710129, -7.46102046967, -8.01016712189, -8.367603302, -8.41169643402, -10.4811830521],
        "stdev": [2.42525434494, 2.25304341316, 2.25131654739, 2.32958221436, 2.31064605713, 2.21257948875]
    }
},
"rhythm": {
    "beats_count": 320,
    "beats_loudness": {
        "mean": 0.0636902973056,
        "stdev": 0.037879139185
    },
    "bpm": 87.9226760864,
    "bpm_histogram_first_peak_bpm": 88,
    "bpm_histogram_first_peak_weight": 0.0516129136086,
    "bpm_histogram_second_peak_bpm": 99,
    "bpm_histogram_second_peak_spread": 0.428571403027,
    "bpm_histogram_second_peak_weight": 0.0125391846523,
    "danceability": 1.27885460854,
    "onset_rate": 5.07846689224,
    "beats_loudness_band_ratio": {
        "mean": [0.529590666294, 0.13706099987, 0.128290310502, 0.0956388711929, 0.0691633298993, 0.0625822246075],
        "stdev": [0.350646346807, 0.131655305624, 0.131223484874, 0.102187559009, 0.0776032432914, 0.0615724399686]
    },
    "beats_position": [0.708208620548, 1.43963718414, 2.17106580734, 2.87927436829, 3.5758728981, 4.26086139679, 4.94585037231, 5.61922883987, 6.29260778427, 6.97759628296, 7.66258478165, 8.34757328033, 9.03256225586, 9.71755123138, 10.3909292221, 11.0759181976, 11.749297142, 12.4342851639, 13.1192741394, 13.8042631149, 14.4892511368, 15.1742401123, 15.8592290878, 16.5326080322, 17.2059860229, 17.8909740448, 18.575963974, 19.2609519958, 19.9459400177, 20.6309299469, 21.3159179688, 21.9892959595, 22.6626758575, 23.3476638794, 24.0326519012, 24.7176418304, 25.4026298523, 26.0876178741, 26.7726078033, 27.4459857941, 28.1193637848, 28.804353714, 29.4893417358, 30.1743297577, 30.8593196869, 31.5443077087, 32.2176856995, 32.9026756287, 33.5760536194, 34.2610435486, 34.9460296631, 35.6310195923, 36.3160095215, 37.000995636, 37.6743774414, 38.3593635559, 39.0327415466, 39.7177314758, 40.402721405, 41.0877075195, 41.7726974487, 42.4576873779, 43.1426734924, 43.8160552979, 44.4894332886, 45.1744194031, 45.8594093323, 46.5443992615, 47.229385376, 47.9143753052, 48.5993652344, 49.2727432251, 49.9461212158, 50.631111145, 51.3160972595, 52.0010871887, 52.6860771179, 53.3594551086, 54.0444450378, 54.7294311523, 55.4028091431, 56.0877990723, 56.7727890015, 57.457775116, 58.1427650452, 58.8277549744, 59.5127410889, 60.1861228943, 60.859500885, 61.5444869995, 62.2294769287, 62.9028549194, 63.5994529724, 64.2844467163, 64.957824707, 65.6312026978, 66.316192627, 67.0011749268, 67.686164856, 68.3595428467, 69.0561447144, 69.7411346436, 70.4261245728, 71.0995025635, 71.7844848633, 72.4694747925, 73.1428527832, 73.8278427124, 74.5128326416, 75.2094345093, 75.8828125, 76.5561904907, 77.2295684814, 77.9145584106, 78.5995483398, 79.2961425781, 79.9695205688, 80.654510498, 81.3395004272, 82.012878418, 82.6862564087, 83.3712463379, 84.0562362671, 84.7412261963, 85.4262084961, 86.1111984253, 86.7961883545, 87.4695663452, 88.1545562744, 88.8395462036, 89.5129241943, 90.1979141235, 90.8829040527, 91.5678863525, 92.2528762817, 92.9262542725, 93.5996322632, 94.2846221924, 94.9696121216, 95.6546020508, 96.33959198, 97.0245819092, 97.709564209, 98.3829498291, 99.0679321289, 99.7529220581, 100.426300049, 101.111289978, 101.796279907, 102.481269836, 103.166259766, 103.839637756, 104.524627686, 105.209609985, 105.882987976, 106.567977905, 107.252967834, 107.937957764, 108.622947693, 109.296325684, 109.981315613, 110.666305542, 111.339683533, 112.024665833, 112.709655762, 113.394645691, 114.07963562, 114.753013611, 115.43800354, 116.122993469, 116.79637146, 117.481361389, 118.166343689, 118.839729309, 119.524711609, 120.209701538, 120.894691467, 121.579681396, 122.253059387, 122.938049316, 123.623039246, 124.308021545, 124.993011475, 125.678001404, 126.362991333, 127.036369324, 127.709747314, 128.383132935, 129.079727173, 129.764709473, 130.449707031, 131.123077393, 131.808074951, 132.493057251, 133.17805481, 133.863037109, 134.536407471, 135.221405029, 135.906387329, 136.579772949, 137.276367188, 137.949752808, 138.623123169, 139.308120728, 139.993103027, 140.678085327, 141.363082886, 142.036453247, 142.721450806, 143.406433105, 144.091430664, 144.776412964, 145.449798584, 146.134780884, 146.819763184, 147.504760742, 148.189743042, 148.863128662, 149.548110962, 150.233108521, 150.906478882, 151.603088379, 152.27645874, 152.96144104, 153.646438599, 154.331420898, 155.016418457, 155.689788818, 156.363174438, 157.048156738, 157.733154297, 158.418136597, 159.103118896, 159.776504517, 160.461486816, 161.146484375, 161.819854736, 162.504852295, 163.189834595, 163.874832153, 164.559814453, 165.244796753, 165.94140625, 166.603164673, 167.276550293, 167.973144531, 168.646530151, 169.331512451, 170.01651001, 170.70149231, 171.386474609, 172.059860229, 172.73324585, 173.418228149, 174.103210449, 174.788208008, 175.473190308, 176.158187866, 176.843170166, 177.516555786, 178.189926147, 178.874923706, 179.559906006, 180.244888306, 180.929885864, 181.603256226, 182.288253784, 182.973236084, 183.658233643, 184.343215942, 185.016601562, 185.701583862, 186.386566162, 187.071563721, 187.756546021, 188.429931641, 189.11491394, 189.799911499, 190.47328186, 191.158279419, 191.843261719, 192.528244019, 193.213241577, 193.886611938, 194.571609497, 195.256591797, 195.929977417, 196.614959717, 197.299957275, 197.984939575, 198.669921875, 199.343307495, 200.028289795, 200.713287354, 201.398269653, 202.083267212, 202.756637573, 203.441635132, 204.126617432, 204.800003052, 205.484985352, 206.169967651, 206.843353271, 207.528335571, 208.21333313, 208.886703491, 209.583312988, 210.268295288, 210.964889526, 211.673095703, 212.381317139, 212.973419189, 213.577133179, 214.180862427, 214.772964478, 215.365081787, 215.980407715, 216.584121704, 217.269119263, 217.942489624],
    "bpm_histogram": [0, 0, 0, 0, 0, 0, 0, 0, 0, 0, 0, 0, 0, 0, 0, 0, 0, 0, 0, 0, 0, 0, 0, 0, 0, 0, 0, 0, 0, 0, 0, 0, 0, 0, 0, 0, 0, 0, 0, 0, 0, 0, 0, 0, 0, 0, 0, 0, 0, 0, 0, 0, 0, 0, 0, 0, 0, 0, 0, 0, 0, 0, 0, 0, 0, 0, 0, 0, 0, 0, 0, 0, 0, 0, 0, 0, 0, 0, 0, 0, 0, 0, 0.00626959232613, 0, 0, 0.00940438825637, 0.0376175530255, 0, 0.661441981792, 0.26018807292, 0, 0.00313479616307, 0, 0, 0, 0, 0, 0, 0.00313479616307, 0.00940438825637, 0, 0.00940438825637, 0, 0, 0, 0, 0, 0, 0, 0, 0, 0, 0, 0, 0, 0, 0, 0, 0, 0, 0, 0, 0, 0, 0, 0, 0, 0, 0, 0, 0, 0, 0, 0, 0, 0, 0, 0, 0, 0, 0, 0, 0, 0, 0, 0, 0, 0, 0, 0, 0, 0, 0, 0, 0, 0, 0, 0, 0, 0, 0, 0, 0, 0, 0, 0, 0, 0, 0, 0, 0, 0, 0, 0, 0, 0, 0, 0, 0, 0, 0, 0, 0, 0, 0, 0, 0, 0, 0, 0, 0, 0, 0, 0, 0, 0, 0, 0, 0, 0, 0, 0, 0, 0, 0, 0, 0, 0, 0, 0, 0, 0, 0, 0, 0, 0, 0, 0, 0, 0, 0, 0, 0, 0, 0, 0, 0, 0, 0, 0, 0, 0, 0, 0, 0, 0, 0, 0, 0, 0, 0, 0, 0, 0, 0, 0, 0, 0, 0, 0]
},
"tonal": {
    "chords_changes_rate": 0.087224110961,
    "chords_number_rate": 0.00212224107236,
    "chords_strength": {
        "mean": 0.503408253193,
        "stdev": 0.158617734909
    },
    "hpcp_crest": {
        "mean": 14.3338632584,
        "stdev": 7.33331871033
    },
    "hpcp_entropy": {
        "mean": 1.8865801096,
        "stdev": 0.801371753216
    },
    "key_edma": {
        "strength": 0.703336119652,
        "key": "F",
        "scale": "minor"
    },
    "key_krumhansl": {
        "strength": 0.71660476923,
        "key": "F",
        "scale": "minor"
    },
    "key_temperley": {
        "strength": 0.713669002056,
        "key": "F",
        "scale": "minor"
    },
    "tuning_diatonic_strength": 0.567557930946,
    "tuning_equal_tempered_deviation": 0.191962823272,
    "tuning_frequency": 434.193115234,
    "tuning_nontempered_energy_ratio": 0.929655075073,
    "hpcp": {
        "mean": [0.0805696174502, 0.0685629919171, 0.0656246244907, 0.125218883157, 0.150236800313, 0.107705973089, 0.0867315679789, 0.0827399492264, 0.111192621291, 0.192929536104, 0.195546895266, 0.125782489777, 0.144820377231, 0.152159422636, 0.0921183750033, 0.0695482492447, 0.0762616172433, 0.085015706718, 0.150826022029, 0.157065525651, 0.0863935947418, 0.0748745724559, 0.080595113337, 0.104476094246, 0.226750761271, 0.240472838283, 0.114485114813, 0.0637615770102, 0.0555507987738, 0.075074672699, 0.138272494078, 0.146838650107, 0.108612135053, 0.193630039692, 0.21991725266, 0.118646919727],
        "stdev": [0.182285860181, 0.16947478056, 0.1623519063, 0.232891768217, 0.258970856667, 0.212330147624, 0.19623079896, 0.193768411875, 0.221877723932, 0.301711708307, 0.300717771053, 0.230094775558, 0.255043804646, 0.281451225281, 0.187341228127, 0.165955990553, 0.178708344698, 0.185117319226, 0.263272315264, 0.269760221243, 0.177533954382, 0.175790444016, 0.192528441548, 0.201057210565, 0.318918704987, 0.322376489639, 0.209010601044, 0.161335021257, 0.148134544492, 0.172399997711, 0.242451012135, 0.252862632275, 0.201785266399, 0.288100004196, 0.325892210007, 0.206786215305]
    },
    "chords_histogram": [35.7173156738, 9.3378610611, 8.65874385834, 5.4753818512, 0.339558571577, 1.80390489101, 0, 4.52037334442, 0.721561968327, 1.40067911148, 0.0212224107236, 0.403225809336, 0, 0, 0.191001698375, 0.87011885643, 1.69779288769, 0, 0.551782667637, 0, 0.466893047094, 0, 6.68505954742, 21.1375217438],
    "thpcp": [1, 0.476083338261, 0.265150845051, 0.231006547809, 0.312196046114, 0.575002551079, 0.610624670982, 0.451660722494, 0.805205464363, 0.914520144463, 0.493390113115, 0.335046648979, 0.285117417574, 0.272898286581, 0.520719468594, 0.62475579977, 0.447892457247, 0.360670953989, 0.344071924686, 0.462391614914, 0.802292406559, 0.813176631927, 0.523063182831, 0.602231740952, 0.632750988007, 0.383071839809, 0.289214581251, 0.31713193655, 0.353535592556, 0.627206087112, 0.653152883053, 0.359265506268, 0.311363935471, 0.33515265584, 0.434461086988, 0.942937076092],
    "chords_key": "F",
    "chords_scale": "minor"
}
}