{
"metadata": {
    "version": {
        "essentia": "2.1-dev",
        "essentia_git_sha": "v2.1_beta3-415-gd5473f3",
        "extractor": "music 2.0"
    },
    "audio_properties": {
        "analysis": {
            "equal_loudness": 0,
            "length": 194.168167114,
            "sample_rate": 44100,
            "start_time": 0,
            "downmix": "mix"
        },
        "bit_rate": 192000,
        "length": 194.168167114,
        "lossless": 0,
        "number_channels": 2,
        "replay_gain": -9.85605430603,
        "sample_rate": 44100,
        "codec": "mp3",
        "md5_encoded": "f9925c7c161dfc193b7cb7c41b959be9"
    },
    "tags": {
        "file_name": "cosas_por_decir-llevame.mp3"
    }
},
"lowlevel": {
    "average_loudness": 0.893923580647,
    "barkbands_crest": {
        "mean": 10.4128837585,
        "stdev": 3.82034420967
    },
    "barkbands_flatness_db": {
        "mean": 0.165898784995,
        "stdev": 0.0584134683013
    },
    "barkbands_kurtosis": {
        "mean": 7.02074146271,
        "stdev": 12.1008205414
    },
    "barkbands_skewness": {
        "mean": 1.80903959274,
        "stdev": 1.43818855286
    },
    "barkbands_spread": {
        "mean": 20.7355194092,
        "stdev": 13.9952545166
    },
    "dissonance": {
        "mean": 0.443050354719,
        "stdev": 0.0402463190258
    },
    "dynamic_complexity": 4.14978551865,
    "erbbands_crest": {
        "mean": 11.2265062332,
        "stdev": 5.41475200653
    },
    "erbbands_flatness_db": {
        "mean": 0.156492397189,
        "stdev": 0.0482983775437
    },
    "erbbands_kurtosis": {
        "mean": 1.44688403606,
        "stdev": 3.91244959831
    },
    "erbbands_skewness": {
        "mean": 0.650319337845,
        "stdev": 0.875044703484
    },
    "erbbands_spread": {
        "mean": 39.2195930481,
        "stdev": 22.3792934418
    },
    "hfc": {
        "mean": 21.543006897,
        "stdev": 21.1973972321
    },
    "loudness_ebu128": {
        "integrated": -13.2776584625,
        "loudness_range": 4.84411430359,
        "momentary": {
            "mean": -17.678571701,
            "stdev": 26.3090076447
        },
        "short_term": {
            "mean": -15.1496257782,
            "stdev": 6.94293260574
        }
    },
    "melbands_crest": {
        "mean": 14.284122467,
        "stdev": 5.10745954514
    },
    "melbands_flatness_db": {
        "mean": 0.222730070353,
        "stdev": 0.0805756151676
    },
    "melbands_kurtosis": {
        "mean": 17.4074668884,
        "stdev": 27.6681861877
    },
    "melbands_skewness": {
        "mean": 2.77340555191,
        "stdev": 1.88384115696
    },
    "melbands_spread": {
        "mean": 21.4784431458,
        "stdev": 19.5602664948
    },
    "pitch_salience": {
        "mean": 0.506246089935,
        "stdev": 0.106776885688
    },
    "silence_rate_20dB": {
        "mean": 1,
        "stdev": 0
    },
    "silence_rate_30dB": {
        "mean": 0.984457194805,
        "stdev": 0.123701885343
    },
    "silence_rate_60dB": {
        "mean": 0.08703969419,
        "stdev": 0.281886547804
    },
    "spectral_centroid": {
        "mean": 1270.38330078,
        "stdev": 1192.72216797
    },
    "spectral_complexity": {
        "mean": 14.1640367508,
        "stdev": 7.51674747467
    },
    "spectral_decrease": {
        "mean": -7.19132486893e-09,
        "stdev": 6.31283825214e-09
    },
    "spectral_energy": {
        "mean": 0.0290957689285,
        "stdev": 0.0249059647322
    },
    "spectral_energyband_high": {
        "mean": 0.000951159279794,
        "stdev": 0.00145558419172
    },
    "spectral_energyband_low": {
        "mean": 0.0114544322714,
        "stdev": 0.0185577273369
    },
    "spectral_energyband_middle_high": {
        "mean": 0.00647776760161,
        "stdev": 0.00893873814493
    },
    "spectral_energyband_middle_low": {
        "mean": 0.0122854635119,
        "stdev": 0.0107768271118
    },
    "spectral_entropy": {
        "mean": 7.28708171844,
        "stdev": 0.621730566025
    },
    "spectral_flux": {
        "mean": 0.0687629282475,
        "stdev": 0.0555986091495
    },
    "spectral_kurtosis": {
        "mean": 5.4817647934,
        "stdev": 10.1737222672
    },
    "spectral_rms": {
        "mean": 0.00483902124688,
        "stdev": 0.00222933967598
    },
    "spectral_rolloff": {
        "mean": 1400.58874512,
        "stdev": 2325.41918945
    },
    "spectral_skewness": {
        "mean": 1.75126135349,
        "stdev": 0.856578171253
    },
    "spectral_spread": {
        "mean": 5697067,
        "stdev": 4071652.5
    },
    "spectral_strongpeak": {
        "mean": 1.30337822437,
        "stdev": 1.65618622303
    },
    "zerocrossingrate": {
        "mean": 0.0613593347371,
        "stdev": 0.0579969510436
    },
    "barkbands": {
        "mean": [0.000388788059354, 0.00600296305493, 0.00383875845, 0.0020337915048, 0.00345952995121, 0.0017058274243, 0.00145564530976, 0.000994928763248, 0.000798803870566, 0.0025765451137, 0.00119726359844, 0.000832293357234, 0.000302119820844, 0.000661854224745, 0.00055377575336, 0.000271344557405, 0.000420275697252, 0.000247308606049, 0.000284045672743, 0.000318666890962, 0.00023522178526, 6.03199150646e-05, 0.000102464131487, 0.000143582568853, 0.000107625142846, 0.000102023688669, 1.01306452116e-09],
        "stdev": [0.00281776394695, 0.0128928087652, 0.00658026430756, 0.00300585501827, 0.00514913117513, 0.00316757056862, 0.00359401013702, 0.002211837098, 0.00246560410596, 0.00517581868917, 0.00479247746989, 0.00208808318712, 0.00141640612856, 0.00191677210387, 0.00121983629651, 0.000873544777278, 0.000823310983833, 0.000433207285823, 0.000467102363473, 0.000553616613615, 0.000477017019875, 0.000144643956446, 0.000279658503132, 0.000251870573265, 0.000258468062384, 0.000448891834822, 1.72351488636e-09]
    },
    "erbbands": {
        "mean": [0.123381853104, 1.51935946941, 4.39027786255, 6.47288322449, 8.69456863403, 12.1985569, 11.5276794434, 12.8893842697, 20.9906311035, 19.8497428894, 23.6933479309, 21.3842391968, 87.1964035034, 46.8104934692, 41.5823326111, 38.7974395752, 15.7868709564, 38.2362327576, 21.4719409943, 27.8608760834, 21.57670784, 18.3077392578, 13.5556030273, 14.2664842606, 13.730219841, 14.2488803864, 16.2347335815, 4.65971517563, 2.25805497169, 1.98571372032, 3.4469397068, 2.41086959839, 2.67088794708, 1.70585882664, 0.611397147179, 0.75400775671, 0.0764386206865, 0.00425419351086, 0.000123405334307, 4.31443404523e-05],
        "stdev": [0.516352713108, 2.55726051331, 7.00114202499, 9.40305042267, 11.3951416016, 21.9324970245, 19.0351886749, 27.8540554047, 48.5187644958, 53.1348342896, 50.1522521973, 64.2969436646, 186.015945435, 121.753990173, 153.214477539, 92.470451355, 54.6573486328, 111.081726074, 51.122756958, 58.7139968872, 48.810131073, 34.4573860168, 24.8307781219, 21.2224597931, 25.6417655945, 25.1508483887, 30.2578544617, 8.51358699799, 5.36650848389, 4.49686479568, 10.0686349869, 4.19732427597, 5.12448549271, 3.80298542976, 1.75877249241, 3.51869535446, 0.244831204414, 0.0140374181792, 0.000348933215719, 4.39150680904e-05]
    },
    "gfcc": {
        "mean": [-27.9761676788, 94.1179122925, -98.2448806763, 33.2157287598, -59.6673469543, 19.3195285797, -40.9363288879, 18.3734092712, -32.5045051575, 1.68915748596, -19.2479705811, -4.56335830688, -6.59432840347],
        "cov": [[25716.0839844, -323.798614502, -2275.5847168, 711.079467773, -766.274047852, 795.148193359, -548.013977051, 857.393432617, -608.24609375, 433.159454346, -275.893737793, -65.6401062012, 30.2042484283], [-323.798614502, 1177.3079834, -18.8416233063, -125.3387146, -6.28818178177, -192.431854248, 93.1920089722, -167.226623535, 49.6124153137, -152.150802612, 60.8550071716, -119.847976685, 39.5226097107], [-2275.5847168, -18.8416233063, 1068.19067383, -73.5254058838, -73.4159698486, -85.8005905151, -5.98972034454, -99.8311004639, 57.2486839294, 9.80758285522, -44.9151153564, 130.538345337, -98.5154037476], [711.079467773, -125.3387146, -73.5254058838, 397.187805176, 89.5439453125, 21.7313461304, -25.4797229767, 91.3525314331, 70.1263198853, 5.65516853333, 7.60270023346, 38.3854103088, -43.7005691528], [-766.274047852, -6.28818178177, -73.4159698486, 89.5439453125, 329.796142578, 46.9816322327, 76.2714538574, 38.1151046753, 57.2043075562, -15.0650682449, 23.3729953766, 24.4138069153, -6.437541008], [795.148193359, -192.431854248, -85.8005905151, 21.7313461304, 46.9816322327, 295.383605957, 52.9826393127, 28.4853782654, -44.2669181824, 50.9385948181, 11.6024007797, -2.57740116119, 6.18777418137], [-548.013977051, 93.1920089722, -5.98972034454, -25.4797229767, 76.2714538574, 52.9826393127, 205.097503662, -5.12006378174, 19.8063316345, -12.0837726593, 24.747636795, -39.6464729309, 11.1941604614], [857.393432617, -167.226623535, -99.8311004639, 91.3525314331, 38.1151046753, 28.4853782654, -5.12006378174, 207.61277771, 21.3159694672, 17.3212966919, -28.5247840881, 24.6098613739, 8.72202396393], [-608.24609375, 49.6124153137, 57.2486839294, 70.1263198853, 57.2043075562, -44.2669181824, 19.8063316345, 21.3159694672, 154.121887207, -5.46645879745, -1.93455600739, 26.2926445007, -36.7366790771], [433.159454346, -152.150802612, 9.80758285522, 5.65516853333, -15.0650682449, 50.9385948181, -12.0837726593, 17.3212966919, -5.46645879745, 129.622848511, 27.7081050873, 18.0486431122, -21.3148593903], [-275.893737793, 60.8550071716, -44.9151153564, 7.60270023346, 23.3729953766, 11.6024007797, 24.747636795, -28.5247840881, -1.93455600739, 27.7081050873, 132.388366699, -9.72618961334, 22.1204776764], [-65.6401062012, -119.847976685, 130.538345337, 38.3854103088, 24.4138069153, -2.57740116119, -39.6464729309, 24.6098613739, 26.2926445007, 18.0486431122, -9.72618961334, 161.847045898, -25.129650116], [30.2042484283, 39.5226097107, -98.5154037476, -43.7005691528, -6.437541008, 6.18777418137, 11.1941604614, 8.72202396393, -36.7366790771, -21.3148593903, 22.1204776764, -25.129650116, 127.800865173]],
        "icov": [[0.000125030375784, -0.0002416260686, 0.000230467398069, -0.000251548306551, 0.000342538492987, -0.00032450753497, 0.000206642391277, -0.000445948418928, 0.000465197983431, -0.000473805586807, 0.000367559754523, -0.000171851803316, 0.000139404801303], [-0.0002416260686, 0.0018782421248, -0.000369394168956, 0.000724842422642, -0.000600615341682, 0.00128113199025, -0.000852193625178, 0.00160318764392, -0.00144536443986, 0.00219755223952, -0.00139574124478, 0.000934879470151, -0.000311241165036], [0.000230467398069, -0.000369394168956, 0.00171004363801, -0.00023620754655, 0.000962293532211, -0.000315168319503, -2.5894261853e-05, -0.000166222671396, 0.000519707216881, -0.000913928728551, 0.00101214495953, -0.00141362706199, 0.0009183443035], [-0.000251548306551, 0.000724842422642, -0.00023620754655, 0.00395535444841, -0.00123027630616, 0.00038384043728, 0.000327977497363, -0.000251424207818, -0.00216130004264, 0.00167925213464, -0.00161372532602, 0.00020271280664, 0.000891560979653], [0.000342538492987, -0.000600615341682, 0.000962293532211, -0.00123027630616, 0.00496261287481, -0.00138114148285, -0.000854912213981, -0.00142167811282, 0.000179593058419, -0.000423558289185, 0.000380071025575, -0.00142786290962, 0.000549076066818], [-0.00032450753497, 0.00128113199025, -0.000315168319503, 0.00038384043728, -0.00138114148285, 0.00553971575573, -0.00212225178257, 0.00131893099751, 0.000272480159765, -4.14866772189e-05, -0.000849714386277, 0.000407518266002, -0.00037449694355], [0.000206642391277, -0.000852193625178, -2.5894261853e-05, 0.000327977497363, -0.000854912213981, -0.00212225178257, 0.00702243624255, -0.00123058771715, -0.000333329866407, -0.000303408218315, -0.000283971516183, 0.00147363287397, 2.79623000097e-05], [-0.000445948418928, 0.00160318764392, -0.000166222671396, -0.000251424207818, -0.00142167811282, 0.00131893099751, -0.00123058771715, 0.00838064588606, -0.00259167794138, 0.000953254988417, 0.00053657713579, -8.84239925654e-05, -0.0019003956113], [0.000465197983431, -0.00144536443986, 0.000519707216881, -0.00216130004264, 0.000179593058419, 0.000272480159765, -0.000333329866407, -0.00259167794138, 0.0107574099675, -0.00223169499077, 0.00149967253674, -0.00154098821804, 0.00235799746588], [-0.000473805586807, 0.00219755223952, -0.000913928728551, 0.00167925213464, -0.000423558289185, -4.14866772189e-05, -0.000303408218315, 0.000953254988417, -0.00223169499077, 0.0128812715411, -0.00504279974848, 0.000508655561134, 0.00172398821451], [0.000367559754523, -0.00139574124478, 0.00101214495953, -0.00161372532602, 0.000380071025575, -0.000849714386277, -0.000283971516183, 0.00053657713579, 0.00149967253674, -0.00504279974848, 0.010895665735, -0.00085257855244, -0.00184177118354], [-0.000171851803316, 0.000934879470151, -0.00141362706199, 0.00020271280664, -0.00142786290962, 0.000407518266002, 0.00147363287397, -8.84239925654e-05, -0.00154098821804, 0.000508655561134, -0.00085257855244, 0.00863254163414, 3.29668432641e-06], [0.000139404801303, -0.000311241165036, 0.0009183443035, 0.000891560979653, 0.000549076066818, -0.00037449694355, 2.79623000097e-05, -0.0019003956113, 0.00235799746588, 0.00172398821451, -0.00184177118354, 3.29668432641e-06, 0.0103585589677]]
    },
    "melbands": {
        "mean": [0.00143412081525, 0.00229407311417, 0.00114352966193, 0.000798742112238, 0.000418844429078, 0.000310234172503, 0.000324839551467, 0.000203312083613, 0.000180893810466, 0.000141681841342, 0.000430504645919, 0.000175628112629, 0.000161454809131, 0.000102035352029, 5.18359956914e-05, 3.54807743861e-05, 7.82334755058e-05, 3.06983965856e-05, 3.83116966987e-05, 2.70480286417e-05, 2.76420778391e-05, 2.1548676159e-05, 1.50262403622e-05, 1.03214024421e-05, 1.13087608042e-05, 1.12026200441e-05, 7.55802147978e-06, 9.71740792011e-06, 1.24778262034e-05, 5.5408136177e-06, 1.80692666163e-06, 1.27604107547e-06, 1.06553591195e-06, 1.05181879917e-06, 1.93814207705e-06, 1.80202187039e-06, 1.40160602768e-06, 1.77702327164e-06, 2.01952525458e-06, 1.25775670767e-06],
        "stdev": [0.00408649491146, 0.00332613335922, 0.00147107674275, 0.00130549550522, 0.000635810545646, 0.000662724312861, 0.00074880005559, 0.000530768476892, 0.000397991476348, 0.000430537998909, 0.000925225380342, 0.000495336600579, 0.000673996692058, 0.000253018602962, 0.000129846273921, 0.000171528095962, 0.000233103055507, 8.06996249594e-05, 9.54339193413e-05, 6.8636785727e-05, 6.43896564725e-05, 4.31894222856e-05, 3.81738100259e-05, 1.82594267244e-05, 1.8551319954e-05, 2.38623324549e-05, 1.27485118355e-05, 1.8317339709e-05, 2.45508144872e-05, 1.13977603178e-05, 4.85645387016e-06, 3.2314337659e-06, 2.57063970821e-06, 2.42738997258e-06, 5.63403500564e-06, 4.63488322566e-06, 2.56887847172e-06, 3.58637726094e-06, 4.09184895034e-06, 3.21420384353e-06]
    },
    "melbands128": {
        "mean": [0.000285859568976, 0.000760619237553, 0.00189874088392, 0.00274999276735, 0.00243159732781, 0.00180190091487, 0.00140776776243, 0.00083769892808, 0.000844511436298, 0.000964441685937, 0.000746520236135, 0.000441975600552, 0.000423089921242, 0.000308740563923, 0.000203497576877, 0.000416665279772, 0.00039992359234, 0.000291414064122, 0.000279074389255, 0.000240379740717, 0.000128170038806, 0.000194409818505, 0.000247036485234, 7.89140976849e-05, 0.00010170245514, 0.000107738786028, 0.00034855917329, 0.000746458768845, 0.000160509312991, 0.000178398724529, 0.000155954039656, 0.000208797238884, 0.000216197237023, 8.5663079517e-05, 5.40266228199e-05, 0.0001413483551, 0.000139447802212, 2.09442205232e-05, 2.42912265094e-05, 3.0071092624e-05, 2.97069145745e-05, 5.4742085922e-05, 9.0931673185e-05, 9.82206111075e-05, 1.30624384838e-05, 2.48623709922e-05, 4.07268125855e-05, 2.60973974946e-05, 4.8022789997e-05, 4.87645702378e-05, 1.51462218128e-05, 1.58654347615e-05, 2.23953811656e-05, 3.41494596796e-05, 4.0279886889e-05, 1.58514139912e-05, 8.56834594742e-06, 1.85503758985e-05, 1.79549260793e-05, 9.10353082872e-06, 8.73105091159e-06, 7.97076972958e-06, 1.99290825549e-05, 8.62340493768e-06, 5.08548555445e-06, 1.39909416248e-05, 1.40576939884e-05, 5.12498809258e-06, 4.47232832812e-06, 1.32387076519e-05, 6.82200470692e-06, 7.5853290582e-06, 1.93436881091e-05, 1.18272400869e-05, 7.23541506886e-06, 8.62872002472e-06, 2.99408156934e-06, 1.58183991061e-06, 1.94678113985e-06, 1.59355363394e-06, 1.26132704281e-06, 1.17740239602e-06, 1.14744250368e-06, 1.00061640751e-06, 1.07621156076e-06, 1.00298370853e-06, 1.10902055894e-06, 1.01383318452e-06, 1.79289884272e-06, 2.83239796772e-06, 2.37708627537e-06, 1.23997381252e-06, 1.4022942878e-06, 1.2598873127e-06, 1.40774864121e-06, 1.82361213774e-06, 1.74298895672e-06, 1.86435022442e-06, 2.53062444244e-06, 1.73613375409e-06, 1.54000906605e-06, 1.19166588775e-06, 9.1875989483e-07, 6.33715387721e-07, 4.86969497615e-07, 4.34311004938e-07, 5.2280933005e-07, 2.16319858737e-06, 2.41967245529e-06, 4.63979745291e-07, 3.06025839336e-07, 2.26245489898e-07, 1.75976154537e-07, 1.22652295431e-07, 9.30561085966e-08, 1.52622998684e-08, 8.27208006954e-12, 4.72742504865e-12, 4.56262805315e-12, 4.41853194658e-12, 4.29951083417e-12, 4.19938823298e-12, 4.10287212191e-12, 4.02518816889e-12, 3.96367964492e-12, 3.91752472476e-12, 3.88412305791e-12, 3.85816812526e-12],
        "stdev": [0.00218562711962, 0.00477765174583, 0.00506019219756, 0.00442651193589, 0.00406439136714, 0.0031784849707, 0.00224634655751, 0.00127426278777, 0.00124579714611, 0.00209724041633, 0.0017141061835, 0.000785092881415, 0.000861801730935, 0.000659130921122, 0.000515292631462, 0.00129800580908, 0.00125607615337, 0.000990024651401, 0.0011703458149, 0.000774959509727, 0.000563661451451, 0.000538774766028, 0.000614690070506, 0.000366147898603, 0.000516275526024, 0.000680645811372, 0.000753025175072, 0.0017962892307, 0.000501183210872, 0.000726432539523, 0.000701055920217, 0.000967193045653, 0.00117814249825, 0.000531887402758, 0.000344642379787, 0.000399052136345, 0.000402327947086, 0.000128135638079, 0.000148279883433, 0.000188276404515, 0.000219996232772, 0.000409944885178, 0.000291049218504, 0.000357308832463, 8.4397077444e-05, 9.21878163354e-05, 0.000176802132046, 0.000144394158269, 0.000138053073897, 0.00013577392383, 9.95692098513e-05, 8.46499460749e-05, 0.00010696384561, 9.4439194072e-05, 9.73193964455e-05, 6.02691652603e-05, 3.55843585567e-05, 8.27384355944e-05, 4.99384805153e-05, 2.71899880318e-05, 2.58395466517e-05, 2.32024412981e-05, 4.17232258769e-05, 2.19442026719e-05, 1.65027831827e-05, 4.00552271458e-05, 3.78241929866e-05, 1.90368864423e-05, 1.20779941426e-05, 3.02596636175e-05, 2.37921576627e-05, 2.45500414167e-05, 4.51137093478e-05, 3.92302608816e-05, 2.34112267208e-05, 2.21872178372e-05, 1.11394037958e-05, 3.67917346011e-06, 7.44230237615e-06, 5.34363744009e-06, 3.3323021853e-06, 3.10281438942e-06, 3.02627677229e-06, 2.67553855338e-06, 2.80704648503e-06, 2.64537516159e-06, 2.67061614068e-06, 2.52740028373e-06, 4.85798045702e-06, 1.14229933388e-05, 7.824873137e-06, 2.46134823101e-06, 2.66005486083e-06, 2.43922954724e-06, 3.70360862689e-06, 4.24617928729e-06, 3.85133762393e-06, 4.36854452346e-06, 5.68142604607e-06, 4.04260254072e-06, 4.11338669437e-06, 3.39309485753e-06, 2.94115170618e-06, 2.20441779675e-06, 1.62957212524e-06, 1.41048838032e-06, 1.76030209786e-06, 1.12292009362e-05, 1.30822036226e-05, 1.37613324114e-06, 8.37387744923e-07, 7.24201470348e-07, 5.95061919739e-07, 4.10457687394e-07, 3.63708807072e-07, 8.19689631726e-08, 4.47094479494e-11, 7.89194317535e-12, 7.62258658971e-12, 7.39302282587e-12, 7.19629434168e-12, 7.02548999879e-12, 6.87566670265e-12, 6.75036112077e-12, 6.64572910591e-12, 6.56325167825e-12, 6.50461238691e-12, 6.46718009006e-12]
    },
    "mfcc": {
        "mean": [-668.810180664, 122.043701172, 18.8473491669, 20.7572021484, 9.88010406494, -2.63507938385, 8.26763248444, 1.58331334591, 4.14253425598, 4.63479185104, -9.44069576263, -0.178910732269, -3.47604608536],
        "cov": [[12770.5371094, -494.359924316, -1077.1151123, 145.87020874, 150.385635376, -103.864990234, 417.548583984, 49.866558075, 237.7215271, 456.16506958, -194.351379395, 235.22744751, 16.3878917694], [-494.359924316, 1211.36413574, 185.019790649, -24.9092197418, -77.83984375, -50.0938568115, -5.60306358337, -54.828289032, -20.28033638, -75.1091384888, -12.6866149902, -72.5865707397, -35.6673660278], [-1077.1151123, 185.019790649, 827.856262207, 2.91970610619, -76.7105255127, 40.0201034546, -101.018173218, -30.5117759705, -30.8388671875, -145.590911865, 75.1922683716, -19.418674469, -2.65833473206], [145.87020874, -24.9092197418, 2.91970610619, 342.458618164, 89.7724304199, -19.241809845, -80.8210678101, 97.3102722168, 11.992433548, -6.48047637939, 37.8289985657, 62.4515304565, 23.9762802124], [150.385635376, -77.83984375, -76.7105255127, 89.7724304199, 214.050247192, 19.4540290833, -1.53820466995, 68.4272155762, 7.71022367477, 13.5467710495, -5.1907954216, 19.4012413025, 34.5948944092], [-103.864990234, -50.0938568115, 40.0201034546, -19.241809845, 19.4540290833, 260.841125488, 18.465549469, 59.6117324829, -54.6884040833, 53.3723487854, 39.2213783264, -29.2035636902, 40.4467277527], [417.548583984, -5.60306358337, -101.018173218, -80.8210678101, -1.53820466995, 18.465549469, 262.594329834, -45.6979866028, 31.2278423309, 44.6876525879, -32.7393341064, 5.93457317352, -15.3052148819], [49.866558075, -54.828289032, -30.5117759705, 97.3102722168, 68.4272155762, 59.6117324829, -45.6979866028, 221.266769409, 25.2527694702, 32.817691803, 15.0953645706, 11.2594585419, 42.3696212769], [237.7215271, -20.28033638, -30.8388671875, 11.992433548, 7.71022367477, -54.6884040833, 31.2278423309, 25.2527694702, 147.315368652, 17.3429908752, -24.244436264, -1.9197384119, -21.4970932007], [456.16506958, -75.1091384888, -145.590911865, -6.48047637939, 13.5467710495, 53.3723487854, 44.6876525879, 32.817691803, 17.3429908752, 166.385269165, 8.54561424255, 10.3347072601, 10.9486818314], [-194.351379395, -12.6866149902, 75.1922683716, 37.8289985657, -5.1907954216, 39.2213783264, -32.7393341064, 15.0953645706, -24.244436264, 8.54561424255, 111.627792358, 22.1252841949, 7.88408279419], [235.22744751, -72.5865707397, -19.418674469, 62.4515304565, 19.4012413025, -29.2035636902, 5.93457317352, 11.2594585419, -1.9197384119, 10.3347072601, 22.1252841949, 110.593788147, 24.5577335358], [16.3878917694, -35.6673660278, -2.65833473206, 23.9762802124, 34.5948944092, 40.4467277527, -15.3052148819, 42.3696212769, -21.4970932007, 10.9486818314, 7.88408279419, 24.5577335358, 118.791122437]],
        "icov": [[0.000101563498902, 9.18218665902e-06, 6.62733582431e-05, -5.70788906771e-05, 3.23312406181e-06, 3.51447329194e-06, -8.17722684587e-05, 2.99582516163e-05, -8.37539118947e-05, -0.000192418810911, 0.00015525217168, -0.000180741670192, 8.02922113508e-06], [9.18218665902e-06, 0.000929861678742, -0.000170879487996, -0.000160651630722, 0.000232320773648, 0.000281691522105, -0.000179814174771, 1.00788411146e-05, 0.000225135416258, 0.000107305808342, 5.54336183995e-05, 0.00067571044201, 3.67879852092e-06], [6.62733582431e-05, -0.000170879487996, 0.00177425087895, -7.69739654061e-06, 0.000450400286354, -0.000645138556138, 0.000350449583493, 0.000228940669331, -0.000476330460515, 0.00143883144483, -0.000952482630964, -0.000161011295859, -8.95145058166e-05], [-5.70788906771e-05, -0.000160651630722, -7.69739654061e-06, 0.0044186017476, -0.00138871837407, 0.000336797820637, 0.00108337413985, -0.00133596803062, -0.00028276728699, 0.000408352905652, -0.00101824605372, -0.00199022493325, 0.000363688450307], [3.23312406181e-06, 0.000232320773648, 0.000450400286354, -0.00138871837407, 0.00600989256054, -0.000318014062941, -0.000426447950304, -0.00102930492721, -3.08279049932e-05, 0.000403132027714, 0.000628314213827, 7.18358569429e-05, -0.00106937251985], [3.51447329194e-06, 0.000281691522105, -0.000645138556138, 0.000336797820637, -0.000318014062941, 0.00623114872724, -0.00120402756147, -0.00175431068055, 0.0025500333868, -0.00199409527704, -0.00169214105699, 0.00268835877068, -0.00135494035203], [-8.17722684587e-05, -0.000179814174771, 0.000350449583493, 0.00108337413985, -0.000426447950304, -0.00120402756147, 0.00513394689187, 0.001197807258, -0.00133677734993, -0.000561159744393, 0.000976715353318, -0.00142413994763, 0.000554255209863], [2.99582516163e-05, 1.00788411146e-05, 0.000228940669331, -0.00133596803062, -0.00102930492721, -0.00175431068055, 0.001197807258, 0.00676099630073, -0.00201933667995, -0.000640009646304, 6.16787583567e-05, 2.60263295786e-05, -0.00140231603291], [-8.37539118947e-05, 0.000225135416258, -0.000476330460515, -0.00028276728699, -3.08279049932e-05, 0.0025500333868, -0.00133677734993, -0.00201933667995, 0.00897196680307, -0.00129588937853, 0.00101059419103, 0.00115478422958, 0.00125155679416], [-0.000192418810911, 0.000107305808342, 0.00143883144483, 0.000408352905652, 0.000403132027714, -0.00199409527704, -0.000561159744393, -0.000640009646304, -0.00129588937853, 0.00900430325419, -0.00165067974012, -0.000506410200614, -0.000124094658531], [0.00015525217168, 5.54336183995e-05, -0.000952482630964, -0.00101824605372, 0.000628314213827, -0.00169214105699, 0.000976715353318, 6.16787583567e-05, 0.00101059419103, -0.00165067974012, 0.0119883809239, -0.00290990993381, 0.000817369960714], [-0.000180741670192, 0.00067571044201, -0.000161011295859, -0.00199022493325, 7.18358569429e-05, 0.00268835877068, -0.00142413994763, 2.60263295786e-05, 0.00115478422958, -0.000506410200614, -0.00290990993381, 0.012994794175, -0.00274076638743], [8.02922113508e-06, 3.67879852092e-06, -8.95145058166e-05, 0.000363688450307, -0.00106937251985, -0.00135494035203, 0.000554255209863, -0.00140231603291, 0.00125155679416, -0.000124094658531, 0.000817369960714, -0.00274076638743, 0.0104373488575]]
    },
    "spectral_contrast_coeffs": {
        "mean": [-0.705117225647, -0.713595449924, -0.694199383259, -0.754995584488, -0.762191474438, -0.778187692165],
        "stdev": [0.0782657340169, 0.0804116725922, 0.0990010499954, 0.0713563486934, 0.0663860961795, 0.0473282113671]
    },
    "spectral_contrast_valleys": {
        "mean": [-6.83226728439, -7.44675636292, -8.25733470917, -8.69097232819, -8.43839454651, -10.7166957855],
        "stdev": [2.34381079674, 2.29584550858, 2.24868702888, 2.255849123, 2.32292866707, 2.20991897583]
    }
},
"rhythm": {
    "beats_count": 376,
    "beats_loudness": {
        "mean": 0.0379249416292,
        "stdev": 0.0243275333196
    },
    "bpm": 115.712532043,
    "bpm_histogram_first_peak_bpm": 115,
    "bpm_histogram_first_peak_weight": 0.52083337307,
    "bpm_histogram_second_peak_bpm": 110,
    "bpm_histogram_second_peak_spread": 0.0909091234207,
    "bpm_histogram_second_peak_weight": 0.0266666673124,
    "danceability": 1.13334453106,
    "onset_rate": 3.48630356789,
    "beats_loudness_band_ratio": {
        "mean": [0.442154496908, 0.229980766773, 0.173068284988, 0.119348816574, 0.0486339777708, 0.0595715753734],
        "stdev": [0.233044341207, 0.180262923241, 0.157932788134, 0.151271745563, 0.0489838793874, 0.0684171020985]
    },
    "beats_position": [0.557278871536, 1.10294783115, 1.62539684772, 2.15945577621, 2.67029476166, 3.1811337471, 3.69197273254, 4.20281171799, 4.71365070343, 5.22448968887, 5.74693870544, 6.28099775314, 6.80344676971, 7.33750534058, 7.8831744194, 8.44045352936, 8.98612213135, 9.52018165588, 10.0658502579, 10.6115188599, 11.1455783844, 11.6796369553, 12.202085495, 12.7245349884, 13.2469835281, 13.7694330215, 14.2802715302, 14.7911109924, 15.2090702057, 15.6270294189, 16.0565986633, 16.4629478455, 16.8692970276, 17.2756462097, 17.6819953918, 18.0999546051, 18.5295238495, 18.9474830627, 19.365442276, 19.7834014893, 20.2129707336, 20.6309299469, 21.1301574707, 21.6293869019, 22.1402263641, 22.6510658264, 23.1502952576, 23.6379127502, 24.1255321503, 24.6247615814, 25.1239910126, 25.6464385986, 26.168888092, 26.6913375854, 27.1673469543, 27.6549663544, 28.1309738159, 28.6534233093, 29.1874828339, 29.7215423584, 30.2555999756, 30.778049469, 31.3004989624, 31.8113365173, 32.3337860107, 32.8562355042, 33.3786849976, 33.901134491, 34.4119720459, 34.9228096008, 35.4336509705, 35.9561004639, 36.4785499573, 36.9893875122, 37.5002250671, 38.0110664368, 38.545124054, 39.0559616089, 39.5784111023, 40.1008605957, 40.6116981506, 41.134147644, 41.6565971375, 42.1674385071, 42.678276062, 43.2007255554, 43.7231750488, 44.2340126038, 44.7448501587, 45.2672996521, 45.7897491455, 46.3121986389, 46.8346481323, 47.3454856873, 47.8563270569, 48.3671646118, 48.8780021667, 49.4004516602, 49.9229011536, 50.4221305847, 50.9678001404, 51.5018577576, 52.024307251, 52.5235366821, 53.0343742371, 53.5568237305, 54.0792732239, 54.5901107788, 55.1009521484, 55.6117897034, 56.122631073, 56.6450767517, 57.1675262451, 57.6783676147, 58.2008171082, 58.7232627869, 59.2341041565, 59.7565536499, 60.2789993286, 60.7898406982, 61.3006782532, 61.8115196228, 62.3339653015, 62.8564147949, 63.3672561646, 63.9013137817, 64.4121551514, 64.9229888916, 65.4338302612, 65.9446716309, 66.4671173096, 66.9895706177, 67.5120162964, 68.0344696045, 68.5453033447, 69.0561447144, 69.566986084, 70.0894317627, 70.6118774414, 71.1343307495, 71.6567764282, 72.1676177979, 72.6784591675, 73.2009048462, 73.7233581543, 74.2341918945, 74.7450332642, 75.2558746338, 75.766708374, 76.2891616821, 76.8116073608, 77.3224487305, 77.8332901001, 78.3673477173, 78.889793396, 79.4122467041, 79.9230804443, 80.433921814, 80.9447631836, 81.4672088623, 81.9896621704, 82.5004959106, 83.0229492188, 83.533782959, 84.0562362671, 84.5670700073, 85.0895233154, 85.6119689941, 86.1228103638, 86.656867981, 87.1677093506, 87.6785507202, 88.2009963989, 88.7234420776, 89.2342834473, 89.7567367554, 90.2675704956, 90.7900238037, 91.3008575439, 91.8233108521, 92.3457565308, 92.8565979004, 93.36743927, 93.8782730103, 94.3891143799, 94.9115600586, 95.4340133667, 95.9564590454, 96.4789123535, 96.9897460938, 97.5005874634, 98.011428833, 98.5222625732, 99.0447158813, 99.5671615601, 100.089614868, 100.612060547, 101.134513855, 101.656959534, 102.179405212, 102.701858521, 103.21269989, 103.72353363, 104.234375, 104.74521637, 105.267662048, 105.790107727, 106.300949097, 106.811790466, 107.322631836, 107.833465576, 108.344306946, 108.878364563, 109.400817871, 109.92326355, 110.434104919, 110.94493866, 111.467391968, 111.989837646, 112.512290955, 113.034736633, 113.545578003, 114.068023682, 114.578865051, 115.089706421, 115.6121521, 116.134597778, 116.645439148, 117.167892456, 117.678726196, 118.189567566, 118.712013245, 119.234466553, 119.745300293, 120.267753601, 120.778594971, 121.289428711, 121.811882019, 122.334327698, 122.856781006, 123.367614746, 123.890068054, 124.412513733, 124.923355103, 125.45741272, 125.968254089, 126.47908783, 126.989929199, 127.500770569, 128.023223877, 128.545669556, 129.056503296, 129.567337036, 130.089797974, 130.612243652, 131.134689331, 131.65713501, 132.167984009, 132.690429688, 133.212875366, 133.723709106, 134.234558105, 134.745391846, 135.256240845, 135.767074585, 136.289520264, 136.811965942, 137.334411621, 137.856872559, 138.367706299, 138.890151978, 139.412597656, 139.923446655, 140.457504272, 140.968338013, 141.479187012, 141.990020752, 142.512466431, 143.034912109, 143.545761108, 144.068206787, 144.590652466, 145.101501465, 145.623947144, 146.146392822, 146.657226562, 147.168075562, 147.678909302, 148.189743042, 148.700592041, 149.234649658, 149.757095337, 150.279541016, 150.790390015, 151.301223755, 151.812057495, 152.322906494, 152.845352173, 153.367797852, 153.878631592, 154.401092529, 154.923538208, 155.445983887, 155.956817627, 156.467666626, 156.990112305, 157.524169922, 158.035003662, 158.545852661, 159.056686401, 159.567520142, 160.089981079, 160.612426758, 161.123260498, 161.634094238, 162.156555176, 162.679000854, 163.189834595, 163.700683594, 164.223129272, 164.745574951, 165.26802063, 165.790466309, 166.301315308, 166.812149048, 167.334594727, 167.857055664, 168.367889404, 168.878723145, 169.401168823, 169.923629761, 170.434463501, 170.945297241, 171.467758179, 171.990203857, 172.512649536, 173.035095215, 173.545944214, 174.056777954, 174.579223633, 175.101669312, 175.612518311, 176.123352051, 176.645797729, 177.168243408, 177.679092407, 178.189926147, 178.712371826, 179.223220825, 179.745666504, 180.256500244, 180.778961182, 181.30140686, 181.812240601, 182.334686279, 182.857131958, 183.367980957, 183.890426636, 184.401260376, 184.923721313, 185.434555054, 185.957000732, 186.479446411, 186.99029541, 187.512741089, 188.035186768, 188.546035767, 189.068481445, 189.602539062, 190.13659668, 190.682266235, 191.227935791, 191.773605347, 192.319274902, 192.93460083, 193.538314819],
    "bpm_histogram": [0, 0, 0, 0, 0, 0, 0, 0, 0, 0, 0, 0, 0, 0, 0, 0, 0, 0, 0, 0, 0, 0, 0, 0, 0, 0, 0, 0, 0, 0, 0, 0, 0, 0, 0, 0, 0, 0, 0, 0, 0, 0, 0, 0, 0, 0, 0, 0, 0, 0, 0, 0, 0, 0, 0, 0, 0, 0, 0, 0, 0, 0, 0, 0, 0, 0, 0, 0, 0, 0, 0, 0, 0, 0, 0, 0, 0, 0, 0, 0, 0, 0, 0, 0, 0, 0, 0, 0, 0, 0, 0, 0, 0, 0, 0, 0, 0, 0, 0.00266666663811, 0.00266666663811, 0, 0, 0, 0, 0, 0, 0, 0, 0.00266666663811, 0, 0.0266666673124, 0, 0.0560000017285, 0, 0, 0.429333329201, 0, 0.410666674376, 0, 0, 0.0186666660011, 0, 0, 0.00800000037998, 0, 0, 0.00533333327621, 0, 0, 0, 0, 0, 0, 0, 0, 0, 0, 0, 0, 0, 0.00800000037998, 0, 0, 0, 0.0186666660011, 0, 0, 0, 0.0106666665524, 0, 0, 0, 0, 0, 0, 0, 0, 0, 0, 0, 0, 0, 0, 0, 0, 0, 0, 0, 0, 0, 0, 0, 0, 0, 0, 0, 0, 0, 0, 0, 0, 0, 0, 0, 0, 0, 0, 0, 0, 0, 0, 0, 0, 0, 0, 0, 0, 0, 0, 0, 0, 0, 0, 0, 0, 0, 0, 0, 0, 0, 0, 0, 0, 0, 0, 0, 0, 0, 0, 0, 0, 0, 0, 0, 0, 0, 0, 0, 0, 0, 0, 0, 0, 0, 0, 0, 0, 0, 0, 0, 0, 0, 0, 0, 0, 0, 0, 0, 0, 0]
},
"tonal": {
    "chords_changes_rate": 0.0537891462445,
    "chords_number_rate": 0.00215156585909,
    "chords_strength": {
        "mean": 0.489834874868,
        "stdev": 0.1361618191
    },
    "hpcp_crest": {
        "mean": 16.1598720551,
        "stdev": 7.21746587753
    },
    "hpcp_entropy": {
        "mean": 1.59082627296,
        "stdev": 0.666610658169
    },
    "key_edma": {
        "strength": 0.826041281223,
        "key": "G",
        "scale": "major"
    },
    "key_krumhansl": {
        "strength": 0.839142084122,
        "key": "G",
        "scale": "major"
    },
    "key_temperley": {
        "strength": 0.850906431675,
        "key": "G",
        "scale": "major"
    },
    "tuning_diatonic_strength": 0.671880841255,
    "tuning_equal_tempered_deviation": 0.0209635533392,
    "tuning_frequency": 440.763122559,
    "tuning_nontempered_energy_ratio": 0.633310616016,
    "hpcp": {
        "mean": [0.14434723556, 0.0952330008149, 0.0510480739176, 0.0488851219416, 0.0463674105704, 0.114692471921, 0.168573990464, 0.10196338594, 0.128888726234, 0.170341819525, 0.0805657505989, 0.0272899903357, 0.0302220545709, 0.0360288508236, 0.171233355999, 0.357092052698, 0.234822377563, 0.0511417873204, 0.0350302048028, 0.0272238999605, 0.0822372883558, 0.169243246317, 0.124150425196, 0.0421762987971, 0.0299388431013, 0.0205648783594, 0.0381335690618, 0.0596558041871, 0.0584194324911, 0.254106253386, 0.413825452328, 0.215542539954, 0.0425629653037, 0.0293925460428, 0.0398720391095, 0.0996652618051],
        "stdev": [0.269223153591, 0.200872510672, 0.16323839128, 0.162664651871, 0.146615758538, 0.20395386219, 0.280803591013, 0.188661023974, 0.236241072416, 0.316789537668, 0.175744727254, 0.101065374911, 0.101480782032, 0.119000852108, 0.212224990129, 0.36479857564, 0.277402192354, 0.13175471127, 0.136927247047, 0.100117519498, 0.162087589502, 0.292768448591, 0.229596734047, 0.114834882319, 0.108922570944, 0.0801221579313, 0.0973467603326, 0.133391022682, 0.137396171689, 0.288192600012, 0.414876133204, 0.254442334175, 0.125580757856, 0.116500757635, 0.139835119247, 0.212062343955]
    },
    "chords_histogram": [49.4142951965, 3.0839111805, 8.86923217773, 0, 0.549844622612, 0, 0, 0, 0, 0.286875456572, 0, 0, 0, 0, 0, 1.50609612465, 0, 11.1164236069, 0.597657203674, 2.29500365257, 0.430313169956, 1.19531440735, 14.8697109222, 5.78532171249],
    "thpcp": [1, 0.520853757858, 0.102852456272, 0.0710264369845, 0.0963498950005, 0.240838885307, 0.348811894655, 0.230128422379, 0.123356536031, 0.118129812181, 0.112045817077, 0.277151793242, 0.407355308533, 0.246392250061, 0.311456739902, 0.411627203226, 0.194685339928, 0.0659456551075, 0.0730309262872, 0.0870629176497, 0.413781583309, 0.862905025482, 0.567443072796, 0.123582988977, 0.0846497118473, 0.0657859519124, 0.198724582791, 0.408972531557, 0.300006747246, 0.10191808641, 0.0723465457559, 0.0496945716441, 0.0921489223838, 0.14415691793, 0.141169264913, 0.614042103291],
    "chords_key": "G",
    "chords_scale": "major"
}
}