{
"metadata": {
    "version": {
        "essentia": "2.1-dev",
        "essentia_git_sha": "v2.1_beta3-415-gd5473f3",
        "extractor": "music 2.0"
    },
    "audio_properties": {
        "analysis": {
            "equal_loudness": 0,
            "length": 261.485717773,
            "sample_rate": 44100,
            "start_time": 0,
            "downmix": "mix"
        },
        "bit_rate": 192000,
        "length": 261.485717773,
        "lossless": 0,
        "number_channels": 2,
        "replay_gain": -8.52433586121,
        "sample_rate": 44100,
        "codec": "mp3",
        "md5_encoded": "62719db749e98b7eb93c28d57e250142"
    },
    "tags": {
        "file_name": "cristian_castro-cuando_me_miras_asi.mp3",
        "album": ["Grandes Exitos"],
        "artist": ["Cristian Castro"],
        "date": ["0"],
        "genre": ["Other"],
        "title": ["Cuando Me Miras Así"]
    }
},
"lowlevel": {
    "average_loudness": 0.547834932804,
    "barkbands_crest": {
        "mean": 12.2974939346,
        "stdev": 4.73332595825
    },
    "barkbands_flatness_db": {
        "mean": 0.220750451088,
        "stdev": 0.0963840708137
    },
    "barkbands_kurtosis": {
        "mean": 13.8127222061,
        "stdev": 22.143497467
    },
    "barkbands_skewness": {
        "mean": 2.3392739296,
        "stdev": 1.84713459015
    },
    "barkbands_spread": {
        "mean": 15.1807842255,
        "stdev": 16.062953949
    },
    "dissonance": {
        "mean": 0.436566740274,
        "stdev": 0.0469021238387
    },
    "dynamic_complexity": 5.53896045685,
    "erbbands_crest": {
        "mean": 10.4040193558,
        "stdev": 4.78526210785
    },
    "erbbands_flatness_db": {
        "mean": 0.176213026047,
        "stdev": 0.0551117323339
    },
    "erbbands_kurtosis": {
        "mean": 3.0058131218,
        "stdev": 4.93239879608
    },
    "erbbands_skewness": {
        "mean": 0.946764707565,
        "stdev": 1.07058632374
    },
    "erbbands_spread": {
        "mean": 33.7075080872,
        "stdev": 21.4656620026
    },
    "hfc": {
        "mean": 13.8005819321,
        "stdev": 19.9864711761
    },
    "loudness_ebu128": {
        "integrated": -16.1898460388,
        "loudness_range": 12.2510356903,
        "momentary": {
            "mean": -20.9362888336,
            "stdev": 23.2488059998
        },
        "short_term": {
            "mean": -18.5174007416,
            "stdev": 5.61214494705
        }
    },
    "melbands_crest": {
        "mean": 16.3431148529,
        "stdev": 5.55597305298
    },
    "melbands_flatness_db": {
        "mean": 0.288133054972,
        "stdev": 0.12521314621
    },
    "melbands_kurtosis": {
        "mean": 25.2401771545,
        "stdev": 34.9716072083
    },
    "melbands_skewness": {
        "mean": 3.1169321537,
        "stdev": 2.04694342613
    },
    "melbands_spread": {
        "mean": 15.7484521866,
        "stdev": 21.6153259277
    },
    "pitch_salience": {
        "mean": 0.499104738235,
        "stdev": 0.118952833116
    },
    "silence_rate_20dB": {
        "mean": 1,
        "stdev": 0
    },
    "silence_rate_30dB": {
        "mean": 0.988635361195,
        "stdev": 0.105999536812
    },
    "silence_rate_60dB": {
        "mean": 0.145520731807,
        "stdev": 0.352596491575
    },
    "spectral_centroid": {
        "mean": 963.666137695,
        "stdev": 1162.86474609
    },
    "spectral_complexity": {
        "mean": 11.1891145706,
        "stdev": 8.38228988647
    },
    "spectral_decrease": {
        "mean": -5.92740923011e-09,
        "stdev": 6.0258527057e-09
    },
    "spectral_energy": {
        "mean": 0.0236231759191,
        "stdev": 0.0241651497781
    },
    "spectral_energyband_high": {
        "mean": 0.000455003522802,
        "stdev": 0.000849189411383
    },
    "spectral_energyband_low": {
        "mean": 0.0110395597294,
        "stdev": 0.0129313888028
    },
    "spectral_energyband_middle_high": {
        "mean": 0.0044507025741,
        "stdev": 0.0103677371517
    },
    "spectral_energyband_middle_low": {
        "mean": 0.00909957755357,
        "stdev": 0.012287334539
    },
    "spectral_entropy": {
        "mean": 7.12545013428,
        "stdev": 0.824860692024
    },
    "spectral_flux": {
        "mean": 0.0703367292881,
        "stdev": 0.051775932312
    },
    "spectral_kurtosis": {
        "mean": 8.51620006561,
        "stdev": 14.3330802917
    },
    "spectral_rms": {
        "mean": 0.00421064114198,
        "stdev": 0.00230598868802
    },
    "spectral_rolloff": {
        "mean": 1065.75317383,
        "stdev": 2197.49047852
    },
    "spectral_skewness": {
        "mean": 2.12718176842,
        "stdev": 1.31833350658
    },
    "spectral_spread": {
        "mean": 5105553.5,
        "stdev": 3852535.25
    },
    "spectral_strongpeak": {
        "mean": 0.743133962154,
        "stdev": 1.49802994728
    },
    "zerocrossingrate": {
        "mean": 0.0452463254333,
        "stdev": 0.0584549233317
    },
    "barkbands": {
        "mean": [0.000636034528725, 0.007409513928, 0.00215716310777, 0.00163788406644, 0.0014802555088, 0.000941139704082, 0.00107121665496, 0.00162844406441, 0.00117855379358, 0.00189734844025, 0.000694164889865, 0.00049753265921, 0.000258317682892, 0.000641203951091, 0.000310237403028, 0.000217918350245, 0.000170465791598, 0.000133756824653, 0.000128300860524, 0.000138334609801, 6.32513911114e-05, 8.71360607562e-05, 9.03838226805e-05, 8.74693869264e-05, 6.0387992562e-05, 6.79693266648e-06, 7.27820193003e-10],
        "stdev": [0.000977506977506, 0.00992156751454, 0.00357421045192, 0.00301052303985, 0.00228582578711, 0.00153574312571, 0.00227886391804, 0.00427528424188, 0.00386476679705, 0.00820430368185, 0.00248118978925, 0.00207377667539, 0.00086764676962, 0.00287844776176, 0.00125520746224, 0.00127398862969, 0.000635356991552, 0.000268510688329, 0.000409076776123, 0.000274524616543, 0.000136316986755, 0.000200842609047, 0.000246247451287, 0.000193286876311, 0.000138950432301, 2.35225143115e-05, 1.49192358467e-09]
    },
    "erbbands": {
        "mean": [0.255251318216, 1.48399889469, 2.55743408203, 4.40435361862, 4.89340019226, 4.83701562881, 5.37525558472, 8.39652919769, 13.9620809555, 27.8925800323, 31.3187446594, 31.3452644348, 61.6604804993, 31.5196628571, 28.9428291321, 24.2856559753, 13.8146409988, 32.7458610535, 17.1657848358, 18.0902309418, 11.2101449966, 7.81264686584, 7.91741085052, 6.91482973099, 6.42131090164, 6.82853364944, 3.37900781631, 2.46170282364, 3.07493042946, 2.78364491463, 2.62271285057, 2.08445477486, 1.29709267616, 0.814601242542, 0.371746778488, 0.0514576584101, 0.0111387185752, 0.000804822135251, 3.24055654346e-05, 2.9376373277e-05],
        "stdev": [0.330173790455, 2.1655395031, 3.96205615997, 7.35278272629, 8.67958927155, 7.74597072601, 9.81259250641, 14.3569688797, 25.1301364899, 74.5906906128, 88.1174087524, 101.174835205, 260.667388916, 162.960632324, 90.4531784058, 101.084884644, 38.626953125, 149.356109619, 71.2248382568, 71.5856781006, 49.2845039368, 28.9756813049, 17.7864494324, 26.2428855896, 13.9824056625, 13.9572057724, 7.41501998901, 5.17367506027, 6.89186239243, 7.64825487137, 7.15361642838, 4.90844249725, 2.82760024071, 1.91183209419, 0.84423917532, 0.151554122567, 0.0375104360282, 0.00276131904684, 6.03101580054e-05, 2.92400363833e-05]
    },
    "gfcc": {
        "mean": [-90.0287246704, 121.128051758, -84.5778656006, 40.5163955688, -67.7024459839, 23.1002979279, -33.5919723511, 15.0132446289, -18.2437400818, -2.31250524521, -4.41638469696, -7.99934101105, -3.62318539619],
        "cov": [[27060.3417969, -2302.31225586, -4468.27783203, 378.53805542, -1181.10473633, 1056.30981445, -634.794555664, 1208.25939941, -437.248443604, 779.756286621, -460.042938232, 61.2968902588, -482.011932373], [-2302.31225586, 1932.10998535, 650.473022461, -87.3184356689, 261.012481689, -208.230285645, 271.443511963, -235.657592773, 168.971481323, -284.384643555, 277.480163574, -89.2992935181, 219.958114624], [-4468.27783203, 650.473022461, 1598.7454834, 163.310531616, 252.566802979, -177.740524292, 123.743659973, -238.431671143, 66.0183563232, -155.841400146, 88.7211074829, 56.9181976318, 62.8876304626], [378.53805542, -87.3184356689, 163.310531616, 452.370391846, 28.164768219, 27.1567935944, -39.3356704712, 11.3078184128, 54.6583633423, -5.55129098892, 15.4557304382, 31.9502925873, 108.927474976], [-1181.10473633, 261.012481689, 252.566802979, 28.164768219, 410.934875488, -53.9413414001, 81.1752243042, -30.4259033203, 78.8694000244, -15.3452177048, 32.5999565125, 14.4799728394, 8.3083562851], [1056.30981445, -208.230285645, -177.740524292, 27.1567935944, -53.9413414001, 277.435241699, 66.5633621216, 59.8696594238, 6.78556060791, 83.44090271, 26.8483257294, -7.57441091537, -1.69392299652], [-634.794555664, 271.443511963, 123.743659973, -39.3356704712, 81.1752243042, 66.5633621216, 294.889648438, 2.2556746006, 47.0742912292, -8.58775806427, 102.345329285, 4.38176870346, 39.1639938354], [1208.25939941, -235.657592773, -238.431671143, 11.3078184128, -30.4259033203, 59.8696594238, 2.2556746006, 191.790802002, 15.0467500687, 62.1769714355, -28.9574222565, 11.3437891006, -28.4004917145], [-437.248443604, 168.971481323, 66.0183563232, 54.6583633423, 78.8694000244, 6.78556060791, 47.0742912292, 15.0467500687, 188.370941162, 16.4928340912, 44.3320808411, -9.73518657684, 77.077003479], [779.756286621, -284.384643555, -155.841400146, -5.55129098892, -15.3452177048, 83.44090271, -8.58775806427, 62.1769714355, 16.4928340912, 159.310852051, -6.91268396378, 10.1953039169, -47.1029510498], [-460.042938232, 277.480163574, 88.7211074829, 15.4557304382, 32.5999565125, 26.8483257294, 102.345329285, -28.9574222565, 44.3320808411, -6.91268396378, 155.301437378, 10.6043729782, 59.8092803955], [61.2968902588, -89.2992935181, 56.9181976318, 31.9502925873, 14.4799728394, -7.57441091537, 4.38176870346, 11.3437891006, -9.73518657684, 10.1953039169, 10.6043729782, 99.0956726074, 10.0834684372], [-482.011932373, 219.958114624, 62.8876304626, 108.927474976, 8.3083562851, -1.69392299652, 39.1639938354, -28.4004917145, 77.077003479, -47.1029510498, 59.8092803955, 10.0834684372, 200.033859253]],
        "icov": [[0.000185608732863, -0.000434535788372, 0.000440741132479, -0.000495214539114, 0.000291127391392, -0.000489300058689, 0.000241895351792, -0.000569758296479, 0.000366158579709, -0.000577353232075, 0.000608460162766, -0.000644399959128, 0.000485201599076], [-0.000434535788372, 0.00262542185374, -0.00120984611567, 0.00168189476244, -0.00110551668331, 0.00182298885193, -0.00100053159986, 0.00174560793675, -0.00150690996088, 0.00319071603008, -0.00351881561801, 0.00300907948986, -0.00173202867154], [0.000440741132479, -0.00120984611567, 0.00210165069439, -0.00171083514579, 0.000468965037726, -0.000869101437274, 0.000140322503285, -0.000275738595519, 0.000566064147279, -0.00103044870775, 0.00162552227266, -0.00231735990383, 0.00173985480797], [-0.000495214539114, 0.00168189476244, -0.00171083514579, 0.00452029006556, -0.00113044271711, 0.000804597686511, 0.000291192845907, 0.000878505059518, -0.00127634359524, 0.00200490956195, -0.00227110716514, 0.00170636211988, -0.00328792957589], [0.000291127391392, -0.00110551668331, 0.000468965037726, -0.00113044271711, 0.00369748962112, -0.000312276126351, -0.000357252487447, -0.000735356647056, -0.000600354222115, -0.00144424044993, 0.0016390044475, -0.00180278008338, 0.0016866766382], [-0.000489300058689, 0.00182298885193, -0.000869101437274, 0.000804597686511, -0.000312276126351, 0.00687689706683, -0.00242149713449, 0.00126588833518, -0.00076968834037, -0.000164415541803, -0.00295169581659, 0.00314283743501, -0.0016415072605], [0.000241895351792, -0.00100053159986, 0.000140322503285, 0.000291192845907, -0.000357252487447, -0.00242149713449, 0.00590304424986, -0.00198074383661, 0.000482324219774, -0.000462036929093, -0.00155221717432, -0.0011589002097, 0.000265639129793], [-0.000569758296479, 0.00174560793675, -0.000275738595519, 0.000878505059518, -0.000735356647056, 0.00126588833518, -0.00198074383661, 0.00970907974988, -0.00281793740578, 0.0011524616275, -0.00075024337275, 0.00069945899304, -0.00033030519262], [0.000366158579709, -0.00150690996088, 0.000566064147279, -0.00127634359524, -0.000600354222115, -0.00076968834037, 0.000482324219774, -0.00281793740578, 0.00909067876637, -0.0040663513355, 0.00105336331762, 0.000255467282841, -0.00220788805746], [-0.000577353232075, 0.00319071603008, -0.00103044870775, 0.00200490956195, -0.00144424044993, -0.000164415541803, -0.000462036929093, 0.0011524616275, -0.0040663513355, 0.0136518878862, -0.00483089266345, 0.00189886719454, 0.000775346765295], [0.000608460162766, -0.00351881561801, 0.00162552227266, -0.00227110716514, 0.0016390044475, -0.00295169581659, -0.00155221717432, -0.00075024337275, 0.00105336331762, -0.00483089266345, 0.0144963264465, -0.00506535591558, 0.000543039408512], [-0.000644399959128, 0.00300907948986, -0.00231735990383, 0.00170636211988, -0.00180278008338, 0.00314283743501, -0.0011589002097, 0.00069945899304, 0.000255467282841, 0.00189886719454, -0.00506535591558, 0.0151888541877, -0.0035369603429], [0.000485201599076, -0.00173202867154, 0.00173985480797, -0.00328792957589, 0.0016866766382, -0.0016415072605, 0.000265639129793, -0.00033030519262, -0.00220788805746, 0.000775346765295, 0.000543039408512, -0.0035369603429, 0.0101826926693]]
    },
    "melbands": {
        "mean": [0.00219067675062, 0.0015850282507, 0.000795879517682, 0.000334530021064, 0.000205787786399, 0.000196236462216, 0.000210471218452, 0.000324442284182, 0.000246346200584, 0.000187098514289, 0.00030464871088, 0.00012464314932, 0.000101044475741, 6.53860188322e-05, 4.13335255871e-05, 2.44349430432e-05, 6.97096475051e-05, 2.86639442493e-05, 2.14667707041e-05, 2.14036645048e-05, 1.23311292555e-05, 8.22033689474e-06, 8.01428086561e-06, 6.61448484607e-06, 5.51053926756e-06, 4.20876858698e-06, 5.12465248903e-06, 4.27071654485e-06, 2.34296226154e-06, 1.44146440562e-06, 1.426410563e-06, 1.75992397544e-06, 1.68821054558e-06, 1.4663814909e-06, 1.49149184381e-06, 1.48710296344e-06, 1.18026594009e-06, 9.15388454814e-07, 7.78363244081e-07, 6.65420259338e-07],
        "stdev": [0.00283200619742, 0.00227551069111, 0.00121573731303, 0.000511123042088, 0.000359404162737, 0.00033489082125, 0.000376423879061, 0.000849809497595, 0.000685146194883, 0.000616890494712, 0.00130764220376, 0.000721682270523, 0.000361598387826, 0.000248088908847, 0.000135032241815, 9.40171230468e-05, 0.000329595786752, 0.000126567276311, 7.53376007196e-05, 0.000120326025353, 5.00381720485e-05, 2.97986316582e-05, 3.1347892218e-05, 1.42797125591e-05, 2.58345280599e-05, 9.7935917438e-06, 1.07037421913e-05, 9.07253797777e-06, 5.96600466451e-06, 3.08334392685e-06, 3.23963240589e-06, 4.09216227126e-06, 4.1580560719e-06, 4.32374645243e-06, 4.2651631702e-06, 3.89713432014e-06, 2.75660090665e-06, 2.00308295462e-06, 1.79199594186e-06, 1.65259905316e-06]
    },
    "melbands128": {
        "mean": [0.000568756076973, 0.00208408921026, 0.00295328162611, 0.00228264019825, 0.00141337548848, 0.00103595375549, 0.000922802777495, 0.000769694102928, 0.00048191548558, 0.000281676097075, 0.000226548727369, 0.000275635684375, 0.000163503020303, 0.000160544193932, 0.000161300689797, 0.000240096167545, 0.000282448949292, 0.000174166852958, 0.00013940584904, 0.00037030610838, 0.00039459016989, 0.00028661970282, 0.000224321527639, 0.000184944525245, 0.000245325063588, 0.0001106336058, 0.000229014753131, 0.000494876643643, 0.000163177770446, 0.00017274779384, 7.65054719523e-05, 8.94544064067e-05, 0.000138186835102, 9.17726429179e-05, 2.81335942418e-05, 8.44596506795e-05, 8.37399347802e-05, 1.67555372173e-05, 4.32443484897e-05, 2.52254394582e-05, 1.50794621732e-05, 2.5046423616e-05, 8.07186515885e-05, 9.79059041128e-05, 2.70136151812e-05, 2.01265775104e-05, 2.24304167205e-05, 1.22430492411e-05, 2.62171961367e-05, 3.34278265655e-05, 1.90763657884e-05, 1.2729120499e-05, 9.60991656029e-06, 1.4048329831e-05, 1.4777191609e-05, 3.89221622754e-06, 5.65260870644e-06, 1.14870836114e-05, 6.72581154504e-06, 6.570550795e-06, 7.74281488702e-06, 4.68563803224e-06, 7.35523053663e-06, 5.44911654288e-06, 3.19847003993e-06, 3.89101751352e-06, 4.95826634506e-06, 4.91157561555e-06, 4.06791241403e-06, 7.58193209549e-06, 3.95673487219e-06, 2.95187760457e-06, 3.39742859978e-06, 1.94889184968e-06, 1.55491363785e-06, 1.66678671576e-06, 1.20691174743e-06, 1.27974851694e-06, 1.38929283366e-06, 1.61653053965e-06, 1.89950048934e-06, 1.63894685556e-06, 1.8588484636e-06, 1.64482878517e-06, 1.62839774021e-06, 1.60271258665e-06, 1.28602118821e-06, 1.438791287e-06, 1.51655103764e-06, 1.50260507326e-06, 1.59079127116e-06, 1.42974147366e-06, 1.44531986734e-06, 1.1870928347e-06, 1.04461287265e-06, 9.04068940599e-07, 9.1639378752e-07, 8.73902877174e-07, 8.30814315123e-07, 6.78390790654e-07, 6.85152826918e-07, 6.86153555307e-07, 6.33898082469e-07, 5.1923996125e-07, 5.78764286274e-07, 2.565440127e-07, 9.72094369445e-08, 8.17264478314e-08, 6.85300278747e-08, 5.8534187275e-08, 4.84958917468e-08, 4.15758627526e-08, 3.22168673961e-08, 2.54491716589e-08, 1.92285654066e-08, 3.84494125427e-09, 4.0831548212e-12, 3.39507870602e-12, 3.30367460818e-12, 3.21215038075e-12, 3.13673110923e-12, 3.07159679636e-12, 3.00630353944e-12, 2.95215718191e-12, 2.91150176884e-12, 2.88298443278e-12, 2.860196021e-12, 2.84069729545e-12],
        "stdev": [0.000827140524052, 0.00279210647568, 0.00411999272183, 0.00360726891086, 0.00236331042834, 0.00177942670416, 0.00172819732688, 0.00145693321247, 0.00106981804129, 0.000599643739406, 0.000443442171672, 0.000570448231883, 0.000385446008295, 0.000343494582921, 0.000342979066772, 0.000489711586852, 0.000666804728098, 0.000388563727029, 0.0003999901528, 0.00118379062042, 0.00120597123168, 0.00100123835728, 0.00086741062114, 0.000724580953829, 0.00103743141517, 0.000594309181906, 0.000993284629658, 0.00240939785726, 0.000884510285687, 0.00146702921484, 0.000532452773768, 0.000430054555181, 0.000601597130299, 0.000358113466064, 0.000130622080178, 0.000434005021816, 0.000420723255957, 6.22451625532e-05, 0.0001590596803, 8.34211678011e-05, 8.09789125924e-05, 0.000275633705314, 0.000470811442938, 0.000535462633707, 0.000167259888258, 0.000160964234965, 0.000166206111317, 5.56645318284e-05, 0.000118571348139, 0.00017361305072, 0.000202628521947, 0.000111923371151, 7.58727328503e-05, 5.67831011722e-05, 6.25869797659e-05, 2.21948212129e-05, 3.97478179366e-05, 7.27196529624e-05, 2.22264716285e-05, 1.7434833353e-05, 2.2749089112e-05, 1.29267400553e-05, 3.37385099556e-05, 4.4595082727e-05, 8.61578428157e-06, 1.08425829239e-05, 1.49873640112e-05, 1.50494297486e-05, 1.11267208922e-05, 1.87373061635e-05, 1.10338560262e-05, 7.22198728909e-06, 1.12429797809e-05, 8.52425182529e-06, 4.17275578002e-06, 4.09762151321e-06, 2.92648951472e-06, 3.20593676406e-06, 3.50084201273e-06, 4.36789923697e-06, 5.26503390574e-06, 3.99859618483e-06, 4.3320342229e-06, 4.59922830487e-06, 4.87682746098e-06, 5.49984497411e-06, 3.93156688006e-06, 4.63989590571e-06, 4.66033725388e-06, 4.69556835014e-06, 4.64243521492e-06, 3.92167021346e-06, 3.78384197575e-06, 3.02796161122e-06, 2.55687291428e-06, 2.09893687497e-06, 2.16942953557e-06, 2.17273327507e-06, 2.03597028303e-06, 1.68398912592e-06, 1.75353682152e-06, 1.86859119822e-06, 1.70985060777e-06, 1.27883276946e-06, 1.38004963901e-06, 6.64762751512e-07, 3.761601306e-07, 3.37168842179e-07, 2.61440732174e-07, 2.18086867676e-07, 1.89547478158e-07, 1.56606290602e-07, 1.15600791162e-07, 9.27166965425e-08, 7.42855377212e-08, 1.66828453274e-08, 9.62097762569e-12, 6.98937002025e-12, 6.78913652727e-12, 6.60695456678e-12, 6.44486894408e-12, 6.30067525931e-12, 6.17473043182e-12, 6.06743474907e-12, 5.97725254708e-12, 5.90592071775e-12, 5.85369643383e-12, 5.82295670015e-12]
    },
    "mfcc": {
        "mean": [-727.531433105, 136.612365723, 40.0016136169, 22.2726764679, 5.498046875, 1.90363478661, 5.52105712891, 7.66279220581, -0.211880847812, 5.6103348732, 1.12748622894, 1.91266036034, 0.660871505737],
        "cov": [[17539.6875, -2060.03735352, -2928.84887695, -980.133972168, -593.270935059, -213.464660645, -10.2217149734, 93.1481399536, 113.137275696, 715.871826172, 362.917144775, 42.5074462891, 15.8685359955], [-2060.03735352, 1728.05200195, 445.263153076, 186.254638672, 120.264862061, 6.96470308304, 137.541748047, 89.9532241821, -29.233039856, -73.0017242432, -27.5837154388, 34.556427002, 20.8947544098], [-2928.84887695, 445.263153076, 1178.44213867, 319.966827393, 120.643157959, 119.706245422, 34.92445755, 20.5970096588, -0.684570729733, -179.460876465, -51.6754722595, 21.6335983276, 28.5681266785], [-980.133972168, 186.254638672, 319.966827393, 436.490844727, 182.022583008, 23.6324748993, -18.5412845612, 32.1584510803, 38.0301704407, -67.4143218994, -68.1020889282, 13.1452674866, 44.9240913391], [-593.270935059, 120.264862061, 120.643157959, 182.022583008, 301.358612061, 38.0462036133, -57.6227302551, -1.43957328796, 27.069108963, -1.47446250916, -40.3962097168, 21.0381202698, -3.84634017944], [-213.464660645, 6.96470308304, 119.706245422, 23.6324748993, 38.0462036133, 206.672409058, 70.0211868286, 12.7263031006, 16.2696323395, 21.1916618347, 43.8651313782, 14.1596822739, -0.297486424446], [-10.2217149734, 137.541748047, 34.92445755, -18.5412845612, -57.6227302551, 70.0211868286, 203.005157471, 61.3161010742, -21.3510017395, 13.9576396942, 51.0269889832, 17.8941135406, 7.86548233032], [93.1481399536, 89.9532241821, 20.5970096588, 32.1584510803, -1.43957328796, 12.7263031006, 61.3161010742, 130.199279785, 27.4811725616, 7.34337186813, 9.60566806793, 14.5777978897, 20.066608429], [113.137275696, -29.233039856, -0.684570729733, 38.0301704407, 27.069108963, 16.2696323395, -21.3510017395, 27.4811725616, 151.429290771, 28.7975139618, 8.1276922226, 5.26658439636, 24.2731113434], [715.871826172, -73.0017242432, -179.460876465, -67.4143218994, -1.47446250916, 21.1916618347, 13.9576396942, 7.34337186813, 28.7975139618, 153.388793945, 58.4433326721, 9.70594787598, -19.8284645081], [362.917144775, -27.5837154388, -51.6754722595, -68.1020889282, -40.3962097168, 43.8651313782, 51.0269889832, 9.60566806793, 8.1276922226, 58.4433326721, 140.373062134, 43.7219200134, 0.112689062953], [42.5074462891, 34.556427002, 21.6335983276, 13.1452674866, 21.0381202698, 14.1596822739, 17.8941135406, 14.5777978897, 5.26658439636, 9.70594787598, 43.7219200134, 101.594955444, 36.9679374695], [15.8685359955, 20.8947544098, 28.5681266785, 44.9240913391, -3.84634017944, -0.297486424446, 7.86548233032, 20.066608429, 24.2731113434, -19.8284645081, 0.112689062953, 36.9679374695, 105.169410706]],
        "icov": [[0.000118231531815, 7.26184298401e-05, 0.000217943786993, 3.30959801431e-06, 0.000109301137854, 1.32317991302e-05, 3.26716726704e-05, -0.00014801674115, 2.39012138081e-06, -0.000240402310737, -7.07108119968e-05, -4.25614161941e-05, -9.38896482694e-05], [7.26184298401e-05, 0.000778033339884, -0.000113946924102, -5.34341461389e-06, -0.00028399869916, 0.000394436210627, -0.000597972364631, -0.000330771523295, 0.000113960457384, -0.000124923797557, 3.37535639119e-05, -0.000104938982986, -4.67410281999e-05], [0.000217943786993, -0.000113946924102, 0.00184106489178, -0.000775246939156, 0.000350041576894, -0.000874518358614, 0.000165426186868, -0.000173948617885, -9.44889616221e-05, 0.00102759059519, -0.000274205842288, -0.000342704297509, 0.000188254489331], [3.30959801431e-06, -5.34341461389e-06, -0.000775246939156, 0.00419216603041, -0.00217013480142, 0.000292488897685, -0.000307168549625, -0.00061086070491, -0.000559975102078, 0.000465614692075, 0.000933892792091, 0.000263824826106, -0.00139529583976], [0.000109301137854, -0.00028399869916, 0.000350041576894, -0.00217013480142, 0.00573925254866, -0.00156024226453, 0.00200837268494, -0.000126707716845, -0.000136831382406, -0.00125432363711, 0.00131242803764, -0.00201631942764, 0.00145373982377], [1.32317991302e-05, 0.000394436210627, -0.000874518358614, 0.000292488897685, -0.00156024226453, 0.00694786105305, -0.00280977459624, 0.000685203413013, -0.000758978945669, -0.000829126161989, -0.00158034742344, 0.000601041538175, -0.000116484086902], [3.26716726704e-05, -0.000597972364631, 0.000165426186868, -0.000307168549625, 0.00200837268494, -0.00280977459624, 0.00851996708661, -0.00349884363823, 0.00189569510985, -0.000327825924614, -0.001620306517, -0.000143256984302, -0.000151199099491], [-0.00014801674115, -0.000330771523295, -0.000173948617885, -0.00061086070491, -0.000126707716845, 0.000685203413013, -0.00349884363823, 0.0103418650106, -0.00211183982901, -9.50682660914e-05, 0.000604317930993, -0.000549186835997, -0.000656156276818], [2.39012138081e-06, 0.000113960457384, -9.44889616221e-05, -0.000559975102078, -0.000136831382406, -0.000758978945669, 0.00189569510985, -0.00211183982901, 0.00822210498154, -0.00192586646881, -0.000600383267738, 0.000933577830438, -0.00209239893593], [-0.000240402310737, -0.000124923797557, 0.00102759059519, 0.000465614692075, -0.00125432363711, -0.000829126161989, -0.000327825924614, -9.50682660914e-05, -0.00192586646881, 0.0109937489033, -0.00323906354606, -1.06643801701e-05, 0.00210195709951], [-7.07108119968e-05, 3.37535639119e-05, -0.000274205842288, 0.000933892792091, 0.00131242803764, -0.00158034742344, -0.001620306517, 0.000604317930993, -0.000600383267738, -0.00323906354606, 0.012064888142, -0.00512979878113, 0.0010470522102], [-4.25614161941e-05, -0.000104938982986, -0.000342704297509, 0.000263824826106, -0.00201631942764, 0.000601041538175, -0.000143256984302, -0.000549186835997, 0.000933577830438, -1.06643801701e-05, -0.00512979878113, 0.0144387334585, -0.00523619540036], [-9.38896482694e-05, -4.67410281999e-05, 0.000188254489331, -0.00139529583976, 0.00145373982377, -0.000116484086902, -0.000151199099491, -0.000656156276818, -0.00209239893593, 0.00210195709951, 0.0010470522102, -0.00523619540036, 0.012984810397]]
    },
    "spectral_contrast_coeffs": {
        "mean": [-0.752165794373, -0.741642296314, -0.757476091385, -0.799119114876, -0.810055494308, -0.814168810844],
        "stdev": [0.0754325389862, 0.069558493793, 0.0796715691686, 0.0715679004788, 0.0549673549831, 0.0388837568462]
    },
    "spectral_contrast_valleys": {
        "mean": [-6.8534116745, -7.37423276901, -8.45054721832, -9.08463096619, -8.91992092133, -10.9187469482],
        "stdev": [2.13088488579, 2.2258605957, 2.23576927185, 2.24819755554, 2.30026674271, 2.19890451431]
    }
},
"rhythm": {
    "beats_count": 445,
    "beats_loudness": {
        "mean": 0.0315550714731,
        "stdev": 0.0260810218751
    },
    "bpm": 100.99118042,
    "bpm_histogram_first_peak_bpm": 101,
    "bpm_histogram_first_peak_weight": 0.317617893219,
    "bpm_histogram_second_peak_bpm": 133,
    "bpm_histogram_second_peak_spread": 0.473684191704,
    "bpm_histogram_second_peak_weight": 0.0225225221366,
    "danceability": 1.04809844494,
    "onset_rate": 3.38428044319,
    "beats_loudness_band_ratio": {
        "mean": [0.535076439381, 0.127429172397, 0.197046533227, 0.0982169210911, 0.0414318069816, 0.0388128198683],
        "stdev": [0.280323833227, 0.118019670248, 0.167863726616, 0.131228074431, 0.0604522414505, 0.0662132576108]
    },
    "beats_position": [0.626938760281, 1.26548755169, 1.91564619541, 2.56580495834, 3.19274377823, 3.8196823597, 4.46984100342, 5.08516979218, 5.6888885498, 6.28099775314, 6.87310647964, 7.47682523727, 8.06893444061, 8.66104316711, 9.25315189362, 9.84526062012, 10.4489793777, 11.0410881042, 11.6331968307, 12.2136955261, 12.8174142838, 13.4095239639, 14.0016326904, 14.6053514481, 15.2090702057, 15.8127889633, 16.3932876587, 16.9737873077, 17.5775051117, 18.1696147919, 18.7617225647, 19.3422222137, 19.9343299866, 20.5264396667, 21.1185474396, 21.7106571198, 22.3143768311, 22.9064846039, 23.4985942841, 24.102312088, 24.6944217682, 25.286529541, 25.8786392212, 26.470746994, 27.0744667053, 27.6665763855, 28.2586841583, 28.8624038696, 29.4545116425, 30.0466213226, 30.6503391266, 31.2308387756, 31.8229465485, 32.4150543213, 33.0187759399, 33.6224937439, 34.2146034241, 34.8067131042, 35.3988189697, 35.9909286499, 36.5830383301, 37.1751480103, 37.7672538757, 38.3593635559, 38.9514732361, 39.5435829163, 40.1356925964, 40.7277984619, 41.3315200806, 41.923625946, 42.5157356262, 43.1194534302, 43.7115631104, 44.3152809143, 44.9073905945, 45.4878921509, 46.0799980164, 46.6721076965, 47.2642173767, 47.8563270569, 48.4484329224, 49.0289344788, 49.6326522827, 50.2247619629, 50.8284797668, 51.4321975708, 52.024307251, 52.6164169312, 53.2201347351, 53.8122444153, 54.4043540955, 54.9964599609, 55.5885696411, 56.1806793213, 56.7727890015, 57.3765068054, 57.9686164856, 58.5607261658, 59.1528320312, 59.7449417114, 60.3486595154, 60.9407691956, 61.5328788757, 62.1365966797, 62.7287063599, 63.32081604, 63.9129257202, 64.5050354004, 65.1087493896, 65.7008590698, 66.29296875, 66.8734664917, 67.4655761719, 68.0576858521, 68.6497955322, 69.2302932739, 69.8224029541, 70.4261245728, 71.029838562, 71.6219482422, 72.2140579224, 72.8061676025, 73.4098815918, 74.001991272, 74.6057128906, 75.1978225708, 75.789932251, 76.3820419312, 76.9741516113, 77.5662536621, 78.1583633423, 78.738861084, 79.3425827026, 79.9463043213, 80.5500183105, 81.1305236816, 81.7226257324, 82.3147354126, 82.9184570312, 83.5221786499, 84.1258926392, 84.7180023193, 85.3101119995, 85.8906097412, 86.4827194214, 87.0748291016, 87.6669387817, 88.2590484619, 88.8627624512, 89.4548721313, 90.0469818115, 90.6390914917, 91.2312011719, 91.8233108521, 92.4154205322, 93.0191345215, 93.6228561401, 94.2149658203, 94.8070755005, 95.3991851807, 95.9912872314, 96.5833969116, 97.1755065918, 97.767616272, 98.3597259521, 98.9634475708, 99.555557251, 100.147659302, 100.75138092, 101.343490601, 101.935600281, 102.527709961, 103.119819641, 103.711929321, 104.304031372, 104.884536743, 105.476638794, 106.068748474, 106.672470093, 107.252967834, 107.833465576, 108.413963318, 109.017684937, 109.621406555, 110.225120544, 110.828842163, 111.432563782, 112.013061523, 112.605171204, 113.197273254, 113.777778625, 114.369888306, 114.961990356, 115.542495728, 116.134597778, 116.738319397, 117.342041016, 117.934150696, 118.526252747, 119.037094116, 119.547935486, 120.070381165, 120.511566162, 120.964347839, 121.417137146, 121.869926453, 122.322715759, 122.775505066, 123.228294373, 123.692695618, 124.157096863, 124.621498108, 125.085891724, 125.53868103, 125.991470337, 126.455871582, 126.908660889, 127.361450195, 127.802627563, 128.243804932, 128.6849823, 129.288711548, 129.86920166, 130.449707031, 131.030197144, 131.633926392, 132.226028442, 132.818145752, 133.421859741, 134.013961792, 134.606079102, 135.209793091, 135.801895142, 136.394012451, 136.986114502, 137.578231812, 138.170333862, 138.762451172, 139.342941284, 139.935058594, 140.527160645, 141.130874634, 141.722991943, 142.315093994, 142.918823242, 143.510925293, 144.103042603, 144.695144653, 145.287246704, 145.890975952, 146.483078003, 147.075195312, 147.678909302, 148.271011353, 148.863128662, 149.455230713, 150.047348022, 150.651062012, 151.243179321, 151.835281372, 152.427383423, 153.019500732, 153.623214722, 154.215332031, 154.807434082, 155.399536133, 155.991653442, 156.583755493, 157.164260864, 157.756362915, 158.348480225, 158.952194214, 159.544311523, 160.148025513, 160.740127563, 161.332244873, 161.924346924, 162.516464233, 163.108566284, 163.700683594, 164.304397583, 164.908111572, 165.500228882, 166.092330933, 166.684448242, 167.276550293, 167.868652344, 168.460769653, 169.052871704, 169.644989014, 170.248703003, 170.840820312, 171.432922363, 172.025024414, 172.617141724, 173.220855713, 173.824569702, 174.416687012, 175.008789062, 175.589294434, 176.181396484, 176.773513794, 177.365615845, 177.957733154, 178.549835205, 179.141952515, 179.745666504, 180.337768555, 180.929885864, 181.533599854, 182.125717163, 182.717819214, 183.309921265, 183.902038574, 184.494140625, 185.086257935, 185.689971924, 186.293685913, 186.885803223, 187.477905273, 188.070022583, 188.662124634, 189.265853882, 189.857955933, 190.438461304, 191.018951416, 191.611068726, 192.203170776, 192.795272827, 193.399002075, 193.991104126, 194.594833374, 195.186935425, 195.779037476, 196.382766724, 196.974868774, 197.578598022, 198.170700073, 198.762802124, 199.354919434, 199.947021484, 200.539138794, 201.131240845, 201.723358154, 202.315460205, 202.919174194, 203.522903442, 204.115005493, 204.707122803, 205.299224854, 205.891326904, 206.483444214, 207.075546265, 207.667663574, 208.259765625, 208.851882935, 209.443984985, 210.036102295, 210.639816284, 211.231918335, 211.835647583, 212.439361572, 213.031463623, 213.623580933, 214.204071045, 214.796188354, 215.388290405, 215.980407715, 216.572509766, 217.164627075, 217.756729126, 218.360443115, 218.964172363, 219.544662476, 220.148391724, 220.740493774, 221.332611084, 221.924713135, 222.528427124, 223.120544434, 223.712646484, 224.304763794, 224.896865845, 225.488967896, 226.092697144, 226.684799194, 227.276916504, 227.869018555, 228.461135864, 229.064849854, 229.656951904, 230.249069214, 230.852783203, 231.444900513, 232.037002563, 232.629104614, 233.221221924, 233.801712036, 234.393829346, 234.997543335, 235.589660645, 236.181762695, 236.773880005, 237.365982056, 237.958084106, 238.561813354, 239.165527344, 239.757644653, 240.349746704, 240.941848755, 241.533966064, 242.126068115, 242.718185425, 243.321899414, 243.925613403, 244.517730713, 245.109832764, 245.701950073, 246.294052124, 246.886169434, 247.478271484, 248.070373535, 248.662490845, 249.266204834, 249.858322144, 250.450424194, 251.042541504, 251.634643555, 252.238357544, 252.85369873, 253.469024658, 254.084350586, 254.606796265, 255.117630005, 255.640090942, 256.150939941, 256.661773682, 257.172607422, 257.695037842, 258.2059021, 258.72833252, 259.23916626, 259.750030518, 260.272460938, 260.794921875],
    "bpm_histogram": [0, 0, 0, 0, 0, 0, 0, 0, 0, 0, 0, 0, 0, 0, 0, 0, 0, 0, 0, 0, 0, 0, 0, 0, 0, 0, 0, 0, 0, 0, 0, 0, 0, 0, 0, 0, 0, 0, 0, 0, 0, 0, 0, 0, 0, 0, 0, 0, 0, 0, 0, 0, 0, 0, 0, 0, 0, 0, 0, 0, 0, 0, 0, 0, 0, 0, 0, 0, 0, 0, 0, 0, 0, 0, 0, 0, 0, 0, 0, 0, 0, 0, 0, 0, 0, 0, 0, 0, 0, 0, 0, 0, 0.00675675692037, 0, 0.00225225230679, 0, 0.00450450461358, 0, 0.00900900922716, 0.211711704731, 0, 0.619369387627, 0, 0.0675675645471, 0, 0, 0, 0, 0, 0, 0, 0, 0, 0, 0, 0.0157657656819, 0, 0.0202702693641, 0, 0, 0, 0, 0, 0, 0, 0, 0, 0, 0, 0.0112612610683, 0, 0, 0, 0.0225225221366, 0, 0, 0.00900900922716, 0, 0, 0, 0, 0, 0, 0, 0, 0, 0, 0, 0, 0, 0, 0, 0, 0, 0, 0, 0, 0, 0, 0, 0, 0, 0, 0, 0, 0, 0, 0, 0, 0, 0, 0, 0, 0, 0, 0, 0, 0, 0, 0, 0, 0, 0, 0, 0, 0, 0, 0, 0, 0, 0, 0, 0, 0, 0, 0, 0, 0, 0, 0, 0, 0, 0, 0, 0, 0, 0, 0, 0, 0, 0, 0, 0, 0, 0, 0, 0, 0, 0, 0, 0, 0, 0, 0, 0, 0, 0, 0, 0, 0, 0, 0, 0, 0, 0, 0, 0, 0, 0, 0, 0, 0, 0, 0, 0, 0, 0, 0, 0, 0]
},
"tonal": {
    "chords_changes_rate": 0.0385298281908,
    "chords_number_rate": 0.00159801135305,
    "chords_strength": {
        "mean": 0.570844113827,
        "stdev": 0.13783980906
    },
    "hpcp_crest": {
        "mean": 14.3445129395,
        "stdev": 6.91309976578
    },
    "hpcp_entropy": {
        "mean": 1.84889149666,
        "stdev": 0.707016408443
    },
    "key_edma": {
        "strength": 0.837385594845,
        "key": "C",
        "scale": "major"
    },
    "key_krumhansl": {
        "strength": 0.84938031435,
        "key": "C",
        "scale": "major"
    },
    "key_temperley": {
        "strength": 0.859734475613,
        "key": "C",
        "scale": "major"
    },
    "tuning_diatonic_strength": 0.742322206497,
    "tuning_equal_tempered_deviation": 0.219200357795,
    "tuning_frequency": 434.193115234,
    "tuning_nontempered_energy_ratio": 0.941603183746,
    "hpcp": {
        "mean": [0.139425903559, 0.138615742326, 0.0458036884665, 0.0251669287682, 0.0258172638714, 0.0389181375504, 0.0761621072888, 0.104366272688, 0.148263275623, 0.358172863722, 0.417689979076, 0.205418586731, 0.0759315863252, 0.0537117682397, 0.0755874589086, 0.103633135557, 0.0977331697941, 0.0572970770299, 0.027809722349, 0.0274140946567, 0.05070662871, 0.121204733849, 0.135078519583, 0.0943665578961, 0.135679155588, 0.12993311882, 0.0579147487879, 0.0367934182286, 0.0417848266661, 0.0837518498302, 0.271810412407, 0.319107025862, 0.129366993904, 0.0353563055396, 0.0280083790421, 0.047347985208],
        "stdev": [0.272810310125, 0.266198158264, 0.119998492301, 0.0975739657879, 0.102963753045, 0.125094726682, 0.175187081099, 0.209593236446, 0.224170416594, 0.36301779747, 0.402749896049, 0.28456312418, 0.194900527596, 0.157345741987, 0.198219746351, 0.212861716747, 0.209688454866, 0.149213448167, 0.106624782085, 0.107174813747, 0.145413428545, 0.224722310901, 0.235665932298, 0.187155649066, 0.269521325827, 0.265708804131, 0.149146333337, 0.118972934783, 0.1262935251, 0.164420753717, 0.307505130768, 0.353343755007, 0.201698154211, 0.117116741836, 0.10031914711, 0.121135681868]
    },
    "chords_histogram": [62.7308235168, 2.46803975105, 3.72869324684, 0.284090906382, 0.461647719145, 0, 2.9296875, 0, 0, 0, 0, 0, 0, 0, 0, 3.08948874474, 0.142045453191, 2.13068175316, 0, 0.159801140428, 0, 1.88210225105, 8.45170497894, 11.5411930084],
    "thpcp": [1, 0.491796791553, 0.181789338589, 0.128592431545, 0.180965453386, 0.248110175133, 0.233984947205, 0.137176081538, 0.0665798187256, 0.0656326338649, 0.121397763491, 0.29017868638, 0.323394209146, 0.225924879313, 0.324832201004, 0.311075508595, 0.138654872775, 0.0880878642201, 0.100037895143, 0.200511991978, 0.650746762753, 0.763980567455, 0.309720128775, 0.0846472457051, 0.067055426538, 0.113356769085, 0.333802372217, 0.331862747669, 0.109659537673, 0.0602526515722, 0.0618096329272, 0.0931746959686, 0.182341232896, 0.249865397811, 0.354960083961, 0.857508897781],
    "chords_key": "C",
    "chords_scale": "major"
}
}