{
"metadata": {
    "version": {
        "essentia": "2.1-dev",
        "essentia_git_sha": "v2.1_beta3-415-gd5473f3",
        "extractor": "music 2.0"
    },
    "audio_properties": {
        "analysis": {
            "equal_loudness": 0,
            "length": 223.895507812,
            "sample_rate": 44100,
            "start_time": 0,
            "downmix": "mix"
        },
        "bit_rate": 192000,
        "length": 223.895507812,
        "lossless": 0,
        "number_channels": 2,
        "replay_gain": -11.0171108246,
        "sample_rate": 44100,
        "codec": "mp3",
        "md5_encoded": "95fb15c99aab5820e549af58ec186b88"
    },
    "tags": {
        "file_name": "david_bisbal-un_amor_que_viene_y_va.mp3"
    }
},
"lowlevel": {
    "average_loudness": 0.721825480461,
    "barkbands_crest": {
        "mean": 11.613945961,
        "stdev": 4.38242864609
    },
    "barkbands_flatness_db": {
        "mean": 0.151128843427,
        "stdev": 0.0433854572475
    },
    "barkbands_kurtosis": {
        "mean": 5.28465890884,
        "stdev": 11.1050348282
    },
    "barkbands_skewness": {
        "mean": 1.61586833,
        "stdev": 1.43754839897
    },
    "barkbands_spread": {
        "mean": 22.9280567169,
        "stdev": 14.6328687668
    },
    "dissonance": {
        "mean": 0.454678505659,
        "stdev": 0.0315636619925
    },
    "dynamic_complexity": 4.54350996017,
    "erbbands_crest": {
        "mean": 9.96572780609,
        "stdev": 5.15180253983
    },
    "erbbands_flatness_db": {
        "mean": 0.147477373481,
        "stdev": 0.0472478531301
    },
    "erbbands_kurtosis": {
        "mean": 0.790185332298,
        "stdev": 2.68136835098
    },
    "erbbands_skewness": {
        "mean": 0.539024353027,
        "stdev": 0.818088471889
    },
    "erbbands_spread": {
        "mean": 40.3699951172,
        "stdev": 20.8776569366
    },
    "hfc": {
        "mean": 22.071937561,
        "stdev": 21.8018608093
    },
    "loudness_ebu128": {
        "integrated": -12.1410694122,
        "loudness_range": 5.76045322418,
        "momentary": {
            "mean": -16.0592460632,
            "stdev": 22.8258895874
        },
        "short_term": {
            "mean": -14.0198831558,
            "stdev": 6.53854227066
        }
    },
    "melbands_crest": {
        "mean": 14.8779439926,
        "stdev": 4.93700551987
    },
    "melbands_flatness_db": {
        "mean": 0.203847900033,
        "stdev": 0.061921775341
    },
    "melbands_kurtosis": {
        "mean": 16.9948577881,
        "stdev": 32.0553359985
    },
    "melbands_skewness": {
        "mean": 2.73601174355,
        "stdev": 2.10357904434
    },
    "melbands_spread": {
        "mean": 23.6990470886,
        "stdev": 21.9432010651
    },
    "pitch_salience": {
        "mean": 0.487453788519,
        "stdev": 0.118508562446
    },
    "silence_rate_20dB": {
        "mean": 1,
        "stdev": 0
    },
    "silence_rate_30dB": {
        "mean": 0.994089603424,
        "stdev": 0.0766500532627
    },
    "silence_rate_60dB": {
        "mean": 0.101617589593,
        "stdev": 0.302130103111
    },
    "spectral_centroid": {
        "mean": 1407.86743164,
        "stdev": 1048.3112793
    },
    "spectral_complexity": {
        "mean": 14.6522188187,
        "stdev": 7.35850763321
    },
    "spectral_decrease": {
        "mean": -7.19037318575e-09,
        "stdev": 6.66409949446e-09
    },
    "spectral_energy": {
        "mean": 0.0291400849819,
        "stdev": 0.0262457523495
    },
    "spectral_energyband_high": {
        "mean": 0.000954251037911,
        "stdev": 0.0018577510491
    },
    "spectral_energyband_low": {
        "mean": 0.0120954792947,
        "stdev": 0.0200722813606
    },
    "spectral_energyband_middle_high": {
        "mean": 0.00689856521785,
        "stdev": 0.010284547694
    },
    "spectral_energyband_middle_low": {
        "mean": 0.00966835115105,
        "stdev": 0.0105183562264
    },
    "spectral_entropy": {
        "mean": 7.5936050415,
        "stdev": 0.468317359686
    },
    "spectral_flux": {
        "mean": 0.0814552456141,
        "stdev": 0.0624028965831
    },
    "spectral_kurtosis": {
        "mean": 3.78734302521,
        "stdev": 2.56130623817
    },
    "spectral_rms": {
        "mean": 0.00478187715635,
        "stdev": 0.00235860724933
    },
    "spectral_rolloff": {
        "mean": 1478.18566895,
        "stdev": 2206.80151367
    },
    "spectral_skewness": {
        "mean": 1.56159031391,
        "stdev": 0.432431101799
    },
    "spectral_spread": {
        "mean": 5742774.5,
        "stdev": 3575903.25
    },
    "spectral_strongpeak": {
        "mean": 1.26815032959,
        "stdev": 1.74211227894
    },
    "zerocrossingrate": {
        "mean": 0.0652073696256,
        "stdev": 0.0560614466667
    },
    "barkbands": {
        "mean": [0.000577681174036, 0.00951052177697, 0.0017854438629, 0.000569952884689, 0.00219182227738, 0.00142878806219, 0.000867420400027, 0.00197827885859, 0.00215069903061, 0.00187626993284, 0.00181906775106, 0.000464300217573, 0.000544124923181, 0.000697937502991, 0.000502656970639, 0.000249367527431, 0.00025589359575, 0.000280765845673, 0.000255066581303, 0.000315336626954, 0.00013335562835, 0.000113734895422, 0.000185755619896, 0.00019362072635, 0.000133732173708, 5.84991976211e-05, 9.52974366086e-10],
        "stdev": [0.00122183258645, 0.0174906309694, 0.00296118156984, 0.00161238398869, 0.00419485801831, 0.00276159169152, 0.00140963844024, 0.00459526432678, 0.00594255328178, 0.00512712541968, 0.0059813959524, 0.00122567790095, 0.00145950331353, 0.00196317723021, 0.00111280777492, 0.000579421932343, 0.00044662275468, 0.000486440956593, 0.000438582443167, 0.00058284343686, 0.000289031013381, 0.000292730343062, 0.000626098248176, 0.000602735730354, 0.000286125548882, 0.000128939733258, 1.58174318088e-09]
    },
    "erbbands": {
        "mean": [0.265836298466, 2.09902906418, 2.83181929588, 1.8298060894, 3.48507213593, 8.8465719223, 12.3681755066, 10.1423425674, 11.9717206955, 21.9966545105, 53.1443557739, 46.8394813538, 50.2781639099, 80.5948028564, 38.6911277771, 19.7633991241, 26.2473049164, 28.1756153107, 35.9878463745, 19.7791099548, 13.3906679153, 14.426194191, 16.569103241, 11.9360961914, 16.3352088928, 13.1457605362, 7.83297109604, 4.08397006989, 3.73263525963, 4.97580480576, 5.32287502289, 4.37984895706, 3.04716086388, 1.72074258327, 0.824523866177, 0.323613166809, 0.101210229099, 0.00759822688997, 0.000166438316228, 4.39967952843e-05],
        "stdev": [0.535118877888, 3.85355734825, 4.41016530991, 3.95894837379, 7.02478790283, 19.6312294006, 21.9062366486, 21.1880340576, 22.5635948181, 46.6113433838, 122.169387817, 135.812973022, 138.224655151, 218.982772827, 131.439224243, 47.4621276855, 65.6911010742, 66.7828292847, 85.3508071899, 36.7471199036, 25.4901828766, 24.3213405609, 26.9767169952, 21.5495624542, 25.7844543457, 24.7483406067, 16.8694572449, 9.20391941071, 9.57933998108, 14.2940406799, 18.5069847107, 16.687330246, 7.7468585968, 3.92450761795, 1.77491784096, 0.693679213524, 0.23330706358, 0.0198442600667, 0.000364674662706, 3.98601987399e-05]
    },
    "gfcc": {
        "mean": [-20.4659671783, 85.3839797974, -109.087387085, 31.7713508606, -58.8822402954, 24.2410621643, -39.9205513, 22.7966861725, -23.3366336823, 6.82749557495, -10.1818761826, 1.26717185974, -7.46016454697],
        "cov": [[21104.28125, -14.2909011841, -1082.05480957, 403.688201904, -785.153137207, 501.305908203, -245.918441772, 669.350280762, -282.824768066, 266.973693848, -201.097213745, 58.8183059692, -139.600372314], [-14.2909011841, 1090.42150879, -269.048187256, 70.2514266968, 179.722167969, -29.4543361664, 114.609573364, -7.85274553299, 105.840515137, -112.90422821, 143.969116211, -129.499832153, 33.5627708435], [-1082.05480957, -269.048187256, 912.891235352, 215.2840271, 103.423866272, 76.9680175781, -19.5665779114, 45.3057899475, 71.0222473145, 59.8216514587, -79.0923614502, 111.713394165, -94.7685089111], [403.688201904, 70.2514266968, 215.2840271, 387.16796875, 91.2493972778, 100.024925232, 3.01059532166, 29.3735847473, 65.2211151123, 4.48428153992, 10.2158088684, -5.39840555191, 41.0601501465], [-785.153137207, 179.722167969, 103.423866272, 91.2493972778, 325.656921387, 49.0680427551, 106.67881012, 52.5153160095, 63.5658378601, 20.2958450317, 31.1607646942, -8.31414985657, 17.2979354858], [501.305908203, -29.4543361664, 76.9680175781, 100.024925232, 49.0680427551, 225.189651489, 117.55846405, 54.0237312317, 6.21168994904, 32.8456573486, 15.2625799179, 2.37303829193, 20.1119174957], [-245.918441772, 114.609573364, -19.5665779114, 3.01059532166, 106.67881012, 117.55846405, 295.78817749, 59.9073944092, 16.2004756927, 21.1604824066, 59.6260223389, -26.65483284, 21.084526062], [669.350280762, -7.85274553299, 45.3057899475, 29.3735847473, 52.5153160095, 54.0237312317, 59.9073944092, 206.119995117, 62.587059021, 45.6534156799, 14.4538135529, 12.6184444427, -14.7942504883], [-282.824768066, 105.840515137, 71.0222473145, 65.2211151123, 63.5658378601, 6.21168994904, 16.2004756927, 62.587059021, 151.127960205, 2.43723535538, 26.9807758331, -22.5278530121, -1.18575119972], [266.973693848, -112.90422821, 59.8216514587, 4.48428153992, 20.2958450317, 32.8456573486, 21.1604824066, 45.6534156799, 2.43723535538, 109.55644989, 1.52126002312, 25.3972949982, -0.932742059231], [-201.097213745, 143.969116211, -79.0923614502, 10.2158088684, 31.1607646942, 15.2625799179, 59.6260223389, 14.4538135529, 26.9807758331, 1.52126002312, 126.949676514, -7.39895582199, 16.9444637299], [58.8183059692, -129.499832153, 111.713394165, -5.39840555191, -8.31414985657, 2.37303829193, -26.65483284, 12.6184444427, -22.5278530121, 25.3972949982, -7.39895582199, 102.605041504, -7.85963582993], [-139.600372314, 33.5627708435, -94.7685089111, 41.0601501465, 17.2979354858, 20.1119174957, 21.084526062, -14.7942504883, -1.18575119972, -0.932742059231, 16.9444637299, -7.85963582993, 133.314956665]],
        "icov": [[0.000116833172797, -0.000139285228215, 0.000277613900835, -0.000310740113491, 0.000335474760504, -0.00028635180206, 0.000148003382492, -0.000449655315606, 0.000267545721726, -0.000337080098689, 0.00036568811629, -0.000241056986852, 0.000316152349114], [-0.000139285228215, 0.0018329952145, 2.88822138828e-05, 4.23465680797e-05, -0.00118105439469, 0.000725314603187, -0.000428271421697, 0.000647084380034, -0.000862961867824, 0.00176515604835, -0.00170057127252, 0.00130264926702, -0.000118847441627], [0.000277613900835, 2.88822138828e-05, 0.00284635811113, -0.00192265154328, 0.000273241574178, -0.000856681028381, 3.60617668775e-05, -0.000471491657663, -0.000637349090539, -0.00108331488445, 0.00206282781437, -0.0027453021612, 0.0024974362459], [-0.000310740113491, 4.23465680797e-05, -0.00192265154328, 0.00504974042997, -0.00136444193777, -0.00114049261902, 0.000911147799343, 0.00102144118864, -0.0013059010962, 0.00126907788217, -0.00150110176764, 0.00170531007461, -0.0026511431206], [0.000335474760504, -0.00118105439469, 0.000273241574178, -0.00136444193777, 0.00538966292515, -0.000554082274903, -0.000905963825062, -0.00156392529607, 4.5251348638e-05, -0.00191142922267, 0.00140243594069, -0.00103355722968, 0.000364947452908], [-0.00028635180206, 0.000725314603187, -0.000856681028381, -0.00114049261902, -0.000554082274903, 0.00787246134132, -0.00320947612636, 0.000138320756378, 0.000312468502671, 8.20002751425e-05, -0.000903412816115, 0.000768143276218, -0.0011695085559], [0.000148003382492, -0.000428271421697, 3.60617668775e-05, 0.000911147799343, -0.000905963825062, -0.00320947612636, 0.00599545240402, -0.00152287399396, 0.00115019571967, -0.000583973655012, -0.00149022252299, 0.00140094943345, -0.000229523706366], [-0.000449655315606, 0.000647084380034, -0.000471491657663, 0.00102144118864, -0.00156392529607, 0.000138320756378, -0.00152287399396, 0.00868142209947, -0.00423176540062, -0.00082004343858, -0.000878463790286, -0.00073132297257, 0.000127940351376], [0.000267545721726, -0.000862961867824, -0.000637349090539, -0.0013059010962, 4.5251348638e-05, 0.000312468502671, 0.00115019571967, -0.00423176540062, 0.0107885198668, -0.000532395846676, -0.00114809011575, 0.00262640253641, 0.000135024398332], [-0.000337080098689, 0.00176515604835, -0.00108331488445, 0.00126907788217, -0.00191142922267, 8.20002751425e-05, -0.000583973655012, -0.00082004343858, -0.000532395846676, 0.0131691358984, -0.00236208341084, -0.000190248683793, -0.00134490651544], [0.00036568811629, -0.00170057127252, 0.00206282781437, -0.00150110176764, 0.00140243594069, -0.000903412816115, -0.00149022252299, -0.000878463790286, -0.00114809011575, -0.00236208341084, 0.0122836623341, -0.00352767203003, 0.00103631557431], [-0.000241056986852, 0.00130264926702, -0.0027453021612, 0.00170531007461, -0.00103355722968, 0.000768143276218, 0.00140094943345, -0.00073132297257, 0.00262640253641, -0.000190248683793, -0.00352767203003, 0.0151774464175, -0.00197643437423], [0.000316152349114, -0.000118847441627, 0.0024974362459, -0.0026511431206, 0.000364947452908, -0.0011695085559, -0.000229523706366, 0.000127940351376, 0.000135024398332, -0.00134490651544, 0.00103631557431, -0.00197643437423, 0.0103770103306]]
    },
    "melbands": {
        "mean": [0.00257303356193, 0.00202050083317, 0.000350690650521, 0.000451663217973, 0.000429501524195, 0.00024202329223, 0.00017725773796, 0.000279774598312, 0.000466858793516, 0.000277501996607, 0.000249784265179, 0.000326607434545, 0.000165955527336, 5.69490039197e-05, 5.20407884324e-05, 5.89981391386e-05, 5.36156003363e-05, 6.25874381512e-05, 3.9120845031e-05, 2.03236795642e-05, 1.38139730552e-05, 1.51600870595e-05, 1.49509605762e-05, 1.27094963318e-05, 9.0083331088e-06, 1.08387675937e-05, 1.28084375319e-05, 8.01038095233e-06, 5.34049650014e-06, 3.25027917825e-06, 2.11902920455e-06, 2.00612930712e-06, 2.3411712391e-06, 2.93158291242e-06, 3.0231042274e-06, 3.11159374178e-06, 2.49404479291e-06, 2.2752010409e-06, 1.68423275682e-06, 1.37023334901e-06],
        "stdev": [0.00488855224103, 0.00327330362052, 0.00069202069426, 0.000995182199404, 0.000690137501806, 0.00047685453319, 0.000320092687616, 0.000655001960695, 0.00113773148041, 0.000869487645105, 0.000730482570361, 0.000858960789628, 0.000533688988071, 0.000180763017852, 0.000129652456963, 0.000176314817509, 0.000147827580804, 0.000178317597602, 9.02836400201e-05, 5.20320209034e-05, 2.67815867119e-05, 2.70830914815e-05, 2.55800187006e-05, 2.20645943045e-05, 1.82830008271e-05, 2.03697854886e-05, 2.24288669415e-05, 1.81070117833e-05, 1.26404938783e-05, 7.5313510024e-06, 5.49131709704e-06, 5.3788517107e-06, 6.52707331028e-06, 8.91136460268e-06, 1.02452568171e-05, 1.27315761347e-05, 9.55331324803e-06, 5.98040469413e-06, 3.8112175389e-06, 3.28905707647e-06]
    },
    "melbands128": {
        "mean": [0.000501873844769, 0.00193621614017, 0.00360605074093, 0.00351986917667, 0.00192701327614, 0.000713931163773, 0.0003399902198, 0.000277652899968, 0.000292863318464, 0.000487822311698, 0.000565312919207, 0.000417514936998, 0.000455341622001, 0.000403633341193, 0.000223446564632, 0.00015533810074, 0.000215130843571, 0.00016844944912, 0.000178886548383, 0.000196341075934, 0.000385924067814, 0.000372057140339, 0.000538001011591, 0.000574135861825, 0.000241190384259, 0.000254757702351, 0.000112500369141, 0.00026239833096, 0.000379634206183, 0.000199855465326, 0.000440106319729, 0.000331432849634, 7.47804588173e-05, 0.000134195375722, 5.31544574187e-05, 3.93262271245e-05, 4.44388606411e-05, 6.75657065585e-05, 3.73837901861e-05, 6.49592329864e-05, 8.09112534625e-05, 2.28005046665e-05, 4.87226752739e-05, 5.73821889702e-05, 9.87974199234e-05, 5.4605628975e-05, 3.49744441337e-05, 6.42279119347e-05, 2.59781718341e-05, 1.06147535917e-05, 2.84451634798e-05, 1.96100500034e-05, 1.05497056211e-05, 1.49938869072e-05, 1.28832271002e-05, 1.69643608388e-05, 1.41752916534e-05, 1.23479812828e-05, 1.56659043569e-05, 2.0730371034e-05, 1.05363778857e-05, 8.19878914626e-06, 1.16029677883e-05, 6.89984653945e-06, 9.51086349232e-06, 1.1313431969e-05, 1.02364756458e-05, 1.5157766029e-05, 1.46798238347e-05, 8.14307259134e-06, 6.25691382083e-06, 1.04658192868e-05, 5.69635767533e-06, 3.982902399e-06, 5.17306034453e-06, 3.76107254851e-06, 2.1712189664e-06, 2.12132363231e-06, 2.18922423301e-06, 2.04128923542e-06, 1.95084044208e-06, 2.02130036087e-06, 2.00629119718e-06, 2.28259068535e-06, 2.74633839581e-06, 2.73336650025e-06, 3.22300570588e-06, 2.91655555884e-06, 3.02393209495e-06, 2.92998629448e-06, 3.33193270308e-06, 3.16829436997e-06, 2.85958253698e-06, 2.34342132899e-06, 2.35597894971e-06, 2.4522610147e-06, 2.33174409914e-06, 1.95379948309e-06, 1.63062475167e-06, 1.5977448129e-06, 1.50627533912e-06, 1.34134756991e-06, 1.18543221106e-06, 1.13586895623e-06, 9.09158757167e-07, 7.91492141161e-07, 6.98099427154e-07, 5.70739985051e-07, 5.69905694192e-07, 4.87457839426e-07, 4.40348799202e-07, 3.71278332523e-07, 3.08201578036e-07, 2.78516409935e-07, 2.06264843428e-07, 2.71278910446e-08, 9.08200771532e-12, 4.47875634149e-12, 4.31256072519e-12, 4.16637774628e-12, 4.05068296613e-12, 3.95233715547e-12, 3.86256434823e-12, 3.78917730526e-12, 3.72955312467e-12, 3.68536885037e-12, 3.65202139363e-12, 3.62860306038e-12],
        "stdev": [0.00106471998151, 0.00413521798328, 0.00736920395866, 0.00636561820284, 0.00309017649852, 0.00124438223429, 0.000880026374944, 0.000825332652312, 0.000666795764118, 0.00122280674987, 0.00160426599905, 0.000816847255919, 0.000936283555347, 0.000959888042416, 0.000621454324573, 0.000599306658842, 0.000638509169221, 0.000333355710609, 0.000417531962739, 0.000564329209737, 0.00122421386186, 0.00130442134105, 0.00162969250232, 0.00200994801708, 0.00103375781327, 0.0012933362741, 0.00058388884645, 0.00101380911656, 0.00146159972064, 0.000726190337446, 0.00158539973199, 0.00132940371986, 0.000462006195448, 0.000798403460067, 0.000254298240179, 0.000173289517988, 0.000179148642928, 0.00022765925678, 0.00017141889839, 0.000238500797423, 0.000283940287773, 0.000134561880259, 0.000204634736292, 0.000201718881726, 0.000415194954257, 0.000212129787542, 0.000140779244248, 0.000187805650057, 7.99862464191e-05, 4.37936614617e-05, 9.98760879156e-05, 6.03335138294e-05, 3.9458333049e-05, 3.58920733561e-05, 3.29152426275e-05, 4.28803068644e-05, 3.85395651392e-05, 3.769383693e-05, 3.97948642785e-05, 4.34785069956e-05, 2.73022233159e-05, 2.8875825592e-05, 3.62280152331e-05, 1.83502143045e-05, 2.38077009271e-05, 3.2886324334e-05, 2.7620131732e-05, 3.54775838787e-05, 3.55588272214e-05, 2.65071776084e-05, 2.15518030018e-05, 3.37721539836e-05, 2.13685434574e-05, 1.47753135025e-05, 1.54106910486e-05, 1.15756383821e-05, 6.47535171083e-06, 5.81717949899e-06, 6.45214231554e-06, 6.12060739513e-06, 5.87525209994e-06, 5.6836870499e-06, 6.08587924944e-06, 7.08802781446e-06, 7.95291725808e-06, 9.31286649575e-06, 1.03586899058e-05, 1.0571868188e-05, 1.03699994725e-05, 1.19848436952e-05, 1.41967911986e-05, 1.4846726117e-05, 1.25361311802e-05, 1.01329196696e-05, 8.80213883647e-06, 7.06765558789e-06, 6.22431889497e-06, 5.25396808371e-06, 3.77390847461e-06, 3.78452455152e-06, 4.03215881306e-06, 3.49315314452e-06, 2.94926530842e-06, 2.71804560725e-06, 2.10449593396e-06, 1.81256302767e-06, 1.58404043304e-06, 1.33761079724e-06, 1.33916125833e-06, 1.09072686882e-06, 9.67623691395e-07, 9.20425350159e-07, 7.75159378463e-07, 7.5493727536e-07, 6.33632794234e-07, 9.54709733492e-08, 3.12846901163e-11, 7.43921417523e-12, 7.18404372449e-12, 6.96800039543e-12, 6.78285899669e-12, 6.62143300259e-12, 6.48204276713e-12, 6.36330831777e-12, 6.26443471749e-12, 6.18812726755e-12, 6.13131897684e-12, 6.096584175e-12]
    },
    "mfcc": {
        "mean": [-658.873840332, 112.813018799, 9.64972400665, 14.6361970901, 10.4011707306, -0.718271374702, 5.53133583069, 6.94322490692, -0.349965780973, 7.57990789413, 1.08523821831, 0.212766200304, 2.44306945801],
        "cov": [[10329.2050781, 112.179122925, -119.707572937, 10.3493404388, -89.1651687622, -115.451194763, 221.511901855, 168.271850586, 60.3743438721, 352.148284912, 46.8852424622, -61.8779945374, 6.63119459152], [112.179122925, 982.817565918, -206.768585205, 65.8798370361, 80.5780639648, -29.7591514587, 64.5065765381, 75.4094314575, -19.6561260223, 35.5715713501, 77.4401473999, 19.4051589966, 23.1865749359], [-119.707572937, -206.768585205, 631.981201172, 125.575119019, 89.4153594971, 105.46446991, -61.1073188782, 55.9715995789, 38.9413642883, -26.0096759796, 45.8234329224, 38.7956504822, -6.81092166901], [10.3493404388, 65.8798370361, 125.575119019, 259.624145508, 132.024185181, 57.9217834473, 16.0180969238, 32.9515838623, 60.0415992737, 11.0098409653, 20.1895179749, 29.7397727966, 23.8465499878], [-89.1651687622, 80.5780639648, 89.4153594971, 132.024185181, 261.805480957, 25.2817173004, -35.1357154846, 39.6353569031, 49.2986869812, 22.580499649, 30.2931976318, 26.6953105927, 17.2091426849], [-115.451194763, -29.7591514587, 105.46446991, 57.9217834473, 25.2817173004, 207.315750122, 89.1150741577, 20.7511634827, 42.8766441345, 4.4262919426, -3.58672142029, 17.564617157, -0.9536049366], [221.511901855, 64.5065765381, -61.1073188782, 16.0180969238, -35.1357154846, 89.1150741577, 234.716629028, 58.6022949219, 39.0079574585, 58.5878677368, 16.9131469727, 16.113401413, 27.7038230896], [168.271850586, 75.4094314575, 55.9715995789, 32.9515838623, 39.6353569031, 20.7511634827, 58.6022949219, 159.680038452, 31.2035999298, 48.4764289856, 61.2048835754, 14.3831338882, 16.167766571], [60.3743438721, -19.6561260223, 38.9413642883, 60.0415992737, 49.2986869812, 42.8766441345, 39.0079574585, 31.2035999298, 147.852233887, 46.5563087463, -4.43245363235, 21.6813545227, 11.3158178329], [352.148284912, 35.5715713501, -26.0096759796, 11.0098409653, 22.580499649, 4.4262919426, 58.5878677368, 48.4764289856, 46.5563087463, 148.530883789, 46.5343780518, -1.16356754303, 15.6438302994], [46.8852424622, 77.4401473999, 45.8234329224, 20.1895179749, 30.2931976318, -3.58672142029, 16.9131469727, 61.2048835754, -4.43245363235, 46.5343780518, 138.302764893, 26.8096370697, -2.27809739113], [-61.8779945374, 19.4051589966, 38.7956504822, 29.7397727966, 26.6953105927, 17.564617157, 16.113401413, 14.3831338882, 21.6813545227, -1.16356754303, 26.8096370697, 93.0891036987, 31.8977394104], [6.63119459152, 23.1865749359, -6.81092166901, 23.8465499878, 17.2091426849, -0.9536049366, 27.7038230896, 16.167766571, 11.3158178329, 15.6438302994, -2.27809739113, 31.8977394104, 90.4237365723]],
        "icov": [[0.000109836881165, -3.3189471651e-06, -2.0850871806e-05, -4.89045414724e-05, 5.59498439543e-05, 0.000116757117212, -7.98800247139e-05, -7.01032622601e-05, 4.3068692321e-05, -0.00026902067475, 9.95822920231e-05, 1.89939146367e-05, 6.86748244334e-05], [-3.3189471651e-06, 0.00130433461163, 0.000602475309279, -0.000418744893977, -0.000367380329408, 9.04490734683e-05, -0.000196293243789, -0.000483199517475, 0.000378575437935, 0.000182798903552, -0.000575523765292, -0.000109145796159, -1.59945630003e-05], [-2.0850871806e-05, 0.000602475309279, 0.00252916687168, -0.000894264900126, -3.11709300149e-05, -0.00138949730899, 0.00131199439056, -0.00105440535117, -6.73406393616e-05, 0.000562956556678, -0.000860169064254, -0.000466446275823, 0.000105124854599], [-4.89045414724e-05, -0.000418744893977, -0.000894264900126, 0.00616738991812, -0.00248224241659, -0.000595180608798, -0.000557928171474, 0.000448535487521, -0.00141481426544, 0.000704236968886, -0.000266693270532, 6.66914929752e-05, -0.00100101600401], [5.59498439543e-05, -0.000367380329408, -3.11709300149e-05, -0.00248224241659, 0.00602993369102, -0.000598749553319, 0.00203148275614, -0.000897696532775, -0.000867321679834, -0.000871324038599, -0.000276156468317, -0.00048447959125, -0.000450204417575], [0.000116757117212, 9.04490734683e-05, -0.00138949730899, -0.000595180608798, -0.000598749553319, 0.00761836906895, -0.00377195957117, 0.000512595870532, -0.000705017126165, 0.000445325655164, 0.000965406012256, -0.000480831658933, 0.0014839557698], [-7.98800247139e-05, -0.000196293243789, 0.00131199439056, -0.000557928171474, 0.00203148275614, -0.00377195957117, 0.00779272988439, -0.00216511636972, -0.000562887114938, -0.00168346241117, -0.000117145158583, -0.000588126771618, -0.00155844422989], [-7.01032622601e-05, -0.000483199517475, -0.00105440535117, 0.000448535487521, -0.000897696532775, 0.000512595870532, -0.00216511636972, 0.00943549815565, -0.00119625311345, -0.000541562098078, -0.00319032836705, 0.000997133320197, -0.00110486370977], [4.3068692321e-05, 0.000378575437935, -6.73406393616e-05, -0.00141481426544, -0.000867321679834, -0.000705017126165, -0.000562887114938, -0.00119625311345, 0.00967496912926, -0.00333638326265, 0.00267586112022, -0.00233884109184, 0.00107071432285], [-0.00026902067475, 0.000182798903552, 0.000562956556678, 0.000704236968886, -0.000871324038599, 0.000445325655164, -0.00168346241117, -0.000541562098078, -0.00333638326265, 0.0108206076548, -0.00392187386751, 0.00253494922072, -0.00183486915193], [9.95822920231e-05, -0.000575523765292, -0.000860169064254, -0.000266693270532, -0.000276156468317, 0.000965406012256, -0.000117145158583, -0.00319032836705, 0.00267586112022, -0.00392187386751, 0.0115699330345, -0.00393704324961, 0.00283883325756], [1.89939146367e-05, -0.000109145796159, -0.000466446275823, 6.66914929752e-05, -0.00048447959125, -0.000480831658933, -0.000588126771618, 0.000997133320197, -0.00233884109184, 0.00253494922072, -0.00393704324961, 0.0146747920662, -0.00535881100222], [6.86748244334e-05, -1.59945630003e-05, 0.000105124854599, -0.00100101600401, -0.000450204417575, 0.0014839557698, -0.00155844422989, -0.00110486370977, 0.00107071432285, -0.00183486915193, 0.00283883325756, -0.00535881100222, 0.0142517061904]]
    },
    "spectral_contrast_coeffs": {
        "mean": [-0.734805822372, -0.728394329548, -0.724035382271, -0.768234312534, -0.775411844254, -0.806099057198],
        "stdev": [0.0801386237144, 0.0851880162954, 0.0907729938626, 0.0609234049916, 0.0573706440628, 0.0385661870241]
    },
    "spectral_contrast_valleys": {
        "mean": [-6.95074415207, -7.20565509796, -7.99523162842, -8.17593288422, -8.07974052429, -10.1959342957],
        "stdev": [2.14507055283, 2.05872559547, 2.00685620308, 1.98758518696, 2.02385568619, 1.99941039085]
    }
},
"rhythm": {
    "beats_count": 446,
    "beats_loudness": {
        "mean": 0.0335722006857,
        "stdev": 0.0200712457299
    },
    "bpm": 120.015686035,
    "bpm_histogram_first_peak_bpm": 120,
    "bpm_histogram_first_peak_weight": 0.235159754753,
    "bpm_histogram_second_peak_bpm": 115,
    "bpm_histogram_second_peak_spread": 0.25,
    "bpm_histogram_second_peak_weight": 0.00674157310277,
    "danceability": 1.14518010616,
    "onset_rate": 3.7827694416,
    "beats_loudness_band_ratio": {
        "mean": [0.426065772772, 0.165993988514, 0.181196525693, 0.123090699315, 0.0593787059188, 0.0696744099259],
        "stdev": [0.251250982285, 0.141554623842, 0.162303596735, 0.14085945487, 0.062471549958, 0.0573638044298]
    },
    "beats_position": [0.545668900013, 1.06811785698, 1.57895684242, 2.08979582787, 2.58902478218, 3.08825397491, 3.58748292923, 4.08671188354, 4.58594083786, 5.08516979218, 5.59600877762, 6.09523820877, 6.59446716309, 7.08208608627, 7.59292507172, 8.09215450287, 8.59138298035, 9.0906124115, 9.58984088898, 10.0890703201, 10.5882987976, 11.0759181976, 11.5751476288, 12.0743761063, 12.5852155685, 13.084444046, 13.5836734772, 14.0829019547, 14.5821313858, 15.0813598633, 15.5805892944, 16.0798187256, 16.5790481567, 17.0782756805, 17.5775051117, 18.0767345428, 18.575963974, 19.0751914978, 19.574420929, 20.0736503601, 20.5728797913, 21.0837192535, 21.5945568085, 22.1053962708, 22.5930156708, 23.0922451019, 23.5914726257, 24.0790920258, 24.5783214569, 25.0775508881, 25.5767803192, 26.076007843, 26.5868473053, 27.0860767365, 27.5853061676, 28.0729255676, 28.5837631226, 29.0829925537, 29.5822219849, 30.0698413849, 30.5690689087, 31.0682983398, 31.5791378021, 32.0783653259, 32.5775947571, 33.0768241882, 33.5760536194, 34.0752830505, 34.5745124817, 35.0737419128, 35.572971344, 36.0722007751, 36.5714263916, 37.0706558228, 37.5698852539, 38.0691146851, 38.5683441162, 39.0791816711, 39.5784111023, 40.0776405334, 40.5884780884, 41.0877075195, 41.5869369507, 42.0861663818, 42.585395813, 43.0846252441, 43.5838546753, 44.0830841064, 44.5823135376, 45.0815429688, 45.5807685852, 46.0799980164, 46.5792274475, 47.0784568787, 47.5776863098, 48.076915741, 48.5761451721, 49.0753746033, 49.5746040344, 50.0854415894, 50.5846710205, 51.0839004517, 51.5947380066, 52.0823554993, 52.5699768066, 53.0808143616, 53.5800437927, 54.0792732239, 54.578502655, 55.0777320862, 55.5769615173, 56.0761909485, 56.5754165649, 57.0746459961, 57.5738754272, 58.0847167969, 58.583946228, 59.0831718445, 59.5824012756, 60.0816307068, 60.5808601379, 61.0800895691, 61.5793190002, 62.0785484314, 62.5777778625, 63.0770072937, 63.5762329102, 64.0754623413, 64.5746917725, 65.0855331421, 65.5847625732, 66.0839920044, 66.5832214355, 67.0824508667, 67.5700683594, 68.0692977905, 68.5685272217, 69.0561447144, 69.566986084, 70.0662155151, 70.5654373169, 71.0762786865, 71.5638961792, 72.0747375488, 72.57396698, 73.0731964111, 73.5840377808, 74.094871521, 74.5824966431, 75.0817184448, 75.580947876, 76.068572998, 76.5794067383, 77.0786361694, 77.5778656006, 78.0770950317, 78.5763244629, 79.075553894, 79.5747833252, 80.0856246948, 80.584854126, 81.0840835571, 81.5717010498, 82.08253479, 82.5817642212, 83.0809936523, 83.591835022, 84.0910644531, 84.5902938843, 85.0895233154, 85.5887527466, 86.0879821777, 86.5872116089, 87.08644104, 87.5856704712, 88.0732879639, 88.572517395, 89.0717468262, 89.5709762573, 90.0702056885, 90.5810394287, 91.0802688599, 91.579498291, 92.0787277222, 92.5779571533, 93.0771865845, 93.5764160156, 94.0756454468, 94.5748748779, 95.0741043091, 95.5733337402, 96.0725631714, 96.5717926025, 97.0710220337, 97.5702438354, 98.0694732666, 98.5687026978, 99.0679321289, 99.5671615601, 100.066390991, 100.565620422, 101.064849854, 101.564079285, 102.074920654, 102.585754395, 103.073379517, 103.584213257, 104.083442688, 104.582672119, 105.08190155, 105.581130981, 106.068748474, 106.556373596, 107.055595398, 107.554824829, 108.065666199, 108.576507568, 109.075737, 109.574966431, 110.074195862, 110.573425293, 111.072654724, 111.571876526, 112.071105957, 112.570335388, 113.069564819, 113.56879425, 114.068023682, 114.567253113, 115.078094482, 115.577323914, 116.076553345, 116.564170837, 117.075012207, 117.585845947, 118.085075378, 118.58430481, 119.083534241, 119.582763672, 120.070381165, 120.569610596, 121.080451965, 121.579681396, 122.067298889, 122.56652832, 123.07736969, 123.576599121, 124.075828552, 124.575057983, 125.074279785, 125.573509216, 126.072738647, 126.571968079, 127.07119751, 127.570426941, 128.069656372, 128.568893433, 129.068115234, 129.567337036, 130.066574097, 130.565795898, 131.076644897, 131.575866699, 132.07510376, 132.5859375, 133.085174561, 133.584396362, 134.072021484, 134.571243286, 135.070480347, 135.569702148, 136.068939209, 136.579772949, 137.078994751, 137.578231812, 138.077453613, 138.576690674, 139.075912476, 139.575149536, 140.074371338, 140.585220337, 141.084442139, 141.58366394, 142.082901001, 142.582122803, 143.081359863, 143.580581665, 144.079818726, 144.590652466, 145.078277588, 145.589111328, 146.07673645, 146.575958252, 147.075195312, 147.574417114, 148.073654175, 148.561264038, 149.072113037, 149.582946777, 150.082168579, 150.58140564, 151.080627441, 151.579864502, 152.079086304, 152.578323364, 153.065933228, 153.576782227, 154.06439209, 154.56362915, 155.062850952, 155.562088013, 156.072921753, 156.572158813, 157.071380615, 157.570602417, 158.081451416, 158.580673218, 159.079910278, 159.567520142, 160.066757202, 160.565979004, 161.065216064, 161.564437866, 162.075286865, 162.586120605, 163.085342407, 163.584579468, 164.08380127, 164.58303833, 165.082260132, 165.581497192, 166.092330933, 166.579956055, 167.079177856, 167.578414917, 168.06602478, 168.576873779, 169.076095581, 169.575332642, 170.074554443, 170.573776245, 171.073013306, 171.572235107, 172.071472168, 172.57069397, 173.06993103, 173.569152832, 174.080001831, 174.567611694, 175.066848755, 175.566070557, 176.065307617, 176.564529419, 177.063766479, 177.562988281, 178.073822021, 178.573059082, 179.072280884, 179.571517944, 180.070739746, 180.581588745, 181.080810547, 181.580047607, 182.067657471, 182.57850647, 183.066116333, 183.565353394, 184.064575195, 184.575408936, 185.074645996, 185.573867798, 186.06149292, 186.583938599, 187.083175659, 187.570785522, 188.081634521, 188.580856323, 189.080093384, 189.567703247, 190.078552246, 190.577774048, 191.07699585, 191.57623291, 192.075454712, 192.574691772, 193.073913574, 193.573150635, 194.072372437, 194.583221436, 195.082443237, 195.581680298, 196.0809021, 196.58013916, 197.079360962, 197.578598022, 198.077819824, 198.577041626, 199.076278687, 199.575500488, 200.074737549, 200.573959351, 201.073196411, 201.572418213, 202.060043335, 202.559265137, 203.058502197, 203.569335938, 204.068572998, 204.5677948, 205.06703186, 205.566253662, 206.065490723, 206.564712524, 207.063934326, 207.563171387, 208.062393188, 208.561630249, 209.072463989, 209.57170105, 210.070922852, 210.570159912, 211.069381714, 211.568618774, 212.067840576, 212.578674316, 213.077911377, 213.577133179, 214.076370239, 214.575592041, 215.074829102, 215.574050903, 216.073287964, 216.572509766, 217.071746826, 217.570968628, 218.070205688, 218.56942749, 219.068664551, 219.567886353, 220.078720093, 220.589569092, 221.112014771, 221.646072388, 222.191741943, 222.749023438, 223.294692993],
    "bpm_histogram": [0, 0, 0, 0, 0, 0, 0, 0, 0, 0, 0, 0, 0, 0, 0, 0, 0, 0, 0, 0, 0, 0, 0, 0, 0, 0, 0, 0, 0, 0, 0, 0, 0, 0, 0, 0, 0, 0, 0, 0, 0, 0, 0, 0, 0, 0, 0, 0, 0, 0, 0, 0, 0, 0, 0, 0, 0, 0, 0, 0, 0, 0, 0, 0, 0, 0, 0, 0, 0, 0, 0, 0, 0, 0, 0, 0, 0, 0, 0, 0, 0, 0, 0, 0, 0, 0, 0, 0, 0, 0, 0, 0, 0, 0, 0, 0, 0, 0, 0, 0, 0, 0, 0, 0, 0, 0, 0, 0, 0.00224719103426, 0, 0.00449438206851, 0, 0.00224719103426, 0, 0, 0.00674157310277, 0, 0.148314610124, 0, 0, 0.752808988094, 0, 0, 0.0831460654736, 0, 0, 0, 0, 0, 0, 0, 0, 0, 0, 0, 0, 0, 0, 0, 0, 0, 0, 0, 0, 0, 0, 0, 0, 0, 0, 0, 0, 0, 0, 0, 0, 0, 0, 0, 0, 0, 0, 0, 0, 0, 0, 0, 0, 0, 0, 0, 0, 0, 0, 0, 0, 0, 0, 0, 0, 0, 0, 0, 0, 0, 0, 0, 0, 0, 0, 0, 0, 0, 0, 0, 0, 0, 0, 0, 0, 0, 0, 0, 0, 0, 0, 0, 0, 0, 0, 0, 0, 0, 0, 0, 0, 0, 0, 0, 0, 0, 0, 0, 0, 0, 0, 0, 0, 0, 0, 0, 0, 0, 0, 0, 0, 0, 0, 0, 0, 0, 0, 0, 0, 0, 0, 0, 0, 0, 0]
},
"tonal": {
    "chords_changes_rate": 0.0472734794021,
    "chords_number_rate": 0.00207339832559,
    "chords_strength": {
        "mean": 0.538191556931,
        "stdev": 0.136958375573
    },
    "hpcp_crest": {
        "mean": 15.9192523956,
        "stdev": 7.24235296249
    },
    "hpcp_entropy": {
        "mean": 1.63266611099,
        "stdev": 0.685933291912
    },
    "key_edma": {
        "strength": 0.771018266678,
        "key": "G#",
        "scale": "major"
    },
    "key_krumhansl": {
        "strength": 0.775722622871,
        "key": "G#",
        "scale": "major"
    },
    "key_temperley": {
        "strength": 0.78275424242,
        "key": "G#",
        "scale": "major"
    },
    "tuning_diatonic_strength": 0.62435567379,
    "tuning_equal_tempered_deviation": 0.00490477308631,
    "tuning_frequency": 440.254241943,
    "tuning_nontempered_energy_ratio": 0.661108672619,
    "hpcp": {
        "mean": [0.0723275318742, 0.0747741386294, 0.160989120603, 0.226809799671, 0.133403331041, 0.0454145744443, 0.0370993837714, 0.0449463054538, 0.130081370473, 0.180759891868, 0.109321795404, 0.0845683887601, 0.104159198701, 0.0759301483631, 0.0719536170363, 0.0923283323646, 0.0776630863547, 0.167218104005, 0.261478066444, 0.158308029175, 0.0545513257384, 0.0433874540031, 0.0512745715678, 0.158967941999, 0.220069468021, 0.114934973419, 0.0389970988035, 0.0329887568951, 0.0392513088882, 0.0946021825075, 0.124242775142, 0.0790421366692, 0.124447889626, 0.201697453856, 0.134667530656, 0.0692994073033],
        "stdev": [0.19538782537, 0.183992102742, 0.260058104992, 0.322971135378, 0.221359297633, 0.142669245601, 0.139446467161, 0.144870385528, 0.234917476773, 0.292359352112, 0.205341920257, 0.200066387653, 0.247088819742, 0.190559014678, 0.173855289817, 0.22166569531, 0.181782260537, 0.254670768976, 0.352853298187, 0.24879232049, 0.139926224947, 0.126791581511, 0.145238429308, 0.258334547281, 0.329583764076, 0.198544993997, 0.118470616639, 0.115996517241, 0.128862127662, 0.207071140409, 0.261010587215, 0.173957914114, 0.218734905124, 0.327002853155, 0.231863290071, 0.172893628478]
    },
    "chords_histogram": [39.4153022766, 4.41633844376, 9.35102653503, 1.74165451527, 16.255443573, 0.352477699518, 6.07505702972, 0.228073805571, 0, 0, 0, 0, 0, 0, 0.352477699518, 0.0622019506991, 0.0414679646492, 0.850093305111, 0, 3.25523543358, 0, 4.39560461044, 4.39560461044, 8.8119430542],
    "thpcp": [1, 0.605435192585, 0.208626776934, 0.165931522846, 0.196095108986, 0.607958972454, 0.841636419296, 0.439558744431, 0.149140998721, 0.126162618399, 0.150113195181, 0.361797779799, 0.475155621767, 0.302289754152, 0.475940078497, 0.771374285221, 0.515024185181, 0.265029519796, 0.276610314846, 0.28596714139, 0.615688800812, 0.867414236069, 0.51018935442, 0.173684075475, 0.141883343458, 0.171893209219, 0.497484833002, 0.691300392151, 0.418091654778, 0.323424398899, 0.398347735405, 0.290388226509, 0.275180310011, 0.35310164094, 0.297015696764, 0.639510989189],
    "chords_key": "G#",
    "chords_scale": "major"
}
}