{
"metadata": {
    "version": {
        "essentia": "2.1-dev",
        "essentia_git_sha": "v2.1_beta3-415-gd5473f3",
        "extractor": "music 2.0"
    },
    "audio_properties": {
        "analysis": {
            "equal_loudness": 0,
            "length": 241.005706787,
            "sample_rate": 44100,
            "start_time": 0,
            "downmix": "mix"
        },
        "bit_rate": 192000,
        "length": 241.005706787,
        "lossless": 0,
        "number_channels": 2,
        "replay_gain": -10.7756252289,
        "sample_rate": 44100,
        "codec": "mp3",
        "md5_encoded": "24556c87da7513a1d1f69fbc0b93ff93"
    },
    "tags": {
        "file_name": "desiree-you_gotta_be.mp3",
        "album": ["Woman II"],
        "artist": ["Woman II -By Stuff-"],
        "genre": ["Other"],
        "title": ["Des´ree-You Gotta Be"]
    }
},
"lowlevel": {
    "average_loudness": 0.893129765987,
    "barkbands_crest": {
        "mean": 10.4565458298,
        "stdev": 3.61074662209
    },
    "barkbands_flatness_db": {
        "mean": 0.148673698306,
        "stdev": 0.0675618723035
    },
    "barkbands_kurtosis": {
        "mean": 9.10927963257,
        "stdev": 25.8069801331
    },
    "barkbands_skewness": {
        "mean": 2.27120256424,
        "stdev": 1.35127651691
    },
    "barkbands_spread": {
        "mean": 20.8308353424,
        "stdev": 15.8229150772
    },
    "dissonance": {
        "mean": 0.446574240923,
        "stdev": 0.0403947383165
    },
    "dynamic_complexity": 5.24189424515,
    "erbbands_crest": {
        "mean": 9.59176540375,
        "stdev": 5.10393810272
    },
    "erbbands_flatness_db": {
        "mean": 0.135139837861,
        "stdev": 0.061796925962
    },
    "erbbands_kurtosis": {
        "mean": 1.40300107002,
        "stdev": 7.1156039238
    },
    "erbbands_skewness": {
        "mean": 0.813661694527,
        "stdev": 0.988903522491
    },
    "erbbands_spread": {
        "mean": 50.787815094,
        "stdev": 27.5012321472
    },
    "hfc": {
        "mean": 20.7980422974,
        "stdev": 19.6203289032
    },
    "loudness_ebu128": {
        "integrated": -11.9176921844,
        "loudness_range": 14.3131151199,
        "momentary": {
            "mean": -18.2660808563,
            "stdev": 27.0743427277
        },
        "short_term": {
            "mean": -15.6542825699,
            "stdev": 8.51672744751
        }
    },
    "melbands_crest": {
        "mean": 13.5487775803,
        "stdev": 4.18574333191
    },
    "melbands_flatness_db": {
        "mean": 0.239723086357,
        "stdev": 0.0832828730345
    },
    "melbands_kurtosis": {
        "mean": 24.2878036499,
        "stdev": 28.4590702057
    },
    "melbands_skewness": {
        "mean": 3.44060277939,
        "stdev": 1.83907854557
    },
    "melbands_spread": {
        "mean": 15.6904001236,
        "stdev": 17.9893493652
    },
    "pitch_salience": {
        "mean": 0.561197221279,
        "stdev": 0.10243794322
    },
    "silence_rate_20dB": {
        "mean": 1,
        "stdev": 0
    },
    "silence_rate_30dB": {
        "mean": 0.991041302681,
        "stdev": 0.0942285358906
    },
    "silence_rate_60dB": {
        "mean": 0.196609184146,
        "stdev": 0.397470057011
    },
    "spectral_centroid": {
        "mean": 1031.50219727,
        "stdev": 1141.62548828
    },
    "spectral_complexity": {
        "mean": 14.0566415787,
        "stdev": 9.87134933472
    },
    "spectral_decrease": {
        "mean": -8.28654478369e-09,
        "stdev": 7.11891345873e-09
    },
    "spectral_energy": {
        "mean": 0.0331617295742,
        "stdev": 0.0281505268067
    },
    "spectral_energyband_high": {
        "mean": 0.00112907215953,
        "stdev": 0.00149683398195
    },
    "spectral_energyband_low": {
        "mean": 0.0136021282524,
        "stdev": 0.017020303756
    },
    "spectral_energyband_middle_high": {
        "mean": 0.00297379260883,
        "stdev": 0.00431374879554
    },
    "spectral_energyband_middle_low": {
        "mean": 0.0170810744166,
        "stdev": 0.0161153674126
    },
    "spectral_entropy": {
        "mean": 7.40205955505,
        "stdev": 0.719428658485
    },
    "spectral_flux": {
        "mean": 0.0829990953207,
        "stdev": 0.0634644776583
    },
    "spectral_kurtosis": {
        "mean": 8.06764125824,
        "stdev": 19.0316581726
    },
    "spectral_rms": {
        "mean": 0.00499770883471,
        "stdev": 0.00271585886367
    },
    "spectral_rolloff": {
        "mean": 1184.26635742,
        "stdev": 2365.04150391
    },
    "spectral_skewness": {
        "mean": 1.91008591652,
        "stdev": 1.30545055866
    },
    "spectral_spread": {
        "mean": 6460523,
        "stdev": 4149285.25
    },
    "spectral_strongpeak": {
        "mean": 0.736582756042,
        "stdev": 0.919561207294
    },
    "zerocrossingrate": {
        "mean": 0.0683351010084,
        "stdev": 0.059687089175
    },
    "barkbands": {
        "mean": [0.000329043978127, 0.00792355462909, 0.00385420490056, 0.00337046082132, 0.00674493657425, 0.00190279714298, 0.00201687612571, 0.00185240537394, 0.000954662275035, 0.000823032227345, 0.000388542830478, 0.000204551819479, 0.000218852379476, 0.00029388369876, 0.000290818774374, 0.000197685352759, 0.000176212663064, 0.000208993966226, 0.000188286183402, 0.000173472377355, 0.000170259532752, 0.000157068483531, 0.00018280094082, 0.00016175059136, 0.000114836315333, 0.000250699522439, 1.10661940198e-05],
        "stdev": [0.000412448687712, 0.0109400032088, 0.00694177532569, 0.00660638557747, 0.00790236424655, 0.00277160853148, 0.0040997331962, 0.00420396123081, 0.00328362290747, 0.00194278208073, 0.00114854914136, 0.000509047531523, 0.000635641510598, 0.000845008238684, 0.000660484482069, 0.000401273631724, 0.000343521096511, 0.00038746590144, 0.000362832855899, 0.000303505308693, 0.000358350021997, 0.000281043321593, 0.000278827676084, 0.000225719573791, 0.000217228705878, 0.000391354522435, 3.37781166309e-05]
    },
    "erbbands": {
        "mean": [0.239319145679, 1.720074296, 4.35536623001, 8.154712677, 15.9151382446, 22.3384799957, 24.5307159424, 14.7213106155, 28.7971439362, 34.8497314453, 33.7340011597, 24.8692378998, 19.7943172455, 23.792848587, 16.3390750885, 9.05240154266, 9.89554405212, 16.33502388, 16.4807777405, 11.9671163559, 10.4140348434, 9.38299942017, 11.0470457077, 10.8273134232, 9.5435628891, 8.11821365356, 6.68750143051, 6.75497913361, 5.78826951981, 5.57649230957, 4.97689247131, 3.87514448166, 2.41952347755, 1.34666383266, 0.914165139198, 1.7113802433, 0.247079506516, 0.045603133738, 0.0010977757629, 7.32412445359e-05],
        "stdev": [0.314085155725, 2.57497596741, 7.04435634613, 14.9631786346, 24.3812770844, 28.8454647064, 34.0993499756, 23.1791324615, 59.3442878723, 68.9367675781, 85.1942062378, 84.9091033936, 49.9182662964, 64.7201919556, 42.1430778503, 21.0451717377, 25.0571937561, 47.8691139221, 40.2560958862, 20.1147060394, 21.0841598511, 18.1051979065, 20.2152042389, 19.8445053101, 18.9498634338, 14.0637788773, 13.680185318, 14.3613128662, 10.8432979584, 9.16241931915, 7.48226499557, 5.17777681351, 3.81243610382, 2.8989200592, 1.55164706707, 2.78041315079, 0.404184728861, 0.104016758502, 0.002485813573, 7.87915050751e-05]
    },
    "gfcc": {
        "mean": [-33.3893318176, 85.9945297241, -72.8206100464, 26.9968338013, -52.9432792664, 10.1578788757, -44.1685905457, 10.0532102585, -26.7950191498, 5.06153392792, -18.4707527161, 5.99475955963, -17.048248291],
        "cov": [[32481.7480469, -2509.03125, -701.024536133, 2029.08764648, -1252.67590332, 1227.72375488, -434.235321045, 1065.9642334, -256.211791992, 766.994934082, -584.459838867, 382.313537598, -427.876739502], [-2509.03125, 2277.38574219, -489.061981201, -750.636291504, 501.081604004, -400.271148682, 121.496757507, -279.423278809, 45.0955429077, -231.925720215, 136.595947266, -146.610656738, 51.1438522339], [-701.024536133, -489.061981201, 911.571594238, 140.824783325, -70.8307189941, 193.783782959, -57.4759750366, 66.9091873169, 13.3116769791, 54.4498977661, -19.8741092682, 85.2259979248, -12.977142334], [2029.08764648, -750.636291504, 140.824783325, 651.065429688, -156.430328369, 159.674789429, -29.2858257294, 91.2815628052, 3.80302453041, 105.267944336, -64.1700897217, 78.6638031006, -1.2414304018], [-1252.67590332, 501.081604004, -70.8307189941, -156.430328369, 378.913421631, -85.9918899536, 73.3434524536, -76.0792541504, 27.5157871246, -28.2600650787, 24.0549812317, -7.6120891571, 34.7088546753], [1227.72375488, -400.271148682, 193.783782959, 159.674789429, -85.9918899536, 297.535766602, 31.7805900574, 81.1622161865, -22.4284057617, 79.9087677002, -22.6983108521, 30.1245937347, -5.17392921448], [-434.235321045, 121.496757507, -57.4759750366, -29.2858257294, 73.3434524536, 31.7805900574, 191.942245483, -23.1659870148, 1.98167133331, 10.2737789154, 13.319568634, -14.8482370377, 12.609790802], [1065.9642334, -279.423278809, 66.9091873169, 91.2815628052, -76.0792541504, 81.1622161865, -23.1659870148, 197.451217651, 42.8733520508, 41.2980537415, -28.3283596039, 13.9381217957, -22.5502510071], [-256.211791992, 45.0955429077, 13.3116769791, 3.80302453041, 27.5157871246, -22.4284057617, 1.98167133331, 42.8733520508, 134.075942993, 13.3435878754, 2.13676142693, -10.0309867859, -0.166024848819], [766.994934082, -231.925720215, 54.4498977661, 105.267944336, -28.2600650787, 79.9087677002, 10.2737789154, 41.2980537415, 13.3435878754, 135.429641724, -16.2609043121, 26.3580780029, -21.2950458527], [-584.459838867, 136.595947266, -19.8741092682, -64.1700897217, 24.0549812317, -22.6983108521, 13.319568634, -28.3283596039, 2.13676142693, -16.2609043121, 103.710678101, 0.155856028199, 11.4693422318], [382.313537598, -146.610656738, 85.2259979248, 78.6638031006, -7.6120891571, 30.1245937347, -14.8482370377, 13.9381217957, -10.0309867859, 26.3580780029, 0.155856028199, 94.68334198, 8.97426223755], [-427.876739502, 51.1438522339, -12.977142334, -1.2414304018, 34.7088546753, -5.17392921448, 12.609790802, -22.5502510071, -0.166024848819, -21.2950458527, 11.4693422318, 8.97426223755, 70.7334136963]],
        "icov": [[9.26469583646e-05, -0.000158673821716, 0.000201918504899, -0.000218501198106, 0.000180119313882, -0.000340915081324, 0.000220037079998, -0.00034248092561, 0.000221110516577, -0.00023742254416, 0.000314216275001, -0.000358219607733, 0.000370181078324], [-0.000158673821716, 0.00150553393178, -9.95859882096e-05, 0.0011033883784, -0.00122260698117, 0.00094674952561, -0.000576873484533, 0.00122888339683, -0.000823770940769, 0.00117401324678, -0.00105815450661, 0.00110911286902, -0.000501147238538], [0.000201918504899, -9.95859882096e-05, 0.00192017713562, -0.000286742608296, 0.000184645788977, -0.00170697760768, 0.000955184746999, -0.000466532073915, -7.95655651018e-05, -0.000131652341224, 0.000645575695671, -0.00176851882134, 0.00118609052151], [-0.000218501198106, 0.0011033883784, -0.000286742608296, 0.00322435679846, -0.00027444306761, 0.000425295642344, -0.000533258426003, 0.00107100931928, -0.00108218041714, 5.67709976167e-05, -3.31676274072e-05, -0.000220101501327, -0.00146542629227], [0.000180119313882, -0.00122260698117, 0.000184645788977, -0.00027444306761, 0.00464682979509, -0.000273538258625, -0.000678079260979, -0.000274377176538, -0.000180025177542, -0.00129838602152, 0.00123811524827, -0.00176365405787, -0.000632473733276], [-0.000340915081324, 0.00094674952561, -0.00170697760768, 0.000425295642344, -0.000273538258625, 0.00724419066682, -0.00249953381717, -0.000377508142265, 0.000894264492672, -0.0011383384699, -0.00129443826154, 0.00200829980895, -0.00244866032153], [0.000220037079998, -0.000576873484533, 0.000955184746999, -0.000533258426003, -0.000678079260979, -0.00249953381717, 0.00695055257529, -0.000236592153669, 0.000355304800905, -0.00128541956656, 0.000261903333012, 3.21249572153e-05, 0.000316714838846], [-0.00034248092561, 0.00122888339683, -0.000466532073915, 0.00107100931928, -0.000274377176538, -0.000377508142265, -0.000236592153669, 0.00888541899621, -0.0039388355799, 0.00109829450957, -0.00030928401975, 0.000825247727334, 0.000221725087613], [0.000221110516577, -0.000823770940769, -7.95655651018e-05, -0.00108218041714, -0.000180025177542, 0.000894264492672, 0.000355304800905, -0.0039388355799, 0.00992698129267, -0.00231045065448, 0.000202695766347, 0.000840794935357, -7.75752560003e-05], [-0.00023742254416, 0.00117401324678, -0.000131652341224, 5.67709976167e-05, -0.00129838602152, -0.0011383384699, -0.00128541956656, 0.00109829450957, -0.00231045065448, 0.0116434926167, -0.00076730287401, -0.000986437895335, 0.00257446197793], [0.000314216275001, -0.00105815450661, 0.000645575695671, -3.31676274072e-05, 0.00123811524827, -0.00129443826154, 0.000261903333012, -0.00030928401975, 0.000202695766347, -0.00076730287401, 0.0120916990563, -0.00265537225641, 8.18944972707e-05], [-0.000358219607733, 0.00110911286902, -0.00176851882134, -0.000220101501327, -0.00176365405787, 0.00200829980895, 3.21249572153e-05, 0.000825247727334, 0.000840794935357, -0.000986437895335, -0.00265537225641, 0.0153346443549, -0.00383751350455], [0.000370181078324, -0.000501147238538, 0.00118609052151, -0.00146542629227, -0.000632473733276, -0.00244866032153, 0.000316714838846, 0.000221725087613, -7.75752560003e-05, 0.00257446197793, 8.18944972707e-05, -0.00383751350455, 0.0183250699192]]
    },
    "melbands": {
        "mean": [0.00215649255551, 0.00232681073248, 0.00168512389064, 0.00135861965828, 0.000954835792072, 0.000332027237164, 0.000435826281318, 0.000392722402466, 0.00026395500754, 0.000139178693644, 9.7168936918e-05, 9.91945635178e-05, 5.37587256986e-05, 2.96264170174e-05, 1.82897929335e-05, 2.43757713179e-05, 3.05652756651e-05, 2.61697241513e-05, 1.70756047737e-05, 1.63405220519e-05, 1.1323313629e-05, 9.9148010122e-06, 9.60844590736e-06, 1.01882960735e-05, 8.61838088895e-06, 6.73491786074e-06, 6.60531304675e-06, 5.02077273268e-06, 4.29352394349e-06, 3.44308296008e-06, 4.21684580942e-06, 3.27858811033e-06, 2.8566958008e-06, 3.23080826092e-06, 2.72927513834e-06, 3.05873345496e-06, 2.05609876502e-06, 1.76992125489e-06, 1.37210258799e-06, 1.0305042224e-06],
        "stdev": [0.00291229551658, 0.00341539899819, 0.00283455918543, 0.00171919981949, 0.00127457862254, 0.000528261472937, 0.000900199171156, 0.000804100534879, 0.000679521530401, 0.000496943481266, 0.000254031678196, 0.000277933460893, 0.000162645315868, 6.65425686748e-05, 4.13914131059e-05, 7.14167254046e-05, 9.50230532908e-05, 6.6835047619e-05, 3.48151734215e-05, 3.02344687952e-05, 2.43739177677e-05, 2.05926498893e-05, 1.77662586793e-05, 1.98011875909e-05, 1.64368957485e-05, 1.48329763761e-05, 1.21672492241e-05, 9.01146449905e-06, 8.94716868061e-06, 7.65473487263e-06, 9.33654246182e-06, 6.53434017295e-06, 4.90215643367e-06, 5.55155202164e-06, 4.34541379946e-06, 4.35623405792e-06, 2.82728251477e-06, 2.83275358015e-06, 2.75147976936e-06, 2.29390184359e-06]
    },
    "melbands128": {
        "mean": [0.000316512509016, 0.00186816579662, 0.00288521428593, 0.00281656789593, 0.00233812560327, 0.00182235590182, 0.00155125581659, 0.00178777100518, 0.00165530410595, 0.00129267782904, 0.00101771275513, 0.00142962101381, 0.000894983182661, 0.000396085029934, 0.000299539387925, 0.00030599013553, 0.000344478699844, 0.000573846686166, 0.000348617089912, 0.000380898884032, 0.000498079578392, 0.000282318564132, 0.000260141823674, 0.000185949960724, 0.000200529117137, 8.68078350322e-05, 7.77853565523e-05, 0.000109643908218, 8.58448402141e-05, 0.000148254664964, 8.769089618e-05, 3.83623919333e-05, 5.93204058532e-05, 6.57416167087e-05, 2.42621590587e-05, 2.63128331426e-05, 2.42163951043e-05, 1.23063136925e-05, 1.96355413209e-05, 2.23318620556e-05, 2.16721673496e-05, 3.22109954141e-05, 3.60651611118e-05, 2.81854809145e-05, 1.63052227435e-05, 3.19369937642e-05, 3.12058291456e-05, 1.27810935737e-05, 1.35467189466e-05, 1.68088827195e-05, 1.7569425836e-05, 1.63202712429e-05, 8.99128281162e-06, 1.00187144199e-05, 1.41455948324e-05, 8.72068449098e-06, 7.23968469174e-06, 1.05204926513e-05, 9.83156769507e-06, 9.73085479927e-06, 1.06226580101e-05, 9.28765257413e-06, 1.14099684652e-05, 7.61056890042e-06, 5.96064501224e-06, 6.24382892056e-06, 7.91682123236e-06, 6.68341044729e-06, 6.43636667519e-06, 6.23016740064e-06, 4.99387078889e-06, 4.62175603388e-06, 4.13749512518e-06, 4.48123000751e-06, 4.18491708842e-06, 3.12050565299e-06, 3.37302185471e-06, 3.56710984306e-06, 5.37277810508e-06, 3.23833410221e-06, 3.57233761861e-06, 3.08725680043e-06, 3.19377386404e-06, 2.41931411438e-06, 3.09842175739e-06, 3.24201050717e-06, 3.40595670423e-06, 2.88991645903e-06, 2.5122731131e-06, 2.8204794944e-06, 2.82898281512e-06, 3.69870372197e-06, 2.51142682828e-06, 1.86656086498e-06, 1.81474513283e-06, 1.83012400612e-06, 1.79760149877e-06, 1.64618950294e-06, 1.33063724661e-06, 1.25983160615e-06, 1.27033263198e-06, 8.94998208878e-07, 8.87997032351e-07, 9.10878327431e-07, 8.41832445531e-07, 9.66712036643e-07, 9.05404533569e-07, 1.74791523477e-06, 6.43659177513e-06, 2.92101140076e-06, 7.90410524587e-07, 5.36330162504e-07, 5.70242264075e-07, 5.42977545592e-07, 4.87021509343e-07, 5.19354784956e-07, 4.3238486569e-07, 5.05192296885e-08, 5.92095730084e-12, 4.52365532186e-12, 4.3366304471e-12, 4.20189534209e-12, 4.0829258377e-12, 3.99272021695e-12, 3.91945894143e-12, 3.86749226394e-12, 3.83071309049e-12, 3.80125271537e-12],
        "stdev": [0.000392296467908, 0.00241847825237, 0.00452324049547, 0.00445082224905, 0.00375557248481, 0.00345414550975, 0.00318396976218, 0.00357398483902, 0.00275803543627, 0.00212592585012, 0.00173205137253, 0.00229104654863, 0.0014619397698, 0.000735409616027, 0.000608462723903, 0.000786687713116, 0.000988189713098, 0.00152099702973, 0.00101998215541, 0.00100065383594, 0.00141355150845, 0.000902429921553, 0.00100252951961, 0.000802850467153, 0.000940662343055, 0.000574277713895, 0.000342984072631, 0.000405904982472, 0.000269943324383, 0.000483124051243, 0.000349675799953, 0.000170369137777, 0.00028984589153, 0.000173663065652, 8.14001250546e-05, 9.28057634155e-05, 8.40085049276e-05, 4.15796639572e-05, 5.29717326572e-05, 9.65327199083e-05, 9.01238672668e-05, 0.000150714535266, 0.000167242149473, 9.31916147238e-05, 5.98305450694e-05, 0.000115772687423, 0.000110011365905, 4.42790369561e-05, 3.3340184018e-05, 4.53239917988e-05, 3.97148105549e-05, 4.66440324089e-05, 3.22847445204e-05, 2.5322970032e-05, 3.37972232956e-05, 2.48896085395e-05, 1.76208086486e-05, 2.41368998104e-05, 2.10197249544e-05, 2.23611023102e-05, 2.5555915272e-05, 2.24019586312e-05, 2.70651071332e-05, 1.72511754499e-05, 1.93520172616e-05, 1.51844933498e-05, 2.09744630411e-05, 1.46807224155e-05, 1.35160835271e-05, 1.40110141729e-05, 1.07001533252e-05, 1.03321863207e-05, 9.87761723081e-06, 9.88767351373e-06, 1.03922520793e-05, 7.70319365984e-06, 8.49938351166e-06, 8.41789824335e-06, 1.38276382131e-05, 7.106731573e-06, 8.34160164231e-06, 7.01213957655e-06, 6.57571308693e-06, 4.66083156425e-06, 5.37209371032e-06, 6.25122083875e-06, 6.78387505104e-06, 4.96831307828e-06, 4.50144625574e-06, 5.08408402311e-06, 4.66952315037e-06, 5.54034386369e-06, 3.77323794964e-06, 2.8959238989e-06, 2.91269634545e-06, 3.16780119647e-06, 3.23627000398e-06, 3.12239330924e-06, 2.74259627986e-06, 3.65798950952e-06, 4.09519725508e-06, 2.06113008971e-06, 1.75590355411e-06, 1.73742171228e-06, 1.67304096976e-06, 2.44503780777e-06, 1.9040371626e-06, 3.05746016238e-06, 1.15364482554e-05, 4.93281913805e-06, 2.35809829974e-06, 1.13975556815e-06, 1.03250749817e-06, 1.01810235265e-06, 1.21578352719e-06, 1.39573739943e-06, 1.32460957047e-06, 1.79272277023e-07, 1.12393878926e-11, 7.75121113128e-12, 7.47199004059e-12, 7.25804008908e-12, 7.0814708264e-12, 6.93929505871e-12, 6.82134947486e-12, 6.73105755161e-12, 6.66610083105e-12, 6.62545235688e-12]
    },
    "mfcc": {
        "mean": [-681.715332031, 119.560371399, 33.1896400452, 23.8750896454, 13.2375497818, 3.10267019272, -3.3081715107, 3.25744366646, -7.17803573608, 2.73353528976, -4.03480148315, -1.56393682957, 0.288199961185],
        "cov": [[17630.0429688, -657.043823242, -417.140808105, 756.691772461, -0.0899341627955, 322.572021484, 89.3219070435, 406.771759033, 330.426849365, 634.502563477, 237.75453186, 88.8387145996, -97.6314697266], [-657.043823242, 1507.13098145, -219.06288147, -210.698318481, 86.9083099365, -76.6764068604, 12.9549798965, -14.6506443024, -79.3046798706, -20.4684867859, -18.570941925, -20.9699802399, 10.1941709518], [-417.140808105, -219.06288147, 675.32244873, 66.0473480225, 20.880361557, 78.7923126221, -1.49853825569, 20.9645690918, -7.09016895294, -24.2796878815, 12.3243808746, 12.3109388351, 23.1079826355], [756.691772461, -210.698318481, 66.0473480225, 330.2862854, 48.5657119751, 53.9499473572, -20.9698600769, 23.9758167267, 56.1235961914, -23.999080658, 9.70638370514, 61.8144035339, 15.9893379211], [-0.0899341627955, 86.9083099365, 20.880361557, 48.5657119751, 199.530258179, -1.44439375401, -28.2988700867, 12.6821908951, 15.1090593338, -12.0371999741, -10.0810871124, 24.3276958466, 17.3022918701], [322.572021484, -76.6764068604, 78.7923126221, 53.9499473572, -1.44439375401, 227.498138428, 76.6594619751, -9.85530567169, 38.3153114319, -28.0802173615, 23.36186409, 17.4664707184, 10.4746427536], [89.3219070435, 12.9549798965, -1.49853825569, -20.9698600769, -28.2988700867, 76.6594619751, 158.912506104, 15.8055648804, -9.94393920898, 9.39524650574, 0.83351790905, -21.7184963226, 1.74748826027], [406.771759033, -14.6506443024, 20.9645690918, 23.9758167267, 12.6821908951, -9.85530567169, 15.8055648804, 113.535377502, 21.3608093262, 41.4148216248, 5.67713737488, -0.202685058117, -5.25084400177], [330.426849365, -79.3046798706, -7.09016895294, 56.1235961914, 15.1090593338, 38.3153114319, -9.94393920898, 21.3608093262, 135.586776733, 19.3218898773, 18.6420440674, 15.9852256775, -1.36625981331], [634.502563477, -20.4684867859, -24.2796878815, -23.999080658, -12.0371999741, -28.0802173615, 9.39524650574, 41.4148216248, 19.3218898773, 177.393493652, 41.2218284607, -30.6422290802, -24.4291133881], [237.75453186, -18.570941925, 12.3243808746, 9.70638370514, -10.0810871124, 23.36186409, 0.83351790905, 5.67713737488, 18.6420440674, 41.2218284607, 88.6967697144, 23.6477966309, -4.30207967758], [88.8387145996, -20.9699802399, 12.3109388351, 61.8144035339, 24.3276958466, 17.4664707184, -21.7184963226, -0.202685058117, 15.9852256775, -30.6422290802, 23.6477966309, 100.384010315, 34.213432312], [-97.6314697266, 10.1941709518, 23.1079826355, 15.9893379211, 17.3022918701, 10.4746427536, 1.74748826027, -5.25084400177, -1.36625981331, -24.4291133881, -4.30207967758, 34.213432312, 72.5707855225]],
        "icov": [[8.55500402395e-05, 6.23693040325e-06, 8.56605402078e-05, -0.000186041172128, 3.38195713994e-05, -0.000162260024808, 4.19803072873e-05, -0.000194722102606, 2.3097693429e-06, -0.000299004546832, -7.01593125996e-06, -4.86952631036e-05, 5.01201902807e-05], [6.23693040325e-06, 0.000823853421025, 0.00024850902264, 0.000494101957884, -0.000524665112607, 8.69695286383e-05, -0.000115844006359, -0.000101852834632, 0.000312899326673, 0.00016614930064, -0.000158232171088, 3.27787552123e-06, -0.00013647947344], [8.56605402078e-05, 0.00024850902264, 0.00179390155245, -0.000281268061372, -0.000185125783901, -0.000850396114402, 0.000463542935904, -0.000759935006499, 0.000568597868551, -4.59796428913e-05, -0.000376689858967, 0.000388571206713, -0.000538471096661], [-0.000186041172128, 0.000494101957884, -0.000281268061372, 0.00461525376886, -0.000879355415236, -0.000340269034496, 0.000334798329277, -0.000370416673832, -0.000868148985319, 0.000958597462159, 0.000410390959587, -0.00193662766833, 0.000220598973101], [3.38195713994e-05, -0.000524665112607, -0.000185125783901, -0.000879355415236, 0.0058933980763, -0.000279652129393, 0.00104900775477, -0.000692749454174, -0.00045365767437, -0.000304244313156, 0.00109915505163, -0.00074970186688, -0.00076057901606], [-0.000162260024808, 8.69695286383e-05, -0.000850396114402, -0.000340269034496, -0.000279652129393, 0.00722396280617, -0.00394208729267, 0.00179036834743, -0.00204209331423, 0.00195199879818, -0.00182973674964, -0.000199924732442, -3.18689490086e-05], [4.19803072873e-05, -0.000115844006359, 0.000463542935904, 0.000334798329277, 0.00104900775477, -0.00394208729267, 0.00904612801969, -0.00215422222391, 0.00151443097275, -0.000677394389641, 0.00038082676474, 0.00196842569858, -0.00130838155746], [-0.000194722102606, -0.000101852834632, -0.000759935006499, -0.000370416673832, -0.000692749454174, 0.00179036834743, -0.00215422222391, 0.0111847277731, -0.00157191313338, -0.00180414214265, 0.000822112720925, -0.000829224707559, 0.000646585074719], [2.3097693429e-06, 0.000312899326673, 0.000568597868551, -0.000868148985319, -0.00045365767437, -0.00204209331423, 0.00151443097275, -0.00157191313338, 0.00920499488711, -0.000934731971938, -0.000758530688472, -0.000317783997161, 0.00018558280135], [-0.000299004546832, 0.00016614930064, -4.59796428913e-05, 0.000958597462159, -0.000304244313156, 0.00195199879818, -0.000677394389641, -0.00180414214265, -0.000934731971938, 0.00941980816424, -0.00473650358617, 0.00331441895105, 0.000364378851373], [-7.01593125996e-06, -0.000158232171088, -0.000376689858967, 0.000410390959587, 0.00109915505163, -0.00182973674964, 0.00038082676474, 0.000822112720925, -0.000758530688472, -0.00473650358617, 0.015863019973, -0.00591400265694, 0.00221449066885], [-4.86952631036e-05, 3.27787552123e-06, 0.000388571206713, -0.00193662766833, -0.00074970186688, -0.000199924732442, 0.00196842569858, -0.000829224707559, -0.000317783997161, 0.00331441895105, -0.00591400265694, 0.0165288168937, -0.0066961585544], [5.01201902807e-05, -0.00013647947344, -0.000538471096661, 0.000220598973101, -0.00076057901606, -3.18689490086e-05, -0.00130838155746, 0.000646585074719, 0.00018558280135, 0.000364378851373, 0.00221449066885, -0.0066961585544, 0.017667658627]]
    },
    "spectral_contrast_coeffs": {
        "mean": [-0.711782753468, -0.719883263111, -0.753974854946, -0.783102571964, -0.788225412369, -0.80201536417],
        "stdev": [0.072898440063, 0.0806316658854, 0.0745389461517, 0.0552681945264, 0.0487861745059, 0.0455669946969]
    },
    "spectral_contrast_valleys": {
        "mean": [-6.64794158936, -7.34455442429, -8.3916759491, -8.64735412598, -8.54806613922, -10.4771385193],
        "stdev": [2.42787432671, 2.3341383934, 2.29208636284, 2.36047554016, 2.52130746841, 2.47922158241]
    }
},
"rhythm": {
    "beats_count": 385,
    "beats_loudness": {
        "mean": 0.0453557930887,
        "stdev": 0.0325863622129
    },
    "bpm": 93.9437332153,
    "bpm_histogram_first_peak_bpm": 94,
    "bpm_histogram_first_peak_weight": 0.358823537827,
    "bpm_histogram_second_peak_bpm": 123,
    "bpm_histogram_second_peak_spread": 0.461538434029,
    "bpm_histogram_second_peak_weight": 0.0182291660458,
    "danceability": 1.15128743649,
    "onset_rate": 4.81696510315,
    "beats_loudness_band_ratio": {
        "mean": [0.453103244305, 0.268834710121, 0.153573900461, 0.0608352795243, 0.0374826006591, 0.0802629068494],
        "stdev": [0.228435486555, 0.172500818968, 0.143384695053, 0.074038952589, 0.0346778146923, 0.119586616755]
    },
    "beats_position": [0.615328788757, 1.24226760864, 1.88081634045, 2.51936507225, 3.15791368484, 3.79646253586, 4.43501138687, 5.07355976105, 5.71210861206, 6.35065746307, 6.98920631409, 7.6277551651, 8.26630401611, 8.90485286713, 9.54340076447, 10.1935596466, 10.8553285599, 11.5287075043, 12.202085495, 12.8754644394, 13.5256233215, 14.1641721725, 14.8143310547, 15.4644899368, 16.1262588501, 16.7764167786, 17.426574707, 17.9722442627, 18.4946937561, 19.0287532806, 19.5628108978, 20.0968704224, 20.6193199158, 21.153377533, 21.6990470886, 22.2331066132, 22.7091159821, 23.1735134125, 23.6379127502, 24.0790920258, 24.5318813324, 24.984670639, 25.4722900391, 25.9599094391, 26.4475269318, 26.9351463318, 27.4343757629, 27.921995163, 28.3980045319, 28.8740139008, 29.3500213623, 29.7912006378, 30.2439899445, 30.6735591888, 31.1147384644, 31.5559177399, 31.9854869843, 32.4150543213, 32.8678436279, 33.3206329346, 33.7850341797, 34.2726516724, 34.7602729797, 35.2362823486, 35.8516082764, 36.4669380188, 37.0822677612, 37.7324256897, 38.3941955566, 39.0559616089, 39.7061233521, 40.344669342, 40.9832191467, 41.6101570129, 42.2603149414, 42.8988647461, 43.5374145508, 44.164352417, 44.8029022217, 45.4414520264, 46.0799980164, 46.718547821, 47.3570976257, 47.9956436157, 48.6341934204, 49.2727432251, 49.9112930298, 50.5498390198, 51.1883888245, 51.8269386292, 52.4654884338, 53.1040344238, 53.73097229, 54.3695220947, 55.0080718994, 55.6350097656, 56.2851676941, 56.912109375, 57.550655365, 58.1892051697, 58.8393630981, 59.4663009644, 60.1164627075, 60.7434005737, 61.3935585022, 62.0204963684, 62.6590461731, 63.2975959778, 63.9477539062, 64.5746917725, 65.2132415771, 65.8517913818, 66.4903411865, 67.1288909912, 67.7674331665, 68.4059829712, 69.0445327759, 69.6830825806, 70.3216323853, 70.9601821899, 71.5987319946, 72.2372741699, 72.8758239746, 73.5143737793, 74.152923584, 74.7914733887, 75.4184112549, 76.0453491211, 76.6955108643, 77.3340606689, 77.9726028442, 78.5995483398, 79.2497024536, 79.8998641968, 80.5384140015, 81.1653518677, 81.8039016724, 82.4540557861, 83.0926055908, 83.719543457, 84.3580932617, 84.9966430664, 85.6351928711, 86.2621307373, 86.9122848511, 87.5508346558, 88.1893844604, 88.8163223267, 89.4664840698, 90.1050338745, 90.7435836792, 91.3705215454, 92.0090713501, 92.6476211548, 93.2861633301, 93.9247131348, 94.5632629395, 95.2018127441, 95.8519744873, 96.4789123535, 97.1174621582, 97.7560043335, 98.3945541382, 99.0331039429, 99.6716537476, 100.310203552, 100.948753357, 101.575691223, 102.214241028, 102.852790833, 103.491333008, 104.118278503, 104.768432617, 105.406982422, 106.045532227, 106.672470093, 107.322631836, 107.961174011, 108.599723816, 109.226661682, 109.876823425, 110.51537323, 111.153923035, 111.780860901, 112.431015015, 113.069564819, 113.708114624, 114.33505249, 114.985214233, 115.623764038, 116.262313843, 116.889251709, 117.539405823, 118.166343689, 118.804893494, 119.443443298, 120.081993103, 120.720542908, 121.359092712, 121.997642517, 122.636184692, 123.274734497, 123.913284302, 124.551834106, 125.178771973, 125.817321777, 126.455871582, 127.094421387, 127.732971191, 128.359909058, 128.998458862, 129.637008667, 130.28717041, 130.914108276, 131.541046143, 132.179595947, 132.818145752, 133.456680298, 134.095230103, 134.733779907, 135.372329712, 136.010879517, 136.649429321, 137.287979126, 137.938140869, 138.576690674, 139.215240479, 139.853790283, 140.492340088, 141.130874634, 141.769424438, 142.407974243, 143.046524048, 143.685073853, 144.323623657, 144.962173462, 145.612335205, 146.25088501, 146.889434814, 147.516372681, 148.154922485, 148.79347229, 149.443618774, 150.070556641, 150.709106445, 151.34765625, 151.986206055, 152.613143921, 153.251693726, 153.901855469, 154.540405273, 155.16734314, 155.805892944, 156.444442749, 157.082992554, 157.70993042, 158.360092163, 159.010253906, 159.637191772, 160.264129639, 160.914276123, 161.552825928, 162.191375732, 162.818313599, 163.468475342, 164.107025146, 164.745574951, 165.372512817, 166.022674561, 166.649612427, 167.288162231, 167.926712036, 168.576873779, 169.215423584, 169.85395813, 170.480911255, 171.131057739, 171.757995605, 172.39654541, 173.035095215, 173.685256958, 174.323806763, 174.962356567, 175.589294434, 176.227844238, 176.866394043, 177.504943848, 178.143493652, 178.782043457, 179.420593262, 180.047531128, 180.674468994, 181.324615479, 181.963165283, 182.601715088, 183.228652954, 183.878814697, 184.517364502, 185.155914307, 185.782852173, 186.433013916, 187.071563721, 187.710113525, 188.337051392, 188.987213135, 189.625762939, 190.264297485, 190.89125061, 191.541397095, 192.168334961, 192.806884766, 193.44543457, 194.083984375, 194.72253418, 195.361083984, 195.999633789, 196.638183594, 197.276733398, 197.915283203, 198.553833008, 199.192382812, 199.830932617, 200.457870483, 201.08480835, 201.734954834, 202.373504639, 203.012054443, 203.650604248, 204.289154053, 204.927703857, 205.566253662, 206.193191528, 206.843353271, 207.481903076, 208.120452881, 208.747390747, 209.39755249, 210.036102295, 210.6746521, 211.301589966, 211.95173645, 212.578674316, 213.217224121, 213.855773926, 214.505935669, 215.144485474, 215.783035278, 216.409973145, 217.048522949, 217.687072754, 218.337234497, 218.964172363, 219.602722168, 220.241271973, 220.879821777, 221.518356323, 222.156906128, 222.795455933, 223.434005737, 224.072555542, 224.711105347, 225.349655151, 225.988204956, 226.626754761, 227.265304565, 227.90385437, 228.542404175, 229.180953979, 229.819503784, 230.45803833, 231.096588135, 231.723526001, 232.362075806, 233.00062561, 233.639175415, 234.27772522, 234.916275024, 235.566436768, 236.216598511, 236.866760254, 237.528518677, 238.213516235, 238.898498535, 239.583480835, 240.268478394],
    "bpm_histogram": [0, 0, 0, 0, 0, 0, 0, 0, 0, 0, 0, 0, 0, 0, 0, 0, 0, 0, 0, 0, 0, 0, 0, 0, 0, 0, 0, 0, 0, 0, 0, 0, 0, 0, 0, 0, 0, 0, 0, 0, 0, 0, 0, 0, 0, 0, 0, 0, 0, 0, 0, 0, 0, 0, 0, 0, 0, 0, 0, 0, 0, 0, 0, 0, 0, 0, 0, 0, 0, 0, 0, 0, 0, 0, 0, 0, 0, 0, 0, 0, 0, 0, 0, 0, 0, 0, 0, 0, 0.0104166669771, 0.0078125, 0, 0.0130208330229, 0.140625, 0, 0.567708313465, 0, 0.15625, 0, 0.0078125, 0, 0, 0, 0, 0, 0, 0, 0, 0, 0, 0, 0.00520833348855, 0, 0.0130208330229, 0, 0, 0.00520833348855, 0, 0, 0, 0, 0.00260416674428, 0, 0, 0.0182291660458, 0, 0, 0.0130208330229, 0, 0, 0.0078125, 0, 0, 0, 0.0130208330229, 0, 0, 0.0104166669771, 0, 0, 0, 0.0078125, 0, 0, 0, 0, 0, 0, 0, 0, 0, 0, 0, 0, 0, 0, 0, 0, 0, 0, 0, 0, 0, 0, 0, 0, 0, 0, 0, 0, 0, 0, 0, 0, 0, 0, 0, 0, 0, 0, 0, 0, 0, 0, 0, 0, 0, 0, 0, 0, 0, 0, 0, 0, 0, 0, 0, 0, 0, 0, 0, 0, 0, 0, 0, 0, 0, 0, 0, 0, 0, 0, 0, 0, 0, 0, 0, 0, 0, 0, 0, 0, 0, 0, 0, 0, 0, 0, 0, 0, 0, 0, 0, 0, 0, 0, 0, 0, 0, 0, 0, 0, 0, 0, 0, 0, 0, 0, 0, 0, 0]
},
"tonal": {
    "chords_changes_rate": 0.0689655169845,
    "chords_number_rate": 0.00154112884775,
    "chords_strength": {
        "mean": 0.524732351303,
        "stdev": 0.160583883524
    },
    "hpcp_crest": {
        "mean": 14.7979431152,
        "stdev": 7.58482122421
    },
    "hpcp_entropy": {
        "mean": 1.83935344219,
        "stdev": 0.7712906003
    },
    "key_edma": {
        "strength": 0.790843129158,
        "key": "F",
        "scale": "major"
    },
    "key_krumhansl": {
        "strength": 0.783678412437,
        "key": "F",
        "scale": "major"
    },
    "key_temperley": {
        "strength": 0.769346833229,
        "key": "F",
        "scale": "major"
    },
    "tuning_diatonic_strength": 0.675123870373,
    "tuning_equal_tempered_deviation": 0.234219744802,
    "tuning_frequency": 434.193115234,
    "tuning_nontempered_energy_ratio": 0.953076899052,
    "hpcp": {
        "mean": [0.236669331789, 0.23927462101, 0.112981662154, 0.0857801288366, 0.0791887193918, 0.0532789342105, 0.0715440735221, 0.0903750061989, 0.106042899191, 0.246655702591, 0.267725497484, 0.129299238324, 0.0734619274735, 0.05535075441, 0.0627169013023, 0.117543421686, 0.137546285987, 0.0883736088872, 0.0538700222969, 0.0384288839996, 0.0406014099717, 0.098334915936, 0.130715534091, 0.110001012683, 0.23088671267, 0.238865315914, 0.086330704391, 0.0472254529595, 0.0416455939412, 0.0609184876084, 0.197569236159, 0.242418587208, 0.12170971185, 0.0702858120203, 0.0789497792721, 0.117745108902],
        "stdev": [0.339140564203, 0.343781679869, 0.230035275221, 0.206259518862, 0.215394809842, 0.146230727434, 0.164556011558, 0.191596478224, 0.208120211959, 0.306576877832, 0.317541480064, 0.234726667404, 0.192950129509, 0.16931822896, 0.168192818761, 0.219599768519, 0.238375425339, 0.193764105439, 0.158242315054, 0.129998847842, 0.121967330575, 0.187071785331, 0.242965102196, 0.203943952918, 0.32989653945, 0.349546939135, 0.164392977953, 0.133534669876, 0.122080095112, 0.141456693411, 0.275002986193, 0.315938562155, 0.201804235578, 0.175199329853, 0.207239463925, 0.229746073484]
    },
    "chords_histogram": [39.4721641541, 19.0714702606, 14.0820655823, 0.88614910841, 6.5112695694, 0.443074554205, 0.385282218456, 0.0192641112953, 0.635715663433, 0, 0.0192641112953, 0, 0, 0, 0, 0, 0, 7.24330568314, 0.462338656187, 4.70044326782, 0.0963205546141, 3.04372954369, 0.789828538895, 2.1383163929],
    "thpcp": [1, 0.482954502106, 0.274392724037, 0.206744432449, 0.234258234501, 0.439044564962, 0.513758659363, 0.330090373755, 0.201213642955, 0.14353838563, 0.151653125882, 0.367297530174, 0.488244622946, 0.410872370005, 0.862400889397, 0.892202317715, 0.32245978713, 0.176395058632, 0.155553340912, 0.227540850639, 0.737954497337, 0.905474424362, 0.454606354237, 0.262529402971, 0.294890761375, 0.439797878265, 0.883999943733, 0.893731176853, 0.422005623579, 0.320403277874, 0.295783251524, 0.199005827308, 0.267229199409, 0.337565928698, 0.396088153124, 0.921300768852],
    "chords_key": "F",
    "chords_scale": "major"
}
}