{
"metadata": {
    "version": {
        "essentia": "2.1-dev",
        "essentia_git_sha": "v2.1_beta3-415-gd5473f3",
        "extractor": "music 2.0"
    },
    "audio_properties": {
        "analysis": {
            "equal_loudness": 0,
            "length": 218.749389648,
            "sample_rate": 44100,
            "start_time": 0,
            "downmix": "mix"
        },
        "bit_rate": 192000,
        "length": 218.749389648,
        "lossless": 0,
        "number_channels": 2,
        "replay_gain": -10.755027771,
        "sample_rate": 44100,
        "codec": "mp3",
        "md5_encoded": "3c5ff123ce9a831582f436e32deb85a9"
    },
    "tags": {
        "file_name": "dune-m_si_the_rhythm_of_life.mp3",
        "album": ["Musica Si 2-3"],
        "artist": ["Various Artists"],
        "genre": ["Other"],
        "title": ["m si (the rhythm of life)-dune"]
    }
},
"lowlevel": {
    "average_loudness": 0.93872910738,
    "barkbands_crest": {
        "mean": 12.2919397354,
        "stdev": 5.58980703354
    },
    "barkbands_flatness_db": {
        "mean": 0.132261842489,
        "stdev": 0.0589758381248
    },
    "barkbands_kurtosis": {
        "mean": 7.04753828049,
        "stdev": 13.5080537796
    },
    "barkbands_skewness": {
        "mean": 1.94672131538,
        "stdev": 1.71980679035
    },
    "barkbands_spread": {
        "mean": 25.9391956329,
        "stdev": 16.9949531555
    },
    "dissonance": {
        "mean": 0.47010037303,
        "stdev": 0.0245977360755
    },
    "dynamic_complexity": 3.70272827148,
    "erbbands_crest": {
        "mean": 8.01810646057,
        "stdev": 4.16250896454
    },
    "erbbands_flatness_db": {
        "mean": 0.132255002856,
        "stdev": 0.0401009060442
    },
    "erbbands_kurtosis": {
        "mean": 0.193319097161,
        "stdev": 1.65072500706
    },
    "erbbands_skewness": {
        "mean": 0.0269038062543,
        "stdev": 0.744634211063
    },
    "erbbands_spread": {
        "mean": 47.9702796936,
        "stdev": 23.609205246
    },
    "hfc": {
        "mean": 25.5208396912,
        "stdev": 24.313167572
    },
    "loudness_ebu128": {
        "integrated": -11.7668781281,
        "loudness_range": 3.45685005188,
        "momentary": {
            "mean": -13.5208396912,
            "stdev": 6.47339630127
        },
        "short_term": {
            "mean": -13.0480718613,
            "stdev": 5.05256319046
        }
    },
    "melbands_crest": {
        "mean": 16.4879341125,
        "stdev": 6.35795545578
    },
    "melbands_flatness_db": {
        "mean": 0.197387084365,
        "stdev": 0.0866475254297
    },
    "melbands_kurtosis": {
        "mean": 25.4688205719,
        "stdev": 38.6444015503
    },
    "melbands_skewness": {
        "mean": 3.59057307243,
        "stdev": 2.48465704918
    },
    "melbands_spread": {
        "mean": 26.1124591827,
        "stdev": 24.2446594238
    },
    "pitch_salience": {
        "mean": 0.497354239225,
        "stdev": 0.154055982828
    },
    "silence_rate_20dB": {
        "mean": 1,
        "stdev": 0
    },
    "silence_rate_30dB": {
        "mean": 0.972405016422,
        "stdev": 0.163813084364
    },
    "silence_rate_60dB": {
        "mean": 0.0798132047057,
        "stdev": 0.270999252796
    },
    "spectral_centroid": {
        "mean": 1558.86804199,
        "stdev": 773.668701172
    },
    "spectral_complexity": {
        "mean": 19.7294635773,
        "stdev": 12.409658432
    },
    "spectral_decrease": {
        "mean": -9.02122643254e-09,
        "stdev": 7.7914759089e-09
    },
    "spectral_energy": {
        "mean": 0.0363629981875,
        "stdev": 0.0301669985056
    },
    "spectral_energyband_high": {
        "mean": 0.00160623714328,
        "stdev": 0.00234822719358
    },
    "spectral_energyband_low": {
        "mean": 0.0218910742551,
        "stdev": 0.0279045775533
    },
    "spectral_energyband_middle_high": {
        "mean": 0.00491950334981,
        "stdev": 0.00534048350528
    },
    "spectral_energyband_middle_low": {
        "mean": 0.00906810816377,
        "stdev": 0.00836530793458
    },
    "spectral_entropy": {
        "mean": 7.80999422073,
        "stdev": 0.409756362438
    },
    "spectral_flux": {
        "mean": 0.0943909436464,
        "stdev": 0.0576670579612
    },
    "spectral_kurtosis": {
        "mean": 3.21773862839,
        "stdev": 2.42329883575
    },
    "spectral_rms": {
        "mean": 0.00537748588249,
        "stdev": 0.0025610323064
    },
    "spectral_rolloff": {
        "mean": 1769.25720215,
        "stdev": 1982.0892334
    },
    "spectral_skewness": {
        "mean": 1.36440479755,
        "stdev": 0.409259021282
    },
    "spectral_spread": {
        "mean": 5488324,
        "stdev": 2107288
    },
    "spectral_strongpeak": {
        "mean": 0.728925704956,
        "stdev": 1.00267457962
    },
    "zerocrossingrate": {
        "mean": 0.0712079554796,
        "stdev": 0.0510727763176
    },
    "barkbands": {
        "mean": [0.000395870447392, 0.0168032720685, 0.00365848583169, 0.00195584911853, 0.00297377677634, 0.00120948569383, 0.000592022028286, 0.000808974204119, 0.00134950038046, 0.000580398133025, 0.000476669083582, 0.000467311503598, 0.000397433585022, 0.00052211486036, 0.000620894366875, 0.000686171464622, 0.000394328468246, 0.00037542640348, 0.000313843222102, 0.000329446629621, 0.000288052862743, 0.000268046424026, 0.00028220974491, 0.000358772434993, 0.000169497070601, 7.98353066784e-05, 5.30041006641e-06],
        "stdev": [0.000738659175113, 0.0229677483439, 0.00755311176181, 0.00321579864249, 0.00512539688498, 0.00206368020736, 0.000928835826926, 0.00179937691428, 0.00262414035387, 0.00131819187663, 0.00113503274042, 0.000756925088353, 0.000831814366393, 0.000959603814408, 0.00113946129568, 0.00167468702421, 0.000713670044206, 0.000618004531134, 0.000488614430651, 0.000508537807036, 0.000458681693999, 0.00044753428665, 0.000558590749279, 0.000798485416453, 0.000321362196701, 0.000163550037541, 1.34246374728e-05]
    },
    "erbbands": {
        "mean": [0.44621989131, 3.83105897903, 5.18133640289, 5.69796133041, 8.93888187408, 8.60119056702, 10.1914157867, 9.87100791931, 8.13460350037, 12.0717096329, 20.0486736298, 29.2679538727, 24.8260536194, 18.5367507935, 20.1937179565, 15.8537683487, 16.6114387512, 25.4242324829, 27.9112358093, 34.2281913757, 40.2525215149, 24.2869110107, 21.575258255, 17.5698432922, 15.3393516541, 15.8211402893, 12.7815704346, 10.5141544342, 9.85021305084, 8.75708293915, 7.90324020386, 6.89993667603, 6.25250148773, 2.47678971291, 0.972283422947, 0.374183416367, 0.141914084554, 0.0268660578877, 0.000616249570157, 6.32108349237e-05],
        "stdev": [0.598971903324, 5.68078231812, 10.3540811539, 8.57507514954, 16.4723968506, 15.2006254196, 19.8942737579, 17.5690593719, 12.1440181732, 21.7075214386, 42.2531700134, 59.8863716125, 47.8437767029, 47.9422569275, 34.356048584, 25.1556854248, 31.2169799805, 48.399471283, 46.7661743164, 64.6163787842, 106.550758362, 43.467414856, 35.8238677979, 26.2712364197, 22.5775089264, 24.2818336487, 20.2026157379, 18.497543335, 17.5020523071, 14.7613830566, 16.7713527679, 14.2457752228, 15.4594097137, 5.04828310013, 1.8167219162, 0.75150513649, 0.301584839821, 0.0630948022008, 0.00138925481588, 6.0616817791e-05]
    },
    "gfcc": {
        "mean": [3.77900719643, 70.6254425049, -110.561134338, 37.5005569458, -56.9041748047, 21.2291183472, -36.8764533997, 14.2227067947, -20.3423843384, 4.38150548935, -18.3988132477, 0.719490706921, -10.5176258087],
        "cov": [[10709.3476562, -686.315795898, 299.102325439, 290.681335449, -4.55496358871, 310.608612061, -186.038131714, 195.375183105, -203.666473389, 83.6064529419, -247.954193115, 46.3169136047, -91.5001983643], [-686.315795898, 1561.72509766, 227.615615845, 229.27255249, 520.314941406, 73.0960693359, 334.786712646, 28.7151279449, 209.488555908, 17.9975719452, 194.51423645, -71.26146698, 85.4042282104], [299.102325439, 227.615615845, 1274.51538086, 372.525177002, 357.605560303, 347.384796143, 126.262641907, 149.256332397, 63.4283599854, 83.1557235718, 54.7803688049, 30.3696537018, -31.9908256531], [290.681335449, 229.27255249, 372.525177002, 516.451049805, 277.282440186, 117.153579712, 143.483139038, 69.6913070679, 112.402702332, 25.2633647919, 48.4679374695, 18.3803424835, 33.8009567261], [-4.55496358871, 520.314941406, 357.605560303, 277.282440186, 538.912597656, 170.074172974, 200.490600586, 117.225837708, 126.13256073, 67.4581451416, 79.0313110352, -5.20899295807, 26.3597621918], [310.608612061, 73.0960693359, 347.384796143, 117.153579712, 170.074172974, 301.442474365, 154.157852173, 89.3639450073, 53.7809829712, 41.2690048218, 37.0254325867, -5.40883827209, -17.464799881], [-186.038131714, 334.786712646, 126.262641907, 143.483139038, 200.490600586, 154.157852173, 269.831573486, 90.6194763184, 111.162269592, 40.8150482178, 71.5622406006, -5.12213563919, 19.2368087769], [195.375183105, 28.7151279449, 149.256332397, 69.6913070679, 117.225837708, 89.3639450073, 90.6194763184, 159.455291748, 77.8806152344, 47.5923461914, 15.2506504059, 7.20084047318, 6.24890851974], [-203.666473389, 209.488555908, 63.4283599854, 112.402702332, 126.13256073, 53.7809829712, 111.162269592, 77.8806152344, 175.454818726, 54.2001228333, 59.2145690918, 3.48284959793, 36.6863746643], [83.6064529419, 17.9975719452, 83.1557235718, 25.2633647919, 67.4581451416, 41.2690048218, 40.8150482178, 47.5923461914, 54.2001228333, 105.172744751, 40.0325584412, 19.8009605408, 2.98114657402], [-247.954193115, 194.51423645, 54.7803688049, 48.4679374695, 79.0313110352, 37.0254325867, 71.5622406006, 15.2506504059, 59.2145690918, 40.0325584412, 133.281036377, 30.3652114868, 29.0577926636], [46.3169136047, -71.26146698, 30.3696537018, 18.3803424835, -5.20899295807, -5.40883827209, -5.12213563919, 7.20084047318, 3.48284959793, 19.8009605408, 30.3652114868, 85.1815719604, 32.7238006592], [-91.5001983643, 85.4042282104, -31.9908256531, 33.8009567261, 26.3597621918, -17.464799881, 19.2368087769, 6.24890851974, 36.6863746643, 2.98114657402, 29.0577926636, 32.7238006592, 80.0127716064]],
        "icov": [[0.000126032449771, -9.0571862529e-05, 0.000112641457235, -0.000208179917536, 9.15087803151e-05, -0.000330772541929, 0.000316915771691, -0.000299749808619, 0.000292226992315, -0.000261586188572, 0.000273514306173, -0.000186625111382, 7.14068810339e-05], [-9.0571862529e-05, 0.00200417591259, -0.000621811312158, 0.000789647107013, -0.0015748826554, 0.00172215711791, -0.00216557574458, 0.00166751467623, -0.00105687056202, 0.00127853022423, -0.0018635498127, 0.00248325476423, -0.00144171819557], [0.000112641457235, -0.000621811312158, 0.00184068724047, -0.00120138493367, 6.65505867801e-05, -0.00227306783199, 0.00181447365321, -0.00125241582282, 0.000927416724153, -0.000869490439072, 0.000460323528387, -0.00135443615727, 0.00117341952864], [-0.000208179917536, 0.000789647107013, -0.00120138493367, 0.00395573722199, -0.0016870405525, 0.00149634364061, -0.00199162191711, 0.00164338434115, -0.00221185083501, 0.00183221267071, -0.000430724321632, 0.000290026480798, -0.00101576861925], [9.15087803151e-05, -0.0015748826554, 6.65505867801e-05, -0.0016870405525, 0.00481990352273, -0.00150370912161, 0.00053347449284, -0.00209446134977, 0.000892750569619, -0.00187496701255, 0.000816999643575, -0.000609260576311, 0.000257139588939], [-0.000330772541929, 0.00172215711791, -0.00227306783199, 0.00149634364061, -0.00150370912161, 0.00904111564159, -0.00573985511437, 0.000960585486609, -0.000845687231049, 0.00132515095174, -0.00200516986661, 0.00259726424702, 2.07509274333e-05], [0.000316915771691, -0.00216557574458, 0.00181447365321, -0.00199162191711, 0.00053347449284, -0.00573985511437, 0.0111504951492, -0.00382551993243, -0.000356229749741, -0.00105549010914, 5.11541693413e-05, -0.00181919184979, 0.00135815690737], [-0.000299749808619, 0.00166751467623, -0.00125241582282, 0.00164338434115, -0.00209446134977, 0.000960585486609, -0.00382551993243, 0.0123809445649, -0.00474424706772, -0.000583794142585, 0.000856772996485, 0.000656058953609, -0.00084760831669], [0.000292226992315, -0.00105687056202, 0.000927416724153, -0.00221185083501, 0.000892750569619, -0.000845687231049, -0.000356229749741, -0.00474424706772, 0.0127314748242, -0.00460803089663, -0.000990670640022, 0.00162742577959, -0.00322667392902], [-0.000261586188572, 0.00127853022423, -0.000869490439072, 0.00183221267071, -0.00187496701255, 0.00132515095174, -0.00105549010914, -0.000583794142585, -0.00460803089663, 0.0152065223083, -0.00387156847864, -0.00167515233625, 0.00205819448456], [0.000273514306173, -0.0018635498127, 0.000460323528387, -0.000430724321632, 0.000816999643575, -0.00200516986661, 5.11541693413e-05, 0.000856772996485, -0.000990670640022, -0.00387156847864, 0.0135879199952, -0.00579684460536, -8.35044775158e-05], [-0.000186625111382, 0.00248325476423, -0.00135443615727, 0.000290026480798, -0.000609260576311, 0.00259726424702, -0.00181919184979, 0.000656058953609, 0.00162742577959, -0.00167515233625, -0.00579684460536, 0.0202365219593, -0.00922922417521], [7.14068810339e-05, -0.00144171819557, 0.00117341952864, -0.00101576861925, 0.000257139588939, 2.07509274333e-05, 0.00135815690737, -0.00084760831669, -0.00322667392902, 0.00205819448456, -8.35044775158e-05, -0.00922922417521, 0.0198839548975]]
    },
    "melbands": {
        "mean": [0.00446981005371, 0.00367690529674, 0.00108389882371, 0.00066717521986, 0.000360400881618, 0.000222678747377, 0.000121620447317, 0.000145817917655, 0.000171654872247, 0.000187361787539, 0.00012217463518, 7.44383360143e-05, 6.92319517839e-05, 5.62635395909e-05, 3.34656615451e-05, 4.25956677645e-05, 4.71508465125e-05, 4.41327429144e-05, 4.81810384372e-05, 4.12643385062e-05, 4.62268071715e-05, 2.37914773606e-05, 2.03241488634e-05, 1.93387586478e-05, 1.3595573364e-05, 1.12317329695e-05, 1.17360586955e-05, 9.84268081083e-06, 9.15665532375e-06, 5.55287442694e-06, 6.21807430434e-06, 5.77437731408e-06, 4.76608875033e-06, 4.9815703278e-06, 4.60301271232e-06, 4.2793776629e-06, 4.08571122534e-06, 4.83069925394e-06, 2.9972552511e-06, 1.77529022949e-06],
        "stdev": [0.00584966456518, 0.0060829562135, 0.00151140545495, 0.00126524432562, 0.000659636978526, 0.000381481542718, 0.000176970148459, 0.000268596893875, 0.000359541038051, 0.000371801230358, 0.000244972208748, 0.000194586682483, 0.000137620678288, 9.57852462307e-05, 7.63757125242e-05, 8.73605313245e-05, 9.19156882446e-05, 8.09290795587e-05, 9.44075363805e-05, 8.49212883622e-05, 0.000128309984575, 4.35213441961e-05, 3.55559641321e-05, 3.49273905158e-05, 2.20720776269e-05, 1.70859329955e-05, 1.9099430574e-05, 1.58302045747e-05, 1.57509784913e-05, 8.90879528015e-06, 1.17843683256e-05, 1.11093686428e-05, 7.71312897996e-06, 8.9568347903e-06, 1.01760088e-05, 9.34321360546e-06, 8.66953814693e-06, 1.24245834741e-05, 6.80336597725e-06, 3.55466454494e-06]
    },
    "melbands128": {
        "mean": [0.000362907128874, 0.00294181983918, 0.0068712788634, 0.00621325103566, 0.00327791180462, 0.00163664272986, 0.00114410032984, 0.0009267727728, 0.000939721008763, 0.000824575719889, 0.000376747135306, 0.000413710484281, 0.000356002128683, 0.000309490744257, 0.000226226737141, 0.000185989891179, 0.000148119172081, 0.000101095385617, 9.28532172111e-05, 0.000132909510285, 0.000154738649144, 0.000201220740564, 0.000132146829856, 0.000187892161193, 0.000208988174563, 0.000170840779901, 0.000189241021872, 9.62424819591e-05, 9.97954048216e-05, 6.58090793877e-05, 6.61412414047e-05, 8.56814149301e-05, 7.04345438862e-05, 4.57506794191e-05, 9.46805448621e-05, 4.37723829236e-05, 2.82709534076e-05, 3.73112270609e-05, 3.48943758581e-05, 2.85291480395e-05, 3.91177709389e-05, 6.96926799719e-05, 4.02452642447e-05, 3.84420527553e-05, 5.59924446861e-05, 3.87173749914e-05, 3.92333895434e-05, 4.98489607708e-05, 5.23236594745e-05, 4.97249529872e-05, 2.81049942714e-05, 3.48662942997e-05, 8.17882391857e-05, 2.92049735435e-05, 1.987721771e-05, 2.45640712819e-05, 2.5848758014e-05, 2.28422431974e-05, 1.75389832293e-05, 1.69791146618e-05, 2.49346649071e-05, 1.58956536325e-05, 1.04991449916e-05, 1.41953760249e-05, 1.7038824808e-05, 8.55646885611e-06, 9.36771266424e-06, 1.26064678625e-05, 1.10566734293e-05, 1.33818102768e-05, 1.00472061604e-05, 7.68111021898e-06, 9.16902808967e-06, 1.20494123621e-05, 5.08407902089e-06, 5.15121109856e-06, 5.80094410907e-06, 6.16081979388e-06, 6.44652118353e-06, 5.90419404034e-06, 6.43136354483e-06, 5.11979988005e-06, 5.54003963771e-06, 4.33732657257e-06, 4.76226659885e-06, 4.51530331702e-06, 5.71150803808e-06, 4.71514795208e-06, 4.60659930468e-06, 4.20522474087e-06, 4.50472543889e-06, 4.16104649048e-06, 4.20979677074e-06, 4.29399005952e-06, 3.70165957975e-06, 4.36333994003e-06, 5.97630787524e-06, 4.19819753006e-06, 2.91481796921e-06, 2.39813971348e-06, 2.16058492697e-06, 1.66240511135e-06, 1.32434684019e-06, 1.24965856685e-06, 1.1407233842e-06, 9.22037315831e-07, 7.26767382275e-07, 6.51582467981e-07, 6.59694308069e-07, 5.64331116948e-07, 5.4670448435e-07, 4.75329130722e-07, 4.6357803285e-07, 3.89233861142e-07, 3.72565182261e-07, 3.04394916384e-07, 2.12291510593e-07, 2.43186999427e-08, 5.99995921002e-12, 5.22883472631e-12, 5.0594567598e-12, 4.92531666493e-12, 4.80328884306e-12, 4.70968966951e-12, 4.62981389338e-12, 4.57283126296e-12, 4.53171918394e-12, 4.4997204747e-12],
        "stdev": [0.000687766936608, 0.00443396577612, 0.00959096476436, 0.0104421461001, 0.00704993167892, 0.00312166498043, 0.00191922090016, 0.001639407943, 0.00194779317826, 0.00218837382272, 0.000904445594642, 0.000938504817896, 0.000875140889548, 0.000712981156539, 0.000463813688839, 0.000482610834297, 0.000313542492222, 0.000180270086275, 0.00023955834331, 0.000324250635458, 0.000406664330512, 0.000537173298653, 0.000441019859863, 0.000563961511943, 0.000626428925898, 0.000456316804048, 0.000526715826709, 0.000279369560303, 0.000293616496492, 0.000194947861019, 0.000306758593069, 0.000259684195044, 0.000187121229828, 0.000126534840092, 0.000191134487977, 0.000102152815089, 7.83279683674e-05, 0.00010364328773, 0.000124390775454, 7.16946087778e-05, 0.000106634834083, 0.000221519017941, 0.000105488856207, 0.000108450112748, 0.000136588321766, 0.000103219215816, 0.000100459983514, 0.000145766942296, 0.000126789367641, 0.000130182350404, 8.26002651593e-05, 9.38629091252e-05, 0.000308914255584, 8.2616112195e-05, 4.61159506813e-05, 5.05092029925e-05, 6.67058193358e-05, 4.53768880107e-05, 3.77999094781e-05, 3.52414572262e-05, 5.71495475015e-05, 2.91287997243e-05, 2.15368418139e-05, 2.89068339043e-05, 3.77511969418e-05, 1.58678612934e-05, 1.6834894268e-05, 2.86808390229e-05, 2.13633029489e-05, 2.54774222412e-05, 1.95790616999e-05, 1.40797983477e-05, 2.05469405046e-05, 2.28035260079e-05, 9.13625444809e-06, 9.28277495404e-06, 9.82133951766e-06, 1.26480808831e-05, 1.4547849787e-05, 1.10631035568e-05, 1.65617402672e-05, 9.37348886509e-06, 1.02646718005e-05, 7.63953812566e-06, 8.36917570268e-06, 8.74691977515e-06, 1.20726481327e-05, 1.04621485661e-05, 1.183056429e-05, 1.07343921627e-05, 1.02134945337e-05, 1.00225825008e-05, 9.9184571809e-06, 9.63884212979e-06, 8.07686410553e-06, 1.09116317617e-05, 1.72947275132e-05, 1.09591928776e-05, 6.64355320623e-06, 5.23465268998e-06, 4.79101481687e-06, 3.46391698258e-06, 2.7142093586e-06, 2.53043299381e-06, 2.18073523683e-06, 1.88139370039e-06, 1.68359406416e-06, 1.44573516536e-06, 1.46483205299e-06, 1.26437862491e-06, 1.12669704322e-06, 1.12691839149e-06, 1.03893376036e-06, 8.92550360732e-07, 9.47317516875e-07, 7.6759829426e-07, 5.2645799542e-07, 6.87014107825e-08, 9.46588814277e-12, 8.30626366299e-12, 8.03843797081e-12, 7.82322210485e-12, 7.64193309327e-12, 7.49430899283e-12, 7.36948002622e-12, 7.27406069406e-12, 7.20480012456e-12, 7.16150532973e-12]
    },
    "mfcc": {
        "mean": [-637.959228516, 99.7605667114, 6.22490310669, 20.2728805542, 6.99748659134, 7.17780542374, 0.0731560438871, 6.71451854706, 3.41330742836, 6.9777712822, -1.19507050514, -0.489974945784, -0.828889429569],
        "cov": [[8437.84667969, -402.62210083, -68.4143753052, 51.3017311096, 43.9577980042, 48.5112075806, -14.4616031647, 20.6272983551, 90.936630249, -19.2477436066, -62.683265686, -82.7910690308, -74.5035095215], [-402.62210083, 1344.61730957, 14.7763261795, 242.601318359, 229.719696045, 178.288604736, 196.768173218, 103.11907959, 76.7675933838, 122.07598877, 129.992523193, 78.4327850342, 69.8915634155], [-68.4143753052, 14.7763261795, 905.98059082, 147.904098511, 271.644287109, 184.130218506, 171.986618042, 108.528045654, 77.4164428711, 52.1977081299, 66.5644607544, 75.0370483398, 33.5757331848], [51.3017311096, 242.601318359, 147.904098511, 469.354797363, 230.052352905, 140.883773804, 91.4095840454, 96.0106811523, 102.4637146, 52.4703063965, 45.4236679077, 73.4611282349, 72.2315063477], [43.9577980042, 229.719696045, 271.644287109, 230.052352905, 386.000671387, 151.950973511, 147.715667725, 90.9907608032, 106.553207397, 74.6432800293, 72.6481781006, 66.9894332886, 40.1347198486], [48.5112075806, 178.288604736, 184.130218506, 140.883773804, 151.950973511, 244.046600342, 148.393234253, 97.6222229004, 70.6465835571, 71.7518157959, 78.5069274902, 40.9205322266, 25.1663990021], [-14.4616031647, 196.768173218, 171.986618042, 91.4095840454, 147.715667725, 148.393234253, 229.947937012, 108.40725708, 68.9198989868, 67.9409713745, 86.7105560303, 47.2699279785, 23.953918457], [20.6272983551, 103.11907959, 108.528045654, 96.0106811523, 90.9907608032, 97.6222229004, 108.40725708, 153.048065186, 85.1374893188, 63.1214637756, 51.9749679565, 38.444229126, 31.5176239014], [90.936630249, 76.7675933838, 77.4164428711, 102.4637146, 106.553207397, 70.6465835571, 68.9198989868, 85.1374893188, 149.547622681, 84.6427154541, 54.0943756104, 28.3211936951, 31.0473403931], [-19.2477436066, 122.07598877, 52.1977081299, 52.4703063965, 74.6432800293, 71.7518157959, 67.9409713745, 63.1214637756, 84.6427154541, 136.375106812, 79.8181304932, 31.5828475952, 21.8193855286], [-62.683265686, 129.992523193, 66.5644607544, 45.4236679077, 72.6481781006, 78.5069274902, 86.7105560303, 51.9749679565, 54.0943756104, 79.8181304932, 121.349151611, 51.5265045166, 22.8047885895], [-82.7910690308, 78.4327850342, 75.0370483398, 73.4611282349, 66.9894332886, 40.9205322266, 47.2699279785, 38.444229126, 28.3211936951, 31.5828475952, 51.5265045166, 108.237617493, 54.3436355591], [-74.5035095215, 69.8915634155, 33.5757331848, 72.2315063477, 40.1347198486, 25.1663990021, 23.953918457, 31.5176239014, 31.0473403931, 21.8193855286, 22.8047885895, 54.3436355591, 96.4642562866]],
        "icov": [[0.000124500060338, 4.39869945694e-05, 2.96739490295e-05, -1.70702514879e-05, -2.68318199232e-05, -6.33522577118e-05, -5.54120697416e-06, 7.66799621488e-06, -0.00012457340199, 3.88184198528e-05, 6.01282845309e-05, 4.43949975306e-05, 8.53915262269e-05], [4.39869945694e-05, 0.00101734104101, 0.000275899015833, -0.000302772765281, -0.000338404497597, -0.000151206084411, -0.000531636818778, 5.79086299695e-05, 0.000464889366413, -0.000450499617727, -0.000354630843503, 0.000124823898659, -0.000313312746584], [2.96739490295e-05, 0.000275899015833, 0.00160066608805, 0.000127199164126, -0.000926678301767, -0.000621753861196, -0.000438923365436, -0.000246268638875, 0.000136285452754, 0.000167024452821, 0.000198226742214, -0.000492877676152, 5.7016597566e-05], [-1.70702514879e-05, -0.000302772765281, 0.000127199164126, 0.00374092301354, -0.00155141856521, -0.00123276794329, 0.000880810781382, -0.000644969695713, -0.00112071447074, 0.000745332450606, 0.000819672364742, -0.000864799774718, -0.00119462178554], [-2.68318199232e-05, -0.000338404497597, -0.000926678301767, -0.00155141856521, 0.00545948650688, -0.000512961531058, -0.00147188012488, 0.00106401217636, -0.00181983993389, -0.00015269004507, 0.000287679460598, -0.000958141812589, 0.000680931727402], [-6.33522577118e-05, -0.000151206084411, -0.000621753861196, -0.00123276794329, -0.000512961531058, 0.00850465800613, -0.00290403794497, -0.0014647517819, 0.000722063356079, -0.00092586671235, -0.00174994464032, 0.00103129446507, 0.000204217227292], [-5.54120697416e-06, -0.000531636818778, -0.000438923365436, 0.000880810781382, -0.00147188012488, -0.00290403794497, 0.0102953556925, -0.00406353501603, 0.000438715069322, 0.000978635507636, -0.00329705816694, -6.05963987255e-06, 0.000435595109593], [7.66799621488e-06, 5.79086299695e-05, -0.000246268638875, -0.000644969695713, 0.00106401217636, -0.0014647517819, -0.00406353501603, 0.0133466748521, -0.00471741287038, -0.00110590201803, 0.00128735869657, -0.00117602373939, -0.000752970518079], [-0.00012457340199, 0.000464889366413, 0.000136285452754, -0.00112071447074, -0.00181983993389, 0.000722063356079, 0.000438715069322, -0.00471741287038, 0.0144136007875, -0.00614213757217, -0.000712797336746, 0.00180379569065, -0.00173757807352], [3.88184198528e-05, -0.000450499617727, 0.000167024452821, 0.000745332450606, -0.00015269004507, -0.00092586671235, 0.000978635507636, -0.00110590201803, -0.00614213757217, 0.0160368550569, -0.00748621625826, 0.000688793079462, -0.000105233993963], [6.01282845309e-05, -0.000354630843503, 0.000198226742214, 0.000819672364742, 0.000287679460598, -0.00174994464032, -0.00329705816694, 0.00128735869657, -0.000712797336746, -0.00748621625826, 0.0185641534626, -0.00603991374373, 0.00129223964177], [4.43949975306e-05, 0.000124823898659, -0.000492877676152, -0.000864799774718, -0.000958141812589, 0.00103129446507, -6.05963987255e-06, -0.00117602373939, 0.00180379569065, 0.000688793079462, -0.00603991374373, 0.016660168767, -0.00741578219458], [8.53915262269e-05, -0.000313312746584, 5.7016597566e-05, -0.00119462178554, 0.000680931727402, 0.000204217227292, 0.000435595109593, -0.000752970518079, -0.00173757807352, -0.000105233993963, 0.00129223964177, -0.00741578219458, 0.0157907065004]]
    },
    "spectral_contrast_coeffs": {
        "mean": [-0.703275680542, -0.767528235912, -0.766133606434, -0.785625517368, -0.797664880753, -0.777037322521],
        "stdev": [0.0849453285336, 0.069542594254, 0.0670167058706, 0.0573087520897, 0.039801619947, 0.0400339253247]
    },
    "spectral_contrast_valleys": {
        "mean": [-6.9004240036, -6.90555810928, -7.5265917778, -7.5926656723, -7.50403881073, -9.81089019775],
        "stdev": [1.38698422909, 1.06064403057, 1.12370800972, 1.10712397099, 1.14785420895, 1.31274569035]
    }
},
"rhythm": {
    "beats_count": 437,
    "beats_loudness": {
        "mean": 0.0547536946833,
        "stdev": 0.028196323663
    },
    "bpm": 120.029769897,
    "bpm_histogram_first_peak_bpm": 120,
    "bpm_histogram_first_peak_weight": 0.372413754463,
    "bpm_histogram_second_peak_bpm": 126,
    "bpm_histogram_second_peak_spread": 0,
    "bpm_histogram_second_peak_weight": 0.00229357788339,
    "danceability": 1.4528440237,
    "onset_rate": 3.88998699188,
    "beats_loudness_band_ratio": {
        "mean": [0.574874341488, 0.207520544529, 0.071671821177, 0.0568939298391, 0.0770920813084, 0.109177790582],
        "stdev": [0.250544428825, 0.193585708737, 0.0639431849122, 0.0569094344974, 0.073383718729, 0.0710787847638]
    },
    "beats_position": [0.452789098024, 0.9287981987, 1.42802715302, 1.92725622654, 2.42648530006, 2.92571425438, 3.42494320869, 3.92417216301, 4.42340135574, 4.92263031006, 5.42185926437, 5.92108821869, 6.420317173, 6.91954612732, 7.41877555847, 7.91800451279, 8.4172334671, 8.91646194458, 9.41569137573, 9.91492080688, 10.4257593155, 10.9365987778, 11.4242172241, 11.9234466553, 12.4226751328, 12.933514595, 13.4211339951, 13.9203624725, 14.4195919037, 14.9304304123, 15.4180498123, 15.9172782898, 16.4165077209, 16.9157371521, 17.4149665833, 17.9141941071, 18.4134235382, 18.9242630005, 19.4118824005, 19.9111099243, 20.4103393555, 20.9211788177, 21.4087982178, 21.9080276489, 22.4072551727, 22.918094635, 23.4173240662, 23.9165534973, 24.4157810211, 24.9150104523, 25.4142398834, 25.9134693146, 26.4243087769, 26.9351463318, 27.4227657318, 27.9103851318, 28.409614563, 28.9088420868, 29.4196815491, 29.9189109802, 30.4181404114, 30.9173698425, 31.4165973663, 31.9158267975, 32.4150543213, 32.9142837524, 33.4135131836, 33.9127426147, 34.4119720459, 34.9228096008, 35.4104309082, 35.9096603394, 36.4088897705, 36.9197273254, 37.4189567566, 37.9181861877, 38.4174156189, 38.91664505, 39.4158706665, 39.9151000977, 40.4143295288, 40.91355896, 41.4011802673, 41.9120178223, 42.4112472534, 42.9104766846, 43.4213142395, 43.9205436707, 44.4197731018, 44.9306106567, 45.4182319641, 45.9174575806, 46.4166870117, 46.9275283813, 47.415145874, 47.9143753052, 48.4136047363, 48.9244422913, 49.4120635986, 49.9112930298, 50.4105224609, 50.9213600159, 51.4089775085, 51.9198188782, 52.4190483093, 52.9182739258, 53.4175033569, 53.9167327881, 54.4275741577, 54.9268035889, 55.4144210815, 55.9136505127, 56.4244880676, 56.9237174988, 57.4229469299, 57.9105644226, 58.4214057922, 58.9206352234, 59.4198646545, 59.919090271, 60.4183197021, 60.9175491333, 61.4167785645, 61.9160079956, 62.4152374268, 62.9260749817, 63.4136962891, 63.9129257202, 64.4121551514, 64.9113845825, 65.4106140137, 65.9214477539, 66.4206771851, 66.9199066162, 67.4191360474, 67.929977417, 68.4175949097, 68.9168243408, 69.416053772, 69.9152832031, 70.4261245728, 70.9137420654, 71.4129714966, 71.9122009277, 72.423034668, 72.9222640991, 73.4214935303, 73.9207229614, 74.4199523926, 74.9191818237, 75.4184112549, 75.917640686, 76.4168701172, 76.9160995483, 77.4153289795, 77.9145584106, 78.4137878418, 78.924621582, 79.4238510132, 79.9230804443, 80.4223098755, 80.9215393066, 81.4207687378, 81.9199981689, 82.4192276001, 82.9184570312, 83.4176864624, 83.9169158936, 84.4161453247, 84.9153747559, 85.4262084961, 85.9254379272, 86.4246673584, 86.9122848511, 87.4231262207, 87.9107437134, 88.421585083, 88.9208145142, 89.4200439453, 89.9192733765, 90.4185028076, 90.9177322388, 91.4169616699, 91.9045791626, 92.4154205322, 92.9262542725, 93.4138793945, 93.9131011963, 94.4123306274, 94.9231719971, 95.4224014282, 95.9216308594, 96.432472229, 96.9317016602, 97.4193191528, 97.918548584, 98.4177780151, 98.9170074463, 99.4162368774, 99.9154663086, 100.426300049, 100.913917542, 101.413146973, 101.912376404, 102.411605835, 102.910835266, 103.421676636, 103.920906067, 104.420135498, 104.930976868, 105.41859436, 105.917823792, 106.417053223, 106.927886963, 107.415504456, 107.914733887, 108.413963318, 108.90158844, 109.41242218, 109.92326355, 110.422492981, 110.921722412, 111.409339905, 111.920181274, 112.431015015, 112.918640137, 113.417869568, 113.917098999, 114.427932739, 114.938774109, 115.426391602, 115.925621033, 116.424850464, 116.935691833, 117.423309326, 117.922538757, 118.421768188, 118.932601929, 119.420227051, 119.919456482, 120.418685913, 120.929519653, 121.417137146, 121.916366577, 122.415596008, 122.926437378, 123.414054871, 123.92489624, 124.412513733, 124.923355103, 125.410972595, 125.910202026, 126.409431458, 126.920272827, 127.419502258, 127.91872406, 128.417953491, 128.917190552, 129.416412354, 129.915649414, 130.426483154, 130.937316895, 131.424942017, 131.924163818, 132.423400879, 132.934234619, 133.421859741, 133.909469604, 134.420318604, 134.931152344, 135.418777466, 135.917999268, 136.417236328, 136.928070068, 137.41569519, 137.914916992, 138.414154053, 138.924987793, 139.412597656, 139.911834717, 140.411056519, 140.921905518, 141.409515381, 141.908752441, 142.407974243, 142.918823242, 143.406433105, 143.905670166, 144.404891968, 144.915740967, 145.414962769, 145.914199829, 146.425033569, 146.93586731, 147.423492432, 147.911102295, 148.421951294, 148.932785034, 149.420410156, 149.919631958, 150.418869019, 150.91809082, 151.417327881, 151.916549683, 152.415786743, 152.926620483, 153.414230347, 153.925079346, 154.412689209, 154.91192627, 155.411148071, 155.910385132, 156.409606934, 156.920455933, 157.408065796, 157.918914795, 158.418136597, 158.917373657, 159.416595459, 159.915817261, 160.415054321, 160.914276123, 161.413513184, 161.912734985, 162.411972046, 162.911193848, 163.422042847, 163.90965271, 164.420501709, 164.931335449, 165.418960571, 165.918182373, 166.417419434, 166.928253174, 167.415863037, 167.915100098, 168.414321899, 168.925170898, 169.412780762, 169.912017822, 170.411239624, 170.922088623, 171.409698486, 171.920547485, 172.419769287, 172.930603027, 173.418228149, 173.917449951, 174.42829895, 174.93913269, 175.426757812, 175.914367676, 176.413604736, 176.924438477, 177.423675537, 177.922897339, 178.422134399, 178.921356201, 179.420593262, 179.919815063, 180.419036865, 180.929885864, 181.417495728, 181.916732788, 182.41595459, 182.926803589, 183.414413452, 183.913650513, 184.412872314, 184.923721313, 185.422943115, 185.922180176, 186.421401978, 186.920639038, 187.408248901, 187.919082642, 188.418319702, 188.917541504, 189.416778564, 189.916000366, 190.426849365, 190.937683105, 191.425308228, 191.912918091, 192.42376709, 192.93460083, 193.422225952, 193.921447754, 194.420669556, 194.931518555, 195.419128418, 195.918365479, 196.41758728, 196.928436279, 197.416046143, 197.915283203, 198.414505005, 198.925354004, 199.412963867, 199.912200928, 200.411422729, 200.92225647, 201.42149353, 201.920715332, 202.419952393, 202.919174194, 203.418411255, 203.917633057, 204.416870117, 204.927703857, 205.426940918, 205.92616272, 206.42539978, 206.924621582, 207.423858643, 207.923080444, 208.422302246, 208.921539307, 209.420761108, 209.919998169, 210.419219971, 210.918457031, 211.417678833, 211.916915894, 212.416137695, 212.926986694, 213.426208496, 213.925445557, 214.424667358, 214.92388916, 215.423126221, 215.922348022, 216.421585083, 216.920806885, 217.420043945, 217.919265747, 218.418502808],
    "bpm_histogram": [0, 0, 0, 0, 0, 0, 0, 0, 0, 0, 0, 0, 0, 0, 0, 0, 0, 0, 0, 0, 0, 0, 0, 0, 0, 0, 0, 0, 0, 0, 0, 0, 0, 0, 0, 0, 0, 0, 0, 0, 0, 0, 0, 0, 0, 0, 0, 0, 0, 0, 0, 0, 0, 0, 0, 0, 0, 0, 0, 0, 0, 0, 0, 0, 0, 0, 0, 0, 0, 0, 0, 0, 0, 0, 0, 0, 0, 0, 0, 0, 0, 0, 0, 0, 0, 0, 0, 0, 0, 0, 0, 0, 0, 0, 0, 0, 0, 0, 0, 0, 0, 0, 0, 0, 0, 0, 0, 0, 0, 0, 0, 0, 0, 0, 0, 0, 0, 0.217889904976, 0, 0, 0.626146793365, 0, 0, 0.153669729829, 0, 0, 0.00229357788339, 0, 0, 0, 0, 0, 0, 0, 0, 0, 0, 0, 0, 0, 0, 0, 0, 0, 0, 0, 0, 0, 0, 0, 0, 0, 0, 0, 0, 0, 0, 0, 0, 0, 0, 0, 0, 0, 0, 0, 0, 0, 0, 0, 0, 0, 0, 0, 0, 0, 0, 0, 0, 0, 0, 0, 0, 0, 0, 0, 0, 0, 0, 0, 0, 0, 0, 0, 0, 0, 0, 0, 0, 0, 0, 0, 0, 0, 0, 0, 0, 0, 0, 0, 0, 0, 0, 0, 0, 0, 0, 0, 0, 0, 0, 0, 0, 0, 0, 0, 0, 0, 0, 0, 0, 0, 0, 0, 0, 0, 0, 0, 0, 0, 0, 0, 0, 0, 0, 0, 0, 0, 0, 0]
},
"tonal": {
    "chords_changes_rate": 0.0621816627681,
    "chords_number_rate": 0.0019100169884,
    "chords_strength": {
        "mean": 0.546293139458,
        "stdev": 0.0839377120137
    },
    "hpcp_crest": {
        "mean": 13.0019254684,
        "stdev": 5.9557890892
    },
    "hpcp_entropy": {
        "mean": 2.07069039345,
        "stdev": 0.735831081867
    },
    "key_edma": {
        "strength": 0.658583164215,
        "key": "F#",
        "scale": "minor"
    },
    "key_krumhansl": {
        "strength": 0.652918934822,
        "key": "F#",
        "scale": "minor"
    },
    "key_temperley": {
        "strength": 0.648870646954,
        "key": "F#",
        "scale": "minor"
    },
    "tuning_diatonic_strength": 0.553862690926,
    "tuning_equal_tempered_deviation": 0.199694871902,
    "tuning_frequency": 434.193115234,
    "tuning_nontempered_energy_ratio": 0.947786331177,
    "hpcp": {
        "mean": [0.0875798091292, 0.0827353894711, 0.0731360539794, 0.0798318609595, 0.075717240572, 0.0790734738111, 0.143977895379, 0.171899616718, 0.11412575841, 0.082862816751, 0.0891621187329, 0.125108599663, 0.292773902416, 0.318612545729, 0.143779993057, 0.0741642192006, 0.0630002766848, 0.061458684504, 0.0796350538731, 0.0854309350252, 0.0834101885557, 0.132863625884, 0.14431682229, 0.0978986620903, 0.0857377201319, 0.0851152539253, 0.096352852881, 0.15017978847, 0.149742931128, 0.105275720358, 0.0819634273648, 0.066553607583, 0.0954641997814, 0.208673790097, 0.21573446691, 0.107870936394],
        "stdev": [0.20446549356, 0.199380576611, 0.184157505631, 0.195211037993, 0.181311398745, 0.179848954082, 0.232636988163, 0.279185175896, 0.21562705934, 0.195075303316, 0.206062942743, 0.22900557518, 0.348324328661, 0.366021603346, 0.216510295868, 0.182465568185, 0.162959948182, 0.148593008518, 0.167512878776, 0.176382139325, 0.172611489892, 0.234774142504, 0.253235161304, 0.19740191102, 0.189252227545, 0.184716269374, 0.204442679882, 0.259309560061, 0.257238894701, 0.199805811048, 0.187971800566, 0.165510594845, 0.197068676353, 0.31114667654, 0.310474604368, 0.193659514189]
    },
    "chords_histogram": [9.23174858093, 3.86247873306, 51.8039054871, 4.37181663513, 0.721561968327, 6.93972826004, 0, 10.6748723984, 1.59168076515, 9.16808128357, 0.148556873202, 0, 0, 0, 0, 0, 0, 0, 0, 0.148556873202, 0.0424448214471, 0, 1.29456710815, 0],
    "thpcp": [1, 0.451269090176, 0.232772439718, 0.197733193636, 0.192894741893, 0.249943241477, 0.268134236336, 0.261791914701, 0.417006880045, 0.452953994274, 0.307265549898, 0.26909711957, 0.267143458128, 0.302413880825, 0.471355527639, 0.469984412193, 0.330419242382, 0.257251083851, 0.208885714412, 0.299624741077, 0.654945313931, 0.677106022835, 0.338564634323, 0.274878710508, 0.259673982859, 0.229545429349, 0.250560939312, 0.237646758556, 0.248180672526, 0.451890230179, 0.539525568485, 0.358196049929, 0.260073930025, 0.279844969511, 0.392666906118, 0.918902635574],
    "chords_key": "C#",
    "chords_scale": "minor"
}
}