{
"metadata": {
    "version": {
        "essentia": "2.1-dev",
        "essentia_git_sha": "v2.1_beta3-415-gd5473f3",
        "extractor": "music 2.0"
    },
    "audio_properties": {
        "analysis": {
            "equal_loudness": 0,
            "length": 267.519989014,
            "sample_rate": 44100,
            "start_time": 0,
            "downmix": "mix"
        },
        "bit_rate": 192000,
        "length": 267.519989014,
        "lossless": 0,
        "number_channels": 2,
        "replay_gain": -12.3305511475,
        "sample_rate": 44100,
        "codec": "mp3",
        "md5_encoded": "42d8f1c7fd861dce0e0c31adc6762301"
    },
    "tags": {
        "file_name": "elefentes-azul.mp3",
        "album": ["Musica Si 1-3"],
        "artist": ["Various Artists"],
        "genre": ["Other"],
        "title": ["azul-elefantes"]
    }
},
"lowlevel": {
    "average_loudness": 0.767752230167,
    "barkbands_crest": {
        "mean": 10.1793422699,
        "stdev": 3.62713122368
    },
    "barkbands_flatness_db": {
        "mean": 0.146113932133,
        "stdev": 0.0724011734128
    },
    "barkbands_kurtosis": {
        "mean": 5.83320999146,
        "stdev": 7.54971504211
    },
    "barkbands_skewness": {
        "mean": 1.91337573528,
        "stdev": 1.09332239628
    },
    "barkbands_spread": {
        "mean": 20.7181720734,
        "stdev": 14.4204282761
    },
    "dissonance": {
        "mean": 0.454509168863,
        "stdev": 0.0356419049203
    },
    "dynamic_complexity": 4.75196218491,
    "erbbands_crest": {
        "mean": 8.45816230774,
        "stdev": 4.34933567047
    },
    "erbbands_flatness_db": {
        "mean": 0.149483993649,
        "stdev": 0.0686502158642
    },
    "erbbands_kurtosis": {
        "mean": 0.475965023041,
        "stdev": 2.37868404388
    },
    "erbbands_skewness": {
        "mean": 0.50914144516,
        "stdev": 0.846193671227
    },
    "erbbands_spread": {
        "mean": 43.2523994446,
        "stdev": 19.8303451538
    },
    "hfc": {
        "mean": 18.77709198,
        "stdev": 20.7466144562
    },
    "loudness_ebu128": {
        "integrated": -10.7688913345,
        "loudness_range": 11.6864452362,
        "momentary": {
            "mean": -15.6856193542,
            "stdev": 24.2662773132
        },
        "short_term": {
            "mean": -13.4591712952,
            "stdev": 6.36425161362
        }
    },
    "melbands_crest": {
        "mean": 13.1126127243,
        "stdev": 4.20336866379
    },
    "melbands_flatness_db": {
        "mean": 0.224790677428,
        "stdev": 0.0830564424396
    },
    "melbands_kurtosis": {
        "mean": 15.8773212433,
        "stdev": 16.5244216919
    },
    "melbands_skewness": {
        "mean": 2.94013190269,
        "stdev": 1.41640269756
    },
    "melbands_spread": {
        "mean": 18.8192825317,
        "stdev": 17.8676548004
    },
    "pitch_salience": {
        "mean": 0.554654300213,
        "stdev": 0.0958862826228
    },
    "silence_rate_20dB": {
        "mean": 1,
        "stdev": 0
    },
    "silence_rate_30dB": {
        "mean": 1,
        "stdev": 0
    },
    "silence_rate_60dB": {
        "mean": 0.195435211062,
        "stdev": 0.396551460028
    },
    "spectral_centroid": {
        "mean": 1181.8112793,
        "stdev": 1039.1340332
    },
    "spectral_complexity": {
        "mean": 16.1830253601,
        "stdev": 9.71508026123
    },
    "spectral_decrease": {
        "mean": -6.48773390566e-09,
        "stdev": 5.12725106816e-09
    },
    "spectral_energy": {
        "mean": 0.0261894129217,
        "stdev": 0.0207428298891
    },
    "spectral_energyband_high": {
        "mean": 0.000920614751521,
        "stdev": 0.00173261156306
    },
    "spectral_energyband_low": {
        "mean": 0.0101386588067,
        "stdev": 0.0102527784184
    },
    "spectral_energyband_middle_high": {
        "mean": 0.00333746010438,
        "stdev": 0.00420701969415
    },
    "spectral_energyband_middle_low": {
        "mean": 0.0129632130265,
        "stdev": 0.0123091647401
    },
    "spectral_entropy": {
        "mean": 7.43100643158,
        "stdev": 0.681906819344
    },
    "spectral_flux": {
        "mean": 0.0665199384093,
        "stdev": 0.0481219738722
    },
    "spectral_kurtosis": {
        "mean": 7.18522596359,
        "stdev": 13.3698596954
    },
    "spectral_rms": {
        "mean": 0.00450438866392,
        "stdev": 0.00229372410104
    },
    "spectral_rolloff": {
        "mean": 1250.27624512,
        "stdev": 2036.36437988
    },
    "spectral_skewness": {
        "mean": 1.78310358524,
        "stdev": 0.947378218174
    },
    "spectral_spread": {
        "mean": 5147692,
        "stdev": 3635587
    },
    "spectral_strongpeak": {
        "mean": 0.751700758934,
        "stdev": 1.14630734921
    },
    "zerocrossingrate": {
        "mean": 0.0598719753325,
        "stdev": 0.0529954954982
    },
    "barkbands": {
        "mean": [0.000134703863296, 0.00629145093262, 0.00263452110812, 0.00189735635649, 0.00338049908169, 0.00236157514155, 0.00161494582426, 0.00138473697007, 0.00213739369065, 0.000401621655328, 0.000418856390752, 0.000389206717955, 0.000271314376732, 0.000251508085057, 0.000440484029241, 0.000239302273258, 0.000364394800272, 0.000300564890495, 0.000208098601433, 0.000223940762226, 0.00014242620091, 0.00016633006453, 0.000208380617551, 0.000125393460621, 0.000103826583654, 8.90062729013e-05, 7.54565917305e-06],
        "stdev": [0.000236864943872, 0.00664773257449, 0.00390723207965, 0.00267476472072, 0.00433910731226, 0.00359420850873, 0.00367174390703, 0.00422736024484, 0.00615936843678, 0.000820947519969, 0.00122321280651, 0.00116340769455, 0.000733306340408, 0.000583818764426, 0.000875110854395, 0.000845334783662, 0.000587528047618, 0.000667682499625, 0.000354042829713, 0.000365157873603, 0.000227891068789, 0.000358174991561, 0.000580606574658, 0.000332050432917, 0.000238875771174, 0.000181697439984, 2.95193349302e-05]
    },
    "erbbands": {
        "mean": [0.186547145247, 1.39378261566, 2.8949098587, 5.37772846222, 8.32052612305, 12.3426132202, 16.4816799164, 17.3028926849, 21.2653884888, 21.7978057861, 47.623249054, 45.5943450928, 16.6016311646, 16.4280166626, 12.1458454132, 16.8630924225, 13.2976970673, 14.3725099564, 14.4792699814, 21.596075058, 14.5891075134, 21.3369579315, 18.4376964569, 9.97986698151, 13.8255910873, 9.43341827393, 6.12231731415, 5.60958433151, 5.73656845093, 6.29845285416, 5.94533967972, 3.22571229935, 1.8471865654, 1.25780928135, 0.720361411572, 0.489812970161, 0.112618431449, 0.0274491347373, 0.000646259752102, 4.93787265441e-05],
        "stdev": [0.216053545475, 1.51919770241, 3.96468019485, 6.87472105026, 10.8246078491, 18.0574226379, 26.1049613953, 29.8206214905, 41.3407707214, 45.7203369141, 132.783721924, 131.499267578, 35.5005455017, 39.6326141357, 38.9077262878, 51.6400871277, 31.5601577759, 31.7816066742, 29.3256340027, 48.536190033, 35.2210273743, 35.5166168213, 42.2256278992, 15.3549222946, 23.7048282623, 14.9561386108, 9.44677352905, 9.64789772034, 11.4646492004, 17.406829834, 16.7241287231, 9.46586418152, 4.54727983475, 3.24555850029, 1.52656173706, 1.01365029812, 0.251845479012, 0.0751916244626, 0.00178123195656, 5.78430190217e-05]
    },
    "gfcc": {
        "mean": [-33.9900588989, 100.169715881, -99.9535369873, 30.8426551819, -54.8676300049, 3.41645646095, -41.5405197144, 10.735783577, -21.9669799805, 0.416198343039, -19.5736160278, 0.441721975803, -14.7753410339],
        "cov": [[24884.0039062, -3518.89819336, 378.552978516, 1753.1027832, -975.840026855, 1762.07080078, -392.085327148, 1019.50665283, -171.309783936, 1138.29321289, -247.460876465, 803.152587891, -465.247314453], [-3518.89819336, 2664.40966797, -754.651367188, -591.340148926, 323.619476318, -766.249511719, 146.757751465, -372.759033203, 54.9162216187, -502.596984863, 130.183166504, -331.303497314, 186.421722412], [378.552978516, -754.651367188, 789.091064453, 266.167602539, -45.0649871826, 325.107635498, -32.4204788208, 147.867034912, 24.3895435333, 157.335754395, -5.16765403748, 147.644317627, -26.9841899872], [1753.1027832, -591.340148926, 266.167602539, 560.807495117, 3.44747686386, 282.33392334, -26.3437099457, 122.120193481, 62.2815704346, 180.179962158, 6.29103899002, 126.841392517, 12.7581186295], [-975.840026855, 323.619476318, -45.0649871826, 3.44747686386, 366.058441162, -22.5577793121, 54.9862709045, -28.4591941833, 59.1097640991, 6.64588594437, 34.070728302, -19.4272098541, 64.674987793], [1762.07080078, -766.249511719, 325.107635498, 282.33392334, -22.5577793121, 492.84387207, 7.82277297974, 171.310943604, 21.0580844879, 209.797210693, 0.800988078117, 141.696060181, -51.4577064514], [-392.085327148, 146.757751465, -32.4204788208, -26.3437099457, 54.9862709045, 7.82277297974, 199.0181427, 30.3741130829, 17.4975910187, -6.70327329636, 31.9162979126, -18.4275970459, 15.7758293152], [1019.50665283, -372.759033203, 147.867034912, 122.120193481, -28.4591941833, 171.310943604, 30.3741130829, 190.492477417, 28.6601600647, 101.809524536, -16.2082424164, 61.0553359985, -29.6821784973], [-171.309783936, 54.9162216187, 24.3895435333, 62.2815704346, 59.1097640991, 21.0580844879, 17.4975910187, 28.6601600647, 124.518066406, 30.8629283905, 17.362657547, -0.745916008949, 16.3352870941], [1138.29321289, -502.596984863, 157.335754395, 180.179962158, 6.64588594437, 209.797210693, -6.70327329636, 101.809524536, 30.8629283905, 220.485961914, 9.09483242035, 83.6016540527, -32.6821136475], [-247.460876465, 130.183166504, -5.16765403748, 6.29103899002, 34.070728302, 0.800988078117, 31.9162979126, -16.2082424164, 17.362657547, 9.09483242035, 89.9365692139, 17.6813697815, 13.6825113297], [803.152587891, -331.303497314, 147.644317627, 126.841392517, -19.4272098541, 141.696060181, -18.4275970459, 61.0553359985, -0.745916008949, 83.6016540527, 17.6813697815, 140.1431427, 11.2537240982], [-465.247314453, 186.421722412, -26.9841899872, 12.7581186295, 64.674987793, -51.4577064514, 15.7758293152, -29.6821784973, 16.3352870941, -32.6821136475, 13.6825113297, 11.2537240982, 93.796333313]],
        "icov": [[0.000134198911837, -0.000239598506596, 0.000243741189479, -0.00032679954893, 0.000308454153128, -0.000258493528236, 0.000193939107703, -0.000390504137613, 0.000341270904755, -0.00048310260172, 0.000524550152477, -0.000614305201452, 0.000515155843459], [-0.000239598506596, 0.00205954932608, -4.06076724175e-05, 0.000930776528548, -0.00125492294319, 0.00108297623228, -0.000609130074736, 0.000996940070763, -0.0013781740563, 0.00274115870707, -0.00302690896206, 0.0025761758443, -0.00221515749581], [0.000243741189479, -4.06076724175e-05, 0.0024415156804, -0.000758937268984, 0.0004543576797, -0.00106859731022, 0.00054257264128, -0.00103335070889, 0.000266277202172, -0.000293997552944, 0.000574455130845, -0.00166871317197, 0.000745139084756], [-0.00032679954893, 0.000930776528548, -0.000758937268984, 0.00399669632316, -0.000704101112206, -0.000231968733715, -4.37210364908e-05, 0.000792998238467, -0.00197571702302, 0.000370645371731, -0.00157914555166, 0.00125477695838, -0.00306331017055], [0.000308454153128, -0.00125492294319, 0.0004543576797, -0.000704101112206, 0.00463132373989, -0.00119645404629, -2.91131582344e-05, -0.000384079001378, -8.71451775311e-05, -0.00280834478326, 0.00155838462524, -0.00101940380409, -0.000784171221312], [-0.000258493528236, 0.00108297623228, -0.00106859731022, -0.000231968733715, -0.00119645404629, 0.00595929473639, -0.00115131458733, -0.000543581147213, -0.000472420448205, -0.000272649951512, -0.00151087064296, -0.000431036954978, 0.000664852501359], [0.000193939107703, -0.000609130074736, 0.00054257264128, -4.37210364908e-05, -2.91131582344e-05, -0.00115131458733, 0.00675046397373, -0.00302670360543, 0.000835961312987, -0.000485520722577, -0.00166326726321, 0.000830228091218, -0.000541812449228], [-0.000390504137613, 0.000996940070763, -0.00103335070889, 0.000792998238467, -0.000384079001378, -0.000543581147213, -0.00302670360543, 0.0110158417374, -0.00321321841329, 0.00013520984794, 0.00117025873624, 1.36297621793e-05, 7.25035715732e-05], [0.000341270904755, -0.0013781740563, 0.000266277202172, -0.00197571702302, -8.71451775311e-05, -0.000472420448205, 0.000835961312987, -0.00321321841329, 0.0114999935031, -0.00316180824302, 0.000277864717646, 0.000160906391102, 0.000256394268945], [-0.00048310260172, 0.00274115870707, -0.000293997552944, 0.000370645371731, -0.00280834478326, -0.000272649951512, -0.000485520722577, 0.00013520984794, -0.00316180824302, 0.0134526267648, -0.00510112848133, 0.00161080807447, -0.000279171275906], [0.000524550152477, -0.00302690896206, 0.000574455130845, -0.00157914555166, 0.00155838462524, -0.00151087064296, -0.00166326726321, 0.00117025873624, 0.000277864717646, -0.00510112848133, 0.0187101103365, -0.00797171890736, 0.00414591468871], [-0.000614305201452, 0.0025761758443, -0.00166871317197, 0.00125477695838, -0.00101940380409, -0.000431036954978, 0.000830228091218, 1.36297621793e-05, 0.000160906391102, 0.00161080807447, -0.00797171890736, 0.018535964191, -0.00901473406702], [0.000515155843459, -0.00221515749581, 0.000745139084756, -0.00306331017055, -0.000784171221312, 0.000664852501359, -0.000541812449228, 7.25035715732e-05, 0.000256394268945, -0.000279171275906, 0.00414591468871, -0.00901473406702, 0.0196047704667]]
    },
    "melbands": {
        "mean": [0.00173647445627, 0.00166006630752, 0.000998580711894, 0.000763731135521, 0.000563431938644, 0.000409947650041, 0.000339444261044, 0.000224164628889, 0.000446045189165, 0.000265970826149, 7.45249635656e-05, 6.29109854344e-05, 4.6044580813e-05, 3.57938879461e-05, 4.48651662737e-05, 2.6097159207e-05, 2.69771426247e-05, 1.76565299626e-05, 3.89442720916e-05, 2.09095560422e-05, 1.5388484826e-05, 2.27625750995e-05, 1.89244383364e-05, 1.29226918943e-05, 7.17787133908e-06, 8.74101169757e-06, 1.08140584416e-05, 5.04492845721e-06, 4.03435024054e-06, 3.15396732731e-06, 3.25668179357e-06, 3.23480821862e-06, 3.21957804772e-06, 3.60255580745e-06, 3.68651603821e-06, 2.5333447411e-06, 1.76065179858e-06, 1.30241210172e-06, 1.13778787636e-06, 1.04199523321e-06],
        "stdev": [0.00185681867879, 0.00195194745902, 0.0011855091434, 0.00101753522176, 0.000805877731182, 0.000660539953969, 0.000689876149409, 0.000463580421638, 0.00124315987341, 0.000814457132947, 0.000163602264365, 0.000154999142978, 0.000141053344123, 0.000136016664328, 0.00011391985754, 8.15662206151e-05, 6.47025590297e-05, 4.31678417954e-05, 7.67041783547e-05, 7.81854978413e-05, 3.44832915289e-05, 3.71312926291e-05, 4.26929691457e-05, 2.96498456009e-05, 1.17493382277e-05, 1.68014012161e-05, 1.97176850634e-05, 8.44249825604e-06, 6.6852726377e-06, 5.26795383848e-06, 5.99784470978e-06, 6.47450451652e-06, 8.03739294497e-06, 1.04353766801e-05, 1.05547287603e-05, 7.74127602199e-06, 5.1801639529e-06, 3.19733271681e-06, 3.03876890939e-06, 2.80273343378e-06]
    },
    "melbands128": {
        "mean": [0.000126971004647, 0.00132405746263, 0.00264322408475, 0.00213296734728, 0.00150375301018, 0.00129423534963, 0.00113196577877, 0.00086945790099, 0.000821467547212, 0.000816732353996, 0.000744480756111, 0.000506320444401, 0.000582141801715, 0.000620306585915, 0.00034997597686, 0.000365495216101, 0.000343618623447, 0.000316504592774, 0.000447939615697, 0.000194985259441, 0.000149125611642, 0.000223601760808, 0.000581246393267, 0.000645420979708, 0.000230387289776, 0.000231455240282, 6.89118023729e-05, 8.14930026536e-05, 4.00419085054e-05, 4.15280155721e-05, 8.38622145238e-05, 8.24994131108e-05, 2.96686866932e-05, 3.9351900341e-05, 2.3267337383e-05, 3.66782587662e-05, 4.89405283588e-05, 6.60255464027e-05, 2.26458723773e-05, 2.09075533348e-05, 3.66351778212e-05, 1.78975351446e-05, 2.82831842924e-05, 3.46894194081e-05, 1.26540280689e-05, 1.55639791046e-05, 1.82407948159e-05, 5.74662590225e-05, 3.70295529137e-05, 1.99516598514e-05, 2.12933391595e-05, 2.11710630538e-05, 1.26367922348e-05, 1.48641020132e-05, 1.74615743163e-05, 2.7543905162e-05, 2.35831594182e-05, 1.57472022693e-05, 1.82274561666e-05, 2.29294037126e-05, 1.06010747913e-05, 7.15489341019e-06, 1.09102466013e-05, 5.35832805326e-06, 4.95096264785e-06, 8.38960659166e-06, 1.237644301e-05, 1.00100342024e-05, 1.32848126668e-05, 6.8026702138e-06, 4.71118937639e-06, 4.30074442193e-06, 4.11280007029e-06, 4.45772138846e-06, 3.06306787934e-06, 3.21939955938e-06, 3.05026037495e-06, 3.32029412675e-06, 3.24312918565e-06, 3.30625357492e-06, 3.18869592775e-06, 3.32485637955e-06, 3.01475211018e-06, 3.06844435727e-06, 3.52783513335e-06, 3.62817445421e-06, 3.46078991242e-06, 3.88947182728e-06, 3.79900984626e-06, 3.71643523067e-06, 2.65001904154e-06, 2.36382607e-06, 1.92440188584e-06, 1.87008458852e-06, 1.5646526208e-06, 1.37828067182e-06, 1.2481068552e-06, 1.15757529784e-06, 1.17349145512e-06, 1.10034500267e-06, 1.08439007818e-06, 1.04170862869e-06, 1.00522083812e-06, 8.14704151253e-07, 6.25879465588e-07, 7.13753649961e-07, 8.48934291753e-07, 1.77657943823e-06, 8.34767149627e-07, 4.21237785986e-07, 3.53478895931e-07, 3.55946468744e-07, 3.31049761826e-07, 3.31186413405e-07, 3.02535255514e-07, 3.07962920942e-07, 2.86920908366e-07, 2.41604141138e-08, 4.81911429165e-12, 3.87151682241e-12, 3.73269080575e-12, 3.62844411635e-12, 3.53712979045e-12, 3.46513486307e-12, 3.40637652634e-12, 3.36379947334e-12, 3.33317054513e-12, 3.31034505363e-12],
        "stdev": [0.000227960874327, 0.00176589027978, 0.00291496911086, 0.00253240647726, 0.00213185674511, 0.00193169014528, 0.00156825024169, 0.00127932056785, 0.00126388284843, 0.00143228331581, 0.00144166266546, 0.000963080907241, 0.00110693660099, 0.00120322057046, 0.000858477607835, 0.000833030091599, 0.000823258946184, 0.000881906540599, 0.00144437386189, 0.000445920857601, 0.000435930356616, 0.00094757793704, 0.00189786450937, 0.00232076318935, 0.000852627679706, 0.00123088865075, 0.000189606289496, 0.000198458234081, 9.02603133e-05, 0.000147218641359, 0.00024088806822, 0.000324135908158, 0.000128440646222, 0.000227166441618, 0.000127979597892, 0.000238650143729, 0.000180155664566, 0.000200539536308, 8.70304138516e-05, 7.84638687037e-05, 0.000147088867379, 7.41214025766e-05, 8.31651923363e-05, 0.000103161713923, 4.00837852794e-05, 5.99083105044e-05, 7.67485544202e-05, 0.000125636594021, 9.59891840466e-05, 9.38678131206e-05, 0.000137911280035, 9.70690161921e-05, 4.76417335449e-05, 4.25607977377e-05, 3.18714919558e-05, 5.45414441149e-05, 5.38411877642e-05, 5.0403377827e-05, 5.9855672589e-05, 7.67010715208e-05, 3.1694486097e-05, 2.02382943826e-05, 2.30434561672e-05, 1.05890640043e-05, 1.03353168015e-05, 2.05681099033e-05, 2.88544888463e-05, 2.22444596147e-05, 3.13636628562e-05, 1.74185624928e-05, 9.89938325802e-06, 8.08884578873e-06, 7.50179742681e-06, 9.35406933422e-06, 5.82378379477e-06, 6.08814798397e-06, 6.06774892731e-06, 6.2187077674e-06, 6.82828886056e-06, 7.38010476198e-06, 7.23457151253e-06, 7.53858057578e-06, 7.0088344728e-06, 8.19281649456e-06, 1.12562802315e-05, 1.1573329175e-05, 1.07500209197e-05, 1.17002191473e-05, 1.20706727103e-05, 1.04369546534e-05, 8.75395744515e-06, 7.76226897869e-06, 6.85843633619e-06, 5.84629287914e-06, 4.54421387985e-06, 3.6541305235e-06, 3.03493584397e-06, 3.23527115142e-06, 3.24362235915e-06, 3.35826985065e-06, 3.08038306684e-06, 3.1802369449e-06, 2.76010928246e-06, 2.01494412977e-06, 1.58286388796e-06, 1.76501851001e-06, 1.8489993181e-06, 4.00867656936e-06, 1.8842127929e-06, 1.13436260563e-06, 9.43673740039e-07, 8.87190992671e-07, 8.22853735372e-07, 8.16131034753e-07, 7.8606393572e-07, 8.45833994845e-07, 1.06686775325e-06, 7.67371801658e-08, 1.36103029888e-11, 6.83222489001e-12, 6.59146001669e-12, 6.40562689697e-12, 6.25305189572e-12, 6.12784996357e-12, 6.02498996874e-12, 5.94588527719e-12, 5.888634632e-12, 5.8535134205e-12]
    },
    "mfcc": {
        "mean": [-674.635498047, 127.008415222, 14.2771911621, 26.4017906189, 7.60414552689, -3.53627181053, -7.39698982239, 3.90714383125, -1.71746695042, 0.921515583992, -3.34298276901, -0.374887108803, -0.731699883938],
        "cov": [[13900.5878906, -2185.08666992, 425.665679932, 632.498718262, 86.8919754028, 878.12109375, 375.565216064, 385.212280273, 141.151184082, 614.174682617, 558.263305664, 208.348999023, 280.272796631], [-2185.08666992, 1692.63110352, -287.839935303, -128.082611084, -2.74472308159, -303.097564697, -71.7762680054, -61.047203064, -51.9774360657, -159.203659058, -157.834518433, -45.3086242676, -64.7974243164], [425.665679932, -287.839935303, 498.392822266, 70.2052688599, 0.185655146837, 94.7316360474, -7.84392499924, 55.4706268311, 17.9894504547, 4.82107925415, 22.9764328003, 15.1797847748, 37.7144927979], [632.498718262, -128.082611084, 70.2052688599, 315.790435791, 109.589347839, 89.9257049561, 25.1725997925, 25.6756858826, 43.375087738, 62.773021698, 22.2537174225, 36.2462387085, 49.4882926941], [86.8919754028, -2.74472308159, 0.185655146837, 109.589347839, 254.904098511, 104.581687927, 1.43113732338, -0.382241785526, 47.1493835449, 31.1740474701, 7.27479314804, 34.2604217529, 25.7517814636], [878.12109375, -303.097564697, 94.7316360474, 89.9257049561, 104.581687927, 272.30078125, 89.256690979, 44.4166259766, 41.4979019165, 91.713470459, 76.2623901367, 52.2249946594, 46.2688026428], [375.565216064, -71.7762680054, -7.84392499924, 25.1725997925, 1.43113732338, 89.256690979, 169.087661743, 54.545085907, 18.8300991058, 53.5278587341, 42.6406822205, 20.2925224304, 22.2572803497], [385.212280273, -61.047203064, 55.4706268311, 25.6756858826, -0.382241785526, 44.4166259766, 54.545085907, 128.569290161, 41.0569190979, 29.1453857422, 34.8895683289, 7.16576433182, 14.5828323364], [141.151184082, -51.9774360657, 17.9894504547, 43.375087738, 47.1493835449, 41.4979019165, 18.8300991058, 41.0569190979, 107.682922363, 53.2103538513, 16.6263427734, 9.52435970306, 8.55765342712], [614.174682617, -159.203659058, 4.82107925415, 62.773021698, 31.1740474701, 91.713470459, 53.5278587341, 29.1453857422, 53.2103538513, 162.821243286, 82.9751586914, 20.8129615784, 12.282907486], [558.263305664, -157.834518433, 22.9764328003, 22.2537174225, 7.27479314804, 76.2623901367, 42.6406822205, 34.8895683289, 16.6263427734, 82.9751586914, 134.392059326, 41.2824058533, 5.91196918488], [208.348999023, -45.3086242676, 15.1797847748, 36.2462387085, 34.2604217529, 52.2249946594, 20.2925224304, 7.16576433182, 9.52435970306, 20.8129615784, 41.2824058533, 78.3727416992, 28.8967418671], [280.272796631, -64.7974243164, 37.7144927979, 49.4882926941, 25.7517814636, 46.2688026428, 22.2572803497, 14.5828323364, 8.55765342712, 12.282907486, 5.91196918488, 28.8967418671, 93.6408615112]],
        "icov": [[0.000121246142953, 8.0812133092e-05, 3.86385327147e-05, -0.000143039826071, 0.000105856859591, -0.000189003272681, 5.33221682417e-05, -0.000218455650611, 0.000152489548782, -0.000174787288415, -0.000167398422491, 4.2011943151e-05, -0.00015472494124], [8.0812133092e-05, 0.000919113284908, 0.000314824195812, 4.23589553975e-05, -0.000378006981919, 0.000772009370849, -0.000212692233617, -0.000329212401994, 0.000216332016862, 6.9615249231e-05, 0.000452513573691, -0.000356071570423, 0.000121676763229], [3.86385327147e-05, 0.000314824195812, 0.00259013311006, -0.000476760789752, 0.000564434682019, -0.00101685756817, 0.000995329231955, -0.00113358453382, -2.86981321551e-05, 0.000670533103403, -5.44054346392e-05, 0.00012111752585, -0.000521125562955], [-0.000143039826071, 4.23589553975e-05, -0.000476760789752, 0.0045362431556, -0.00165674090385, 0.000385728024412, -0.000117682204291, -7.16822178219e-05, -0.00030345947016, -0.00122806278523, 0.00101364997681, -0.000881555490196, -0.00104688527063], [0.000105856859591, -0.000378006981919, 0.000564434682019, -0.00165674090385, 0.00632176315412, -0.00314590218477, 0.00141533697024, 0.000574607285671, -0.0019324378809, 0.000386284868, 0.000446936959634, -0.000980904675089, -0.000139748357469], [-0.000189003272681, 0.000772009370849, -0.00101685756817, 0.000385728024412, -0.00314590218477, 0.00860107224435, -0.00307541666552, 0.000220993752009, 0.000135747905006, -0.00139787537046, -0.000590822368395, -0.00170828879345, -0.000647131004371], [5.33221682417e-05, -0.000212692233617, 0.000995329231955, -0.000117682204291, 0.00141533697024, -0.00307541666552, 0.00894099939615, -0.00317148235627, 0.000724654528312, -0.00140579405706, -3.97527910536e-05, -0.000353304611053, -0.000916646502446], [-0.000218455650611, -0.000329212401994, -0.00113358453382, -7.16822178219e-05, 0.000574607285671, 0.000220993752009, -0.00317148235627, 0.0117420461029, -0.00455079041421, 0.00189258903265, -0.0025427902583, 0.00159838108812, -0.000586586480495], [0.000152489548782, 0.000216332016862, -2.86981321551e-05, -0.00030345947016, -0.0019324378809, 0.000135747905006, 0.000724654528312, -0.00455079041421, 0.0138784209266, -0.00498093897477, 0.00225461623631, -0.000838604173623, 0.000367509637726], [-0.000174787288415, 6.9615249231e-05, 0.000670533103403, -0.00122806278523, 0.000386284868, -0.00139787537046, -0.00140579405706, 0.00189258903265, -0.00498093897477, 0.0127193322405, -0.00637609930709, 0.00248376745731, -2.96292159874e-06], [-0.000167398422491, 0.000452513573691, -5.44054346392e-05, 0.00101364997681, 0.000446936959634, -0.000590822368395, -3.97527910536e-05, -0.0025427902583, 0.00225461623631, -0.00637609930709, 0.0151365641505, -0.00684589520097, 0.00266208662651], [4.2011943151e-05, -0.000356071570423, 0.00012111752585, -0.000881555490196, -0.000980904675089, -0.00170828879345, -0.000353304611053, 0.00159838108812, -0.000838604173623, 0.00248376745731, -0.00684589520097, 0.0191297270358, -0.00472634285688], [-0.00015472494124, 0.000121676763229, -0.000521125562955, -0.00104688527063, -0.000139748357469, -0.000647131004371, -0.000916646502446, -0.000586586480495, 0.000367509637726, -2.96292159874e-06, 0.00266208662651, -0.00472634285688, 0.0139142042026]]
    },
    "spectral_contrast_coeffs": {
        "mean": [-0.718488276005, -0.744090735912, -0.745110929012, -0.781585752964, -0.781714081764, -0.788652658463],
        "stdev": [0.0743079259992, 0.0757651850581, 0.0663629770279, 0.0504737384617, 0.0458215475082, 0.0403510928154]
    },
    "spectral_contrast_valleys": {
        "mean": [-6.71923160553, -6.95306825638, -8.19101810455, -8.40822792053, -8.22256946564, -10.6888942719],
        "stdev": [2.12539172173, 2.02842950821, 2.03539633751, 2.0788974762, 2.22923707962, 2.3636136055]
    }
},
"rhythm": {
    "beats_count": 562,
    "beats_loudness": {
        "mean": 0.0293458346277,
        "stdev": 0.0205720085651
    },
    "bpm": 126.485771179,
    "bpm_histogram_first_peak_bpm": 126,
    "bpm_histogram_first_peak_weight": 0.198915064335,
    "bpm_histogram_second_peak_bpm": 115,
    "bpm_histogram_second_peak_spread": 0.5,
    "bpm_histogram_second_peak_weight": 0.00534759368747,
    "danceability": 1.02185976505,
    "onset_rate": 3.92464208603,
    "beats_loudness_band_ratio": {
        "mean": [0.447338432074, 0.239939033985, 0.184681981802, 0.0606758631766, 0.0563160143793, 0.0592860691249],
        "stdev": [0.217894077301, 0.16569763422, 0.178804472089, 0.0600110068917, 0.05427435413, 0.0647351592779]
    },
    "beats_position": [0.49922901392, 0.986848056316, 1.46285712719, 1.93886613846, 2.41487526894, 2.87927436829, 3.35528349876, 3.83129239082, 4.3073015213, 4.78331041336, 5.25931978226, 5.72371864319, 6.19972801208, 6.67573690414, 7.1517457962, 7.6277551651, 8.10376358032, 8.57977294922, 9.05578231812, 9.52018165588, 9.99619007111, 10.47219944, 10.9482088089, 11.4242172241, 11.900226593, 12.3762359619, 12.840634346, 13.3166437149, 13.7926530838, 14.268661499, 14.7446708679, 15.2206802368, 15.696688652, 16.1726989746, 16.6487064362, 17.1247158051, 17.600725174, 18.0767345428, 18.5527439117, 19.0171432495, 19.4815406799, 19.9575500488, 20.4335594177, 20.9095687866, 21.3855781555, 21.8615875244, 22.3375968933, 22.8136043549, 23.2896137238, 23.7540130615, 24.2300224304, 24.7060317993, 25.1820411682, 25.6580486298, 26.1340579987, 26.6100673676, 27.0744667053, 27.5504760742, 28.0264854431, 28.5024929047, 28.9785022736, 29.4545116425, 29.9305210114, 30.4065303802, 30.8825397491, 31.358549118, 31.8345565796, 32.2989578247, 32.7749671936, 33.2509727478, 33.7269821167, 34.2029914856, 34.6790008545, 35.1550102234, 35.6194114685, 36.0954170227, 36.5714263916, 37.0474357605, 37.5234451294, 37.9994544983, 38.4754638672, 38.9398651123, 39.4042625427, 39.8802719116, 40.3562812805, 40.8206787109, 41.2966880798, 41.7726974487, 42.2487068176, 42.7247161865, 43.2007255554, 43.6767349243, 44.1527442932, 44.6287536621, 45.1047592163, 45.5807685852, 46.0567779541, 46.532787323, 47.0087966919, 47.4848060608, 47.9608154297, 48.4368247986, 48.9128341675, 49.3888435364, 49.8532409668, 50.3292503357, 50.8052597046, 51.2812690735, 51.7572784424, 52.2332878113, 52.7092971802, 53.1736946106, 53.6497039795, 54.1257133484, 54.6017227173, 55.0661201477, 55.5421295166, 56.0181388855, 56.4941482544, 56.9701576233, 57.4461669922, 57.9221763611, 58.39818573, 58.8625831604, 59.3385925293, 59.8146018982, 60.2906112671, 60.766620636, 61.2310180664, 61.6954193115, 62.1714286804, 62.6474380493, 63.1234474182, 63.5994529724, 64.0754623413, 64.5514755249, 65.0274810791, 65.5034942627, 65.9678878784, 66.443901062, 66.9199066162, 67.3959197998, 67.871925354, 68.3479385376, 68.8239440918, 69.2883453369, 69.7643508911, 70.2403640747, 70.7163696289, 71.1923828125, 71.6567764282, 72.1327896118, 72.608795166, 73.0848083496, 73.5608139038, 74.0368270874, 74.5128326416, 74.9888458252, 75.4648513794, 75.9408569336, 76.4168701172, 76.8812713623, 77.3572769165, 77.8332901001, 78.3092956543, 78.7853012085, 79.2613143921, 79.7373199463, 80.2133331299, 80.6893386841, 81.1537399292, 81.6297454834, 82.105758667, 82.5817642212, 83.0577774048, 83.533782959, 84.0097961426, 84.4741897583, 84.9385910034, 85.414604187, 85.8906097412, 86.3666229248, 86.842628479, 87.3186416626, 87.7946472168, 88.270652771, 88.7466659546, 89.2226715088, 89.6986846924, 90.1746902466, 90.6507034302, 91.1150970459, 91.5911102295, 92.0671157837, 92.5431289673, 93.0191345215, 93.4835357666, 93.9479370117, 94.4355545044, 94.9231719971, 95.3875732422, 95.8635787964, 96.33959198, 96.8155975342, 97.2916107178, 97.7560043335, 98.2320175171, 98.7080230713, 99.1840362549, 99.6600418091, 100.136054993, 100.612060547, 101.076461792, 101.552467346, 102.02848053, 102.504486084, 102.980499268, 103.456504822, 103.932518005, 104.396911621, 104.872924805, 105.348930359, 105.813331604, 106.289337158, 106.765350342, 107.241355896, 107.71736908, 108.193374634, 108.669387817, 109.145393372, 109.621406555, 110.085800171, 110.561813354, 111.037818909, 111.513832092, 111.989837646, 112.46585083, 112.930244446, 113.406257629, 113.882263184, 114.358276367, 114.834281921, 115.310295105, 115.786300659, 116.262313843, 116.726707458, 117.202720642, 117.678726196, 118.15473938, 118.630744934, 119.106758118, 119.582763672, 120.047164917, 120.523170471, 120.999183655, 121.475189209, 121.951202393, 122.415596008, 122.891609192, 123.367614746, 123.84362793, 124.319633484, 124.784034729, 125.260040283, 125.736053467, 126.212059021, 126.688072205, 127.164077759, 127.640090942, 128.104492188, 128.580490112, 129.056503296, 129.532516479, 130.008529663, 130.484527588, 130.960540771, 131.436553955, 131.912567139, 132.376953125, 132.852966309, 133.328979492, 133.804992676, 134.280990601, 134.757003784, 135.233016968, 135.697418213, 136.173416138, 136.649429321, 137.125442505, 137.601455688, 138.065841675, 138.541854858, 139.017868042, 139.493881226, 139.96987915, 140.445892334, 140.921905518, 141.386306763, 141.862304688, 142.338317871, 142.814331055, 143.290344238, 143.766342163, 144.242355347, 144.71836853, 145.194366455, 145.670379639, 146.134780884, 146.610794067, 147.086807251, 147.562805176, 148.038818359, 148.514831543, 148.979232788, 149.455230713, 149.931243896, 150.40725708, 150.883255005, 151.359268188, 151.835281372, 152.299682617, 152.775695801, 153.251693726, 153.727706909, 154.203720093, 154.668121338, 155.144119263, 155.620132446, 156.09614563, 156.572158813, 157.0365448, 157.512557983, 157.988571167, 158.464584351, 158.952194214, 159.428207397, 159.892608643, 160.357009888, 160.833007812, 161.309020996, 161.78503418, 162.261047363, 162.737045288, 163.213058472, 163.689071655, 164.16506958, 164.641082764, 165.117095947, 165.593109131, 166.069107056, 166.533508301, 167.021133423, 167.485534668, 167.961532593, 168.437545776, 168.901947021, 169.366348267, 169.830749512, 170.318359375, 170.805984497, 171.270385742, 171.746398926, 172.222396851, 172.698410034, 173.174423218, 173.638824463, 174.126434326, 174.60244751, 175.078460693, 175.54284668, 176.018859863, 176.494873047, 176.97088623, 177.446884155, 177.9112854, 178.387298584, 178.863311768, 179.339309692, 179.815322876, 180.29133606, 180.767349243, 181.231735229, 181.696136475, 182.183761597, 182.65977478, 183.135772705, 183.611785889, 184.076187134, 184.552200317, 185.028198242, 185.504211426, 185.968612671, 186.456237793, 186.920639038, 187.396636963, 187.872650146, 188.34866333, 188.824661255, 189.300674438, 189.776687622, 190.252700806, 190.72869873, 191.204711914, 191.669113159, 192.145126343, 192.621124268, 193.097137451, 193.573150635, 194.049163818, 194.513549805, 194.989562988, 195.465576172, 195.941589355, 196.41758728, 196.881988525, 197.369613647, 197.834014893, 198.310012817, 198.786026001, 199.262039185, 199.738052368, 200.202438354, 200.678451538, 201.154464722, 201.642089844, 202.10647583, 202.582489014, 203.058502197, 203.534515381, 204.010513306, 204.474914551, 204.950927734, 205.426940918, 205.902938843, 206.378952026, 206.85496521, 207.330978394, 207.79536438, 208.271377563, 208.747390747, 209.223403931, 209.699401855, 210.163803101, 210.639816284, 211.115829468, 211.591827393, 212.067840576, 212.54385376, 213.019866943, 213.48425293, 213.960266113, 214.436279297, 214.91229248, 215.376678467, 215.85269165, 216.328704834, 216.804718018, 217.280715942, 217.756729126, 218.23274231, 218.708755493, 219.184753418, 219.660766602, 220.136779785, 220.61277771, 221.077178955, 221.5415802, 222.017593384, 222.493606567, 222.969604492, 223.445617676, 223.921630859, 224.397644043, 224.862030029, 225.338043213, 225.814056396, 226.30166626, 226.766067505, 227.23046875, 227.718093872, 228.194107056, 228.67010498, 229.134506226, 229.610519409, 230.086532593, 230.562530518, 231.038543701, 231.514556885, 231.990570068, 232.454956055, 232.930969238, 233.406982422, 233.882995605, 234.35899353, 234.835006714, 235.311019897, 235.787017822, 236.263031006, 236.727432251, 237.203445435, 237.679458618, 238.155456543, 238.631469727, 239.095870972, 239.583480835, 240.04788208, 240.523895264, 240.999908447, 241.475906372, 241.951919556, 242.416320801, 242.892333984, 243.368347168, 243.844345093, 244.320358276, 244.79637146, 245.272369385, 245.73677063, 246.212783813, 246.688796997, 247.164810181, 247.640808105, 248.116821289, 248.592834473, 249.057235718, 249.533233643, 250.009246826, 250.48526001, 250.961257935, 251.437271118, 251.913284302, 252.377685547, 252.85369873, 253.329696655, 253.7940979, 254.270111084, 254.746124268, 255.222122192, 255.698135376, 256.174133301, 256.650146484, 257.114562988, 257.590576172, 258.066558838, 258.542572021, 259.018585205, 259.494598389, 259.970611572, 260.446624756, 260.922637939, 261.398620605, 261.874633789, 262.36227417, 262.849884033, 263.349121094, 263.848327637, 264.359191895, 264.870025635, 265.380859375, 265.903320312, 266.425750732, 266.94821167],
    "bpm_histogram": [0, 0, 0, 0, 0, 0, 0, 0, 0, 0, 0, 0, 0, 0, 0, 0, 0, 0, 0, 0, 0, 0, 0, 0, 0, 0, 0, 0, 0, 0, 0, 0, 0, 0, 0, 0, 0, 0, 0, 0, 0, 0, 0, 0, 0, 0, 0, 0, 0, 0, 0, 0, 0, 0, 0, 0, 0, 0, 0, 0, 0, 0, 0, 0, 0, 0, 0, 0, 0, 0, 0, 0, 0, 0, 0, 0, 0, 0, 0, 0, 0, 0, 0, 0, 0, 0, 0, 0, 0, 0, 0, 0, 0, 0, 0, 0, 0, 0, 0, 0, 0, 0, 0, 0, 0, 0, 0, 0, 0, 0, 0, 0, 0, 0, 0, 0.00534759368747, 0, 0.00534759368747, 0, 0, 0.0035650623031, 0, 0, 0.0303030312061, 0, 0, 0.789661347866, 0, 0, 0.16577540338, 0, 0, 0, 0, 0, 0, 0, 0, 0, 0, 0, 0, 0, 0, 0, 0, 0, 0, 0, 0, 0, 0, 0, 0, 0, 0, 0, 0, 0, 0, 0, 0, 0, 0, 0, 0, 0, 0, 0, 0, 0, 0, 0, 0, 0, 0, 0, 0, 0, 0, 0, 0, 0, 0, 0, 0, 0, 0, 0, 0, 0, 0, 0, 0, 0, 0, 0, 0, 0, 0, 0, 0, 0, 0, 0, 0, 0, 0, 0, 0, 0, 0, 0, 0, 0, 0, 0, 0, 0, 0, 0, 0, 0, 0, 0, 0, 0, 0, 0, 0, 0, 0, 0, 0, 0, 0, 0, 0, 0, 0, 0, 0, 0, 0, 0, 0, 0, 0, 0, 0]
},
"tonal": {
    "chords_changes_rate": 0.0279416870326,
    "chords_number_rate": 0.00138840684667,
    "chords_strength": {
        "mean": 0.56158965826,
        "stdev": 0.135331124067
    },
    "hpcp_crest": {
        "mean": 14.4974918365,
        "stdev": 6.98400020599
    },
    "hpcp_entropy": {
        "mean": 1.83343470097,
        "stdev": 0.721112668514
    },
    "key_edma": {
        "strength": 0.77516412735,
        "key": "G#",
        "scale": "major"
    },
    "key_krumhansl": {
        "strength": 0.75796097517,
        "key": "G#",
        "scale": "major"
    },
    "key_temperley": {
        "strength": 0.77239882946,
        "key": "D#",
        "scale": "major"
    },
    "tuning_diatonic_strength": 0.621856689453,
    "tuning_equal_tempered_deviation": 0.0115282358602,
    "tuning_frequency": 440.508575439,
    "tuning_nontempered_energy_ratio": 0.658353328705,
    "hpcp": {
        "mean": [0.0593640096486, 0.0649909824133, 0.160321697593, 0.266534984112, 0.175794571638, 0.0738121494651, 0.103037700057, 0.107582442462, 0.199820399284, 0.245028570294, 0.112057104707, 0.04218897596, 0.0376519672573, 0.037901442498, 0.0676270574331, 0.111939124763, 0.120667405427, 0.219331175089, 0.310233533382, 0.191786363721, 0.0681701600552, 0.0416923686862, 0.0409384891391, 0.0831137821078, 0.121862240136, 0.0818114057183, 0.0460191108286, 0.0492080897093, 0.046624507755, 0.113395184278, 0.161012336612, 0.100903168321, 0.109862096608, 0.197997391224, 0.161958783865, 0.073804102838],
        "stdev": [0.160810157657, 0.171132445335, 0.240073889494, 0.345012426376, 0.24272865057, 0.169051602483, 0.248108565807, 0.251877993345, 0.292677342892, 0.364194482565, 0.19067619741, 0.12899030745, 0.122607275844, 0.136364534497, 0.163175404072, 0.209117591381, 0.227920606732, 0.286037951708, 0.357199400663, 0.254123002291, 0.164213195443, 0.118853338063, 0.128058731556, 0.176009625196, 0.22640196979, 0.163243815303, 0.115688078105, 0.133404150605, 0.124857001007, 0.186274722219, 0.237835213542, 0.174024477601, 0.210670128465, 0.34829685092, 0.292823165655, 0.178060114384]
    },
    "chords_histogram": [21.693857193, 1.23221099377, 13.467546463, 0.0173550844193, 0.173550844193, 0, 0.156195759773, 0, 0, 0.364456772804, 0, 0.0173550844193, 0.485942393541, 0, 0, 4.02637958527, 5.31065607071, 3.88753914833, 0, 0.173550844193, 0, 0.260326266289, 24.6442203522, 24.0888576508],
    "thpcp": [1, 0.618200004101, 0.219738200307, 0.13439026475, 0.131960228086, 0.267907142639, 0.39280807972, 0.263709098101, 0.148336991668, 0.158616289496, 0.150288417935, 0.365515559912, 0.519003629684, 0.32524907589, 0.354127079248, 0.638220489025, 0.522054433823, 0.237898528576, 0.191352650523, 0.209490507841, 0.516777455807, 0.859143078327, 0.566652357578, 0.237924471498, 0.332129478455, 0.346778899431, 0.64409673214, 0.789819717407, 0.361202418804, 0.135991021991, 0.121366530657, 0.122170679271, 0.217987582088, 0.360822141171, 0.388956665993, 0.706987321377],
    "chords_key": "G#",
    "chords_scale": "major"
}
}