{
"metadata": {
    "version": {
        "essentia": "2.1-dev",
        "essentia_git_sha": "v2.1_beta3-415-gd5473f3",
        "extractor": "music 2.0"
    },
    "audio_properties": {
        "analysis": {
            "equal_loudness": 0,
            "length": 296.124084473,
            "sample_rate": 44100,
            "start_time": 0,
            "downmix": "mix"
        },
        "bit_rate": 192000,
        "length": 296.124084473,
        "lossless": 0,
        "number_channels": 2,
        "replay_gain": -11.194026947,
        "sample_rate": 44100,
        "codec": "mp3",
        "md5_encoded": "74ff5101b8248c61092bfb7445ce11e8"
    },
    "tags": {
        "file_name": "elton_john-mansfield.mp3",
        "album": ["John, Elton (Songs From The West Coast)"],
        "artist": ["Elton John"],
        "genre": ["Other"],
        "title": ["Mansfield"]
    }
},
"lowlevel": {
    "average_loudness": 0.858391821384,
    "barkbands_crest": {
        "mean": 10.3563241959,
        "stdev": 4.43455219269
    },
    "barkbands_flatness_db": {
        "mean": 0.155478879809,
        "stdev": 0.066332757473
    },
    "barkbands_kurtosis": {
        "mean": 5.44310665131,
        "stdev": 10.9695615768
    },
    "barkbands_skewness": {
        "mean": 1.67822217941,
        "stdev": 1.36750197411
    },
    "barkbands_spread": {
        "mean": 18.012966156,
        "stdev": 11.0271434784
    },
    "dissonance": {
        "mean": 0.454898804426,
        "stdev": 0.0349606610835
    },
    "dynamic_complexity": 4.64498519897,
    "erbbands_crest": {
        "mean": 8.63427734375,
        "stdev": 4.06203317642
    },
    "erbbands_flatness_db": {
        "mean": 0.167454525828,
        "stdev": 0.0456998348236
    },
    "erbbands_kurtosis": {
        "mean": 0.351206213236,
        "stdev": 1.68231916428
    },
    "erbbands_skewness": {
        "mean": 0.23327948153,
        "stdev": 0.633040845394
    },
    "erbbands_spread": {
        "mean": 33.3953132629,
        "stdev": 15.5098638535
    },
    "hfc": {
        "mean": 17.580499649,
        "stdev": 16.7135181427
    },
    "loudness_ebu128": {
        "integrated": -11.8532085419,
        "loudness_range": 5.89954185486,
        "momentary": {
            "mean": -14.5833339691,
            "stdev": 9.84033584595
        },
        "short_term": {
            "mean": -13.8361291885,
            "stdev": 8.17207527161
        }
    },
    "melbands_crest": {
        "mean": 14.8436040878,
        "stdev": 5.61597394943
    },
    "melbands_flatness_db": {
        "mean": 0.236378476024,
        "stdev": 0.0868787541986
    },
    "melbands_kurtosis": {
        "mean": 13.9079551697,
        "stdev": 20.7818412781
    },
    "melbands_skewness": {
        "mean": 2.65757155418,
        "stdev": 1.74879896641
    },
    "melbands_spread": {
        "mean": 19.0281295776,
        "stdev": 12.9131441116
    },
    "pitch_salience": {
        "mean": 0.526908099651,
        "stdev": 0.116032101214
    },
    "silence_rate_20dB": {
        "mean": 1,
        "stdev": 0
    },
    "silence_rate_30dB": {
        "mean": 0.999921619892,
        "stdev": 0.008854188025
    },
    "silence_rate_60dB": {
        "mean": 0.0767602324486,
        "stdev": 0.266206234694
    },
    "spectral_centroid": {
        "mean": 1092.53735352,
        "stdev": 600.325195312
    },
    "spectral_complexity": {
        "mean": 17.4966278076,
        "stdev": 9.57445240021
    },
    "spectral_decrease": {
        "mean": -7.36774685706e-09,
        "stdev": 5.30866151038e-09
    },
    "spectral_energy": {
        "mean": 0.0294022727758,
        "stdev": 0.0211841966957
    },
    "spectral_energyband_high": {
        "mean": 0.000375162839191,
        "stdev": 0.000748052552808
    },
    "spectral_energyband_low": {
        "mean": 0.0121274832636,
        "stdev": 0.0121334698051
    },
    "spectral_energyband_middle_high": {
        "mean": 0.00653446046636,
        "stdev": 0.00874894391745
    },
    "spectral_energyband_middle_low": {
        "mean": 0.011728355661,
        "stdev": 0.0112233459949
    },
    "spectral_entropy": {
        "mean": 7.36058950424,
        "stdev": 0.50108140707
    },
    "spectral_flux": {
        "mean": 0.0794663205743,
        "stdev": 0.0498489029706
    },
    "spectral_kurtosis": {
        "mean": 7.66125392914,
        "stdev": 10.2919778824
    },
    "spectral_rms": {
        "mean": 0.00491006672382,
        "stdev": 0.00213925912976
    },
    "spectral_rolloff": {
        "mean": 1033.93554688,
        "stdev": 1053.47839355
    },
    "spectral_skewness": {
        "mean": 1.88462209702,
        "stdev": 0.870349526405
    },
    "spectral_spread": {
        "mean": 3801839.25,
        "stdev": 1753796.25
    },
    "spectral_strongpeak": {
        "mean": 0.928812980652,
        "stdev": 1.4399960041
    },
    "zerocrossingrate": {
        "mean": 0.0424935221672,
        "stdev": 0.0285787973553
    },
    "barkbands": {
        "mean": [0.000522900372744, 0.00633176509291, 0.00412463769317, 0.00205234624445, 0.00255669211037, 0.00192334037274, 0.00140736903995, 0.00208866223693, 0.00127202877775, 0.00125048262998, 0.00101697666105, 0.000964871898759, 0.000828488671687, 0.000745444442146, 0.000690828834195, 0.000364927720511, 0.000396757764975, 0.000196404114831, 0.000223110473598, 0.000123193123727, 0.000115690949315, 7.6187265222e-05, 4.83532749058e-05, 4.59424772998e-05, 2.48554624704e-05, 9.52553727984e-06, 3.68827613784e-07],
        "stdev": [0.000723071745597, 0.00671683391556, 0.00647453265265, 0.00353799224831, 0.00374083616771, 0.00391878513619, 0.00336745032109, 0.00516999512911, 0.00278392387554, 0.00345896906219, 0.00286247138865, 0.00255302758887, 0.00212382199243, 0.00196152273566, 0.00163703772705, 0.0008070836775, 0.000670836248901, 0.000265801179921, 0.00040450115921, 0.000227313750656, 0.000254122482147, 0.000154592911713, 0.000135492999107, 0.000169225400896, 7.91940765339e-05, 2.94104538625e-05, 1.4647793023e-06]
    },
    "erbbands": {
        "mean": [0.232402577996, 1.24847924709, 4.12593221664, 6.58249235153, 7.26514291763, 8.31790351868, 13.9459638596, 15.0767774582, 16.8683986664, 36.8239212036, 38.4831161499, 30.1718578339, 35.822265625, 41.1341438293, 40.9445533752, 41.605670929, 39.2828216553, 43.2336540222, 36.2375907898, 26.7759227753, 21.5686035156, 19.3551998138, 13.1420574188, 10.5834283829, 10.0317649841, 5.64357757568, 4.8184223175, 4.24130773544, 2.86916232109, 2.01896977425, 1.22819495201, 1.04760706425, 0.682375967503, 0.324098527431, 0.153992339969, 0.0559571534395, 0.0147297875956, 0.00205429457128, 6.23197702225e-05, 3.5989240132e-05],
        "stdev": [0.284552693367, 1.33955740929, 5.96607923508, 10.6336784363, 11.7698383331, 14.3548927307, 28.6998195648, 34.0076980591, 39.7744293213, 87.9523544312, 94.6705780029, 59.1081008911, 91.0313415527, 116.317047119, 106.202735901, 108.333709717, 95.2339401245, 107.123260498, 75.769744873, 66.7249679565, 38.9981994629, 32.6582069397, 17.4462814331, 15.8281574249, 19.2393226624, 10.3018054962, 10.5461330414, 9.02453231812, 5.93199157715, 4.80100059509, 3.51928591728, 3.94958257675, 2.50486779213, 1.15929198265, 0.452325254679, 0.179161891341, 0.0447415038943, 0.0069087841548, 0.000158887531143, 2.6209077987e-05]
    },
    "gfcc": {
        "mean": [-37.7104225159, 122.733436584, -117.122695923, 29.8544311523, -46.5301361084, 17.7018566132, -31.0113925934, 10.091668129, -17.4081802368, 2.82582712173, -13.3386793137, -1.52254593372, -10.2902851105],
        "cov": [[19696.9101562, -575.667175293, -1545.42492676, 597.432067871, -765.662902832, 259.601318359, -321.605987549, 235.974777222, -326.926391602, 267.897979736, -184.920211792, 109.01260376, -146.030166626], [-575.667175293, 1366.14477539, 91.8488616943, -301.912384033, 366.437988281, -202.280212402, 200.423629761, -88.0202865601, 130.441268921, -151.84312439, 113.446540833, -52.7346153259, 53.8959350586], [-1545.42492676, 91.8488616943, 777.481689453, 7.33412599564, 104.819374084, 52.7988128662, 1.68019533157, 12.8816576004, 34.2279624939, -10.924744606, 2.8417057991, 15.2708673477, 6.48987960815], [597.432067871, -301.912384033, 7.33412599564, 347.269042969, -35.0946388245, 19.752664566, -59.5370368958, 25.9667549133, -6.6650762558, 33.9279022217, -23.4661006927, 6.20430374146, 6.08667039871], [-765.662902832, 366.437988281, 104.819374084, -35.0946388245, 340.325622559, -36.5954589844, 31.6092414856, -7.26986598969, 66.9942626953, -48.6407165527, 14.7474040985, -20.2611351013, 21.5540142059], [259.601318359, -202.280212402, 52.7988128662, 19.752664566, -36.5954589844, 190.382461548, 42.5396461487, 26.8128185272, -11.1468896866, 35.6835365295, -20.024274826, 3.7190747261, -4.5898976326], [-321.605987549, 200.423629761, 1.68019533157, -59.5370368958, 31.6092414856, 42.5396461487, 243.093841553, 6.21252346039, 22.4568538666, -15.7911157608, 37.5047035217, -18.7377681732, 13.517578125], [235.974777222, -88.0202865601, 12.8816576004, 25.9667549133, -7.26986598969, 26.8128185272, 6.21252346039, 107.513664246, 25.634601593, 15.0750656128, -7.84739923477, 6.73154640198, -7.29845285416], [-326.926391602, 130.441268921, 34.2279624939, -6.6650762558, 66.9942626953, -11.1468896866, 22.4568538666, 25.634601593, 137.997451782, 26.4177246094, 10.1617078781, -19.2326450348, 19.3521213531], [267.897979736, -151.84312439, -10.924744606, 33.9279022217, -48.6407165527, 35.6835365295, -15.7911157608, 15.0750656128, 26.4177246094, 104.868911743, 7.18929719925, 1.69400501251, 3.7793815136], [-184.920211792, 113.446540833, 2.8417057991, -23.4661006927, 14.7474040985, -20.024274826, 37.5047035217, -7.84739923477, 10.1617078781, 7.18929719925, 87.0779724121, 20.313621521, 9.04247188568], [109.01260376, -52.7346153259, 15.2708673477, 6.20430374146, -20.2611351013, 3.7190747261, -18.7377681732, 6.73154640198, -19.2326450348, 1.69400501251, 20.313621521, 77.6409988403, 14.685174942], [-146.030166626, 53.8959350586, 6.48987960815, 6.08667039871, 21.5540142059, -4.5898976326, 13.517578125, -7.29845285416, 19.3521213531, 3.7793815136, 9.04247188568, 14.685174942, 79.1578292847]],
        "icov": [[0.000114221933472, -0.000383303849958, 0.000245295843342, -0.000327543646563, 0.000287754868623, -0.000374876195565, 0.00025570669095, -0.000380955141736, 0.000407400541008, -0.000494858657476, 0.000403915444622, -0.000292472948786, 0.000230034856941], [-0.000383303849958, 0.00378974503838, -0.000983192352578, 0.00238246889785, -0.00238214316778, 0.00296139554121, -0.0020811278373, 0.0024038173724, -0.00285404548049, 0.00377913704142, -0.00316218589433, 0.00195839256048, -0.00147742044646], [0.000245295843342, -0.000983192352578, 0.0019472829299, -0.000833261641674, 0.000269010139164, -0.00149044871796, 0.000787227298133, -0.000875117490068, 0.000639402074739, -0.000929599453229, 0.000899484148249, -0.00109902955592, 0.000640777579974], [-0.000327543646563, 0.00238246889785, -0.000833261641674, 0.00480123003945, -0.001475397381, 0.0018176229205, -0.000674968061503, 0.000926099019125, -0.00156455021352, 0.00164421799127, -0.00155675935093, 0.00143009715248, -0.00160296144895], [0.000287754868623, -0.00238214316778, 0.000269010139164, -0.001475397381, 0.00546496594325, -0.00170284020714, 0.0013300399296, -0.00132595282048, -0.000125812701299, -0.00024141294125, 0.00141231913585, -0.000460671581095, 0.000274392659776], [-0.000374876195565, 0.00296139554121, -0.00149044871796, 0.0018176229205, -0.00170284020714, 0.00941760838032, -0.0037369185593, 0.000860163243487, -0.000988060841337, 8.72769451234e-05, 5.84956906096e-05, 0.000722297932953, -0.000901550694834], [0.00025570669095, -0.0020811278373, 0.000787227298133, -0.000674968061503, 0.0013300399296, -0.0037369185593, 0.00673881452531, -0.00196363567375, 0.00104584312066, -0.000352071103407, -0.0014462119434, 0.00115537107922, -0.00032261342858], [-0.000380955141736, 0.0024038173724, -0.000875117490068, 0.000926099019125, -0.00132595282048, 0.000860163243487, -0.00196363567375, 0.0127051183954, -0.00488483905792, 0.00229682121426, -0.000746471807361, -0.000936253287364, 0.000922271632589], [0.000407400541008, -0.00285404548049, 0.000639402074739, -0.00156455021352, -0.000125812701299, -0.000988060841337, 0.00104584312066, -0.00488483905792, 0.0128928348422, -0.00682140002027, 0.00193583616056, 0.00123577855993, -0.00116602855269], [-0.000494858657476, 0.00377913704142, -0.000929599453229, 0.00164421799127, -0.00024141294125, 8.72769451234e-05, -0.000352071103407, 0.00229682121426, -0.00682140002027, 0.0172910504043, -0.00616737315431, 0.00292244460434, -0.002189070452], [0.000403915444622, -0.00316218589433, 0.000899484148249, -0.00155675935093, 0.00141231913585, 5.84956906096e-05, -0.0014462119434, -0.000746471807361, 0.00193583616056, -0.00616737315431, 0.0181053783745, -0.00715334201232, 0.00182112492621], [-0.000292472948786, 0.00195839256048, -0.00109902955592, 0.00143009715248, -0.000460671581095, 0.000722297932953, 0.00115537107922, -0.000936253287364, 0.00123577855993, 0.00292244460434, -0.00715334201232, 0.0179815478623, -0.00496951350942], [0.000230034856941, -0.00147742044646, 0.000640777579974, -0.00160296144895, 0.000274392659776, -0.000901550694834, -0.00032261342858, 0.000922271632589, -0.00116602855269, -0.002189070452, 0.00182112492621, -0.00496951350942, 0.0152506213635]]
    },
    "melbands": {
        "mean": [0.00188235810492, 0.00201082811691, 0.00118389097042, 0.000541992369108, 0.000464973389171, 0.000342784042004, 0.00026962114498, 0.000429585634265, 0.000291818054393, 0.000188263540622, 0.000177174733835, 0.000164972385392, 0.000131949273054, 0.00011275219731, 9.67430387391e-05, 8.49799689604e-05, 8.00150810392e-05, 5.48929056094e-05, 4.87870383949e-05, 2.97670176224e-05, 2.43692848017e-05, 2.17360902752e-05, 1.51711110448e-05, 8.90250794328e-06, 8.46065267979e-06, 8.48199397296e-06, 5.45518332729e-06, 3.30086049871e-06, 2.91796686724e-06, 2.98648228636e-06, 2.25365920414e-06, 1.75895547727e-06, 1.19599610571e-06, 1.08829385681e-06, 7.23362006738e-07, 6.09408573382e-07, 6.53379743198e-07, 5.41525423614e-07, 3.11836430456e-07, 2.5741042009e-07],
        "stdev": [0.00208717328496, 0.00249089067802, 0.00176078733057, 0.000857625738718, 0.000849384930916, 0.000750216830056, 0.000616621400695, 0.00103726366069, 0.000741543539334, 0.000386344181607, 0.00046842431766, 0.000488927355036, 0.000349762907717, 0.000292483484372, 0.000297035061521, 0.000221247843001, 0.000215224878048, 0.000125910781207, 0.000133266396006, 7.02200559317e-05, 4.43358694611e-05, 4.00834614993e-05, 2.23294337047e-05, 1.22340798043e-05, 1.37000124596e-05, 1.9543342205e-05, 1.04215623651e-05, 6.75381124893e-06, 6.37427820038e-06, 7.33841125111e-06, 4.74904800285e-06, 3.83326550946e-06, 2.60534898189e-06, 2.85709597847e-06, 2.11230644709e-06, 2.06096910915e-06, 2.58718750956e-06, 1.98571842702e-06, 1.23790505313e-06, 9.20890329326e-07]
    },
    "melbands128": {
        "mean": [0.000497607747093, 0.00201849848963, 0.00232989015058, 0.00189968722407, 0.0020072015468, 0.0020350269042, 0.00139009335544, 0.000941011239775, 0.000742594478652, 0.000503748713527, 0.000444899196737, 0.000448318460258, 0.000532728969119, 0.000407541694585, 0.000354728457751, 0.000305233988911, 0.000251690042205, 0.000241617468419, 0.000335679273121, 0.000421708653448, 0.000563012436032, 0.000329640839482, 0.000308190850774, 0.000186381133972, 0.000168093305547, 0.000213748848182, 0.00016261303972, 0.000199283764232, 0.000143814002513, 0.000190666964045, 0.000166423327755, 0.000132704357384, 0.000113464484457, 0.000168426166056, 9.02988685993e-05, 0.000114957721962, 0.000114015012514, 0.000102537385828, 7.81492053648e-05, 8.49660063977e-05, 8.71192532941e-05, 8.24077942525e-05, 8.61874286784e-05, 8.17953477963e-05, 4.40736293967e-05, 5.03162009409e-05, 6.73605463817e-05, 6.01540741627e-05, 3.6191460822e-05, 2.55522591033e-05, 3.27198686136e-05, 3.06392430502e-05, 1.94203857973e-05, 2.32331440202e-05, 3.22520754708e-05, 1.82743624464e-05, 1.60351337399e-05, 1.97034714802e-05, 1.22711580843e-05, 1.30418111439e-05, 8.33004105516e-06, 5.50454569748e-06, 9.49582863541e-06, 7.94444167695e-06, 9.43004670262e-06, 9.30544319999e-06, 7.60961620472e-06, 6.24438007435e-06, 5.25686618857e-06, 3.94687776861e-06, 3.03398928736e-06, 3.31515616381e-06, 2.77775779978e-06, 2.88398700832e-06, 2.86352405965e-06, 3.24383108818e-06, 2.98997474601e-06, 2.53070356848e-06, 2.09849213206e-06, 2.08353344533e-06, 1.89275647244e-06, 1.66226982401e-06, 1.23029565202e-06, 1.13960436465e-06, 1.17166678137e-06, 1.166034167e-06, 1.07949256289e-06, 9.11413792437e-07, 7.08456411758e-07, 5.63329024317e-07, 5.99812324253e-07, 6.10039819549e-07, 6.54430436953e-07, 6.67639824314e-07, 6.32592957572e-07, 6.60967259591e-07, 5.27222596247e-07, 3.81687641493e-07, 2.92942701208e-07, 2.82335946622e-07, 2.86956293394e-07, 2.5620815336e-07, 2.24212143962e-07, 2.00251903948e-07, 1.76820051934e-07, 1.47960861341e-07, 1.25779934024e-07, 1.0970977371e-07, 9.43242426388e-08, 7.98045860506e-08, 6.85748062779e-08, 5.44507763323e-08, 4.1324245359e-08, 3.51646924912e-08, 2.67200253035e-08, 2.17989768458e-08, 1.47459457978e-08, 1.63035762668e-09, 4.10663560449e-12, 3.9611864136e-12, 3.86488844401e-12, 3.7812556905e-12, 3.70205515549e-12, 3.63746424474e-12, 3.5844435059e-12, 3.54576481024e-12, 3.51709286694e-12, 3.49399112073e-12],
        "stdev": [0.000694037822541, 0.00270132930018, 0.00276583642699, 0.00226376950741, 0.00295960041694, 0.00334392394871, 0.00246655801311, 0.00165964849293, 0.00140974007081, 0.00116278987844, 0.00107138918247, 0.000949365785345, 0.00128909293562, 0.00116621586494, 0.00102849735413, 0.0010097323684, 0.0011545260204, 0.000645671621896, 0.00110420130659, 0.00124170153867, 0.00189537578262, 0.00111054698937, 0.00107081106398, 0.000816780840978, 0.000419906660682, 0.000585822912399, 0.00059805175988, 0.000688108440954, 0.000682390178554, 0.000766882731114, 0.000653602532111, 0.000562150613405, 0.000426464946941, 0.000642116297968, 0.000395822164137, 0.000452014326584, 0.000384916958865, 0.000546699622646, 0.00030148238875, 0.000333810807206, 0.000308006012347, 0.000374430412194, 0.000326567009324, 0.000284831796307, 0.000176952118636, 0.000173451859155, 0.000222015834879, 0.000231275131227, 0.000169546809047, 0.00011039814126, 9.62153353612e-05, 8.41381261125e-05, 5.29218705196e-05, 5.18668748555e-05, 7.54652137402e-05, 5.22092086612e-05, 4.13175584981e-05, 3.86025349144e-05, 2.17453525693e-05, 2.54178539763e-05, 1.50573941937e-05, 9.930971828e-06, 1.722799243e-05, 1.91162325791e-05, 2.31473131862e-05, 3.48838984792e-05, 1.99493606488e-05, 1.71365754795e-05, 1.34806105052e-05, 1.0634083992e-05, 8.9148979896e-06, 7.48197498979e-06, 6.84832048137e-06, 7.65793629398e-06, 8.14363647805e-06, 9.47452190303e-06, 8.33950798551e-06, 6.44058081889e-06, 4.90293496114e-06, 5.11334974362e-06, 4.56071757071e-06, 4.45968225904e-06, 2.79511868939e-06, 2.81877828456e-06, 2.80527001451e-06, 2.97196129395e-06, 3.34578476213e-06, 3.0762073493e-06, 2.15870386455e-06, 1.77090828402e-06, 1.86293152638e-06, 2.20603260459e-06, 2.97156248052e-06, 2.88671503768e-06, 2.48816695603e-06, 2.57790225078e-06, 2.02889145839e-06, 1.63385686847e-06, 1.21171751744e-06, 1.20557729133e-06, 1.19088815609e-06, 9.37916809107e-07, 7.39121901461e-07, 6.07231243066e-07, 5.49547507944e-07, 5.15261660894e-07, 4.72725275813e-07, 4.69766149536e-07, 3.28506018832e-07, 2.44107241087e-07, 2.0600251105e-07, 1.80656144266e-07, 1.41359507211e-07, 1.28950134126e-07, 8.99874166294e-08, 7.89269520851e-08, 5.77683714198e-08, 7.54344142706e-09, 7.11712199591e-12, 6.90840050097e-12, 6.73561380282e-12, 6.58402542555e-12, 6.4517484237e-12, 6.33859891658e-12, 6.24447802494e-12, 6.17076919077e-12, 6.11635525213e-12, 6.08257671661e-12]
    },
    "mfcc": {
        "mean": [-674.004333496, 147.323699951, -4.49992322922, 20.8387756348, 8.07082462311, 9.92998886108, 1.63985943794, 6.9252948761, 2.42360067368, 4.57724142075, 2.63004660606, 1.77134549618, -0.862098932266],
        "cov": [[13326.6279297, -303.586456299, -924.206848145, 259.453552246, -429.985351562, 88.1748962402, -109.245674133, -4.75021076202, -104.233825684, -18.2519569397, 27.8226203918, -1.24894547462, -46.2829246521], [-303.586456299, 1721.86987305, -54.3630409241, 18.1359004974, 121.159812927, -11.3322896957, 58.0881538391, 106.419960022, 3.47423195839, -12.0374603271, 19.8162479401, 4.43424320221, 40.2188682556], [-924.206848145, -54.3630409241, 607.218261719, -2.29192209244, 48.5015716553, 46.10779953, 22.9930229187, 8.5292596817, 25.1846542358, 22.6962966919, -5.33654165268, 10.5821523666, 15.4516391754], [259.453552246, 18.1359004974, -2.29192209244, 266.262512207, 73.8782043457, -8.99031543732, -22.9073238373, 3.60288596153, -3.41247820854, 6.187707901, -11.3987884521, -16.8505783081, 24.198507309], [-429.985351562, 121.159812927, 48.5015716553, 73.8782043457, 295.865783691, 1.24130177498, -48.5016975403, 1.55999779701, 18.0519523621, 18.8850879669, -24.5416126251, -13.9841957092, 16.7672195435], [88.1748962402, -11.3322896957, 46.10779953, -8.99031543732, 1.24130177498, 137.569763184, 48.2856369019, -0.470684289932, 33.5504875183, 8.60569477081, 12.7848072052, 19.7920951843, -7.1932258606], [-109.245674133, 58.0881538391, 22.9930229187, -22.9073238373, -48.5016975403, 48.2856369019, 147.533782959, 42.5127220154, 7.01866769791, -5.71612215042, 11.6451425552, 10.5251483917, -8.14698314667], [-4.75021076202, 106.419960022, 8.5292596817, 3.60288596153, 1.55999779701, -0.470684289932, 42.5127220154, 120.163757324, 15.2470607758, -5.65455722809, 16.1466121674, -7.10867643356, 8.22336006165], [-104.233825684, 3.47423195839, 25.1846542358, -3.41247820854, 18.0519523621, 33.5504875183, 7.01866769791, 15.2470607758, 122.622940063, 41.5991516113, 3.15201592445, 18.7625465393, 2.00031232834], [-18.2519569397, -12.0374603271, 22.6962966919, 6.187707901, 18.8850879669, 8.60569477081, -5.71612215042, -5.65455722809, 41.5991516113, 97.0756988525, 23.7602043152, 10.4012365341, 1.42088532448], [27.8226203918, 19.8162479401, -5.33654165268, -11.3987884521, -24.5416126251, 12.7848072052, 11.6451425552, 16.1466121674, 3.15201592445, 23.7602043152, 81.198638916, 22.1993789673, -5.79968118668], [-1.24894547462, 4.43424320221, 10.5821523666, -16.8505783081, -13.9841957092, 19.7920951843, 10.5251483917, -7.10867643356, 18.7625465393, 10.4012365341, 22.1993789673, 82.1428222656, 14.9776706696], [-46.2829246521, 40.2188682556, 15.4516391754, 24.198507309, 16.7672195435, -7.1932258606, -8.14698314667, 8.22336006165, 2.00031232834, 1.42088532448, -5.79968118668, 14.9776706696, 77.1686706543]],
        "icov": [[9.68722306425e-05, 7.24934579921e-06, 0.000142009390402, -0.000134347385028, 0.000176914283657, -0.000200456648599, 0.000172093408764, -0.000106273211713, 0.000112292444101, -8.00691195764e-05, 7.12782057235e-05, -4.19386888098e-05, 5.24442912138e-05], [7.24934579921e-06, 0.000655858952086, 0.000106339597551, 4.16623042838e-05, -0.000340195372701, 0.000108461092168, -0.000276784820016, -0.000446742895292, 3.97879412048e-05, 0.000105782259197, -0.000179213951924, -5.14386520081e-05, -0.000275881815469], [0.000142009390402, 0.000106339597551, 0.00196660426445, -8.35631290101e-05, -7.13507542969e-05, -0.000785839103628, 5.06475180373e-06, -0.000307744252495, 0.000156215988682, -0.000483699288452, 0.000357604818419, -0.000139921379741, -0.000303352688206], [-0.000134347385028, 4.16623042838e-05, -8.35631290101e-05, 0.00440200325102, -0.00117791909724, 0.000213491279283, -2.3434886316e-05, -9.36319338507e-06, 8.44654714456e-05, -0.000178699774551, -3.75657436962e-05, 0.000923459825572, -0.00137253000867], [0.000176914283657, -0.000340195372701, -7.13507542969e-05, -0.00117791909724, 0.00461621303111, -0.0010349896038, 0.00195146433543, -0.000628942332696, -1.73881271621e-05, -0.00102700060233, 0.00147761614062, 0.000268869160209, -8.11462377897e-05], [-0.000200456648599, 0.000108461092168, -0.000785839103628, 0.000213491279283, -0.0010349896038, 0.00994547270238, -0.00376377138309, 0.00183611211833, -0.00274881417863, 0.00100720045157, -0.00156019965652, -0.000982432160527, 0.000598704384174], [0.000172093408764, -0.000276784820016, 5.06475180373e-06, -2.3434886316e-05, 0.00195146433543, -0.00376377138309, 0.00996075477451, -0.0037000651937, 0.000967939908151, -0.000216555781662, 0.00087379431352, -0.000986805651337, 0.0011609357316], [-0.000106273211713, -0.000446742895292, -0.000307744252495, -9.36319338507e-06, -0.000628942332696, 0.00183611211833, -0.0037000651937, 0.0112076057121, -0.00258110300638, 0.00208010873757, -0.00337429856881, 0.00251306709833, -0.00175624515396], [0.000112292444101, 3.97879412048e-05, 0.000156215988682, 8.44654714456e-05, -1.73881271621e-05, -0.00274881417863, 0.000967939908151, -0.00258110300638, 0.0112461959943, -0.00504757463932, 0.00251453788951, -0.00240454473533, 0.000570739677642], [-8.00691195764e-05, 0.000105782259197, -0.000483699288452, -0.000178699774551, -0.00102700060233, 0.00100720045157, -0.000216555781662, 0.00208010873757, -0.00504757463932, 0.0139708118513, -0.00500967679545, 0.000638762954623, -0.000504644704051], [7.12782057235e-05, -0.000179213951924, 0.000357604818419, -3.75657436962e-05, 0.00147761614062, -0.00156019965652, 0.00087379431352, -0.00337429856881, 0.00251453788951, -0.00500967679545, 0.0163710471243, -0.00458669941872, 0.0022093411535], [-4.19386888098e-05, -5.14386520081e-05, -0.000139921379741, 0.000923459825572, 0.000268869160209, -0.000982432160527, -0.000986805651337, 0.00251306709833, -0.00240454473533, 0.000638762954623, -0.00458669941872, 0.0154612194747, -0.00407690322027], [5.24442912138e-05, -0.000275881815469, -0.000303352688206, -0.00137253000867, -8.11462377897e-05, 0.000598704384174, 0.0011609357316, -0.00175624515396, 0.000570739677642, -0.000504644704051, 0.0022093411535, -0.00407690322027, 0.014959987253]]
    },
    "spectral_contrast_coeffs": {
        "mean": [-0.730034172535, -0.74364054203, -0.748897016048, -0.772869646549, -0.780619442463, -0.771708369255],
        "stdev": [0.071059986949, 0.0769220739603, 0.07539960742, 0.061337210238, 0.050743944943, 0.0471675917506]
    },
    "spectral_contrast_valleys": {
        "mean": [-6.62961053848, -6.95126962662, -7.63071060181, -7.93186187744, -8.20752716064, -10.9789438248],
        "stdev": [1.39643597603, 1.42671978474, 1.45969367027, 1.49058890343, 1.57100653648, 1.54203724861]
    }
},
"rhythm": {
    "beats_count": 660,
    "beats_loudness": {
        "mean": 0.036865003407,
        "stdev": 0.0222763363272
    },
    "bpm": 133.896774292,
    "bpm_histogram_first_peak_bpm": 133,
    "bpm_histogram_first_peak_weight": 0.46046513319,
    "bpm_histogram_second_peak_bpm": 140,
    "bpm_histogram_second_peak_spread": 0,
    "bpm_histogram_second_peak_weight": 0.0197268594056,
    "danceability": 1.03799700737,
    "onset_rate": 3.3126707077,
    "beats_loudness_band_ratio": {
        "mean": [0.518567144871, 0.146838918328, 0.146203964949, 0.134516149759, 0.0695096477866, 0.0243102572858],
        "stdev": [0.261258453131, 0.138218507171, 0.127981126308, 0.156411066651, 0.0750628337264, 0.0282397791743]
    },
    "beats_position": [0.406349211931, 0.835918366909, 1.27709746361, 1.72988653183, 2.18267560005, 2.62385487556, 3.06503391266, 3.51782298088, 3.97061228752, 4.41179132462, 4.85297060013, 5.30575942993, 5.75854873657, 6.21133756638, 6.65251684189, 7.10530614853, 7.55809497833, 8.01088428497, 8.45206356049, 8.90485286713, 9.35764122009, 9.79882049561, 10.2399997711, 10.6811790466, 11.1339683533, 11.5751476288, 12.0279359818, 12.4691152573, 12.9219045639, 13.3746938705, 13.8274831772, 14.3034915924, 14.7678909302, 15.2090702057, 15.6618595123, 16.1030387878, 16.5442180634, 16.9853973389, 17.426574707, 17.8677539825, 18.3205432892, 18.7501125336, 19.1912918091, 19.6440811157, 20.0852603912, 20.5380496979, 20.9792289734, 21.43201828, 21.8731975555, 22.3259868622, 22.7787742615, 23.2431735992, 23.6959629059, 24.1371421814, 24.5783214569, 25.0311107635, 25.4839000702, 25.9134693146, 26.3546485901, 26.7958278656, 27.2486171722, 27.7014045715, 28.142583847, 28.5953731537, 29.0481624603, 29.4893417358, 29.9537410736, 30.4065303802, 30.8593196869, 31.2888889313, 31.7300682068, 32.171245575, 32.6240348816, 33.0652160645, 33.5063934326, 33.9591827393, 34.4119720459, 34.8647613525, 35.3175506592, 35.7703399658, 36.2231292725, 36.6643066406, 37.1054878235, 37.5466651917, 37.9994544983, 38.4522438049, 38.8934249878, 39.334602356, 39.7873916626, 40.2401809692, 40.6813583374, 41.134147644, 41.5869369507, 42.0281181335, 42.4692955017, 42.9220848083, 43.374874115, 43.8276634216, 44.2804527283, 44.7332420349, 45.1860313416, 45.6272087097, 46.0683898926, 46.5095672607, 46.9507484436, 47.4035377502, 47.8563270569, 48.297504425, 48.7386856079, 49.1914749146, 49.6442604065, 50.0970497131, 50.538230896, 50.9910202026, 51.4438095093, 51.8965988159, 52.3493881226, 52.7789573669, 53.2201347351, 53.6729240417, 54.1257133484, 54.578502655, 55.0196800232, 55.4724693298, 55.9136505127, 56.3548278809, 56.7960090637, 57.2487983704, 57.701587677, 58.1543769836, 58.6071662903, 59.0483436584, 59.5011329651, 59.9539222717, 60.3950996399, 60.8362808228, 61.2890701294, 61.741859436, 62.1830368042, 62.6358261108, 63.0886154175, 63.5297966003, 63.9709739685, 64.4237594604, 64.8765487671, 65.3177337646, 65.7589111328, 66.2117004395, 66.6644897461, 67.1056671143, 67.5468444824, 67.98802948, 68.4408187866, 68.8936004639, 69.3463897705, 69.7991790771, 70.2403640747, 70.6815414429, 71.1343307495, 71.5871200562, 72.0515213013, 72.4926986694, 72.9338760376, 73.3750534058, 73.8278427124, 74.280632019, 74.7218093872, 75.1862106323, 75.6273880005, 76.068572998, 76.4981384277, 76.9509277344, 77.3921051025, 77.8332901001, 78.2860794067, 78.738861084, 79.1916503906, 79.6444396973, 80.0856246948, 80.5384140015, 80.9795913696, 81.4323806763, 81.8851699829, 82.3379592896, 82.7791366577, 83.2203140259, 83.6731033325, 84.1258926392, 84.5670700073, 85.0082550049, 85.4610443115, 85.9138336182, 86.3666229248, 86.8194122314, 87.2605895996, 87.7133789062, 88.1661682129, 88.6073455811, 89.0485229492, 89.4897003174, 89.942489624, 90.3952789307, 90.8364639282, 91.2892532349, 91.7420425415, 92.1832199097, 92.6243972778, 93.0771865845, 93.5299758911, 93.9711532593, 94.4239425659, 94.8767318726, 95.3179092407, 95.7590942383, 96.2002716064, 96.6530609131, 97.1058502197, 97.5586395264, 98.011428833, 98.4642181396, 98.8937835693, 99.346572876, 99.7993621826, 100.252151489, 100.704940796, 101.146118164, 101.587303162, 102.016868591, 102.469657898, 102.922447205, 103.375236511, 103.828025818, 104.269203186, 104.721992493, 105.163169861, 105.615959167, 106.068748474, 106.521537781, 106.974327087, 107.415504456, 107.856689453, 108.297866821, 108.750656128, 109.203445435, 109.644622803, 110.085800171, 110.550201416, 111.014602661, 111.455780029, 111.896957397, 112.338134766, 112.779319763, 113.220497131, 113.673286438, 114.126075745, 114.578865051, 115.020042419, 115.461219788, 115.914009094, 116.355194092, 116.807983398, 117.249160767, 117.701950073, 118.15473938, 118.607528687, 119.060317993, 119.489883423, 119.931060791, 120.372245789, 120.825035095, 121.277824402, 121.730613708, 122.183395386, 122.624580383, 123.065757751, 123.518547058, 123.971336365, 124.424125671, 124.876914978, 125.318092346, 125.770881653, 126.223670959, 126.664848328, 127.117637634, 127.558815002, 128.011611938, 128.464401245, 128.917190552, 129.35836792, 129.799545288, 130.240722656, 130.681900024, 131.134689331, 131.575866699, 132.017044067, 132.446624756, 132.887802124, 133.340591431, 133.793380737, 134.234558105, 134.687347412, 135.151748657, 135.604537964, 136.057327271, 136.510116577, 136.951293945, 137.404083252, 137.856872559, 138.298049927, 138.739227295, 139.192016602, 139.644805908, 140.085983276, 140.538772583, 140.99156189, 141.444351196, 141.897140503, 142.338317871, 142.779495239, 143.220672607, 143.673461914, 144.126251221, 144.567428589, 145.020217896, 145.473007202, 145.914199829, 146.355377197, 146.808166504, 147.260955811, 147.702133179, 148.143310547, 148.596099854, 149.04888916, 149.490066528, 149.942855835, 150.395645142, 150.848434448, 151.301223755, 151.742401123, 152.183578491, 152.624755859, 153.077545166, 153.530334473, 153.983123779, 154.435913086, 154.877090454, 155.318267822, 155.771057129, 156.212234497, 156.653427124, 157.106216431, 157.559005737, 158.011795044, 158.464584351, 158.905761719, 159.346939087, 159.799728394, 160.2525177, 160.693695068, 161.146484375, 161.599273682, 162.04045105, 162.470016479, 162.922805786, 163.375595093, 163.828384399, 164.281173706, 164.745574951, 165.186752319, 165.627929688, 166.069107056, 166.521896362, 166.974685669, 167.415863037, 167.857055664, 168.298233032, 168.7394104, 169.192199707, 169.644989014, 170.09777832, 170.550567627, 170.991744995, 171.432922363, 171.88571167, 172.338500977, 172.779678345, 173.220855713, 173.67364502, 174.126434326, 174.579223633, 175.032012939, 175.484802246, 175.937591553, 176.367156982, 176.819946289, 177.261123657, 177.702316284, 178.155105591, 178.607894897, 179.049072266, 179.490249634, 179.94303894, 180.395828247, 180.848617554, 181.289794922, 181.742584229, 182.183761597, 182.636550903, 183.08934021, 183.530517578, 183.983306885, 184.436096191, 184.87727356, 185.318450928, 185.759628296, 186.212417603, 186.665206909, 187.106384277, 187.547576904, 188.000366211, 188.453155518, 188.894332886, 189.335510254, 189.788299561, 190.229476929, 190.682266235, 191.135055542, 191.587844849, 192.040634155, 192.493423462, 192.93460083, 193.399002075, 193.840179443, 194.269744873, 194.72253418, 195.163711548, 195.604888916, 196.057678223, 196.510467529, 196.963256836, 197.404434204, 197.857223511, 198.298416138, 198.739593506, 199.192382812, 199.645172119, 200.086349487, 200.539138794, 200.991928101, 201.444717407, 201.897506714, 202.350296021, 202.803085327, 203.267486572, 203.70866394, 204.149841309, 204.591018677, 205.032196045, 205.473373413, 205.914550781, 206.355728149, 206.808517456, 207.261306763, 207.725708008, 208.166885376, 208.608062744, 209.049255371, 209.502029419, 209.943222046, 210.396011353, 210.837188721, 211.278366089, 211.719543457, 212.172332764, 212.62512207, 213.066299438, 213.519088745, 213.971878052, 214.41305542, 214.854232788, 215.307022095, 215.759811401, 216.20098877, 216.653778076, 217.106567383, 217.547744751, 218.012145996, 218.453323364, 218.894515991, 219.347290039, 219.800079346, 220.241271973, 220.682449341, 221.135238647, 221.588027954, 222.040817261, 222.493606567, 222.934783936, 223.375961304, 223.817138672, 224.269927979, 224.722717285, 225.163894653, 225.61668396, 226.069473267, 226.510650635, 226.963439941, 227.40461731, 227.857406616, 228.298583984, 228.751373291, 229.204162598, 229.645339966, 230.086532593, 230.550918579, 230.992111206, 231.433288574, 231.886077881, 232.338867188, 232.791656494, 233.244445801, 233.685623169, 234.126800537, 234.567977905, 235.009155273, 235.46194458, 235.914733887, 236.379135132, 236.8203125, 237.261489868, 237.702667236, 238.143844604, 238.585037231, 239.049423218, 239.502212524, 239.955001831, 240.396179199, 240.837371826, 241.290161133, 241.742950439, 242.184127808, 242.625305176, 243.066482544, 243.519271851, 243.972061157, 244.424850464, 244.877639771, 245.330429077, 245.783218384, 246.224395752, 246.66557312, 247.106750488, 247.547927856, 247.989105225, 248.441894531, 248.883071899, 249.335861206, 249.788650513, 250.241439819, 250.694229126, 251.147018433, 251.58821106, 252.041000366, 252.493789673, 252.934967041, 253.376144409, 253.828933716, 254.281723022, 254.722900391, 255.164077759, 255.616867065, 256.069641113, 256.51083374, 256.952026367, 257.404815674, 257.85760498, 258.29876709, 258.739959717, 259.181121826, 259.633911133, 260.086700439, 260.551116943, 260.992279053, 261.43347168, 261.886260986, 262.339050293, 262.780212402, 263.221405029, 263.662567139, 264.115356445, 264.568145752, 265.020935059, 265.473724365, 265.914916992, 266.356109619, 266.808898926, 267.261688232, 267.714447021, 268.167236328, 268.608428955, 269.049621582, 269.502410889, 269.955200195, 270.396362305, 270.837554932, 271.278717041, 271.743133545, 272.184295654, 272.637084961, 273.089874268, 273.531066895, 273.972229004, 274.425018311, 274.877807617, 275.319000244, 275.771789551, 276.224578857, 276.665740967, 277.106933594, 277.548126221, 278.000915527, 278.453704834, 278.906494141, 279.359283447, 279.800445557, 280.241638184, 280.69442749, 281.147216797, 281.588378906, 282.029571533, 282.48236084, 282.935150146, 283.376312256, 283.829101562, 284.281890869, 284.723083496, 285.164245605, 285.617034912, 286.069824219, 286.522613525, 286.975402832, 287.416595459, 287.857757568, 288.310546875, 288.763336182, 289.216125488, 289.668914795, 290.121704102, 290.574493408, 291.038909912, 291.480072021, 291.921264648, 292.362457275, 292.815246582, 293.268035889, 293.720825195, 294.173614502, 294.626403809, 295.090789795, 295.555175781],
    "bpm_histogram": [0, 0, 0, 0, 0, 0, 0, 0, 0, 0, 0, 0, 0, 0, 0, 0, 0, 0, 0, 0, 0, 0, 0, 0, 0, 0, 0, 0, 0, 0, 0, 0, 0, 0, 0, 0, 0, 0, 0, 0, 0, 0, 0, 0, 0, 0, 0, 0, 0, 0, 0, 0, 0, 0, 0, 0, 0, 0, 0, 0, 0, 0, 0, 0, 0, 0, 0, 0, 0, 0, 0, 0, 0, 0, 0, 0, 0, 0, 0, 0, 0, 0, 0, 0, 0, 0, 0, 0, 0, 0, 0, 0, 0, 0, 0, 0, 0, 0, 0, 0, 0, 0, 0, 0, 0, 0, 0, 0, 0, 0, 0, 0, 0, 0, 0, 0, 0, 0, 0, 0, 0, 0, 0, 0, 0, 0, 0.00151745066978, 0, 0, 0.0318664647639, 0, 0, 0, 0.528072834015, 0, 0, 0.418816387653, 0, 0, 0, 0.0197268594056, 0, 0, 0, 0, 0, 0, 0, 0, 0, 0, 0, 0, 0, 0, 0, 0, 0, 0, 0, 0, 0, 0, 0, 0, 0, 0, 0, 0, 0, 0, 0, 0, 0, 0, 0, 0, 0, 0, 0, 0, 0, 0, 0, 0, 0, 0, 0, 0, 0, 0, 0, 0, 0, 0, 0, 0, 0, 0, 0, 0, 0, 0, 0, 0, 0, 0, 0, 0, 0, 0, 0, 0, 0, 0, 0, 0, 0, 0, 0, 0, 0, 0, 0, 0, 0, 0, 0, 0, 0, 0, 0, 0, 0, 0, 0, 0, 0, 0, 0, 0, 0, 0, 0, 0, 0, 0, 0, 0, 0]
},
"tonal": {
    "chords_changes_rate": 0.0529946684837,
    "chords_number_rate": 0.00203825649805,
    "chords_strength": {
        "mean": 0.544045388699,
        "stdev": 0.0948602706194
    },
    "hpcp_crest": {
        "mean": 13.8187971115,
        "stdev": 6.67163276672
    },
    "hpcp_entropy": {
        "mean": 1.97065448761,
        "stdev": 0.699769616127
    },
    "key_edma": {
        "strength": 0.681722283363,
        "key": "A#",
        "scale": "major"
    },
    "key_krumhansl": {
        "strength": 0.679144263268,
        "key": "A#",
        "scale": "major"
    },
    "key_temperley": {
        "strength": 0.685301542282,
        "key": "F",
        "scale": "major"
    },
    "tuning_diatonic_strength": 0.518859088421,
    "tuning_equal_tempered_deviation": 0.243037462234,
    "tuning_frequency": 434.193115234,
    "tuning_nontempered_energy_ratio": 0.95904225111,
    "hpcp": {
        "mean": [0.154738247395, 0.174678832293, 0.0949110910296, 0.13782338798, 0.178132236004, 0.110366694629, 0.0862644389272, 0.0961097478867, 0.0929303690791, 0.1873999089, 0.2164311409, 0.109215684235, 0.0657598674297, 0.065541267395, 0.0731206610799, 0.180093213916, 0.236171916127, 0.141836151481, 0.111614488065, 0.112743481994, 0.0752906948328, 0.0860820487142, 0.100934252143, 0.113195188344, 0.211312130094, 0.22540140152, 0.125177070498, 0.104060322046, 0.102462932467, 0.0954890996218, 0.180374473333, 0.2013425529, 0.115676797926, 0.0748878866434, 0.0604126527905, 0.0654482021928],
