{
"metadata": {
    "version": {
        "essentia": "2.1-dev",
        "essentia_git_sha": "v2.1_beta3-415-gd5473f3",
        "extractor": "music 2.0"
    },
    "audio_properties": {
        "analysis": {
            "equal_loudness": 0,
            "length": 190.275924683,
            "sample_rate": 44100,
            "start_time": 0,
            "downmix": "mix"
        },
        "bit_rate": 192000,
        "length": 190.275924683,
        "lossless": 0,
        "number_channels": 2,
        "replay_gain": -9.22881507874,
        "sample_rate": 44100,
        "codec": "mp3",
        "md5_encoded": "1a5cbccf05fe19b2f245bee8a3b71468"
    },
    "tags": {
        "file_name": "miami_sound_macihne-im_the_only_one.mp3"
    }
},
"lowlevel": {
    "average_loudness": 0.848954617977,
    "barkbands_crest": {
        "mean": 11.5291919708,
        "stdev": 5.64240407944
    },
    "barkbands_flatness_db": {
        "mean": 0.152275472879,
        "stdev": 0.0704836919904
    },
    "barkbands_kurtosis": {
        "mean": 13.0254173279,
        "stdev": 80.0250167847
    },
    "barkbands_skewness": {
        "mean": 1.68848586082,
        "stdev": 2.80503463745
    },
    "barkbands_spread": {
        "mean": 31.902256012,
        "stdev": 18.861907959
    },
    "dissonance": {
        "mean": 0.472465366125,
        "stdev": 0.0275401789695
    },
    "dynamic_complexity": 4.0214266777,
    "erbbands_crest": {
        "mean": 8.58872413635,
        "stdev": 4.42715835571
    },
    "erbbands_flatness_db": {
        "mean": 0.142646819353,
        "stdev": 0.0535648912191
    },
    "erbbands_kurtosis": {
        "mean": 0.856336772442,
        "stdev": 3.78502583504
    },
    "erbbands_skewness": {
        "mean": -0.093285292387,
        "stdev": 1.02700793743
    },
    "erbbands_spread": {
        "mean": 47.243637085,
        "stdev": 25.8668899536
    },
    "hfc": {
        "mean": 25.0568675995,
        "stdev": 28.4333114624
    },
    "loudness_ebu128": {
        "integrated": -13.9459819794,
        "loudness_range": 6.62255001068,
        "momentary": {
            "mean": -16.2196006775,
            "stdev": 12.579158783
        },
        "short_term": {
            "mean": -14.6725492477,
            "stdev": 2.74958205223
        }
    },
    "melbands_crest": {
        "mean": 16.7169532776,
        "stdev": 7.57749414444
    },
    "melbands_flatness_db": {
        "mean": 0.186769261956,
        "stdev": 0.0991798490286
    },
    "melbands_kurtosis": {
        "mean": 35.360004425,
        "stdev": 107.493179321
    },
    "melbands_skewness": {
        "mean": 3.44950175285,
        "stdev": 3.45948672295
    },
    "melbands_spread": {
        "mean": 37.3719444275,
        "stdev": 35.4081459045
    },
    "pitch_salience": {
        "mean": 0.498134046793,
        "stdev": 0.168801516294
    },
    "silence_rate_20dB": {
        "mean": 1,
        "stdev": 0
    },
    "silence_rate_30dB": {
        "mean": 0.972791612148,
        "stdev": 0.162699654698
    },
    "silence_rate_60dB": {
        "mean": 0.137872129679,
        "stdev": 0.344749301672
    },
    "spectral_centroid": {
        "mean": 2041.37573242,
        "stdev": 1040.8326416
    },
    "spectral_complexity": {
        "mean": 16.904586792,
        "stdev": 12.8930664062
    },
    "spectral_decrease": {
        "mean": -6.59240706469e-09,
        "stdev": 7.69759012087e-09
    },
    "spectral_energy": {
        "mean": 0.0271539725363,
        "stdev": 0.0301220472902
    },
    "spectral_energyband_high": {
        "mean": 0.00174371572211,
        "stdev": 0.00267808348872
    },
    "spectral_energyband_low": {
        "mean": 0.0157983154058,
        "stdev": 0.0258501712233
    },
    "spectral_energyband_middle_high": {
        "mean": 0.00426449486986,
        "stdev": 0.00503252400085
    },
    "spectral_energyband_middle_low": {
        "mean": 0.00630762195215,
        "stdev": 0.00966995675117
    },
    "spectral_entropy": {
        "mean": 7.82393789291,
        "stdev": 0.49054697156
    },
    "spectral_flux": {
        "mean": 0.0966969877481,
        "stdev": 0.0657850652933
    },
    "spectral_kurtosis": {
        "mean": 3.28985357285,
        "stdev": 3.28107309341
    },
    "spectral_rms": {
        "mean": 0.00440541887656,
        "stdev": 0.00266157835722
    },
    "spectral_rolloff": {
        "mean": 2657.52636719,
        "stdev": 2877.79296875
    },
    "spectral_skewness": {
        "mean": 1.29799473286,
        "stdev": 0.450445532799
    },
    "spectral_spread": {
        "mean": 5886410,
        "stdev": 2917442
    },
    "spectral_strongpeak": {
        "mean": 0.689813494682,
        "stdev": 0.983377754688
    },
    "zerocrossingrate": {
        "mean": 0.0992217734456,
        "stdev": 0.0701453983784
    },
    "barkbands": {
        "mean": [0.000640490034129, 0.0108143752441, 0.00344010209665, 0.00162605557125, 0.0021201914642, 0.000786442775279, 0.000461730873212, 0.000650296395179, 0.000571985903662, 0.000566943141166, 0.000239753862843, 0.000388543499867, 0.000359799567377, 0.000343944557244, 0.000333222240442, 0.000462891446659, 0.000369883957319, 0.000472014158731, 0.000502866751049, 0.000518027169164, 0.000266817223746, 0.00022361104493, 0.000280666281469, 0.000254311686149, 0.000301258289255, 0.000157746806508, 9.79651915145e-10],
        "stdev": [0.00118141376879, 0.0197355058044, 0.00889706797898, 0.00535311270505, 0.00459029898047, 0.00140519894194, 0.000945036241319, 0.00137216609437, 0.00164145336021, 0.00149387551937, 0.000855299178511, 0.00095523375785, 0.0010167186847, 0.000882541353349, 0.000717494462151, 0.000939448655117, 0.000807777047157, 0.000799343455583, 0.00079374818597, 0.000878865364939, 0.000435939873569, 0.000470540922834, 0.000574015197344, 0.000530175107997, 0.000573407218326, 0.00029852881562, 1.72952807631e-09]
    },
    "erbbands": {
        "mean": [0.354640841484, 2.20962047577, 4.17560577393, 5.13867330551, 5.6992149353, 6.74512004852, 8.27330589294, 6.36232471466, 6.85230731964, 8.51851654053, 13.9529743195, 11.6335372925, 16.4807929993, 16.283613205, 13.937661171, 14.0254478455, 16.7513580322, 15.1358032227, 21.6411685944, 17.1231994629, 26.2478637695, 21.9151630402, 24.3261375427, 25.9729614258, 25.5174427032, 25.0645580292, 13.9449443817, 9.8253288269, 7.64398241043, 8.46140193939, 7.33849620819, 5.89403343201, 4.01529169083, 3.03912973404, 2.33838868141, 0.85645699501, 0.301035225391, 0.0212600454688, 0.00043330702465, 5.75867161388e-05],
        "stdev": [0.635865390301, 4.3110871315, 9.46083927155, 14.5185222626, 16.9614143372, 14.6350250244, 15.6094856262, 13.1303901672, 13.0279664993, 16.3702507019, 28.9911212921, 33.914478302, 39.4413452148, 42.7032852173, 36.6796302795, 31.8229904175, 45.7212905884, 32.5233421326, 50.7761116028, 30.0827713013, 52.64610672, 47.5944595337, 40.1594085693, 40.0217666626, 41.5706634521, 45.2797393799, 20.3902339935, 18.670955658, 15.7300291061, 17.3562374115, 15.0093507767, 12.2840232849, 8.44537162781, 6.13851070404, 4.68460178375, 1.54764401913, 0.5910577178, 0.0425939485431, 0.000811695179436, 6.44745814498e-05]
    },
    "gfcc": {
        "mean": [-37.5219535828, 50.4275856018, -109.822250366, 44.6022262573, -54.1158714294, 18.9953231812, -39.7012786865, 20.244052887, -26.7927722931, 10.2948694229, -13.064538002, 2.9584209919, -7.38143920898],
        "cov": [[29902.984375, 403.37512207, -679.453918457, 538.932434082, -936.48638916, 373.377624512, -757.864685059, 664.98828125, -832.510864258, 299.288238525, -612.40826416, 73.1380691528, -473.607635498], [403.37512207, 1793.89355469, -242.579864502, 266.789245605, 276.510559082, -41.5924987793, 281.361907959, -38.6048965454, 145.843460083, -106.882339478, 193.212615967, -195.915039062, 170.429122925], [-679.453918457, -242.579864502, 1890.71850586, 222.646697998, 117.438842773, 346.641021729, -43.8959350586, 141.49710083, -62.1473999023, 43.0728797913, -133.152801514, 69.5640487671, -136.359191895], [538.932434082, 266.789245605, 222.646697998, 718.236755371, 262.088226318, 130.841384888, 171.457122803, 76.7014770508, 161.859619141, -23.6386699677, 72.4232025146, -31.4363574982, 71.862411499], [-936.48638916, 276.510559082, 117.438842773, 262.088226318, 520.754516602, 104.401817322, 201.357269287, 27.8620281219, 106.923965454, -6.83224248886, 38.7276229858, -12.1304922104, 20.8716716766], [373.377624512, -41.5924987793, 346.641021729, 130.841384888, 104.401817322, 405.110565186, 169.171585083, 107.081504822, 30.3664913177, 65.1010742188, 44.0613441467, -6.11422252655, 8.55015468597], [-757.864685059, 281.361907959, -43.8959350586, 171.457122803, 201.357269287, 169.171585083, 387.292663574, 58.7785606384, 127.630935669, 16.9691104889, 102.241340637, -33.4483718872, 63.7593383789], [664.98828125, -38.6048965454, 141.49710083, 76.7014770508, 27.8620281219, 107.081504822, 58.7785606384, 234.453948975, 62.7663345337, 54.9363861084, 25.9647388458, 26.5504283905, 16.6501407623], [-832.510864258, 145.843460083, -62.1473999023, 161.859619141, 106.923965454, 30.3664913177, 127.630935669, 62.7663345337, 222.60369873, 18.4098148346, 81.187538147, -15.3848657608, 61.54429245], [299.288238525, -106.882339478, 43.0728797913, -23.6386699677, -6.83224248886, 65.1010742188, 16.9691104889, 54.9363861084, 18.4098148346, 140.209991455, 37.4818000793, 32.0957756042, -16.3717308044], [-612.40826416, 193.212615967, -133.152801514, 72.4232025146, 38.7276229858, 44.0613441467, 102.241340637, 25.9647388458, 81.187538147, 37.4818000793, 203.525695801, -0.733309090137, 95.6662597656], [73.1380691528, -195.915039062, 69.5640487671, -31.4363574982, -12.1304922104, -6.11422252655, -33.4483718872, 26.5504283905, -15.3848657608, 32.0957756042, -0.733309090137, 129.615158081, 5.3759727478], [-473.607635498, 170.429122925, -136.359191895, 71.862411499, 20.8716716766, 8.55015468597, 63.7593383789, 16.6501407623, 61.54429245, -16.3717308044, 95.6662597656, 5.3759727478, 166.098709106]],
        "icov": [[0.000101747347799, -0.000195053420612, 0.000204047915759, -0.000313287746394, 0.000234658640693, -0.000291242322419, 0.000247349322308, -0.000391070614569, 0.000462503259769, -0.000284351845039, 0.000407215731684, -0.000270315271337, 0.000297884078464], [-0.000195053420612, 0.00132428482175, -0.000475133885629, 0.000557883817237, -0.00077868293738, 0.00103701825719, -0.000887915375642, 0.000729961553589, -0.000718563678674, 0.000891903298907, -0.00142098334618, 0.00183173653204, -0.00112097349484], [0.000204047915759, -0.000475133885629, 0.00122543354519, -0.000886926427484, 0.000391584209865, -0.00139184505679, 0.000910891685635, -0.00100668228697, 0.0010272989748, -0.000445993297035, 0.00120899069589, -0.00110222271178, 0.00114752224181], [-0.000313287746394, 0.000557883817237, -0.000886926427484, 0.00308922911063, -0.00139808433596, 0.000669634493534, -0.000763932766858, 0.00098455848638, -0.0024383678101, 0.00150173122529, -0.00143675936852, 0.00113388535101, -0.00135231774766], [0.000234658640693, -0.00077868293738, 0.000391584209865, -0.00139808433596, 0.00346569158137, -0.000871514726896, -0.000477791880257, -0.000548834970687, 0.000502735609189, -0.000547223142348, 0.00133065192495, -0.00143675657455, 0.0012821102282], [-0.000291242322419, 0.00103701825719, -0.00139184505679, 0.000669634493534, -0.000871514726896, 0.00553091848269, -0.00276816869155, 0.000110448418127, -0.000157245158334, -0.000556127051823, -0.00179212947842, 0.00225419853814, -0.00148783286568], [0.000247349322308, -0.000887915375642, 0.000910891685635, -0.000763932766858, -0.000477791880257, -0.00276816869155, 0.0056443316862, -0.00106985797174, -0.000340313446941, -0.000415588612668, 0.000292024982627, -0.000623369181994, 0.000774897227529], [-0.000391070614569, 0.000729961553589, -0.00100668228697, 0.00098455848638, -0.000548834970687, 0.000110448418127, -0.00106985797174, 0.00725440774113, -0.0032534992788, -0.000416591850808, -0.00106088409666, 7.20505486242e-05, -0.00159657560289], [0.000462503259769, -0.000718563678674, 0.0010272989748, -0.0024383678101, 0.000502735609189, -0.000157245158334, -0.000340313446941, -0.0032534992788, 0.00951139908284, -0.00218387506902, 0.000620166596491, -0.000209358215216, 0.000266162242042], [-0.000284351845039, 0.000891903298907, -0.000445993297035, 0.00150173122529, -0.000547223142348, -0.000556127051823, -0.000415588612668, -0.000416591850808, -0.00218387506902, 0.0111010391265, -0.00408925116062, -0.00109520019032, 0.00185094145127], [0.000407215731684, -0.00142098334618, 0.00120899069589, -0.00143675936852, 0.00133065192495, -0.00179212947842, 0.000292024982627, -0.00106088409666, 0.000620166596491, -0.00408925116062, 0.0106008052826, -0.00179124425631, -0.00252793985419], [-0.000270315271337, 0.00183173653204, -0.00110222271178, 0.00113388535101, -0.00143675657455, 0.00225419853814, -0.000623369181994, 7.20505486242e-05, -0.000209358215216, -0.00109520019032, -0.00179124425631, 0.0116650294513, -0.00312538002618], [0.000297884078464, -0.00112097349484, 0.00114752224181, -0.00135231774766, 0.0012821102282, -0.00148783286568, 0.000774897227529, -0.00159657560289, 0.000266162242042, 0.00185094145127, -0.00252793985419, -0.00312538002618, 0.0109662702307]]
    },
    "melbands": {
        "mean": [0.00306330597959, 0.00251658284105, 0.000916239398066, 0.000440598756541, 0.000302030908642, 0.000139945579576, 0.000104017424746, 0.00010847041267, 0.000103771148133, 7.84567309893e-05, 8.54193422128e-05, 7.05697530066e-05, 4.0632821765e-05, 4.60886185465e-05, 3.81740319426e-05, 3.23921995005e-05, 2.71110784524e-05, 3.64878542314e-05, 2.23061178986e-05, 2.66075549007e-05, 3.07069858536e-05, 2.25983130804e-05, 1.94361236936e-05, 2.42316982622e-05, 2.04136831599e-05, 1.98322086362e-05, 1.75292261702e-05, 1.64422144735e-05, 9.49008062889e-06, 6.24959420747e-06, 5.63034245715e-06, 4.50375728178e-06, 3.90515060644e-06, 5.07763934365e-06, 4.1879516175e-06, 4.06102299166e-06, 3.43684632753e-06, 2.78244215224e-06, 2.60697970589e-06, 2.52407789958e-06],
        "stdev": [0.00547103444114, 0.00489708129317, 0.00247601955198, 0.00113051908556, 0.000549150747247, 0.000275636732113, 0.000197938483325, 0.000209463134524, 0.000222053786274, 0.000230349964113, 0.000206802782486, 0.000194390173419, 0.000127866427647, 0.000118170151836, 0.000117666284495, 8.77056445461e-05, 6.32230658084e-05, 9.58559612627e-05, 4.46670601377e-05, 5.95399105805e-05, 6.44094034215e-05, 5.73524666834e-05, 3.82682592317e-05, 4.22914345108e-05, 3.32789604727e-05, 3.30336806655e-05, 3.18048369081e-05, 3.10805990011e-05, 1.46259853864e-05, 1.15686216304e-05, 1.23908293972e-05, 1.03076417872e-05, 8.11583049654e-06, 1.08015237856e-05, 8.85313875187e-06, 9.56767144089e-06, 7.4474523899e-06, 5.97419921178e-06, 5.51403718418e-06, 5.34809760211e-06]
    },
    "melbands128": {
        "mean": [0.000589799310546, 0.00289440364577, 0.00402602739632, 0.00357252731919, 0.00240719248541, 0.00159683043603, 0.00107693206519, 0.000731519889086, 0.000563822104596, 0.000452658219729, 0.00033188474481, 0.00039508836926, 0.000317901402013, 0.000151350002852, 0.000141364085721, 0.000140832591569, 9.11025344976e-05, 0.000116282470117, 8.656137652e-05, 7.29830280761e-05, 0.00012513450929, 0.000173087973963, 8.74730976648e-05, 5.11722682859e-05, 6.09039125266e-05, 9.10051530809e-05, 0.000115629467473, 5.37286650797e-05, 9.60718243732e-05, 0.000104903308966, 4.71674902656e-05, 3.18377751682e-05, 3.87971049349e-05, 4.1044120735e-05, 7.16977010597e-05, 3.85971979995e-05, 2.385389962e-05, 3.67924985767e-05, 5.29057251697e-05, 3.4448938095e-05, 2.31225803873e-05, 3.55659576599e-05, 2.41796096816e-05, 2.06210788747e-05, 4.18829331466e-05, 3.85565326724e-05, 3.5314627894e-05, 2.05531505344e-05, 1.61696498253e-05, 2.35143434111e-05, 2.77228118648e-05, 2.68370349659e-05, 4.23211531597e-05, 2.49447894021e-05, 2.1039191779e-05, 2.58257059613e-05, 2.00071262952e-05, 1.93865362235e-05, 1.85637654795e-05, 2.10744874494e-05, 2.58352356468e-05, 2.73595069302e-05, 1.78811205842e-05, 1.92857023649e-05, 2.26103529712e-05, 2.00721715373e-05, 1.81260511454e-05, 1.72110212588e-05, 1.60551353474e-05, 2.05129035749e-05, 1.70347429957e-05, 1.52287748278e-05, 1.11786275738e-05, 8.70845451573e-06, 6.81724714013e-06, 6.53145980323e-06, 6.15207363808e-06, 4.94830374009e-06, 5.61371234653e-06, 6.26980954621e-06, 5.12026099386e-06, 3.47463674188e-06, 3.52750384991e-06, 3.95311690227e-06, 4.00729140893e-06, 5.40596056453e-06, 5.46101728105e-06, 4.40556004833e-06, 4.34184084952e-06, 3.47001878254e-06, 4.70495888294e-06, 3.90450713894e-06, 3.64726406588e-06, 3.53389782504e-06, 3.4255956507e-06, 2.671805305e-06, 2.68537678494e-06, 2.79796699942e-06, 2.57276997218e-06, 2.56412658928e-06, 2.52656991506e-06, 2.84112934423e-06, 2.07138782571e-06, 2.05748801818e-06, 3.34252649736e-06, 3.13632403959e-06, 2.08775418287e-06, 1.39427152135e-06, 1.35853520078e-06, 1.27880321088e-06, 1.1013553376e-06, 1.07916901015e-06, 1.08616268335e-06, 8.74685724739e-07, 4.65638663627e-07, 9.40184463616e-08, 1.87585936368e-11, 4.5364827346e-12, 4.30225950351e-12, 4.11838575395e-12, 3.98315712011e-12, 3.87203203528e-12, 3.77029917703e-12, 3.69028635774e-12, 3.62622779027e-12, 3.58125421679e-12, 3.54707040649e-12, 3.5193551632e-12],
        "stdev": [0.00109629612416, 0.00534845888615, 0.0078284163028, 0.00746372248977, 0.00549674639478, 0.00429827254266, 0.00328039005399, 0.00250390917063, 0.00186847406439, 0.00144823919982, 0.00088157330174, 0.000836218358018, 0.000688709144015, 0.000368638080545, 0.000355279509677, 0.000395236507757, 0.000228222852456, 0.000281172950054, 0.000231672020163, 0.000206930213608, 0.000332049210556, 0.000403803307563, 0.00025491300039, 0.000248099735472, 0.000312109710649, 0.000289623159915, 0.000452680978924, 0.000170454659383, 0.000337238190696, 0.000355945667252, 0.000167797712493, 0.000155977730174, 0.000193286221474, 0.000150643187226, 0.000230917983572, 0.000123514328152, 9.16804710869e-05, 0.00016637686349, 0.000200321679586, 0.000127772073029, 0.000118901763926, 0.000115754555736, 7.60861730669e-05, 7.50641193008e-05, 0.000174104017788, 0.000128565865452, 0.000103892634797, 6.69388537062e-05, 4.53965549241e-05, 6.06586290814e-05, 9.1980335128e-05, 9.22785402508e-05, 0.000118789750559, 6.79789154674e-05, 5.80887681281e-05, 0.000102497237094, 5.80440719204e-05, 5.81383537792e-05, 4.68668840767e-05, 4.80633898405e-05, 5.75953818043e-05, 6.50249785394e-05, 4.22787925345e-05, 4.36607551819e-05, 4.19890493504e-05, 4.63091346319e-05, 4.05723039876e-05, 4.93827101309e-05, 3.64429688489e-05, 5.72594290134e-05, 4.46633312094e-05, 3.76188509108e-05, 2.51408964687e-05, 1.47245182234e-05, 1.40124511745e-05, 1.44907698996e-05, 1.23198005895e-05, 9.64571700024e-06, 1.39191788548e-05, 1.7228503566e-05, 1.51996919158e-05, 6.75688261254e-06, 7.43654891266e-06, 9.1172505563e-06, 1.00280858533e-05, 1.27600651467e-05, 1.24807629618e-05, 1.21741459225e-05, 9.84754024103e-06, 7.36769334253e-06, 1.45270487337e-05, 9.45073770708e-06, 8.18918306322e-06, 8.04366663942e-06, 8.66318441695e-06, 5.94383436692e-06, 6.13175461694e-06, 6.54052291793e-06, 5.89908995607e-06, 5.45251987205e-06, 5.57640851184e-06, 7.02851275491e-06, 4.78166521134e-06, 4.58977956441e-06, 8.58412204252e-06, 7.95596224634e-06, 5.00139867654e-06, 2.68269241133e-06, 2.74708008874e-06, 2.59965236182e-06, 2.27998066293e-06, 2.34887352235e-06, 2.32620368479e-06, 1.82344501809e-06, 1.00469719655e-06, 2.72165266324e-07, 5.91429960561e-11, 8.1722467335e-12, 7.84029612066e-12, 7.56852393258e-12, 7.3483302776e-12, 7.15998354356e-12, 6.99663764425e-12, 6.86314763701e-12, 6.75067640676e-12, 6.66461287199e-12, 6.60268888175e-12, 6.56182877132e-12]
    },
    "mfcc": {
        "mean": [-670.840698242, 78.5213241577, 4.07733392715, 27.5039787292, 11.0756034851, 1.61818647385, 6.49252891541, 2.62440681458, 0.160265356302, 7.04261302948, -0.789651036263, -0.361007153988, 2.6563577652],
        "cov": [[14839.1728516, 816.274108887, -112.616775513, 480.509185791, -64.9501419067, 5.032289505, 143.385177612, 175.348175049, 91.6015701294, 237.352386475, 97.0529251099, 78.271194458, 50.143989563], [816.274108887, 1394.72766113, 10.1678152084, 196.791107178, 104.023590088, 55.2435264587, 172.575698853, 28.722826004, 43.7683296204, 90.4403381348, 24.9091491699, 6.95566129684, 27.5969791412], [-112.616775513, 10.1678152084, 1308.60559082, 105.947883606, 203.549087524, 162.968292236, 77.6193466187, 116.08115387, 32.4509849548, 36.6826782227, 6.63467359543, 13.6380491257, -8.43857479095], [480.509185791, 196.791107178, 105.947883606, 585.608032227, 219.997238159, 128.755966187, 72.1533050537, 125.758865356, 111.026000977, 30.2103481293, 60.3194313049, 54.8702354431, 21.4922809601], [-64.9501419067, 104.023590088, 203.549087524, 219.997238159, 360.721588135, 105.890968323, 66.6528167725, 92.0412521362, 64.0076675415, 32.956577301, 23.4590377808, 24.9780006409, 8.64153671265], [5.032289505, 55.2435264587, 162.968292236, 128.755966187, 105.890968323, 324.746459961, 157.25328064, 90.13722229, 75.4589538574, 57.0084266663, 60.544303894, 22.0992984772, 24.0343379974], [143.385177612, 172.575698853, 77.6193466187, 72.1533050537, 66.6528167725, 157.25328064, 281.319976807, 96.3125, 62.2579269409, 92.0959014893, 37.0109558105, 31.0001468658, 46.5175590515], [175.348175049, 28.722826004, 116.08115387, 125.758865356, 92.0412521362, 90.13722229, 96.3125, 191.569656372, 103.215759277, 47.4372291565, 46.2703590393, 30.4717140198, 29.7262134552], [91.6015701294, 43.7683296204, 32.4509849548, 111.026000977, 64.0076675415, 75.4589538574, 62.2579269409, 103.215759277, 163.226364136, 65.9385070801, 40.4916877747, 25.8622703552, 21.7592887878], [237.352386475, 90.4403381348, 36.6826782227, 30.2103481293, 32.956577301, 57.0084266663, 92.0959014893, 47.4372291565, 65.9385070801, 158.846420288, 53.0561752319, 29.828710556, 34.2651901245], [97.0529251099, 24.9091491699, 6.63467359543, 60.3194313049, 23.4590377808, 60.544303894, 37.0109558105, 46.2703590393, 40.4916877747, 53.0561752319, 126.758346558, 54.2654075623, 16.7914123535], [78.271194458, 6.95566129684, 13.6380491257, 54.8702354431, 24.9780006409, 22.0992984772, 31.0001468658, 30.4717140198, 25.8622703552, 29.828710556, 54.2654075623, 108.551765442, 45.4775505066], [50.143989563, 27.5969791412, -8.43857479095, 21.4922809601, 8.64153671265, 24.0343379974, 46.5175590515, 29.7262134552, 21.7592887878, 34.2651901245, 16.7914123535, 45.4775505066, 102.409423828]],
        "icov": [[7.44662465877e-05, -3.52277529601e-05, 6.89083617544e-06, -7.59510803618e-05, 7.66010489315e-05, 2.11484893953e-05, 2.23572533287e-05, -8.82371896296e-05, 7.0939255238e-05, -0.000127515988424, 2.39121309278e-05, -2.27237360377e-05, 2.73318673862e-05], [-3.52277529601e-05, 0.000859653751832, 9.71624649537e-06, -0.000268620759016, -0.000140228396049, 0.000232187507208, -0.000608286005445, 0.00039026333252, -2.97746810247e-05, -0.000203472067369, -8.44152600621e-05, 0.000292053155135, -7.8317047155e-05], [6.89083617544e-06, 9.71624649537e-06, 0.000909784808755, 7.06130522303e-05, -0.000389914086554, -0.000400078366511, 0.000145661062561, -0.000561301596463, 0.000404247839469, -0.00024691913859, 0.000358352350304, -0.000204450727324, 0.000306474626996], [-7.59510803618e-05, -0.000268620759016, 7.06130522303e-05, 0.00274508306757, -0.0012588982936, -0.0004621456319, 0.000291771895718, -0.000559884298127, -0.000941229518503, 0.00077564700041, -0.000354894960765, -0.000721504387911, 0.000103022983239], [7.66010489315e-05, -0.000140228396049, -0.000389914086554, -0.0012588982936, 0.00417342502624, -0.000502670067362, 9.12692194106e-05, -0.000888511363883, 7.87550088717e-05, -0.000434691144619, 0.000616681645624, -0.000374241237296, 0.000408398016589], [2.11484893953e-05, 0.000232187507208, -0.000400078366511, -0.0004621456319, -0.000502670067362, 0.00519725959748, -0.00261802575551, 0.00032172864303, -0.0009876730619, 0.00057833554456, -0.00193527049851, 0.00111874542199, -0.000253567704931], [2.23572533287e-05, -0.000608286005445, 0.000145661062561, 0.000291771895718, 9.12692194106e-05, -0.00261802575551, 0.00672920094803, -0.00234281574376, 0.000961214886047, -0.00254775490612, 0.0012431590585, -0.000655499927234, -0.000930626760237], [-8.82371896296e-05, 0.00039026333252, -0.000561301596463, -0.000559884298127, -0.000888511363883, 0.00032172864303, -0.00234281574376, 0.010311352089, -0.00500253355131, 0.00134441012051, -0.0018231018912, 0.000567332434002, -0.00126006035134], [7.0939255238e-05, -2.97746810247e-05, 0.000404247839469, -0.000941229518503, 7.87550088717e-05, -0.0009876730619, 0.000961214886047, -0.00500253355131, 0.0112148476765, -0.00351512129419, 0.000372262642486, -0.000341283972375, 0.000328530441038], [-0.000127515988424, -0.000203472067369, -0.00024691913859, 0.00077564700041, -0.000434691144619, 0.00057833554456, -0.00254775490612, 0.00134441012051, -0.00351512129419, 0.0103355506435, -0.00333739328198, 0.000487202312797, -0.00177832646295], [2.39121309278e-05, -8.44152600621e-05, 0.000358352350304, -0.000354894960765, 0.000616681645624, -0.00193527049851, 0.0012431590585, -0.0018231018912, 0.000372262642486, -0.00333739328198, 0.0126477908343, -0.00581188080832, 0.00202640704811], [-2.27237360377e-05, 0.000292053155135, -0.000204450727324, -0.000721504387911, -0.000374241237296, 0.00111874542199, -0.000655499927234, 0.000567332434002, -0.000341283972375, 0.000487202312797, -0.00581188080832, 0.0147317638621, -0.00571049330756], [2.73318673862e-05, -7.8317047155e-05, 0.000306474626996, 0.000103022983239, 0.000408398016589, -0.000253567704931, -0.000930626760237, -0.00126006035134, 0.000328530441038, -0.00177832646295, 0.00202640704811, -0.00571049330756, 0.0133184455335]]
    },
    "spectral_contrast_coeffs": {
        "mean": [-0.720576584339, -0.762529194355, -0.766055047512, -0.786386311054, -0.785278975964, -0.784904956818],
        "stdev": [0.0957728624344, 0.0834437012672, 0.0836329013109, 0.0596563890576, 0.0519481338561, 0.0582031495869]
    },
    "spectral_contrast_valleys": {
        "mean": [-7.4828877449, -7.70104646683, -8.23556900024, -8.11854553223, -7.70266437531, -10.0838766098],
        "stdev": [2.03295588493, 1.90767502785, 1.85796940327, 1.86307299137, 1.91596579552, 1.99143302441]
    }
},
"rhythm": {
    "beats_count": 315,
    "beats_loudness": {
        "mean": 0.0349205285311,
        "stdev": 0.0381898060441
    },
    "bpm": 99.9831619263,
    "bpm_histogram_first_peak_bpm": 99,
    "bpm_histogram_first_peak_weight": 0.325657904148,
    "bpm_histogram_second_peak_bpm": 86,
    "bpm_histogram_second_peak_spread": 0.166666686535,
    "bpm_histogram_second_peak_weight": 0.0159235671163,
    "danceability": 1.24553191662,
    "onset_rate": 5.19739818573,
    "beats_loudness_band_ratio": {
        "mean": [0.322103232145, 0.119669295847, 0.0985883995891, 0.0924854129553, 0.147144436836, 0.23619300127],
        "stdev": [0.330320566893, 0.161316394806, 0.117085829377, 0.111892148852, 0.164616450667, 0.21580542624]
    },
    "beats_position": [0.626938760281, 1.27709746361, 1.92725622654, 2.53097510338, 3.14630389214, 3.73841261864, 4.34213161469, 4.94585037231, 5.54956912994, 6.15328788757, 6.74539661407, 7.33750534058, 7.94122457504, 8.52172279358, 9.11383247375, 9.65950107574, 10.2167797089, 10.8088884354, 11.4009971619, 12.0047159195, 12.6084346771, 13.2121543884, 13.8158731461, 14.4195919037, 15.0233106613, 15.6154193878, 16.2075271606, 16.8112468719, 17.4149665833, 18.0070743561, 18.5991840363, 19.2029018402, 19.8066215515, 20.4103393555, 21.0140590668, 21.6177768707, 22.221496582, 22.8136043549, 23.405714035, 24.009431839, 24.6131515503, 25.2052612305, 25.7973690033, 26.4010887146, 27.0048065186, 27.6085262299, 28.2122440338, 28.8159637451, 29.4196815491, 30.0117912292, 30.6038990021, 31.2076187134, 31.8113365173, 32.4034461975, 32.9955558777, 33.5992736816, 34.2029914856, 34.7951011658, 35.3988189697, 36.0141487122, 36.6178665161, 37.2099761963, 37.8020858765, 38.4058036804, 39.0095214844, 39.613243103, 40.216960907, 40.8206787109, 41.4243965149, 42.0165061951, 42.6086158752, 43.2123336792, 43.8160552979, 44.4197731018, 45.011882782, 45.6156005859, 46.2077102661, 46.8114280701, 47.415145874, 48.018863678, 48.6225852966, 49.2146911621, 49.8068008423, 50.4105224609, 51.0142402649, 51.6179580688, 52.210067749, 52.813785553, 53.4058952332, 54.0096130371, 54.6133308411, 55.2170524597, 55.8207702637, 56.4128799438, 57.0049858093, 57.608707428, 58.2008171082, 58.7929229736, 59.3850326538, 60.0003623962, 60.6040802002, 61.1961898804, 61.7999076843, 62.4152374268, 63.0189552307, 63.6110649109, 64.2147827148, 64.806892395, 65.4106140137, 66.0143280029, 66.6180496216, 67.2217712402, 67.8254852295, 68.4175949097, 69.0097045898, 69.6134262085, 70.2171401978, 70.8092498779, 71.4013595581, 72.0050811768, 72.608795166, 73.2125167847, 73.8162307739, 74.4199523926, 75.0236740112, 75.6157836914, 76.2078933716, 76.8116073608, 77.4153289795, 78.0074386597, 78.5995483398, 79.2032623291, 79.8069839478, 80.3990936279, 81.0028076172, 81.6065292358, 82.2102508545, 82.8023605347, 83.4060745239, 84.0097961426, 84.6135101318, 85.2172317505, 85.8209533691, 86.4130630493, 87.0051651001, 87.6088867188, 88.2126083374, 88.8163223267, 89.4200439453, 90.0121536255, 90.6042633057, 91.2079772949, 91.8116989136, 92.4154205322, 93.0191345215, 93.6228561401, 94.2149658203, 94.8070755005, 95.4107894897, 96.0145111084, 96.6182327271, 97.2103347778, 97.802444458, 98.4061660767, 99.0098876953, 99.6136016846, 100.217323303, 100.821044922, 101.413146973, 102.005256653, 102.608978271, 103.21269989, 103.816413879, 104.420135498, 105.023849487, 105.627571106, 106.208068848, 106.800178528, 107.392288208, 107.996009827, 108.599723816, 109.203445435, 109.807167053, 110.410881042, 111.014602661, 111.61831665, 112.210426331, 112.814147949, 113.406257629, 114.009971619, 114.602081299, 115.194190979, 115.797912598, 116.401634216, 117.005348206, 117.609069824, 118.212783813, 118.816505432, 119.408615112, 120.000724792, 120.604438782, 121.2081604, 121.811882019, 122.415596008, 123.007705688, 123.611427307, 124.203536987, 124.807250977, 125.410972595, 126.014694214, 126.595191956, 127.198905945, 127.791015625, 128.383132935, 128.986846924, 129.578948975, 130.171066284, 130.774780273, 131.378494263, 131.982223511, 132.678817749, 133.375411987, 134.072021484, 134.768615723, 135.453598022, 136.161804199, 136.777145386, 137.380859375, 137.984573364, 138.588302612, 139.180404663, 139.784118652, 140.3878479, 140.979949951, 141.572067261, 142.17578125, 142.779495239, 143.383224487, 143.986938477, 144.602264404, 145.217590332, 145.82131958, 146.413421631, 147.005523682, 147.60925293, 148.212966919, 148.816680908, 149.420410156, 150.012512207, 150.604629517, 151.208343506, 151.812057495, 152.415786743, 153.007888794, 153.611602783, 154.203720093, 154.807434082, 155.411148071, 156.014877319, 156.618591309, 157.210693359, 157.802810669, 158.406524658, 159.010253906, 159.613967896, 160.217681885, 160.821395874, 161.413513184, 162.005615234, 162.609344482, 163.213058472, 163.816772461, 164.408889771, 165.000991821, 165.604721069, 166.208435059, 166.812149048, 167.415863037, 168.019592285, 168.611694336, 169.215423584, 169.807525635, 170.411239624, 171.014968872, 171.618682861, 172.210784912, 172.81451416, 173.406616211, 174.0103302, 174.614059448, 175.217773438, 175.821487427, 176.413604736, 177.005706787, 177.609436035, 178.213150024, 178.816864014, 179.420593262, 180.024307251, 180.616409302, 181.208526611, 181.812240601, 182.41595459, 183.019683838, 183.623397827, 184.215499878, 184.807617188, 185.411331177, 186.026657104, 186.641998291, 187.24571228, 187.84942627, 188.453155518, 189.056869507, 189.660583496],
    "bpm_histogram": [0, 0, 0, 0, 0, 0, 0, 0, 0, 0, 0, 0, 0, 0, 0, 0, 0, 0, 0, 0, 0, 0, 0, 0, 0, 0, 0, 0, 0, 0, 0, 0, 0, 0, 0, 0, 0, 0, 0, 0, 0, 0, 0, 0, 0, 0, 0, 0, 0, 0, 0, 0, 0, 0, 0, 0, 0, 0, 0, 0, 0, 0, 0, 0, 0, 0, 0, 0, 0, 0, 0, 0, 0, 0, 0, 0, 0, 0, 0, 0, 0, 0, 0, 0, 0, 0.00318471342325, 0.012738853693, 0, 0.00318471342325, 0, 0, 0, 0.0063694268465, 0, 0, 0, 0, 0, 0.0286624208093, 0.624203801155, 0, 0.305732488632, 0, 0.00955414026976, 0, 0, 0, 0, 0.00318471342325, 0, 0.00318471342325, 0, 0, 0, 0, 0, 0, 0, 0, 0, 0, 0, 0, 0, 0, 0, 0, 0, 0, 0, 0, 0, 0, 0, 0, 0, 0, 0, 0, 0, 0, 0, 0, 0, 0, 0, 0, 0, 0, 0, 0, 0, 0, 0, 0, 0, 0, 0, 0, 0, 0, 0, 0, 0, 0, 0, 0, 0, 0, 0, 0, 0, 0, 0, 0, 0, 0, 0, 0, 0, 0, 0, 0, 0, 0, 0, 0, 0, 0, 0, 0, 0, 0, 0, 0, 0, 0, 0, 0, 0, 0, 0, 0, 0, 0, 0, 0, 0, 0, 0, 0, 0, 0, 0, 0, 0, 0, 0, 0, 0, 0, 0, 0, 0, 0, 0, 0, 0, 0, 0, 0, 0, 0, 0, 0, 0, 0, 0, 0, 0, 0, 0, 0, 0, 0, 0, 0, 0, 0, 0]
},
"tonal": {
    "chords_changes_rate": 0.0831910222769,
    "chords_number_rate": 0.00195169553626,
    "chords_strength": {
        "mean": 0.525839030743,
        "stdev": 0.0958579182625
    },
    "hpcp_crest": {
        "mean": 12.9354572296,
        "stdev": 6.89351224899
    },
    "hpcp_entropy": {
        "mean": 2.13337087631,
        "stdev": 0.832929313183
    },
    "key_edma": {
        "strength": 0.782312631607,
        "key": "F#",
        "scale": "minor"
    },
    "key_krumhansl": {
        "strength": 0.787055671215,
        "key": "F#",
        "scale": "minor"
    },
    "key_temperley": {
        "strength": 0.79171359539,
        "key": "F#",
        "scale": "minor"
    },
    "tuning_diatonic_strength": 0.798437833786,
    "tuning_equal_tempered_deviation": 0.263540118933,
    "tuning_frequency": 434.193115234,
    "tuning_nontempered_energy_ratio": 0.911694645882,
    "hpcp": {
        "mean": [0.182549327612, 0.160209730268, 0.101649619639, 0.0793026089668, 0.0779483690858, 0.0842830464244, 0.106460683048, 0.115763492882, 0.110457986593, 0.10729072243, 0.103099100292, 0.12323936075, 0.187827214599, 0.208620294929, 0.157539740205, 0.156218215823, 0.160451814532, 0.114001497626, 0.0982134491205, 0.0959495976567, 0.0835678875446, 0.0950582623482, 0.103738807142, 0.0916926935315, 0.103102125227, 0.117138810456, 0.127392962575, 0.202383264899, 0.244608253241, 0.187554970384, 0.160548552871, 0.165021210909, 0.161743372679, 0.187611296773, 0.202071368694, 0.181631609797],
        "stdev": [0.27282461524, 0.255778640509, 0.189885243773, 0.170695856214, 0.175536826253, 0.184169307351, 0.217257648706, 0.219257622957, 0.215536877513, 0.217227607965, 0.201990798116, 0.222832649946, 0.269139707088, 0.286433309317, 0.236068531871, 0.261606514454, 0.273649603128, 0.212870702147, 0.198107615113, 0.191049352288, 0.16541813314, 0.18316026032, 0.194250658154, 0.181868895888, 0.200539335608, 0.221092224121, 0.221127226949, 0.278150439262, 0.311092197895, 0.261452913284, 0.264896094799, 0.280828177929, 0.265737652779, 0.276305437088, 0.282377839088, 0.262759298086]
    },
    "chords_histogram": [37.1310081482, 2.00048804283, 4.51329612732, 0.268358141184, 0.29275432229, 0.414735287428, 0, 3.02512812614, 0, 25.445230484, 1.70773363113, 0, 0.0975847765803, 0, 0, 0, 0.146377161145, 0.975847780704, 0.0487923882902, 0.512320101261, 0.317150533199, 0.73188585043, 10.4415712357, 11.9297389984],
    "thpcp": [1, 0.766756534576, 0.656349718571, 0.674634695053, 0.66123431921, 0.766986787319, 0.826102018356, 0.742540836334, 0.746292591095, 0.654964506626, 0.415560871363, 0.324202507734, 0.318666130304, 0.344563364983, 0.435229331255, 0.47326079011, 0.451570957899, 0.438622653484, 0.421486586332, 0.503823399544, 0.767869472504, 0.852875113487, 0.644049167633, 0.638646543026, 0.655954241753, 0.466057449579, 0.40151321888, 0.392258226871, 0.341639697552, 0.388614296913, 0.424101829529, 0.374855279922, 0.421498954296, 0.478883326054, 0.520804047585, 0.827377080917],
    "chords_key": "F#",
    "chords_scale": "minor"
}
}