{
"metadata": {
    "version": {
        "essentia": "2.1-dev",
        "essentia_git_sha": "v2.1_beta3-415-gd5473f3",
        "extractor": "music 2.0"
    },
    "audio_properties": {
        "analysis": {
            "equal_loudness": 0,
            "length": 183.954284668,
            "sample_rate": 44100,
            "start_time": 0,
            "downmix": "mix"
        },
        "bit_rate": 192000,
        "length": 183.954284668,
        "lossless": 0,
        "number_channels": 2,
        "replay_gain": -11.7037506104,
        "sample_rate": 44100,
        "codec": "mp3",
        "md5_encoded": "b8ccefbd6fe64d293153083cc7bd6b70"
    },
    "tags": {
        "file_name": "n_sync-just_don_t_tell_me_that.mp3",
        "album": ["Celebrity"],
        "artist": ["'N Sync"],
        "genre": ["Other"],
        "title": ["Just Don't Tell Me That"]
    }
},
"lowlevel": {
    "average_loudness": 0.936120033264,
    "barkbands_crest": {
        "mean": 9.43995475769,
        "stdev": 4.34908628464
    },
    "barkbands_flatness_db": {
        "mean": 0.117732211947,
        "stdev": 0.0560074001551
    },
    "barkbands_kurtosis": {
        "mean": 4.82141923904,
        "stdev": 18.30327034
    },
    "barkbands_skewness": {
        "mean": 1.29187166691,
        "stdev": 1.67493331432
    },
    "barkbands_spread": {
        "mean": 27.1923179626,
        "stdev": 14.5973978043
    },
    "dissonance": {
        "mean": 0.466258108616,
        "stdev": 0.0273894798011
    },
    "dynamic_complexity": 3.7441444397,
    "erbbands_crest": {
        "mean": 8.84208488464,
        "stdev": 3.95818424225
    },
    "erbbands_flatness_db": {
        "mean": 0.146317005157,
        "stdev": 0.0459705218673
    },
    "erbbands_kurtosis": {
        "mean": 0.804837703705,
        "stdev": 1.97344338894
    },
    "erbbands_skewness": {
        "mean": 0.0377286337316,
        "stdev": 0.728873431683
    },
    "erbbands_spread": {
        "mean": 34.3019523621,
        "stdev": 18.9024238586
    },
    "hfc": {
        "mean": 25.0336551666,
        "stdev": 22.1736621857
    },
    "loudness_ebu128": {
        "integrated": -11.8448133469,
        "loudness_range": 4.19524288177,
        "momentary": {
            "mean": -14.857635498,
            "stdev": 20.78474617
        },
        "short_term": {
            "mean": -12.682972908,
            "stdev": 4.68485307693
        }
    },
    "melbands_crest": {
        "mean": 15.4417161942,
        "stdev": 7.01872587204
    },
    "melbands_flatness_db": {
        "mean": 0.181017756462,
        "stdev": 0.0742734223604
    },
    "melbands_kurtosis": {
        "mean": 14.3550233841,
        "stdev": 39.9884490967
    },
    "melbands_skewness": {
        "mean": 2.35985183716,
        "stdev": 2.23911166191
    },
    "melbands_spread": {
        "mean": 31.8160362244,
        "stdev": 22.5658493042
    },
    "pitch_salience": {
        "mean": 0.533720076084,
        "stdev": 0.135006517172
    },
    "silence_rate_20dB": {
        "mean": 1,
        "stdev": 0
    },
    "silence_rate_30dB": {
        "mean": 1,
        "stdev": 0
    },
    "silence_rate_60dB": {
        "mean": 0.10335689038,
        "stdev": 0.304420828819
    },
    "spectral_centroid": {
        "mean": 1652.16809082,
        "stdev": 1044.10974121
    },
    "spectral_complexity": {
        "mean": 19.9616355896,
        "stdev": 12.1370887756
    },
    "spectral_decrease": {
        "mean": -7.11098513406e-09,
        "stdev": 4.83556128472e-09
    },
    "spectral_energy": {
        "mean": 0.0291091967374,
        "stdev": 0.0195347517729
    },
    "spectral_energyband_high": {
        "mean": 0.00093399733305,
        "stdev": 0.00135494943243
    },
    "spectral_energyband_low": {
        "mean": 0.0111835729331,
        "stdev": 0.0107149779797
    },
    "spectral_energyband_middle_high": {
        "mean": 0.00821856502444,
        "stdev": 0.00786144845188
    },
    "spectral_energyband_middle_low": {
        "mean": 0.008341380395,
        "stdev": 0.00839558709413
    },
    "spectral_entropy": {
        "mean": 7.74009895325,
        "stdev": 0.413286417723
    },
    "spectral_flux": {
        "mean": 0.0980262383819,
        "stdev": 0.0489515066147
    },
    "spectral_kurtosis": {
        "mean": 4.61583662033,
        "stdev": 2.57363390923
    },
    "spectral_rms": {
        "mean": 0.00488728703931,
        "stdev": 0.00212454260327
    },
    "spectral_rolloff": {
        "mean": 1873.45410156,
        "stdev": 2248.8046875
    },
    "spectral_skewness": {
        "mean": 1.65054368973,
        "stdev": 0.433878362179
    },
    "spectral_spread": {
        "mean": 5196712.5,
        "stdev": 3608513.75
    },
    "spectral_strongpeak": {
        "mean": 0.645708024502,
        "stdev": 1.14498543739
    },
    "zerocrossingrate": {
        "mean": 0.0711158439517,
        "stdev": 0.0574608668685
    },
    "barkbands": {
        "mean": [0.00313689187169, 0.00709609733894, 0.00148996454664, 0.00160516262986, 0.00217623310164, 0.00126932549756, 0.000795432715677, 0.000778049638029, 0.00152207002975, 0.000875055266079, 0.00126199028455, 0.000848555064294, 0.000661652418785, 0.000845473725349, 0.00113072537351, 0.00099375366699, 0.000662861566525, 0.000639439793304, 0.000273229670711, 0.000217809807509, 0.000154186520376, 0.000136593327625, 0.000148413702846, 0.000153572909767, 0.00014787397231, 8.41377841425e-05, 4.62431125925e-06],
        "stdev": [0.00431993510574, 0.00776505051181, 0.00261388649233, 0.00314222369343, 0.00329631729983, 0.00197621202096, 0.00142149918247, 0.00137036084197, 0.00242058350705, 0.00156039989088, 0.00227237539366, 0.00165028893389, 0.0011823476525, 0.00148968212306, 0.0018238320481, 0.0017136397073, 0.00142154935747, 0.000968559412286, 0.000433333945693, 0.000295450270642, 0.000207319622859, 0.000179129914613, 0.00025153090246, 0.000343809719197, 0.000386566418456, 0.000183591153473, 1.05202107079e-05]
    },
    "erbbands": {
        "mean": [0.321972608566, 1.14884448051, 1.87884795666, 3.35579800606, 6.74840259552, 7.75884437561, 7.49572753906, 12.1165828705, 10.6310815811, 13.9809455872, 20.4428958893, 34.8386878967, 27.9926967621, 40.5870704651, 48.5031585693, 30.0378646851, 31.1526679993, 39.6383399963, 56.4038963318, 53.919921875, 51.2625274658, 41.300743103, 37.6654815674, 20.4459552765, 12.1431865692, 9.47383499146, 7.00411701202, 5.82132816315, 4.76082801819, 4.62565994263, 4.14045095444, 3.41294288635, 2.47258114815, 1.74673831463, 1.00181913376, 0.441623836756, 0.136730104685, 0.0231573116034, 0.000538644206244, 5.25037212356e-05],
        "stdev": [0.361230671406, 1.44295930862, 2.96190977097, 5.88009643555, 12.2519340515, 13.4969358444, 11.8960237503, 20.0810260773, 18.1336135864, 23.2671775818, 32.8830451965, 58.1699333191, 44.9964752197, 64.4570846558, 94.1627883911, 49.5862007141, 52.6333007812, 68.4165649414, 91.3327865601, 82.1592178345, 91.1712722778, 86.3190689087, 57.4992446899, 30.1504268646, 17.9954280853, 12.5831413269, 9.34632015228, 7.92999124527, 6.18223619461, 6.94383382797, 7.2471280098, 7.09484624863, 6.01465702057, 4.93730306625, 2.44168972969, 1.06468760967, 0.29214578867, 0.0458930209279, 0.00104455160908, 4.82414325234e-05]
    },
    "gfcc": {
        "mean": [-8.3176908493, 74.1490249634, -117.734710693, 26.9918441772, -47.9071273804, 22.6024284363, -38.6996116638, 17.087682724, -21.6361351013, 5.12581348419, -17.9247627258, 6.64479160309, -8.6941652298],
        "cov": [[23580.0371094, 105.818237305, -1626.47363281, 20.5430736542, -427.82421875, 550.76763916, -624.864562988, 456.437011719, -268.567962646, 178.41229248, -429.021911621, 194.751281738, -315.398468018], [105.818237305, 1075.00317383, 1.34704267979, 99.9747772217, 145.16015625, -33.5910224915, 119.503189087, -35.5244445801, 64.2129974365, -45.8223266602, 89.211151123, -49.1322860718, 69.3876876831], [-1626.47363281, 1.34704267979, 1205.30786133, 294.759338379, 188.184020996, 156.95022583, 66.9722290039, 83.4235229492, 60.4309768677, 52.153755188, 38.1474876404, 3.09270691872, -21.128288269], [20.5430736542, 99.9747772217, 294.759338379, 492.454040527, 147.866653442, 23.6947383881, 17.3553905487, 22.2700996399, 58.2341957092, 19.6858348846, -1.67528867722, -22.1303596497, 26.6472320557], [-427.82421875, 145.16015625, 188.184020996, 147.866653442, 334.648681641, 87.1760559082, 82.1943664551, 59.8077850342, 73.6763763428, 7.15947628021, 10.3990163803, 0.182151407003, 18.5028858185], [550.76763916, -33.5910224915, 156.95022583, 23.6947383881, 87.1760559082, 277.768280029, 83.6311798096, 52.4901161194, 4.69250535965, 25.7942123413, 4.52897882462, 4.76075410843, -28.1403369904], [-624.864562988, 119.503189087, 66.9722290039, 17.3553905487, 82.1943664551, 83.6311798096, 215.144302368, 35.767868042, 26.4107666016, -0.756957948208, 38.4669647217, 0.745806157589, 7.69443893433], [456.437011719, -35.5244445801, 83.4235229492, 22.2700996399, 59.8077850342, 52.4901161194, 35.767868042, 187.480239868, 58.1351776123, 20.3267860413, 6.47269868851, 30.7136154175, 4.01311302185], [-268.567962646, 64.2129974365, 60.4309768677, 58.2341957092, 73.6763763428, 4.69250535965, 26.4107666016, 58.1351776123, 130.697357178, 27.0393371582, 16.1698150635, 7.60334968567, 26.5568885803], [178.41229248, -45.8223266602, 52.153755188, 19.6858348846, 7.15947628021, 25.7942123413, -0.756957948208, 20.3267860413, 27.0393371582, 90.681640625, 20.1506710052, 9.42096328735, -3.70418763161], [-429.021911621, 89.211151123, 38.1474876404, -1.67528867722, 10.3990163803, 4.52897882462, 38.4669647217, 6.47269868851, 16.1698150635, 20.1506710052, 104.217765808, 25.7602043152, 12.8754701614], [194.751281738, -49.1322860718, 3.09270691872, -22.1303596497, 0.182151407003, 4.76075410843, 0.745806157589, 30.7136154175, 7.60334968567, 9.42096328735, 25.7602043152, 81.8544845581, 20.0354728699], [-315.398468018, 69.3876876831, -21.128288269, 26.6472320557, 18.5028858185, -28.1403369904, 7.69443893433, 4.01311302185, 26.5568885803, -3.70418763161, 12.8754701614, 20.0354728699, 77.7112579346]],
        "icov": [[0.000124898200738, -0.000248895812547, 0.000246007111855, -0.000214901578147, 0.000195689572138, -0.000413756089984, 0.000433992303442, -0.00044069296564, 0.000295293517411, -0.000394635746488, 0.000616902892943, -0.000651738606393, 0.000599186110776], [-0.000248895812547, 0.00182718574069, -0.000418997980887, 0.000346468732459, -0.000817846972495, 0.000994644011371, -0.0012636189349, 0.00115880114026, -0.000942290527746, 0.00158365140669, -0.00252409884706, 0.00253051053733, -0.00209090276621], [0.000246007111855, -0.000418997980887, 0.00159206334502, -0.00101009570062, 0.00012334533676, -0.00119842903223, 0.000863820838276, -0.00104640470818, 0.000532973092049, -0.000949075736571, 0.000778732763138, -0.00130168895703, 0.00163615180645], [-0.000214901578147, 0.000346468732459, -0.00101009570062, 0.00315909530036, -0.00120290135965, 0.000892830954399, -0.000488274527015, 0.000868910574354, -0.000866661488544, 0.000261686363956, -0.000717116403393, 0.00201049307361, -0.00201713573188], [0.000195689572138, -0.000817846972495, 0.00012334533676, -0.00120290135965, 0.00487043708563, -0.00163082708605, -0.00012931395031, -0.00109994458035, -0.00113393005449, -0.000125430655316, 0.00158293743152, -0.00135235057678, 0.000757827947382], [-0.000413756089984, 0.000994644011371, -0.00119842903223, 0.000892830954399, -0.00163082708605, 0.00641607586294, -0.00316190626472, 0.000709399697371, -1.70063594851e-05, 6.19404090685e-05, -0.00150465685874, 0.00183343293611, -0.000425910402555], [0.000433992303442, -0.0012636189349, 0.000863820838276, -0.000488274527015, -0.00012931395031, -0.00316190626472, 0.00786645803601, -0.00217580213211, 0.000737171329092, -0.00043604359962, 5.77116989007e-05, -0.00145591853652, 0.00160435494035], [-0.00044069296564, 0.00115880114026, -0.00104640470818, 0.000868910574354, -0.00109994458035, 0.000709399697371, -0.00217580213211, 0.00879858992994, -0.00404425989836, 0.00126189657021, -0.00145169149619, -0.000278966472251, -0.00137121439911], [0.000295293517411, -0.000942290527746, 0.000532973092049, -0.000866661488544, -0.00113393005449, -1.70063594851e-05, 0.000737171329092, -0.00404425989836, 0.0121888490394, -0.00404948601499, 0.00114822143223, -0.000670062727295, -0.00149428856093], [-0.000394635746488, 0.00158365140669, -0.000949075736571, 0.000261686363956, -0.000125430655316, 6.19404090685e-05, -0.00043604359962, 0.00126189657021, -0.00404948601499, 0.0149096101522, -0.00518206879497, 0.00203573633917, -0.000904885411728], [0.000616902892943, -0.00252409884706, 0.000778732763138, -0.000717116403393, 0.00158293743152, -0.00150465685874, 5.77116989007e-05, -0.00145169149619, 0.00114822143223, -0.00518206879497, 0.0163972005248, -0.00799969304353, 0.00306896027178], [-0.000651738606393, 0.00253051053733, -0.00130168895703, 0.00201049307361, -0.00135235057678, 0.00183343293611, -0.00145591853652, -0.000278966472251, -0.000670062727295, 0.00203573633917, -0.00799969304353, 0.020290914923, -0.0083834072575], [0.000599186110776, -0.00209090276621, 0.00163615180645, -0.00201713573188, 0.000757827947382, -0.000425910402555, 0.00160435494035, -0.00137121439911, -0.00149428856093, -0.000904885411728, 0.00306896027178, -0.0083834072575, 0.020001212135]]
    },
    "melbands": {
        "mean": [0.00252933101729, 0.00115480879322, 0.000728920276742, 0.000519573513884, 0.000284490379272, 0.000258998770732, 0.000166986748809, 0.000159193237778, 0.000177338108188, 0.000223941460717, 0.000135571186547, 0.000158706476213, 0.000156809648615, 0.000112804867967, 6.20962891844e-05, 7.32444532332e-05, 7.3435716331e-05, 8.7456413894e-05, 8.6394000391e-05, 7.2011796874e-05, 5.26503245055e-05, 4.35084402852e-05, 3.6549885408e-05, 2.77023809758e-05, 1.56182468345e-05, 9.19328067539e-06, 8.19227079774e-06, 5.90268882661e-06, 4.66120991405e-06, 3.57477074431e-06, 3.28190139953e-06, 2.64976119979e-06, 2.63110223386e-06, 2.54512315223e-06, 2.36476716964e-06, 2.35484549194e-06, 1.97883491637e-06, 1.75787636181e-06, 1.58420891694e-06, 1.42697876981e-06],
        "stdev": [0.00267534796149, 0.00155127642211, 0.00125500932336, 0.000816293875687, 0.000425996287959, 0.000415099872043, 0.000280886335531, 0.000264224479906, 0.000302759348415, 0.000381228717742, 0.000232099118875, 0.000256185856415, 0.000285749178147, 0.000216242944589, 0.000125929902424, 0.00013878561731, 0.000141975426232, 0.000155719942995, 0.000147928541992, 0.000122815050418, 0.000103963458969, 0.00010461902275, 6.06649628025e-05, 4.25200923928e-05, 2.4116376153e-05, 1.59080282174e-05, 1.3185813259e-05, 8.05332729215e-06, 6.37329867459e-06, 5.00398618897e-06, 4.70643908557e-06, 3.56804457624e-06, 3.7309362142e-06, 4.1733164835e-06, 4.1542375584e-06, 4.84783822685e-06, 4.28364091931e-06, 4.2368569666e-06, 4.47224147138e-06, 4.1474054342e-06]
    },
    "melbands128": {
        "mean": [0.00199302379042, 0.00309078861028, 0.00265652453527, 0.00166841200553, 0.00107328314334, 0.000659496989101, 0.000586819078308, 0.000917088764254, 0.00068608293077, 0.000438195915194, 0.000512331956998, 0.000305650813971, 0.000232624355704, 0.000236342893913, 0.000320997874951, 0.000235693427385, 0.00014624868345, 0.000162441312568, 0.000198462133994, 0.000132320274133, 0.000169220438693, 0.000158005714184, 0.000168468279298, 0.000225190204219, 0.000223111419473, 0.000260785629507, 0.00013319941354, 0.000112218200229, 0.000155199930305, 0.000110249675345, 0.000206920143683, 0.000167032994796, 0.000105099439679, 0.000209099744097, 0.00015770184109, 7.38947856007e-05, 5.50308977836e-05, 7.8634962847e-05, 4.55346598756e-05, 7.11114043952e-05, 9.25595304579e-05, 5.45488182979e-05, 7.16733338777e-05, 7.97190950834e-05, 8.76504273037e-05, 9.4672832347e-05, 7.65793884057e-05, 0.00011564783199, 7.55448418204e-05, 4.48758109997e-05, 8.50127107697e-05, 7.9566729255e-05, 6.84946717229e-05, 3.25513610733e-05, 3.39498146786e-05, 5.71807140659e-05, 3.8122980186e-05, 2.81268130493e-05, 4.21528056904e-05, 4.24401368946e-05, 2.35497936956e-05, 1.95600532606e-05, 2.06266195164e-05, 1.23287809402e-05, 1.22263500089e-05, 9.12419454835e-06, 6.98112671671e-06, 8.96025630936e-06, 9.60281340667e-06, 5.51592029296e-06, 5.4178276514e-06, 6.7719256549e-06, 5.08616403749e-06, 4.3387799451e-06, 3.89125216316e-06, 3.57030171472e-06, 3.39804046234e-06, 3.59285331797e-06, 3.32187528329e-06, 2.98756094708e-06, 2.60422211795e-06, 2.51608753388e-06, 2.59522926171e-06, 2.686160542e-06, 2.67991549663e-06, 2.49203185376e-06, 2.57046281149e-06, 2.45277601607e-06, 2.43344743467e-06, 1.94938070308e-06, 2.84735187961e-06, 2.24188124776e-06, 2.13669113691e-06, 1.99599753614e-06, 1.85793419405e-06, 1.84257885394e-06, 1.73105013346e-06, 1.63437027823e-06, 1.56848898314e-06, 1.52168502154e-06, 1.68113103882e-06, 1.32156878863e-06, 1.34140020691e-06, 1.02250533018e-06, 1.22181461393e-06, 1.18378261504e-06, 8.69113421231e-07, 8.15112173314e-07, 6.83130906509e-07, 7.67935773638e-07, 6.64059655264e-07, 4.89938202008e-07, 3.70775779857e-07, 3.22482719639e-07, 3.49272141875e-07, 2.38445522882e-07, 1.82917034408e-07, 2.33915127268e-08, 4.8662033604e-12, 4.21086212773e-12, 4.06700281091e-12, 3.95421195787e-12, 3.85432224331e-12, 3.77615820557e-12, 3.71105750296e-12, 3.6643041032e-12, 3.6300183779e-12, 3.60431563068e-12],
        "stdev": [0.00274322740734, 0.00363056315109, 0.00317632663064, 0.0023692722898, 0.00176516768988, 0.00118274241686, 0.00116359151434, 0.00184358470142, 0.0014387954725, 0.000891358533408, 0.00110782915726, 0.000590264156926, 0.000457814836409, 0.000499330169987, 0.000609741313383, 0.000461871619336, 0.000328427704517, 0.000359220604878, 0.000442650984041, 0.000299783219816, 0.000375473842723, 0.00038158064126, 0.000388430373278, 0.000573594530579, 0.000480529037304, 0.000571489974391, 0.000371855247067, 0.000261827633949, 0.000395933311665, 0.000244595750701, 0.000434666202636, 0.000385698513128, 0.000296869984595, 0.000599636812694, 0.000450061023002, 0.000182116491487, 0.000149291867274, 0.000219267822104, 0.00011895357602, 0.000165966703207, 0.000222007802222, 0.000153526780196, 0.000195374057512, 0.000204226627829, 0.000194846812519, 0.00023915526981, 0.000183686162927, 0.000256143248407, 0.000173467895365, 0.000123448000522, 0.000191623170394, 0.000173326188815, 0.000205830612686, 7.96794774942e-05, 0.000109504566353, 0.000187653728062, 9.59501994657e-05, 7.26027283235e-05, 8.43013767735e-05, 7.55735018174e-05, 5.10577156092e-05, 3.68227265426e-05, 4.33116256318e-05, 2.20720157813e-05, 2.55524410022e-05, 1.9498018446e-05, 1.38532941492e-05, 1.56187870743e-05, 2.08653618756e-05, 8.73921362654e-06, 9.04459284357e-06, 1.07475079858e-05, 7.56879580877e-06, 7.10513722879e-06, 6.62158890918e-06, 5.91105890635e-06, 5.40366409041e-06, 5.72688622924e-06, 5.33873662789e-06, 5.00209580423e-06, 3.79161792807e-06, 3.934194865e-06, 3.73571469936e-06, 4.51011283076e-06, 4.26095220973e-06, 4.24124027631e-06, 5.0621210903e-06, 4.72023975817e-06, 4.48311311629e-06, 4.5229630814e-06, 6.87031115376e-06, 5.37889991392e-06, 5.34211358172e-06, 4.64288223156e-06, 4.01387023885e-06, 4.56386396763e-06, 4.64608183393e-06, 4.45247815151e-06, 4.5871815928e-06, 5.12044744028e-06, 5.71231566937e-06, 4.50283459941e-06, 3.31897513206e-06, 2.70298642135e-06, 2.97103201774e-06, 3.16347313856e-06, 3.01241152556e-06, 2.28836483984e-06, 1.75236209543e-06, 1.92431321011e-06, 1.58954310336e-06, 1.07543451122e-06, 8.78594960341e-07, 7.68644042637e-07, 7.29260250409e-07, 4.9141681302e-07, 4.13709443592e-07, 5.76062504365e-08, 7.64596285591e-12, 6.72628402629e-12, 6.5042090637e-12, 6.32438155665e-12, 6.17434358849e-12, 6.05108237822e-12, 5.94855501662e-12, 5.87000370186e-12, 5.81249978704e-12, 5.77674236571e-12]
    },
    "mfcc": {
        "mean": [-644.789550781, 108.869514465, -7.64402723312, 13.2786836624, 12.1132230759, 6.36359739304, 1.04174137115, 9.26010227203, 3.99653172493, 3.20846939087, -0.646778523922, -1.90402162075, 0.856831431389],
        "cov": [[11466.7041016, 336.474731445, -458.653747559, -147.203582764, 135.784866333, -31.1654834747, -89.7217788696, 120.512054443, 98.24269104, 82.8467636108, 56.6314697266, 26.864528656, -93.9991226196], [336.474731445, 1060.22924805, -18.9644432068, 65.8885116577, 50.1588745117, 30.2710399628, 66.4382019043, 58.050743103, 5.3094792366, 28.4980220795, 15.7339143753, -8.2162361145, 31.3191623688], [-458.653747559, -18.9644432068, 817.834472656, 167.154922485, 169.313461304, 107.326675415, 81.1082611084, 42.1934661865, 15.8305177689, 71.3318328857, 11.6285028458, 51.7876281738, 29.2157802582], [-147.203582764, 65.8885116577, 167.154922485, 437.685424805, 154.059753418, 44.6676368713, 2.60829257965, 4.59381818771, 68.486076355, 15.8329868317, -21.3731899261, 58.9371452332, 38.4232635498], [135.784866333, 50.1588745117, 169.313461304, 154.059753418, 308.676025391, 72.4926071167, 25.3373832703, 55.7375144958, 68.376411438, 58.3305625916, 10.8950138092, 26.9839344025, 27.4114780426], [-31.1654834747, 30.2710399628, 107.326675415, 44.6676368713, 72.4926071167, 229.6434021, 89.5139465332, 27.7171230316, 16.4526691437, 45.2603530884, 20.4207115173, -12.1436262131, -11.7375202179], [-89.7217788696, 66.4382019043, 81.1082611084, 2.60829257965, 25.3373832703, 89.5139465332, 179.218139648, 76.8155899048, 11.1313915253, 32.3035392761, 32.9821853638, 5.31532049179, 7.80674409866], [120.512054443, 58.050743103, 42.1934661865, 4.59381818771, 55.7375144958, 27.7171230316, 76.8155899048, 158.613830566, 55.6094665527, 37.2607154846, 24.7154960632, 8.02611351013, 21.9927062988], [98.24269104, 5.3094792366, 15.8305177689, 68.486076355, 68.376411438, 16.4526691437, 11.1313915253, 55.6094665527, 128.998519897, 47.44896698, 9.70884037018, 10.4153699875, 14.0348014832], [82.8467636108, 28.4980220795, 71.3318328857, 15.8329868317, 58.3305625916, 45.2603530884, 32.3035392761, 37.2607154846, 47.44896698, 110.352615356, 34.9807052612, 4.84464979172, -0.413882166147], [56.6314697266, 15.7339143753, 11.6285028458, -21.3731899261, 10.8950138092, 20.4207115173, 32.9821853638, 24.7154960632, 9.70884037018, 34.9807052612, 95.9245681763, 16.814535141, 3.05664801598], [26.864528656, -8.2162361145, 51.7876281738, 58.9371452332, 26.9839344025, -12.1436262131, 5.31532049179, 8.02611351013, 10.4153699875, 4.84464979172, 16.814535141, 90.5097122192, 36.0098381042], [-93.9991226196, 31.3191623688, 29.2157802582, 38.4232635498, 27.4114780426, -11.7375202179, 7.80674409866, 21.9927062988, 14.0348014832, -0.413882166147, 3.05664801598, 36.0098381042, 85.058013916]],
        "icov": [[9.62539343163e-05, -3.445288894e-05, 6.19704078417e-05, 4.9526890507e-05, -7.31407708372e-05, -1.12450516099e-05, 9.60637771641e-05, -9.4614631962e-05, -2.43524864345e-05, -4.35005604231e-05, -8.38185678731e-06, -0.000139844793011, 0.000176377303433], [-3.445288894e-05, 0.00102944625542, 0.000110896711703, -0.000260312226601, -5.88455150137e-05, 6.21779836365e-05, -0.000332069728756, -0.000218222121475, 0.000369509041775, -0.000258261454292, -6.22964653303e-05, 0.000444951438112, -0.000471541396109], [6.19704078417e-05, 0.000110896711703, 0.0016379696317, -0.000361248938134, -0.000589704839513, -0.000289755320409, -0.000387182139093, -0.000131959546707, 0.000732579035684, -0.000882772787008, 0.00032022484811, -0.000626038119663, -2.37017284235e-05], [4.9526890507e-05, -0.000260312226601, -0.000361248938134, 0.00350024621002, -0.00120847916696, -0.000458490336314, 9.26607172005e-05, 0.000896633951925, -0.00172011856921, 0.000748538644984, 0.00104211585131, -0.00185988435987, -0.000183245632797], [-7.31407708372e-05, -5.88455150137e-05, -0.000589704839513, -0.00120847916696, 0.00504774879664, -0.0010238311952, 0.000797692802735, -0.00103021285031, -0.00090270495275, -0.00112950184848, 1.78903010237e-05, -6.38657809304e-07, -0.000742474105209], [-1.12450516099e-05, 6.21779836365e-05, -0.000289755320409, -0.000458490336314, -0.0010238311952, 0.00639681890607, -0.00314985634759, 0.000939524907153, 0.000148532213643, -0.00125621201005, -0.000322919222526, 0.00150007335469, 0.000876081932802], [9.60637771641e-05, -0.000332069728756, -0.000387182139093, 9.26607172005e-05, 0.000797692802735, -0.00314985634759, 0.00946760829538, -0.00426718452945, 0.00118714338169, -0.000238083972363, -0.00144167069811, -0.000575933954678, -3.91971443605e-05], [-9.4614631962e-05, -0.000218222121475, -0.000131959546707, 0.000896633951925, -0.00103021285031, 0.000939524907153, -0.00426718452945, 0.0104288402945, -0.00379150081426, -0.000252854864812, -0.000554933794774, 0.000531011028215, -0.00180759909563], [-2.43524864345e-05, 0.000369509041775, 0.000732579035684, -0.00172011856921, -0.00090270495275, 0.000148532213643, 0.00118714338169, -0.00379150081426, 0.0121805211529, -0.00434777187183, 0.000442163698608, 0.00029551537591, -0.000626751862001], [-4.35005604231e-05, -0.000258261454292, -0.000882772787008, 0.000748538644984, -0.00112950184848, -0.00125621201005, -0.000238083972363, -0.000252854864812, -0.00434777187183, 0.0139749534428, -0.00384844536893, 0.000235841580434, 0.00111382873729], [-8.38185678731e-06, -6.22964653303e-05, 0.00032022484811, 0.00104211585131, 1.78903010237e-05, -0.000322919222526, -0.00144167069811, -0.000554933794774, 0.000442163698608, -0.00384844536893, 0.0132567435503, -0.00327758654021, 0.000477913126815], [-0.000139844793011, 0.000444951438112, -0.000626038119663, -0.00185988435987, -6.38657809304e-07, 0.00150007335469, -0.000575933954678, 0.000531011028215, 0.00029551537591, 0.000235841580434, -0.00327758654021, 0.0157297216356, -0.00572951883078], [0.000176377303433, -0.000471541396109, -2.37017284235e-05, -0.000183245632797, -0.000742474105209, 0.000876081932802, -3.91971443605e-05, -0.00180759909563, -0.000626751862001, 0.00111382873729, 0.000477913126815, -0.00572951883078, 0.01556457486]]
    },
    "spectral_contrast_coeffs": {
        "mean": [-0.742087125778, -0.759539246559, -0.753842413425, -0.76867723465, -0.783034920692, -0.790742635727],
        "stdev": [0.0792379379272, 0.0733523592353, 0.0788772255182, 0.0630409270525, 0.0502854436636, 0.0430286675692]
    },
    "spectral_contrast_valleys": {
        "mean": [-7.05085086823, -7.115670681, -7.5578584671, -7.64907550812, -7.78095769882, -10.116689682],
        "stdev": [2.199842453, 2.11977100372, 2.12584853172, 2.14683485031, 2.10811924934, 1.97922170162]
    }
},
"rhythm": {
    "beats_count": 271,
    "beats_loudness": {
        "mean": 0.0466313250363,
        "stdev": 0.0178073719144
    },
    "bpm": 88.8818969727,
    "bpm_histogram_first_peak_bpm": 89,
    "bpm_histogram_first_peak_weight": 0.0597015023232,
    "bpm_histogram_second_peak_bpm": 83,
    "bpm_histogram_second_peak_spread": 0,
    "bpm_histogram_second_peak_weight": 0.00740740727633,
    "danceability": 1.16205668449,
    "onset_rate": 4.09845638275,
    "beats_loudness_band_ratio": {
        "mean": [0.42470857501, 0.132816702127, 0.11600472033, 0.1211521402, 0.170166611671, 0.0644003599882],
        "stdev": [0.21516379714, 0.092976860702, 0.0970263406634, 0.0960207432508, 0.118208147585, 0.040561016649]
    },
    "beats_position": [0.673378646374, 1.35836732388, 2.0549659729, 2.75156450272, 3.44816327095, 4.13315200806, 4.82975053787, 5.52634906769, 6.24616765976, 6.96598625183, 7.66258478165, 8.33596324921, 9.0093421936, 9.682721138, 10.3560991287, 11.0294780731, 11.7028570175, 12.3762359619, 13.0496139526, 13.7346029282, 14.4195919037, 15.0929698944, 15.7663488388, 16.4397277832, 17.1131057739, 17.786485672, 18.4598636627, 19.1332416534, 19.8066215515, 20.4799995422, 21.153377533, 21.826757431, 22.5001354218, 23.1735134125, 23.8468933105, 24.5202713013, 25.1936511993, 25.8670291901, 26.5404071808, 27.2137870789, 27.8871650696, 28.5605430603, 29.2339229584, 29.9073009491, 30.5806789398, 31.2540588379, 31.9274368286, 32.6008148193, 33.2741928101, 33.9591827393, 34.6441726685, 35.3175506592, 35.9909286499, 36.6643066406, 37.3376846313, 38.0110664368, 38.6844444275, 39.3578224182, 40.0312004089, 40.7045783997, 41.3779602051, 42.0513381958, 42.7247161865, 43.3980941772, 44.071472168, 44.7448501587, 45.4182319641, 46.0916099548, 46.7649879456, 47.4383659363, 48.111743927, 48.7851219177, 49.4585037231, 50.1318817139, 50.8052597046, 51.4902496338, 52.1752357483, 52.8486175537, 53.5219955444, 54.1953735352, 54.8687515259, 55.5421295166, 56.2155075073, 56.8888893127, 57.5622673035, 58.2356452942, 58.9090232849, 59.5824012756, 60.2557830811, 60.9291610718, 61.6025390625, 62.2759170532, 62.9492950439, 63.6226730347, 64.2960510254, 64.9694290161, 65.6428070068, 66.316192627, 66.9895706177, 67.6629486084, 68.3363265991, 69.0097045898, 69.6830825806, 70.3564605713, 71.029838562, 71.7032165527, 72.3882064819, 73.0731964111, 73.7465744019, 74.4199523926, 75.0933303833, 75.766708374, 76.4400863647, 77.1134643555, 77.7868499756, 78.4602279663, 79.133605957, 79.8069839478, 80.4803619385, 81.1537399292, 81.8271179199, 82.5004959106, 83.1738739014, 83.8472518921, 84.5206298828, 85.1940155029, 85.8673934937, 86.5407714844, 87.2141494751, 87.8875274658, 88.5609054565, 89.2342834473, 89.907661438, 90.5926513672, 91.2660293579, 91.9394073486, 92.6243972778, 93.2977752686, 93.9711532593, 94.64453125, 95.3179092407, 95.9912872314, 96.6646728516, 97.3380508423, 98.011428833, 98.6848068237, 99.3581848145, 100.031562805, 100.704940796, 101.378318787, 102.051696777, 102.725074768, 103.398452759, 104.071838379, 104.74521637, 105.41859436, 106.091972351, 106.765350342, 107.438728333, 108.112106323, 108.797096252, 109.470474243, 110.143852234, 110.828842163, 111.502220154, 112.175598145, 112.848976135, 113.522354126, 114.195732117, 114.869110107, 115.542495728, 116.215873718, 116.889251709, 117.5626297, 118.23600769, 118.909385681, 119.582763672, 120.256141663, 120.929519653, 121.602897644, 122.276275635, 122.949661255, 123.623039246, 124.296417236, 124.969795227, 125.643173218, 126.316551208, 126.989929199, 127.66330719, 128.336685181, 129.010070801, 129.683441162, 130.356826782, 131.030197144, 131.703582764, 132.388565063, 133.073562622, 133.746932983, 134.420318604, 135.093688965, 135.767074585, 136.440444946, 137.113830566, 137.787200928, 138.472198486, 139.145568848, 139.807342529, 140.480728149, 141.154098511, 141.827484131, 142.500854492, 143.174240112, 143.847610474, 144.520996094, 145.194366455, 145.867752075, 146.541137695, 147.214508057, 147.887893677, 148.561264038, 149.246261597, 149.931243896, 150.604629517, 151.266387939, 151.928161621, 152.601531982, 153.286529541, 153.971511841, 154.644897461, 155.318267822, 155.991653442, 156.665023804, 157.338409424, 158.011795044, 158.685165405, 159.358551025, 160.031921387, 160.705307007, 161.378677368, 162.052062988, 162.72543335, 163.39881897, 164.072189331, 164.745574951, 165.418960571, 166.092330933, 166.765716553, 167.439086914, 168.112472534, 168.785842896, 169.459228516, 170.144210815, 170.829208374, 171.502578735, 172.175964355, 172.849334717, 173.522720337, 174.196090698, 174.869476318, 175.54284668, 176.2162323, 176.88961792, 177.562988281, 178.24798584, 178.956192017, 179.664398193, 180.360992432, 181.05758667, 181.754196167, 182.462402344, 183.170608521],
    "bpm_histogram": [0, 0, 0, 0, 0, 0, 0, 0, 0, 0, 0, 0, 0, 0, 0, 0, 0, 0, 0, 0, 0, 0, 0, 0, 0, 0, 0, 0, 0, 0, 0, 0, 0, 0, 0, 0, 0, 0, 0, 0, 0, 0, 0, 0, 0, 0, 0, 0, 0, 0, 0, 0, 0, 0, 0, 0, 0, 0, 0, 0, 0, 0, 0, 0, 0, 0, 0, 0, 0, 0, 0, 0, 0, 0, 0, 0, 0, 0, 0, 0, 0, 0, 0, 0.00740740727633, 0, 0.0148148145527, 0.0333333350718, 0, 0.0888888910413, 0.844444453716, 0, 0.0111111113802, 0, 0, 0, 0, 0, 0, 0, 0, 0, 0, 0, 0, 0, 0, 0, 0, 0, 0, 0, 0, 0, 0, 0, 0, 0, 0, 0, 0, 0, 0, 0, 0, 0, 0, 0, 0, 0, 0, 0, 0, 0, 0, 0, 0, 0, 0, 0, 0, 0, 0, 0, 0, 0, 0, 0, 0, 0, 0, 0, 0, 0, 0, 0, 0, 0, 0, 0, 0, 0, 0, 0, 0, 0, 0, 0, 0, 0, 0, 0, 0, 0, 0, 0, 0, 0, 0, 0, 0, 0, 0, 0, 0, 0, 0, 0, 0, 0, 0, 0, 0, 0, 0, 0, 0, 0, 0, 0, 0, 0, 0, 0, 0, 0, 0, 0, 0, 0, 0, 0, 0, 0, 0, 0, 0, 0, 0, 0, 0, 0, 0, 0, 0, 0, 0, 0, 0, 0, 0, 0, 0, 0, 0, 0, 0, 0, 0, 0, 0, 0, 0, 0, 0, 0, 0, 0, 0, 0, 0]
},
"tonal": {
    "chords_changes_rate": 0.0582891739905,
    "chords_number_rate": 0.00201867264695,
    "chords_strength": {
        "mean": 0.54560816288,
        "stdev": 0.127871796489
    },
    "hpcp_crest": {
        "mean": 12.5181303024,
        "stdev": 6.49565696716
    },
    "hpcp_entropy": {
        "mean": 2.16453480721,
        "stdev": 0.798141777515
    },
    "key_edma": {
        "strength": 0.765292406082,
        "key": "A#",
        "scale": "minor"
    },
    "key_krumhansl": {
        "strength": 0.776280462742,
        "key": "A#",
        "scale": "minor"
    },
    "key_temperley": {
        "strength": 0.782279551029,
        "key": "A#",
        "scale": "minor"
    },
    "tuning_diatonic_strength": 0.717597365379,
    "tuning_equal_tempered_deviation": 0.178645938635,
    "tuning_frequency": 434.193115234,
    "tuning_nontempered_energy_ratio": 0.864469766617,
    "hpcp": {
        "mean": [0.131347343326, 0.129342883825, 0.159247517586, 0.245617568493, 0.251912146807, 0.154898822308, 0.0834582075477, 0.0641919225454, 0.073721498251, 0.126315772533, 0.143152669072, 0.119878828526, 0.145763799548, 0.136969253421, 0.0826649665833, 0.0661917328835, 0.0690042376518, 0.0949600562453, 0.163995832205, 0.183592841029, 0.137762233615, 0.104019254446, 0.10119137913, 0.216409161687, 0.389717400074, 0.324188113213, 0.170422464609, 0.163052558899, 0.141825959086, 0.0907011926174, 0.0821089074016, 0.0831209495664, 0.0941128134727, 0.149751201272, 0.167578682303, 0.135784894228],
        "stdev": [0.227491244674, 0.227625086904, 0.256653398275, 0.312209188938, 0.304264336824, 0.231357872486, 0.164767503738, 0.144786119461, 0.151914641261, 0.197708487511, 0.211286887527, 0.192362099886, 0.237656876445, 0.228505164385, 0.153614759445, 0.134245589375, 0.145791634917, 0.182875350118, 0.255990982056, 0.278462141752, 0.22491286695, 0.194809019566, 0.192591816187, 0.247347190976, 0.361835837364, 0.309042274952, 0.236376926303, 0.270871907473, 0.247462555766, 0.168253704906, 0.150179415941, 0.154286667705, 0.180253386497, 0.239815190434, 0.264017850161, 0.221927270293]
    },
    "chords_histogram": [44.2593994141, 6.23265218735, 5.57658338547, 8.07469081879, 0.454201370478, 0.656068623066, 0, 8.02422428131, 0.454201370478, 9.68962860107, 0.126167044044, 0.176633864641, 0, 0, 0, 0, 0, 0.883169293404, 0.403734534979, 0.151400446892, 0, 0, 11.9354028702, 2.90184211731],
    "thpcp": [1, 0.831854343414, 0.437297552824, 0.418386667967, 0.363920003176, 0.232735797763, 0.210688322783, 0.213285192847, 0.241489887238, 0.384255886078, 0.430000513792, 0.348418861628, 0.337032288313, 0.331888914108, 0.408623069525, 0.63024532795, 0.646396994591, 0.397464483976, 0.214150577784, 0.164714023471, 0.189166560769, 0.324121445417, 0.36732429266, 0.307604491711, 0.374024361372, 0.351457893848, 0.21211515367, 0.169845461845, 0.177062243223, 0.24366389215, 0.42080706358, 0.471092224121, 0.353492647409, 0.266909450293, 0.25965321064, 0.555297672749],
    "chords_key": "A#",
    "chords_scale": "minor"
}
}