{
"metadata": {
    "version": {
        "essentia": "2.1-dev",
        "essentia_git_sha": "v2.1_beta3-415-gd5473f3",
        "extractor": "music 2.0"
    },
    "audio_properties": {
        "analysis": {
            "equal_loudness": 0,
            "length": 246.778778076,
            "sample_rate": 44100,
            "start_time": 0,
            "downmix": "mix"
        },
        "bit_rate": 192000,
        "length": 246.778778076,
        "lossless": 0,
        "number_channels": 2,
        "replay_gain": -10.4381427765,
        "sample_rate": 44100,
        "codec": "mp3",
        "md5_encoded": "2f1ad65afbfc3f26f3bf643a1c2fba2b"
    },
    "tags": {
        "file_name": "natalie_imbruglia-torn.mp3",
        "album": ["platinum cd1"],
        "artist": ["Various Artists"],
        "genre": ["Other"],
        "title": ["Natalie Imbruglia - Torn"]
    }
},
"lowlevel": {
    "average_loudness": 0.905991375446,
    "barkbands_crest": {
        "mean": 9.39212989807,
        "stdev": 3.85628628731
    },
    "barkbands_flatness_db": {
        "mean": 0.109680488706,
        "stdev": 0.0484570339322
    },
    "barkbands_kurtosis": {
        "mean": 5.07393455505,
        "stdev": 11.8170385361
    },
    "barkbands_skewness": {
        "mean": 1.64359629154,
        "stdev": 1.37474691868
    },
    "barkbands_spread": {
        "mean": 29.7463188171,
        "stdev": 19.0699672699
    },
    "dissonance": {
        "mean": 0.462135404348,
        "stdev": 0.0286111179739
    },
    "dynamic_complexity": 3.79567480087,
    "erbbands_crest": {
        "mean": 9.69608688354,
        "stdev": 5.38080835342
    },
    "erbbands_flatness_db": {
        "mean": 0.122143469751,
        "stdev": 0.0412282049656
    },
    "erbbands_kurtosis": {
        "mean": 0.866429805756,
        "stdev": 3.15583944321
    },
    "erbbands_skewness": {
        "mean": 0.428563565016,
        "stdev": 0.867297768593
    },
    "erbbands_spread": {
        "mean": 47.8505783081,
        "stdev": 24.0711593628
    },
    "hfc": {
        "mean": 30.5516624451,
        "stdev": 27.5868034363
    },
    "loudness_ebu128": {
        "integrated": -12.237279892,
        "loudness_range": 5.9450750351,
        "momentary": {
            "mean": -16.4683628082,
            "stdev": 25.0612792969
        },
        "short_term": {
            "mean": -14.161283493,
            "stdev": 7.20795345306
        }
    },
    "melbands_crest": {
        "mean": 12.9049224854,
        "stdev": 4.41233348846
    },
    "melbands_flatness_db": {
        "mean": 0.182935893536,
        "stdev": 0.0627739131451
    },
    "melbands_kurtosis": {
        "mean": 17.7454891205,
        "stdev": 24.894990921
    },
    "melbands_skewness": {
        "mean": 2.97857618332,
        "stdev": 1.82576560974
    },
    "melbands_spread": {
        "mean": 26.7662467957,
        "stdev": 22.6489505768
    },
    "pitch_salience": {
        "mean": 0.543237328529,
        "stdev": 0.101400688291
    },
    "silence_rate_20dB": {
        "mean": 1,
        "stdev": 0
    },
    "silence_rate_30dB": {
        "mean": 0.999623656273,
        "stdev": 0.0193954166025
    },
    "silence_rate_60dB": {
        "mean": 0.102455548942,
        "stdev": 0.30324870348
    },
    "spectral_centroid": {
        "mean": 1490.0916748,
        "stdev": 1114.14367676
    },
    "spectral_complexity": {
        "mean": 18.4167842865,
        "stdev": 10.9766845703
    },
    "spectral_decrease": {
        "mean": -7.73322561542e-09,
        "stdev": 5.29365440372e-09
    },
    "spectral_energy": {
        "mean": 0.0319581590593,
        "stdev": 0.0212717931718
    },
    "spectral_energyband_high": {
        "mean": 0.00189844425768,
        "stdev": 0.00257674371824
    },
    "spectral_energyband_low": {
        "mean": 0.0118430694565,
        "stdev": 0.0120438411832
    },
    "spectral_energyband_middle_high": {
        "mean": 0.00650062318891,
        "stdev": 0.00789292342961
    },
    "spectral_energyband_middle_low": {
        "mean": 0.0131689496338,
        "stdev": 0.0115771740675
    },
    "spectral_entropy": {
        "mean": 7.78556585312,
        "stdev": 0.47259119153
    },
    "spectral_flux": {
        "mean": 0.0862464681268,
        "stdev": 0.0489607304335
    },
    "spectral_kurtosis": {
        "mean": 2.89889717102,
        "stdev": 2.18203520775
    },
    "spectral_rms": {
        "mean": 0.00516001088545,
        "stdev": 0.00213375524618
    },
    "spectral_rolloff": {
        "mean": 2007.71398926,
        "stdev": 2732.25463867
    },
    "spectral_skewness": {
        "mean": 1.41359782219,
        "stdev": 0.433440476656
    },
    "spectral_spread": {
        "mean": 6748286.5,
        "stdev": 3785347
    },
    "spectral_strongpeak": {
        "mean": 0.99888664484,
        "stdev": 1.48126208782
    },
    "zerocrossingrate": {
        "mean": 0.0850446820259,
        "stdev": 0.0628410205245
    },
    "barkbands": {
        "mean": [0.000276685925201, 0.00717216078192, 0.00315100629814, 0.00250865612179, 0.004437554162, 0.00298737175763, 0.00138717121445, 0.00065453647403, 0.000850179640111, 0.00137135130353, 0.0013269004412, 0.000849984760862, 0.000658439297695, 0.000336143188179, 0.000512378115673, 0.000459698261693, 0.000341866863891, 0.00025893835118, 0.000375917181373, 0.000296721496852, 0.000289790536044, 0.000217493958189, 0.000249353062827, 0.000358387158485, 0.000432228494901, 0.00016585359117, 3.13130040013e-05],
        "stdev": [0.0004302985908, 0.00799434725195, 0.00454756384715, 0.00306639727205, 0.00672872317955, 0.00517139863223, 0.00285990349948, 0.00146381149534, 0.00149254931603, 0.00390508701093, 0.00341777061112, 0.00207433174364, 0.00133455439936, 0.00071912369458, 0.00120615819469, 0.000781669456046, 0.000667711254209, 0.000479190348415, 0.000499068934005, 0.000416193302954, 0.000379318982596, 0.000358358724043, 0.000514387793373, 0.000729582912754, 0.000816301617306, 0.000367999862647, 9.08606161829e-05]
    },
    "erbbands": {
        "mean": [0.216144159436, 1.56458318233, 3.41545724869, 6.65169429779, 11.02064991, 15.736536026, 16.874294281, 29.3518180847, 25.1604480743, 14.5157852173, 11.9840660095, 22.5258808136, 27.6469116211, 44.7505569458, 70.6887969971, 35.9204750061, 33.2137680054, 18.4375686646, 27.5029716492, 24.2625579834, 22.9335575104, 16.6954860687, 15.2124757767, 18.7021408081, 17.0742092133, 14.1215381622, 14.2699708939, 8.96656036377, 7.54725408554, 7.46301698685, 7.36328697205, 6.36698150635, 6.79468822479, 5.31252574921, 2.67520403862, 0.932987987995, 0.258625239134, 0.0830442607403, 0.00210825563408, 9.27823275561e-05],
        "stdev": [0.268416017294, 1.7704539299, 4.69588756561, 7.68511295319, 14.6448497772, 28.6238327026, 34.3618965149, 50.6311454773, 48.7699203491, 26.129201889, 28.1039428711, 37.1359214783, 58.5551338196, 151.74786377, 185.925765991, 86.3514099121, 64.7103424072, 31.5544490814, 63.7751350403, 43.8127212524, 38.9770431519, 30.1466674805, 27.2125911713, 25.8737659454, 23.869178772, 19.9698619843, 19.5708503723, 11.4104976654, 11.8449697495, 16.1962146759, 14.6465463638, 12.4629936218, 14.1969947815, 10.172958374, 5.54314470291, 2.20230937004, 0.570326983929, 0.184798821807, 0.00474457256496, 0.000113526912173]
    },
    "gfcc": {
        "mean": [10.916472435, 65.5094223022, -91.326789856, 30.4165458679, -55.461151123, 19.0338439941, -39.826171875, 12.1185379028, -34.0523490906, 5.91160774231, -16.0102519989, 4.54211807251, -9.11238765717],
        "cov": [[24783.3144531, -130.32510376, -427.594329834, 797.220825195, -235.32421875, 661.961730957, -467.891571045, 431.473358154, -509.479248047, 68.2171707153, -242.642807007, 197.767120361, -84.15184021], [-130.32510376, 960.920959473, -212.773544312, -56.078742981, 121.36302948, -17.9325275421, 111.874778748, -10.2510070801, 57.5224876404, -0.532721281052, 84.2489013672, -16.5520343781, 66.8576812744], [-427.594329834, -212.773544312, 862.752746582, 222.397369385, 83.4490585327, 44.2302246094, -8.58438014984, 69.7066040039, 32.6832313538, -0.0567974038422, -31.660282135, 7.89429330826, -29.8939323425], [797.220825195, -56.078742981, 222.397369385, 393.305297852, 97.8734664917, 64.5026931763, 37.3727798462, 38.5838165283, 22.6941356659, 4.87709856033, -14.2506170273, 13.5146837234, -26.1928958893], [-235.32421875, 121.36302948, 83.4490585327, 97.8734664917, 341.926574707, 121.316123962, 120.587402344, 32.7603187561, 53.1335487366, 6.09529447556, 17.2948188782, 12.2622747421, 16.8539829254], [661.961730957, -17.9325275421, 44.2302246094, 64.5026931763, 121.316123962, 240.513244629, 84.0856018066, 46.5834159851, 15.7819280624, 20.7475738525, 15.3533859253, 13.0703935623, 2.21990346909], [-467.891571045, 111.874778748, -8.58438014984, 37.3727798462, 120.587402344, 84.0856018066, 215.233840942, 0.737348794937, 58.7152938843, 12.5687789917, 29.5096187592, 29.6447620392, -4.72831439972], [431.473358154, -10.2510070801, 69.7066040039, 38.5838165283, 32.7603187561, 46.5834159851, 0.737348794937, 138.037536621, 15.8387413025, 0.976875543594, 7.89058303833, 5.75144863129, 14.0140390396], [-509.479248047, 57.5224876404, 32.6832313538, 22.6941356659, 53.1335487366, 15.7819280624, 58.7152938843, 15.8387413025, 122.64200592, 27.2054004669, 35.4959068298, 25.5286655426, 1.78162634373], [68.2171707153, -0.532721281052, -0.0567974038422, 4.87709856033, 6.09529447556, 20.7475738525, 12.5687789917, 0.976875543594, 27.2054004669, 81.1251068115, 29.3399391174, 2.26418566704, 0.522909641266], [-242.642807007, 84.2489013672, -31.660282135, -14.2506170273, 17.2948188782, 15.3533859253, 29.5096187592, 7.89058303833, 35.4959068298, 29.3399391174, 99.0981521606, 24.3263072968, 12.5936851501], [197.767120361, -16.5520343781, 7.89429330826, 13.5146837234, 12.2622747421, 13.0703935623, 29.6447620392, 5.75144863129, 25.5286655426, 2.26418566704, 24.3263072968, 80.2278366089, 5.9429101944], [-84.15184021, 66.8576812744, -29.8939323425, -26.1928958893, 16.8539829254, 2.21990346909, -4.72831439972, 14.0140390396, 1.78162634373, 0.522909641266, 12.5936851501, 5.9429101944, 74.9553451538]],
        "icov": [[8.00279158284e-05, -9.40568716032e-05, 0.000100387354905, -0.000190360762645, 9.19190133573e-05, -0.000286962691462, 0.0002676093427, -0.000234470149735, 0.000345246051438, -0.000234506849665, 0.000280542095425, -0.000445309531642, 0.000177408815944], [-9.40568716032e-05, 0.00155788566917, 0.000172188214492, 0.000215423802729, -0.000529801356606, 0.000823567563202, -0.000958454678766, 0.00033838886884, -0.000723374425434, 0.000774991058279, -0.00142792228144, 0.00151047995314, -0.00124827772379], [0.000100387354905, 0.000172188214492, 0.00163216388319, -0.000914223550353, -0.000193101746845, -0.000264956732281, 0.000582285574637, -0.000795095227659, -9.64192713582e-06, -0.000224112431169, 0.000588789349422, -0.000507995311636, 0.000470387516543], [-0.000190360762645, 0.000215423802729, -0.000914223550353, 0.00375386839733, -0.000871576718055, 0.000360373698641, -0.000697466486599, 0.00012578132737, -0.000855543010402, 0.000323552521877, -0.000113339658128, 0.000543598900549, 0.000653107184917], [9.19190133573e-05, -0.000529801356606, -0.000193101746845, -0.000871576718055, 0.00471617374569, -0.00192066398449, -0.00123905390501, -0.000331013521645, -0.00052598392358, 0.000273243989795, 0.000593630829826, -4.92941981065e-05, -0.000910895643756], [-0.000286962691462, 0.000823567563202, -0.000264956732281, 0.000360373698641, -0.00192066398449, 0.00715103419498, -0.00285319145769, -0.000861739274114, 3.15998186124e-05, -0.000536645995453, -0.00143989897333, 0.00158196804114, -0.000715803122148], [0.0002676093427, -0.000958454678766, 0.000582285574637, -0.000697466486599, -0.00123905390501, -0.00285319145769, 0.00839429628104, 0.000204876763746, -0.00105815497227, -0.00051265314687, 0.000764507509302, -0.00330009753816, 0.00216011377051], [-0.000234470149735, 0.00033838886884, -0.000795095227659, 0.00012578132737, -0.000331013521645, -0.000861739274114, 0.000204876763746, 0.0092290583998, -0.00216039828956, 0.00151121267118, -0.001431205892, 0.00140623527113, -0.0022810769733], [0.000345246051438, -0.000723374425434, -9.64192713582e-06, -0.000855543010402, -0.00052598392358, 3.15998186124e-05, -0.00105815497227, -0.00216039828956, 0.013045466505, -0.00402776291594, -0.00072480464587, -0.00415202509612, 0.00135351682547], [-0.000234506849665, 0.000774991058279, -0.000224112431169, 0.000323552521877, 0.000273243989795, -0.000536645995453, -0.00051265314687, 0.00151121267118, -0.00402776291594, 0.015811694786, -0.00514493742958, 0.00327966199256, -0.000701462558936], [0.000280542095425, -0.00142792228144, 0.000588789349422, -0.000113339658128, 0.000593630829826, -0.00143989897333, 0.000764507509302, -0.001431205892, -0.00072480464587, -0.00514493742958, 0.0152657534927, -0.00530793005601, -8.21079302114e-05], [-0.000445309531642, 0.00151047995314, -0.000507995311636, 0.000543598900549, -4.92941981065e-05, 0.00158196804114, -0.00330009753816, 0.00140623527113, -0.00415202509612, 0.00327966199256, -0.00530793005601, 0.017746610567, -0.00280617759563], [0.000177408815944, -0.00124827772379, 0.000470387516543, 0.000653107184917, -0.000910895643756, -0.000715803122148, 0.00216011377051, -0.0022810769733, 0.00135351682547, -0.000701462558936, -8.21079302114e-05, -0.00280617759563, 0.0160674732178]]
    },
    "melbands": {
        "mean": [0.00198419974186, 0.00193847960327, 0.00128768861759, 0.000981174176559, 0.000638708879706, 0.000627879984677, 0.000360334350262, 0.000153288870933, 9.25207787077e-05, 0.000145040350617, 0.000135156631586, 0.000178953472641, 0.000194728185306, 0.000139311116072, 7.48169040889e-05, 6.02010150033e-05, 3.17767771776e-05, 4.32882552559e-05, 3.22066152876e-05, 3.79799603252e-05, 2.42944661295e-05, 1.77677538886e-05, 1.65110832313e-05, 1.16791115943e-05, 1.5782441551e-05, 1.2748941117e-05, 1.07666483018e-05, 8.90734918357e-06, 9.36218293646e-06, 7.20213529348e-06, 4.51855839856e-06, 4.27494023825e-06, 4.06844856116e-06, 4.10898564951e-06, 4.42616101282e-06, 3.70210796063e-06, 3.9300739445e-06, 4.55557710666e-06, 5.21680931342e-06, 4.23030678576e-06],
        "stdev": [0.00226187775843, 0.00229198136367, 0.00140135304537, 0.0014801932266, 0.00120529101696, 0.00107668712735, 0.000700234959368, 0.000294343335554, 0.000220933681703, 0.000250777608017, 0.000297195510939, 0.000651195296086, 0.000486125441967, 0.000324083404848, 0.000183219919563, 0.000114486698294, 6.6143082222e-05, 0.000101040015579, 8.14330342109e-05, 6.39067293378e-05, 4.87539618916e-05, 3.60777266906e-05, 3.75274721591e-05, 1.95565444301e-05, 2.29060351558e-05, 1.90063728951e-05, 1.57697868417e-05, 1.32722652779e-05, 1.38968171086e-05, 9.58493365033e-06, 6.11357791058e-06, 6.64148183205e-06, 8.03944385552e-06, 9.54127608566e-06, 9.16000863072e-06, 7.39623465051e-06, 8.02906833997e-06, 1.03320198832e-05, 1.00284451037e-05, 8.6449108494e-06]
    },
    "melbands128": {
        "mean": [0.000268756179139, 0.00161142193247, 0.00284600886516, 0.00246858526953, 0.00176144123543, 0.0015777227236, 0.00133799039759, 0.00125616905279, 0.00107845384628, 0.00102007447276, 0.000892958778422, 0.000747538579162, 0.00051949499175, 0.000478414498502, 0.000813870283309, 0.000562122091651, 0.000433716661064, 0.000386343803257, 0.000220154761337, 0.000122502693557, 0.000192004998098, 8.8187676738e-05, 9.2021029559e-05, 5.98651313339e-05, 0.000148379171151, 0.000200371447136, 8.4576975496e-05, 0.000160350391525, 0.000102502461232, 0.000254780694377, 0.000192422347027, 5.01101349073e-05, 0.000130362052005, 0.000450022111181, 0.000123791425722, 6.99593510944e-05, 0.000107607047539, 4.30880972999e-05, 9.31872054935e-05, 8.34111124277e-05, 5.90629424551e-05, 1.99528694793e-05, 2.27797263506e-05, 4.93982406624e-05, 2.7361438697e-05, 4.40169060312e-05, 6.28763300483e-05, 2.47243679041e-05, 2.14946721826e-05, 3.59499172191e-05, 4.34036410297e-05, 4.2290033889e-05, 1.81144641829e-05, 1.99144014914e-05, 2.83586723526e-05, 1.43853167174e-05, 1.05633189378e-05, 2.2599757358e-05, 1.50912337631e-05, 1.33685034598e-05, 9.74232807494e-06, 1.06369407149e-05, 1.91391773114e-05, 1.65046967595e-05, 1.20122786029e-05, 1.19279484352e-05, 1.44223358802e-05, 1.17880435937e-05, 9.21483206184e-06, 1.04649398054e-05, 8.53465462569e-06, 8.32305340737e-06, 9.39771507547e-06, 9.94455422187e-06, 8.6300969997e-06, 8.23051414045e-06, 6.30343583907e-06, 4.72868669021e-06, 4.05910304835e-06, 4.58517797597e-06, 4.18036461269e-06, 4.3621603254e-06, 4.01941861128e-06, 3.79690004593e-06, 4.35701304013e-06, 4.24461813964e-06, 3.70450311493e-06, 4.4827252168e-06, 4.82595760332e-06, 4.15413205701e-06, 3.65664868696e-06, 3.57134240403e-06, 3.73413922716e-06, 3.87589216189e-06, 4.08846199207e-06, 4.32446222476e-06, 4.7669873311e-06, 4.62597972728e-06, 5.51621724298e-06, 5.45352077097e-06, 4.52409904028e-06, 4.10180609833e-06, 3.76620232601e-06, 3.43185320162e-06, 3.20027402267e-06, 2.64934010374e-06, 2.18127729568e-06, 1.80435870334e-06, 1.53799862801e-06, 1.33744129016e-06, 1.06788149878e-06, 9.26908910515e-07, 6.96691699886e-07, 6.11065843259e-07, 6.07033882716e-07, 8.172431194e-07, 1.19459525649e-06, 1.02777882205e-07, 7.71903287816e-12, 4.78721185956e-12, 4.52438824253e-12, 4.34974278818e-12, 4.20803669687e-12, 4.10203858728e-12, 4.01959108359e-12, 3.96036892517e-12, 3.91778189751e-12, 3.88612406144e-12],
        "stdev": [0.000420016847784, 0.0022586947307, 0.00337355863303, 0.00298839225434, 0.00256129610352, 0.00220567616634, 0.00174470071215, 0.00163568812422, 0.00167940929532, 0.00204152381048, 0.00204413686879, 0.00195464794524, 0.00143929151818, 0.00130045448896, 0.00162213924341, 0.00123934750445, 0.00126162637025, 0.00100604433101, 0.000603954831604, 0.000303966400679, 0.000512700818945, 0.000288113456918, 0.000333830277668, 0.000195207918296, 0.000293786375551, 0.000431633816333, 0.000290110940114, 0.000488289748318, 0.000354347605025, 0.00104672054294, 0.000814693048596, 0.000157627669978, 0.000310230709147, 0.00144082156476, 0.000379224744393, 0.000277484592516, 0.000408691441407, 0.000226153002586, 0.000266856630333, 0.000217807173613, 0.000156259091455, 6.23007144895e-05, 6.48339046165e-05, 0.000132806817419, 0.000100174154795, 0.000151826738147, 0.00021499338618, 0.000131539738504, 7.75521111791e-05, 0.000108789929072, 9.01144157979e-05, 8.89691145858e-05, 6.93894544384e-05, 7.68048048485e-05, 8.15866733319e-05, 4.17291412305e-05, 3.66005588148e-05, 6.81314922986e-05, 4.50553270639e-05, 3.36748489644e-05, 2.08697492781e-05, 2.14376996155e-05, 3.46727720171e-05, 3.02791704598e-05, 2.38848879235e-05, 2.40090012085e-05, 2.75471447821e-05, 2.49989461736e-05, 1.66518439073e-05, 1.86140623555e-05, 1.60974977916e-05, 1.48541739691e-05, 1.58366310643e-05, 1.9726332539e-05, 1.54567387654e-05, 1.2609386431e-05, 1.02641297417e-05, 7.07441449777e-06, 6.05008381172e-06, 7.4333925113e-06, 6.9830252869e-06, 7.99830195319e-06, 7.53495078243e-06, 8.44405349198e-06, 1.02474823507e-05, 1.12324541988e-05, 9.41888902162e-06, 1.06231073005e-05, 1.04595856101e-05, 8.95676384971e-06, 7.81092057878e-06, 7.85148222349e-06, 8.34654474602e-06, 8.24237486086e-06, 9.41202688409e-06, 1.0340213521e-05, 1.20405466078e-05, 1.14606082207e-05, 1.14310714707e-05, 1.01793984868e-05, 9.32649254537e-06, 9.54276401899e-06, 8.93945434655e-06, 7.66129596741e-06, 7.44389262763e-06, 6.22722745902e-06, 5.14359771842e-06, 4.56222778666e-06, 4.18260697188e-06, 3.87225827581e-06, 3.05162757286e-06, 2.45125238507e-06, 1.62587207342e-06, 1.33642197397e-06, 1.25607959944e-06, 1.89851334653e-06, 3.38172708325e-06, 2.22074177714e-07, 2.53181156595e-11, 7.71223623158e-12, 7.30547740357e-12, 7.03122282619e-12, 6.82289467979e-12, 6.66004100827e-12, 6.53087956978e-12, 6.43227615268e-12, 6.36216860445e-12, 6.31844142979e-12]
    },
    "mfcc": {
        "mean": [-634.041320801, 100.543968201, 18.3621482849, 19.0188579559, 9.56481552124, 3.79276871681, 9.27728462219, -0.315902292728, -0.327565640211, -3.29224777222, -5.68164777756, -1.32452452183, 1.66630029678],
        "cov": [[11900.9736328, 361.01663208, 193.630081177, 272.465148926, 457.433197021, 234.619644165, 328.039031982, 197.408096313, 115.428581238, 58.543598175, -78.3678665161, -12.8736591339, 67.0129928589], [361.01663208, 972.608886719, -156.610870361, -0.518329679966, 25.2343635559, 7.32765245438, 68.7469482422, -2.27384781837, 41.26745224, -7.24398994446, 13.0071744919, 15.963098526, 16.460144043], [193.630081177, -156.610870361, 612.304321289, 144.423416138, 100.267829895, 5.50913095474, -0.402166098356, 30.048116684, 13.7451467514, 10.7264451981, 24.6174983978, 14.775809288, -18.2123336792], [272.465148926, -0.518329679966, 144.423416138, 322.752227783, 80.0231781006, 56.2082710266, 19.2655639648, 47.2359848022, 27.8652973175, 3.39673471451, 22.9595355988, 19.4606590271, 3.24448680878], [457.433197021, 25.2343635559, 100.267829895, 80.0231781006, 250.7940979, 46.5676498413, 70.4261474609, 51.7468948364, 49.2317848206, 33.8445091248, 4.78597974777, 18.4272346497, 12.2062940598], [234.619644165, 7.32765245438, 5.50913095474, 56.2082710266, 46.5676498413, 233.659103394, 77.0751113892, 65.1352081299, 34.6637229919, 33.1607933044, 37.3543014526, 17.5901165009, 35.9534072876], [328.039031982, 68.7469482422, -0.402166098356, 19.2655639648, 70.4261474609, 77.0751113892, 160.040084839, 52.3916664124, 37.9128952026, 33.5767555237, 10.2565670013, 13.5283880234, 12.3484077454], [197.408096313, -2.27384781837, 30.048116684, 47.2359848022, 51.7468948364, 65.1352081299, 52.3916664124, 147.044815063, 47.4155273438, 9.83331203461, 27.1779270172, 29.1926364899, 26.3657913208], [115.428581238, 41.26745224, 13.7451467514, 27.8652973175, 49.2317848206, 34.6637229919, 37.9128952026, 47.4155273438, 100.769432068, 27.6071968079, 9.15115261078, 4.05586862564, 8.77096271515], [58.543598175, -7.24398994446, 10.7264451981, 3.39673471451, 33.8445091248, 33.1607933044, 33.5767555237, 9.83331203461, 27.6071968079, 83.111289978, 17.9459037781, 10.4209070206, 8.93078517914], [-78.3678665161, 13.0071744919, 24.6174983978, 22.9595355988, 4.78597974777, 37.3543014526, 10.2565670013, 27.1779270172, 9.15115261078, 17.9459037781, 78.6574172974, 35.8662490845, 18.2901306152], [-12.8736591339, 15.963098526, 14.775809288, 19.4606590271, 18.4272346497, 17.5901165009, 13.5283880234, 29.1926364899, 4.05586862564, 10.4209070206, 35.8662490845, 85.3087158203, 38.8874130249], [67.0129928589, 16.460144043, -18.2123336792, 3.24448680878, 12.2062940598, 35.9534072876, 12.3484077454, 26.3657913208, 8.77096271515, 8.93078517914, 18.2901306152, 38.8874130249, 76.1876678467]],
        "icov": [[9.66426814557e-05, -3.16279110848e-05, -1.85127046279e-05, -4.27009108535e-05, -0.000114459639008, -3.17476697091e-05, -0.00011360978533, -6.09825183346e-05, 4.62231510028e-05, -3.96627001464e-06, 0.00015957422147, 7.5714677223e-05, -8.97520003491e-05], [-3.16279110848e-05, 0.0011742025381, 0.000340675469488, -8.3657731011e-05, -7.09024316166e-05, 0.000188479665667, -0.00055533851264, 0.000439152761828, -0.000587365124375, 0.000527963449713, -0.000428117549745, -0.000167314268765, -8.65082183736e-05], [-1.85127046279e-05, 0.000340675469488, 0.00206456822343, -0.000728681043256, -0.00068961607758, 0.000228846285609, 0.000195614600671, -5.66208400414e-05, 1.52741013153e-05, 8.93744163477e-06, -0.000649913621601, -0.000227799551794, 0.000727109203581], [-4.27009108535e-05, -8.3657731011e-05, -0.000728681043256, 0.00390641158447, -0.000763113901485, -0.000780505302828, 0.00049163796939, -0.00045250687981, -0.000402432255214, 0.000661922676954, -0.000447725731647, -0.000508390832692, 0.000618299818598], [-0.000114459639008, -7.09024316166e-05, -0.00068961607758, -0.000763113901485, 0.00567613868043, 6.6557986429e-05, -0.00144929788075, -0.00051510182675, -0.00127140816767, -0.00120809546206, 0.00112176372204, -0.000740649702493, -0.00014727859525], [-3.17476697091e-05, 0.000188479665667, 0.000228846285609, -0.000780505302828, 6.6557986429e-05, 0.00624647596851, -0.00218027224764, -0.00118637958076, -7.40969844628e-05, -0.000919690239243, -0.00216990383342, 0.00163094117306, -0.00231452588923], [-0.00011360978533, -0.00055533851264, 0.000195614600671, 0.00049163796939, -0.00144929788075, -0.00218027224764, 0.00947029702365, -0.0018332292093, -0.000598788086791, -0.00219265557826, 0.000967174244579, -0.00078266847413, 0.00109955191147], [-6.09825183346e-05, 0.000439152761828, -5.66208400414e-05, -0.00045250687981, -0.00051510182675, -0.00118637958076, -0.0018332292093, 0.0103543894365, -0.00379187706858, 0.00228733592667, -0.00175868114457, -0.00167156185489, -0.00123546714894], [4.62231510028e-05, -0.000587365124375, 1.52741013153e-05, -0.000402432255214, -0.00127140816767, -7.40969844628e-05, -0.000598788086791, -0.00379187706858, 0.0138148693368, -0.00365901738405, 0.000281468994217, 0.00172100868076, -0.000352523231413], [-3.96627001464e-06, 0.000527963449713, 8.93744163477e-06, 0.000661922676954, -0.00120809546206, -0.000919690239243, -0.00219265557826, 0.00228733592667, -0.00365901738405, 0.0155083220452, -0.00308453151956, -0.000502836075611, -0.000344761210727], [0.00015957422147, -0.000428117549745, -0.000649913621601, -0.000447725731647, 0.00112176372204, -0.00216990383342, 0.000967174244579, -0.00175868114457, 0.000281468994217, -0.00308453151956, 0.0182773414999, -0.00652294559404, 0.000382770580472], [7.5714677223e-05, -0.000167314268765, -0.000227799551794, -0.000508390832692, -0.000740649702493, 0.00163094117306, -0.00078266847413, -0.00167156185489, 0.00172100868076, -0.000502836075611, -0.00652294559404, 0.0189173333347, -0.0082378750667], [-8.97520003491e-05, -8.65082183736e-05, 0.000727109203581, 0.000618299818598, -0.00014727859525, -0.00231452588923, 0.00109955191147, -0.00123546714894, -0.000352523231413, -0.000344761210727, 0.000382770580472, -0.0082378750667, 0.0189296212047]]
    },
    "spectral_contrast_coeffs": {
        "mean": [-0.722354233265, -0.727815628052, -0.724249243736, -0.774543404579, -0.800276219845, -0.797437727451],
        "stdev": [0.0810013338923, 0.0804000645876, 0.0800592824817, 0.0614322610199, 0.0414407551289, 0.0354079268873]
    },
    "spectral_contrast_valleys": {
        "mean": [-6.68461561203, -7.1591129303, -7.85978651047, -8.06161785126, -7.65837430954, -9.67853546143],
        "stdev": [2.34456467628, 2.16712498665, 2.13589453697, 2.12668585777, 2.18352079391, 2.10911822319]
    }
},
"rhythm": {
    "beats_count": 395,
    "beats_loudness": {
        "mean": 0.0421372428536,
        "stdev": 0.0220669768751
    },
    "bpm": 96.2967300415,
    "bpm_histogram_first_peak_bpm": 96,
    "bpm_histogram_first_peak_weight": 0.335917294025,
    "bpm_histogram_second_peak_bpm": 101,
    "bpm_histogram_second_peak_spread": 0,
    "bpm_histogram_second_peak_weight": 0.0126903550699,
    "danceability": 1.09169590473,
    "onset_rate": 5.0892791748,
    "beats_loudness_band_ratio": {
        "mean": [0.39807960391, 0.235270887613, 0.109862558544, 0.122546955943, 0.0648619383574, 0.112643532455],
        "stdev": [0.203831806779, 0.143079102039, 0.0907697752118, 0.118513949215, 0.047525446862, 0.0785258114338]
    },
    "beats_position": [0.580498874187, 1.17260766029, 1.764716506, 2.35682535172, 2.94893407822, 3.54104304314, 4.14476203918, 4.74848079681, 5.36380958557, 5.99074840546, 6.6176867485, 7.24462556839, 7.85995435715, 8.47528362274, 9.10222244263, 9.72916126251, 10.3560991287, 10.9830379486, 11.6099767685, 12.2253055573, 12.840634346, 13.4675731659, 14.0945119858, 14.7098407745, 15.3251695633, 15.9521083832, 16.5790481567, 17.2059860229, 17.8329238892, 18.4598636627, 19.0868015289, 19.7021312714, 20.3174591064, 20.94439888, 21.5713367462, 22.1982765198, 22.825214386, 23.4405441284, 24.0558719635, 24.6828117371, 25.3213596344, 25.9366893768, 26.5520172119, 27.1673469543, 27.7942848206, 28.4212245941, 29.0481624603, 29.6751022339, 30.290430069, 30.9057598114, 31.5326976776, 32.1596374512, 32.7749671936, 33.3902931213, 34.0172348022, 34.6441726685, 35.2711105347, 35.8980484009, 36.5249862671, 37.151927948, 37.7788658142, 38.3941955566, 39.0095214844, 39.6364631653, 40.2634010315, 40.8903388977, 41.5172767639, 42.1442184448, 42.7595443726, 43.374874115, 44.0018119812, 44.6287536621, 45.2440795898, 45.8594093323, 46.4863471985, 47.1132888794, 47.7402267456, 48.3671646118, 48.994102478, 49.6210403442, 50.2363700867, 50.8516998291, 51.4786376953, 52.1055755615, 52.720905304, 53.3362350464, 53.9631729126, 54.5901107788, 55.2170524597, 55.8439903259, 56.4593200684, 57.0862579346, 57.701587677, 58.3285255432, 58.9554634094, 59.5824012756, 60.2093429565, 60.8362808228, 61.4516105652, 62.0669364929, 62.6938781738, 63.32081604, 63.9477539062, 64.5746917725, 65.1900177002, 65.8053512573, 66.4322891235, 67.0592269897, 67.686164856, 68.3131027222, 68.9400405884, 69.5553741455, 70.1707000732, 70.7976379395, 71.4245758057, 72.0515213013, 72.666847229, 73.2937850952, 73.9091110229, 74.5360565186, 75.1629943848, 75.789932251, 76.4052581787, 77.0321960449, 77.6475296021, 78.2744674683, 78.9014053345, 79.5283432007, 80.1552810669, 80.7706069946, 81.3859405518, 82.012878418, 82.6398162842, 83.2667541504, 83.8936920166, 84.5090255737, 85.1359634399, 85.7512893677, 86.3782272339, 87.0051651001, 87.6204986572, 88.235824585, 88.8627624512, 89.4897003174, 90.116645813, 90.7435836792, 91.3705215454, 91.9858474731, 92.6011810303, 93.2281188965, 93.8550567627, 94.4819946289, 95.1089324951, 95.7358703613, 96.3511962891, 96.9665298462, 97.5934677124, 98.2204055786, 98.8357315063, 99.462677002, 100.089614868, 100.704940796, 101.331878662, 101.958816528, 102.585754395, 103.21269989, 103.828025818, 104.443351746, 105.070289612, 105.697235107, 106.324172974, 106.939498901, 107.554824829, 108.181770325, 108.808708191, 109.435646057, 110.050971985, 110.677909851, 111.293243408, 111.920181274, 112.547119141, 113.174057007, 113.800994873, 114.427932739, 115.043266296, 115.658592224, 116.28553009, 116.912467957, 117.539405823, 118.166343689, 118.770065308, 119.397003174, 120.02394104, 120.650878906, 121.266212463, 121.89315033, 122.520088196, 123.135414124, 123.762359619, 124.389297485, 125.016235352, 125.643173218, 126.258499146, 126.873832703, 127.500770569, 128.127700806, 128.754638672, 129.381591797, 129.996917725, 130.612243652, 131.239181519, 131.866119385, 132.493057251, 133.119995117, 133.735321045, 134.350662231, 134.977600098, 135.604537964, 136.23147583, 136.858413696, 137.473739624, 138.089065552, 138.716003418, 139.342941284, 139.96987915, 140.596817017, 141.223754883, 141.839096069, 142.454421997, 143.081359863, 143.708297729, 144.335235596, 144.950561523, 145.565887451, 146.192825317, 146.819763184, 147.446716309, 148.073654175, 148.688980103, 149.30430603, 149.931243896, 150.558181763, 151.185119629, 151.812057495, 152.438995361, 153.054321289, 153.669662476, 154.296600342, 154.91192627, 155.527252197, 156.154190063, 156.78112793, 157.408065796, 158.035003662, 158.661941528, 159.288879395, 159.904220581, 160.531158447, 161.146484375, 161.773422241, 162.388748169, 163.004074097, 163.631011963, 164.257949829, 164.884887695, 165.51184082, 166.138778687, 166.765716553, 167.38104248, 167.996368408, 168.623306274, 169.250244141, 169.877182007, 170.504119873, 171.131057739, 171.746398926, 172.361724854, 172.98866272, 173.615600586, 174.242538452, 174.869476318, 175.484802246, 176.100128174, 176.72706604, 177.354003906, 177.980941772, 178.596282959, 179.223220825, 179.838546753, 180.465484619, 181.092422485, 181.719360352, 182.334686279, 182.950012207, 183.576965332, 184.203903198, 184.830841064, 185.457778931, 186.084716797, 186.711654663, 187.326980591, 187.942306519, 188.569244385, 189.196182251, 189.823120117, 190.450057983, 191.06539917, 191.680725098, 192.307662964, 192.93460083, 193.561538696, 194.188476562, 194.80380249, 195.419128418, 196.046066284, 196.673019409, 197.288345337, 197.903671265, 198.530609131, 199.157546997, 199.784484863, 200.411422729, 201.038360596, 201.665298462, 202.28062439, 202.895965576, 203.522903442, 204.149841309, 204.776779175, 205.403717041, 206.019042969, 206.634368896, 207.261306763, 207.888244629, 208.515182495, 209.142120361, 209.757461548, 210.372787476, 210.999725342, 211.626663208, 212.253601074, 212.88053894, 213.495864868, 214.111190796, 214.738143921, 215.365081787, 215.992019653, 216.61895752, 217.234283447, 217.849609375, 218.476547241, 219.103485107, 219.730422974, 220.35736084, 220.984298706, 221.599639893, 222.21496582, 222.841903687, 223.468841553, 224.095779419, 224.711105347, 225.326431274, 225.953369141, 226.580307007, 227.207244873, 227.834197998, 228.461135864, 229.076461792, 229.69178772, 230.318725586, 230.945663452, 231.572601318, 232.199539185, 232.826477051, 233.441802979, 234.057144165, 234.684082031, 235.311019897, 235.926345825, 236.541671753, 237.168609619, 237.795547485, 238.422485352, 239.049423218, 239.664764404, 240.280090332, 240.907028198, 241.533966064, 242.160903931, 242.787841797, 243.414779663, 244.053329468, 244.691879272, 245.376861572, 246.050247192],
    "bpm_histogram": [0, 0, 0, 0, 0, 0, 0, 0, 0, 0, 0, 0, 0, 0, 0, 0, 0, 0, 0, 0, 0, 0, 0, 0, 0, 0, 0, 0, 0, 0, 0, 0, 0, 0, 0, 0, 0, 0, 0, 0, 0, 0, 0, 0, 0, 0, 0, 0, 0, 0, 0, 0, 0, 0, 0, 0, 0, 0, 0, 0, 0, 0, 0, 0, 0, 0, 0, 0, 0, 0, 0, 0, 0, 0, 0, 0, 0, 0, 0, 0, 0, 0, 0, 0, 0, 0, 0, 0, 0.00253807101399, 0.00253807101399, 0, 0, 0, 0, 0.00761421304196, 0, 0.652284264565, 0, 0.31472080946, 0.00761421304196, 0, 0.0126903550699, 0, 0, 0, 0, 0, 0, 0, 0, 0, 0, 0, 0, 0, 0, 0, 0, 0, 0, 0, 0, 0, 0, 0, 0, 0, 0, 0, 0, 0, 0, 0, 0, 0, 0, 0, 0, 0, 0, 0, 0, 0, 0, 0, 0, 0, 0, 0, 0, 0, 0, 0, 0, 0, 0, 0, 0, 0, 0, 0, 0, 0, 0, 0, 0, 0, 0, 0, 0, 0, 0, 0, 0, 0, 0, 0, 0, 0, 0, 0, 0, 0, 0, 0, 0, 0, 0, 0, 0, 0, 0, 0, 0, 0, 0, 0, 0, 0, 0, 0, 0, 0, 0, 0, 0, 0, 0, 0, 0, 0, 0, 0, 0, 0, 0, 0, 0, 0, 0, 0, 0, 0, 0, 0, 0, 0, 0, 0, 0, 0, 0, 0, 0, 0, 0, 0, 0, 0, 0, 0, 0, 0, 0, 0, 0, 0, 0, 0, 0]
},
"tonal": {
    "chords_changes_rate": 0.0421448722482,
    "chords_number_rate": 0.00150517409202,
    "chords_strength": {
        "mean": 0.558230161667,
        "stdev": 0.142508894205
    },
    "hpcp_crest": {
        "mean": 14.4883451462,
        "stdev": 7.28827428818
    },
    "hpcp_entropy": {
        "mean": 1.85759186745,
        "stdev": 0.745141208172
    },
    "key_edma": {
        "strength": 0.896721482277,
        "key": "F",
        "scale": "major"
    },
    "key_krumhansl": {
        "strength": 0.903279483318,
        "key": "F",
        "scale": "major"
    },
    "key_temperley": {
        "strength": 0.904662251472,
        "key": "F",
        "scale": "major"
    },
    "tuning_diatonic_strength": 0.704293489456,
    "tuning_equal_tempered_deviation": 0.387439876795,
    "tuning_frequency": 434.193115234,
    "tuning_nontempered_energy_ratio": 0.987275898457,
    "hpcp": {
        "mean": [0.151468858123, 0.233585089445, 0.177446857095, 0.111756369472, 0.143084004521, 0.105939954519, 0.0615360364318, 0.0778531804681, 0.0939995348454, 0.219391524792, 0.348393917084, 0.21454025805, 0.0641945153475, 0.0520415008068, 0.0519908890128, 0.0950463786721, 0.171814322472, 0.141078352928, 0.0554845221341, 0.0345679037273, 0.0364207588136, 0.0744207426906, 0.131702780724, 0.134902641177, 0.204627722502, 0.324968039989, 0.228940099478, 0.0865560472012, 0.0658936426044, 0.0674942135811, 0.104786075652, 0.149628698826, 0.120823517442, 0.075512394309, 0.0725080743432, 0.0858331099153],
        "stdev": [0.247089922428, 0.3231318295, 0.267759114504, 0.219157353044, 0.287895977497, 0.224350005388, 0.153241381049, 0.177728742361, 0.199523627758, 0.27702498436, 0.364152371883, 0.256357371807, 0.160868674517, 0.148525312543, 0.147481814027, 0.195890933275, 0.293644577265, 0.257048100233, 0.141781076789, 0.107508294284, 0.111323684454, 0.147815302014, 0.212340280414, 0.208380073309, 0.262588322163, 0.348756849766, 0.269017368555, 0.178776621819, 0.161965996027, 0.169242739677, 0.204374566674, 0.241311132908, 0.21259893477, 0.179625123739, 0.181859597564, 0.20120382309]
    },
    "chords_histogram": [33.2831611633, 11.0630292892, 14.4684858322, 0, 1.74976480007, 0.11288805306, 0.714957654476, 0, 0.714957654476, 0, 0, 0, 0, 0, 0, 0.790216386318, 0, 9.59548473358, 0.0376293510199, 0.639698982239, 0, 1.37347126007, 9.12511730194, 16.3311386108],
    "thpcp": [1, 0.615797936916, 0.184258431196, 0.149375453591, 0.149230182171, 0.272812962532, 0.493161082268, 0.404939204454, 0.159258008003, 0.0992207452655, 0.10453902185, 0.21361091733, 0.378028362989, 0.387212961912, 0.587345838547, 0.932760357857, 0.657130002975, 0.248443052173, 0.189135462046, 0.19372959435, 0.300768971443, 0.429481387138, 0.346801459789, 0.216744288802, 0.208120957017, 0.246367990971, 0.434763222933, 0.670462608337, 0.509328246117, 0.320775896311, 0.410696059465, 0.304080963135, 0.176627755165, 0.223463088274, 0.269808202982, 0.629722595215],
    "chords_key": "F",
    "chords_scale": "major"
}
}