{
"metadata": {
    "version": {
        "essentia": "2.1-dev",
        "essentia_git_sha": "v2.1_beta3-415-gd5473f3",
        "extractor": "music 2.0"
    },
    "audio_properties": {
        "analysis": {
            "equal_loudness": 0,
            "length": 234.9453125,
            "sample_rate": 44100,
            "start_time": 0,
            "downmix": "mix"
        },
        "bit_rate": 192000,
        "length": 234.9453125,
        "lossless": 0,
        "number_channels": 2,
        "replay_gain": -11.0109100342,
        "sample_rate": 44100,
        "codec": "mp3",
        "md5_encoded": "662f27f21a302e33c95b70ec1e0c50c9"
    },
    "tags": {
        "file_name": "presuntos_implicados-parte_de_mi.mp3",
        "album": ["Gente 28"],
        "artist": ["Presuntos Implicados"],
        "genre": ["Other"],
        "title": ["Parte De Mi"]
    }
},
"lowlevel": {
    "average_loudness": 0.821021616459,
    "barkbands_crest": {
        "mean": 11.4952507019,
        "stdev": 4.41863822937
    },
    "barkbands_flatness_db": {
        "mean": 0.165429517627,
        "stdev": 0.0537163242698
    },
    "barkbands_kurtosis": {
        "mean": 9.03400230408,
        "stdev": 21.6305885315
    },
    "barkbands_skewness": {
        "mean": 2.17657184601,
        "stdev": 1.39917004108
    },
    "barkbands_spread": {
        "mean": 15.6674118042,
        "stdev": 12.1277551651
    },
    "dissonance": {
        "mean": 0.44605794549,
        "stdev": 0.0368277467787
    },
    "dynamic_complexity": 4.93531608582,
    "erbbands_crest": {
        "mean": 10.3252830505,
        "stdev": 4.6523270607
    },
    "erbbands_flatness_db": {
        "mean": 0.159524977207,
        "stdev": 0.050367474556
    },
    "erbbands_kurtosis": {
        "mean": 1.09762585163,
        "stdev": 2.89534974098
    },
    "erbbands_skewness": {
        "mean": 0.730607092381,
        "stdev": 0.825364410877
    },
    "erbbands_spread": {
        "mean": 38.215133667,
        "stdev": 20.4718227386
    },
    "hfc": {
        "mean": 15.1183795929,
        "stdev": 15.640381813
    },
    "loudness_ebu128": {
        "integrated": -12.3699007034,
        "loudness_range": 9.68834781647,
        "momentary": {
            "mean": -15.537320137,
            "stdev": 15.0315189362
        },
        "short_term": {
            "mean": -14.0999193192,
            "stdev": 4.92520284653
        }
    },
    "melbands_crest": {
        "mean": 14.750541687,
        "stdev": 5.35993051529
    },
    "melbands_flatness_db": {
        "mean": 0.246950894594,
        "stdev": 0.0667259991169
    },
    "melbands_kurtosis": {
        "mean": 19.8926448822,
        "stdev": 24.0226745605
    },
    "melbands_skewness": {
        "mean": 3.06820893288,
        "stdev": 1.74956798553
    },
    "melbands_spread": {
        "mean": 14.6608953476,
        "stdev": 13.9749498367
    },
    "pitch_salience": {
        "mean": 0.525163590908,
        "stdev": 0.117164596915
    },
    "silence_rate_20dB": {
        "mean": 1,
        "stdev": 0
    },
    "silence_rate_30dB": {
        "mean": 0.99594861269,
        "stdev": 0.0635202527046
    },
    "silence_rate_60dB": {
        "mean": 0.130434781313,
        "stdev": 0.336800038815
    },
    "spectral_centroid": {
        "mean": 945.033813477,
        "stdev": 808.617370605
    },
    "spectral_complexity": {
        "mean": 12.7267789841,
        "stdev": 6.51631593704
    },
    "spectral_decrease": {
        "mean": -7.35270688779e-09,
        "stdev": 6.21446627491e-09
    },
    "spectral_energy": {
        "mean": 0.0291221477091,
        "stdev": 0.024361634627
    },
    "spectral_energyband_high": {
        "mean": 0.000502462324221,
        "stdev": 0.00128653540742
    },
    "spectral_energyband_low": {
        "mean": 0.0101860472932,
        "stdev": 0.0148630645126
    },
    "spectral_energyband_middle_high": {
        "mean": 0.00314907869324,
        "stdev": 0.00488436827436
    },
    "spectral_energyband_middle_low": {
        "mean": 0.0164888817817,
        "stdev": 0.0146256126463
    },
    "spectral_entropy": {
        "mean": 7.18724822998,
        "stdev": 0.505531907082
    },
    "spectral_flux": {
        "mean": 0.0673508420587,
        "stdev": 0.0487210676074
    },
    "spectral_kurtosis": {
        "mean": 6.49543380737,
        "stdev": 5.33000516891
    },
    "spectral_rms": {
        "mean": 0.00476526701823,
        "stdev": 0.00238831038587
    },
    "spectral_rolloff": {
        "mean": 988.78338623,
        "stdev": 1720.02392578
    },
    "spectral_skewness": {
        "mean": 1.95634400845,
        "stdev": 0.629882991314
    },
    "spectral_spread": {
        "mean": 4945919,
        "stdev": 2992446.75
    },
    "spectral_strongpeak": {
        "mean": 0.882629334927,
        "stdev": 0.999733924866
    },
    "zerocrossingrate": {
        "mean": 0.0474677421153,
        "stdev": 0.0446425378323
    },
    "barkbands": {
        "mean": [0.000113996829896, 0.00644290586933, 0.00263339513913, 0.00209577544592, 0.00620333617553, 0.00409928383306, 0.00120282464195, 0.00112994655501, 0.00133388419636, 0.000768391997553, 0.000704234233126, 0.000322667590808, 0.000296869082376, 0.000219940033276, 0.000270941411145, 0.000213928564335, 0.000200360896997, 0.000171539300936, 0.000129369625938, 0.000149781262735, 7.09223531885e-05, 6.82046666043e-05, 5.00094320159e-05, 7.15690257493e-05, 8.78398277564e-05, 6.45002583042e-05, 5.75805097469e-06],
        "stdev": [0.000272019620752, 0.0108914142475, 0.00480232900009, 0.00328922318295, 0.00785897765309, 0.00651154061779, 0.00233679218218, 0.0026362228673, 0.00393983488902, 0.00290113291703, 0.00205342029221, 0.000902906409465, 0.000684193277266, 0.000970173801761, 0.000705508515239, 0.00050834188005, 0.000699755444657, 0.000337992794812, 0.000234402847127, 0.000437378883362, 0.000313321594149, 0.000319743470754, 0.000148468767293, 0.000165399047546, 0.000314967299346, 0.000199709000299, 2.02204482775e-05]
    },
    "erbbands": {
        "mean": [0.135484084487, 1.60055303574, 3.35935926437, 5.22904825211, 11.3121967316, 23.9063034058, 29.5975856781, 36.7436065674, 18.4435653687, 21.8823757172, 23.2984142303, 34.9673156738, 29.3807659149, 22.0728263855, 26.6520309448, 14.6146249771, 13.6997451782, 13.9405755997, 13.553185463, 11.2465219498, 12.8595552444, 9.14984321594, 9.68242835999, 9.08364772797, 5.62302875519, 6.393491745, 4.43178319931, 2.26931810379, 2.4837038517, 1.9877833128, 1.44691479206, 1.02206099033, 1.56179237366, 1.11329519749, 0.536792516708, 0.240509927273, 0.119663693011, 0.0290098413825, 0.00063009664882, 5.04900235683e-05],
        "stdev": [0.275333285332, 2.65635418892, 5.8122086525, 7.2852473259, 16.3151836395, 34.4400749207, 56.7105865479, 61.9208755493, 29.6297588348, 38.7293434143, 64.7036437988, 103.16960144, 105.146110535, 74.1994247437, 74.6268844604, 38.7124633789, 29.3439903259, 51.6269035339, 41.5706443787, 20.0976848602, 31.5231723785, 26.6017799377, 19.5647277832, 17.9554615021, 7.54765558243, 19.6395072937, 19.3024520874, 10.1180200577, 13.469543457, 7.67924308777, 4.08765983582, 2.02523398399, 4.22194004059, 3.78417205811, 2.14045953751, 0.834256529808, 0.379220306873, 0.104048676789, 0.00210905401036, 6.81691381033e-05]
    },
    "gfcc": {
        "mean": [-36.6416854858, 104.81993866, -96.046257019, 22.8991069794, -53.3909263611, 5.83693742752, -41.3140525818, 11.9021692276, -29.2456207275, 4.70537614822, -14.3048229218, 0.323301643133, -7.89643669128],
        "cov": [[18055.875, -931.783447266, 208.938156128, 456.239990234, -759.895935059, 286.947509766, -837.618041992, 334.869689941, -512.50994873, 10.9340400696, -248.381576538, 262.388244629, -186.263809204], [-931.783447266, 1241.83764648, -348.402374268, -133.812026978, 213.029220581, -73.2013626099, 225.971817017, -29.0285568237, 78.4812011719, -62.7266960144, 160.70274353, -100.583992004, 70.9370727539], [208.938156128, -348.402374268, 907.922790527, 124.13924408, 28.6866779327, 150.067581177, -63.1979141235, -6.59925317764, -26.7858028412, -3.802703619, -81.6756744385, 74.6773300171, -49.7972946167], [456.239990234, -133.812026978, 124.13924408, 459.100494385, 131.380554199, 32.2828636169, 14.5888843536, 21.6095848083, 65.534362793, 2.25524449348, -58.5648231506, 34.9414596558, 6.9119477272], [-759.895935059, 213.029220581, 28.6866779327, 131.380554199, 358.990844727, 61.9813423157, 152.389877319, 18.3400402069, 90.8394851685, 14.4762020111, 10.0029935837, 5.02176952362, 11.2059812546], [286.947509766, -73.2013626099, 150.067581177, 32.2828636169, 61.9813423157, 250.126251221, 90.4608688354, 25.7045230865, -12.3556280136, 32.1186981201, 1.34544599056, -6.14658880234, 7.6399140358], [-837.618041992, 225.971817017, -63.1979141235, 14.5888843536, 152.389877319, 90.4608688354, 300.427947998, 20.3483333588, 81.9781799316, 37.1971168518, 37.8028411865, -18.2249507904, 11.9454851151], [334.869689941, -29.0285568237, -6.59925317764, 21.6095848083, 18.3400402069, 25.7045230865, 20.3483333588, 130.244659424, 25.4869976044, 17.0818805695, 9.92441368103, -1.62813711166, 14.1074028015], [-512.50994873, 78.4812011719, -26.7858028412, 65.534362793, 90.8394851685, -12.3556280136, 81.9781799316, 25.4869976044, 154.203460693, 35.8888778687, 5.48680400848, 13.8396873474, -6.80401515961], [10.9340400696, -62.7266960144, -3.802703619, 2.25524449348, 14.4762020111, 32.1186981201, 37.1971168518, 17.0818805695, 35.8888778687, 100.41028595, 18.1838302612, 7.80773925781, -0.0251067746431], [-248.381576538, 160.70274353, -81.6756744385, -58.5648231506, 10.0029935837, 1.34544599056, 37.8028411865, 9.92441368103, 5.48680400848, 18.1838302612, 120.431159973, -2.61609530449, 33.0628929138], [262.388244629, -100.583992004, 74.6773300171, 34.9414596558, 5.02176952362, -6.14658880234, -18.2249507904, -1.62813711166, 13.8396873474, 7.80773925781, -2.61609530449, 106.862586975, 13.1040830612], [-186.263809204, 70.9370727539, -49.7972946167, 6.9119477272, 11.2059812546, 7.6399140358, 11.9454851151, 14.1074028015, -6.80401515961, -0.0251067746431, 33.0628929138, 13.1040830612, 97.7014389038]],
        "icov": [[0.0001207594687, -0.0001892594737, 0.000106096893433, -0.000244528288022, 0.000270305899903, -0.0003403184528, 0.000335683085723, -0.000462142052129, 0.000453760760138, -0.000261551671429, 0.000243267670157, -0.000543768110219, 0.000482450443087], [-0.0001892594737, 0.00203078775667, -4.77070580018e-06, 0.000820392044261, -0.00127959635574, 0.00114723318256, -0.00130686745979, 0.00131291348953, -0.00135504081845, 0.00203857570887, -0.00208082003519, 0.00220058392733, -0.00155332311988], [0.000106096893433, -4.77070580018e-06, 0.00165208964609, -0.000371528440155, 1.24055104607e-05, -0.00137515668757, 0.000742907635868, -0.000268254516413, 0.000467951787869, 0.000105495048047, 0.00058133591665, -0.0014512486523, 0.00115861441009], [-0.000244528288022, 0.000820392044261, -0.000371528440155, 0.00349052948877, -0.00171193049755, 0.000619853497483, -0.000419406802393, 0.000838010164443, -0.00207567447796, 0.0010809317464, 0.000509780889843, 0.000979661243036, -0.00186816614587], [0.000270305899903, -0.00127959635574, 1.24055104607e-05, -0.00171193049755, 0.00530755612999, -0.00148385984357, -0.000523233728018, -0.00117956730537, -0.000157059403136, -0.000672919559292, 0.00101778539829, -0.00181183614768, 0.00120086921379], [-0.0003403184528, 0.00114723318256, -0.00137515668757, 0.000619853497483, -0.00148385984357, 0.0072351009585, -0.00332917016931, 0.000550378288608, 0.000733529392164, -0.000555019068997, -0.00109351228457, 0.00279472721741, -0.00224835798144], [0.000335683085723, -0.00130686745979, 0.000742907635868, -0.000419406802393, -0.000523233728018, -0.00332917016931, 0.00699586095288, -0.00125326844864, -0.000798943568952, -0.00176229106728, 0.000562466564588, -0.0013771338854, 0.00158137944527], [-0.000462142052129, 0.00131291348953, -0.000268254516413, 0.000838010164443, -0.00117956730537, 0.000550378288608, -0.00125326844864, 0.0103616015986, -0.00347266439348, 0.000873920856975, -0.00184717727825, 0.00306150573306, -0.00330811459571], [0.000453760760138, -0.00135504081845, 0.000467951787869, -0.00207567447796, -0.000157059403136, 0.000733529392164, -0.000798943568952, -0.00347266439348, 0.0123007697985, -0.0045521594584, 0.00164698320441, -0.00383997242898, 0.0036071841605], [-0.000261551671429, 0.00203857570887, 0.000105495048047, 0.0010809317464, -0.000672919559292, -0.000555019068997, -0.00176229106728, 0.000873920856975, -0.0045521594584, 0.0142130134627, -0.00374397402629, 0.00143206340726, -0.00103005510755], [0.000243267670157, -0.00208082003519, 0.00058133591665, 0.000509780889843, 0.00101778539829, -0.00109351228457, 0.000562466564588, -0.00184717727825, 0.00164698320441, -0.00374397402629, 0.012980459258, -0.0026063809637, -0.00152783410158], [-0.000543768110219, 0.00220058392733, -0.0014512486523, 0.000979661243036, -0.00181183614768, 0.00279472721741, -0.0013771338854, 0.00306150573306, -0.00383997242898, 0.00143206340726, -0.0026063809637, 0.0144642470405, -0.00505286175758], [0.000482450443087, -0.00155332311988, 0.00115861441009, -0.00186816614587, 0.00120086921379, -0.00224835798144, 0.00158137944527, -0.00330811459571, 0.0036071841605, -0.00103005510755, -0.00152783410158, -0.00505286175758, 0.0147736193612]]
    },
    "melbands": {
        "mean": [0.00155171821825, 0.00196888879873, 0.00106341217179, 0.00126182462554, 0.00108566321433, 0.000782337796409, 0.000281707645627, 0.000242564376094, 0.000177153560799, 0.000228074481129, 0.000139662719448, 8.31596989883e-05, 8.30986900837e-05, 5.13698869327e-05, 2.6023340979e-05, 3.43946667272e-05, 2.45009887294e-05, 1.99885362235e-05, 1.91127674043e-05, 1.60528361448e-05, 1.52159009303e-05, 1.10592545752e-05, 6.93199217494e-06, 8.87088299351e-06, 7.4552967817e-06, 3.54657504431e-06, 4.47433831141e-06, 4.37173275714e-06, 3.36367475029e-06, 1.59488365625e-06, 1.18081970868e-06, 1.45902913573e-06, 1.23907864236e-06, 1.004190608e-06, 8.9357484967e-07, 6.23368691777e-07, 5.90812874179e-07, 1.05805827388e-06, 1.14206591206e-06, 8.69816915383e-07],
        "stdev": [0.00276161544025, 0.00314808823168, 0.00142077577766, 0.00169802154414, 0.00177552760579, 0.00126720487606, 0.000470278027933, 0.000430391373811, 0.000546723196749, 0.00069456367055, 0.000526032759808, 0.000293985271128, 0.000227052209084, 0.000121228789794, 8.44656387926e-05, 8.32260775496e-05, 0.000111978777568, 7.07913568476e-05, 4.2698062316e-05, 3.83369442716e-05, 4.68282887596e-05, 3.72581889678e-05, 1.44048071888e-05, 1.89191250684e-05, 1.62958876899e-05, 5.55032056582e-06, 7.59986778576e-06, 1.72161981027e-05, 1.72529125848e-05, 5.56551003683e-06, 6.20893706582e-06, 8.89560033102e-06, 5.8992313825e-06, 3.72397630599e-06, 2.75460115517e-06, 1.44213686326e-06, 1.17116064757e-06, 2.91394962915e-06, 3.33486218551e-06, 3.30297916662e-06]
    },
    "melbands128": {
        "mean": [0.000108221116534, 0.000780838541687, 0.00227006780915, 0.0028250804171, 0.0019974920433, 0.00119320873637, 0.00100553699303, 0.00107468781061, 0.00107406324241, 0.00120648555458, 0.00148348405492, 0.00122464541346, 0.00104947469663, 0.00070792430779, 0.00107624917291, 0.000606065441389, 0.00029778201133, 0.000215751264477, 0.000340626196703, 0.000214372819755, 0.000267531402642, 0.000182735006092, 0.000206232522032, 0.000114096692414, 0.000204145762837, 0.000338410405675, 0.000114247224701, 0.000181814844836, 6.87682550051e-05, 7.33397027943e-05, 0.000108684958832, 6.64674007567e-05, 5.36386323802e-05, 0.000151385000208, 3.50002228515e-05, 3.78910408472e-05, 4.15981667174e-05, 2.29237248277e-05, 1.84566106327e-05, 3.03817741951e-05, 5.01658178109e-05, 1.99749483727e-05, 2.57633564615e-05, 2.8703821954e-05, 1.1112510947e-05, 2.48196811299e-05, 2.03694125958e-05, 2.66531060333e-05, 1.46035763464e-05, 5.59107456866e-06, 2.28619392146e-05, 1.97322260647e-05, 8.73705994309e-06, 1.71930096258e-05, 2.05373180506e-05, 8.75452315086e-06, 4.75136721434e-06, 5.99753593633e-06, 6.18568537902e-06, 1.24630942082e-05, 8.18879289e-06, 6.04586512054e-06, 1.22213077702e-05, 6.36581489744e-06, 2.87033321911e-06, 3.55948941433e-06, 4.04370621254e-06, 3.41712370755e-06, 6.25384745945e-06, 3.33389289153e-06, 2.96073403661e-06, 6.58279259369e-06, 4.20669402956e-06, 2.75885190604e-06, 2.14125020648e-06, 1.65818482856e-06, 1.3846084812e-06, 1.16095611702e-06, 1.1881958244e-06, 1.10836651857e-06, 1.44181137784e-06, 1.70986311332e-06, 1.25215740354e-06, 1.06360107566e-06, 1.4339500467e-06, 1.09014854388e-06, 8.38804396608e-07, 8.01138469342e-07, 1.08941696908e-06, 7.88432657828e-07, 6.08008974723e-07, 6.08426660165e-07, 5.85476925608e-07, 5.23698417965e-07, 6.27525423624e-07, 7.73705551183e-07, 1.31298395445e-06, 1.25148915231e-06, 1.03083516478e-06, 1.25794406358e-06, 9.49271452555e-07, 8.3156828623e-07, 7.00116004282e-07, 6.64548281293e-07, 6.06470791809e-07, 5.66876678931e-07, 4.61372195559e-07, 4.56466551668e-07, 3.87262332424e-07, 3.73288685296e-07, 3.81100477398e-07, 3.44972676203e-07, 3.17688858331e-07, 4.87432771479e-07, 4.83923145111e-07, 3.07207898231e-07, 2.29110739269e-07, 2.40585205091e-08, 5.46691034456e-12, 4.30499559612e-12, 4.15847521348e-12, 4.04877086718e-12, 3.94851209021e-12, 3.87079691216e-12, 3.80752851123e-12, 3.76126343613e-12, 3.72902880449e-12, 3.70327509977e-12],
        "stdev": [0.000261228939053, 0.00195448356681, 0.00431297020987, 0.00473528541625, 0.00360902259126, 0.00213549705222, 0.00156960845925, 0.00182175938971, 0.00195174559485, 0.00222208094783, 0.00274255219847, 0.00240563321859, 0.00264260917902, 0.0016931676073, 0.00217452319339, 0.00112246966455, 0.000845175993163, 0.00047777427244, 0.000918995356187, 0.000461211166112, 0.000691075227223, 0.000586292298976, 0.000854971702211, 0.00073021906428, 0.000719532778021, 0.00126369472127, 0.000454038963653, 0.000959711906034, 0.000416568480432, 0.000309398659738, 0.000543773407117, 0.00032221962465, 0.000199427813641, 0.000525961222593, 0.000147786136949, 0.000131710155983, 0.000178708607564, 0.000142617325764, 7.84743679105e-05, 8.59362335177e-05, 0.000145593367051, 0.000103827354906, 0.00017082496197, 0.000176154935616, 5.49186952412e-05, 0.000136145477882, 8.25278257253e-05, 8.06287498563e-05, 4.25118087151e-05, 2.26104893954e-05, 7.05803831806e-05, 5.18909982929e-05, 3.90741333831e-05, 8.70496514835e-05, 9.80617260211e-05, 3.80391575163e-05, 2.02850696951e-05, 2.09763802559e-05, 1.38671366585e-05, 3.22137930198e-05, 2.97283568216e-05, 2.00685699383e-05, 3.55447809852e-05, 1.66839072335e-05, 9.89024920273e-06, 6.97343512002e-06, 8.26818359201e-06, 6.93879292157e-06, 1.35394575409e-05, 8.85904228198e-06, 1.50763007696e-05, 3.14619537676e-05, 2.49664481089e-05, 2.31855356105e-05, 8.07795458968e-06, 5.2226664593e-06, 7.19970785212e-06, 7.13047438694e-06, 7.86669534136e-06, 5.51603716303e-06, 9.81686662271e-06, 1.22912369989e-05, 7.986318451e-06, 6.15647377344e-06, 6.37939274384e-06, 4.32449451182e-06, 3.46927299688e-06, 3.0645978768e-06, 4.00271437684e-06, 2.34581716541e-06, 1.63720358159e-06, 1.47083358115e-06, 1.31680212689e-06, 1.08402457499e-06, 1.39551730172e-06, 2.33072660194e-06, 4.33679451817e-06, 3.86968531529e-06, 2.91698847832e-06, 4.39489849668e-06, 3.68801761397e-06, 3.45941543856e-06, 3.35818322128e-06, 3.01687691717e-06, 2.49085701398e-06, 2.53686584983e-06, 2.19907906285e-06, 2.01268562705e-06, 1.50273751842e-06, 1.19765036288e-06, 1.17641241104e-06, 1.05613185042e-06, 1.03663421669e-06, 2.1673986339e-06, 2.14076726479e-06, 1.18933519389e-06, 8.0326378793e-07, 9.30608194949e-08, 1.43297405192e-11, 7.58071296708e-12, 7.31239201135e-12, 7.10646949273e-12, 6.93668820301e-12, 6.79897110833e-12, 6.68673146367e-12, 6.59944798462e-12, 6.53682837026e-12, 6.49769257496e-12]
    },
    "mfcc": {
        "mean": [-685.072814941, 140.046295166, 13.2918691635, 22.2105140686, 8.96338939667, -4.8168258667, 3.33062124252, -2.92598724365, -2.05095338821, 0.59262919426, -5.12360668182, -2.22288322449, 0.0473682656884],
        "cov": [[9953.40136719, -327.222320557, 380.691375732, 250.051727295, 275.380401611, -170.39163208, -56.626625061, 2.76705408096, -121.237533569, -84.9758224487, -222.716995239, -31.569896698, -2.03928494453], [-327.222320557, 1154.74462891, -226.550109863, -44.5371665955, -12.2582969666, -30.8587875366, 119.126571655, 21.091047287, -28.2453155518, 51.0512733459, 27.7714424133, 60.5760803223, -18.5917739868], [380.691375732, -226.550109863, 671.312438965, -15.3049612045, 85.0393753052, 67.3730239868, -8.04800033569, 2.75176525116, 7.07044696808, -68.1595916748, -4.96838617325, -15.3834028244, -8.51349258423], [250.051727295, -44.5371665955, -15.3049612045, 379.872802734, 99.5388793945, 65.6009216309, -49.1842536926, 70.9406356812, 58.0811424255, 12.6167030334, -14.2776260376, 4.72637701035, 61.9434280396], [275.380401611, -12.2582969666, 85.0393753052, 99.5388793945, 226.779083252, 44.9150810242, 13.7596025467, 41.6784095764, 30.0952415466, 3.17268753052, -10.2125864029, 2.1909160614, 14.4064874649], [-170.39163208, -30.8587875366, 67.3730239868, 65.6009216309, 44.9150810242, 263.225280762, 76.4143295288, 67.6174468994, 70.1992492676, 36.3709526062, 54.7212486267, -27.6969909668, 31.7449073792], [-56.626625061, 119.126571655, -8.04800033569, -49.1842536926, 13.7596025467, 76.4143295288, 219.558670044, 32.3388442993, 27.295419693, 59.3308448792, 18.5882701874, 9.44525814056, -16.2966995239], [2.76705408096, 21.091047287, 2.75176525116, 70.9406356812, 41.6784095764, 67.6174468994, 32.3388442993, 135.469955444, 52.2865219116, 28.4934062958, 17.2544307709, 8.12138843536, 25.706495285], [-121.237533569, -28.2453155518, 7.07044696808, 58.0811424255, 30.0952415466, 70.1992492676, 27.295419693, 52.2865219116, 128.781234741, 44.3966369629, 34.0234642029, -8.94714736938, 19.8261566162], [-84.9758224487, 51.0512733459, -68.1595916748, 12.6167030334, 3.17268753052, 36.3709526062, 59.3308448792, 28.4934062958, 44.3966369629, 137.515197754, 34.117401123, 5.93245315552, 4.08035469055], [-222.716995239, 27.7714424133, -4.96838617325, -14.2776260376, -10.2125864029, 54.7212486267, 18.5882701874, 17.2544307709, 34.0234642029, 34.117401123, 116.051712036, 23.163942337, 7.12270641327], [-31.569896698, 60.5760803223, -15.3834028244, 4.72637701035, 2.1909160614, -27.6969909668, 9.44525814056, 8.12138843536, -8.94714736938, 5.93245315552, 23.163942337, 100.787315369, 16.9412822723], [-2.03928494453, -18.5917739868, -8.51349258423, 61.9434280396, 14.4064874649, 31.7449073792, -16.2966995239, 25.706495285, 19.8261566162, 4.08035469055, 7.12270641327, 16.9412822723, 105.954193115]],
        "icov": [[0.000113856614917, 2.41423949774e-05, -5.8289271692e-05, -7.85932570579e-05, -0.000102851779957, 0.00010029047553, -4.73130166938e-05, -2.93140892609e-05, 0.000124012760352, -2.95533300232e-05, 0.000121151962958, 3.82563230232e-05, -4.86517456011e-06], [2.41423949774e-05, 0.00103770778514, 0.000311046431307, 1.59054172855e-06, -0.000118041876704, 0.00018037193513, -0.000564024026971, -0.000205293705221, 0.000380722514819, -3.73564034817e-05, -0.000194350170204, -0.000389599677874, 0.000137236100272], [-5.8289271692e-05, 0.000311046431307, 0.00188331515528, 0.000372947601136, -0.000682104029693, -0.000608724483754, 5.43672331332e-06, 5.79163206567e-05, -0.000171106730704, 0.000979991513304, -5.75135927647e-05, -0.000199368208996, 0.000278679450275], [-7.85932570579e-05, 1.59054172855e-06, 0.000372947601136, 0.00398037070408, -0.00122745428234, -0.000948872067966, 0.00148881855421, -0.00102215842344, -0.00107450655196, -0.000269773299806, 0.00119318766519, -0.000608387985267, -0.00114159763325], [-0.000102851779957, -0.000118041876704, -0.000682104029693, -0.00122745428234, 0.00563452625647, -0.000341399660101, -0.000360908568837, -0.000697197159752, -0.000553207704797, 3.44135369232e-05, 0.000683595833834, -0.000377065705834, 0.00020643469179], [0.00010029047553, 0.00018037193513, -0.000608724483754, -0.000948872067966, -0.000341399660101, 0.00664974190295, -0.00234980415553, -0.0014462035615, -0.000733469089027, 0.000220463771257, -0.00289999111556, 0.00289618340321, -0.00155642069876], [-4.73130166938e-05, -0.000564024026971, 5.43672331332e-06, 0.00148881855421, -0.000360908568837, -0.00234980415553, 0.00685163773596, -0.000703604775481, -0.000509174540639, -0.00227840105072, 0.00132963818032, -0.00140777009074, 0.00132653152104], [-2.93140892609e-05, -0.000205293705221, 5.79163206567e-05, -0.00102215842344, -0.000697197159752, -0.0014462035615, -0.000703604775481, 0.0103315291926, -0.00256515690126, -0.000409104366554, 0.000208585319342, -0.0010838577291, -0.000866080226842], [0.000124012760352, 0.000380722514819, -0.000171106730704, -0.00107450655196, -0.000553207704797, -0.000733469089027, -0.000509174540639, -0.00256515690126, 0.011796740815, -0.00238657486625, -0.00229155970737, 0.00173390400596, -0.00071604794357], [-2.95533300232e-05, -3.73564034817e-05, 0.000979991513304, -0.000269773299806, 3.44135369232e-05, 0.000220463771257, -0.00227840105072, -0.000409104366554, -0.00238657486625, 0.0100449556485, -0.00199730112217, 0.000123948790133, 8.16092942841e-05], [0.000121151962958, -0.000194350170204, -5.75135927647e-05, 0.00119318766519, 0.000683595833834, -0.00289999111556, 0.00132963818032, 0.000208585319342, -0.00229155970737, -0.00199730112217, 0.012219004333, -0.00384041341022, 0.000494214415085], [3.82563230232e-05, -0.000389599677874, -0.000199368208996, -0.000608387985267, -0.000377065705834, 0.00289618340321, -0.00140777009074, -0.0010838577291, 0.00173390400596, 0.000123948790133, -0.00384041341022, 0.0126545028761, -0.00259239855222], [-4.86517456011e-06, 0.000137236100272, 0.000278679450275, -0.00114159763325, 0.00020643469179, -0.00155642069876, 0.00132653152104, -0.000866080226842, -0.00071604794357, 8.16092942841e-05, 0.000494214415085, -0.00259239855222, 0.0115163624287]]
    },
    "spectral_contrast_coeffs": {
        "mean": [-0.693760335445, -0.717385053635, -0.735124588013, -0.768444955349, -0.774528563023, -0.80195248127],
        "stdev": [0.0905884727836, 0.0831852704287, 0.0776001140475, 0.0594943091273, 0.055977974087, 0.0343476943672]
    },
    "spectral_contrast_valleys": {
        "mean": [-6.77877092361, -7.05964756012, -8.03326225281, -8.42205619812, -8.45680713654, -10.792131424],
        "stdev": [1.77371013165, 1.64365386963, 1.59091639519, 1.58026444912, 1.65249550343, 1.75009644032]
    }
},
"rhythm": {
    "beats_count": 617,
    "beats_loudness": {
        "mean": 0.0360016822815,
        "stdev": 0.0253109391779
    },
    "bpm": 161.604110718,
    "bpm_histogram_first_peak_bpm": 161,
    "bpm_histogram_first_peak_weight": 0.346743285656,
    "bpm_histogram_second_peak_bpm": 152,
    "bpm_histogram_second_peak_spread": 0.147540986538,
    "bpm_histogram_second_peak_weight": 0.0844155848026,
    "danceability": 1.01213943958,
    "onset_rate": 3.07282781601,
    "beats_loudness_band_ratio": {
        "mean": [0.465355962515, 0.290537685156, 0.149973407388, 0.0693872123957, 0.037024769932, 0.03430416435],
        "stdev": [0.269607722759, 0.203901931643, 0.152359560132, 0.0949175730348, 0.0436209402978, 0.0490493103862]
    },
    "beats_position": [0.359909296036, 0.731428563595, 1.11455774307, 1.50929701328, 1.90403628349, 2.28716540337, 2.67029476166, 3.05342388153, 3.43655323982, 3.8196823597, 4.20281171799, 4.59755086899, 4.98067998886, 5.36380958557, 5.74693870544, 6.13006782532, 6.5015873909, 6.87310647964, 7.24462556839, 7.61614513397, 7.98766422272, 8.35918331146, 8.73070240021, 9.10222244263, 9.47374153137, 9.85687065125, 10.22838974, 10.6115188599, 10.9946479797, 11.3777770996, 11.749297142, 12.1208162308, 12.4923353195, 12.8638544083, 13.2469835281, 13.6301136017, 14.0132427216, 14.4079818726, 14.8027210236, 15.1858501434, 15.5689792633, 15.9521083832, 16.3468475342, 16.7299766541, 17.1131057739, 17.4962348938, 17.8909740448, 18.2857131958, 18.6804523468, 19.0751914978, 19.4699325562, 19.8646717072, 20.2594108582, 20.6541500092, 21.0488891602, 21.4436283112, 21.8499774933, 22.2447166443, 22.6394557953, 23.0341949463, 23.4289340973, 23.8236732483, 24.2184123993, 24.6131515503, 25.0078907013, 25.4142398834, 25.8205890656, 26.2269382477, 26.6332874298, 27.1209068298, 27.6085262299, 28.0961437225, 28.5953731537, 29.0946025848, 29.6054420471, 30.0001811981, 30.3949203491, 30.7896595001, 31.1843986511, 31.5791378021, 31.9738769531, 32.357006073, 32.7401351929, 33.111656189, 33.4947853088, 33.8779144287, 34.2494316101, 34.6209526062, 34.9924697876, 35.3639907837, 35.7471199036, 36.1302490234, 36.5017662048, 36.8732872009, 37.244808197, 37.6163253784, 37.9878463745, 38.3593635559, 38.730884552, 39.1140136719, 39.4971427917, 39.8686599731, 40.2401809692, 40.6116981506, 40.9948310852, 41.3779602051, 41.7494773865, 42.1209983826, 42.492515564, 42.8640365601, 43.2471656799, 43.6186828613, 43.9902038574, 44.3617210388, 44.7332420349, 45.1163711548, 45.4878921509, 45.8594093323, 46.2309303284, 46.6140594482, 46.9855766296, 47.3687057495, 47.7518348694, 48.1349639893, 48.5064849854, 48.8780021667, 49.2495231628, 49.6210403442, 49.9925613403, 50.3640823364, 50.7472114563, 51.1187286377, 51.4902496338, 51.8617668152, 52.2332878113, 52.6164169312, 52.999546051, 53.3826751709, 53.7541923523, 54.1257133484, 54.4972343445, 54.8687515259, 55.240272522, 55.6234016418, 56.0065307617, 56.3780479431, 56.7495689392, 57.1210861206, 57.4926071167, 57.8641242981, 58.2356452942, 58.6071662903, 58.9902954102, 59.37342453, 59.7449417114, 60.1164627075, 60.4995918274, 60.859500885, 61.2310180664, 61.6141471863, 61.9972763062, 62.3687973022, 62.7403144836, 63.1118354797, 63.4949645996, 63.8780937195, 64.2496109009, 64.621131897, 64.9926528931, 65.3641738892, 65.7472991943, 66.1188201904, 66.4903411865, 66.8734664917, 67.2449874878, 67.6165084839, 67.98802948, 68.3595428467, 68.7426757812, 69.1258010864, 69.4973220825, 69.8688430786, 70.2403640747, 70.6118774414, 70.995010376, 71.3781356812, 71.7496566772, 72.1211776733, 72.4926986694, 72.8642196655, 73.2473449707, 73.6188659668, 74.001991272, 74.3735122681, 74.7450332642, 75.1165542603, 75.488067627, 75.859588623, 76.2427215576, 76.6258468628, 76.9973678589, 77.368888855, 77.7404098511, 78.1119232178, 78.4834442139, 78.85496521, 79.2380905151, 79.6212234497, 79.9927444458, 80.3642578125, 80.7357788086, 81.1189117432, 81.5020370483, 81.8735580444, 82.2450790405, 82.6166000366, 82.9881134033, 83.3712463379, 83.7543716431, 84.1258926392, 84.4974136353, 84.8689346313, 85.2404556274, 85.6119689941, 85.9834899902, 86.3666229248, 86.74974823, 87.1212692261, 87.4927902222, 87.8643035889, 88.235824585, 88.6073455811, 88.9904708862, 89.3736038208, 89.7451248169, 90.116645813, 90.4997711182, 90.8712921143, 91.2428131104, 91.6259384155, 91.9974594116, 92.3689804077, 92.7521057129, 93.1120147705, 93.4951477051, 93.8782730103, 94.2497940063, 94.6213150024, 94.9928359985, 95.3759613037, 95.7474822998, 96.1190032959, 96.5021286011, 96.8736495972, 97.2451705933, 97.61668396, 97.9882049561, 98.3713378906, 98.7544631958, 99.1259841919, 99.497505188, 99.8690261841, 100.240539551, 100.623672485, 101.006797791, 101.378318787, 101.761451721, 102.121360779, 102.492874146, 102.864395142, 103.247528076, 103.630653381, 104.002174377, 104.373695374, 104.756820679, 105.139953613, 105.511474609, 105.894599915, 106.266120911, 106.637641907, 107.009155273, 107.38067627, 107.752197266, 108.123718262, 108.506843567, 108.878364563, 109.249885559, 109.621406555, 110.085800171, 110.538589478, 110.991378784, 111.444168091, 111.815689087, 112.187210083, 112.558731079, 112.918640137, 113.31337738, 113.708114624, 114.102851868, 114.485984802, 114.857505798, 115.240631104, 115.6121521, 115.983673096, 116.366798401, 116.749931335, 117.121452332, 117.504577637, 117.887710571, 118.259223938, 118.630744934, 119.00226593, 119.373786926, 119.745300293, 120.116821289, 120.488342285, 120.87147522, 121.254600525, 121.626121521, 121.997642517, 122.369155884, 122.74067688, 123.112197876, 123.495323181, 123.878456116, 124.249977112, 124.621498108, 124.993011475, 125.364532471, 125.747665405, 126.13079071, 126.502311707, 126.873832703, 127.245346069, 127.616867065, 128, 128.383132935, 128.754638672, 129.126159668, 129.497680664, 129.86920166, 130.240722656, 130.612243652, 130.995376587, 131.378494263, 131.750015259, 132.121536255, 132.493057251, 132.864578247, 133.236099243, 133.619232178, 134.002349854, 134.37387085, 134.745391846, 135.116912842, 135.488433838, 135.871566772, 136.254684448, 136.626205444, 136.99772644, 137.369247437, 137.740768433, 138.112289429, 138.495422363, 138.878540039, 139.250061035, 139.621582031, 139.993103027, 140.364624023, 140.73614502, 141.107666016, 141.490783691, 141.873916626, 142.245437622, 142.616958618, 142.988479614, 143.36000061, 143.743133545, 144.114639282, 144.497772217, 144.869293213, 145.252426147, 145.623947144, 146.007064819, 146.378585815, 146.750106812, 147.121627808, 147.504760742, 147.876281738, 148.259414673, 148.63092041, 149.002441406, 149.373962402, 149.745483398, 150.117004395, 150.488525391, 150.860046387, 151.243179321, 151.626296997, 151.997817993, 152.369338989, 152.740859985, 153.112380981, 153.495513916, 153.878631592, 154.250152588, 154.621673584, 154.99319458, 155.364715576, 155.747848511, 156.130966187, 156.502487183, 156.874008179, 157.245529175, 157.617050171, 157.988571167, 158.360092163, 158.743209839, 159.126342773, 159.49786377, 159.869384766, 160.240905762, 160.612426758, 161.007156372, 161.378677368, 161.750198364, 162.12171936, 162.493240356, 162.864761353, 163.247894287, 163.631011963, 164.002532959, 164.374053955, 164.745574951, 165.117095947, 165.500228882, 165.871749878, 166.243255615, 166.62638855, 166.997909546, 167.369430542, 167.752563477, 168.135681152, 168.518814087, 168.878723145, 169.250244141, 169.621765137, 169.993286133, 170.364807129, 170.736328125, 171.131057739, 171.525802612, 171.908935547, 172.303665161, 172.698410034, 173.093154907, 173.487884521, 173.92906189, 174.370239258, 174.799819946, 175.229385376, 175.612518311, 175.995635986, 176.367156982, 176.750289917, 177.133422852, 177.504943848, 177.876464844, 178.25958252, 178.642715454, 179.01423645, 179.374145508, 179.745666504, 180.1171875, 180.488708496, 180.871826172, 181.243347168, 181.626480103, 181.998001099, 182.369522095, 182.741043091, 183.124176025, 183.495681763, 183.867202759, 184.250335693, 184.621856689, 184.993377686, 185.364898682, 185.748016357, 186.119537354, 186.49105835, 186.874191284, 187.24571228, 187.617233276, 187.988754272, 188.360275269, 188.743392944, 189.126525879, 189.498046875, 189.869567871, 190.241088867, 190.624221802, 191.007339478, 191.378860474, 191.75038147, 192.121902466, 192.5050354, 192.888153076, 193.259674072, 193.631195068, 194.002716064, 194.374237061, 194.745758057, 195.117279053, 195.500411987, 195.883529663, 196.255050659, 196.626571655, 196.998092651, 197.381225586, 197.752746582, 198.135864258, 198.507385254, 198.87890625, 199.250427246, 199.621948242, 199.993469238, 200.364990234, 200.74810791, 201.119628906, 201.502761841, 201.874282837, 202.257415771, 202.640533447, 203.012054443, 203.383575439, 203.755096436, 204.126617432, 204.498138428, 204.869659424, 205.24118042, 205.612701416, 205.995819092, 206.378952026, 206.762084961, 207.133605957, 207.505126953, 207.865036011, 208.236557007, 208.608062744, 208.991195679, 209.374328613, 209.745849609, 210.117370605, 210.500488281, 210.883621216, 211.255142212, 211.626663208, 211.998184204, 212.3697052, 212.741226196, 213.124343872, 213.507476807, 213.878997803, 214.250518799, 214.622039795, 214.993560791, 215.376678467, 215.759811401, 216.131332397, 216.502853394, 216.87437439, 217.245895386, 217.617416382, 218.000534058, 218.383666992, 218.755187988, 219.126708984, 219.49822998, 219.881362915, 220.264480591, 220.636001587, 221.007522583, 221.379043579, 221.750564575, 222.122085571, 222.505218506, 222.888336182, 223.283081055, 223.677825928, 224.08416748, 224.478912354, 224.873641968, 225.268386841, 225.663131714, 226.069473267, 226.475830078, 226.882171631, 227.300125122, 227.718093872, 228.136047363, 228.554016113, 228.971969604, 229.389923096, 229.819503784, 230.249069214, 230.597366333, 230.934051514, 231.270736694, 231.607437134, 231.990570068, 232.385299683, 232.780044556, 233.17477417, 233.569519043, 233.964263916, 234.35899353],
    "bpm_histogram": [0, 0, 0, 0, 0, 0, 0, 0, 0, 0, 0, 0, 0, 0, 0, 0, 0, 0, 0, 0, 0, 0, 0, 0, 0, 0, 0, 0, 0, 0, 0, 0, 0, 0, 0, 0, 0, 0, 0, 0, 0, 0, 0, 0, 0, 0, 0, 0, 0, 0, 0, 0, 0, 0, 0, 0, 0, 0, 0, 0, 0, 0, 0, 0, 0, 0, 0, 0, 0, 0, 0, 0, 0, 0, 0, 0, 0, 0, 0, 0, 0, 0, 0, 0, 0, 0, 0, 0, 0, 0, 0, 0, 0, 0, 0, 0, 0, 0, 0, 0, 0, 0, 0, 0, 0, 0, 0, 0, 0, 0, 0, 0, 0, 0, 0, 0, 0, 0.00162337662186, 0, 0, 0.00324675324373, 0, 0, 0.00487012974918, 0, 0, 0, 0, 0, 0.00162337662186, 0, 0, 0, 0.00487012974918, 0, 0, 0.00324675324373, 0, 0, 0, 0.00649350648746, 0, 0, 0, 0.00974025949836, 0, 0, 0, 0.0146103892475, 0, 0, 0, 0.0844155848026, 0, 0, 0, 0, 0.293831169605, 0, 0, 0, 0.516233742237, 0.0373376607895, 0, 0, 0, 0, 0.0113636367023, 0, 0, 0, 0, 0.00162337662186, 0, 0, 0, 0, 0, 0.00487012974918, 0, 0, 0, 0, 0, 0, 0, 0, 0, 0, 0, 0, 0, 0, 0, 0, 0, 0, 0, 0, 0, 0, 0, 0, 0, 0, 0, 0, 0, 0, 0, 0, 0, 0, 0, 0, 0, 0, 0, 0, 0, 0, 0, 0, 0, 0, 0, 0, 0, 0, 0, 0, 0, 0, 0, 0, 0, 0, 0, 0, 0, 0, 0, 0, 0, 0, 0, 0, 0, 0, 0]
},
"tonal": {
    "chords_changes_rate": 0.0600671805441,
    "chords_number_rate": 0.00276625179686,
    "chords_strength": {
        "mean": 0.501143991947,
        "stdev": 0.0968174114823
    },
    "hpcp_crest": {
        "mean": 15.6704902649,
        "stdev": 7.6305437088
    },
    "hpcp_entropy": {
        "mean": 1.72116601467,
        "stdev": 0.7190502882
    },
    "key_edma": {
        "strength": 0.761139392853,
        "key": "A#",
        "scale": "major"
    },
    "key_krumhansl": {
        "strength": 0.763518095016,
        "key": "A#",
        "scale": "major"
    },
    "key_temperley": {
        "strength": 0.766263723373,
        "key": "A#",
        "scale": "major"
    },
    "tuning_diatonic_strength": 0.539990544319,
    "tuning_equal_tempered_deviation": 0.00511321658269,
    "tuning_frequency": 440.508575439,
    "tuning_nontempered_energy_ratio": 0.665925264359,
    "hpcp": {
        "mean": [0.0919999778271, 0.0836741477251, 0.134967431426, 0.208571255207, 0.143171846867, 0.0629079341888, 0.0891570970416, 0.0914357751608, 0.163533732295, 0.239335477352, 0.139414101839, 0.0731144994497, 0.0901700034738, 0.0666511356831, 0.0954595059156, 0.155827745795, 0.117518246174, 0.118323847651, 0.150652110577, 0.0883876979351, 0.0421102680266, 0.0490261688828, 0.054451290518, 0.181376039982, 0.287322342396, 0.161563828588, 0.0776342973113, 0.0915943533182, 0.0682427287102, 0.117957189679, 0.165466070175, 0.0930200815201, 0.0587663762271, 0.0829177498817, 0.0704930201173, 0.0748464241624],
        "stdev": [0.199365332723, 0.195072680712, 0.230703726411, 0.301611304283, 0.232724502683, 0.160472407937, 0.248132303357, 0.232017114758, 0.252339273691, 0.334936708212, 0.227189779282, 0.175408571959, 0.228267654777, 0.168205276132, 0.206520751119, 0.283144772053, 0.231707260013, 0.228502720594, 0.290834128857, 0.191524371505, 0.125813916326, 0.156115949154, 0.15437361598, 0.260261803865, 0.361942440271, 0.236308157444, 0.17287042737, 0.208450943232, 0.156938314438, 0.208360165358, 0.284494876862, 0.180614933372, 0.14671112597, 0.197344258428, 0.176162675023, 0.177865475416]
    },
    "chords_histogram": [20.2529144287, 3.45781469345, 14.7796878815, 0.0987947061658, 2.80576968193, 0, 0.849634468555, 0.177830472589, 0.355660945177, 0, 0, 0, 0.0790357664227, 0.0197589416057, 4.20865440369, 3.77395772934, 1.99565303326, 9.52380943298, 5.07804775238, 5.61153936386, 2.41059088707, 11.5392217636, 1.93637621403, 11.0452480316],
