{
"metadata": {
    "version": {
        "essentia": "2.1-dev",
        "essentia_git_sha": "v2.1_beta3-415-gd5473f3",
        "extractor": "music 2.0"
    },
    "audio_properties": {
        "analysis": {
            "equal_loudness": 0,
            "length": 260.101226807,
            "sample_rate": 44100,
            "start_time": 0,
            "downmix": "mix"
        },
        "bit_rate": 192000,
        "length": 260.101226807,
        "lossless": 0,
        "number_channels": 2,
        "replay_gain": -9.73428153992,
        "sample_rate": 44100,
        "codec": "mp3",
        "md5_encoded": "50029eff27bad5355256410307cefc6e"
    },
    "tags": {
        "file_name": "prince-diamonds_and_pearls.mp3",
        "album": ["Prince The Very Best of Prince"],
        "artist": ["Prince"],
        "genre": ["Funk"],
        "title": ["Diamonds And Pearls"]
    }
},
"lowlevel": {
    "average_loudness": 0.797993659973,
    "barkbands_crest": {
        "mean": 10.3800706863,
        "stdev": 4.923204422
    },
    "barkbands_flatness_db": {
        "mean": 0.135698705912,
        "stdev": 0.0787678435445
    },
    "barkbands_kurtosis": {
        "mean": 6.26923847198,
        "stdev": 28.2073516846
    },
    "barkbands_skewness": {
        "mean": 1.47950673103,
        "stdev": 1.86018228531
    },
    "barkbands_spread": {
        "mean": 29.5247344971,
        "stdev": 16.5883083344
    },
    "dissonance": {
        "mean": 0.464355766773,
        "stdev": 0.0390672907233
    },
    "dynamic_complexity": 4.69690513611,
    "erbbands_crest": {
        "mean": 8.75769042969,
        "stdev": 4.19436788559
    },
    "erbbands_flatness_db": {
        "mean": 0.153381794691,
        "stdev": 0.0535574741662
    },
    "erbbands_kurtosis": {
        "mean": 0.393763363361,
        "stdev": 2.29940795898
    },
    "erbbands_skewness": {
        "mean": -0.146909788251,
        "stdev": 0.871438324451
    },
    "erbbands_spread": {
        "mean": 42.7386741638,
        "stdev": 19.830499649
    },
    "hfc": {
        "mean": 16.9495010376,
        "stdev": 20.1452655792
    },
    "loudness_ebu128": {
        "integrated": -15.3078651428,
        "loudness_range": 9.51080036163,
        "momentary": {
            "mean": -18.2863178253,
            "stdev": 11.3325538635
        },
        "short_term": {
            "mean": -17.1113643646,
            "stdev": 5.07733678818
        }
    },
    "melbands_crest": {
        "mean": 14.9411363602,
        "stdev": 5.9276804924
    },
    "melbands_flatness_db": {
        "mean": 0.193213358521,
        "stdev": 0.103952147067
    },
    "melbands_kurtosis": {
        "mean": 18.0730609894,
        "stdev": 37.9285392761
    },
    "melbands_skewness": {
        "mean": 2.89350295067,
        "stdev": 2.1728310585
    },
    "melbands_spread": {
        "mean": 34.1172676086,
        "stdev": 27.2428760529
    },
    "pitch_salience": {
        "mean": 0.500988304615,
        "stdev": 0.122157208622
    },
    "silence_rate_20dB": {
        "mean": 1,
        "stdev": 0
    },
    "silence_rate_30dB": {
        "mean": 1,
        "stdev": 0
    },
    "silence_rate_60dB": {
        "mean": 0.167455151677,
        "stdev": 0.37338283658
    },
    "spectral_centroid": {
        "mean": 1877.23339844,
        "stdev": 1030.90002441
    },
    "spectral_complexity": {
        "mean": 15.7198076248,
        "stdev": 11.5238027573
    },
    "spectral_decrease": {
        "mean": -3.87101328769e-09,
        "stdev": 4.27303703532e-09
    },
    "spectral_energy": {
        "mean": 0.0161474905908,
        "stdev": 0.0171602293849
    },
    "spectral_energyband_high": {
        "mean": 0.00107989029493,
        "stdev": 0.00170281599276
    },
    "spectral_energyband_low": {
        "mean": 0.00692748883739,
        "stdev": 0.0132512534037
    },
    "spectral_energyband_middle_high": {
        "mean": 0.00386522407643,
        "stdev": 0.0049148183316
    },
    "spectral_energyband_middle_low": {
        "mean": 0.00495265703648,
        "stdev": 0.0059692277573
    },
    "spectral_entropy": {
        "mean": 7.55388069153,
        "stdev": 0.594013094902
    },
    "spectral_flux": {
        "mean": 0.0622730143368,
        "stdev": 0.0524629354477
    },
    "spectral_kurtosis": {
        "mean": 5.04410505295,
        "stdev": 12.8933916092
    },
    "spectral_rms": {
        "mean": 0.0035035207402,
        "stdev": 0.00186520931311
    },
    "spectral_rolloff": {
        "mean": 2166.38378906,
        "stdev": 2038.94287109
    },
    "spectral_skewness": {
        "mean": 1.34724128246,
        "stdev": 1.01071226597
    },
    "spectral_spread": {
        "mean": 4687857.5,
        "stdev": 2581771.5
    },
    "spectral_strongpeak": {
        "mean": 0.713584601879,
        "stdev": 1.38637053967
    },
    "zerocrossingrate": {
        "mean": 0.0755880102515,
        "stdev": 0.0503199659288
    },
    "barkbands": {
        "mean": [0.000148147402797, 0.004455011338, 0.0017280750908, 0.00100466620643, 0.00186879292596, 0.000649232883006, 0.000497166067362, 0.000412486027926, 0.000382469763281, 0.000292709999485, 0.000245237693889, 0.00026109474129, 0.00027830444742, 0.000366555672372, 0.00059600698296, 0.000209969031857, 0.000391665147617, 0.000427516235504, 0.000494191073813, 0.000627926143352, 0.000295774952974, 0.000206008524401, 0.000152268417878, 8.56160768308e-05, 5.02133407281e-05, 1.91366270883e-05, 1.24031578252e-06],
        "stdev": [0.000308455928462, 0.00999482348561, 0.0039880303666, 0.0020357540343, 0.00397468544543, 0.000967872969341, 0.000918932608329, 0.000868799805176, 0.000886212685145, 0.000671614776365, 0.000608097820077, 0.000642378639895, 0.000772377941757, 0.000724885147065, 0.00131707044784, 0.000617243465967, 0.000928345078137, 0.000885231653228, 0.00102632702328, 0.00111494632438, 0.00051635527052, 0.000412328430684, 0.000316877645673, 0.0002344714012, 0.000124440251966, 4.56547641079e-05, 3.71474516214e-06]
    },
    "erbbands": {
        "mean": [0.12689678371, 0.987032473087, 2.08834838867, 2.99851679802, 5.29597520828, 5.89063882828, 5.05387449265, 4.78115081787, 7.19366550446, 7.52081632614, 10.2059726715, 9.45276069641, 9.39791679382, 9.32618331909, 8.80598735809, 12.6879072189, 13.2593946457, 19.5805244446, 25.238571167, 24.7814388275, 14.7277936935, 19.8917694092, 22.5793209076, 24.6411647797, 27.8688850403, 29.9070529938, 16.6660995483, 9.12677383423, 7.603328228, 6.2082529068, 4.0866394043, 2.08550238609, 1.31306540966, 0.699199318886, 0.282840877771, 0.0983503311872, 0.0328179560602, 0.00593550270423, 0.000144292615005, 2.5179282602e-05],
        "stdev": [0.246239200234, 2.43478512764, 4.89917039871, 5.80665302277, 10.8274154663, 13.7968530655, 8.16359806061, 7.66528129578, 13.3936090469, 15.5394525528, 21.2766685486, 22.1044197083, 22.1399307251, 20.8781013489, 20.2001838684, 30.2728881836, 35.2244110107, 35.6007156372, 55.7372322083, 64.0128326416, 38.1515884399, 43.7601547241, 48.3069877625, 53.1456489563, 53.0818252563, 54.4658470154, 27.8025989532, 17.0515003204, 15.4252729416, 12.5057220459, 8.61145401001, 5.24471712112, 3.8077673912, 1.79604160786, 0.693840682507, 0.246193990111, 0.0766030326486, 0.0154295414686, 0.000347716530086, 2.66663028015e-05]
    },
    "gfcc": {
        "mean": [-49.0179748535, 77.3639526367, -117.310058594, 46.9486923218, -54.2912712097, 14.3176927567, -33.4706382751, 7.10656404495, -24.1866569519, 6.47195768356, -14.1977205276, -2.37655448914, -13.8452339172],
        "cov": [[18612.4960938, -1369.54296875, -1412.17126465, 1276.25952148, -582.743469238, 201.004837036, -560.06072998, 281.427825928, -591.120666504, 104.172645569, -520.794616699, -6.14118719101, -172.248764038], [-1369.54296875, 1733.30749512, 532.055603027, -133.283752441, 309.626434326, -74.6962890625, 208.505218506, -112.373794556, 173.693756104, -36.3447189331, 206.450546265, -76.5393600464, 28.1068286896], [-1412.17126465, 532.055603027, 1535.36206055, 28.2014255524, 61.9185371399, 109.495780945, -72.2411422729, -75.0756988525, -8.66769599915, 29.1782608032, 103.581596375, 22.1365070343, -60.1073455811], [1276.25952148, -133.283752441, 28.2014255524, 466.507263184, 49.4454841614, 48.6450462341, 12.3439741135, 18.8664894104, -37.696849823, -35.891834259, -30.1247425079, -10.6084508896, 17.225812912], [-582.743469238, 309.626434326, 61.9185371399, 49.4454841614, 374.81262207, 75.9514694214, 160.759048462, 52.4666290283, 77.1258544922, 11.4219875336, 52.2790794373, 22.4020652771, 66.7198562622], [201.004837036, -74.6962890625, 109.495780945, 48.6450462341, 75.9514694214, 246.988189697, 70.7114181519, 40.4589004517, 20.0002307892, 19.4472980499, 15.2915992737, 21.2473869324, 13.8266897202], [-560.06072998, 208.505218506, -72.2411422729, 12.3439741135, 160.759048462, 70.7114181519, 294.701599121, 83.5416412354, 99.5425262451, 35.2209625244, 72.2762374878, 7.09969949722, 37.7430381775], [281.427825928, -112.373794556, -75.0756988525, 18.8664894104, 52.4666290283, 40.4589004517, 83.5416412354, 203.49836731, 69.34324646, 56.6770439148, 15.0611124039, 26.0118904114, 19.6507301331], [-591.120666504, 173.693756104, -8.66769599915, -37.696849823, 77.1258544922, 20.0002307892, 99.5425262451, 69.34324646, 195.216552734, 53.1924934387, 58.0944366455, 5.5424580574, 20.047876358], [104.172645569, -36.3447189331, 29.1782608032, -35.891834259, 11.4219875336, 19.4472980499, 35.2209625244, 56.6770439148, 53.1924934387, 140.119995117, 49.5297698975, 25.5344276428, -1.42669308186], [-520.794616699, 206.450546265, 103.581596375, -30.1247425079, 52.2790794373, 15.2915992737, 72.2762374878, 15.0611124039, 58.0944366455, 49.5297698975, 147.10786438, 28.4383811951, 11.3470468521], [-6.14118719101, -76.5393600464, 22.1365070343, -10.6084508896, 22.4020652771, 21.2473869324, 7.09969949722, 26.0118904114, 5.5424580574, 25.5344276428, 28.4383811951, 108.08416748, 35.7637672424], [-172.248764038, 28.1068286896, -60.1073455811, 17.225812912, 66.7198562622, 13.8266897202, 37.7430381775, 19.6507301331, 20.047876358, -1.42669308186, 11.3470468521, 35.7637672424, 105.04108429]],
        "icov": [[0.000145821744809, -0.000247466698056, 0.000239374145167, -0.000460674287751, 0.000245259900112, -0.000337518256856, 0.00035103794653, -0.000386186409742, 0.000467104662675, -0.000521619454958, 0.000439899304183, -0.000294560333714, 0.000309153285343], [-0.000247466698056, 0.00177694589365, -0.000856745115016, 0.00113986269571, -0.00124840706121, 0.00138543080539, -0.00117263395805, 0.00149598589633, -0.00154714193195, 0.00169825239573, -0.0020403706003, 0.00173388887197, -0.000857960782014], [0.000239374145167, -0.000856745115016, 0.00134686531965, -0.000950963352807, 0.000394802715164, -0.00123645563144, 0.00124607433099, -0.00061976845609, 0.00101298955269, -0.001192130032, 0.000451859203167, -0.00102656625677, 0.0012198141776], [-0.000460674287751, 0.00113986269571, -0.000950963352807, 0.00391335831955, -0.00127047579736, 0.000902321713511, -0.00129871664103, 0.000984524842352, -0.00108541501686, 0.0023488511797, -0.00143443373963, 0.00164997624233, -0.00144343392458], [0.000245259900112, -0.00124840706121, 0.000394802715164, -0.00127047579736, 0.00497265066952, -0.00150115042925, -0.000771394115873, -0.00122123339679, 0.000641541089863, -0.000931150629185, 0.00136705581099, -0.00126284931321, -0.00113758828957], [-0.000337518256856, 0.00138543080539, -0.00123645563144, 0.000902321713511, -0.00150115042925, 0.0061179054901, -0.00220473576337, 0.000925814849325, -0.001315909205, 0.00134184525814, -0.00119603518397, 0.000678986310959, -0.000845096656121], [0.00035103794653, -0.00117263395805, 0.00124607433099, -0.00129871664103, -0.000771394115873, -0.00220473576337, 0.00707550765947, -0.002498538699, 0.00022402893228, -0.00138910859823, -0.000602910411544, -0.000181916897418, 0.000586124369875], [-0.000386186409742, 0.00149598589633, -0.00061976845609, 0.000984524842352, -0.00122123339679, 0.000925814849325, -0.002498538699, 0.00843525957316, -0.00329154869542, -0.000310035451548, -0.000688835803885, 0.000202712486498, -0.000946712505538], [0.000467104662675, -0.00154714193195, 0.00101298955269, -0.00108541501686, 0.000641541089863, -0.001315909205, 0.00022402893228, -0.00329154869542, 0.00945238023996, -0.00352302822284, 0.000524404400494, -0.000427688937634, 0.00047566689318], [-0.000521619454958, 0.00169825239573, -0.001192130032, 0.0023488511797, -0.000931150629185, 0.00134184525814, -0.00138910859823, -0.000310035451548, -0.00352302822284, 0.0121278185397, -0.00475329114124, 0.000368488457752, -0.00018005988386], [0.000439899304183, -0.0020403706003, 0.000451859203167, -0.00143443373963, 0.00136705581099, -0.00119603518397, -0.000602910411544, -0.000688835803885, 0.000524404400494, -0.00475329114124, 0.0127122700214, -0.00416721124202, 0.0012766700238], [-0.000294560333714, 0.00173388887197, -0.00102656625677, 0.00164997624233, -0.00126284931321, 0.000678986310959, -0.000181916897418, 0.000202712486498, -0.000427688937634, 0.000368488457752, -0.00416721124202, 0.0136732272804, -0.00518337264657], [0.000309153285343, -0.000857960782014, 0.0012198141776, -0.00144343392458, -0.00113758828957, -0.000845096656121, 0.000586124369875, -0.000946712505538, 0.00047566689318, -0.00018005988386, 0.0012766700238, -0.00518337264657, 0.0135253127664]]
    },
    "melbands": {
        "mean": [0.00118897971697, 0.0012033515377, 0.000571897893678, 0.000434388319263, 0.000188012447325, 0.000115695729619, 0.000109377346234, 7.94898587628e-05, 8.43774032546e-05, 5.53389363631e-05, 4.52098647656e-05, 3.63533727068e-05, 3.21543375321e-05, 2.87928578473e-05, 3.2129639294e-05, 2.62905032287e-05, 3.79347184207e-05, 3.7507925299e-05, 3.92376969103e-05, 2.171896449e-05, 1.75605091499e-05, 2.05288579309e-05, 2.17582964979e-05, 2.01973562071e-05, 1.94115855265e-05, 1.98369998543e-05, 2.20557158173e-05, 1.87198529602e-05, 1.15606871987e-05, 6.890354598e-06, 4.74750640933e-06, 4.25679081673e-06, 3.98751080866e-06, 3.25953783431e-06, 2.55331610788e-06, 1.6167555259e-06, 1.12209579584e-06, 9.45618523929e-07, 7.64544950016e-07, 5.34253672413e-07],
        "stdev": [0.00248819449916, 0.00278727384284, 0.000955034105573, 0.00100109865889, 0.000303429056657, 0.000183708179975, 0.00019868502568, 0.000161171963555, 0.000173456443008, 0.000131133725517, 0.00011014064512, 8.61356747919e-05, 7.97716784291e-05, 7.11618704372e-05, 8.25739334687e-05, 6.56694537611e-05, 7.33823180781e-05, 8.72922319104e-05, 9.16229837458e-05, 5.74810146645e-05, 5.34043028892e-05, 4.78013898828e-05, 5.70002048335e-05, 4.42411546828e-05, 4.78991096315e-05, 4.31902008131e-05, 4.46228441433e-05, 3.5140052205e-05, 2.10092402995e-05, 1.32652003231e-05, 1.00142060546e-05, 9.06127024791e-06, 8.19315846456e-06, 6.88714726493e-06, 5.4097517932e-06, 3.8815883272e-06, 3.02478179037e-06, 2.83073404717e-06, 2.17146089199e-06, 1.37945676215e-06]
    },
    "melbands128": {
        "mean": [0.000143966986798, 0.000946027983446, 0.00164312764537, 0.0016399519518, 0.00119413877837, 0.000795365718659, 0.000625935266726, 0.000445614743512, 0.000574376841541, 0.000527648953721, 0.000318767386489, 0.000215548119741, 0.000178551184945, 0.000137636365253, 7.80681657488e-05, 0.000139157491503, 0.000143262644997, 9.6189956821e-05, 8.13748556538e-05, 9.5786730526e-05, 5.93490258325e-05, 8.0833582615e-05, 9.83914651442e-05, 6.81589735905e-05, 7.3161754699e-05, 3.43583706126e-05, 5.07836630277e-05, 5.91111529502e-05, 2.30541936617e-05, 3.9188820665e-05, 3.48726534867e-05, 4.34085886809e-05, 3.79742123187e-05, 2.09079880733e-05, 1.45964158946e-05, 3.86359643016e-05, 4.04940437875e-05, 2.21226546273e-05, 4.15158574469e-05, 2.53922917182e-05, 1.87069981621e-05, 3.11227340717e-05, 4.13519992435e-05, 4.32899651059e-05, 2.17553715629e-05, 4.21172371716e-05, 5.09550773131e-05, 2.99459316011e-05, 4.22215744038e-05, 4.02157311328e-05, 1.28300807773e-05, 1.15119137263e-05, 1.4267026927e-05, 2.1601885237e-05, 2.33159316849e-05, 1.92057359527e-05, 1.5952045942e-05, 2.87554612441e-05, 2.00853392016e-05, 1.84560340131e-05, 2.01671355171e-05, 1.92685929505e-05, 2.48325650318e-05, 1.66805402841e-05, 1.65470464708e-05, 2.15985728573e-05, 2.07280318136e-05, 1.79289982043e-05, 2.06650220207e-05, 3.16509976983e-05, 1.65038418345e-05, 1.50903442773e-05, 1.44119767356e-05, 1.04049540823e-05, 8.85059762368e-06, 7.7446902651e-06, 5.80961250307e-06, 4.60298133476e-06, 5.09293067807e-06, 4.30312638855e-06, 3.88510170524e-06, 4.57756095784e-06, 4.20921833211e-06, 3.98102065446e-06, 3.86035117117e-06, 3.16768682751e-06, 3.23673680214e-06, 2.96305370284e-06, 2.63767424258e-06, 2.19600269702e-06, 1.77979575255e-06, 1.44058219576e-06, 1.34040476496e-06, 1.11596784791e-06, 9.98198061097e-07, 9.85874635262e-07, 9.39594428928e-07, 8.74508486959e-07, 8.23248115012e-07, 6.87763815677e-07, 5.67645258798e-07, 5.41007977972e-07, 4.4221840767e-07, 4.08172297739e-07, 3.12996434104e-07, 2.36791947827e-07, 2.09575304666e-07, 1.76630706505e-07, 1.81134922173e-07, 1.32484359483e-07, 1.28312635184e-07, 1.0720400212e-07, 1.08937598498e-07, 8.74149392871e-08, 8.20112475708e-08, 6.42489368374e-08, 4.76046437825e-08, 5.50266276989e-09, 2.57070861993e-12, 2.3852191923e-12, 2.32078310562e-12, 2.26746898167e-12, 2.2146507718e-12, 2.17200476355e-12, 2.14024783139e-12, 2.11700470522e-12, 2.10006534732e-12, 2.08492533134e-12],
        "stdev": [0.000300542655168, 0.00181905610953, 0.00372513593175, 0.00438321148977, 0.00306610483676, 0.00179376604501, 0.00135886168573, 0.000891724717803, 0.00126220483799, 0.00153720239177, 0.00091376673663, 0.000437335605966, 0.000345461041434, 0.000278344028629, 0.000168013459188, 0.000314752425766, 0.000347497290932, 0.000251372373896, 0.000209380974411, 0.000245311122853, 0.000179388240213, 0.000203230403713, 0.000254691345617, 0.000205331554753, 0.000233666010899, 0.00012940641318, 0.000160683164722, 0.000175377979758, 7.63123098295e-05, 0.000134749629069, 0.000108656779048, 0.00013080361532, 0.000114933638542, 9.36343785725e-05, 5.24281967955e-05, 0.00012046489428, 0.000131494816742, 8.10599449323e-05, 0.000179684866453, 8.91759627848e-05, 7.7247263107e-05, 0.000111075234599, 9.51966430875e-05, 0.000108378386358, 8.28926131362e-05, 0.000129858963192, 0.00016390554083, 0.000107461790321, 0.000150366322487, 0.000151314758114, 4.64015756734e-05, 5.38821295777e-05, 7.39714232623e-05, 8.09396515251e-05, 8.84633918758e-05, 6.47893248242e-05, 5.26102558069e-05, 0.000118327930977, 6.86807761667e-05, 6.83433972881e-05, 6.55374242342e-05, 5.81639069424e-05, 8.44303431222e-05, 6.55875483062e-05, 6.2378741859e-05, 6.32675655652e-05, 5.39398388355e-05, 5.48843636352e-05, 5.95446435909e-05, 8.04561423138e-05, 4.54017826996e-05, 3.78896584152e-05, 3.45351254509e-05, 2.37255826505e-05, 1.95383072423e-05, 1.9293574951e-05, 1.3421337826e-05, 1.07432751975e-05, 1.3048328583e-05, 1.05297940536e-05, 9.51042784436e-06, 1.10014134407e-05, 1.04696173366e-05, 9.19305148273e-06, 9.17755369301e-06, 7.75884836912e-06, 7.50908338887e-06, 6.69914015816e-06, 5.92443257119e-06, 5.4603224271e-06, 4.39878976977e-06, 3.9249339352e-06, 3.7376344153e-06, 3.30816737915e-06, 2.86521299131e-06, 2.93502012028e-06, 3.14210365104e-06, 2.87074840344e-06, 2.53210077972e-06, 1.96373775907e-06, 1.46778086219e-06, 1.55704765348e-06, 1.26395786992e-06, 1.11410122372e-06, 7.88334830304e-07, 6.45099078156e-07, 5.96510176365e-07, 5.14866769663e-07, 5.05082994096e-07, 3.65422835102e-07, 3.63889654409e-07, 2.53966362607e-07, 3.05146443225e-07, 2.22833548946e-07, 2.27337281444e-07, 1.83269946774e-07, 1.41524679975e-07, 1.84259931757e-08, 4.42906778961e-12, 4.18270019314e-12, 4.06507726786e-12, 3.96612777342e-12, 3.88013362759e-12, 3.80843186848e-12, 3.74799236785e-12, 3.70129621396e-12, 3.66763043547e-12, 3.64531972316e-12]
    },
    "mfcc": {
        "mean": [-684.919128418, 99.0040130615, 0.515899956226, 33.0156364441, 3.97005677223, 9.83430671692, 3.33337759972, 1.2543463707, -3.93427157402, 7.08937454224, -0.4528247118, -0.88265478611, -0.199507877231],
        "cov": [[13045.5908203, -1145.81140137, -835.189331055, 728.058410645, -256.909332275, 34.3508872986, 19.911233902, -65.2943572998, -41.6864128113, 74.3053436279, -75.5194473267, -368.771575928, -180.392044067], [-1145.81140137, 1462.27990723, 306.788818359, 31.9741954803, 183.047668457, 64.6217956543, 52.5452728271, 29.2903385162, -16.3713493347, 86.8829421997, 61.5331230164, 105.61907196, 74.5979766846], [-835.189331055, 306.788818359, 1093.52929688, 81.4333572388, 199.683654785, 95.4200439453, -18.5920505524, -42.5642051697, -111.481399536, -23.1982212067, 15.4161348343, 53.267414093, 43.7672615051], [728.058410645, 31.9741954803, 81.4333572388, 403.525482178, 81.675567627, 51.5710716248, 54.5264625549, 26.0827026367, 10.3737154007, 5.39757394791, -8.21695613861, -14.7666559219, 3.50118494034], [-256.909332275, 183.047668457, 199.683654785, 81.675567627, 261.301208496, 69.0763397217, 40.3571777344, 33.0368003845, 26.4604511261, -0.0472239404917, -0.16421751678, 20.7849178314, 30.4427566528], [34.3508872986, 64.6217956543, 95.4200439453, 51.5710716248, 69.0763397217, 215.299453735, 77.7928848267, 43.4946060181, 21.7117881775, 8.31534481049, 3.88724851608, 14.2292852402, 0.375333726406], [19.911233902, 52.5452728271, -18.5920505524, 54.5264625549, 40.3571777344, 77.7928848267, 203.664657593, 80.3720245361, 48.3012084961, 37.2304878235, 36.2278709412, 20.807062149, 5.06687259674], [-65.2943572998, 29.2903385162, -42.5642051697, 26.0827026367, 33.0368003845, 43.4946060181, 80.3720245361, 157.663146973, 74.5329437256, 29.9154090881, 34.661403656, 31.4487304688, 10.8742313385], [-41.6864128113, -16.3713493347, -111.481399536, 10.3737154007, 26.4604511261, 21.7117881775, 48.3012084961, 74.5329437256, 169.985595703, 50.3918991089, 33.759765625, 22.61784935, 12.0861177444], [74.3053436279, 86.8829421997, -23.1982212067, 5.39757394791, -0.0472239404917, 8.31534481049, 37.2304878235, 29.9154090881, 50.3918991089, 160.207519531, 78.3051986694, 16.5184059143, 5.14411401749], [-75.5194473267, 61.5331230164, 15.4161348343, -8.21695613861, -0.16421751678, 3.88724851608, 36.2278709412, 34.661403656, 33.759765625, 78.3051986694, 156.035171509, 65.0483703613, 25.0724563599], [-368.771575928, 105.61907196, 53.267414093, -14.7666559219, 20.7849178314, 14.2292852402, 20.807062149, 31.4487304688, 22.61784935, 16.5184059143, 65.0483703613, 136.490844727, 51.0089988708], [-180.392044067, 74.5979766846, 43.7672615051, 3.50118494034, 30.4427566528, 0.375333726406, 5.06687259674, 10.8742313385, 12.0861177444, 5.14411401749, 25.0724563599, 51.0089988708, 117.624519348]],
        "icov": [[0.0001063627642, 6.08668342466e-05, 7.52159321564e-05, -0.000215376494452, 5.64980182389e-05, -6.85290651745e-05, 2.74929716397e-05, 3.2277952414e-05, 8.44819223857e-05, -9.14519478101e-05, -5.86995120102e-05, 0.000197049754206, 6.74865168548e-06], [6.08668342466e-05, 0.000881538726389, -5.76268066652e-05, -7.28022714611e-05, -0.000452748150565, -5.37998348591e-05, -6.30676950095e-05, -6.47921865493e-07, 0.000390603643609, -0.000633559538983, 0.000128900559503, -0.000397412950406, -0.000189555299585], [7.52159321564e-05, -5.76268066652e-05, 0.00134237390012, -0.000261918670731, -0.000851589720696, -0.00049497600412, 0.000302764412481, 0.000250169192441, 0.00101583846845, -4.1776940634e-05, -0.000296233105473, -0.000210931000765, -0.000101915138657], [-0.000215376494452, -7.28022714611e-05, -0.000261918670731, 0.00320805213414, -0.000804852403235, -7.80720365583e-05, -0.000615322845988, -0.000211513732211, -0.000107046435005, 7.59518516134e-05, 0.0002623811597, 0.000129831081722, -0.000132105182274], [5.64980182389e-05, -0.000452748150565, -0.000851589720696, -0.000804852403235, 0.00561456242576, -0.000849836389534, -0.000261937704636, -0.00039890903281, -0.0012744035339, 0.000478967180243, 0.000439645140432, 0.000367924716556, -0.000830905803014], [-6.85290651745e-05, -5.37998348591e-05, -0.00049497600412, -7.80720365583e-05, -0.000849836389534, 0.0060452031903, -0.00192316435277, -0.000599474762566, -0.000286500027869, 6.41639489913e-05, 0.000603130669333, -0.000486639881274, 0.000563553010579], [2.74929716397e-05, -6.30676950095e-05, 0.000302764412481, -0.000615322845988, -0.000261937704636, -0.00192316435277, 0.0071738883853, -0.00256581255235, -7.52436972107e-05, -0.000590572075453, -0.000824047427159, 9.37468212214e-05, 0.000158485316206], [3.2277952414e-05, -6.47921865493e-07, 0.000250169192441, -0.000211513732211, -0.00039890903281, -0.000599474762566, -0.00256581255235, 0.0097425552085, -0.00302597996779, 0.000183743657544, -0.00059525645338, -0.00106350588612, 0.000169090213603], [8.44819223857e-05, 0.000390603643609, 0.00101583846845, -0.000107046435005, -0.0012744035339, -0.000286500027869, -7.52436972107e-05, -0.00302597996779, 0.00897569954395, -0.0022391192615, -2.56849307334e-05, -0.00058794231154, -0.00044312569662], [-9.14519478101e-05, -0.000633559538983, -4.1776940634e-05, 7.59518516134e-05, 0.000478967180243, 6.41639489913e-05, -0.000590572075453, 0.000183743657544, -0.0022391192615, 0.00955151114613, -0.00470778904855, 0.00158738042228, 0.000286590424366], [-5.86995120102e-05, 0.000128900559503, -0.000296233105473, 0.0002623811597, 0.000439645140432, 0.000603130669333, -0.000824047427159, -0.00059525645338, -2.56849307334e-05, -0.00470778904855, 0.0109867984429, -0.00454789586365, -0.000255683553405], [0.000197049754206, -0.000397412950406, -0.000210931000765, 0.000129831081722, 0.000367924716556, -0.000486639881274, 9.37468212214e-05, -0.00106350588612, -0.00058794231154, 0.00158738042228, -0.00454789586365, 0.0118945064023, -0.003568287706], [6.74865168548e-06, -0.000189555299585, -0.000101915138657, -0.000132105182274, -0.000830905803014, 0.000563553010579, 0.000158485316206, 0.000169090213603, -0.00044312569662, 0.000286590424366, -0.000255683553405, -0.003568287706, 0.0104997623712]]
    },
    "spectral_contrast_coeffs": {
        "mean": [-0.716259121895, -0.75302785635, -0.758248806, -0.76683807373, -0.77479070425, -0.75832259655],
        "stdev": [0.0974804088473, 0.0707123875618, 0.0618200264871, 0.0614156499505, 0.0572798959911, 0.0492432229221]
    },
    "spectral_contrast_valleys": {
        "mean": [-7.38964605331, -7.62747859955, -8.34616184235, -8.44117069244, -7.97113418579, -10.648563385],
        "stdev": [1.81832742691, 1.66379392147, 1.64342665672, 1.71946454048, 1.8544883728, 1.7704666853]
    }
},
"rhythm": {
    "beats_count": 572,
    "beats_loudness": {
        "mean": 0.0220606904477,
        "stdev": 0.0149684315547
    },
    "bpm": 163.164108276,
    "bpm_histogram_first_peak_bpm": 161,
    "bpm_histogram_first_peak_weight": 0.0736842155457,
    "bpm_histogram_second_peak_bpm": 167,
    "bpm_histogram_second_peak_spread": 0,
    "bpm_histogram_second_peak_weight": 0.217162877321,
    "danceability": 1.10266125202,
    "onset_rate": 3.1408393383,
    "beats_loudness_band_ratio": {
        "mean": [0.455995053053, 0.178026050329, 0.110228344798, 0.0855452865362, 0.126450955868, 0.117928817868],
        "stdev": [0.250921428204, 0.161995068192, 0.11182577908, 0.0801155343652, 0.118776343763, 0.0988368690014]
    },
    "beats_position": [0.359909296036, 0.731428563595, 1.11455774307, 1.50929701328, 1.90403628349, 2.29877543449, 2.69351458549, 3.13469386101, 3.5758728981, 4.00544214249, 4.446621418, 4.81814050674, 5.18965959549, 5.5727891922, 6.00235795975, 6.44353723526, 6.88471651077, 7.4303855896, 7.95283412933, 8.47528362274, 9.05578231812, 9.63628101349, 10.2167797089, 10.7972784042, 11.3777770996, 12.1208162308, 12.8638544083, 13.6068935394, 14.3499317169, 15.0929698944, 15.8127889633, 16.5558280945, 17.298866272, 18.0302944183, 18.7617225647, 19.5047607422, 20.247800827, 20.9908390045, 21.733877182, 22.4769153595, 23.2083435059, 23.9513835907, 24.6828117371, 25.4258499146, 26.168888092, 26.9119262695, 27.6549663544, 28.3980045319, 29.1410427094, 29.8840808868, 30.6271190643, 31.3817672729, 32.1364173889, 32.8794555664, 33.6341018677, 34.3887519836, 35.1434020996, 35.8980484009, 36.6410865784, 37.3841247559, 38.1271629333, 38.8702049255, 39.613243103, 40.309841156, 41.0180473328, 41.7843093872, 42.5621757507, 43.3168258667, 44.0830841064, 44.8377304077, 45.5923805237, 46.347026825, 47.0900688171, 47.8331069946, 48.5645332336, 49.3191833496, 50.0738296509, 50.8284797668, 51.5715179443, 52.302947998, 53.0343742371, 53.7774124146, 54.5320625305, 55.275100708, 56.0181388855, 56.761177063, 57.4926071167, 58.2356452942, 58.9670753479, 59.6985015869, 60.4415397644, 61.1845779419, 61.9276161194, 62.6706581116, 63.4136962891, 64.1567306519, 64.899772644, 65.6428070068, 66.3742370605, 67.1172790527, 67.871925354, 68.6381835938, 69.392829895, 70.1474838257, 70.902130127, 71.6567764282, 72.4114303589, 73.1660766602, 73.9091110229, 74.6521530151, 75.3951950073, 76.1382293701, 76.8928756714, 77.6475296021, 78.3905639648, 79.133605957, 79.8766403198, 80.6080703735, 81.3511123657, 82.0941467285, 82.8255767822, 83.5570068359, 84.3000411987, 85.0430831909, 85.7745132446, 86.5175476074, 87.2605895996, 88.0036239624, 88.7582778931, 89.5129241943, 90.2559585571, 90.9990005493, 91.7420425415, 92.4850769043, 93.2281188965, 93.9711532593, 94.702583313, 95.4340133667, 96.1770477295, 96.9200897217, 97.6515197754, 98.3829498291, 99.1259841919, 99.8690261841, 100.623672485, 101.378318787, 102.144577026, 102.725074768, 103.317184448, 103.909294128, 104.304031372, 104.698776245, 105.070289612, 105.441810608, 105.813331604, 106.1848526, 106.544761658, 106.904670715, 107.276191711, 107.647705078, 108.007614136, 108.379135132, 108.739044189, 109.110565186, 109.482086182, 109.853607178, 110.225120544, 110.596641541, 110.968162537, 111.339683533, 111.711196899, 112.071105957, 112.431015015, 112.802536011, 113.174057007, 113.545578003, 113.917098999, 114.277008057, 114.636917114, 115.008430481, 115.368339539, 115.739860535, 116.099769592, 116.471290588, 116.842811584, 117.214332581, 117.585845947, 117.945755005, 118.305664062, 118.677185059, 119.048706055, 119.408615112, 119.76852417, 120.140045166, 120.511566162, 120.883079529, 121.242988586, 121.602897644, 121.97441864, 122.345939636, 122.717460632, 123.088973999, 123.460494995, 123.832015991, 124.203536987, 124.575057983, 124.934967041, 125.294876099, 125.666389465, 126.037910461, 126.409431458, 126.780952454, 127.15246582, 127.523986816, 127.883895874, 128.243804932, 128.615325928, 128.998458862, 129.381591797, 129.753097534, 130.12461853, 130.496139526, 130.856048584, 131.215957642, 131.575866699, 131.935775757, 132.284072876, 132.643981934, 133.003890991, 133.375411987, 133.746932983, 134.118453979, 134.478363037, 134.849884033, 135.209793091, 135.55809021, 135.917999268, 136.277908325, 136.637817383, 137.009338379, 137.369247437, 137.740768433, 138.112289429, 138.460586548, 138.808883667, 139.168792725, 139.528701782, 139.900222778, 140.271743774, 140.631652832, 141.003173828, 141.363082886, 141.711380005, 142.059677124, 142.407974243, 142.756271362, 143.10458374, 143.464492798, 143.824401855, 144.195922852, 144.555831909, 144.927337646, 145.287246704, 145.6587677, 146.030288696, 146.390197754, 146.750106812, 147.121627808, 147.493148804, 147.8646698, 148.236190796, 148.607711792, 148.979232788, 149.350738525, 149.722259521, 150.093780518, 150.465301514, 150.83682251, 151.208343506, 151.579864502, 151.951385498, 152.322906494, 152.694412231, 153.065933228, 153.437454224, 153.80897522, 154.180496216, 154.552017212, 154.923538208, 155.295059204, 155.6665802, 156.038085938, 156.409606934, 156.78112793, 157.152648926, 157.524169922, 157.895690918, 158.267211914, 158.63873291, 159.010253906, 159.381759644, 159.75328064, 160.124801636, 160.496322632, 160.867843628, 161.239364624, 161.61088562, 161.982406616, 162.353912354, 162.72543335, 163.096954346, 163.468475342, 163.839996338, 164.211517334, 164.58303833, 164.954559326, 165.326080322, 165.69758606, 166.069107056, 166.440628052, 166.812149048, 167.183670044, 167.55519104, 167.926712036, 168.298233032, 168.65814209, 169.018051147, 169.377960205, 169.737869263, 170.109390259, 170.469299316, 170.829208374, 171.189117432, 171.560638428, 171.920547485, 172.280456543, 172.65196228, 173.023483276, 173.395004272, 173.75491333, 174.126434326, 174.497955322, 174.881088257, 175.252609253, 175.624130249, 175.995635986, 176.355545044, 176.72706604, 177.098587036, 177.458496094, 177.818405151, 178.178314209, 178.549835205, 178.921356201, 179.292877197, 179.652786255, 180.024307251, 180.395828247, 180.767349243, 181.138870239, 181.510375977, 181.881896973, 182.253417969, 182.624938965, 182.996459961, 183.367980957, 183.727890015, 184.111022949, 184.482528687, 184.842453003, 185.202362061, 185.573867798, 185.945388794, 186.328521729, 186.711654663, 187.083175659, 187.454696655, 187.814605713, 188.174514771, 188.546035767, 188.917541504, 189.2890625, 189.637359619, 190.008880615, 190.380401611, 190.763534546, 191.123443604, 191.4949646, 191.854873657, 192.214782715, 192.574691772, 192.946212769, 193.317733765, 193.689254761, 194.049163818, 194.420669556, 194.780578613, 195.152099609, 195.512008667, 195.883529663, 196.255050659, 196.614959717, 196.974868774, 197.346389771, 197.717910767, 198.089431763, 198.44934082, 198.809249878, 199.169158936, 199.529067993, 199.888977051, 200.248886108, 200.620407104, 200.991928101, 201.363449097, 201.734954834, 202.10647583, 202.466384888, 202.826293945, 203.186203003, 203.546112061, 203.906021118, 204.265930176, 204.637451172, 205.008972168, 205.380493164, 205.75201416, 206.111923218, 206.471832275, 206.843353271, 207.214874268, 207.586395264, 207.95791626, 208.317825317, 208.677734375, 209.037643433, 209.39755249, 209.769073486, 210.140579224, 210.500488281, 210.860397339, 211.231918335, 211.603439331, 211.974960327, 212.346481323, 212.718002319, 213.089523315, 213.461044312, 213.820953369, 214.180862427, 214.552383423, 214.91229248, 215.272201538, 215.643707275, 216.015228271, 216.363540649, 216.735046387, 217.094955444, 217.454864502, 217.80317688, 218.174682617, 218.534591675, 218.894515991, 219.266021729, 219.637542725, 219.997451782, 220.35736084, 220.728881836, 221.088790894, 221.46031189, 221.831832886, 222.191741943, 222.563262939, 222.934783936, 223.283081055, 223.666213989, 224.037734985, 224.420852661, 224.792373657, 225.163894653, 225.535415649, 225.906936646, 226.278457642, 226.649978638, 227.021499634, 227.393005371, 227.764526367, 228.136047363, 228.507568359, 228.879089355, 229.250610352, 229.622131348, 229.993652344, 230.36517334, 230.736679077, 231.108200073, 231.479721069, 231.851242065, 232.222763062, 232.594284058, 232.965805054, 233.33732605, 233.708831787, 234.080352783, 234.451873779, 234.823394775, 235.183303833, 235.543212891, 235.903121948, 236.263031006, 236.622940063, 236.982849121, 237.354370117, 237.725891113, 238.097412109, 238.457321167, 238.817230225, 239.188751221, 239.560272217, 239.931793213, 240.291702271, 240.663208008, 241.034729004, 241.394638062, 241.766159058, 242.126068115, 242.485977173, 242.84588623, 243.205795288, 243.565704346, 243.925613403, 244.297134399, 244.645431519, 245.016952515, 245.388473511, 245.759994507, 246.119903564, 246.491424561, 246.851333618, 247.222854614, 247.59437561, 247.954284668, 248.314193726, 248.685714722, 249.057235718, 249.428741455, 249.800262451, 250.171783447, 250.543304443, 250.914825439, 251.286346436, 251.657867432, 252.029388428, 252.412506104, 252.7840271, 253.143936157, 253.515457153, 253.886978149, 254.258499146, 254.630020142, 255.001541138, 255.384674072, 255.767791748, 256.150939941, 256.534057617, 256.92880249, 257.311920166, 257.695037842, 258.078186035, 258.461303711, 258.844451904, 259.23916626],
    "bpm_histogram": [0, 0, 0, 0, 0, 0, 0, 0, 0, 0, 0, 0, 0, 0, 0, 0, 0, 0, 0, 0, 0, 0, 0, 0, 0, 0, 0, 0, 0, 0, 0, 0, 0, 0, 0, 0, 0, 0, 0, 0, 0, 0, 0, 0, 0, 0, 0, 0, 0, 0, 0, 0, 0, 0, 0, 0, 0, 0, 0, 0, 0, 0, 0, 0, 0, 0, 0, 0, 0, 0, 0, 0, 0, 0, 0, 0, 0, 0.00175131345168, 0.00700525380671, 0, 0.047285463661, 0.119089320302, 0.0332749560475, 0.00175131345168, 0, 0.00175131345168, 0.00175131345168, 0, 0, 0, 0, 0, 0, 0, 0, 0, 0, 0, 0, 0, 0, 0.00350262690336, 0, 0.0105078807101, 0, 0, 0, 0, 0, 0, 0.00175131345168, 0, 0, 0, 0, 0.00350262690336, 0, 0, 0, 0, 0, 0, 0, 0, 0, 0, 0, 0, 0, 0, 0, 0, 0, 0, 0, 0, 0.00875656772405, 0, 0, 0, 0.00350262690336, 0, 0, 0, 0, 0, 0, 0, 0, 0, 0, 0, 0.0140105076134, 0, 0, 0, 0, 0.0367775820196, 0, 0, 0, 0.39929947257, 0.0630472823977, 0, 0, 0, 0, 0.217162877321, 0, 0, 0, 0, 0.0245183892548, 0, 0, 0, 0, 0, 0, 0, 0, 0, 0, 0, 0, 0, 0, 0, 0, 0, 0, 0, 0, 0, 0, 0, 0, 0, 0, 0, 0, 0, 0, 0, 0, 0, 0, 0, 0, 0, 0, 0, 0, 0, 0, 0, 0, 0, 0, 0, 0, 0, 0, 0, 0, 0, 0, 0, 0, 0, 0, 0, 0, 0, 0, 0, 0, 0, 0, 0, 0, 0, 0, 0, 0, 0, 0, 0, 0, 0]
},
"tonal": {
    "chords_changes_rate": 0.0449839346111,
    "chords_number_rate": 0.001963584451,
    "chords_strength": {
        "mean": 0.548031926155,
        "stdev": 0.0958348140121
    },
    "hpcp_crest": {
        "mean": 13.5108203888,
        "stdev": 6.35424566269
    },
    "hpcp_entropy": {
        "mean": 1.97134935856,
        "stdev": 0.6933183074
    },
    "key_edma": {
        "strength": 0.732009530067,
        "key": "C",
        "scale": "major"
    },
    "key_krumhansl": {
        "strength": 0.724508106709,
        "key": "G",
        "scale": "major"
    },
    "key_temperley": {
        "strength": 0.741632699966,
        "key": "G",
        "scale": "major"
    },
    "tuning_diatonic_strength": 0.619571745396,
    "tuning_equal_tempered_deviation": 0.206051886082,
    "tuning_frequency": 434.193115234,
    "tuning_nontempered_energy_ratio": 0.940112352371,
    "hpcp": {
        "mean": [0.17512743175, 0.163570687175, 0.0721327662468, 0.0729553177953, 0.0858178734779, 0.0676316469908, 0.131230354309, 0.15478618443, 0.101727902889, 0.189397409558, 0.179655522108, 0.0606180876493, 0.0521770380437, 0.0602712891996, 0.07588095963, 0.172000840306, 0.201950639486, 0.112073644996, 0.1003677845, 0.102041639388, 0.0765233635902, 0.130546733737, 0.143899649382, 0.0842773243785, 0.0723839178681, 0.0668005272746, 0.0563559494913, 0.0774980410933, 0.0896699875593, 0.12107270211, 0.310618638992, 0.326375335455, 0.141740992665, 0.0859052613378, 0.073823004961, 0.0932624191046],
        "stdev": [0.286388844252, 0.267195880413, 0.16240426898, 0.179250106215, 0.217500790954, 0.158805325627, 0.221790835261, 0.258906185627, 0.190330177546, 0.330836713314, 0.318847537041, 0.152153149247, 0.151677891612, 0.165245085955, 0.183672502637, 0.253676533699, 0.285160422325, 0.208456546068, 0.215968057513, 0.238004952669, 0.172262400389, 0.240698888898, 0.25935152173, 0.177064076066, 0.170991256833, 0.165281370282, 0.143132016063, 0.173914134502, 0.186069309711, 0.202836677432, 0.352844715118, 0.354710191488, 0.224686220288, 0.19165687263, 0.174183115363, 0.186035126448]
    },
    "chords_histogram": [44.0378417969, 0.267761528492, 2.10639047623, 0.392716884613, 3.98072123528, 0, 0.62477684021, 0, 0, 0.160656914115, 0, 0, 0, 0, 1.1245983839, 2.15994286537, 12.5133876801, 4.53409481049, 0.856836855412, 2.21349525452, 0.821135282516, 8.37201023102, 9.8536233902, 5.98000717163],
    "thpcp": [1, 0.434288322926, 0.26321002841, 0.226190507412, 0.285752058029, 0.536582946777, 0.501173555851, 0.221011698246, 0.223531961441, 0.262942284346, 0.207220464945, 0.402084171772, 0.474258214235, 0.311689913273, 0.58030551672, 0.550456821918, 0.185731217265, 0.159868195653, 0.184668645263, 0.232495993376, 0.52700316906, 0.61876809597, 0.343388825655, 0.307522565126, 0.312651187181, 0.234464302659, 0.399989575148, 0.440902352333, 0.258222103119, 0.221781209111, 0.204673945904, 0.172672212124, 0.237450674176, 0.274744987488, 0.370961546898, 0.951722145081],
    "chords_key": "G",
    "chords_scale": "major"
}
}