{
"metadata": {
    "version": {
        "essentia": "2.1-dev",
        "essentia_git_sha": "v2.1_beta3-415-gd5473f3",
        "extractor": "music 2.0"
    },
    "audio_properties": {
        "analysis": {
            "equal_loudness": 0,
            "length": 251.898773193,
            "sample_rate": 44100,
            "start_time": 0,
            "downmix": "mix"
        },
        "bit_rate": 192000,
        "length": 251.898773193,
        "lossless": 0,
        "number_channels": 2,
        "replay_gain": -11.5972137451,
        "sample_rate": 44100,
        "codec": "mp3",
        "md5_encoded": "ae125e031b5868c51d8884bddc6bdbfa"
    },
    "tags": {
        "file_name": "rosana-pa_ti_no_estoy.mp3",
        "album": ["Rosana"],
        "artist": ["Rosana"],
        "genre": ["Other"],
        "title": ["Pa ti no estoy"]
    }
},
"lowlevel": {
    "average_loudness": 0.824277698994,
    "barkbands_crest": {
        "mean": 10.8219099045,
        "stdev": 4.63659286499
    },
    "barkbands_flatness_db": {
        "mean": 0.163201600313,
        "stdev": 0.0660960525274
    },
    "barkbands_kurtosis": {
        "mean": 5.89100599289,
        "stdev": 38.5149230957
    },
    "barkbands_skewness": {
        "mean": 1.26843905449,
        "stdev": 1.73627734184
    },
    "barkbands_spread": {
        "mean": 18.8486938477,
        "stdev": 15.0114812851
    },
    "dissonance": {
        "mean": 0.444928050041,
        "stdev": 0.0414965637028
    },
    "dynamic_complexity": 4.64573669434,
    "erbbands_crest": {
        "mean": 10.0640153885,
        "stdev": 4.44897556305
    },
    "erbbands_flatness_db": {
        "mean": 0.181305661798,
        "stdev": 0.0595282055438
    },
    "erbbands_kurtosis": {
        "mean": 0.940119683743,
        "stdev": 2.2459924221
    },
    "erbbands_skewness": {
        "mean": 0.347487568855,
        "stdev": 0.7518491745
    },
    "erbbands_spread": {
        "mean": 30.5670967102,
        "stdev": 20.6445846558
    },
    "hfc": {
        "mean": 18.9650726318,
        "stdev": 20.7195644379
    },
    "loudness_ebu128": {
        "integrated": -12.7277059555,
        "loudness_range": 6.41042995453,
        "momentary": {
            "mean": -14.9968948364,
            "stdev": 8.72505187988
        },
        "short_term": {
            "mean": -13.7769107819,
            "stdev": 4.8241519928
        }
    },
    "melbands_crest": {
        "mean": 13.4499759674,
        "stdev": 5.29164171219
    },
    "melbands_flatness_db": {
        "mean": 0.227704003453,
        "stdev": 0.0831135138869
    },
    "melbands_kurtosis": {
        "mean": 12.117726326,
        "stdev": 35.357093811
    },
    "melbands_skewness": {
        "mean": 2.0469250679,
        "stdev": 1.98226118088
    },
    "melbands_spread": {
        "mean": 22.931470871,
        "stdev": 18.8870811462
    },
    "pitch_salience": {
        "mean": 0.523443281651,
        "stdev": 0.123979926109
    },
    "silence_rate_20dB": {
        "mean": 1,
        "stdev": 0
    },
    "silence_rate_30dB": {
        "mean": 1,
        "stdev": 0
    },
    "silence_rate_60dB": {
        "mean": 0.124976955354,
        "stdev": 0.330700486898
    },
    "spectral_centroid": {
        "mean": 1148.42944336,
        "stdev": 586.119140625
    },
    "spectral_complexity": {
        "mean": 13.2992630005,
        "stdev": 7.56786060333
    },
    "spectral_decrease": {
        "mean": -5.16640819015e-09,
        "stdev": 4.2725605276e-09
    },
    "spectral_energy": {
        "mean": 0.0212193857878,
        "stdev": 0.0177041720599
    },
    "spectral_energyband_high": {
        "mean": 0.000349119305611,
        "stdev": 0.000729056773707
    },
    "spectral_energyband_low": {
        "mean": 0.00467098876834,
        "stdev": 0.00587888248265
    },
    "spectral_energyband_middle_high": {
        "mean": 0.00831067375839,
        "stdev": 0.0122285922989
    },
    "spectral_energyband_middle_low": {
        "mean": 0.00849064439535,
        "stdev": 0.00888487882912
    },
    "spectral_entropy": {
        "mean": 7.23572349548,
        "stdev": 0.596736550331
    },
    "spectral_flux": {
        "mean": 0.0725257322192,
        "stdev": 0.0483460575342
    },
    "spectral_kurtosis": {
        "mean": 8.06573486328,
        "stdev": 7.71894311905
    },
    "spectral_rms": {
        "mean": 0.00408320641145,
        "stdev": 0.00200730911456
    },
    "spectral_rolloff": {
        "mean": 1462.20935059,
        "stdev": 1757.94384766
    },
    "spectral_skewness": {
        "mean": 2.07990002632,
        "stdev": 0.761268734932
    },
    "spectral_spread": {
        "mean": 4316446.5,
        "stdev": 2304829.75
    },
    "spectral_strongpeak": {
        "mean": 1.4802929163,
        "stdev": 2.17157816887
    },
    "zerocrossingrate": {
        "mean": 0.0550217367709,
        "stdev": 0.044476352632
    },
    "barkbands": {
        "mean": [2.80854565062e-05, 0.00336294015869, 0.000994654023089, 0.000583284592722, 0.00183962774463, 0.00152752303984, 0.000776038039476, 0.000925671716686, 0.00229145446792, 0.00180301151704, 0.00119425402954, 0.00100003066473, 0.000745159515645, 0.00144880905282, 0.000819639768451, 0.000720126321539, 0.000291674165055, 0.000386099040043, 0.000110968037916, 5.65397531318e-05, 4.79613263451e-05, 5.1461145631e-05, 6.42332452117e-05, 5.82135398872e-05, 6.71494854032e-05, 2.38131160586e-05, 9.85839506029e-07],
        "stdev": [9.4768962299e-05, 0.00489065283909, 0.00167441437952, 0.00116791238543, 0.00302145909518, 0.0029966563452, 0.00215735379606, 0.00228145392612, 0.00490535795689, 0.00474307732657, 0.00312203704379, 0.00259630591609, 0.0021406931337, 0.0039537679404, 0.00286657596007, 0.00252793636173, 0.000899666629266, 0.00081929739099, 0.000235397776123, 9.9452707218e-05, 0.000134011235787, 0.000114214119094, 0.000122613157146, 0.000193369909539, 0.000309410010232, 8.98459693417e-05, 2.91687001663e-06]
    },
    "erbbands": {
        "mean": [0.0817186534405, 0.807655870914, 1.3299574852, 1.57297348976, 3.93727684021, 6.01890230179, 11.3355731964, 11.4739017487, 11.5869731903, 13.1801986694, 29.1791248322, 50.7321815491, 59.551700592, 46.5816650391, 40.0981254578, 39.6469535828, 38.3756370544, 56.9294166565, 52.4849700928, 55.9045448303, 29.2680854797, 17.129776001, 20.3463668823, 12.2669038773, 3.59792637825, 2.70564651489, 2.09376358986, 1.95612466335, 1.77747750282, 2.0495262146, 1.77324342728, 1.20812749863, 1.00218820572, 0.812606990337, 0.424324899912, 0.153081610799, 0.0338203497231, 0.00498047657311, 0.000127517225337, 3.007504165e-05],
        "stdev": [0.146585509181, 1.10685074329, 1.89282202721, 2.97615265846, 8.61499595642, 9.91526317596, 19.7987613678, 24.0855350494, 33.5882835388, 32.928604126, 64.4013519287, 117.790733337, 141.879867554, 104.399269104, 99.306602478, 93.69896698, 98.3345108032, 157.890045166, 152.681655884, 172.353927612, 89.1205215454, 43.6875801086, 42.0486679077, 25.5507736206, 6.19943523407, 4.98619222641, 4.68087339401, 7.09658384323, 4.3890542984, 3.62247276306, 3.60738587379, 3.49687147141, 3.6423637867, 3.59274625778, 2.07761406898, 0.6923148036, 0.109916038811, 0.0135673899204, 0.000320582097629, 2.69270421995e-05]
    },
    "gfcc": {
        "mean": [-50.9659385681, 104.391876221, -116.479156494, 15.9626541138, -49.8434867859, 19.0399570465, -38.8074874878, 13.8941450119, -20.194890976, -3.71121501923, -15.6438245773, 6.33137893677, -8.45910072327],
        "cov": [[17966.6113281, -506.335388184, -1352.828125, 59.5675506592, -589.377197266, 663.005554199, -451.893035889, 342.590332031, -113.033576965, 114.864631653, -225.840820312, 90.5747299194, -378.51385498], [-506.335388184, 1578.43615723, -146.189956665, -244.298065186, 300.356262207, -233.439056396, 179.635620117, -104.360069275, 68.3578567505, -147.813812256, 69.7318954468, -102.767684937, 94.8229675293], [-1352.828125, -146.189956665, 1328.91064453, 415.487182617, 41.1267356873, 122.106910706, -48.1460914612, 83.4818191528, -56.3895072937, 107.601867676, -27.1734638214, 84.7708969116, -4.16111326218], [59.5675506592, -244.298065186, 415.487182617, 544.319641113, 35.3519058228, 52.327747345, -20.0356521606, 52.1484985352, 25.4662837982, 48.4852523804, -12.3674793243, 64.3710327148, 16.2082862854], [-589.377197266, 300.356262207, 41.1267356873, 35.3519058228, 336.374176025, 36.3298568726, 79.4919433594, 26.18699646, 56.9516143799, -21.0237560272, 29.0525474548, -5.93735742569, 45.7590065002], [663.005554199, -233.439056396, 122.106910706, 52.327747345, 36.3298568726, 373.162384033, 97.1034393311, 42.6194152832, -12.1446342468, 45.3366203308, 44.4616317749, -3.82657718658, -51.1316757202], [-451.893035889, 179.635620117, -48.1460914612, -20.0356521606, 79.4919433594, 97.1034393311, 277.421386719, -19.9266338348, -11.880941391, 3.72287201881, 44.819065094, -36.4999237061, -4.95492935181], [342.590332031, -104.360069275, 83.4818191528, 52.1484985352, 26.18699646, 42.6194152832, -19.9266338348, 176.303955078, 65.7593002319, 9.14200973511, 0.572047531605, 22.2578926086, -0.93277066946], [-113.033576965, 68.3578567505, -56.3895072937, 25.4662837982, 56.9516143799, -12.1446342468, -11.880941391, 65.7593002319, 173.466674805, -2.0324575901, 8.60011482239, 5.7391910553, 26.3377666473], [114.864631653, -147.813812256, 107.601867676, 48.4852523804, -21.0237560272, 45.3366203308, 3.72287201881, 9.14200973511, -2.0324575901, 123.480781555, 23.2926502228, 27.186832428, -8.05869293213], [-225.840820312, 69.7318954468, -27.1734638214, -12.3674793243, 29.0525474548, 44.4616317749, 44.819065094, 0.572047531605, 8.60011482239, 23.2926502228, 146.586151123, 23.4278202057, 6.66999483109], [90.5747299194, -102.767684937, 84.7708969116, 64.3710327148, -5.93735742569, -3.82657718658, -36.4999237061, 22.2578926086, 5.7391910553, 27.186832428, 23.4278202057, 120.070793152, 32.2877464294], [-378.51385498, 94.8229675293, -4.16111326218, 16.2082862854, 45.7590065002, -51.1316757202, -4.95492935181, -0.93277066946, 26.3377666473, -8.05869293213, 6.66999483109, 32.2877464294, 108.932571411]],
        "icov": [[0.000163117671036, -0.000364250619896, 0.000427129358286, -0.000321754720062, 0.000361614162102, -0.000654581759591, 0.000523600261658, -0.000553359685, 0.000427964987466, -0.000472469051601, 0.000546311726794, -0.000451543251984, 0.000469938589958], [-0.000364250619896, 0.00221364735626, -0.00130718795117, 0.00131192605477, -0.00173977797385, 0.0024711037986, -0.00194067368284, 0.00192600279115, -0.00155227805953, 0.00218807184137, -0.00204326282255, 0.0018139462918, -0.00149415631313], [0.000427129358286, -0.00130718795117, 0.00235187308863, -0.00172384583857, 0.000930578506086, -0.00215840013698, 0.00178040971514, -0.00204189727083, 0.00197766604833, -0.00217239768244, 0.00193138350733, -0.00162334227934, 0.00135187106207], [-0.000321754720062, 0.00131192605477, -0.00172384583857, 0.00346378376707, -0.00121130724438, 0.00157088064589, -0.00141793501098, 0.00133900088258, -0.00165570701938, 0.00118141726125, -0.00105127575807, 0.000378210330382, -0.00120811001398], [0.000361614162102, -0.00173977797385, 0.000930578506086, -0.00121130724438, 0.00522100739181, -0.00241506495513, 0.000687064719386, -0.00185721588787, 0.00026544710272, -0.000880701001734, 0.00124947610311, -0.00103174510878, -0.000224725779844], [-0.000654581759591, 0.0024711037986, -0.00215840013698, 0.00157088064589, -0.00241506495513, 0.00696066906676, -0.00377545855008, 0.00182281597517, -0.00180464598816, 0.00191229186021, -0.00349191622809, 0.00238476623781, -0.000531340192538], [0.000523600261658, -0.00194067368284, 0.00178040971514, -0.00141793501098, 0.000687064719386, -0.00377545855008, 0.00684520322829, -0.00165715301409, 0.00222355965525, -0.00238156272098, 0.00111298798583, -0.000401308469009, 0.00136107916478], [-0.000553359685, 0.00192600279115, -0.00204189727083, 0.00133900088258, -0.00185721588787, 0.00182281597517, -0.00165715301409, 0.00965715013444, -0.00476398225874, 0.00247353315353, -0.00194238231052, 0.000780458736699, -0.00101104518399], [0.000427964987466, -0.00155227805953, 0.00197766604833, -0.00165570701938, 0.00026544710272, -0.00180464598816, 0.00222355965525, -0.00476398225874, 0.00921262893826, -0.00225933082402, 0.0014124235604, -0.000859306834172, 3.55941010639e-05], [-0.000472469051601, 0.00218807184137, -0.00217239768244, 0.00118141726125, -0.000880701001734, 0.00191229186021, -0.00238156272098, 0.00247353315353, -0.00225933082402, 0.0121199619025, -0.00355286384001, 0.000305014546029, -0.00105471035931], [0.000546311726794, -0.00204326282255, 0.00193138350733, -0.00105127575807, 0.00124947610311, -0.00349191622809, 0.00111298798583, -0.00194238231052, 0.0014124235604, -0.00355286384001, 0.0104382522404, -0.00408047717065, 0.00174315483309], [-0.000451543251984, 0.0018139462918, -0.00162334227934, 0.000378210330382, -0.00103174510878, 0.00238476623781, -0.000401308469009, 0.000780458736699, -0.000859306834172, 0.000305014546029, -0.00408047717065, 0.0130677139387, -0.00511817540973], [0.000469938589958, -0.00149415631313, 0.00135187106207, -0.00120811001398, -0.000224725779844, -0.000531340192538, 0.00136107916478, -0.00101104518399, 3.55941010639e-05, -0.00105471035931, 0.00174315483309, -0.00511817540973, 0.0135668478906]]
    },
    "melbands": {
        "mean": [0.00087301468011, 0.000846167269628, 0.000334499025485, 0.000367483735317, 0.00037523068022, 0.000271758966846, 0.000166647965671, 0.0001556971838, 0.00029043914401, 0.000303394364892, 0.00029992396594, 0.000195862987312, 0.000159618924954, 9.07547801035e-05, 0.000123858306324, 6.52917660773e-05, 0.000117011149996, 9.61179030128e-05, 7.08535299054e-05, 6.45629261271e-05, 2.82947730739e-05, 1.81919440365e-05, 1.48430781337e-05, 2.01174461836e-05, 8.98058533494e-06, 3.29704130309e-06, 1.62833657669e-06, 1.87770035609e-06, 1.3974643025e-06, 1.03881802715e-06, 1.16003286621e-06, 9.62531657933e-07, 1.04177559024e-06, 1.18246077818e-06, 1.08114977593e-06, 7.92260323124e-07, 7.3478821605e-07, 7.25712709482e-07, 6.46635612611e-07, 7.08916161329e-07],
        "stdev": [0.00136650714558, 0.00103658507578, 0.000579013256356, 0.00070093665272, 0.000590891810134, 0.000549757503904, 0.000465083081508, 0.000389180233469, 0.000651727721561, 0.000696629809681, 0.000742377073038, 0.000459264556412, 0.000416172581026, 0.000296195386909, 0.000291106989607, 0.00019767228514, 0.000335393677233, 0.000307819980662, 0.000241247922531, 0.00023463954858, 9.89171749097e-05, 5.71881646465e-05, 3.0048253393e-05, 4.79998161609e-05, 2.0135061277e-05, 7.40834639146e-06, 2.72640772891e-06, 3.95683764509e-06, 3.39161783813e-06, 2.51263918472e-06, 4.84487645735e-06, 2.85129522126e-06, 1.95991037799e-06, 2.12867871596e-06, 2.20427205022e-06, 1.96973974198e-06, 2.43647832576e-06, 2.7912810765e-06, 2.55604595623e-06, 3.3975113638e-06]
    },
    "melbands128": {
        "mean": [2.72359120572e-05, 0.000472565676318, 0.00142451922875, 0.00129069387913, 0.000810735742562, 0.000426424317993, 0.000296417769277, 0.000294809986372, 0.000420763273723, 0.000423087069066, 0.000292546843411, 0.000340321217664, 0.000387372885598, 0.000474972650409, 0.000254609505646, 0.00017629013746, 0.000223183873459, 0.000160007693921, 0.000108420186734, 0.000131416149088, 0.000186759774806, 0.000192401523236, 0.000235482002608, 0.000478031259263, 0.00040979028563, 0.000163050295669, 0.000244612107053, 0.000319021055475, 0.000399412296247, 0.000147691738675, 0.000143029552419, 0.000225023381063, 0.000204988828045, 5.57587700314e-05, 0.000113975904242, 7.56149311201e-05, 9.25788335735e-05, 0.000167620251887, 0.000116262810479, 6.29967325949e-05, 2.85429305222e-05, 9.94446891127e-05, 9.66411898844e-05, 0.000127473220346, 0.000188784993952, 5.98505503149e-05, 3.48074390786e-05, 7.38235466997e-05, 7.67128221923e-05, 9.55450668698e-05, 6.55165349599e-05, 3.26887529809e-05, 3.18161037285e-05, 2.62329740508e-05, 2.00437698368e-05, 2.02718474611e-05, 1.25009592011e-05, 1.3150450286e-05, 1.45256426549e-05, 2.03217405215e-05, 2.34077051573e-05, 1.90408445633e-05, 1.00962388387e-05, 6.62370621285e-06, 6.10596180195e-06, 2.82347536995e-06, 1.99643886845e-06, 1.8074572381e-06, 1.52020049882e-06, 1.29369891511e-06, 1.98748853109e-06, 2.27316149903e-06, 1.5432294731e-06, 1.23641586924e-06, 1.2120581232e-06, 9.55745122155e-07, 9.09885102374e-07, 1.29815430228e-06, 1.25472365653e-06, 9.74444219537e-07, 9.51016886575e-07, 9.27124176542e-07, 1.03866557311e-06, 9.88332544694e-07, 1.12089071536e-06, 1.21735411085e-06, 1.18644902614e-06, 1.13839894311e-06, 1.15242710308e-06, 9.70625137597e-07, 8.98868506738e-07, 7.2841896781e-07, 6.31608600088e-07, 7.16366514553e-07, 8.16429292172e-07, 7.94054983544e-07, 7.06704611275e-07, 6.25735879112e-07, 6.11853636201e-07, 6.7156275918e-07, 7.18172032066e-07, 7.33727233637e-07, 6.8844207135e-07, 5.63308731216e-07, 4.08584384104e-07, 4.43781686954e-07, 4.05635745437e-07, 3.3440204561e-07, 2.58544815779e-07, 1.90474196415e-07, 1.31625981226e-07, 1.18538530103e-07, 1.00567106642e-07, 7.99585677669e-08, 6.43736797201e-08, 5.16530533901e-08, 3.83516720603e-08, 4.39022684873e-09, 3.15694063772e-12, 2.97320154607e-12, 2.89278778882e-12, 2.82527148378e-12, 2.76374235997e-12, 2.71159353651e-12, 2.6720114836e-12, 2.64074916448e-12, 2.61769945997e-12, 2.60198004635e-12],
        "stdev": [9.3318769359e-05, 0.0010490627028, 0.00228896783665, 0.00175259565003, 0.00111546437256, 0.000758571317419, 0.000661197758745, 0.000577946368139, 0.00107540097088, 0.00106921454426, 0.000648346322123, 0.000585776695516, 0.000786667340435, 0.00110989401583, 0.000638865400106, 0.000603250868153, 0.000794294115622, 0.000562500092201, 0.000383666862035, 0.000494683277793, 0.000587184273172, 0.000636977260001, 0.000818203261588, 0.00137583620381, 0.00130170641933, 0.000625315587968, 0.000872577715199, 0.00103146047331, 0.00129784608725, 0.000605746754445, 0.000559352396522, 0.000672281603329, 0.000712756649591, 0.000264468864771, 0.000557917519473, 0.000353142037056, 0.000374941417249, 0.000455994391814, 0.000454813096439, 0.000293528486509, 0.000170267492649, 0.000504697964061, 0.000468590529636, 0.000523555208929, 0.000712591281626, 0.000357869081199, 0.000261192879407, 0.000404890655773, 0.000350012356648, 0.000470845319796, 0.00035086661228, 0.000203538773349, 0.000153616347234, 0.000125551465317, 0.000125997321447, 7.87291937741e-05, 3.58817560482e-05, 3.57041899406e-05, 4.04143211199e-05, 6.46782864351e-05, 7.43673008401e-05, 8.1791098637e-05, 2.80903277599e-05, 1.91805993381e-05, 2.246533586e-05, 9.19589456316e-06, 5.71732198296e-06, 3.87614545616e-06, 3.13961095344e-06, 3.76993466489e-06, 5.47153285879e-06, 6.87713645675e-06, 4.25879852628e-06, 4.63420064989e-06, 3.86169540434e-06, 2.18581294575e-06, 2.61404397861e-06, 6.1704708969e-06, 5.87979320699e-06, 4.09844278693e-06, 3.58682837032e-06, 2.56396106124e-06, 2.35092898038e-06, 2.08569599636e-06, 2.26657039093e-06, 2.48682886195e-06, 2.47494290306e-06, 2.31380840887e-06, 2.63643914877e-06, 2.38409916165e-06, 2.2110396003e-06, 2.10048733607e-06, 1.91489903045e-06, 2.45579076363e-06, 3.14643511956e-06, 3.86370720662e-06, 2.85024339064e-06, 2.44044736064e-06, 2.51274923357e-06, 3.0460760172e-06, 3.30021543959e-06, 3.82449934477e-06, 4.05181663155e-06, 3.12388783641e-06, 1.95533584701e-06, 2.33301875596e-06, 2.31532885664e-06, 1.66275594893e-06, 1.21940922782e-06, 7.94962318196e-07, 5.00477142396e-07, 4.17778522888e-07, 3.26159266706e-07, 2.50693545922e-07, 1.8842141003e-07, 1.42507460055e-07, 1.10529185804e-07, 1.50368464347e-08, 5.61096221569e-12, 5.395307031e-12, 5.2545780227e-12, 5.13185457671e-12, 5.02583434939e-12, 4.93563610121e-12, 4.86114490675e-12, 4.801780501e-12, 4.75817258858e-12, 4.7317466785e-12]
    },
    "mfcc": {
        "mean": [-692.231445312, 138.110183716, -2.70820760727, 6.76226902008, 11.1207790375, 1.87384271622, -2.09218668938, 13.9321756363, 0.496347397566, -0.68204587698, -1.34957432747, -3.52028632164, -2.9941110611],
        "cov": [[11289.5205078, -770.560241699, -965.9375, -348.376190186, -224.247741699, 138.674835205, -175.192230225, 236.275115967, -165.677612305, 296.798492432, 249.00894165, -171.473937988, -204.564285278], [-770.560241699, 1449.7010498, -133.842910767, 0.766901016235, 76.8823547363, -18.844291687, 85.5989456177, 35.7248382568, 41.2083091736, -23.6933422089, 4.06108951569, 23.5470657349, 2.5460999012], [-965.9375, -133.842910767, 970.949768066, 261.855987549, 121.658882141, 87.9340286255, 61.8932685852, -24.0890274048, 61.667049408, -56.0828475952, 0.547140479088, 94.5691223145, 66.3456573486], [-348.376190186, 0.766901016235, 261.855987549, 481.276245117, 125.834266663, 18.0717258453, -11.1338310242, 2.90198969841, 86.9758834839, -44.7656135559, -53.6569137573, 68.3788223267, 72.8944854736], [-224.247741699, 76.8823547363, 121.658882141, 125.834266663, 333.056854248, 0.971727669239, -33.081489563, 63.9188690186, 60.09192276, 15.8279027939, -5.18288230896, 8.93181705475, 46.1268577576], [138.674835205, -18.844291687, 87.9340286255, 18.0717258453, 0.971727669239, 259.248931885, 138.121139526, 30.3934860229, 6.2874956131, 30.866897583, 40.5816879272, 25.6145172119, -12.3153972626], [-175.192230225, 85.5989456177, 61.8932685852, -11.1338310242, -33.081489563, 138.121139526, 280.578613281, 41.1833076477, -17.7406864166, 19.0585231781, 45.9706573486, 32.0427474976, -9.76943683624], [236.275115967, 35.7248382568, -24.0890274048, 2.90198969841, 63.9188690186, 30.3934860229, 41.1833076477, 175.474761963, 26.534828186, 46.0555152893, 33.1786689758, -2.33201670647, 9.17711734772], [-165.677612305, 41.2083091736, 61.667049408, 86.9758834839, 60.09192276, 6.2874956131, -17.7406864166, 26.534828186, 160.773452759, 21.7358074188, -29.8197498322, 8.60997962952, 24.4942588806], [296.798492432, -23.6933422089, -56.0828475952, -44.7656135559, 15.8279027939, 30.866897583, 19.0585231781, 46.0555152893, 21.7358074188, 139.093933105, 54.4892845154, -19.3788108826, -19.4787559509], [249.00894165, 4.06108951569, 0.547140479088, -53.6569137573, -5.18288230896, 40.5816879272, 45.9706573486, 33.1786689758, -29.8197498322, 54.4892845154, 140.624481201, 16.5761051178, -17.1837825775], [-171.473937988, 23.5470657349, 94.5691223145, 68.3788223267, 8.93181705475, 25.6145172119, 32.0427474976, -2.33201670647, 8.60997962952, -19.3788108826, 16.5761051178, 103.208679199, 36.4288291931], [-204.564285278, 2.5460999012, 66.3456573486, 72.8944854736, 46.1268577576, -12.3153972626, -9.76943683624, 9.17711734772, 24.4942588806, -19.4787559509, -17.1837825775, 36.4288291931, 100.671157837]],
        "icov": [[0.000118127027235, 5.75143894821e-05, 0.000103024773125, -4.01126344514e-05, 6.18288395344e-05, -0.000124510435853, 0.000156715643243, -0.000158934039064, 8.35050959722e-05, -9.9123979453e-05, -0.000138763236464, 4.81775241497e-05, 0.00010524719255], [5.75143894821e-05, 0.000794939114712, 0.000237102605752, 1.73999742401e-05, -0.000245248986175, 0.000161856674822, -0.00033430129406, -8.30657008919e-05, -0.000272512203082, 0.000287684815703, -0.000167265199707, -0.000198803536477, 0.000200566151761], [0.000103024773125, 0.000237102605752, 0.00150220945943, -0.00051560101565, -0.000363116298104, -0.00037579445052, -0.000170100247487, 0.000274319230812, -0.000283502915408, 0.000474961125292, -0.000498033827171, -0.000515899271704, -7.18740338925e-05], [-4.01126344514e-05, 1.73999742401e-05, -0.00051560101565, 0.00315368571319, -0.000734572473448, -0.000142501667142, 5.95142919337e-05, 7.56774097681e-05, -0.000991903594695, 0.000485366414068, 0.00091939867707, -0.00131859024987, -0.000738335831556], [6.18288395344e-05, -0.000245248986175, -0.000363116298104, -0.000734572473448, 0.00409483164549, -0.000216497777728, 0.00089182134252, -0.00143262662459, -0.000361618556781, -0.000537611951586, -0.00020786341338, 0.000716719194315, -0.00109339831397], [-0.000124510435853, 0.000161856674822, -0.00037579445052, -0.000142501667142, -0.000216497777728, 0.00577284116298, -0.00275738933124, 4.31527805631e-05, -0.000474842207041, -0.000576655962504, -0.000318119855365, -0.000668714230414, 0.000819269393105], [0.000156715643243, -0.00033430129406, -0.000170100247487, 5.95142919337e-05, 0.00089182134252, -0.00275738933124, 0.00573717150837, -0.00134142208844, 0.000846313021611, -0.000271799450275, -0.000548616051674, -0.000890345894732, 0.0002990293724], [-0.000158934039064, -8.30657008919e-05, 0.000274319230812, 7.56774097681e-05, -0.00143262662459, 4.31527805631e-05, -0.00134142208844, 0.00752813043073, -0.00104548316449, -0.001193146687, -0.00104768446181, 0.000562353699934, -0.00106998172123], [8.35050959722e-05, -0.000272512203082, -0.000283502915408, -0.000991903594695, -0.000361618556781, -0.000474842207041, 0.000846313021611, -0.00104548316449, 0.00834832340479, -0.00264033861458, 0.00233268551528, -0.000357556302333, -0.00064787484007], [-9.9123979453e-05, 0.000287684815703, 0.000474961125292, 0.000485366414068, -0.000537611951586, -0.000576655962504, -0.000271799450275, -0.001193146687, -0.00264033861458, 0.0107621308416, -0.00399233913049, 0.00187787064351, 0.000748804653995], [-0.000138763236464, -0.000167265199707, -0.000498033827171, 0.00091939867707, -0.00020786341338, -0.000318119855365, -0.000548616051674, -0.00104768446181, 0.00233268551528, -0.00399233913049, 0.0107796322554, -0.00317696295679, 0.00113292841706], [4.81775241497e-05, -0.000198803536477, -0.000515899271704, -0.00131859024987, 0.000716719194315, -0.000668714230414, -0.000890345894732, 0.000562353699934, -0.000357556302333, 0.00187787064351, -0.00317696295679, 0.0139623712748, -0.00429453328252], [0.00010524719255, 0.000200566151761, -7.18740338925e-05, -0.000738335831556, -0.00109339831397, 0.000819269393105, 0.0002990293724, -0.00106998172123, -0.00064787484007, 0.000748804653995, 0.00113292841706, -0.00429453328252, 0.0135017959401]]
    },
    "spectral_contrast_coeffs": {
        "mean": [-0.731421649456, -0.734716236591, -0.709489941597, -0.743191182613, -0.762994110584, -0.7963078022],
        "stdev": [0.0768828913569, 0.0940738618374, 0.093361698091, 0.0921038985252, 0.0684584379196, 0.039813619107]
    },
    "spectral_contrast_valleys": {
        "mean": [-7.00695705414, -7.28925466537, -7.93253612518, -8.33059597015, -8.60120296478, -10.8905143738],
        "stdev": [1.37264239788, 1.33242177963, 1.32278013229, 1.33257913589, 1.37469875813, 1.50066411495]
    }
},
"rhythm": {
    "beats_count": 594,
    "beats_loudness": {
        "mean": 0.0272788647562,
        "stdev": 0.0156902261078
    },
    "bpm": 142.193496704,
    "bpm_histogram_first_peak_bpm": 144,
    "bpm_histogram_first_peak_weight": 0.376325070858,
    "bpm_histogram_second_peak_bpm": 136,
    "bpm_histogram_second_peak_spread": 0.347826123238,
    "bpm_histogram_second_peak_weight": 0.0252951104194,
    "danceability": 1.08010590076,
    "onset_rate": 4.10061740875,
    "beats_loudness_band_ratio": {
        "mean": [0.385634720325, 0.207575142384, 0.187739625573, 0.167442128062, 0.0883819013834, 0.0257644243538],
        "stdev": [0.273916423321, 0.179564133286, 0.148190245032, 0.168477028608, 0.116660252213, 0.0467301495373]
    },
    "beats_position": [0.406349211931, 0.835918366909, 1.25387752056, 1.67183673382, 2.08979582787, 2.50775504112, 2.93732428551, 3.34367346764, 3.76163268089, 4.19120168686, 4.62077093124, 5.06195020676, 5.51473903656, 5.9675283432, 6.43192720413, 6.8963265419, 7.33750534058, 7.76707458496, 8.19664382935, 8.6146030426, 9.03256225586, 9.46213150024, 9.89170074463, 10.3096599579, 10.7276191711, 11.1571884155, 11.5867567062, 12.0047159195, 12.4226751328, 12.840634346, 13.2702035904, 13.6997728348, 14.1293420792, 14.5473012924, 14.9768705368, 15.3948297501, 15.8127889633, 16.2307472229, 16.6487064362, 17.0666656494, 17.4846248627, 17.9141941071, 18.3437633514, 18.7617225647, 19.179681778, 19.5976409912, 20.0156002045, 20.4451694489, 20.8747386932, 21.2926979065, 21.7222671509, 22.1518363953, 22.5697956085, 22.9877548218, 23.405714035, 23.8236732483, 24.2532424927, 24.6828117371, 25.1007709503, 25.5303401947, 25.9599094391, 26.3778686523, 26.7842178345, 27.2137870789, 27.6317462921, 28.0497055054, 28.4676647186, 28.897233963, 29.3268013, 29.7563705444, 30.1859397888, 30.6038990021, 31.0218582153, 31.4398174286, 31.8577766418, 32.2757377625, 32.6936950684, 33.1232643127, 33.5412254333, 33.9707946777, 34.3887519836, 34.8067131042, 35.2362823486, 35.6542396545, 36.0722007751, 36.4901580811, 36.908115387, 37.3376846313, 37.7672538757, 38.1968231201, 38.6147842407, 39.0327415466, 39.4507026672, 39.8802719116, 40.2982292175, 40.7277984619, 41.1457595825, 41.5637168884, 41.981678009, 42.3996353149, 42.8292045593, 43.2587738037, 43.6767349243, 44.0946922302, 44.5242614746, 44.9422225952, 45.3601799011, 45.7897491455, 46.2077102661, 46.625667572, 47.0436286926, 47.4848060608, 47.9259872437, 48.3439445496, 48.7619056702, 49.1798629761, 49.5978240967, 50.0157814026, 50.4337387085, 50.8633079529, 51.2928771973, 51.7108383179, 52.1287956238, 52.5467567444, 52.9763259888, 53.3942832947, 53.8238525391, 54.2418136597, 54.6597709656, 55.08934021, 55.5189094543, 55.936870575, 56.3548278809, 56.7727890015, 57.1907463074, 57.608707428, 58.0266647339, 58.4446258545, 58.8625831604, 59.280544281, 59.6985015869, 60.1280708313, 60.5576400757, 60.9872093201, 61.4167785645, 61.8579597473, 62.2759170532, 62.6938781738, 63.1118354797, 63.5297966003, 63.9477539062, 64.3773193359, 64.806892395, 65.2248535156, 65.6428070068, 66.0607681274, 66.478729248, 66.8966903687, 67.3146438599, 67.7442169189, 68.1737823486, 68.5917434692, 69.0213165283, 69.450881958, 69.8688430786, 70.2868041992, 70.7047576904, 71.122718811, 71.5406799316, 71.9586410522, 72.3882064819, 72.7945556641, 73.2125167847, 73.6304779053, 74.0484313965, 74.4663925171, 74.9075698853, 75.3371429443, 75.766708374, 76.1846694946, 76.6142425537, 77.0438079834, 77.461769104, 77.8797302246, 78.2976837158, 78.7272567749, 79.1568222046, 79.5747833252, 79.9927444458, 80.410697937, 80.8402709961, 81.2698364258, 81.6877975464, 82.105758667, 82.5353240967, 82.9648971558, 83.3828582764, 83.8008117676, 84.2187728882, 84.6367340088, 85.0546951294, 85.4842605591, 85.9022216797, 86.3317871094, 86.7729721069, 87.2025375366, 87.6321105957, 88.0500640869, 88.4680252075, 88.8859863281, 89.3039474487, 89.7219009399, 90.1398620605, 90.5578231812, 90.9757843018, 91.393737793, 91.8116989136, 92.2412643433, 92.6708374023, 93.100402832, 93.5299758911, 93.9479370117, 94.3658905029, 94.7838516235, 95.2134246826, 95.6429901123, 96.0609512329, 96.4905166626, 96.9200897217, 97.3380508423, 97.7560043335, 98.1739654541, 98.5919265747, 99.0098876953, 99.4278411865, 99.8574142456, 100.275375366, 100.704940796, 101.122901917, 101.540863037, 101.958816528, 102.376777649, 102.806350708, 103.235916138, 103.653877258, 104.071838379, 104.48979187, 104.907752991, 105.33732605, 105.766891479, 106.1848526, 106.61441803, 107.043991089, 107.46194458, 107.879905701, 108.297866821, 108.715827942, 109.133781433, 109.563354492, 110.00453186, 110.434104919, 110.852058411, 111.270019531, 111.687980652, 112.105941772, 112.523895264, 112.941856384, 113.371429443, 113.789382935, 114.218955994, 114.636917114, 115.054870605, 115.484443665, 115.902404785, 116.331970215, 116.749931335, 117.179496765, 117.609069824, 118.027030945, 118.444984436, 118.874557495, 119.292518616, 119.710472107, 120.128433228, 120.557998657, 120.975959778, 121.393920898, 121.823486328, 122.241447449, 122.671020508, 123.088973999, 123.518547058, 123.936508179, 124.35446167, 124.784034729, 125.20199585, 125.619949341, 126.0495224, 126.47908783, 126.89704895, 127.326622009, 127.7445755, 128.162536621, 128.580490112, 129.010070801, 129.428024292, 129.845977783, 130.263946533, 130.693511963, 131.123077393, 131.541046143, 131.970611572, 132.388565063, 132.806533813, 133.212875366, 133.630844116, 134.048797607, 134.466751099, 134.896316528, 135.337509155, 135.767074585, 136.185028076, 136.602996826, 137.020950317, 137.450515747, 137.880081177, 138.298049927, 138.716003418, 139.133972168, 139.551925659, 139.96987915, 140.3878479, 140.81741333, 141.235366821, 141.66494751, 142.082901001, 142.500854492, 142.94203186, 143.371612549, 143.801177979, 144.21913147, 144.63710022, 145.055053711, 145.473007202, 145.890975952, 146.308929443, 146.738494873, 147.168075562, 147.586029053, 148.003982544, 148.421951294, 148.828292847, 149.257858276, 149.687438965, 150.117004395, 150.534957886, 150.952926636, 151.370880127, 151.788833618, 152.218414307, 152.647979736, 153.065933228, 153.483901978, 153.913467407, 154.343032837, 154.761001587, 155.190567017, 155.608520508, 156.038085938, 156.456054688, 156.874008179, 157.291976929, 157.70993042, 158.127883911, 158.5574646, 158.987030029, 159.404983521, 159.822952271, 160.240905762, 160.658859253, 161.076828003, 161.494781494, 161.924346924, 162.342315674, 162.771881104, 163.201446533, 163.631011963, 164.048980713, 164.466934204, 164.896499634, 165.326080322, 165.755645752, 166.173599243, 166.591567993, 167.021133423, 167.439086914, 167.857055664, 168.275009155, 168.704574585, 169.122543335, 169.552108765, 169.970062256, 170.388031006, 170.817596436, 171.247161865, 171.665115356, 172.083084106, 172.501037598, 172.919006348, 173.348571777, 173.778137207, 174.196090698, 174.614059448, 175.032012939, 175.449981689, 175.879547119, 176.29750061, 176.72706604, 177.14503479, 177.562988281, 177.980941772, 178.398910522, 178.828475952, 179.258041382, 179.676010132, 180.093963623, 180.511917114, 180.941497803, 181.371063232, 181.789016724, 182.218597412, 182.636550903, 183.066116333, 183.484085083, 183.913650513, 184.343215942, 184.761169434, 185.179138184, 185.597091675, 186.015060425, 186.433013916, 186.862579346, 187.292144775, 187.710113525, 188.139678955, 188.569244385, 188.987213135, 189.405166626, 189.834732056, 190.264297485, 190.682266235, 191.100219727, 191.518188477, 191.936141968, 192.377319336, 192.795272827, 193.213241577, 193.631195068, 194.049163818, 194.46711731, 194.885070801, 195.303039551, 195.720993042, 196.16217041, 196.58013916, 196.998092651, 197.416046143, 197.845626831, 198.263580322, 198.693145752, 199.111114502, 199.529067993, 199.947021484, 200.376602173, 200.806167603, 201.224121094, 201.642089844, 202.060043335, 202.477996826, 202.907577515, 203.337142944, 203.755096436, 204.173049927, 204.602630615, 205.032196045, 205.450149536, 205.868118286, 206.297683716, 206.727249146, 207.145217896, 207.563171387, 207.981124878, 208.410705566, 208.840270996, 209.258224487, 209.687789917, 210.117370605, 210.535324097, 210.953277588, 211.371246338, 211.789199829, 212.207168579, 212.62512207, 213.0546875, 213.48425293, 213.90222168, 214.320175171, 214.749740601, 215.179321289, 215.59727478, 216.015228271, 216.433197021, 216.851150513, 217.269119263, 217.698684692, 218.128250122, 218.546203613, 218.964172363, 219.405349731, 219.823303223, 220.241271973, 220.659225464, 221.077178955, 221.495147705, 221.924713135, 222.354278564, 222.772247314, 223.190200806, 223.619766235, 224.049331665, 224.467300415, 224.896865845, 225.326431274, 225.744400024, 226.162353516, 226.580307007, 226.998275757, 227.416229248, 227.834197998, 228.240539551, 228.646896362, 229.064849854, 229.482803345, 229.900772095, 230.330337524, 230.759902954, 231.189468384, 231.619049072, 232.048614502, 232.478179932, 232.907745361, 233.33732605, 233.755279541, 234.173233032, 234.591201782, 235.009155273, 235.438720703, 235.868301392, 236.286254883, 236.704208374, 237.122177124, 237.540130615, 237.958084106, 238.376052856, 238.805618286, 239.235183716, 239.653152466, 240.082717896, 240.512283325, 240.930252075, 241.348205566, 241.766159058, 242.195739746, 242.613693237, 243.043258667, 243.461227417, 243.879180908, 244.297134399, 244.715103149, 245.144668579, 245.574234009, 246.003799438, 246.433380127, 246.851333618, 247.292510986, 247.733688354, 248.186477661, 248.639266968, 249.092056274, 249.55645752, 250.009246826, 250.462036133, 250.914825439, 251.379226685],
    "bpm_histogram": [0, 0, 0, 0, 0, 0, 0, 0, 0, 0, 0, 0, 0, 0, 0, 0, 0, 0, 0, 0, 0, 0, 0, 0, 0, 0, 0, 0, 0, 0, 0, 0, 0, 0, 0, 0, 0, 0, 0, 0, 0, 0, 0, 0, 0, 0, 0, 0, 0, 0, 0, 0, 0, 0, 0, 0, 0, 0, 0, 0, 0, 0, 0, 0, 0, 0, 0, 0, 0, 0, 0, 0, 0, 0, 0, 0, 0, 0, 0, 0, 0, 0, 0, 0, 0, 0, 0, 0, 0, 0, 0, 0, 0, 0, 0, 0, 0, 0, 0, 0, 0, 0, 0, 0, 0, 0, 0, 0, 0, 0, 0, 0, 0, 0, 0, 0, 0, 0, 0, 0, 0, 0, 0, 0, 0, 0, 0, 0, 0, 0.00674536265433, 0, 0, 0, 0.0134907253087, 0, 0, 0.0252951104194, 0, 0, 0, 0.347386181355, 0, 0, 0, 0.595278263092, 0, 0, 0, 0.0118043841794, 0, 0, 0, 0, 0, 0, 0, 0, 0, 0, 0, 0, 0, 0, 0, 0, 0, 0, 0, 0, 0, 0, 0, 0, 0, 0, 0, 0, 0, 0, 0, 0, 0, 0, 0, 0, 0, 0, 0, 0, 0, 0, 0, 0, 0, 0, 0, 0, 0, 0, 0, 0, 0, 0, 0, 0, 0, 0, 0, 0, 0, 0, 0, 0, 0, 0, 0, 0, 0, 0, 0, 0, 0, 0, 0, 0, 0, 0, 0, 0, 0, 0, 0, 0, 0, 0, 0, 0, 0, 0, 0, 0, 0, 0, 0, 0, 0, 0, 0, 0, 0]
},
"tonal": {
    "chords_changes_rate": 0.0917803198099,
    "chords_number_rate": 0.00202727597207,
    "chords_strength": {
        "mean": 0.477816283703,
        "stdev": 0.102046810091
    },
    "hpcp_crest": {
        "mean": 14.6028709412,
        "stdev": 7.26792526245
    },
    "hpcp_entropy": {
        "mean": 1.85294926167,
        "stdev": 0.753645539284
    },
    "key_edma": {
        "strength": 0.694073617458,
        "key": "C#",
        "scale": "minor"
    },
    "key_krumhansl": {
        "strength": 0.696997344494,
        "key": "C#",
        "scale": "minor"
    },
    "key_temperley": {
        "strength": 0.68772393465,
        "key": "C#",
        "scale": "minor"
    },
    "tuning_diatonic_strength": 0.514094412327,
    "tuning_equal_tempered_deviation": 0.049238704145,
    "tuning_frequency": 439.491973877,
    "tuning_nontempered_energy_ratio": 0.732343912125,
    "hpcp": {
        "mean": [0.109199039638, 0.0808181390166, 0.0870377272367, 0.101878464222, 0.0789487063885, 0.121514268219, 0.221773192286, 0.19718760252, 0.124714702368, 0.111478947103, 0.107180297375, 0.17276416719, 0.249534130096, 0.175063848495, 0.075527779758, 0.0713439434767, 0.0862976014614, 0.128494858742, 0.175368472934, 0.145348593593, 0.131005898118, 0.174510851502, 0.130456611514, 0.0634754300117, 0.0455053821206, 0.0423195250332, 0.097924515605, 0.164312675595, 0.135353267193, 0.0911903083324, 0.102515853941, 0.118957407773, 0.17003723979, 0.235258385539, 0.178867086768, 0.111330971122],
        "stdev": [0.251486867666, 0.181270390749, 0.181645140052, 0.196871608496, 0.162925288081, 0.18914654851, 0.300272017717, 0.28520950675, 0.226483404636, 0.221894398332, 0.214077219367, 0.265000700951, 0.326721787453, 0.260518193245, 0.175463050604, 0.177285209298, 0.198360204697, 0.213805928826, 0.26101103425, 0.234781980515, 0.225901305676, 0.281318187714, 0.236622646451, 0.159821465611, 0.125974103808, 0.116403311491, 0.18543843925, 0.263925790787, 0.230486646295, 0.191289484501, 0.208466634154, 0.229749426246, 0.264528900385, 0.315662711859, 0.270384699106, 0.215136244893]
    },
    "chords_histogram": [20.2543315887, 15.2414302826, 12.569111824, 19.4987106323, 0, 3.85182452202, 0, 0.92148911953, 0.0368595644832, 9.49133777618, 5.16033887863, 0.0552893467247, 0.497604131699, 0, 0, 0.239587172866, 1.27165496349, 0.847769975662, 0.92148911953, 0.350165873766, 1.3269443512, 0.0552893467247, 3.24364161491, 4.16513061523],
    "thpcp": [1, 0.70156276226, 0.302675157785, 0.285908550024, 0.345834851265, 0.514939010143, 0.70278352499, 0.582479834557, 0.525001943111, 0.699346601963, 0.522800683975, 0.254375755787, 0.182361349463, 0.169594138861, 0.392429351807, 0.658477783203, 0.542423844337, 0.365442216396, 0.410828977823, 0.476717978716, 0.681418776512, 0.942790389061, 0.716804087162, 0.446155279875, 0.4376116395, 0.323876082897, 0.348800897598, 0.408274680376, 0.316384404898, 0.486964523792, 0.888748943806, 0.790223002434, 0.499790161848, 0.446748286486, 0.429521590471, 0.692346870899],
    "chords_key": "C#",
