{
"metadata": {
    "version": {
        "essentia": "2.1-dev",
        "essentia_git_sha": "v2.1_beta3-415-gd5473f3",
        "extractor": "music 2.0"
    },
    "audio_properties": {
        "analysis": {
            "equal_loudness": 0,
            "length": 232.620407104,
            "sample_rate": 44100,
            "start_time": 0,
            "downmix": "mix"
        },
        "bit_rate": 192000,
        "length": 232.620407104,
        "lossless": 0,
        "number_channels": 2,
        "replay_gain": -11.4602050781,
        "sample_rate": 44100,
        "codec": "mp3",
        "md5_encoded": "62826c66de639e1be83eea63ab0a3c7c"
    },
    "tags": {
        "file_name": "texas-inner_smile.mp3",
        "album": ["Woman II"],
        "artist": ["Woman II -By Stuff-"],
        "genre": ["Other"],
        "title": ["Texas-Inner Smile"]
    }
},
"lowlevel": {
    "average_loudness": 0.884140312672,
    "barkbands_crest": {
        "mean": 9.03316688538,
        "stdev": 3.92029666901
    },
    "barkbands_flatness_db": {
        "mean": 0.0962709262967,
        "stdev": 0.0389670468867
    },
    "barkbands_kurtosis": {
        "mean": 3.39448213577,
        "stdev": 15.9067077637
    },
    "barkbands_skewness": {
        "mean": 1.27841997147,
        "stdev": 1.37141394615
    },
    "barkbands_spread": {
        "mean": 31.1365432739,
        "stdev": 15.966545105
    },
    "dissonance": {
        "mean": 0.46985989809,
        "stdev": 0.0206742268056
    },
    "dynamic_complexity": 3.22909784317,
    "erbbands_crest": {
        "mean": 8.72038269043,
        "stdev": 4.35869026184
    },
    "erbbands_flatness_db": {
        "mean": 0.125214159489,
        "stdev": 0.0362343713641
    },
    "erbbands_kurtosis": {
        "mean": 0.307600229979,
        "stdev": 1.84501492977
    },
    "erbbands_skewness": {
        "mean": 0.160632073879,
        "stdev": 0.777579843998
    },
    "erbbands_spread": {
        "mean": 45.8194465637,
        "stdev": 22.2853565216
    },
    "hfc": {
        "mean": 28.2130775452,
        "stdev": 21.8987140656
    },
    "loudness_ebu128": {
        "integrated": -11.7240724564,
        "loudness_range": 3.66720676422,
        "momentary": {
            "mean": -16.5839233398,
            "stdev": 29.7186203003
        },
        "short_term": {
            "mean": -13.8096399307,
            "stdev": 9.32734298706
        }
    },
    "melbands_crest": {
        "mean": 13.0198926926,
        "stdev": 4.95688915253
    },
    "melbands_flatness_db": {
        "mean": 0.160058200359,
        "stdev": 0.056403465569
    },
    "melbands_kurtosis": {
        "mean": 14.4115533829,
        "stdev": 36.9961776733
    },
    "melbands_skewness": {
        "mean": 2.58760738373,
        "stdev": 1.89669978619
    },
    "melbands_spread": {
        "mean": 32.753944397,
        "stdev": 24.0381412506
    },
    "pitch_salience": {
        "mean": 0.563207983971,
        "stdev": 0.102806970477
    },
    "silence_rate_20dB": {
        "mean": 1,
        "stdev": 0
    },
    "silence_rate_30dB": {
        "mean": 1,
        "stdev": 0
    },
    "silence_rate_60dB": {
        "mean": 0.0773453116417,
        "stdev": 0.267137944698
    },
    "spectral_centroid": {
        "mean": 1627.70947266,
        "stdev": 1206.08483887
    },
    "spectral_complexity": {
        "mean": 20.6613769531,
        "stdev": 10.3268556595
    },
    "spectral_decrease": {
        "mean": -6.30695895509e-09,
        "stdev": 3.76190323337e-09
    },
    "spectral_energy": {
        "mean": 0.0263628754765,
        "stdev": 0.0153719857335
    },
    "spectral_energyband_high": {
        "mean": 0.00136214506347,
        "stdev": 0.00175836775452
    },
    "spectral_energyband_low": {
        "mean": 0.00655189482495,
        "stdev": 0.00683694565669
    },
    "spectral_energyband_middle_high": {
        "mean": 0.00691301422194,
        "stdev": 0.00780692696571
    },
    "spectral_energyband_middle_low": {
        "mean": 0.0124574303627,
        "stdev": 0.0108289876953
    },
    "spectral_entropy": {
        "mean": 7.82697963715,
        "stdev": 0.404682636261
    },
    "spectral_flux": {
        "mean": 0.0881052315235,
        "stdev": 0.0441836938262
    },
    "spectral_kurtosis": {
        "mean": 3.4683983326,
        "stdev": 2.05755114555
    },
    "spectral_rms": {
        "mean": 0.00476254010573,
        "stdev": 0.00174304039683
    },
    "spectral_rolloff": {
        "mean": 2295.27368164,
        "stdev": 2706.38183594
    },
    "spectral_skewness": {
        "mean": 1.49650657177,
        "stdev": 0.372459560633
    },
    "spectral_spread": {
        "mean": 6237655.5,
        "stdev": 4196470.5
    },
    "spectral_strongpeak": {
        "mean": 1.19464278221,
        "stdev": 1.64036941528
    },
    "zerocrossingrate": {
        "mean": 0.0929930210114,
        "stdev": 0.0647695064545
    },
    "barkbands": {
        "mean": [0.000172735584783, 0.00335547956638, 0.00223317276686, 0.00168001360726, 0.00491884723306, 0.00251389131881, 0.000958660908509, 0.0013377557043, 0.000804517185315, 0.000947084452491, 0.000672759138979, 0.000877362210304, 0.00048929231707, 0.000545657065231, 0.000813236518297, 0.000794350053184, 0.000761966861319, 0.000634084513877, 0.000379321718356, 0.000201608723728, 0.000147162529174, 0.000217781140236, 0.000227386859478, 0.000269583630143, 0.000262579414994, 0.000140452611959, 6.18150579612e-06],
        "stdev": [0.000280681037111, 0.00327004003339, 0.0037557950709, 0.00417708465829, 0.00657219346613, 0.00374699896201, 0.00180848932359, 0.00220849132165, 0.00164253509138, 0.00203254120424, 0.00207828404382, 0.00241200183518, 0.00103534257505, 0.00142072525341, 0.00165243388619, 0.00179232424125, 0.00131943286397, 0.00118082563858, 0.000531574536581, 0.000235043582506, 0.000202972005354, 0.000405723723816, 0.000400315591833, 0.000450687919511, 0.000415346701629, 0.000205096774152, 1.21612583825e-05]
    },
    "erbbands": {
        "mean": [0.0907507389784, 0.771057128906, 2.44791030884, 4.39572668076, 8.70170402527, 17.4021930695, 28.9408683777, 14.4351234436, 15.1794033051, 15.5677785873, 34.7203025818, 17.9707565308, 19.2234802246, 32.7294311523, 32.7727775574, 38.3410949707, 26.3298282623, 29.3488483429, 35.0575332642, 44.1580238342, 40.949131012, 40.1563835144, 35.1165657043, 27.601852417, 15.1283187866, 9.99739742279, 5.88897418976, 6.39293193817, 7.33264398575, 8.03085803986, 6.28176593781, 6.09664201736, 4.11361646652, 2.64253997803, 1.89198768139, 0.721273481846, 0.247057422996, 0.0432055927813, 0.000897358695511, 6.39517165837e-05],
        "stdev": [0.0891375914216, 0.812075972557, 3.36148118973, 10.1713972092, 16.2900905609, 26.6278133392, 45.1409263611, 21.4729156494, 27.4453659058, 23.3380432129, 64.3610229492, 31.5173988342, 45.1960906982, 74.2429428101, 104.881225586, 99.4462890625, 52.2551040649, 73.0473175049, 74.9529800415, 80.3229217529, 73.5689620972, 69.9004364014, 63.1397094727, 46.0536346436, 16.7314605713, 11.4177846909, 6.93945217133, 9.99495410919, 14.326166153, 14.4731998444, 10.9837331772, 10.0701465607, 6.93798542023, 4.06956386566, 3.34042191505, 1.24818515778, 0.346272796392, 0.0599965788424, 0.00127082248218, 5.22522022948e-05]
    },
    "gfcc": {
        "mean": [9.40964794159, 63.351726532, -102.027732849, 31.3320579529, -51.7899208069, 16.5157146454, -48.2686920166, 16.0106391907, -25.4097537994, 5.53961467743, -16.8972167969, 7.80418539047, -13.0594329834],
        "cov": [[28512.9453125, 912.696350098, -1460.19482422, 416.514038086, -883.644958496, 248.444259644, -920.104675293, 269.454498291, -526.973999023, 141.199798584, -398.172698975, 257.780029297, -373.89630127], [912.696350098, 737.334289551, -258.957214355, 40.0745277405, 50.5904922485, -40.1340751648, -14.3391990662, -11.1930656433, 5.52374696732, -21.6679840088, 62.8094558716, -13.7861824036, 44.869556427], [-1460.19482422, -258.957214355, 942.203491211, 46.0248527527, -25.6279010773, -51.6568717957, -15.2594556808, -67.9690628052, -28.970998764, 1.25247645378, -35.5434303284, 1.67336511612, -30.3653812408], [416.514038086, 40.0745277405, 46.0248527527, 275.290313721, -25.8925170898, 13.7396535873, -63.1190299988, -8.49066352844, 28.5343761444, -5.2389216423, 9.7316942215, -2.78257632256, -11.9277515411], [-883.644958496, 50.5904922485, -25.6279010773, -25.8925170898, 236.218215942, -25.1177692413, 63.0630989075, 15.6116752625, 25.3866958618, 15.400226593, 16.1308364868, -9.11155509949, -3.85872864723], [248.444259644, -40.1340751648, -51.6568717957, 13.7396535873, -25.1177692413, 186.448989868, 40.960723877, -1.96564614773, -19.1989555359, 5.35789299011, -0.592360138893, -11.9426774979, 11.5004243851], [-920.104675293, -14.3391990662, -15.2594556808, -63.1190299988, 63.0630989075, 40.960723877, 166.950363159, 18.2552642822, 24.772731781, 19.8974056244, 15.671204567, -6.57593536377, 12.5149936676], [269.454498291, -11.1930656433, -67.9690628052, -8.49066352844, 15.6116752625, -1.96564614773, 18.2552642822, 112.221717834, 29.5671386719, 12.2739057541, 0.445493221283, 4.8305106163, 0.873701870441], [-526.973999023, 5.52374696732, -28.970998764, 28.5343761444, 25.3866958618, -19.1989555359, 24.772731781, 29.5671386719, 112.518226624, 22.8515167236, 27.9383850098, 1.1656588316, 2.44893193245], [141.199798584, -21.6679840088, 1.25247645378, -5.2389216423, 15.400226593, 5.35789299011, 19.8974056244, 12.2739057541, 22.8515167236, 87.0790328979, 17.859413147, 3.37995815277, -9.38117408752], [-398.172698975, 62.8094558716, -35.5434303284, 9.7316942215, 16.1308364868, -0.592360138893, 15.671204567, 0.445493221283, 27.9383850098, 17.859413147, 97.5721664429, 29.3629970551, 22.4292030334], [257.780029297, -13.7861824036, 1.67336511612, -2.78257632256, -9.11155509949, -11.9426774979, -6.57593536377, 4.8305106163, 1.1656588316, 3.37995815277, 29.3629970551, 71.1521606445, 18.4825878143], [-373.89630127, 44.869556427, -30.3653812408, -11.9277515411, -3.85872864723, 11.5004243851, 12.5149936676, 0.873701870441, 2.44893193245, -9.38117408752, 22.4292030334, 18.4825878143, 75.1629867554]],
        "icov": [[0.000119983102195, -0.0002536685206, 0.000158786715474, -9.54891511356e-05, 0.00030369576416, -0.000262400892098, 0.000450273422757, -0.000382198893931, 0.000459242757643, -0.00049464579206, 0.000652198097669, -0.000870458316058, 0.00072521425318], [-0.0002536685206, 0.0023444716353, 0.000167660342413, -0.00020911480533, -0.000955382594839, 0.00122046843171, -0.000866001355462, 0.00110578665044, -0.000499762711115, 0.00139477057382, -0.00258885417134, 0.00294643267989, -0.0024929586798], [0.000158786715474, 0.000167660342413, 0.00153621495701, -0.000537146464922, 0.000448670820333, 0.00027979403967, 0.000291154050501, 0.00028744363226, 0.00097207626095, -0.000783772266004, 0.00101164577063, -0.00114502955694, 0.0010037625907], [-9.54891511356e-05, -0.00020911480533, -0.000537146464922, 0.00467668939382, -0.000184686650755, -0.0010693941731, 0.00180529162753, 0.000451098690974, -0.00236453604884, 0.000834838545416, -0.000956428411882, 0.000748351099901, 0.000305907044094], [0.00030369576416, -0.000955382594839, 0.000448670820333, -0.000184686650755, 0.00588119821623, 0.000400839664508, -0.000917938479688, -0.00125144654885, 0.000901456456631, -0.0015749768354, 0.00114776822738, -0.00153249071445, 0.00244938535616], [-0.000262400892098, 0.00122046843171, 0.00027979403967, -0.0010693941731, 0.000400839664508, 0.00747623899952, -0.00349809089676, 0.00100887822919, 0.00116304459516, 0.00042145079351, -0.0019215401262, 0.00356882996857, -0.00293262954801], [0.000450273422757, -0.000866001355462, 0.000291154050501, 0.00180529162753, -0.000917938479688, -0.00349809089676, 0.0105136614293, -0.00206129881553, -0.00029239297146, -0.00256095221266, 0.0016320416471, -0.00231572426856, 0.00169476028532], [-0.000382198893931, 0.00110578665044, 0.00028744363226, 0.000451098690974, -0.00125144654885, 0.00100887822919, -0.00206129881553, 0.011593083851, -0.00398512696847, 0.000780574860983, -0.000649081077427, 0.00154603109695, -0.00234300876036], [0.000459242757643, -0.000499762711115, 0.00097207626095, -0.00236453604884, 0.000901456456631, 0.00116304459516, -0.00029239297146, -0.00398512696847, 0.01391229406, -0.00385774089955, -0.000563757377677, -0.00170984363649, 0.00221755169332], [-0.00049464579206, 0.00139477057382, -0.000783772266004, 0.000834838545416, -0.0015749768354, 0.00042145079351, -0.00256095221266, 0.000780574860983, -0.00385774089955, 0.0153299067169, -0.00520816165954, 0.00328622455709, -0.000420285010478], [0.000652198097669, -0.00258885417134, 0.00101164577063, -0.000956428411882, 0.00114776822738, -0.0019215401262, 0.0016320416471, -0.000649081077427, -0.000563757377677, -0.00520816165954, 0.0185529999435, -0.0107228131965, 0.00160416751169], [-0.000870458316058, 0.00294643267989, -0.00114502955694, 0.000748351099901, -0.00153249071445, 0.00356882996857, -0.00231572426856, 0.00154603109695, -0.00170984363649, 0.00328622455709, -0.0107228131965, 0.0245709400624, -0.00906629581004], [0.00072521425318, -0.0024929586798, 0.0010037625907, 0.000305907044094, 0.00244938535616, -0.00293262954801, 0.00169476028532, -0.00234300876036, 0.00221755169332, -0.000420285010478, 0.00160416751169, -0.00906629581004, 0.0207997523248]]
    },
    "melbands": {
        "mean": [0.00086418131832, 0.00122386286967, 0.000881864049006, 0.000904013693798, 0.00100123987067, 0.000361450249329, 0.000222438131459, 0.000174759115907, 0.000296211917885, 9.59606550168e-05, 9.48792076088e-05, 0.000132804765599, 9.55035575316e-05, 0.000109518667159, 7.87981698522e-05, 4.21664808528e-05, 5.70526572119e-05, 4.94845517096e-05, 5.97605576331e-05, 6.40358484816e-05, 4.36084264948e-05, 4.10983593611e-05, 4.20077667513e-05, 2.63986657956e-05, 2.23770621233e-05, 1.17462222988e-05, 8.52427274367e-06, 6.09913513472e-06, 3.63499702871e-06, 3.28596138388e-06, 3.93409391108e-06, 4.20893911723e-06, 4.14045098296e-06, 4.44587749371e-06, 3.54729513674e-06, 3.57466728929e-06, 3.82428970624e-06, 3.0290423183e-06, 2.52691984315e-06, 2.06991285268e-06],
        "stdev": [0.000829702592455, 0.00140936137177, 0.00183035410009, 0.00139840040356, 0.00144022679888, 0.000524544797372, 0.00041026485269, 0.000265277689323, 0.00057114782976, 0.000177444206201, 0.000231441576034, 0.000315850658808, 0.000300096609863, 0.000299562438158, 0.000194056105101, 8.1169346231e-05, 0.000157908696565, 0.000108920306957, 0.000121852441225, 0.000155394081958, 7.80897316872e-05, 7.88604011177e-05, 9.02460378711e-05, 4.26292026532e-05, 4.11015062127e-05, 1.41758318932e-05, 1.02104895632e-05, 7.38620929042e-06, 4.34392768511e-06, 4.82261020807e-06, 6.43777957521e-06, 8.63770401338e-06, 8.14031682239e-06, 8.27702933748e-06, 6.58964518152e-06, 6.1031387304e-06, 6.6104544203e-06, 5.63409685128e-06, 3.94628932554e-06, 3.32474610332e-06]
    },
    "melbands128": {
        "mean": [0.000141179203638, 0.000694415532053, 0.00109168549534, 0.00133386056405, 0.00129310553893, 0.00106149923522, 0.000864392670337, 0.00085037748795, 0.00086235353956, 0.00085803354159, 0.000850092503242, 0.00117395189591, 0.00115055066999, 0.000714096764568, 0.000247432297328, 0.000268972624326, 0.000279068859527, 0.000223457653192, 0.000143418452353, 0.000173122738488, 0.000178665883141, 0.000212972227018, 0.000428355531767, 0.000240139124799, 9.11609677132e-05, 4.42240852863e-05, 7.36854999559e-05, 0.000110537264845, 8.36034087115e-05, 0.000177460839041, 0.000144470381201, 6.08236077824e-05, 8.39168642415e-05, 0.00014276469301, 7.82951319707e-05, 0.000125752194435, 0.000114994109026, 5.31289915671e-05, 8.93756368896e-05, 5.47841227672e-05, 1.96069449885e-05, 3.55338816007e-05, 7.2434930189e-05, 6.38195560896e-05, 2.51687361015e-05, 4.30610853073e-05, 8.40619031806e-05, 6.19706916041e-05, 4.42156342615e-05, 6.59397119307e-05, 7.06830978743e-05, 6.22066654614e-05, 3.98369265895e-05, 3.54338335455e-05, 5.21123401995e-05, 3.6798788642e-05, 3.31999981427e-05, 5.59523323318e-05, 4.22149969381e-05, 2.44252678385e-05, 2.31862031796e-05, 2.75029597105e-05, 3.28704263666e-05, 1.75988170668e-05, 1.19900205391e-05, 1.15704951895e-05, 1.23009413073e-05, 9.26946904656e-06, 7.02525449015e-06, 8.25158895168e-06, 6.65904417474e-06, 5.06464812133e-06, 3.80502683583e-06, 3.3467429148e-06, 3.22094183502e-06, 3.54122857971e-06, 3.19961941386e-06, 3.09854135594e-06, 4.41483462055e-06, 4.23581650466e-06, 4.33766899732e-06, 4.1845942178e-06, 3.80390133614e-06, 3.69031499758e-06, 4.77452931591e-06, 5.34837954547e-06, 4.07657717005e-06, 3.39364419233e-06, 3.72991189579e-06, 3.29545582645e-06, 3.52545703208e-06, 3.51021571987e-06, 3.97201438318e-06, 3.75789295504e-06, 3.80149253942e-06, 3.81484187528e-06, 2.69639804173e-06, 2.22174071496e-06, 2.63927154265e-06, 2.59758144239e-06, 2.28800035984e-06, 1.95831444216e-06, 1.89614058854e-06, 1.66999393514e-06, 2.27951090892e-06, 2.61658396994e-06, 2.332196118e-06, 1.18141053917e-06, 1.0850687886e-06, 1.11582255613e-06, 6.36828985989e-07, 6.83507039412e-07, 4.77409457744e-07, 1.29314514652e-06, 9.70034875536e-07, 3.03262169155e-07, 2.42495048042e-07, 2.60728167945e-08, 4.65658284501e-12, 3.87618149383e-12, 3.72236790003e-12, 3.60747521265e-12, 3.50679012738e-12, 3.42830169635e-12, 3.36565020645e-12, 3.31996626371e-12, 3.28669882109e-12, 3.26207767395e-12],
        "stdev": [0.000184864140465, 0.000723249744624, 0.00129406724591, 0.00153409037739, 0.00163818977308, 0.00202838424593, 0.00225891009904, 0.00206004013307, 0.00189775519539, 0.00192908523604, 0.00173508224543, 0.00207722955383, 0.00211368850432, 0.00139286369085, 0.000541119719855, 0.000559956475627, 0.000591880525462, 0.000618088699412, 0.000438059621956, 0.000321552710375, 0.000395253126044, 0.000465397868538, 0.00098117638845, 0.000652269402053, 0.000252383237239, 0.000129272419144, 0.000289753108518, 0.000351055525243, 0.000262849178398, 0.000517719425261, 0.000425373233156, 0.000227918018936, 0.000321480998537, 0.000686540675815, 0.000382913509384, 0.000471217354061, 0.000399077922339, 0.000283326866338, 0.000224009287194, 0.000165736564668, 6.26699402346e-05, 9.43563063629e-05, 0.000250273093116, 0.000249079050263, 8.58332568896e-05, 0.000127026301925, 0.00028108607512, 0.000186165823834, 0.000119671676657, 0.000182154646609, 0.000265108683379, 0.000174498723936, 0.000115630296932, 9.2382884759e-05, 0.000140941090649, 0.000110830231279, 9.69272950897e-05, 0.000137520197313, 0.000143691679114, 7.03086116118e-05, 4.8070010962e-05, 6.60069199512e-05, 8.54322570376e-05, 3.65896485164e-05, 2.20460824494e-05, 1.81804898602e-05, 1.7393474991e-05, 1.3946360923e-05, 1.234949832e-05, 1.25042170112e-05, 9.36912329053e-06, 8.36305662233e-06, 5.1608699323e-06, 4.77794765175e-06, 4.42247983301e-06, 5.39033317182e-06, 6.01539704803e-06, 5.7187139646e-06, 7.29314479031e-06, 8.34692400531e-06, 1.03994871097e-05, 9.42623410083e-06, 8.77229376783e-06, 8.5922447397e-06, 9.28787085286e-06, 1.02057329059e-05, 8.71833162819e-06, 7.40100631447e-06, 7.42327665648e-06, 6.62516367811e-06, 6.59854595142e-06, 6.73859904055e-06, 6.54415907775e-06, 7.00528198649e-06, 7.42089059713e-06, 8.40893699205e-06, 5.06588048665e-06, 4.06928302255e-06, 4.51253708889e-06, 4.15665090259e-06, 3.73786656382e-06, 3.46697856912e-06, 3.26294207298e-06, 2.91439801003e-06, 4.75320985061e-06, 5.66799008084e-06, 4.13231009588e-06, 2.11985729948e-06, 2.09897302739e-06, 2.16357830141e-06, 1.18925686365e-06, 1.41778832585e-06, 9.26215648178e-07, 2.17516208068e-06, 1.4920516378e-06, 6.11777181803e-07, 4.8126355523e-07, 5.36150004393e-08, 7.36641216775e-12, 6.01938594455e-12, 5.80320123553e-12, 5.63226722206e-12, 5.49163579194e-12, 5.3758026676e-12, 5.28198838834e-12, 5.20919158503e-12, 5.15626777386e-12, 5.12380892922e-12]
    },
    "mfcc": {
        "mean": [-629.02545166, 98.4141464233, 6.5234375, 18.8592834473, 16.6990528107, 0.442345738411, -3.06151580811, 4.58234453201, -2.73748421669, -0.0571848861873, -0.786139726639, -0.895422160625, 0.133442848921],
        "cov": [[11694.1074219, 1178.00830078, -179.127334595, 114.791847229, 146.524520874, -12.2560873032, -186.441726685, 54.0007171631, -119.385139465, -87.438041687, -0.183066010475, 52.7480583191, -32.1718254089], [1178.00830078, 805.306518555, -140.809417725, 71.0812301636, 63.0282020569, -39.2561836243, 32.0462608337, -17.7327404022, -10.2148942947, -12.8453044891, -11.556854248, 4.9852604866, 13.8299217224], [-179.127334595, -140.809417725, 714.441833496, 75.1323623657, 23.2834854126, 29.4318847656, -32.7381858826, -34.7621040344, -36.4387893677, -39.833530426, -23.4373168945, -24.0603466034, -49.7345085144], [114.791847229, 71.0812301636, 75.1323623657, 233.49772644, 75.5847473145, -21.4428100586, -46.4694519043, -7.46132421494, -11.4848899841, -7.91829061508, 12.3334722519, 25.9090175629, 4.01131010056], [146.524520874, 63.0282020569, 23.2834854126, 75.5847473145, 148.359848022, -4.25536394119, -15.7045125961, 0.918168187141, -7.97954511642, -6.74781608582, -0.403639525175, 15.57259655, -5.83889102936], [-12.2560873032, -39.2561836243, 29.4318847656, -21.4428100586, -4.25536394119, 146.663513184, 40.1563453674, -3.49421882629, 1.30498385429, 7.91173744202, 7.78768062592, -12.4565505981, 8.13382053375], [-186.441726685, 32.0462608337, -32.7381858826, -46.4694519043, -15.7045125961, 40.1563453674, 123.704399109, 10.9697303772, 19.7164154053, 4.49274682999, 5.61054468155, -12.0755090714, 3.81292915344], [54.0007171631, -17.7327404022, -34.7621040344, -7.46132421494, 0.918168187141, -3.49421882629, 10.9697303772, 87.5379943848, 15.463891983, 6.71167516708, -3.69907712936, 7.91615390778, 7.01050567627], [-119.385139465, -10.2148942947, -36.4387893677, -11.4848899841, -7.97954511642, 1.30498385429, 19.7164154053, 15.463891983, 92.5223236084, 26.1011676788, 8.41152095795, -2.73578166962, 2.18572068214], [-87.438041687, -12.8453044891, -39.833530426, -7.91829061508, -6.74781608582, 7.91173744202, 4.49274682999, 6.71167516708, 26.1011676788, 79.7577362061, 26.1072349548, 2.036693573, 4.35835933685], [-0.183066010475, -11.556854248, -23.4373168945, 12.3334722519, -0.403639525175, 7.78768062592, 5.61054468155, -3.69907712936, 8.41152095795, 26.1072349548, 78.4554290771, 23.4930934906, 10.9191961288], [52.7480583191, 4.9852604866, -24.0603466034, 25.9090175629, 15.57259655, -12.4565505981, -12.0755090714, 7.91615390778, -2.73578166962, 2.036693573, 23.4930934906, 85.0509490967, 24.5645694733], [-32.1718254089, 13.8299217224, -49.7345085144, 4.01131010056, -5.83889102936, 8.13382053375, 3.81292915344, 7.01050567627, 2.18572068214, 4.35835933685, 10.9191961288, 24.5645694733, 67.6726531982]],
        "icov": [[0.000111295092211, -0.000186285222298, 9.99843086902e-06, 5.69771291339e-05, -1.59597366292e-05, -0.000126461571199, 0.000273764220765, -0.000169927938259, 7.69346806919e-05, 0.000114011862024, -9.96068192762e-05, -4.48398313893e-05, 0.000133473280584], [-0.000186285222298, 0.00177310325671, 0.000326542824041, -0.000602625252213, -0.000468382844701, 0.000665869680233, -0.00122265936807, 0.000769212900195, 8.88210124685e-05, -9.99855546979e-05, 0.000531472614966, 0.000219341774937, -0.000468260986963], [9.99843086902e-06, 0.000326542824041, 0.00172794831451, -0.000676588795613, -6.86447583576e-06, -0.000482059520436, 0.000145357946167, 0.000456185807707, 0.000330465642037, 0.00059231830528, 0.000291695847409, 0.000179835609742, 0.00108877569437], [5.69771291339e-05, -0.000602625252213, -0.000676588795613, 0.00603736191988, -0.00249445787631, 0.000272255769232, 0.00193943397608, -5.7404369727e-05, -0.000137306356919, 0.00038217974361, -0.00122353294864, -0.000754079141188, -0.000605177949183], [-1.59597366292e-05, -0.000468382844701, -6.86447583576e-06, -0.00249445787631, 0.00845166947693, -0.000542507623322, 0.00021367019508, -0.000465669872938, 0.000217663895455, 0.000174971472006, 0.000490507343784, -0.00130602275021, 0.00143820862286], [-0.000126461571199, 0.000665869680233, -0.000482059520436, 0.000272255769232, -0.000542507623322, 0.00824865605682, -0.00303274765611, 0.000744089833461, 0.00050683435984, -0.000917939818464, -0.000554093741812, 0.00135984050576, -0.00187252555043], [0.000273764220765, -0.00122265936807, 0.000145357946167, 0.00193943397608, 0.00021367019508, -0.00303274765611, 0.0111146382987, -0.00166423735209, -0.00169786484912, 0.00122393516358, -0.00152969674673, 0.000881591637153, 0.000203826770303], [-0.000169927938259, 0.000769212900195, 0.000456185807707, -5.7404369727e-05, -0.000465669872938, 0.000744089833461, -0.00166423735209, 0.0127548389137, -0.00172254943755, -0.000909789639991, 0.00191603088751, -0.00130260619335, -0.000978585798293], [7.69346806919e-05, 8.88210124685e-05, 0.000330465642037, -0.000137306356919, 0.000217663895455, 0.00050683435984, -0.00169786484912, -0.00172254943755, 0.0127586023882, -0.00367142586038, -0.000207251199754, 0.000544987560716, 0.000161387884873], [0.000114011862024, -9.99855546979e-05, 0.00059231830528, 0.00038217974361, 0.000174971472006, -0.000917939818464, 0.00122393516358, -0.000909789639991, -0.00367142586038, 0.0159492008388, -0.00516203371808, 0.000940284808166, 0.000220999369049], [-9.96068192762e-05, 0.000531472614966, 0.000291695847409, -0.00122353294864, 0.000490507343784, -0.000554093741812, -0.00152969674673, 0.00191603088751, -0.000207251199754, -0.00516203371808, 0.0164861921221, -0.00433894060552, -0.000618403544649], [-4.48398313893e-05, 0.000219341774937, 0.000179835609742, -0.000754079141188, -0.00130602275021, 0.00135984050576, 0.000881591637153, -0.00130260619335, 0.000544987560716, 0.000940284808166, -0.00433894060552, 0.0153882466257, -0.00504399230704], [0.000133473280584, -0.000468260986963, 0.00108877569437, -0.000605177949183, 0.00143820862286, -0.00187252555043, 0.000203826770303, -0.000978585798293, 0.000161387884873, 0.000220999369049, -0.000618403544649, -0.00504399230704, 0.0181225184351]]
    },
    "spectral_contrast_coeffs": {
        "mean": [-0.714588165283, -0.760161817074, -0.76617950201, -0.778961837292, -0.77841258049, -0.800020575523],
        "stdev": [0.0837680473924, 0.0715652257204, 0.07483497262, 0.0586220435798, 0.0497602112591, 0.036391813308]
    },
    "spectral_contrast_valleys": {
        "mean": [-6.80482244492, -7.01021242142, -7.77134847641, -7.76475811005, -7.67487287521, -9.75549793243],
        "stdev": [2.52439689636, 2.48379230499, 2.41137599945, 2.40674901009, 2.40373802185, 2.24131608009]
    }
},
"rhythm": {
    "beats_count": 409,
    "beats_loudness": {
        "mean": 0.0320928990841,
        "stdev": 0.0126977860928
    },
    "bpm": 105.917282104,
    "bpm_histogram_first_peak_bpm": 105,
    "bpm_histogram_first_peak_weight": 0.310173690319,
    "bpm_histogram_second_peak_bpm": 99,
    "bpm_histogram_second_peak_spread": 0.199999988079,
    "bpm_histogram_second_peak_weight": 0.00980392191559,
    "danceability": 1.09633648396,
    "onset_rate": 4.47900915146,
    "beats_loudness_band_ratio": {
        "mean": [0.327360987663, 0.260546088219, 0.116465471685, 0.115070089698, 0.118501603603, 0.107091851532],
        "stdev": [0.209493249655, 0.156641975045, 0.0846117660403, 0.0997081175447, 0.0946491509676, 0.0594008080661]
    },
    "beats_position": [0.592108845711, 1.20743763447, 1.83437633514, 2.41487526894, 2.9837641716, 3.55265307426, 4.1099319458, 4.67882061005, 5.24770975113, 5.81659841537, 6.38548755646, 6.94276618958, 7.50004529953, 8.06893444061, 8.63782310486, 9.2067117691, 9.77560043335, 10.3444900513, 10.9133787155, 11.4706573486, 12.0395460129, 12.6084346771, 13.1657142639, 13.7346029282, 14.3034915924, 14.8723802567, 15.4412698746, 15.9985485077, 16.5558280945, 17.1247158051, 17.693605423, 18.2624931335, 18.8313827515, 19.4002723694, 19.96916008, 20.5264396667, 21.0953292847, 21.6642169952, 22.221496582, 22.7903842926, 23.3592739105, 23.9281635284, 24.497051239, 25.0543308258, 25.6232185364, 26.1921081543, 26.7493877411, 27.3182754517, 27.8871650696, 28.4560546875, 29.0249423981, 29.5822219849, 30.1511096954, 30.7199993134, 31.2772789001, 31.8461666107, 32.4150543213, 32.9839439392, 33.5528335571, 34.1101112366, 34.6790008545, 35.2478904724, 35.8051681519, 36.3740577698, 36.9429473877, 37.5118370056, 38.0807266235, 38.638004303, 39.2068939209, 39.7757797241, 40.3330612183, 40.9019508362, 41.4708366394, 42.0397262573, 42.6086158752, 43.1658935547, 43.7347831726, 44.3036727905, 44.86095047, 45.4298400879, 45.9987297058, 46.5676193237, 47.1365089417, 47.6937866211, 48.262676239, 48.8315620422, 49.3888435364, 49.9577331543, 50.5266189575, 51.0955085754, 51.6643981934, 52.2332878113, 52.8021774292, 53.3594551086, 53.9283447266, 54.4972343445, 55.0545120239, 55.6234016418, 56.1922874451, 56.7495689392, 57.3184585571, 57.8873443604, 58.4446258545, 59.0135154724, 59.5824012756, 60.1512908936, 60.7201805115, 61.2774581909, 61.8579597473, 62.4152374268, 62.9725151062, 63.5414047241, 64.1102905273, 64.67918396, 65.2480697632, 65.8053512573, 66.385848999, 66.9431304932, 67.5004043579, 68.0692977905, 68.6381835938, 69.2070770264, 69.7759628296, 70.3448486328, 70.9137420654, 71.4826278687, 72.0515213013, 72.608795166, 73.1660766602, 73.7349624634, 74.303855896, 74.8727416992, 75.4416275024, 75.9989089966, 76.5678024292, 77.1366882324, 77.6939697266, 78.2628555298, 78.831741333, 79.4006347656, 79.9695205688, 80.526802063, 81.0956878662, 81.6645812988, 82.2218551636, 82.7907485962, 83.3596343994, 83.9169158936, 84.4858016968, 85.0546951294, 85.6235809326, 86.1924667358, 86.74974823, 87.3302459717, 87.8875274658, 88.44480896, 89.0253067017, 89.5825805664, 90.151473999, 90.7203598022, 91.2776412964, 91.8465270996, 92.4154205322, 92.9843063354, 93.5531921387, 94.1104736328, 94.6793670654, 95.2366409302, 95.8055343628, 96.374420166, 96.9433059692, 97.5121994019, 98.0810852051, 98.6383666992, 99.2072525024, 99.7761459351, 100.3334198, 100.902313232, 101.471199036, 102.040092468, 102.608978271, 103.166259766, 103.735145569, 104.304031372, 104.861312866, 105.430198669, 105.999092102, 106.567977905, 107.136871338, 107.694145203, 108.263038635, 108.831924438, 109.389205933, 109.958091736, 110.526985168, 111.095870972, 111.664756775, 112.222038269, 112.790924072, 113.359817505, 113.917098999, 114.485984802, 115.054870605, 115.623764038, 116.192649841, 116.761543274, 117.330429077, 117.887710571, 118.444984436, 119.013877869, 119.582763672, 120.151649475, 120.720542908, 121.277824402, 121.858322144, 122.415596008, 122.984489441, 123.553375244, 124.110656738, 124.679542542, 125.248435974, 125.805709839, 126.374603271, 126.943489075, 127.512374878, 128.081268311, 128.638549805, 129.207427979, 129.776321411, 130.345214844, 130.914108276, 131.471374512, 132.028656006, 132.597549438, 133.166442871, 133.735321045, 134.304214478, 134.87310791, 135.441986084, 135.999267578, 136.568161011, 137.137054443, 137.694335938, 138.263214111, 138.832107544, 139.401000977, 139.96987915, 140.527160645, 141.096054077, 141.66494751, 142.222213745, 142.791107178, 143.36000061, 143.928878784, 144.497772217, 145.055053711, 145.623947144, 146.192825317, 146.750106812, 147.319000244, 147.887893677, 148.468383789, 149.025665283, 149.594558716, 150.16343689, 150.720718384, 151.277999878, 151.846893311, 152.415786743, 152.984664917, 153.55355835, 154.110839844, 154.679718018, 155.24861145, 155.805892944, 156.374786377, 156.943664551, 157.512557983, 158.081451416, 158.63873291, 159.207611084, 159.776504517, 160.333786011, 160.902679443, 161.471557617, 162.04045105, 162.609344482, 163.166610718, 163.73550415, 164.304397583, 164.861679077, 165.430557251, 165.999450684, 166.568344116, 167.137237549, 167.706115723, 168.275009155, 168.832290649, 169.389572144, 169.958450317, 170.52734375, 171.096237183, 171.665115356, 172.234008789, 172.802902222, 173.360183716, 173.917449951, 174.474731445, 175.055236816, 175.624130249, 176.193008423, 176.750289917, 177.31918335, 177.888076782, 178.445343018, 179.01423645, 179.583129883, 180.152008057, 180.720901489, 181.278182983, 181.847076416, 182.41595459, 182.973236084, 183.542129517, 184.111022949, 184.679901123, 185.248794556, 185.817687988, 186.386566162, 186.943847656, 187.50112915, 188.070022583, 188.638900757, 189.207794189, 189.776687622, 190.333969116, 190.914459229, 191.471740723, 192.040634155, 192.609527588, 193.166793823, 193.735687256, 194.304580688, 194.873458862, 195.442352295, 195.999633789, 196.556915283, 197.125808716, 197.69468689, 198.263580322, 198.832473755, 199.38973999, 199.970245361, 200.527526855, 201.08480835, 201.653686523, 202.222579956, 202.791473389, 203.360351562, 203.917633057, 204.498138428, 205.055419922, 205.624298096, 206.193191528, 206.762084961, 207.330978394, 207.888244629, 208.445526123, 209.014419556, 209.583312988, 210.140579224, 210.709472656, 211.278366089, 211.847259521, 212.416137695, 212.985031128, 213.553924561, 214.122802734, 214.691696167, 215.248977661, 215.806259155, 216.375137329, 216.944030762, 217.512924194, 218.081817627, 218.639083862, 219.207977295, 219.776870728, 220.334152222, 220.903030396, 221.471923828, 222.029205322, 222.598098755, 223.166976929, 223.735870361, 224.304763794, 224.873641968, 225.4425354, 226.023040771, 226.603530884, 227.195648193, 227.787750244, 228.379852295, 228.971969604, 229.564071655, 230.167800903, 230.771514893, 231.375228882, 231.967346191],
    "bpm_histogram": [0, 0, 0, 0, 0, 0, 0, 0, 0, 0, 0, 0, 0, 0, 0, 0, 0, 0, 0, 0, 0, 0, 0, 0, 0, 0, 0, 0, 0, 0, 0, 0, 0, 0, 0, 0, 0, 0, 0, 0, 0, 0, 0, 0, 0, 0, 0, 0, 0, 0, 0, 0, 0, 0, 0, 0, 0, 0, 0, 0, 0, 0, 0, 0, 0, 0, 0, 0, 0, 0, 0, 0, 0, 0, 0, 0, 0, 0, 0, 0, 0, 0, 0, 0, 0, 0, 0, 0, 0, 0, 0, 0, 0, 0, 0, 0, 0.0024509804789, 0, 0.0024509804789, 0.00735294120386, 0, 0.0147058824077, 0, 0.0318627469242, 0, 0.681372523308, 0, 0, 0.259803920984, 0, 0, 0, 0, 0, 0, 0, 0, 0, 0, 0, 0, 0, 0, 0, 0, 0, 0, 0, 0, 0, 0, 0, 0, 0, 0, 0, 0, 0, 0, 0, 0, 0, 0, 0, 0, 0, 0, 0, 0, 0, 0, 0, 0, 0, 0, 0, 0, 0, 0, 0, 0, 0, 0, 0, 0, 0, 0, 0, 0, 0, 0, 0, 0, 0, 0, 0, 0, 0, 0, 0, 0, 0, 0, 0, 0, 0, 0, 0, 0, 0, 0, 0, 0, 0, 0, 0, 0, 0, 0, 0, 0, 0, 0, 0, 0, 0, 0, 0, 0, 0, 0, 0, 0, 0, 0, 0, 0, 0, 0, 0, 0, 0, 0, 0, 0, 0, 0, 0, 0, 0, 0, 0, 0, 0, 0, 0, 0, 0, 0, 0, 0, 0, 0, 0, 0, 0, 0, 0, 0, 0]
},
"tonal": {
    "chords_changes_rate": 0.0664537996054,
    "chords_number_rate": 0.00199560960755,
    "chords_strength": {
        "mean": 0.518847167492,
        "stdev": 0.177171319723
    },
    "hpcp_crest": {
        "mean": 13.1400356293,
        "stdev": 6.95515918732
    },
    "hpcp_entropy": {
        "mean": 2.04918026924,
        "stdev": 0.777511894703
    },
    "key_edma": {
        "strength": 0.775107145309,
        "key": "C",
        "scale": "major"
    },
    "key_krumhansl": {
        "strength": 0.784398436546,
        "key": "C",
        "scale": "major"
    },
    "key_temperley": {
        "strength": 0.796969950199,
        "key": "C",
        "scale": "major"
    },
    "tuning_diatonic_strength": 0.663766384125,
    "tuning_equal_tempered_deviation": 0.262814253569,
    "tuning_frequency": 434.193115234,
    "tuning_nontempered_energy_ratio": 0.942494869232,
    "hpcp": {
        "mean": [0.19105117023, 0.205305352807, 0.13457903266, 0.0885505378246, 0.0659050196409, 0.0640852600336, 0.109891779721, 0.145344421268, 0.13953705132, 0.230548143387, 0.258837580681, 0.148013278842, 0.0883727073669, 0.0730512067676, 0.0931300595403, 0.172641053796, 0.218826338649, 0.198117241263, 0.165874153376, 0.122940592468, 0.0979904383421, 0.153833895922, 0.184397831559, 0.1421751827, 0.164519056678, 0.155054375529, 0.0861009582877, 0.0702611207962, 0.0740467682481, 0.0960641801357, 0.216795563698, 0.250857889652, 0.135580316186, 0.0833555608988, 0.0816431939602, 0.106880061328],
        "stdev": [0.276480674744, 0.277504831553, 0.220097050071, 0.176727101207, 0.155543386936, 0.158418014646, 0.187104299664, 0.231178805232, 0.223466232419, 0.306775063276, 0.328581750393, 0.233785733581, 0.184839978814, 0.169585496187, 0.193447709084, 0.273940086365, 0.291783809662, 0.290787965059, 0.268319964409, 0.235376358032, 0.184337645769, 0.210279449821, 0.240056812763, 0.205045297742, 0.258571714163, 0.267877936363, 0.172564357519, 0.155415445566, 0.15308944881, 0.172977149487, 0.271955728531, 0.301481127739, 0.199941620231, 0.176575928926, 0.181482121348, 0.202253714204]
    },
    "chords_histogram": [17.3218917847, 4.62981462479, 23.5481948853, 0.119736582041, 0.758331656456, 0, 1.59648776054, 0.718419492245, 0, 0, 0, 0, 0, 0, 0.0798243880272, 2.73398518562, 0.419078022242, 5.58770704269, 0.0798243880272, 1.63639986515, 0.339253634214, 5.18858528137, 9.43923377991, 25.803232193],
    "thpcp": [1, 0.571838438511, 0.341421484947, 0.282227963209, 0.359801143408, 0.666986048222, 0.8454195261, 0.765411436558, 0.640842616558, 0.474971950054, 0.378578871489, 0.594325959682, 0.712407469749, 0.549283385277, 0.635607302189, 0.599041223526, 0.332644730806, 0.271448671818, 0.286074250937, 0.371136903763, 0.837573766708, 0.969171047211, 0.523804605007, 0.322038084269, 0.315422475338, 0.412923276424, 0.738112151623, 0.793182194233, 0.519936203957, 0.342108517885, 0.254619210958, 0.247588694096, 0.42455881834, 0.561527490616, 0.539091169834, 0.890705823898],
    "chords_key": "A",
    "chords_scale": "minor"
}
}