{
"metadata": {
    "version": {
        "essentia": "2.1-dev",
        "essentia_git_sha": "v2.1_beta3-415-gd5473f3",
        "extractor": "music 2.0"
    },
    "audio_properties": {
        "analysis": {
            "equal_loudness": 0,
            "length": 186.98449707,
            "sample_rate": 44100,
            "start_time": 0,
            "downmix": "mix"
        },
        "bit_rate": 192000,
        "length": 186.98449707,
        "lossless": 0,
        "number_channels": 2,
        "replay_gain": -10.1083545685,
        "sample_rate": 44100,
        "codec": "mp3",
        "md5_encoded": "09a6bba83d98f3700e22dae2d543874b"
    },
    "tags": {
        "file_name": "uptown_girl-westlife.mp3",
        "album": ["Musica Si 2-3"],
        "artist": ["Various Artists"],
        "genre": ["Other"],
        "title": ["uptown girl-westlife"]
    }
},
"lowlevel": {
    "average_loudness": 0.967987596989,
    "barkbands_crest": {
        "mean": 7.92000293732,
        "stdev": 3.05026721954
    },
    "barkbands_flatness_db": {
        "mean": 0.102111585438,
        "stdev": 0.037955801934
    },
    "barkbands_kurtosis": {
        "mean": 1.96755897999,
        "stdev": 7.75358486176
    },
    "barkbands_skewness": {
        "mean": 1.06835103035,
        "stdev": 1.09166932106
    },
    "barkbands_spread": {
        "mean": 29.3116168976,
        "stdev": 14.6686592102
    },
    "dissonance": {
        "mean": 0.472917973995,
        "stdev": 0.0202776771039
    },
    "dynamic_complexity": 2.68093204498,
    "erbbands_crest": {
        "mean": 8.45056247711,
        "stdev": 4.1257648468
    },
    "erbbands_flatness_db": {
        "mean": 0.139178469777,
        "stdev": 0.0314896069467
    },
    "erbbands_kurtosis": {
        "mean": 0.412360340357,
        "stdev": 1.45445692539
    },
    "erbbands_skewness": {
        "mean": 0.0522008612752,
        "stdev": 0.628443658352
    },
    "erbbands_spread": {
        "mean": 38.0407371521,
        "stdev": 16.5379428864
    },
    "hfc": {
        "mean": 28.4723339081,
        "stdev": 21.7562274933
    },
    "loudness_ebu128": {
        "integrated": -12.1673307419,
        "loudness_range": 2.50210857391,
        "momentary": {
            "mean": -15.8515548706,
            "stdev": 27.5911884308
        },
        "short_term": {
            "mean": -13.1365480423,
            "stdev": 5.20239067078
        }
    },
    "melbands_crest": {
        "mean": 13.0190458298,
        "stdev": 4.72319841385
    },
    "melbands_flatness_db": {
        "mean": 0.158164441586,
        "stdev": 0.057669673115
    },
    "melbands_kurtosis": {
        "mean": 9.26043128967,
        "stdev": 16.2903614044
    },
    "melbands_skewness": {
        "mean": 2.24883818626,
        "stdev": 1.55388128757
    },
    "melbands_spread": {
        "mean": 32.9591293335,
        "stdev": 20.8852977753
    },
    "pitch_salience": {
        "mean": 0.553534805775,
        "stdev": 0.106063008308
    },
    "silence_rate_20dB": {
        "mean": 1,
        "stdev": 0
    },
    "silence_rate_30dB": {
        "mean": 0.99913084507,
        "stdev": 0.0294696055353
    },
    "silence_rate_60dB": {
        "mean": 0.0509063825011,
        "stdev": 0.219808593392
    },
    "spectral_centroid": {
        "mean": 1744.13220215,
        "stdev": 1141.90283203
    },
    "spectral_complexity": {
        "mean": 24.0050907135,
        "stdev": 11.524479866
    },
    "spectral_decrease": {
        "mean": -7.3430879155e-09,
        "stdev": 5.28638510744e-09
    },
    "spectral_energy": {
        "mean": 0.030297011137,
        "stdev": 0.0210987888277
    },
    "spectral_energyband_high": {
        "mean": 0.00143345305696,
        "stdev": 0.0019642424304
    },
    "spectral_energyband_low": {
        "mean": 0.0116248801351,
        "stdev": 0.0141707332805
    },
    "spectral_energyband_middle_high": {
        "mean": 0.00792891718447,
        "stdev": 0.00649997964501
    },
    "spectral_energyband_middle_low": {
        "mean": 0.0106749292463,
        "stdev": 0.0105985449627
    },
    "spectral_entropy": {
        "mean": 7.82795715332,
        "stdev": 0.372132778168
    },
    "spectral_flux": {
        "mean": 0.0929755568504,
        "stdev": 0.0540435053408
    },
    "spectral_kurtosis": {
        "mean": 3.32492685318,
        "stdev": 1.63343083858
    },
    "spectral_rms": {
        "mean": 0.00507846334949,
        "stdev": 0.00194093596656
    },
    "spectral_rolloff": {
        "mean": 2106.15649414,
        "stdev": 2304.04052734
    },
    "spectral_skewness": {
        "mean": 1.40076446533,
        "stdev": 0.352858155966
    },
    "spectral_spread": {
        "mean": 5320994,
        "stdev": 3909545
    },
    "spectral_strongpeak": {
        "mean": 0.95585745573,
        "stdev": 1.34377622604
    },
    "zerocrossingrate": {
        "mean": 0.0782462507486,
        "stdev": 0.0565844736993
    },
    "barkbands": {
        "mean": [7.09846499376e-05, 0.00557455560192, 0.00476966844872, 0.00241395295598, 0.00280124368146, 0.000947523978539, 0.0011165428441, 0.00129852618556, 0.00185165065341, 0.000995350652374, 0.000656537304167, 0.000952570931986, 0.00124713615514, 0.00105722609442, 0.000721638090909, 0.000640695914626, 0.000533898128197, 0.000529106531758, 0.000471975072287, 0.000379281060304, 0.000256991304923, 0.000303154403809, 0.0003327166487, 0.000191870945855, 0.000127660183352, 5.38724088983e-05, 6.53801862427e-07],
        "stdev": [8.59786159708e-05, 0.00783776678145, 0.00667734304443, 0.00431288173422, 0.00450006872416, 0.00154344202019, 0.00235603307374, 0.00238487194292, 0.00383443478495, 0.00223049428314, 0.00103761616629, 0.0014582129661, 0.00175849022344, 0.00188538793009, 0.001147917239, 0.0011651586974, 0.000681261881255, 0.000676419935189, 0.000544787093531, 0.00054987060139, 0.000401582219638, 0.00051531434292, 0.00061202730285, 0.000386268540751, 0.000220216534217, 9.7925447335e-05, 1.2804441667e-06]
    },
    "erbbands": {
        "mean": [0.0879767611623, 1.51388072968, 5.55508995056, 6.84047365189, 10.0351762772, 7.81907939911, 8.3931055069, 7.82222747803, 13.6790113449, 20.3271694183, 34.4362831116, 46.0334396362, 30.8828411102, 27.6532382965, 30.6956367493, 41.8720970154, 58.3540077209, 50.2520141602, 47.4942626953, 37.6638717651, 32.9679031372, 29.9820747375, 31.5739631653, 24.3241348267, 22.7511005402, 18.658531189, 10.6728239059, 10.4840497971, 10.4615793228, 10.517156601, 9.63036823273, 5.24576044083, 2.68945980072, 1.69984269142, 0.792130172253, 0.404858469963, 0.0451535284519, 0.00473817391321, 0.000137569964863, 4.47295642516e-05],
        "stdev": [0.112876370549, 2.18187022209, 7.79254436493, 9.9366607666, 18.8922672272, 12.8925800323, 15.0113773346, 14.6965227127, 29.5737667084, 44.9422416687, 60.2750663757, 102.243034363, 67.6819458008, 40.0908813477, 43.1155662537, 59.1976394653, 81.6894836426, 70.4041061401, 72.6720199585, 60.8269882202, 55.7776069641, 37.1706047058, 39.8796386719, 27.4315567017, 27.5446777344, 27.2640476227, 15.6352214813, 18.0833377838, 18.0568199158, 18.5086269379, 18.4652271271, 10.7091245651, 5.10415315628, 3.10280323029, 1.31032669544, 0.76066327095, 0.0640316903591, 0.00674405740574, 0.000177556052222, 3.17005178658e-05]
    },
    "gfcc": {
        "mean": [16.3118743896, 77.0700531006, -121.786689758, 38.8516387939, -55.1598167419, 28.5696334839, -37.9437789917, 14.0586090088, -26.3437538147, 2.76044178009, -18.6821498871, -2.20953011513, -18.5998573303],
        "cov": [[21846.2832031, 654.182556152, -1553.60961914, 669.32421875, -892.528137207, 458.343383789, -584.877990723, 294.783203125, -396.898162842, 114.299713135, -344.7293396, 22.4753932953, -330.757324219], [654.182556152, 714.264221191, -62.3033981323, 20.546043396, 129.001403809, -22.8041725159, 68.4585876465, 15.2092638016, 21.8568344116, -41.5912094116, 26.5800170898, -61.172077179, -15.5770893097], [-1553.60961914, -62.3033981323, 664.585449219, 172.937683105, 138.596801758, 31.0486812592, 50.9266014099, -13.6682062149, 26.4258842468, -32.4308662415, 11.3905248642, 13.5637378693, 22.6970539093], [669.32421875, 20.546043396, 172.937683105, 293.716003418, 43.423614502, 16.5295848846, -19.5523643494, 8.84462356567, -10.5132131577, -27.6470737457, -18.730014801, 11.5509986877, 10.8214769363], [-892.528137207, 129.001403809, 138.596801758, 43.423614502, 253.721801758, 53.2360420227, 70.2073974609, 10.2023601532, 41.8506202698, -15.0071516037, 3.50496268272, -12.8318815231, 24.8335361481], [458.343383789, -22.8041725159, 31.0486812592, 16.5295848846, 53.2360420227, 203.002151489, 46.7157974243, 12.7960691452, -3.05067276955, 9.47575569153, -15.1442909241, -4.31775474548, -16.4752578735], [-584.877990723, 68.4585876465, 50.9266014099, -19.5523643494, 70.2073974609, 46.7157974243, 158.462142944, 30.8607978821, 20.5462684631, 7.30331277847, 21.5235614777, -16.8499794006, -14.4395103455], [294.783203125, 15.2092638016, -13.6682062149, 8.84462356567, 10.2023601532, 12.7960691452, 30.8607978821, 104.020545959, 40.1753845215, 7.77128839493, -3.48695087433, -13.5569963455, -16.3105354309], [-396.898162842, 21.8568344116, 26.4258842468, -10.5132131577, 41.8506202698, -3.05067276955, 20.5462684631, 40.1753845215, 101.38369751, 15.556599617, 8.98680019379, -10.4822072983, 2.00686621666], [114.299713135, -41.5912094116, -32.4308662415, -27.6470737457, -15.0071516037, 9.47575569153, 7.30331277847, 7.77128839493, 15.556599617, 70.5765380859, 21.3369541168, 6.49403047562, -10.6980276108], [-344.7293396, 26.5800170898, 11.3905248642, -18.730014801, 3.50496268272, -15.1442909241, 21.5235614777, -3.48695087433, 8.98680019379, 21.3369541168, 81.8513183594, 19.0599689484, 0.702314913273], [22.4753932953, -61.172077179, 13.5637378693, 11.5509986877, -12.8318815231, -4.31775474548, -16.8499794006, -13.5569963455, -10.4822072983, 6.49403047562, 19.0599689484, 77.3712692261, 28.0354976654], [-330.757324219, -15.5770893097, 22.6970539093, 10.8214769363, 24.8335361481, -16.4752578735, -14.4395103455, -16.3105354309, 2.00686621666, -10.6980276108, 0.702314913273, 28.0354976654, 71.9697341919]],
        "icov": [[0.000200380076421, -0.000419801770477, 0.000359749741619, -0.000621386338025, 0.000596332014538, -0.000649059133139, 0.000654815346934, -0.000721266318578, 0.000582450651564, -0.000628357869573, 0.000649246503599, -0.000490492035169, 0.000498676148709], [-0.000419801770477, 0.00283802277409, -0.000174356566276, 0.000901217164937, -0.00232886895537, 0.0018182201311, -0.00185172387864, 0.00165714451578, -0.00131051032804, 0.00264658685774, -0.00254549249075, 0.00231581437401, -0.000619049940724], [0.000359749741619, -0.000174356566276, 0.00289551401511, -0.00239352695644, 8.09216144262e-05, -0.00106064998545, 0.000449187646154, -0.000470710219815, 0.000334057520377, -9.62777121458e-05, 0.000467113655759, -0.000879554601852, 0.00108949281275], [-0.000621386338025, 0.000901217164937, -0.00239352695644, 0.00647785374895, -0.00215287227184, 0.00170453148894, -0.00077606306877, 0.000913653580938, -0.000788432836998, 0.00250001717359, -0.0011327136308, 0.0005877604126, -0.00151975767221], [0.000596332014538, -0.00232886895537, 8.09216144262e-05, -0.00215287227184, 0.00833920575678, -0.00346372951753, 0.00015121231263, -0.00157393084373, -0.000381259131245, -0.00149811524898, 0.00227499334142, -0.000735963694751, -0.0014095880324], [-0.000649059133139, 0.0018182201311, -0.00106064998545, 0.00170453148894, -0.00346372951753, 0.00818696804345, -0.00368779827841, 0.00211996212602, -0.000908313726541, 0.000873369572219, -0.000393712543882, 0.000865215319209, 0.000120638644148], [0.000654815346934, -0.00185172387864, 0.000449187646154, -0.00077606306877, 0.00015121231263, -0.00368779827841, 0.011252682656, -0.00481309229508, 0.00249934499152, -0.00236977124587, -0.000287143193418, -0.000541010056622, 0.00264571490698], [-0.000721266318578, 0.00165714451578, -0.000470710219815, 0.000913653580938, -0.00157393084373, 0.00211996212602, -0.00481309229508, 0.0156179638579, -0.00753654772416, 0.0023513676133, -0.00114213279448, 0.00189726206008, 0.000488944060635], [0.000582450651564, -0.00131051032804, 0.000334057520377, -0.000788432836998, -0.000381259131245, -0.000908313726541, 0.00249934499152, -0.00753654772416, 0.0155879901722, -0.00507441163063, 0.00106228154618, 0.000311151321512, -0.000197100511286], [-0.000628357869573, 0.00264658685774, -9.62777121458e-05, 0.00250001717359, -0.00149811524898, 0.000873369572219, -0.00236977124587, 0.0023513676133, -0.00507441163063, 0.0205743629485, -0.00689594447613, 0.000464460434159, 0.00119995209388], [0.000649246503599, -0.00254549249075, 0.000467113655759, -0.0011327136308, 0.00227499334142, -0.000393712543882, -0.000287143193418, -0.00114213279448, 0.00106228154618, -0.00689594447613, 0.0185632761568, -0.00684847449884, 0.00269624195062], [-0.000490492035169, 0.00231581437401, -0.000879554601852, 0.0005877604126, -0.000735963694751, 0.000865215319209, -0.000541010056622, 0.00189726206008, 0.000311151321512, 0.000464460434159, -0.00684847449884, 0.01983589679, -0.00839030090719], [0.000498676148709, -0.000619049940724, 0.00108949281275, -0.00151975767221, -0.0014095880324, 0.000120638644148, 0.00264571490698, 0.000488944060635, -0.000197100511286, 0.00119995209388, 0.00269624195062, -0.00839030090719, 0.0205190591514]]
    },
    "melbands": {
        "mean": [0.00117017608136, 0.00268912222236, 0.00133389770053, 0.000653225928545, 0.000298637780361, 0.000175296227098, 0.000213820399949, 0.000229110504733, 0.00029937774525, 0.000273130106507, 0.000150979059981, 0.000115883492981, 0.000100109602499, 0.000102607729787, 0.000131186083308, 0.000112876674393, 9.26644715946e-05, 8.32003934192e-05, 5.04114286741e-05, 4.72015926789e-05, 3.6652032577e-05, 2.95700720017e-05, 3.24811153405e-05, 2.50613957178e-05, 1.87488112715e-05, 1.8037017071e-05, 1.47594673763e-05, 1.1557194739e-05, 6.78482138028e-06, 5.62030254514e-06, 6.27247482043e-06, 5.70837346459e-06, 6.16980196355e-06, 5.68367613596e-06, 5.68957921132e-06, 4.45478553956e-06, 2.78219818028e-06, 1.93617961486e-06, 1.55217333031e-06, 1.38438076647e-06],
        "stdev": [0.00156989158131, 0.0036669250112, 0.00196697679348, 0.00111040915363, 0.000525325536728, 0.00031301661511, 0.00044534902554, 0.000469489546958, 0.000529949436896, 0.000645085354336, 0.000351720605977, 0.000186674034921, 0.000149470593897, 0.000166077530594, 0.000180859540706, 0.000159661096404, 0.000145026220707, 0.00014751679555, 8.7992841145e-05, 8.86660272954e-05, 7.48076781747e-05, 4.16568873334e-05, 4.12477384089e-05, 3.30492512148e-05, 2.29529796343e-05, 2.15500203922e-05, 2.26873235079e-05, 1.81711202458e-05, 1.060122122e-05, 8.6826412371e-06, 1.19763099065e-05, 1.05300841824e-05, 1.08844187707e-05, 1.04790851765e-05, 1.15624961836e-05, 8.65219590196e-06, 6.14940472587e-06, 3.9069595914e-06, 2.88501132673e-06, 2.62959838437e-06]
    },
    "melbands128": {
        "mean": [6.76570707583e-05, 0.000462974916445, 0.00141886121128, 0.00289851217531, 0.00315525732003, 0.00210574921221, 0.00134305050597, 0.00120351440273, 0.00110194960143, 0.000661696423776, 0.000393825059291, 0.000340801314451, 0.000318688573316, 0.000188728081412, 0.000172849540832, 0.000161385338288, 0.000171650666744, 0.000246090989094, 0.000194923282834, 0.000240994486376, 0.000208706100238, 0.000278936640825, 0.000296302197967, 0.000322621024679, 0.000368966022506, 0.000225677445997, 0.000124868820421, 0.000142522723763, 0.000178272923222, 0.000134127942147, 7.86135351518e-05, 0.000100002900581, 0.000117028124805, 7.78536268626e-05, 0.000111818691948, 0.000103084639704, 0.0001096682754, 0.000102421436168, 0.000198121852009, 0.000118963274872, 7.21903124941e-05, 0.000130196800455, 7.39420211175e-05, 8.07739925222e-05, 0.00012376702216, 7.14794441592e-05, 6.08230438957e-05, 4.7411693231e-05, 4.32919441664e-05, 6.13072916167e-05, 4.6779630793e-05, 3.3808813896e-05, 4.25426660513e-05, 3.66381318599e-05, 2.70447817456e-05, 2.98305476463e-05, 2.60786473518e-05, 4.13142515754e-05, 2.95766512863e-05, 2.78602983599e-05, 2.93402990792e-05, 1.84552245628e-05, 1.65478286362e-05, 2.12020695471e-05, 1.86575543921e-05, 1.86740217032e-05, 1.69696177181e-05, 1.45171698023e-05, 1.35973486977e-05, 1.64825669344e-05, 1.27044186229e-05, 8.68736060511e-06, 7.06635501047e-06, 7.1493118412e-06, 5.42214274901e-06, 5.30574652657e-06, 5.9957992562e-06, 5.6735752878e-06, 6.96118240739e-06, 6.04673459748e-06, 5.46414776181e-06, 5.46400315216e-06, 6.30936847301e-06, 6.11532686889e-06, 6.45629961582e-06, 5.56935765417e-06, 5.48922480448e-06, 5.65893060411e-06, 5.13450368089e-06, 6.5968670242e-06, 5.39469920113e-06, 3.53680184162e-06, 3.32310878548e-06, 2.92063555207e-06, 2.38061147684e-06, 2.11206383938e-06, 1.8907572894e-06, 1.58821490004e-06, 1.53853545726e-06, 1.47262073824e-06, 1.66087181697e-06, 1.31622778099e-06, 1.15202851703e-06, 1.12235534289e-06, 7.69889766161e-07, 7.12723419838e-07, 6.06922242241e-07, 1.31040997076e-06, 9.27451992538e-07, 2.5721172392e-07, 1.98059694867e-07, 1.10625919092e-07, 1.30570526835e-07, 7.65847119055e-08, 5.72038345581e-08, 5.16991924826e-08, 2.60423131948e-08, 2.80067058434e-09, 4.4493137473e-12, 4.27053878371e-12, 4.15623351707e-12, 4.059839704e-12, 3.96749907233e-12, 3.89281922669e-12, 3.83342880009e-12, 3.78914434551e-12, 3.75668246511e-12, 3.72988012004e-12],
        "stdev": [8.28064585221e-05, 0.000642956641968, 0.00214830064215, 0.00444791652262, 0.00467460975051, 0.00292501249351, 0.00206611282192, 0.00231199176051, 0.00228629959747, 0.00126149237622, 0.000789210957009, 0.00075962068513, 0.000652020447887, 0.000323879270582, 0.000417689385358, 0.000403741549235, 0.000435920897871, 0.000710805004928, 0.000500917783938, 0.000750307750423, 0.000602891319431, 0.000609639682807, 0.000748859602027, 0.000865365786012, 0.000966943392996, 0.000888794136699, 0.000371401925804, 0.000450937543064, 0.000655374722555, 0.000259360618657, 0.000170261511812, 0.00020656248671, 0.000226300617214, 0.000187748330063, 0.000304207438603, 0.000223657363676, 0.000247325748205, 0.00022089848062, 0.000380389101338, 0.000223088136408, 0.000200147595024, 0.000276821025182, 0.000147384183947, 0.000230549514527, 0.000357954850188, 0.000156182271894, 0.000142290038639, 0.000155807327246, 0.00010112048767, 0.000152880209498, 0.000138578237966, 8.76962294569e-05, 9.613417933e-05, 0.000130721964524, 5.42866291653e-05, 6.56745396554e-05, 3.92364709114e-05, 6.45003237878e-05, 5.20893154317e-05, 6.24676758889e-05, 4.88597106596e-05, 2.90833359031e-05, 2.57612846326e-05, 3.12913325615e-05, 2.82637447526e-05, 2.74721332971e-05, 2.47330845013e-05, 3.01093477901e-05, 3.0391058317e-05, 3.38565514539e-05, 2.94574256259e-05, 1.44694531627e-05, 1.18516818475e-05, 1.32327577376e-05, 9.8587715911e-06, 8.65644415171e-06, 1.02015665107e-05, 1.062695992e-05, 1.55527704919e-05, 1.24699690787e-05, 1.27614202938e-05, 1.01424657259e-05, 1.24497219076e-05, 1.20146478366e-05, 1.22605961224e-05, 1.1904292478e-05, 1.07018895505e-05, 1.20169197544e-05, 1.34101210278e-05, 1.36728804137e-05, 1.06958741526e-05, 8.17202999315e-06, 8.09744960861e-06, 7.09635969542e-06, 5.3928079069e-06, 4.82636141896e-06, 3.91335061067e-06, 3.33771049554e-06, 2.98690406453e-06, 3.33532102559e-06, 3.64881407222e-06, 2.70060490948e-06, 2.06419827009e-06, 1.86497754839e-06, 1.59299702318e-06, 1.53111375312e-06, 1.44868067764e-06, 2.91833407573e-06, 2.02637397706e-06, 5.11266534886e-07, 3.00801502817e-07, 1.8881378594e-07, 1.87478391922e-07, 1.10984238688e-07, 8.57634461227e-08, 8.19335426172e-08, 4.97712377978e-08, 7.80571429715e-09, 6.81292262189e-12, 6.59709179646e-12, 6.42338222542e-12, 6.27106006013e-12, 6.13895132645e-12, 6.02768963215e-12, 5.93430686535e-12, 5.860368614e-12, 5.80661560501e-12, 5.77345202896e-12]
    },
    "mfcc": {
        "mean": [-614.225952148, 102.013198853, -3.59759688377, 16.6809234619, 8.13317584991, 11.5526685715, 4.25345563889, 9.68632221222, -2.27469372749, 5.35645675659, 4.04395151138, -1.37507390976, -1.21477341652],
        "cov": [[8682.21484375, 360.507873535, -41.3660049438, 137.873336792, -15.9172239304, 67.1416397095, -23.8408203125, 76.0165481567, -4.13211727142, 58.878616333, 52.1274642944, 29.246723175, -19.5569610596], [360.507873535, 776.317810059, -101.601997375, 62.9884757996, 57.8751983643, 20.2691307068, 65.4866027832, 44.503692627, 18.6762218475, 24.9892272949, 49.1255378723, 24.0558567047, 14.5282278061], [-41.3660049438, -101.601997375, 434.263702393, 134.159881592, 84.1421966553, 56.3961601257, 22.0431919098, 34.6050186157, 4.31754302979, -9.19277000427, -32.9769439697, 14.3733577728, -2.90504693985], [137.873336792, 62.9884757996, 134.159881592, 278.477294922, 81.5213470459, 0.927988708019, 6.04065942764, 26.378786087, 18.7467708588, -12.2187919617, -32.1788787842, 11.0187387466, 14.0388374329], [-15.9172239304, 57.8751983643, 84.1421966553, 81.5213470459, 204.093338013, 58.0140991211, 10.5929775238, 36.2797279358, 43.3761978149, 10.1067457199, -22.5176200867, -6.77731180191, 10.1881532669], [67.1416397095, 20.2691307068, 56.3961601257, 0.927988708019, 58.0140991211, 166.061904907, 63.6144943237, 29.6737995148, 18.6161289215, 2.88134646416, 9.46389770508, -13.7067193985, 1.22727823257], [-23.8408203125, 65.4866027832, 22.0431919098, 6.04065942764, 10.5929775238, 63.6144943237, 130.991165161, 39.8079223633, 10.4672842026, 13.9535274506, 22.7244873047, 9.81682109833, 0.356529265642], [76.0165481567, 44.503692627, 34.6050186157, 26.378786087, 36.2797279358, 29.6737995148, 39.8079223633, 99.0785293579, 36.4682998657, 19.3905601501, 15.1586637497, 4.56500101089, 6.81547880173], [-4.13211727142, 18.6762218475, 4.31754302979, 18.7467708588, 43.3761978149, 18.6161289215, 10.4672842026, 36.4682998657, 93.327003479, 31.0493545532, 6.62598800659, -2.63722109795, -3.58160877228], [58.878616333, 24.9892272949, -9.19277000427, -12.2187919617, 10.1067457199, 2.88134646416, 13.9535274506, 19.3905601501, 31.0493545532, 93.7163848877, 38.3067779541, 5.68926429749, -1.46213519573], [52.1274642944, 49.1255378723, -32.9769439697, -32.1788787842, -22.5176200867, 9.46389770508, 22.7244873047, 15.1586637497, 6.62598800659, 38.3067779541, 89.568649292, 28.259431839, 1.69394385815], [29.246723175, 24.0558567047, 14.3733577728, 11.0187387466, -6.77731180191, -13.7067193985, 9.81682109833, 4.56500101089, -2.63722109795, 5.68926429749, 28.259431839, 75.0201721191, 25.0685825348], [-19.5569610596, 14.5282278061, -2.90504693985, 14.0388374329, 10.1881532669, 1.22727823257, 0.356529265642, 6.81547880173, -3.58160877228, -1.46213519573, 1.69394385815, 25.0685825348, 73.6476287842]],
        "icov": [[0.000122723547975, -5.25523537362e-05, 3.23325657519e-05, -8.89212533366e-05, 7.95954983914e-05, -0.000132753688376, 0.000150321910041, -0.000125395876239, 8.79108774825e-05, -0.000101225814433, 1.4322718016e-05, -7.8583463619e-05, 9.19442318263e-05], [-5.25523537362e-05, 0.00159818853717, 0.000632160052191, -0.00050997332437, -0.000605715322308, 0.000151043757796, -0.000719165138435, -0.000268263858743, 0.000213642691961, 6.08635600656e-05, -0.000722727971151, -0.000176702698809, -9.12594805413e-06], [3.23325657519e-05, 0.000632160052191, 0.00336781470105, -0.00144303438719, -0.000684403290506, -0.00109406048432, -3.95534152631e-05, -0.000946263957303, 0.00096505129477, -0.000362556485925, 0.00100987521, -0.00150819483679, 0.0010223435238], [-8.89212533366e-05, -0.00050997332437, -0.00144303438719, 0.00513010984287, -0.00130585196894, 0.00115261122119, -0.000311861978844, -0.000310495874146, -0.000681486795656, 0.000669973378535, 0.0012426127214, -0.000448121456429, -0.00066204770701], [7.95954983914e-05, -0.000605715322308, -0.000684403290506, -0.00130585196894, 0.0074912798591, -0.00251855631359, 0.00132505397778, -0.00101071048994, -0.00215387460776, -0.00102336634882, 0.0021518333815, 2.53786711255e-05, -0.000727873702999], [-0.000132753688376, 0.000151043757796, -0.00109406048432, 0.00115261122119, -0.00251855631359, 0.00938834436238, -0.00435865903273, 0.000236668260186, -0.000867700087838, 0.0016278718831, -0.00215213163756, 0.00313292932697, -0.00116354145575], [0.000150321910041, -0.000719165138435, -3.95534152631e-05, -0.000311861978844, 0.00132505397778, -0.00435865903273, 0.0113520771265, -0.00350718875416, 0.000888840993866, -0.000909766473342, -0.000438447546912, -0.00180863391142, 0.00104948983062], [-0.000125395876239, -0.000268263858743, -0.000946263957303, -0.000310495874146, -0.00101071048994, 0.000236668260186, -0.00350718875416, 0.0145023269579, -0.00454722577706, -0.000128954037791, -0.00199248944409, 0.00105347577482, -0.00168419396505], [8.79108774825e-05, 0.000213642691961, 0.00096505129477, -0.000681486795656, -0.00215387460776, -0.000867700087838, 0.000888840993866, -0.00454722577706, 0.0150505965576, -0.00433123996481, 0.000870086078066, -0.00039841409307, 0.00163964612875], [-0.000101225814433, 6.08635600656e-05, -0.000362556485925, 0.000669973378535, -0.00102336634882, 0.0016278718831, -0.000909766473342, -0.000128954037791, -0.00433123996481, 0.0150504196063, -0.00668060407043, 0.00167187454645, -0.000377380929422], [1.4322718016e-05, -0.000722727971151, 0.00100987521, 0.0012426127214, 0.0021518333815, -0.00215213163756, -0.000438447546912, -0.00199248944409, 0.000870086078066, -0.00668060407043, 0.0186378862709, -0.00726427044719, 0.00182768818922], [-7.8583463619e-05, -0.000176702698809, -0.00150819483679, -0.000448121456429, 2.53786711255e-05, 0.00313292932697, -0.00180863391142, 0.00105347577482, -0.00039841409307, 0.00167187454645, -0.00726427044719, 0.0192823912948, -0.00648707943037], [9.19442318263e-05, -9.12594805413e-06, 0.0010223435238, -0.00066204770701, -0.000727873702999, -0.00116354145575, 0.00104948983062, -0.00168419396505, 0.00163964612875, -0.000377380929422, 0.00182768818922, -0.00648707943037, 0.016280086711]]
    },
    "spectral_contrast_coeffs": {
        "mean": [-0.723559677601, -0.749154925346, -0.760796546936, -0.769563436508, -0.777456879616, -0.772436320782],
        "stdev": [0.0651286393404, 0.0749573484063, 0.0669428557158, 0.0576628372073, 0.0431000925601, 0.0375085584819]
    },
    "spectral_contrast_valleys": {
        "mean": [-6.74611377716, -6.99120283127, -7.40080785751, -7.50696468353, -7.49448013306, -9.81995487213],
        "stdev": [2.36857938766, 2.31750416756, 2.27660679817, 2.25709486008, 2.27660751343, 2.078758955]
    }
},
"rhythm": {
    "beats_count": 400,
    "beats_loudness": {
        "mean": 0.0554963536561,
        "stdev": 0.0209215078503
    },
    "bpm": 128.999130249,
    "bpm_histogram_first_peak_bpm": 129,
    "bpm_histogram_first_peak_weight": 0.0846154093742,
    "bpm_histogram_second_peak_bpm": 120,
    "bpm_histogram_second_peak_spread": 0.625,
    "bpm_histogram_second_peak_weight": 0.00751879718155,
    "danceability": 1.41353392601,
    "onset_rate": 2.98392677307,
    "beats_loudness_band_ratio": {
        "mean": [0.563175797462, 0.0958673283458, 0.114357478917, 0.106374070048, 0.0939492583275, 0.071677185595],
        "stdev": [0.184409320354, 0.0710146576166, 0.0810295492411, 0.0794366598129, 0.0706577450037, 0.045691229403]
    },
    "beats_position": [0.49922901392, 1.02167797089, 1.50929701328, 1.97369611263, 2.43809509277, 2.90249419212, 3.36689329147, 3.83129239082, 4.29569149017, 4.76009082794, 5.22448968887, 5.6888885498, 6.15328788757, 6.6176867485, 7.08208608627, 7.5464849472, 8.01088428497, 8.47528362274, 8.95129203796, 9.42730140686, 9.89170074463, 10.3560991287, 10.8204984665, 11.2848978043, 11.749297142, 12.2136955261, 12.6780948639, 13.1424942017, 13.6068935394, 14.0712919235, 14.5356912613, 15.0000905991, 15.4644899368, 15.9288883209, 16.3932876587, 16.8576869965, 17.3220863342, 17.786485672, 18.2508831024, 18.7152824402, 19.179681778, 19.6440811157, 20.1084804535, 20.5728797913, 21.037279129, 21.5016784668, 21.9660758972, 22.430475235, 22.8948745728, 23.3708839417, 23.8352832794, 24.3112926483, 24.7756919861, 25.2400894165, 25.7044887543, 26.168888092, 26.6332874298, 27.0976867676, 27.5620861053, 28.0264854431, 28.4908847809, 28.9552822113, 29.4196815491, 29.8840808868, 30.3484802246, 30.8128795624, 31.2772789001, 31.7416782379, 32.2060775757, 32.6704750061, 33.1348762512, 33.5992736816, 34.0636711121, 34.5280723572, 34.9924697876, 35.4568710327, 35.9212684631, 36.3856697083, 36.8500671387, 37.3144645691, 37.7788658142, 38.2432632446, 38.7076644897, 39.1720619202, 39.6364631653, 40.1008605957, 40.5768699646, 41.0528793335, 41.5172767639, 41.981678009, 42.4460754395, 42.9104766846, 43.374874115, 43.8392753601, 44.3036727905, 44.7680702209, 45.2324714661, 45.6968688965, 46.1612701416, 46.625667572, 47.0900688171, 47.5544662476, 48.018863678, 48.4832649231, 48.9476623535, 49.4120635986, 49.8764610291, 50.3408622742, 50.8052597046, 51.269657135, 51.7340583801, 52.1984558105, 52.6628570557, 53.1272544861, 53.5916557312, 54.0560531616, 54.5204544067, 54.9848518372, 55.4492492676, 55.9252586365, 56.4012680054, 56.8656692505, 57.3300666809, 57.794467926, 58.2588653564, 58.7232627869, 59.187664032, 59.6520614624, 60.1164627075, 60.5692520142, 61.0452613831, 61.5096588135, 61.9740562439, 62.438457489, 62.9028549194, 63.3672561646, 63.831653595, 64.2960510254, 64.7604522705, 65.2248535156, 65.6892471313, 66.1536483765, 66.6180496216, 67.0824508667, 67.5468444824, 68.0112457275, 68.4756469727, 68.9400405884, 69.4044418335, 69.8688430786, 70.3332443237, 70.8092498779, 71.2852630615, 71.7496566772, 72.2140579224, 72.6784591675, 73.1428527832, 73.6072540283, 74.0716552734, 74.5360565186, 75.0004501343, 75.4648513794, 75.9292526245, 76.3936462402, 76.8580474854, 77.3224487305, 77.7868499756, 78.2512435913, 78.7156448364, 79.1800460815, 79.6444396973, 80.1088409424, 80.5732421875, 81.0376434326, 81.5020370483, 81.9664382935, 82.4308395386, 82.8952331543, 83.3596343994, 83.8240356445, 84.2884368896, 84.7528305054, 85.2172317505, 85.6816329956, 86.1460266113, 86.6104278564, 87.0748291016, 87.5392303467, 88.0036239624, 88.4680252075, 88.9440383911, 89.4200439453, 89.8844451904, 90.3488388062, 90.8132400513, 91.2776412964, 91.7420425415, 92.2064361572, 92.6708374023, 93.1352386475, 93.5996322632, 94.0640335083, 94.5284347534, 94.9928359985, 95.4572296143, 95.9216308594, 96.3860321045, 96.8504257202, 97.3148269653, 97.7792282104, 98.2436294556, 98.7080230713, 99.1724243164, 99.6368255615, 100.101219177, 100.565620422, 101.030021667, 101.506027222, 101.970428467, 102.44644165, 102.899223328, 103.375236511, 103.839637756, 104.304031372, 104.768432617, 105.232833862, 105.697235107, 106.161628723, 106.626029968, 107.090431213, 107.554824829, 108.019226074, 108.483627319, 108.948028564, 109.41242218, 109.876823425, 110.34122467, 110.805618286, 111.270019531, 111.734420776, 112.198822021, 112.663215637, 113.127616882, 113.592018127, 114.056411743, 114.520812988, 114.985214233, 115.449615479, 115.914009094, 116.390022278, 116.854415894, 117.318817139, 117.783218384, 118.23600769, 118.700408936, 119.164802551, 119.640815735, 120.116821289, 120.581222534, 121.045623779, 121.510017395, 121.97441864, 122.438819885, 122.90322113, 123.367614746, 123.832015991, 124.296417236, 124.760810852, 125.225212097, 125.689613342, 126.154014587, 126.618408203, 127.082809448, 127.547210693, 128.011611938, 128.476013184, 128.94039917, 129.416412354, 129.880813599, 130.356826782, 130.821228027, 131.285614014, 131.750015259, 132.214416504, 132.678817749, 133.143218994, 133.607620239, 134.072021484, 134.536407471, 135.000808716, 135.465209961, 135.929611206, 136.394012451, 136.858413696, 137.322814941, 137.787200928, 138.251602173, 138.716003418, 139.180404663, 139.644805908, 140.109207153, 140.573608398, 141.037994385, 141.50239563, 141.966796875, 142.43119812, 142.895599365, 143.36000061, 143.824401855, 144.288803101, 144.753189087, 145.217590332, 145.681991577, 146.158004761, 146.610794067, 147.075195312, 147.539596558, 148.003982544, 148.468383789, 148.944396973, 149.408798218, 149.884811401, 150.349197388, 150.813598633, 151.277999878, 151.742401123, 152.206802368, 152.671203613, 153.135604858, 153.599990845, 154.06439209, 154.528793335, 154.99319458, 155.457595825, 155.92199707, 156.386398315, 156.850784302, 157.315185547, 157.779586792, 158.243988037, 158.708389282, 159.172790527, 159.637191772, 160.101577759, 160.565979004, 161.030380249, 161.494781494, 161.959182739, 162.423583984, 162.887985229, 163.352371216, 163.816772461, 164.281173706, 164.745574951, 165.209976196, 165.674377441, 166.138778687, 166.614776611, 167.079177856, 167.55519104, 168.019592285, 168.48399353, 168.948379517, 169.412780762, 169.877182007, 170.341583252, 170.805984497, 171.270385742, 171.734786987, 172.199172974, 172.663574219, 173.127975464, 173.592376709, 174.056777954, 174.521179199, 174.985580444, 175.449981689, 175.914367676, 176.378768921, 176.843170166, 177.307571411, 177.771972656, 178.236373901, 178.700775146, 179.165161133, 179.629562378, 180.093963623, 180.558364868, 181.022766113, 181.498779297, 181.963165283, 182.439178467, 182.91519165, 183.402801514, 183.890426636, 184.389663696, 184.888885498, 185.399719238, 185.910568237, 186.409790039],
    "bpm_histogram": [0, 0, 0, 0, 0, 0, 0, 0, 0, 0, 0, 0, 0, 0, 0, 0, 0, 0, 0, 0, 0, 0, 0, 0, 0, 0, 0, 0, 0, 0, 0, 0, 0, 0, 0, 0, 0, 0, 0, 0, 0, 0, 0, 0, 0, 0, 0, 0, 0, 0, 0, 0, 0, 0, 0, 0, 0, 0, 0, 0, 0, 0, 0, 0, 0, 0, 0, 0, 0, 0, 0, 0, 0, 0, 0, 0, 0, 0, 0, 0, 0, 0, 0, 0, 0, 0, 0, 0, 0, 0, 0, 0, 0, 0, 0, 0, 0, 0, 0, 0, 0, 0, 0, 0, 0, 0, 0, 0, 0, 0, 0, 0, 0, 0, 0, 0.00250626564957, 0, 0.00501253129914, 0, 0, 0.00751879718155, 0, 0, 0.00751879718155, 0, 0, 0.0726817026734, 0, 0, 0.89473682642, 0, 0, 0, 0.0100250625983, 0, 0, 0, 0, 0, 0, 0, 0, 0, 0, 0, 0, 0, 0, 0, 0, 0, 0, 0, 0, 0, 0, 0, 0, 0, 0, 0, 0, 0, 0, 0, 0, 0, 0, 0, 0, 0, 0, 0, 0, 0, 0, 0, 0, 0, 0, 0, 0, 0, 0, 0, 0, 0, 0, 0, 0, 0, 0, 0, 0, 0, 0, 0, 0, 0, 0, 0, 0, 0, 0, 0, 0, 0, 0, 0, 0, 0, 0, 0, 0, 0, 0, 0, 0, 0, 0, 0, 0, 0, 0, 0, 0, 0, 0, 0, 0, 0, 0, 0, 0, 0, 0, 0, 0, 0, 0, 0, 0, 0, 0, 0, 0, 0, 0, 0, 0]
},
"tonal": {
    "chords_changes_rate": 0.0605759695172,
    "chords_number_rate": 0.00347567023709,
    "chords_strength": {
        "mean": 0.510361731052,
        "stdev": 0.160018995404
    },
    "hpcp_crest": {
        "mean": 12.7568302155,
        "stdev": 6.08314800262
    },
    "hpcp_entropy": {
        "mean": 2.05764770508,
        "stdev": 0.72308242321
    },
    "key_edma": {
        "strength": 0.574361860752,
        "key": "D",
        "scale": "major"
    },
    "key_krumhansl": {
        "strength": 0.578234255314,
        "key": "D",
        "scale": "major"
    },
    "key_temperley": {
        "strength": 0.581410944462,
        "key": "D",
        "scale": "major"
    },
    "tuning_diatonic_strength": 0.460400223732,
    "tuning_equal_tempered_deviation": 0.00928477849811,
    "tuning_frequency": 440.508575439,
    "tuning_nontempered_energy_ratio": 0.721930325031,
    "hpcp": {
        "mean": [0.207809776068, 0.127204328775, 0.0751950964332, 0.0861921533942, 0.0747420713305, 0.124857105315, 0.185778915882, 0.13073861599, 0.0954557359219, 0.1058415398, 0.0794655010104, 0.0990884751081, 0.137355729938, 0.11403452605, 0.148866638541, 0.22540256381, 0.164327904582, 0.0924662351608, 0.104977332056, 0.0978614464402, 0.173699274659, 0.281672000885, 0.198102667928, 0.118093952537, 0.142672434449, 0.132830098271, 0.177938714623, 0.247843652964, 0.195873305202, 0.161524578929, 0.175763651729, 0.133949175477, 0.137292504311, 0.14927187562, 0.115934275091, 0.162378638983],
        "stdev": [0.292155385017, 0.199198663235, 0.154992893338, 0.1900960356, 0.159902215004, 0.203910887241, 0.27040874958, 0.201153799891, 0.174726456404, 0.214597731829, 0.166541278362, 0.176584362984, 0.218287676573, 0.186843603849, 0.230945035815, 0.315798342228, 0.259019225836, 0.165024966002, 0.198614478111, 0.176436141133, 0.218319997191, 0.33632516861, 0.256030112505, 0.208701580763, 0.26714861393, 0.231196835637, 0.248946711421, 0.327369093895, 0.286094129086, 0.255204707384, 0.301350921392, 0.212568238378, 0.233547359705, 0.246090948582, 0.198453262448, 0.225043341517]
    },
    "chords_histogram": [22.8401184082, 4.14597797394, 7.22442913055, 2.35849046707, 21.3008937836, 0.32274082303, 0.719960272312, 0, 0.620655417442, 0.0496524311602, 0.0248262155801, 0.372393250465, 0.0248262155801, 4.89076471329, 0.074478648603, 0.297914594412, 5.58589887619, 3.67427992821, 3.84806346893, 1.46474671364, 1.43992054462, 5.23833179474, 6.77755689621, 6.70307826996],
    "thpcp": [1, 0.703309774399, 0.419260531664, 0.506519734859, 0.471577227116, 0.631723105907, 0.879901647568, 0.695394992828, 0.573449194431, 0.624001145363, 0.475550204515, 0.487419784069, 0.529949307442, 0.411593168974, 0.576481282711, 0.737772226334, 0.451604455709, 0.266959786415, 0.306001842022, 0.265351444483, 0.443271279335, 0.659557640553, 0.464151978493, 0.338889688253, 0.375761657953, 0.282120704651, 0.351786732674, 0.487644255161, 0.404848635197, 0.528510630131, 0.800230622292, 0.583401620388, 0.328276276588, 0.372693538666, 0.347430497408, 0.616672158241],
    "chords_key": "D",
    "chords_scale": "major"
}
}