{
"metadata": {
    "version": {
        "essentia": "2.1-dev",
        "essentia_git_sha": "v2.1_beta3-415-gd5473f3",
        "extractor": "music 2.0"
    },
    "audio_properties": {
        "analysis": {
            "equal_loudness": 0,
            "length": 250.096328735,
            "sample_rate": 44100,
            "start_time": 0,
            "downmix": "mix"
        },
        "bit_rate": 192000,
        "length": 250.096328735,
        "lossless": 0,
        "number_channels": 2,
        "replay_gain": -6.80434608459,
        "sample_rate": 44100,
        "codec": "mp3",
        "md5_encoded": "77126cbc5fa5e9c771f74f582244c8cb"
    },
    "tags": {
        "file_name": "a_tribe_called_quest-scenario.mp3",
        "album": ["The Low End Theory            "],
        "artist": ["A Tribe Called Quest          "],
        "genre": ["Rap"],
        "title": ["Scenario                      "]
    }
},
"lowlevel": {
    "average_loudness": 0.974644422531,
    "barkbands_crest": {
        "mean": 14.6907653809,
        "stdev": 5.18917703629
    },
    "barkbands_flatness_db": {
        "mean": 0.213099405169,
        "stdev": 0.087371237576
    },
    "barkbands_kurtosis": {
        "mean": 31.6198539734,
        "stdev": 70.2927703857
    },
    "barkbands_skewness": {
        "mean": 3.7983353138,
        "stdev": 3.28852963448
    },
    "barkbands_spread": {
        "mean": 18.7355709076,
        "stdev": 17.7844219208
    },
    "dissonance": {
        "mean": 0.458528459072,
        "stdev": 0.0378923155367
    },
    "dynamic_complexity": 2.60413432121,
    "erbbands_crest": {
        "mean": 9.81091976166,
        "stdev": 4.51621103287
    },
    "erbbands_flatness_db": {
        "mean": 0.152772769332,
        "stdev": 0.0410256683826
    },
    "erbbands_kurtosis": {
        "mean": 0.944937109947,
        "stdev": 5.12873077393
    },
    "erbbands_skewness": {
        "mean": 0.329590797424,
        "stdev": 1.21818959713
    },
    "erbbands_spread": {
        "mean": 62.6462020874,
        "stdev": 33.129989624
    },
    "hfc": {
        "mean": 19.6413040161,
        "stdev": 16.7782363892
    },
    "loudness_ebu128": {
        "integrated": -15.4735107422,
        "loudness_range": 2.41023921967,
        "momentary": {
            "mean": -15.9986505508,
            "stdev": 2.74684047699
        },
        "short_term": {
            "mean": -15.669503212,
            "stdev": 1.4006588459
        }
    },
    "melbands_crest": {
        "mean": 19.5364074707,
        "stdev": 5.29856777191
    },
    "melbands_flatness_db": {
        "mean": 0.292514383793,
        "stdev": 0.108281612396
    },
    "melbands_kurtosis": {
        "mean": 90.2956161499,
        "stdev": 132.669113159
    },
    "melbands_skewness": {
        "mean": 6.22335529327,
        "stdev": 4.28322935104
    },
    "melbands_spread": {
        "mean": 14.237039566,
        "stdev": 18.666425705
    },
    "pitch_salience": {
        "mean": 0.409624278545,
        "stdev": 0.141893327236
    },
    "silence_rate_20dB": {
        "mean": 1,
        "stdev": 0
    },
    "silence_rate_30dB": {
        "mean": 0.859079122543,
        "stdev": 0.347943305969
    },
    "silence_rate_60dB": {
        "mean": 0.0296138133854,
        "stdev": 0.169507607818
    },
    "spectral_centroid": {
        "mean": 1339.26513672,
        "stdev": 888.234741211
    },
    "spectral_complexity": {
        "mean": 12.9090232849,
        "stdev": 10.5273647308
    },
    "spectral_decrease": {
        "mean": -1.38929774351e-08,
        "stdev": 1.20964225303e-08
    },
    "spectral_energy": {
        "mean": 0.0542169362307,
        "stdev": 0.0461787432432
    },
    "spectral_energyband_high": {
        "mean": 0.00107064982876,
        "stdev": 0.00148280197755
    },
    "spectral_energyband_low": {
        "mean": 0.0404321551323,
        "stdev": 0.0437109619379
    },
    "spectral_energyband_middle_high": {
        "mean": 0.0030021618586,
        "stdev": 0.00420808466151
    },
    "spectral_energyband_middle_low": {
        "mean": 0.0109183825552,
        "stdev": 0.0119550377131
    },
    "spectral_entropy": {
        "mean": 7.48605918884,
        "stdev": 0.581488072872
    },
    "spectral_flux": {
        "mean": 0.134159266949,
        "stdev": 0.0729753002524
    },
    "spectral_kurtosis": {
        "mean": 3.07591295242,
        "stdev": 6.32987880707
    },
    "spectral_rms": {
        "mean": 0.0066405790858,
        "stdev": 0.00296600582078
    },
    "spectral_rolloff": {
        "mean": 913.230224609,
        "stdev": 1598.11303711
    },
    "spectral_skewness": {
        "mean": 1.15438127518,
        "stdev": 0.731477737427
    },
    "spectral_spread": {
        "mean": 5440914,
        "stdev": 1748573.75
    },
    "spectral_strongpeak": {
        "mean": 0.653161644936,
        "stdev": 0.65115737915
    },
    "zerocrossingrate": {
        "mean": 0.0463269762695,
        "stdev": 0.0404878184199
    },
    "barkbands": {
        "mean": [0.000300831423374, 0.0272231213748, 0.0117800505832, 0.00191269407514, 0.0037871543318, 0.00126039318275, 0.00121703871991, 0.00170463474933, 0.000895732839126, 0.000465719873318, 0.00029675415135, 0.000333045085426, 0.000269004987786, 0.000263230293058, 0.000256075640209, 0.000234127350268, 0.000204615978873, 0.000232984108152, 0.000300546671497, 0.00036847795127, 0.00030604947824, 0.000230833058595, 0.000134642599733, 0.000108888962131, 9.89541804302e-05, 2.90972311632e-05, 2.14846158997e-06],
        "stdev": [0.000331789866323, 0.0330705493689, 0.0167363267392, 0.00402412610129, 0.0060319500044, 0.00313987163827, 0.00287757511251, 0.00408052001148, 0.00309261679649, 0.00153545301873, 0.00105982215609, 0.00116255017929, 0.000847298884764, 0.000835052167531, 0.000888376671355, 0.00058652786538, 0.000360684440238, 0.000395518902224, 0.000481213442981, 0.000522164977156, 0.000399605924031, 0.000335884164087, 0.000301886291709, 0.000303473207168, 0.000309881637804, 0.000129243126139, 2.34594117501e-05]
    },
    "erbbands": {
        "mean": [0.574858009815, 6.82539653778, 15.2899570465, 9.08400535583, 8.58743667603, 13.8925266266, 12.2982587814, 9.21871471405, 14.6024723053, 26.7233791351, 36.3102912903, 20.5611953735, 15.1809911728, 13.7805204391, 12.8689212799, 13.4198093414, 12.6636161804, 12.749835968, 13.7447080612, 13.2681455612, 13.3394060135, 11.632191658, 12.0400629044, 13.677192688, 17.6190662384, 17.5463562012, 13.3371429443, 11.1654930115, 8.47280311584, 5.86356496811, 3.58013987541, 2.49147105217, 1.73029124737, 1.24797666073, 0.61615717411, 0.185437649488, 0.0438820235431, 0.00641387654468, 0.000392077286961, 7.10605672793e-05],
        "stdev": [0.710543990135, 8.53722286224, 19.8243255615, 16.3847789764, 13.716668129, 23.8957481384, 26.9456310272, 24.5085601807, 35.7509002686, 58.6135063171, 93.2424087524, 72.5547790527, 44.781879425, 45.7538223267, 41.0267944336, 46.5533714294, 39.011089325, 38.0896224976, 40.3037185669, 47.7714881897, 29.7146186829, 19.7880382538, 19.0643024445, 24.2835712433, 25.248588562, 25.2919235229, 17.7257347107, 15.2911968231, 12.422791481, 9.52915382385, 8.58375835419, 6.99382209778, 4.68484544754, 3.7450671196, 2.07608556747, 0.711734890938, 0.232227325439, 0.033239081502, 0.00516744283959, 0.00010643164569]
    },
    "gfcc": {
        "mean": [-20.4711303711, 81.4639511108, -81.3660812378, 75.1699981689, -52.7473907471, 17.51653862, -26.7663269043, 14.01953125, -21.2986412048, 4.7614440918, -14.0696964264, -4.41430425644, -10.5090932846],
        "cov": [[7148.90869141, -250.839691162, -1315.04431152, -250.090057373, -894.489013672, -36.9500236511, -180.013412476, 219.17401123, 89.6678390503, 266.077880859, -126.034477234, 54.8002510071, -62.0073280334], [-250.839691162, 1467.29333496, -101.553604126, -309.876068115, 245.764068604, -58.0984764099, 233.704208374, -78.087272644, 89.259979248, -158.300704956, 59.1650314331, -112.042869568, 20.9989738464], [-1315.04431152, -101.553604126, 1454.60461426, 592.376220703, 302.174468994, 55.4496154785, 54.3128089905, 33.1993675232, -25.3138790131, -38.5244598389, 86.6423797607, 41.1651115417, 2.9555413723], [-250.090057373, -309.876068115, 592.376220703, 1073.41638184, 180.696121216, -5.54154348373, -56.625377655, -19.6881752014, 79.0813369751, -16.3386936188, 97.7652282715, -8.36498069763, 45.0787200928], [-894.489013672, 245.764068604, 302.174468994, 180.696121216, 537.592590332, 130.821548462, 31.9655609131, -70.9457015991, 38.5533027649, -37.2929534912, 6.69020748138, -60.9542579651, 2.75374078751], [-36.9500236511, -58.0984764099, 55.4496154785, -5.54154348373, 130.821548462, 282.283111572, 149.517379761, 32.6883468628, -34.7404136658, -4.35674619675, -5.43654489517, -20.935874939, -24.3561611176], [-180.013412476, 233.704208374, 54.3128089905, -56.625377655, 31.9655609131, 149.517379761, 360.113372803, 107.632102966, -21.1425228119, -68.7531356812, 15.7777795792, 2.17288923264, -5.29865550995], [219.17401123, -78.087272644, 33.1993675232, -19.6881752014, -70.9457015991, 32.6883468628, 107.632102966, 183.456069946, 60.5436172485, 21.4040908813, -20.5711193085, 15.1806993484, 1.95623958111], [89.6678390503, 89.259979248, -25.3138790131, 79.0813369751, 38.5533027649, -34.7404136658, -21.1425228119, 60.5436172485, 200.21395874, 54.059223175, 2.70610666275, -39.0889892578, 16.951543808], [266.077880859, -158.300704956, -38.5244598389, -16.3386936188, -37.2929534912, -4.35674619675, -68.7531356812, 21.4040908813, 54.059223175, 147.293624878, 9.68213272095, -12.1684894562, -24.5824642181], [-126.034477234, 59.1650314331, 86.6423797607, 97.7652282715, 6.69020748138, -5.43654489517, 15.7777795792, -20.5711193085, 2.70610666275, 9.68213272095, 111.289855957, 22.9377212524, 3.97347760201], [54.8002510071, -112.042869568, 41.1651115417, -8.36498069763, -60.9542579651, -20.935874939, 2.17288923264, 15.1806993484, -39.0889892578, -12.1684894562, 22.9377212524, 111.74281311, 29.8464984894], [-62.0073280334, 20.9989738464, 2.9555413723, 45.0787200928, 2.75374078751, -24.3561611176, -5.29865550995, 1.95623958111, 16.951543808, -24.5824642181, 3.97347760201, 29.8464984894, 98.3545150757]],
        "icov": [[0.000284343899693, -0.00035737498547, 0.000240801367909, -0.000335018761689, 0.000529134878889, -0.000525022682268, 0.000472620682558, -0.000446480611572, 0.00020990948542, -0.000584771099966, 0.000560403917916, -0.000542145280633, 0.000250933604548], [-0.00035737498547, 0.00234920019284, -0.000349490321241, 0.00139166321605, -0.00146188715007, 0.00210787751712, -0.00227486458607, 0.00184045545757, -0.00171806791332, 0.00247606867924, -0.00241583026946, 0.00250649405643, -0.000698491698131], [0.000240801367909, -0.000349490321241, 0.0013166195713, -0.000842960726004, -0.000248509371886, -0.000216121261474, 0.000454681925476, -0.00123784563038, 0.000895181030501, -0.000554995785933, 8.72015516507e-05, -0.000950177432969, 0.000567588955164], [-0.000335018761689, 0.00139166321605, -0.000842960726004, 0.00231292517856, -0.00104477233253, 0.00114349112846, -0.000931675720494, 0.00117505982053, -0.00158189272042, 0.00204295944422, -0.00254417629912, 0.00201235851273, -0.00102885754313], [0.000529134878889, -0.00146188715007, -0.000248509371886, -0.00104477233253, 0.00458316504955, -0.00330937677063, 0.00147839484271, 0.000852458586451, -0.000725618039723, -0.000984917045571, 0.00227344292216, -0.000885066110641, 0.000302502448903], [-0.000525022682268, 0.00210787751712, -0.000216121261474, 0.00114349112846, -0.00330937677063, 0.00804385822266, -0.00457021407783, 0.000985718565062, 0.000529166485649, 0.000526753312442, -0.00176955759525, 0.00286189327016, -0.000236369218328], [0.000472620682558, -0.00227486458607, 0.000454681925476, -0.000931675720494, 0.00147839484271, -0.00457021407783, 0.00807449035347, -0.0057730213739, 0.00216234964319, 0.000799377565272, -0.000152664986672, -0.00153048872016, 0.000871397729497], [-0.000446480611572, 0.00184045545757, -0.00123784563038, 0.00117505982053, 0.000852458586451, 0.000985718565062, -0.0057730213739, 0.0128781469539, -0.00594416679814, 0.000212994258618, 0.0019350789953, -0.000754009641241, -0.000294356286759], [0.00020990948542, -0.00171806791332, 0.000895181030501, -0.00158189272042, -0.000725618039723, 0.000529166485649, 0.00216234964319, -0.00594416679814, 0.0103613147512, -0.00445309979841, 0.000347022141796, 0.00176119466778, -0.00186389917508], [-0.000584771099966, 0.00247606867924, -0.000554995785933, 0.00204295944422, -0.000984917045571, 0.000526753312442, 0.000799377565272, 0.000212994258618, -0.00445309979841, 0.0132064465433, -0.00507269799709, 0.00310887023807, 0.00170966691803], [0.000560403917916, -0.00241583026946, 8.72015516507e-05, -0.00254417629912, 0.00227344292216, -0.00176955759525, -0.000152664986672, 0.0019350789953, 0.000347022141796, -0.00507269799709, 0.0148743623868, -0.00613376824185, 0.00141672871541], [-0.000542145280633, 0.00250649405643, -0.000950177432969, 0.00201235851273, -0.000885066110641, 0.00286189327016, -0.00153048872016, -0.000754009641241, 0.00176119466778, 0.00310887023807, -0.00613376824185, 0.0160299222916, -0.00524780666456], [0.000250933604548, -0.000698491698131, 0.000567588955164, -0.00102885754313, 0.000302502448903, -0.000236369218328, 0.000871397729497, -0.000294356286759, -0.00186389917508, 0.00170966691803, 0.00141672871541, -0.00524780666456, 0.0131987379864]]
    },
    "melbands": {
        "mean": [0.00656319083646, 0.00866223499179, 0.00158642698079, 0.000873954501003, 0.000460346171167, 0.00021874254162, 0.000228559525567, 0.000317837228067, 0.000281384971458, 0.000118700285384, 7.44410863263e-05, 5.64494112041e-05, 4.1304185288e-05, 3.91016983485e-05, 3.03873912344e-05, 2.65564449364e-05, 2.33072332776e-05, 2.25517087529e-05, 1.9287399482e-05, 1.58522852871e-05, 1.56723654072e-05, 1.25299329738e-05, 9.59299541137e-06, 1.19560263556e-05, 1.06099287223e-05, 1.20103914014e-05, 1.40044476211e-05, 1.0808065781e-05, 8.27998610475e-06, 7.38938842915e-06, 6.15105045654e-06, 5.09148776473e-06, 3.76821344616e-06, 2.98863687931e-06, 2.07120206142e-06, 1.77268816515e-06, 1.41112536767e-06, 1.2301463812e-06, 1.08288088541e-06, 1.05662127226e-06],
        "stdev": [0.00782312825322, 0.0104036116973, 0.00257204310037, 0.00147794280201, 0.000886462628841, 0.000560719345231, 0.000549794000108, 0.000689234933816, 0.0007571237511, 0.000438032438979, 0.000230224643019, 0.000196092980332, 0.000140485557495, 0.000137225870276, 0.00010462856153, 8.80380393937e-05, 7.61633273214e-05, 7.19229210517e-05, 7.17144575901e-05, 4.9484489864e-05, 3.52183378709e-05, 2.26675692829e-05, 1.71210594999e-05, 2.06282220461e-05, 2.07256653084e-05, 1.9189214072e-05, 2.01665952773e-05, 1.66159989021e-05, 1.18205480248e-05, 9.89933687379e-06, 9.10526614462e-06, 7.74344425736e-06, 5.73855959374e-06, 5.43924033991e-06, 5.20372259416e-06, 4.7164676289e-06, 4.28464090874e-06, 3.60837179869e-06, 3.06212314172e-06, 3.34367337018e-06]
    },
    "melbands128": {
        "mean": [0.000209775054827, 0.00322923786007, 0.0098667005077, 0.0118050724268, 0.00944293942302, 0.004854851868, 0.00178702617995, 0.000804444483947, 0.000724878918845, 0.00116498989519, 0.000837683910504, 0.000516505038831, 0.000443283497589, 0.00032199875568, 0.000179090216989, 0.000185617449461, 0.000235596802668, 0.000219582143473, 0.000240345514612, 0.000299673818517, 0.000351554655936, 0.000369085028069, 0.000282865425106, 0.000194496111362, 0.000121575802041, 9.93534267764e-05, 8.08793411124e-05, 7.04697813489e-05, 7.13995395927e-05, 6.25278844382e-05, 5.26522417204e-05, 4.11020992033e-05, 3.91087341995e-05, 4.3198124331e-05, 4.01539546147e-05, 3.97602016164e-05, 3.41066406691e-05, 3.05106277665e-05, 2.67717696261e-05, 2.90426432912e-05, 2.63545480266e-05, 2.36634277826e-05, 2.21886875806e-05, 2.34075359913e-05, 2.60846572928e-05, 2.17960296141e-05, 1.96538203454e-05, 1.84559939953e-05, 2.06361164601e-05, 1.70324838109e-05, 1.45817184602e-05, 1.50371906784e-05, 1.65005658346e-05, 1.58409529831e-05, 1.40803595059e-05, 1.32385139295e-05, 1.00469114841e-05, 9.69662869466e-06, 8.87518854142e-06, 9.91270553641e-06, 1.41397094922e-05, 1.14783033496e-05, 1.06241805042e-05, 1.10132632472e-05, 9.4082315627e-06, 1.26240483951e-05, 1.21518442029e-05, 1.41709333548e-05, 1.35318823595e-05, 1.61194548127e-05, 9.80795630312e-06, 9.83966674539e-06, 7.40629502616e-06, 8.4486173364e-06, 8.64877165441e-06, 7.13088365956e-06, 7.14629595677e-06, 6.79104914525e-06, 5.8339410316e-06, 5.75814647163e-06, 5.53058816877e-06, 4.7920925681e-06, 4.06552908316e-06, 3.5531602407e-06, 3.67872939933e-06, 3.36730977324e-06, 2.74617013929e-06, 2.24851646635e-06, 2.0519487407e-06, 1.92912307284e-06, 1.7824573888e-06, 1.8480492372e-06, 1.54912208927e-06, 1.40232407375e-06, 1.31255558244e-06, 1.27221312596e-06, 1.2298414731e-06, 1.14783438221e-06, 1.06168556613e-06, 1.05499975689e-06, 1.0909136563e-06, 1.07897540147e-06, 1.00777640455e-06, 8.31017700875e-07, 7.002363418e-07, 5.83038001878e-07, 4.65426239771e-07, 3.66188743328e-07, 2.97082522138e-07, 2.41571200377e-07, 1.98701783916e-07, 1.66652014855e-07, 1.27544907969e-07, 9.24926339962e-08, 7.36142879987e-08, 6.02784879788e-08, 4.40292922121e-08, 1.99183691763e-08, 1.52792356545e-08, 1.05916679871e-08, 4.85669326977e-09, 1.75929271151e-09, 2.10124584399e-10, 2.82219889819e-11, 6.21937874465e-12, 6.06541769935e-12, 6.01929487157e-12, 5.97485819501e-12],
        "stdev": [0.000317909376463, 0.00465856911615, 0.0126947723329, 0.0161809287965, 0.0122959185392, 0.0073353019543, 0.00371651700698, 0.00152285292279, 0.00133931206074, 0.00232253270224, 0.00171251920983, 0.0011044209823, 0.00114127539564, 0.00103445630521, 0.000654002535157, 0.000632178096566, 0.000743963057175, 0.000705621030647, 0.00081495376071, 0.000856376078445, 0.00105279963464, 0.0011794193415, 0.0010268134065, 0.000927296699956, 0.000700576871168, 0.0005034141941, 0.000363567494787, 0.000294779543765, 0.00032420665957, 0.000295198173262, 0.000255060120253, 0.000197816218133, 0.000191932631424, 0.000193107320229, 0.000195635453565, 0.000199213332962, 0.000182176969247, 0.000156017413246, 0.000112658155558, 0.000141848067869, 0.000119338707009, 0.000106800929643, 0.000103445760033, 0.000110663335363, 0.00011566322064, 9.78982716333e-05, 9.42401893553e-05, 8.13416481833e-05, 0.000124458631035, 8.84046239662e-05, 5.69865260331e-05, 5.17723092344e-05, 5.58550855203e-05, 4.73980217066e-05, 3.19750361086e-05, 3.16846817441e-05, 2.61423137999e-05, 2.27643849939e-05, 2.12139148061e-05, 2.03678628168e-05, 2.55875766015e-05, 2.59366133832e-05, 2.75144648185e-05, 2.47149127972e-05, 2.44717430178e-05, 2.31698031712e-05, 2.36529394897e-05, 2.37974036281e-05, 2.30108289543e-05, 2.70065484074e-05, 2.00351114472e-05, 1.64036464412e-05, 1.37338975037e-05, 1.41743948916e-05, 1.24807802422e-05, 1.08928597911e-05, 1.12443285616e-05, 1.04948239823e-05, 1.03818183561e-05, 1.00240768006e-05, 9.06916466192e-06, 7.77117384132e-06, 7.04939247953e-06, 5.9197959672e-06, 6.0101415329e-06, 5.90404169998e-06, 5.78138451601e-06, 6.1960322455e-06, 5.7637403188e-06, 4.98224471812e-06, 4.94444248034e-06, 5.30745137439e-06, 4.75981505588e-06, 4.31282251157e-06, 4.57735677628e-06, 4.78111314806e-06, 3.55288852916e-06, 3.17314538734e-06, 3.37479536938e-06, 3.23864765051e-06, 3.58607371709e-06, 3.57691510544e-06, 3.62206310456e-06, 3.03033380078e-06, 2.57635110756e-06, 2.17454817175e-06, 1.76129663032e-06, 1.47336436385e-06, 1.21206812764e-06, 1.04650825961e-06, 1.08952940536e-06, 1.07102118818e-06, 7.70227529756e-07, 5.08284756506e-07, 3.96652126256e-07, 3.15892663139e-07, 2.1444259346e-07, 2.56654629993e-07, 3.52570395989e-07, 2.56274972799e-07, 1.1385198917e-07, 6.6057850745e-08, 6.13866246724e-09, 9.7351338102e-10, 1.3990797236e-11, 1.03465890369e-11, 1.02562533119e-11, 1.01991453477e-11]
    },
    "mfcc": {
        "mean": [-668.49395752, 95.0684280396, 35.2741966248, 57.9861373901, 11.3002891541, 15.1097726822, 10.4856748581, 7.89534330368, 5.88225603104, 5.35513830185, 2.86268210411, 4.44739723206, 3.31752610207],
        "cov": [[7652.25683594, -341.611602783, -1157.26794434, -388.591461182, -794.870300293, -332.228424072, -459.653015137, -210.296600342, 12.1618652344, 93.7065887451, 108.817695618, -32.4100036621, -26.2567863464], [-341.611602783, 1475.08520508, -219.909454346, -337.760314941, -62.1781806946, -9.77196788788, 97.9437637329, 82.4077301025, 52.8329734802, -29.2869796753, 23.3381576538, 15.9643516541, -36.7439842224], [-1157.26794434, -219.909454346, 1058.29760742, 517.996276855, 234.91065979, 64.3383712769, 147.15965271, 99.7786178589, -19.8371582031, -28.4829521179, -6.05638456345, 53.9466056824, 56.6265220642], [-388.591461182, -337.760314941, 517.996276855, 791.705322266, 293.742889404, 81.5593643188, -15.6407356262, 30.5805435181, -18.891418457, 26.4050750732, -26.0767860413, 15.8389310837, 52.5920982361], [-794.870300293, -62.1781806946, 234.91065979, 293.742889404, 531.323730469, 182.813995361, -13.9718704224, -38.0748939514, -8.61942481995, 46.8128089905, -3.76713323593, -20.9535140991, -3.8870241642], [-332.228424072, -9.77196788788, 64.3383712769, 81.5593643188, 182.813995361, 252.180023193, 131.284667969, 33.3338432312, 1.92010807991, 18.6507415771, 18.8887882233, 4.30335855484, -6.84213685989], [-459.653015137, 97.9437637329, 147.15965271, -15.6407356262, -13.9718704224, 131.284667969, 312.421295166, 143.969299316, 24.1884269714, -33.7267303467, 9.80245685577, 32.3029785156, 2.23649311066], [-210.296600342, 82.4077301025, 99.7786178589, 30.5805435181, -38.0748939514, 33.3338432312, 143.969299316, 228.100265503, 77.0199356079, -14.0124511719, 4.5187792778, 15.6743907928, 1.40474772453], [12.1618652344, 52.8329734802, -19.8371582031, -18.891418457, -8.61942481995, 1.92010807991, 24.1884269714, 77.0199356079, 167.669082642, 64.1443939209, 20.3221549988, 3.03539967537, -3.59586644173], [93.7065887451, -29.2869796753, -28.4829521179, 26.4050750732, 46.8128089905, 18.6507415771, -33.7267303467, -14.0124511719, 64.1443939209, 142.396957397, 61.5760726929, 3.51895499229, -11.5038099289], [108.817695618, 23.3381576538, -6.05638456345, -26.0767860413, -3.76713323593, 18.8887882233, 9.80245685577, 4.5187792778, 20.3221549988, 61.5760726929, 117.721824646, 43.7297935486, -8.5848274231], [-32.4100036621, 15.9643516541, 53.9466056824, 15.8389310837, -20.9535140991, 4.30335855484, 32.3029785156, 15.6743907928, 3.03539967537, 3.51895499229, 43.7297935486, 95.729850769, 36.3395767212], [-26.2567863464, -36.7439842224, 56.6265220642, 52.5920982361, -3.8870241642, -6.84213685989, 2.23649311066, 1.40474772453, -3.59586644173, -11.5038099289, -8.5848274231, 36.3395767212, 88.439666748]],
        "icov": [[0.000203909061383, 4.59747388959e-05, 0.00018130755052, -0.000121832046716, 0.000338541954989, -9.11861425266e-05, 0.000228994264035, 4.382039333e-05, -3.26954759657e-05, 1.11233466669e-05, -0.000248945114436, 9.76376832114e-05, -2.68282310572e-05], [4.59747388959e-05, 0.000818844535388, 0.000154129142174, 0.000303058623103, -0.000204642026802, 0.000232982856687, -0.000183461743291, -0.0002295083832, -0.000155689180247, 0.000240530906012, -0.000152099950355, -0.000221660695388, 0.000193536732695], [0.00018130755052, 0.000154129142174, 0.00191925966647, -0.00108049402479, -0.000362825812772, 0.000908533693291, -0.000989404506981, -0.000135882437462, 0.000126471815747, 0.000420263997512, -0.000558779633138, -0.000297009421047, -0.000259345397353], [-0.000121832046716, 0.000303058623103, -0.00108049402479, 0.00261331233196, -0.000987331615761, -0.000306090078084, 0.000758172711357, -0.000914214760996, 0.000528936448973, -0.000823438516818, 0.00101438851561, -0.000424245285103, -0.000657026888803], [0.000338541954989, -0.000204642026802, -0.000362825812772, -0.000987331615761, 0.0044064396061, -0.00335700181313, 0.00182062375825, 0.000749019382056, -0.000254894373938, -0.000565009017009, 6.41845545033e-05, 0.000774969230406, 0.000314887874993], [-9.11861425266e-05, 0.000232982856687, 0.000908533693291, -0.000306090078084, -0.00335700181313, 0.00868604145944, -0.00475279940292, 0.000409313826822, 0.000579389801715, -0.000602386600804, -0.00101523508783, 0.000342653918779, 1.40252277561e-05], [0.000228994264035, -0.000183461743291, -0.000989404506981, 0.000758172711357, 0.00182062375825, -0.00475279940292, 0.00791194103658, -0.00331179774366, 0.00018612529675, 0.000934687617701, 0.000210341953789, -0.00126688939054, 0.00040937110316], [4.382039333e-05, -0.0002295083832, -0.000135882437462, -0.000914214760996, 0.000749019382056, 0.000409313826822, -0.00331179774366, 0.00829957146198, -0.00400438532233, 0.00194698956329, -0.000744521908928, 0.00042567611672, 0.000408082501963], [-3.26954759657e-05, -0.000155689180247, 0.000126471815747, 0.000528936448973, -0.000254894373938, 0.000579389801715, 0.00018612529675, -0.00400438532233, 0.00980685371906, -0.00550718745217, 0.00146459473763, -0.000237628119066, -0.00045519383275], [1.11233466669e-05, 0.000240530906012, 0.000420263997512, -0.000823438516818, -0.000565009017009, -0.000602386600804, 0.000934687617701, 0.00194698956329, -0.00550718745217, 0.0135120498016, -0.00712929526344, 0.00198137527332, 0.000225305717322], [-0.000248945114436, -0.000152099950355, -0.000558779633138, 0.00101438851561, 6.41845545033e-05, -0.00101523508783, 0.000210341953789, -0.000744521908928, 0.00146459473763, -0.00712929526344, 0.0159227419645, -0.0082284770906, 0.00360711454414], [9.76376832114e-05, -0.000221660695388, -0.000297009421047, -0.000424245285103, 0.000774969230406, 0.000342653918779, -0.00126688939054, 0.00042567611672, -0.000237628119066, 0.00198137527332, -0.0082284770906, 0.0177621375769, -0.00738388113678], [-2.68282310572e-05, 0.000193536732695, -0.000259345397353, -0.000657026888803, 0.000314887874993, 1.40252277561e-05, 0.00040937110316, 0.000408082501963, -0.00045519383275, 0.000225305717322, 0.00360711454414, -0.00738388113678, 0.0153293982148]]
    },
    "spectral_contrast_coeffs": {
        "mean": [-0.678729951382, -0.72408592701, -0.774196565151, -0.789763629436, -0.791358828545, -0.752702593803],
        "stdev": [0.0774583220482, 0.111279912293, 0.0942343845963, 0.0672609433532, 0.0410191453993, 0.0456166863441]
    },
    "spectral_contrast_valleys": {
        "mean": [-6.55806064606, -7.56358957291, -8.44542884827, -8.46245861053, -7.60222768784, -9.99487781525],
        "stdev": [1.09398329258, 0.986816644669, 1.01901459694, 1.03091216087, 1.04068756104, 1.01747214794]
    }
},
"rhythm": {
    "beats_count": 422,
    "beats_loudness": {
        "mean": 0.0909762829542,
        "stdev": 0.040888544172
    },
    "bpm": 101.588516235,
    "bpm_histogram_first_peak_bpm": 101,
    "bpm_histogram_first_peak_weight": 0.278177440166,
    "bpm_histogram_second_peak_bpm": 96,
    "bpm_histogram_second_peak_spread": 0.25,
    "bpm_histogram_second_peak_weight": 0.00712589081377,
    "danceability": 1.34289002419,
    "onset_rate": 4.62989377975,
    "beats_loudness_band_ratio": {
        "mean": [0.739625990391, 0.101838953793, 0.0786560177803, 0.0340503640473, 0.0276486091316, 0.0422859378159],
        "stdev": [0.243589147925, 0.127337560058, 0.126468554139, 0.08083550632, 0.0353638343513, 0.0630245953798]
    },
    "beats_position": [0.557278871536, 1.13777780533, 1.72988653183, 2.32199549675, 2.90249419212, 3.49460315704, 4.08671188354, 4.67882061005, 5.25931978226, 5.83981847763, 6.43192720413, 7.02403593063, 7.60453510284, 8.18503379822, 8.76553249359, 9.33442115784, 9.92653083801, 10.5186395645, 11.110748291, 11.6912469864, 12.2833557129, 12.8754644394, 13.4675731659, 14.0596818924, 14.6517915726, 15.2439002991, 15.8360090256, 16.4281177521, 17.0202255249, 17.6123352051, 18.2044448853, 18.784942627, 19.3770523071, 19.96916008, 20.549659729, 21.1417675018, 21.733877182, 22.3259868622, 22.918094635, 23.5102043152, 24.102312088, 24.6944217682, 25.286529541, 25.8670291901, 26.4591369629, 27.0512466431, 27.6433563232, 28.2238540649, 28.8159637451, 29.4080715179, 30.0001811981, 30.5922889709, 31.1843986511, 31.776506424, 32.3686180115, 32.960723877, 33.5528335571, 34.1333312988, 34.7370529175, 35.3175506592, 35.9096603394, 36.4901580811, 37.0822677612, 37.6743774414, 38.2664833069, 38.8585929871, 39.4507026672, 40.0428123474, 40.6349182129, 41.2270278931, 41.8191375732, 42.4112472534, 43.0033569336, 43.5838546753, 44.1875724792, 44.7680702209, 45.3601799011, 45.9522895813, 46.5443992615, 47.1365089417, 47.7286148071, 48.3091163635, 48.901222229, 49.4933319092, 50.0854415894, 50.6775512695, 51.269657135, 51.8617668152, 52.4538764954, 53.0343742371, 53.6264839172, 54.2185935974, 54.8107032776, 55.4028091431, 55.9949188232, 56.5754165649, 57.1675262451, 57.7596359253, 58.3517456055, 58.9438552856, 59.5359611511, 60.1280708313, 60.7201805115, 61.3006782532, 61.8927879333, 62.4848976135, 63.0653953552, 63.6458930969, 64.2496109009, 64.8417205811, 65.4338302612, 66.0143280029, 66.6180496216, 67.2101593018, 67.8022689819, 68.3827667236, 68.9748764038, 69.566986084, 70.1590881348, 70.7395935059, 71.3316955566, 71.9238052368, 72.515914917, 73.1080245972, 73.7001342773, 74.2922439575, 74.8843536377, 75.4764633179, 76.068572998, 76.6606826782, 77.252784729, 77.8332901001, 78.4253921509, 79.0175018311, 79.5979995728, 80.1901092529, 80.7822189331, 81.3743286133, 81.9664382935, 82.5585479736, 83.1506576538, 83.742767334, 84.3348770142, 84.9269790649, 85.5190887451, 86.1111984253, 86.7033081055, 87.3070297241, 87.9107437134, 88.4912490845, 89.0717468262, 89.6638565063, 90.244354248, 90.8248519897, 91.4169616699, 92.0090713501, 92.6011810303, 93.1932830811, 93.7853927612, 94.3775024414, 94.9696121216, 95.5617218018, 96.1538314819, 96.7459411621, 97.3380508423, 97.918548584, 98.4990463257, 99.0911560059, 99.683265686, 100.275375366, 100.867477417, 101.459587097, 102.051696777, 102.643806458, 103.235916138, 103.816413879, 104.40852356, 105.00063324, 105.581130981, 106.161628723, 106.765350342, 107.357460022, 107.949569702, 108.530067444, 109.133781433, 109.725891113, 110.318000793, 110.910110474, 111.502220154, 112.082717896, 112.663215637, 113.243713379, 113.847434998, 114.439544678, 115.031654358, 115.623764038, 116.215873718, 116.79637146, 117.400085449, 117.992195129, 118.58430481, 119.17641449, 119.76852417, 120.36063385, 120.95274353, 121.533241272, 122.136962891, 122.729064941, 123.309570312, 123.890068054, 124.482177734, 125.074279785, 125.678001404, 126.270111084, 126.850608826, 127.431106567, 128.023223877, 128.615325928, 129.219039917, 129.811157227, 130.403259277, 130.983764648, 131.587478638, 132.167984009, 132.748474121, 133.340591431, 133.932693481, 134.524810791, 135.116912842, 135.697418213, 136.289520264, 136.881637573, 137.473739624, 138.065841675, 138.657958984, 139.238449097, 139.830566406, 140.422668457, 141.014785767, 141.606887817, 142.199005127, 142.791107178, 143.383224487, 143.975326538, 144.567428589, 145.159545898, 145.751647949, 146.343765259, 146.93586731, 147.516372681, 148.108474731, 148.688980103, 149.281082153, 149.873199463, 150.465301514, 151.057418823, 151.649520874, 152.230026245, 152.822128296, 153.414230347, 154.017959595, 154.610061646, 155.202178955, 155.794281006, 156.386398315, 156.966888428, 157.559005737, 158.151107788, 158.743209839, 159.32371521, 159.915817261, 160.50793457, 161.100036621, 161.692153931, 162.284255981, 162.876373291, 163.468475342, 164.048980713, 164.652694702, 165.244796753, 165.836914062, 166.417419434, 167.009521484, 167.590026855, 168.182128906, 168.774230957, 169.366348267, 169.958450317, 170.550567627, 171.142669678, 171.734786987, 172.3152771, 172.907394409, 173.49949646, 174.09161377, 174.68371582, 175.264221191, 175.856323242, 176.448425293, 177.040542603, 177.632644653, 178.213150024, 178.816864014, 179.432189941, 180.024307251, 180.604797363, 181.208526611, 181.800628662, 182.392745972, 182.984848022, 183.576965332, 184.169067383, 184.761169434, 185.341674805, 185.922180176, 186.502670288, 187.083175659, 187.67527771, 188.26739502, 188.85949707, 189.451599121, 190.043716431, 190.635818481, 191.227935791, 191.820037842, 192.412155151, 193.004257202, 193.596374512, 194.176864624, 194.768981934, 195.361083984, 195.953201294, 196.533691406, 197.125808716, 197.717910767, 198.310012817, 198.902130127, 199.494232178, 200.086349487, 200.690063477, 201.282180786, 201.874282837, 202.454788208, 203.03527832, 203.615783691, 204.196273804, 204.800003052, 205.392105103, 205.984207153, 206.564712524, 207.168426514, 207.760543823, 208.352645874, 208.944763184, 209.536865234, 210.128982544, 210.721084595, 211.301589966, 211.893692017, 212.485794067, 213.077911377, 213.658401489, 214.250518799, 214.84262085, 215.434738159, 216.038452148, 216.630569458, 217.222671509, 217.81477356, 218.406890869, 218.987380981, 219.567886353, 220.159988403, 220.740493774, 221.332611084, 221.924713135, 222.516815186, 223.108932495, 223.701034546, 224.293151855, 224.885253906, 225.477371216, 226.069473267, 226.661590576, 227.253692627, 227.834197998, 228.426300049, 229.0184021, 229.598907471, 230.179412842, 230.783126831, 231.375228882, 231.967346191, 232.559448242, 233.151565552, 233.743667603, 234.335784912, 234.916275024, 235.496780396, 236.088882446, 236.680999756, 237.273101807, 237.865203857, 238.457321167, 239.049423218, 239.653152466, 240.268478394, 240.89541626, 241.522354126, 242.160903931, 242.787841797, 243.403167725, 244.018493652, 244.633834839, 245.249160767, 245.841262817, 246.433380127, 247.025482178, 247.617584229, 248.209701538, 248.801803589, 249.393920898],
    "bpm_histogram": [0, 0, 0, 0, 0, 0, 0, 0, 0, 0, 0, 0, 0, 0, 0, 0, 0, 0, 0, 0, 0, 0, 0, 0, 0, 0, 0, 0, 0, 0, 0, 0, 0, 0, 0, 0, 0, 0, 0, 0, 0, 0, 0, 0, 0, 0, 0, 0, 0, 0, 0, 0, 0, 0, 0, 0, 0, 0, 0, 0, 0, 0, 0, 0, 0, 0, 0, 0, 0, 0, 0, 0, 0, 0, 0, 0, 0, 0, 0, 0, 0, 0, 0, 0, 0, 0, 0, 0, 0, 0, 0, 0, 0, 0, 0.00237529701553, 0, 0.00712589081377, 0, 0.0142517816275, 0.0570071265101, 0, 0.714964389801, 0, 0.201900243759, 0, 0.00237529701553, 0, 0, 0, 0, 0, 0, 0, 0, 0, 0, 0, 0, 0, 0, 0, 0, 0, 0, 0, 0, 0, 0, 0, 0, 0, 0, 0, 0, 0, 0, 0, 0, 0, 0, 0, 0, 0, 0, 0, 0, 0, 0, 0, 0, 0, 0, 0, 0, 0, 0, 0, 0, 0, 0, 0, 0, 0, 0, 0, 0, 0, 0, 0, 0, 0, 0, 0, 0, 0, 0, 0, 0, 0, 0, 0, 0, 0, 0, 0, 0, 0, 0, 0, 0, 0, 0, 0, 0, 0, 0, 0, 0, 0, 0, 0, 0, 0, 0, 0, 0, 0, 0, 0, 0, 0, 0, 0, 0, 0, 0, 0, 0, 0, 0, 0, 0, 0, 0, 0, 0, 0, 0, 0, 0, 0, 0, 0, 0, 0, 0, 0, 0, 0, 0, 0, 0, 0, 0, 0, 0, 0, 0, 0, 0]
},
"tonal": {
    "chords_changes_rate": 0.130499348044,
    "chords_number_rate": 0.00167068873998,
    "chords_strength": {
        "mean": 0.544251680374,
        "stdev": 0.0805175900459
    },
    "hpcp_crest": {
        "mean": 12.4091472626,
        "stdev": 5.33879137039
    },
    "hpcp_entropy": {
        "mean": 2.13212227821,
        "stdev": 0.730465829372
    },
    "key_edma": {
        "strength": 0.619702339172,
        "key": "C#",
        "scale": "minor"
    },
    "key_krumhansl": {
        "strength": 0.602927803993,
        "key": "C#",
        "scale": "minor"
    },
    "key_temperley": {
        "strength": 0.569047927856,
        "key": "C#",
        "scale": "minor"
    },
    "tuning_diatonic_strength": 0.446618646383,
    "tuning_equal_tempered_deviation": 0.263253331184,
    "tuning_frequency": 444.085327148,
    "tuning_nontempered_energy_ratio": 0.91686463356,
    "hpcp": {
        "mean": [0.221582740545, 0.123935513198, 0.0959116667509, 0.0771176889539, 0.0584066919982, 0.0533997118473, 0.065585359931, 0.0999624058604, 0.137822121382, 0.146587923169, 0.124736778438, 0.0982281044126, 0.0859681963921, 0.0842675864697, 0.0796184688807, 0.0736599639058, 0.0743073895574, 0.0825065523386, 0.0852492004633, 0.0779992341995, 0.081247754395, 0.0886714234948, 0.0878166332841, 0.0896738320589, 0.0840575993061, 0.0678911805153, 0.0590866208076, 0.0556530766189, 0.0588459074497, 0.0681266188622, 0.0698889344931, 0.0743368566036, 0.0944291353226, 0.12632265687, 0.230901107192, 0.307123571634],
        "stdev": [0.320537954569, 0.244143977761, 0.216930687428, 0.190626516938, 0.161634817719, 0.157714605331, 0.173533245921, 0.228189274669, 0.277248620987, 0.290093839169, 0.257026314735, 0.219793111086, 0.201863005757, 0.208204016089, 0.205575570464, 0.194880977273, 0.195928946137, 0.211151942611, 0.217888325453, 0.205548197031, 0.206621006131, 0.220184624195, 0.216132685542, 0.22221955657, 0.214485630393, 0.184707537293, 0.169135272503, 0.168211534619, 0.171452283859, 0.190704330802, 0.185507804155, 0.18211184442, 0.202135831118, 0.232502788305, 0.307788878679, 0.374772191048]
    },
    "chords_histogram": [3.04436612129, 19.3057365417, 12.0475215912, 0, 0, 0.0742528289557, 0.798217952251, 17.4494152069, 27.5663642883, 7.3695936203, 0.0371264144778, 0, 0, 0.0556896217167, 0.111379243433, 4.436606884, 2.84017086029, 0.0371264144778, 0.0185632072389, 0.445516973734, 0.297011315823, 0, 0.891033947468, 3.17430853844],
    "thpcp": [1, 0.721477508545, 0.403536319733, 0.312290161848, 0.251096606255, 0.190173268318, 0.173870444298, 0.21354714036, 0.325479418039, 0.448751360178, 0.477292984724, 0.406145244837, 0.319832503796, 0.279914021492, 0.274376809597, 0.259239196777, 0.239838197827, 0.241946220398, 0.26864284277, 0.277572959661, 0.253966927528, 0.264544188976, 0.288715779781, 0.285932570696, 0.291979640722, 0.273693084717, 0.221054926515, 0.192387118936, 0.181207448244, 0.19160336256, 0.221821531653, 0.227559655905, 0.242042168975, 0.307462990284, 0.411308884621, 0.751818239689],
    "chords_key": "F",
    "chords_scale": "minor"
}
}