{
"metadata": {
    "version": {
        "essentia": "2.1-dev",
        "essentia_git_sha": "v2.1_beta3-415-gd5473f3",
        "extractor": "music 2.0"
    },
    "audio_properties": {
        "analysis": {
            "equal_loudness": 0,
            "length": 361.534698486,
            "sample_rate": 44100,
            "start_time": 0,
            "downmix": "mix"
        },
        "bit_rate": 192000,
        "length": 361.534698486,
        "lossless": 0,
        "number_channels": 2,
        "replay_gain": -7.04059410095,
        "sample_rate": 44100,
        "codec": "mp3",
        "md5_encoded": "09d43aa782a09fbd10a0f59d25408e0d"
    },
    "tags": {
        "file_name": "biz_markie-vapors.mp3",
        "album": ["                              "],
        "artist": ["Biz Markie                    "],
        "date": ["1986"],
        "title": ["Vapors                        "]
    }
},
"lowlevel": {
    "average_loudness": 0.931895077229,
    "barkbands_crest": {
        "mean": 13.2898244858,
        "stdev": 5.80294704437
    },
    "barkbands_flatness_db": {
        "mean": 0.183865606785,
        "stdev": 0.0873515754938
    },
    "barkbands_kurtosis": {
        "mean": 20.8878517151,
        "stdev": 56.8570709229
    },
    "barkbands_skewness": {
        "mean": 2.72757411003,
        "stdev": 3.18850326538
    },
    "barkbands_spread": {
        "mean": 34.0723648071,
        "stdev": 28.878660202
    },
    "dissonance": {
        "mean": 0.468111693859,
        "stdev": 0.0320225767791
    },
    "dynamic_complexity": 3.47362017632,
    "erbbands_crest": {
        "mean": 9.02229213715,
        "stdev": 4.04069757462
    },
    "erbbands_flatness_db": {
        "mean": 0.142436176538,
        "stdev": 0.0507865659893
    },
    "erbbands_kurtosis": {
        "mean": 1.05617308617,
        "stdev": 3.67895793915
    },
    "erbbands_skewness": {
        "mean": -0.299056142569,
        "stdev": 1.14616334438
    },
    "erbbands_spread": {
        "mean": 58.8059043884,
        "stdev": 33.33335495
    },
    "hfc": {
        "mean": 37.029510498,
        "stdev": 65.5879058838
    },
    "loudness_ebu128": {
        "integrated": -16.3974914551,
        "loudness_range": 1.78789901733,
        "momentary": {
            "mean": -17.042339325,
            "stdev": 2.65195083618
        },
        "short_term": {
            "mean": -16.4656505585,
            "stdev": 0.781256198883
        }
    },
    "melbands_crest": {
        "mean": 19.6609897614,
        "stdev": 5.97882843018
    },
    "melbands_flatness_db": {
        "mean": 0.257998585701,
        "stdev": 0.10955542326
    },
    "melbands_kurtosis": {
        "mean": 68.3192749023,
        "stdev": 105.440284729
    },
    "melbands_skewness": {
        "mean": 5.52759122849,
        "stdev": 4.14314317703
    },
    "melbands_spread": {
        "mean": 30.4612846375,
        "stdev": 42.4047927856
    },
    "pitch_salience": {
        "mean": 0.393192470074,
        "stdev": 0.159672006965
    },
    "silence_rate_20dB": {
        "mean": 1,
        "stdev": 0
    },
    "silence_rate_30dB": {
        "mean": 0.912337064743,
        "stdev": 0.282812058926
    },
    "silence_rate_60dB": {
        "mean": 0.0453406982124,
        "stdev": 0.208047971129
    },
    "spectral_centroid": {
        "mean": 1797.98059082,
        "stdev": 1058.09851074
    },
    "spectral_complexity": {
        "mean": 12.081111908,
        "stdev": 11.3132076263
    },
    "spectral_decrease": {
        "mean": -8.71251071288e-09,
        "stdev": 1.37688989099e-08
    },
    "spectral_energy": {
        "mean": 0.0362418703735,
        "stdev": 0.0540242232382
    },
    "spectral_energyband_high": {
        "mean": 0.00272527313791,
        "stdev": 0.00559028470889
    },
    "spectral_energyband_low": {
        "mean": 0.0263390075415,
        "stdev": 0.0490214154124
    },
    "spectral_energyband_middle_high": {
        "mean": 0.00325868162327,
        "stdev": 0.00551687926054
    },
    "spectral_energyband_middle_low": {
        "mean": 0.00469892472029,
        "stdev": 0.00721930619329
    },
    "spectral_entropy": {
        "mean": 7.67402029037,
        "stdev": 0.577618539333
    },
    "spectral_flux": {
        "mean": 0.107617430389,
        "stdev": 0.0851887837052
    },
    "spectral_kurtosis": {
        "mean": 3.04384374619,
        "stdev": 3.07617712021
    },
    "spectral_rms": {
        "mean": 0.00499578006566,
        "stdev": 0.00322489370592
    },
    "spectral_rolloff": {
        "mean": 2613.61450195,
        "stdev": 3666.50537109
    },
    "spectral_skewness": {
        "mean": 1.19746160507,
        "stdev": 0.496149539948
    },
    "spectral_spread": {
        "mean": 6144734,
        "stdev": 3085626.75
    },
    "spectral_strongpeak": {
        "mean": 0.778265476227,
        "stdev": 1.82541668415
    },
    "zerocrossingrate": {
        "mean": 0.0771063864231,
        "stdev": 0.0666246116161
    },
    "barkbands": {
        "mean": [0.000207435325137, 0.0187862273306, 0.00662623066455, 0.00123189634178, 0.00138956669252, 0.00043981676572, 0.000650357978884, 0.000340199912898, 0.000519514433108, 0.000363551807823, 0.000201470189495, 0.000217463209992, 0.000297945778584, 0.000237322499743, 0.000304858520394, 0.000369247165509, 0.000493608182296, 0.000432145432569, 0.000297665043036, 0.000246654701186, 0.000211168007809, 0.000173775071744, 0.000144970967085, 0.000322200881783, 0.00124544184655, 0.000220798217924, 0.000270232005278],
        "stdev": [0.000547710282262, 0.0372400209308, 0.0143927615136, 0.00322682783008, 0.0025844045449, 0.00124541437253, 0.00178533687722, 0.00138933595736, 0.00187435920816, 0.00125695066527, 0.000913582625799, 0.000962111866102, 0.000960781588219, 0.000657061813399, 0.000790725869592, 0.000880712992512, 0.0010398364393, 0.0010685166344, 0.000595072691794, 0.000456203008071, 0.000385446415748, 0.000305833178572, 0.000234999111854, 0.000580386084039, 0.00328911095858, 0.000472495943541, 0.000673419970553]
    },
    "erbbands": {
        "mean": [0.394408285618, 4.70166158676, 9.29462814331, 4.93738794327, 4.03647422791, 5.11636972427, 3.20882225037, 4.3508644104, 9.3111410141, 7.3451461792, 8.97021579742, 12.374786377, 11.2676849365, 10.7048330307, 7.74367952347, 9.32001876831, 13.1399927139, 13.1278934479, 14.0792121887, 17.2750320435, 22.5888214111, 27.3842964172, 23.5697898865, 18.8725166321, 13.619304657, 12.1273937225, 9.46445655823, 7.74222898483, 6.09348011017, 5.26965665817, 3.97818660736, 5.35479784012, 10.7917661667, 16.5883655548, 3.94244861603, 0.912521719933, 0.517371833324, 0.286324411631, 0.0449692234397, 0.000804820097983],
        "stdev": [0.891012370586, 9.26635360718, 19.0153465271, 11.0811452866, 8.07032585144, 10.736946106, 8.03734588623, 12.3937959671, 24.5298137665, 26.0673961639, 31.3536510468, 47.5953216553, 31.3003387451, 44.2712860107, 32.8723144531, 40.4834327698, 38.9163131714, 34.5140113831, 34.2816352844, 44.3386192322, 52.0226669312, 57.1597213745, 54.6294517517, 42.3890953064, 26.4751262665, 22.7781219482, 17.8850765228, 14.1009550095, 11.0101718903, 8.75119304657, 6.42888402939, 9.37065696716, 24.6699829102, 45.4111785889, 8.77850055695, 2.00341939926, 1.15573656559, 0.682527422905, 0.108176454902, 0.00177246553358]
    },
    "gfcc": {
        "mean": [-32.6486663818, 60.0436058044, -85.4913635254, 59.6966705322, -32.9305915833, 18.8234977722, -25.6464862823, 18.8135128021, -12.9768915176, -1.97506713867, -13.2690086365, -5.73532009125, -9.91462612152],
        "cov": [[8225.97363281, -2883.07495117, 796.967529297, -1009.85644531, -256.848022461, -66.8163604736, -709.977905273, 117.394233704, -373.740783691, 502.256530762, -242.113098145, 279.544952393, -75.4550094604], [-2883.07495117, 3845.61987305, -1760.83972168, 507.628387451, 97.3945465088, -216.456161499, 403.608184814, -182.625595093, 362.820892334, -382.92678833, 289.007904053, -153.837524414, 59.6322250366], [796.967529297, -1760.83972168, 2238.109375, 24.5183868408, 67.1666107178, 65.0506668091, -146.378234863, 44.8897399902, -178.313705444, 156.737701416, -132.930969238, 74.2437744141, 21.9895648956], [-1009.85644531, 507.628387451, 24.5183868408, 788.092712402, 120.547386169, -69.7608108521, 14.8708276749, -96.3420410156, 133.817672729, -109.326957703, 46.2013626099, -25.8248939514, 21.3201770782], [-256.848022461, 97.3945465088, 67.1666107178, 120.547386169, 517.858581543, 68.6096038818, 47.5743331909, 25.8182468414, 10.6050777435, -39.2202796936, 27.3527240753, -83.3888320923, 20.2892246246], [-66.8163604736, -216.456161499, 65.0506668091, -69.7608108521, 68.6096038818, 327.023925781, 109.446121216, 7.57577419281, -28.9286727905, 7.01063632965, -12.2274599075, -3.69782161713, -18.4060058594], [-709.977905273, 403.608184814, -146.378234863, 14.8708276749, 47.5743331909, 109.446121216, 316.670959473, 51.2046585083, 41.1082801819, -82.7684631348, 24.9203662872, -38.5551834106, 29.1991500854], [117.394233704, -182.625595093, 44.8897399902, -96.3420410156, 25.8182468414, 7.57577419281, 51.2046585083, 180.803604126, -4.02848768234, 7.1456785202, -29.9302139282, -5.22828626633, 7.12743473053], [-373.740783691, 362.820892334, -178.313705444, 133.817672729, 10.6050777435, -28.9286727905, 41.1082801819, -4.02848768234, 163.659744263, -16.0184497833, 33.3136978149, -44.4935722351, -0.520691692829], [502.256530762, -382.92678833, 156.737701416, -109.326957703, -39.2202796936, 7.01063632965, -82.7684631348, 7.1456785202, -16.0184497833, 162.647949219, -6.64530229568, 26.1121635437, -32.6797409058], [-242.113098145, 289.007904053, -132.930969238, 46.2013626099, 27.3527240753, -12.2274599075, 24.9203662872, -29.9302139282, 33.3136978149, -6.64530229568, 122.977722168, -4.12733745575, -3.0717587471], [279.544952393, -153.837524414, 74.2437744141, -25.8248939514, -83.3888320923, -3.69782161713, -38.5551834106, -5.22828626633, -44.4935722351, 26.1121635437, -4.12733745575, 123.396263123, 10.9545812607], [-75.4550094604, 59.6322250366, 21.9895648956, 21.3201770782, 20.2892246246, -18.4060058594, 29.1991500854, 7.12743473053, -0.520691692829, -32.6797409058, -3.0717587471, 10.9545812607, 87.5187225342]],
        "icov": [[0.000222451824811, 9.5951356343e-05, 4.62480129499e-05, 0.000179199647391, -5.20871726621e-05, 6.15345634287e-05, 0.000281105865724, -1.45139238157e-05, 2.57708215941e-05, -0.000215694308281, 0.000124031401356, -0.000258136016782, -4.01750658057e-05], [9.5951356343e-05, 0.000873639481142, 0.000419234274887, 1.10732935354e-05, -0.000127859544591, 0.000629146641586, -0.000649045046885, 0.000716749113053, -0.000755711109377, 0.000853681529406, -0.000770691316575, -9.69292741502e-05, -1.09290522232e-06], [4.62480129499e-05, 0.000419234274887, 0.000799047935288, -0.000259661115706, -0.000143173077959, 0.000187078127055, -0.000218228306039, 0.000177019494004, 0.000292539451038, -0.000287353264866, 9.91170454654e-05, -6.87456486048e-05, -0.000345835374901], [0.000179199647391, 1.10732935354e-05, -0.000259661115706, 0.00214637978934, -0.000534808728844, 0.00033804148552, 0.000384967774153, 0.000945669366047, -0.00176861090586, 0.00119270582218, 6.39303980279e-05, -0.000885769084562, 0.000226897391258], [-5.20871726621e-05, -0.000127859544591, -0.000143173077959, -0.000534808728844, 0.00258185761049, -0.000805256422609, 0.000330241891788, -0.000801834452432, 0.0007568950532, 3.77680116799e-05, -0.000828651594929, 0.00203708535992, -0.000869766343385], [6.15345634287e-05, 0.000629146641586, 0.000187078127055, 0.00033804148552, -0.000805256422609, 0.00457144994289, -0.00248415931128, 0.00130981428083, -2.27974051086e-05, 3.22807136399e-05, 0.000195929969777, -0.000663462968078, 0.00146708672401], [0.000281105865724, -0.000649045046885, -0.000218228306039, 0.000384967774153, 0.000330241891788, -0.00248415931128, 0.00623401720077, -0.0023169470951, -0.000225664494792, 0.00110013619997, -0.00034751711064, 0.000573322293349, -0.00151904916856], [-1.45139238157e-05, 0.000716749113053, 0.000177019494004, 0.000945669366047, -0.000801834452432, 0.00130981428083, -0.0023169470951, 0.00756270578131, -0.00147313182242, 0.000434979767306, 0.00115059083328, -0.000481611175928, 9.70591718215e-05], [2.57708215941e-05, -0.000755711109377, 0.000292539451038, -0.00176861090586, 0.0007568950532, -2.27974051086e-05, -0.000225664494792, -0.00147313182242, 0.0102616949007, -0.00281149125658, -0.000514245009981, 0.00315273692831, -0.000491965329275], [-0.000215694308281, 0.000853681529406, -0.000287353264866, 0.00119270582218, 3.77680116799e-05, 3.22807136399e-05, 0.00110013619997, 0.000434979767306, -0.00281149125658, 0.0108448453248, -0.00193799566478, -0.00125184073113, 0.00273102265783], [0.000124031401356, -0.000770691316575, 9.91170454654e-05, 6.39303980279e-05, -0.000828651594929, 0.000195929969777, -0.00034751711064, 0.00115059083328, -0.000514245009981, -0.00193799566478, 0.0108295343816, -0.00137480976991, 0.000672598136589], [-0.000258136016782, -9.69292741502e-05, -6.87456486048e-05, -0.000885769084562, 0.00203708535992, -0.000663462968078, 0.000573322293349, -0.000481611175928, 0.00315273692831, -0.00125184073113, -0.00137480976991, 0.0115283252671, -0.00262721907347], [-4.01750658057e-05, -1.09290522232e-06, -0.000345835374901, 0.000226897391258, -0.000869766343385, 0.00146708672401, -0.00151904916856, 9.70591718215e-05, -0.000491965329275, 0.00273102265783, 0.000672598136589, -0.00262721907347, 0.0138022284955]]
    },
    "melbands": {
        "mean": [0.00455467030406, 0.00552702508867, 0.000873744022101, 0.000331875897245, 0.00014090789773, 9.97858078335e-05, 0.000139143186971, 7.57973975851e-05, 7.6843178249e-05, 7.67817618907e-05, 5.49736723769e-05, 4.3741423724e-05, 2.62016437773e-05, 2.47036368819e-05, 2.20801593969e-05, 3.27521338477e-05, 2.30873829423e-05, 2.15396667045e-05, 2.38906650338e-05, 2.34163835557e-05, 2.72320721706e-05, 2.82987875835e-05, 2.56486255239e-05, 1.90480750462e-05, 1.48276440086e-05, 1.14772828965e-05, 7.8368366303e-06, 8.05992203823e-06, 6.11681571172e-06, 4.98126246384e-06, 4.40171424998e-06, 3.32828540195e-06, 3.44487875736e-06, 2.73740624834e-06, 2.23434767577e-06, 2.1627085971e-06, 3.78119148081e-06, 4.34217145084e-06, 2.01522543648e-05, 1.0398489394e-05],
        "stdev": [0.00938760116696, 0.0106452619657, 0.00187222054228, 0.000628403213341, 0.000328026944771, 0.000283964531263, 0.000361691898433, 0.000280853477307, 0.000263157329755, 0.000296567362966, 0.000162351905601, 0.000186753663002, 0.000111588131404, 0.000110991277325, 8.73766548466e-05, 0.000111215260404, 6.47897686576e-05, 5.68551695324e-05, 6.58435092191e-05, 5.7629411458e-05, 6.48572167847e-05, 6.07551301073e-05, 5.65144073335e-05, 5.04060553794e-05, 3.34758988174e-05, 2.38847587752e-05, 1.57386493811e-05, 1.54107619892e-05, 1.24976795632e-05, 9.72445832303e-06, 8.16289866634e-06, 6.52344988339e-06, 5.86829082749e-06, 4.66994379167e-06, 3.72651697944e-06, 3.63248568647e-06, 6.94541222401e-06, 8.05404943094e-06, 5.57114326512e-05, 2.79335872619e-05]
    },
    "melbands128": {
        "mean": [0.000194724852918, 0.00215904018842, 0.00695523619652, 0.00811508949846, 0.00599574530497, 0.0025734314695, 0.000938468612731, 0.000548950280063, 0.000367129483493, 0.000336928002071, 0.000312802847475, 0.00020293709531, 9.28850859054e-05, 6.4694613684e-05, 8.68313072715e-05, 0.000112717258162, 0.000172804662725, 0.000143770172144, 0.000114185524581, 7.51656698412e-05, 5.86843234487e-05, 6.83891848894e-05, 8.08498080005e-05, 8.20585046313e-05, 8.90108422027e-05, 7.09514206392e-05, 5.53326317458e-05, 5.87751710555e-05, 4.76817549497e-05, 4.8436668294e-05, 4.39798895968e-05, 3.19758983096e-05, 2.42075439019e-05, 2.25055191549e-05, 2.23994629778e-05, 2.64828995569e-05, 2.74182802968e-05, 1.86928282346e-05, 1.82241947186e-05, 3.40030746884e-05, 4.10288812418e-05, 2.58551663137e-05, 2.12065006053e-05, 2.31480698858e-05, 2.09343234019e-05, 2.04026982829e-05, 2.26295978791e-05, 2.62779594777e-05, 2.29877896345e-05, 2.22089984163e-05, 2.28537301155e-05, 2.56988150795e-05, 2.5243662094e-05, 2.95035060844e-05, 2.85900841845e-05, 2.63784058916e-05, 2.98604409181e-05, 2.92894546874e-05, 2.3553326173e-05, 2.02846658794e-05, 1.67876423802e-05, 2.01401089726e-05, 1.93425094039e-05, 1.11494355224e-05, 1.06280340333e-05, 1.4766467757e-05, 9.42796668824e-06, 7.0976434472e-06, 7.21972901374e-06, 9.13496023713e-06, 8.32386012917e-06, 7.70688438934e-06, 6.55677740724e-06, 5.88453804085e-06, 5.43147234566e-06, 5.16742511536e-06, 4.93847664984e-06, 4.0649301809e-06, 4.85865621158e-06, 3.90015566154e-06, 3.55234283234e-06, 2.89626245831e-06, 3.26662984662e-06, 4.01116903959e-06, 3.06933816319e-06, 2.51545156971e-06, 3.11177655021e-06, 2.22430776375e-06, 2.25506437346e-06, 2.05383275897e-06, 2.21284949475e-06, 2.19577600546e-06, 2.03536774279e-06, 3.83771930501e-06, 5.50232152818e-06, 2.58981890511e-06, 5.73001398152e-06, 3.85448583984e-06, 5.55706446903e-06, 5.68214309169e-05, 6.74258535582e-06, 3.59196064892e-06, 5.65813115827e-06, 1.89551508356e-06, 3.21488982991e-06, 6.96451706972e-06, 4.64467802885e-06, 2.404530278e-06, 6.89713033353e-07, 9.66522222257e-08, 1.00524573554e-07, 7.0348198733e-07, 1.95358461497e-06, 3.18434217661e-06, 2.08271785596e-06, 9.56228632276e-07, 1.54020801801e-06, 3.95659026253e-06, 5.29231510882e-06, 7.07645199327e-07, 4.69215365229e-07, 2.70993325557e-07, 6.24785414516e-08, 3.35570611298e-08, 2.26128946679e-08, 1.4815006999e-09, 5.21193418285e-12, 4.97206052372e-12],
        "stdev": [0.000523871683981, 0.00569658027962, 0.0154097639024, 0.0162123627961, 0.0121943457052, 0.00567108672112, 0.00228840392083, 0.00143502629362, 0.000807541597169, 0.000731640437152, 0.000750358100049, 0.000523005088326, 0.000277124257991, 0.000287478062091, 0.000306996866129, 0.000339625315974, 0.000563140201848, 0.000462245807284, 0.00047557146172, 0.00036498211557, 0.000372942071408, 0.00037396280095, 0.000335936143529, 0.000366648950148, 0.000473471882287, 0.000374707626179, 0.00024752196623, 0.000184188189451, 0.000268919480732, 0.000291416508844, 0.000269094656687, 0.000184758246178, 0.000144692239701, 0.000165324046975, 0.000166913378052, 0.00014758107136, 0.000189907339518, 0.000110504755867, 9.70770197455e-05, 0.000123221194372, 0.000200481605134, 0.000130309912493, 7.73481369833e-05, 9.00848899619e-05, 8.37040206534e-05, 7.23181583453e-05, 7.42748161429e-05, 8.96332421689e-05, 8.65345355123e-05, 7.27913648007e-05, 6.57746131765e-05, 6.70725203236e-05, 6.88153886585e-05, 7.86329401308e-05, 7.22379263607e-05, 6.85967024765e-05, 7.25062855054e-05, 7.3191615229e-05, 6.23270098004e-05, 5.45075599803e-05, 4.7805828217e-05, 6.7005494202e-05, 4.45409350505e-05, 2.51031051448e-05, 2.68187141046e-05, 3.4045031498e-05, 2.0494511773e-05, 1.65925484907e-05, 1.68026854226e-05, 2.0583263904e-05, 1.90957289306e-05, 1.70024159161e-05, 1.45057201735e-05, 1.51281801664e-05, 1.26865124912e-05, 1.10031278382e-05, 1.04846794784e-05, 8.57950453792e-06, 9.37709955906e-06, 8.91033960215e-06, 7.31064847059e-06, 6.45844738756e-06, 6.47863907943e-06, 7.35485627956e-06, 5.62089007872e-06, 4.85036844111e-06, 5.68853920413e-06, 4.17568526245e-06, 4.05232367484e-06, 3.60118747267e-06, 3.98829388359e-06, 4.01727265853e-06, 3.67452435057e-06, 7.12726978236e-06, 1.11681829367e-05, 4.65602943223e-06, 1.12125408123e-05, 7.47327294448e-06, 1.27296661958e-05, 0.000165176330484, 1.80325405381e-05, 7.92900027591e-06, 1.37031802296e-05, 3.85779867429e-06, 6.23639471087e-06, 1.66948429978e-05, 1.11053232104e-05, 5.26361964148e-06, 1.37501194786e-06, 2.44716346742e-07, 2.48784061796e-07, 1.41547241128e-06, 4.53156644653e-06, 7.5144944276e-06, 4.41644624516e-06, 1.96537712327e-06, 3.43240594702e-06, 1.08400236059e-05, 1.44076193465e-05, 1.60394301929e-06, 1.06009520096e-06, 6.90776403189e-07, 2.44658934889e-07, 1.29022140527e-07, 9.96677940179e-08, 1.64409712511e-08, 1.02884159525e-11, 9.25706906962e-12]
    },
    "mfcc": {
        "mean": [-685.797302246, 88.6660690308, 18.7872581482, 46.1938514709, 26.2652320862, 9.93006134033, 10.3727092743, 15.6323471069, 11.2677364349, 9.08968448639, 5.8532910347, 3.73086500168, -1.31617105007],
        "cov": [[7315.14306641, -1333.89318848, -254.689620972, -807.933898926, -41.223575592, -353.717895508, -236.38861084, -520.270874023, -74.9962768555, -215.321990967, -107.257339478, -55.9687576294, 41.6698989868], [-1333.89318848, 2205.77563477, -893.832946777, 230.914291382, -199.846191406, 41.5532150269, -38.53540802, 264.632049561, -136.465103149, 143.254318237, -53.9083099365, 77.1716842651, 22.545124054], [-254.689620972, -893.832946777, 1514.52478027, 109.884269714, 133.715835571, 33.1979560852, 53.8055725098, -141.076721191, 96.5880889893, -140.619888306, 32.6675262451, -43.4937477112, 15.3373804092], [-807.933898926, 230.914291382, 109.884269714, 717.045288086, 173.14125061, 53.0403900146, -105.319290161, 80.7288284302, -52.7856292725, 68.2839279175, -31.605266571, -43.9740142822, 13.8386640549], [-41.223575592, -199.846191406, 133.715835571, 173.14125061, 448.308837891, 50.7830429077, 60.0314559937, -44.7963142395, 18.7765026093, 29.3653564453, 22.2637386322, -59.6936645508, 0.570339620113], [-353.717895508, 41.5532150269, 33.1979560852, 53.0403900146, 50.7830429077, 298.201660156, 52.0298576355, 63.7515106201, -17.8469715118, 23.4008960724, 17.7540416718, 6.59225559235, -0.250545412302], [-236.38861084, -38.53540802, 53.8055725098, -105.319290161, 60.0314559937, 52.0298576355, 277.179016113, 63.9272079468, 80.3170776367, -10.2566957474, 27.0600566864, 13.7131118774, -15.1900596619], [-520.270874023, 264.632049561, -141.076721191, 80.7288284302, -44.7963142395, 63.7515106201, 63.9272079468, 234.099578857, 29.2518692017, 40.280834198, -1.27666723728, 5.7657866478, -11.6520290375], [-74.9962768555, -136.465103149, 96.5880889893, -52.7856292725, 18.7765026093, -17.8469715118, 80.3170776367, 29.2518692017, 175.185134888, 22.6214199066, 21.7394294739, -17.0944080353, -29.0739860535], [-215.321990967, 143.254318237, -140.619888306, 68.2839279175, 29.3653564453, 23.4008960724, -10.2566957474, 40.280834198, 22.6214199066, 155.701965332, 31.3484611511, 1.06993961334, -25.8149147034], [-107.257339478, -53.9083099365, 32.6675262451, -31.605266571, 22.2637386322, 17.7540416718, 27.0600566864, -1.27666723728, 21.7394294739, 31.3484611511, 112.698249817, 28.0141067505, -12.7582378387], [-55.9687576294, 77.1716842651, -43.4937477112, -43.9740142822, -59.6936645508, 6.59225559235, 13.7131118774, 5.7657866478, -17.0944080353, 1.06993961334, 28.0141067505, 123.516929626, 34.4188346863], [41.6698989868, 22.545124054, 15.3373804092, 13.8386640549, 0.570339620113, -0.250545412302, -15.1900596619, -11.6520290375, -29.0739860535, -25.8149147034, -12.7582378387, 34.4188346863, 106.827514648]],
        "icov": [[0.000220255096792, 0.000129593463498, 0.000121960831166, 0.000196624867385, -5.4657812143e-05, 0.000108081418148, 0.000157050046255, 0.000240081833908, 5.0071903388e-05, 9.42015249166e-05, 0.00019446045917, 5.07790355186e-05, -6.39272475382e-05], [0.000129593463498, 0.000836329592858, 0.000408467632951, -0.00016453320859, 0.000252221798291, 9.59911631071e-05, -9.03353720787e-05, -0.000315132027026, 0.000459612900158, -0.000294473662507, 0.000339106481988, -0.000205400283448, -0.000152115564561], [0.000121960831166, 0.000408467632951, 0.0011480897665, -0.000408844149206, 0.000111199711682, -0.000192988722119, -0.00014558158, 0.000647733279038, -0.000563424895518, 0.000947209773585, -0.000299899402307, 0.000147583559738, -0.000204557334655], [0.000196624867385, -0.00016453320859, -0.000408844149206, 0.00250028888695, -0.00118249841034, 9.23106999835e-05, 0.00134896091186, -0.00106266094372, 0.000612123985775, -0.000761926406994, 0.000824338931125, 0.000226242846111, -0.000216703221668], [-5.4657812143e-05, 0.000252221798291, 0.000111199711682, -0.00118249841034, 0.00345042976551, -0.000428136001574, -0.00153020245489, 0.00129018665757, 5.47625022591e-05, -0.000687353138346, -0.000846956623718, 0.00165816152003, -0.000777564826421], [0.000108081418148, 9.59911631071e-05, -0.000192988722119, 9.23106999835e-05, -0.000428136001574, 0.00401864340529, -0.000587471178733, -0.00109082390554, 0.00125089241192, -0.00056916452013, -0.000248422264121, -0.000108816973807, -2.917760321e-05], [0.000157050046255, -9.03353720787e-05, -0.00014558158, 0.00134896091186, -0.00153020245489, -0.000587471178733, 0.00581544963643, -0.00172894296702, -0.0019477265887, 0.00118888856377, -0.000106006387796, -0.00112751126289, 0.000556900689844], [0.000240081833908, -0.000315132027026, 0.000647733279038, -0.00106266094372, 0.00129018665757, -0.00109082390554, -0.00172894296702, 0.00713818147779, -0.00142796512228, -0.000210791375139, 0.000223980401643, 0.000454455963336, -1.84246546269e-05], [5.0071903388e-05, 0.000459612900158, -0.000563424895518, 0.000612123985775, 5.47625022591e-05, 0.00125089241192, -0.0019477265887, -0.00142796512228, 0.00839196611196, -0.00210230052471, -0.00034235525527, 0.00101440539584, 0.000863205001224], [9.42015249166e-05, -0.000294473662507, 0.000947209773585, -0.000761926406994, -0.000687353138346, -0.00056916452013, 0.00118888856377, -0.000210791375139, -0.00210230052471, 0.00945839006454, -0.00253843539394, -0.00039902413846, 0.00167537119705], [0.00019446045917, 0.000339106481988, -0.000299899402307, 0.000824338931125, -0.000846956623718, -0.000248422264121, -0.000106006387796, 0.000223980401643, -0.00034235525527, -0.00253843539394, 0.0115746418014, -0.00342155084945, 0.00158029200975], [5.07790355186e-05, -0.000205400283448, 0.000147583559738, 0.000226242846111, 0.00165816152003, -0.000108816973807, -0.00112751126289, 0.000454455963336, 0.00101440539584, -0.00039902413846, -0.00342155084945, 0.0113331265748, -0.00402722228318], [-6.39272475382e-05, -0.000152115564561, -0.000204557334655, -0.000216703221668, -0.000777564826421, -2.917760321e-05, 0.000556900689844, -1.84246546269e-05, 0.000863205001224, 0.00167537119705, 0.00158029200975, -0.00402722228318, 0.0116826724261]]
    },
    "spectral_contrast_coeffs": {
        "mean": [-0.69747954607, -0.760561347008, -0.769012153149, -0.786712646484, -0.780014932156, -0.772662878036],
        "stdev": [0.0632096529007, 0.0943279638886, 0.0836815983057, 0.0650768503547, 0.0477706901729, 0.0419437550008]
    },
    "spectral_contrast_valleys": {
        "mean": [-7.10014772415, -7.90227127075, -8.55940341949, -8.32857131958, -7.82503795624, -10.1939048767],
        "stdev": [0.93542098999, 0.981270849705, 1.01586782932, 1.03753662109, 1.01495289803, 1.37482976913]
    }
},
"rhythm": {
    "beats_count": 562,
    "beats_loudness": {
        "mean": 0.104812420905,
        "stdev": 0.0811980739236
    },
    "bpm": 93.5084228516,
    "bpm_histogram_first_peak_bpm": 92,
    "bpm_histogram_first_peak_weight": 0.544642865658,
    "bpm_histogram_second_peak_bpm": 86,
    "bpm_histogram_second_peak_spread": 0,
    "bpm_histogram_second_peak_weight": 0.00178253115155,
    "danceability": 1.60942089558,
    "onset_rate": 5.22478055954,
    "beats_loudness_band_ratio": {
        "mean": [0.607808470726, 0.118764683604, 0.0936243236065, 0.048168964684, 0.0791755393147, 0.0862533450127],
        "stdev": [0.35090854764, 0.11710100621, 0.098825186491, 0.056657422334, 0.0825641527772, 0.0884661823511]
    },
    "beats_position": [0.696598649025, 1.39319729805, 2.0549659729, 2.69351458549, 3.34367346764, 3.97061228752, 4.62077093124, 5.25931978226, 5.89786815643, 6.54802703857, 7.19818592072, 7.8251247406, 8.47528362274, 9.10222244263, 9.75238037109, 10.4025392532, 11.0410881042, 11.6796369553, 12.3297958374, 12.9567346573, 13.6068935394, 14.2338323593, 14.8839902878, 15.5225391388, 16.1726989746, 16.8112468719, 17.4614048004, 18.088344574, 18.7385025024, 19.3770523071, 20.0156002045, 20.6657600403, 21.3043079376, 21.942855835, 22.5930156708, 23.219953537, 23.8701133728, 24.5086612701, 25.1472110748, 25.7973690033, 26.435918808, 27.0744667053, 27.7246246338, 28.3515644073, 29.0017223358, 29.6286621094, 30.2788200378, 30.9289798737, 31.5791378021, 32.2060775757, 32.8562355042, 33.4831733704, 34.1333312988, 34.7718811035, 35.4104309082, 36.0605888367, 36.7107467651, 37.3376846313, 37.9878463745, 38.6147842407, 39.2649421692, 39.9034919739, 40.5536499023, 41.192199707, 41.8423576355, 42.4692955017, 43.1194534302, 43.7580032349, 44.3965530396, 45.046710968, 45.6852607727, 46.3238105774, 46.9739685059, 47.6009063721, 48.2510643005, 48.8896141052, 49.5281639099, 50.1783218384, 50.8168716431, 51.4554176331, 52.1055755615, 52.7325172424, 53.3826751709, 54.0212249756, 54.6597709656, 55.3099327087, 55.9484786987, 56.5870285034, 57.2371864319, 57.8641242981, 58.5142860413, 59.1528320312, 59.7913818359, 60.4415397644, 61.0916976929, 61.7186393738, 62.3687973022, 62.9957351685, 63.6458930969, 64.2844467163, 64.9229888916, 65.5731506348, 66.2233123779, 66.8502502441, 67.5004043579, 68.1273422241, 68.7775039673, 69.4276657104, 70.0662155151, 70.7047576904, 71.3549194336, 71.9818572998, 72.632019043, 73.2589569092, 73.9091110229, 74.5476608276, 75.1862106323, 75.8363723755, 76.4865264893, 77.1134643555, 77.7636260986, 78.3905639648, 79.040725708, 79.6908798218, 80.3294296265, 80.9679794312, 81.6181411743, 82.2450790405, 82.8952331543, 83.533782959, 84.1839447021, 84.8224945068, 85.4610443115, 86.0995864868, 86.74974823, 87.3766860962, 88.0268478394, 88.665397644, 89.3039474487, 89.9541015625, 90.5926513672, 91.2312011719, 91.8813552856, 92.5083007812, 93.158454895, 93.7970046997, 94.4355545044, 95.0857162476, 95.7358703613, 96.3628082275, 97.0129699707, 97.6399078369, 98.2900695801, 98.9286117554, 99.5671615601, 100.217323303, 100.855873108, 101.494422913, 102.144577026, 102.783126831, 103.421676636, 104.071838379, 104.710380554, 105.348930359, 105.987480164, 106.626029968, 107.276191711, 107.903129578, 108.553283691, 109.203445435, 109.841995239, 110.480545044, 111.130699158, 111.757637024, 112.407798767, 113.046348572, 113.684898376, 114.33505249, 114.973602295, 115.6121521, 116.262313843, 116.889251709, 117.539405823, 118.177955627, 118.816505432, 119.466667175, 120.10521698, 120.743759155, 121.393920898, 122.032470703, 122.671020508, 123.321174622, 123.959724426, 124.598274231, 125.248435974, 125.87537384, 126.525527954, 127.15246582, 127.802627563, 128.441177368, 129.079727173, 129.729888916, 130.368438721, 131.006988525, 131.65713501, 132.284072876, 132.934234619, 133.572784424, 134.211334229, 134.861495972, 135.511657715, 136.138595581, 136.788757324, 137.41569519, 138.065841675, 138.704391479, 139.342941284, 139.993103027, 140.643264771, 141.270202637, 141.92036438, 142.558914185, 143.197463989, 143.847610474, 144.486160278, 145.124710083, 145.774871826, 146.401809692, 147.051971436, 147.678909302, 148.329071045, 148.979232788, 149.617782593, 150.256317139, 150.906478882, 151.533416748, 152.183578491, 152.810516357, 153.460678101, 154.110839844, 154.761001587, 155.387939453, 156.038085938, 156.665023804, 157.315185547, 157.953735352, 158.592285156, 159.242446899, 159.880996704, 160.519546509, 161.169708252, 161.796646118, 162.446792603, 163.085342407, 163.723892212, 164.374053955, 165.01260376, 165.651153564, 166.301315308, 166.928253174, 167.578414917, 168.216964722, 168.855514526, 169.505661011, 170.155822754, 170.78276062, 171.432922363, 172.059860229, 172.710021973, 173.348571777, 173.998733521, 174.637283325, 175.28742981, 175.914367676, 176.564529419, 177.191467285, 177.841629028, 178.491790771, 179.130340576, 179.768890381, 180.419036865, 181.04598999, 181.696136475, 182.334686279, 182.973236084, 183.623397827, 184.27355957, 184.900497437, 185.55065918, 186.177597046, 186.827758789, 187.466293335, 188.10484314, 188.755004883, 189.393554688, 190.032104492, 190.682266235, 191.309204102, 191.959365845, 192.597915649, 193.236465454, 193.886611938, 194.536773682, 195.163711548, 195.813873291, 196.440811157, 197.0909729, 197.729522705, 198.36807251, 199.018234253, 199.668380737, 200.295318604, 200.945480347, 201.572418213, 202.222579956, 202.861129761, 203.499679565, 204.149841309, 204.800003052, 205.426940918, 206.077087402, 206.704025269, 207.354187012, 208.004348755, 208.64289856, 209.281448364, 209.931610107, 210.558547974, 211.208709717, 211.835647583, 212.485794067, 213.124343872, 213.774505615, 214.41305542, 215.063217163, 215.690155029, 216.340316772, 216.967254639, 217.617416382, 218.267562866, 218.906112671, 219.544662476, 220.194824219, 220.821762085, 221.471923828, 222.098861694, 222.749023438, 223.399185181, 224.037734985, 224.676269531, 225.326431274, 225.953369141, 226.603530884, 227.242080688, 227.892242432, 228.530792236, 229.169342041, 229.807891846, 230.45803833, 231.084991455, 231.735137939, 232.362075806, 233.012237549, 233.662399292, 234.300949097, 234.939498901, 235.589660645, 236.216598511, 236.866760254, 237.5052948, 238.143844604, 238.794006348, 239.432556152, 240.071105957, 240.7212677, 241.348205566, 241.99836731, 242.636917114, 243.275466919, 243.925613403, 244.575775146, 245.214324951, 245.852874756, 246.479812622, 247.129974365, 247.780136108, 248.418685913, 249.057235718, 249.707382202, 250.334320068, 250.984481812, 251.611419678, 252.261581421, 252.900131226, 253.550292969, 254.188842773, 254.839004517, 255.465942383, 256.116088867, 256.754638672, 257.393188477, 258.043365479, 258.681884766, 259.32043457, 259.970611572, 260.59753418, 261.247711182, 261.886260986, 262.524810791, 263.174957275, 263.81350708, 264.452056885, 265.102203369, 265.740753174, 266.379302979, 267.017852783, 267.656402588, 268.30657959, 268.956726074, 269.583679199, 270.233825684, 270.860778809, 271.510925293, 272.149475098, 272.788024902, 273.438171387, 274.076721191, 274.715270996, 275.365447998, 275.992370605, 276.642547607, 277.281097412, 277.919647217, 278.569793701, 279.219940186, 279.846893311, 280.497039795, 281.12399292, 281.774139404, 282.412689209, 283.051239014, 283.701385498, 284.3515625, 284.978485107, 285.628662109, 286.267211914, 286.905761719, 287.555908203, 288.194458008, 288.833007812, 289.483154297, 290.110107422, 290.760253906, 291.387207031, 292.037353516, 292.687530518, 293.326080322, 293.964630127, 294.614776611, 295.241729736, 295.891876221, 296.530426025, 297.16897583, 297.819122314, 298.457672119, 299.096221924, 299.746398926, 300.373321533, 301.023498535, 301.650421143, 302.300598145, 302.950744629, 303.589294434, 304.227844238, 304.877990723, 305.504943848, 306.155090332, 306.793640137, 307.432189941, 308.082366943, 308.72088623, 309.359436035, 310.009613037, 310.636535645, 311.286712646, 311.925262451, 312.563812256, 313.21395874, 313.864135742, 314.49105835, 315.141204834, 315.768157959, 316.418304443, 317.068481445, 317.70703125, 318.345581055, 318.995727539, 319.622680664, 320.272827148, 320.899780273, 321.549926758, 322.188476562, 322.827026367, 323.477172852, 324.127349854, 324.754272461, 325.404449463, 326.03137207, 326.681549072, 327.331695557, 327.981842041, 328.608795166, 329.25894165, 329.885894775, 330.53604126, 331.162994385, 331.813140869, 332.463317871, 333.101867676, 333.740386963, 334.390563965, 335.017486572, 335.667663574, 336.294586182, 336.944763184, 337.594909668, 338.233459473, 338.872009277, 339.522155762, 340.149108887, 340.799255371, 341.437805176, 342.07635498, 342.726531982, 343.365081787, 344.003631592, 344.677001953, 345.338775635, 346.000549316, 346.650695801, 347.312469482, 347.974243164, 348.624389648, 349.251342773, 349.878265381, 350.505218506, 351.143768311, 351.782318115, 352.42086792, 353.059417725, 353.697967529, 354.336486816, 354.986663818, 355.613586426, 356.263763428, 356.890686035, 357.540863037, 358.191009521, 358.841186523, 359.491333008, 360.141479492, 360.791656494],
    "bpm_histogram": [0, 0, 0, 0, 0, 0, 0, 0, 0, 0, 0, 0, 0, 0, 0, 0, 0, 0, 0, 0, 0, 0, 0, 0, 0, 0, 0, 0, 0, 0, 0, 0, 0, 0, 0, 0, 0, 0, 0, 0, 0, 0, 0, 0, 0, 0, 0, 0, 0, 0, 0, 0, 0, 0, 0, 0, 0, 0, 0, 0, 0, 0, 0, 0, 0, 0, 0, 0, 0, 0, 0, 0, 0, 0, 0, 0, 0, 0, 0, 0, 0, 0, 0, 0, 0, 0, 0.00178253115155, 0, 0, 0.00178253115155, 0, 0.00891265552491, 0.445632785559, 0, 0.351158648729, 0, 0.190730839968, 0, 0, 0, 0, 0, 0, 0, 0, 0, 0, 0, 0, 0, 0, 0, 0, 0, 0, 0, 0, 0, 0, 0, 0, 0, 0, 0, 0, 0, 0, 0, 0, 0, 0, 0, 0, 0, 0, 0, 0, 0, 0, 0, 0, 0, 0, 0, 0, 0, 0, 0, 0, 0, 0, 0, 0, 0, 0, 0, 0, 0, 0, 0, 0, 0, 0, 0, 0, 0, 0, 0, 0, 0, 0, 0, 0, 0, 0, 0, 0, 0, 0, 0, 0, 0, 0, 0, 0, 0, 0, 0, 0, 0, 0, 0, 0, 0, 0, 0, 0, 0, 0, 0, 0, 0, 0, 0, 0, 0, 0, 0, 0, 0, 0, 0, 0, 0, 0, 0, 0, 0, 0, 0, 0, 0, 0, 0, 0, 0, 0, 0, 0, 0, 0, 0, 0, 0, 0, 0, 0, 0, 0, 0, 0, 0, 0, 0, 0, 0, 0, 0, 0, 0]
},
"tonal": {
    "chords_changes_rate": 0.0974826589227,
    "chords_number_rate": 0.00102748523932,
    "chords_strength": {
        "mean": 0.486132591963,
        "stdev": 0.0713630840182
    },
    "hpcp_crest": {
        "mean": 12.6207323074,
        "stdev": 5.65189933777
    },
    "hpcp_entropy": {
        "mean": 2.14526510239,
        "stdev": 0.806467413902
    },
    "key_edma": {
        "strength": 0.712047934532,
        "key": "C",
        "scale": "minor"
    },
    "key_krumhansl": {
        "strength": 0.692374229431,
        "key": "C",
        "scale": "minor"
    },
    "key_temperley": {
        "strength": 0.71580606699,
        "key": "G",
        "scale": "minor"
    },
    "tuning_diatonic_strength": 0.628220796585,
    "tuning_equal_tempered_deviation": 0.0908259302378,
    "tuning_frequency": 431.193908691,
    "tuning_nontempered_energy_ratio": 0.819355368614,
    "hpcp": {
        "mean": [0.0944728851318, 0.0769909396768, 0.0545462295413, 0.0523106604815, 0.0530418530107, 0.050893433392, 0.0481036193669, 0.054426856339, 0.0715874135494, 0.0738791227341, 0.0584834627807, 0.0589535757899, 0.0722295641899, 0.0901545956731, 0.12734952569, 0.181818962097, 0.194941073656, 0.155839517713, 0.108041889966, 0.0706916078925, 0.055770713836, 0.0523544438183, 0.0480163171887, 0.0529623478651, 0.0661307424307, 0.0636229068041, 0.0534935370088, 0.0485059171915, 0.0641747713089, 0.235058248043, 0.395369082689, 0.240228995681, 0.0693152993917, 0.0677612051368, 0.0710970908403, 0.0797111093998],
        "stdev": [0.193217605352, 0.184133201838, 0.150640130043, 0.150208666921, 0.155361875892, 0.150107368827, 0.141709685326, 0.155390977859, 0.195303723216, 0.201615855098, 0.166289567947, 0.164141267538, 0.183082938194, 0.216832458973, 0.25760743022, 0.312829136848, 0.328034967184, 0.290212541819, 0.239528909326, 0.175334259868, 0.146005645394, 0.134947732091, 0.131547853351, 0.138885363936, 0.160500049591, 0.158227533102, 0.139360502362, 0.134206920862, 0.170857325196, 0.322568684816, 0.44208881259, 0.311083227396, 0.155483022332, 0.170879274607, 0.17622731626, 0.179163694382]
    },
    "chords_histogram": [32.0318527222, 0.590803980827, 18.3149242401, 0.0256871301681, 0, 4.7906498909, 0.475211918354, 27.9989719391, 1.06601595879, 2.02928328514, 0.333932697773, 0.0770613923669, 0.102748520672, 0, 0, 0, 0, 0, 0, 0, 0, 0, 10.5317239761, 1.63113284111],
    "thpcp": [1, 0.607606947422, 0.175317957997, 0.171387210488, 0.179824605584, 0.201611891389, 0.238948583603, 0.194731816649, 0.137962803245, 0.132308423519, 0.134157821536, 0.128723859787, 0.12166763097, 0.137660875916, 0.181064769626, 0.186861157417, 0.147921189666, 0.149110227823, 0.182688951492, 0.228026419878, 0.32210290432, 0.459871470928, 0.493061006069, 0.394162118435, 0.273268431425, 0.178799033165, 0.141059875488, 0.132419168949, 0.121446818113, 0.133956730366, 0.167263314128, 0.160920292139, 0.135300248861, 0.122685156763, 0.16231611371, 0.594528675079],
    "chords_key": "G",
    "chords_scale": "minor"
}
}