{
"metadata": {
    "version": {
        "essentia": "2.1-dev",
        "essentia_git_sha": "v2.1_beta3-415-gd5473f3",
        "extractor": "music 2.0"
    },
    "audio_properties": {
        "analysis": {
            "equal_loudness": 0,
            "length": 319.190216064,
            "sample_rate": 44100,
            "start_time": 0,
            "downmix": "mix"
        },
        "bit_rate": 192000,
        "length": 319.190216064,
        "lossless": 0,
        "number_channels": 2,
        "replay_gain": -6.17354202271,
        "sample_rate": 44100,
        "codec": "mp3",
        "md5_encoded": "2b6c9586457276903d6c694bd88573b7"
    },
    "tags": {
        "file_name": "criminal_minded.mp3",
        "album": ["100% Hip Hop - The 100 Best HipHop Songs Ever"],
        "artist": ["Boogie Down Productions"],
        "genre": ["Other"],
        "title": ["Criminal Minded"]
    }
},
"lowlevel": {
    "average_loudness": 0.834885060787,
    "barkbands_crest": {
        "mean": 11.9561338425,
        "stdev": 6.3915438652
    },
    "barkbands_flatness_db": {
        "mean": 0.181423798203,
        "stdev": 0.0987646430731
    },
    "barkbands_kurtosis": {
        "mean": 31.1824474335,
        "stdev": 110.906715393
    },
    "barkbands_skewness": {
        "mean": 2.29692077637,
        "stdev": 4.00420045853
    },
    "barkbands_spread": {
        "mean": 26.9047908783,
        "stdev": 22.3439998627
    },
    "dissonance": {
        "mean": 0.455170154572,
        "stdev": 0.0535268709064
    },
    "dynamic_complexity": 5.80687999725,
    "erbbands_crest": {
        "mean": 9.94981098175,
        "stdev": 5.18309402466
    },
    "erbbands_flatness_db": {
        "mean": 0.177141830325,
        "stdev": 0.0596960932016
    },
    "erbbands_kurtosis": {
        "mean": 2.79395580292,
        "stdev": 8.50000190735
    },
    "erbbands_skewness": {
        "mean": 0.227649405599,
        "stdev": 1.54795527458
    },
    "erbbands_spread": {
        "mean": 43.9242744446,
        "stdev": 28.1033916473
    },
    "hfc": {
        "mean": 13.3406867981,
        "stdev": 18.9680404663
    },
    "loudness_ebu128": {
        "integrated": -18.6547603607,
        "loudness_range": 2.99231910706,
        "momentary": {
            "mean": -20.169128418,
            "stdev": 5.49875640869
        },
        "short_term": {
            "mean": -19.2427768707,
            "stdev": 2.80583310127
        }
    },
    "melbands_crest": {
        "mean": 15.7435722351,
        "stdev": 7.11796998978
    },
    "melbands_flatness_db": {
        "mean": 0.213732883334,
        "stdev": 0.132660895586
    },
    "melbands_kurtosis": {
        "mean": 46.4086227417,
        "stdev": 106.428413391
    },
    "melbands_skewness": {
        "mean": 3.57487869263,
        "stdev": 3.80223870277
    },
    "melbands_spread": {
        "mean": 38.2702636719,
        "stdev": 44.7380828857
    },
    "pitch_salience": {
        "mean": 0.527418315411,
        "stdev": 0.196103870869
    },
    "silence_rate_20dB": {
        "mean": 0.999854505062,
        "stdev": 0.0120602352545
    },
    "silence_rate_30dB": {
        "mean": 0.919115483761,
        "stdev": 0.272646665573
    },
    "silence_rate_60dB": {
        "mean": 0.353215008974,
        "stdev": 0.477950721979
    },
    "spectral_centroid": {
        "mean": 1771.37316895,
        "stdev": 1251.96984863
    },
    "spectral_complexity": {
        "mean": 10.7343616486,
        "stdev": 13.1146841049
    },
    "spectral_decrease": {
        "mean": -6.7261418657e-09,
        "stdev": 1.37497746522e-08
    },
    "spectral_energy": {
        "mean": 0.0265961121768,
        "stdev": 0.0525732450187
    },
    "spectral_energyband_high": {
        "mean": 0.000768566678744,
        "stdev": 0.00139184098225
    },
    "spectral_energyband_low": {
        "mean": 0.0176262669265,
        "stdev": 0.0502712540329
    },
    "spectral_energyband_middle_high": {
        "mean": 0.00259557715617,
        "stdev": 0.00515512051061
    },
    "spectral_energyband_middle_low": {
        "mean": 0.00607363460585,
        "stdev": 0.0119704194367
    },
    "spectral_entropy": {
        "mean": 7.60116910934,
        "stdev": 0.67507058382
    },
    "spectral_flux": {
        "mean": 0.0938836187124,
        "stdev": 0.0907197296619
    },
    "spectral_kurtosis": {
        "mean": 3.33146190643,
        "stdev": 3.68686175346
    },
    "spectral_rms": {
        "mean": 0.00359973241575,
        "stdev": 0.00360406376421
    },
    "spectral_rolloff": {
        "mean": 2551.73291016,
        "stdev": 2759.42553711
    },
    "spectral_skewness": {
        "mean": 1.26495027542,
        "stdev": 0.689231514931
    },
    "spectral_spread": {
        "mean": 5157139.5,
        "stdev": 2020067
    },
    "spectral_strongpeak": {
        "mean": 0.639886915684,
        "stdev": 0.79261225462
    },
    "zerocrossingrate": {
        "mean": 0.0879041180015,
        "stdev": 0.0705539882183
    },
    "barkbands": {
        "mean": [0.000103261998447, 0.0140924388543, 0.00304134236649, 0.000874295423273, 0.00156607734971, 0.000887996924575, 0.0010871172417, 0.000698836462107, 0.000801467976999, 0.000488351040985, 0.000318521080771, 0.000300821848214, 0.000239175045863, 0.000174383836566, 0.000172839019797, 0.0001784874039, 0.000243643764406, 0.000229922734434, 0.000246504205279, 0.000177329187864, 0.000195112981601, 0.000162442403962, 0.000127313862322, 0.000102547041024, 7.58965325076e-05, 9.81548328127e-06, 8.08176414679e-10],
        "stdev": [0.000243258313276, 0.042601339519, 0.0107879657298, 0.00273381290026, 0.00501983426511, 0.00253815739416, 0.00336889526807, 0.0025913247373, 0.00269080721773, 0.00206439220347, 0.0012286871206, 0.00100763828959, 0.000882547930814, 0.000513950013556, 0.000428838655353, 0.000430896732723, 0.000521253619809, 0.0005043555866, 0.000509894569404, 0.000342924788129, 0.000409695814596, 0.000312709540594, 0.000272049888736, 0.000276553531876, 0.000172682470293, 2.81905067823e-05, 1.70147318457e-09]
    },
    "erbbands": {
        "mean": [0.273655682802, 3.51448392868, 5.15872478485, 2.72336602211, 5.06928157806, 4.47026538849, 4.89792156219, 7.76390314102, 13.2750654221, 17.5070819855, 16.8277645111, 17.0914802551, 16.0597267151, 15.0918397903, 11.5376825333, 13.670343399, 11.1134986877, 9.09481811523, 9.63792800903, 9.10009384155, 10.3994274139, 13.9274187088, 12.5849218369, 12.4019155502, 11.2654600143, 8.57444095612, 8.24613666534, 7.26204824448, 6.12154102325, 4.42748451233, 3.54373002052, 2.51103973389, 1.61988377571, 1.11501479149, 0.293760865927, 0.0644612386823, 0.0172523185611, 0.00166954030283, 4.81416682305e-05, 3.34600517817e-05],
        "stdev": [0.753719389439, 11.1374893188, 17.2139701843, 8.6649980545, 17.9229030609, 12.4792871475, 14.7251243591, 21.7251472473, 38.7628097534, 61.8994941711, 58.2549743652, 56.1222572327, 64.394821167, 56.4547843933, 38.541103363, 48.7977485657, 39.6245193481, 27.1364860535, 25.8776302338, 21.1765918732, 24.1645393372, 28.9964637756, 27.1468639374, 24.1997489929, 23.2181720734, 16.5808753967, 18.7156524658, 13.9697322845, 12.160692215, 8.41051197052, 8.0448846817, 6.65181255341, 4.06854343414, 2.57644724846, 0.681113302708, 0.1698885113, 0.0513849444687, 0.00479298690334, 9.76766314125e-05, 5.8313136833e-05]
    },
    "gfcc": {
        "mean": [-100.490440369, 65.6538848877, -115.69254303, 49.9075775146, -69.569442749, 16.4029636383, -41.6655158997, 9.86344909668, -18.9933872223, -0.217801466584, -13.9842739105, -2.06291532516, -9.96563911438],
        "cov": [[16184.2197266, 592.816162109, -2007.28881836, -71.0731964111, -666.514587402, -91.1820220947, -70.9674987793, 126.404098511, -165.497817993, -219.9740448, 57.5908050537, -251.016876221, 104.454582214], [592.816162109, 2360.32226562, -52.6143379211, -244.104156494, 445.675415039, -216.919189453, 317.665222168, -136.707992554, 209.085571289, -219.83605957, 95.135635376, -23.307767868, 74.8589477539], [-2007.28881836, -52.6143379211, 2189.89550781, 451.599151611, 511.059967041, 371.761108398, 128.164901733, 114.130104065, -46.2247314453, 130.321228027, -80.4438171387, 26.7383270264, -35.7278862], [-71.0731964111, -244.104156494, 451.599151611, 1064.93237305, 419.569549561, 188.491439819, 96.3927841187, 3.18497085571, 153.154190063, 99.5338897705, 99.7764205933, -64.2945022583, 36.7010154724], [-666.514587402, 445.675415039, 511.059967041, 419.569549561, 892.602722168, 336.700469971, 261.983947754, 94.9776687622, 117.056800842, 116.681251526, 69.7335662842, -37.8827209473, 32.5246734619], [-91.1820220947, -216.919189453, 371.761108398, 188.491439819, 336.700469971, 555.284973145, 261.410095215, 132.795043945, -8.34088897705, 104.91884613, 63.6911125183, -41.1474151611, 19.0737781525], [-70.9674987793, 317.665222168, 128.164901733, 96.3927841187, 261.983947754, 261.410095215, 505.459381104, 148.1302948, 80.9055557251, 21.9885139465, 94.7785491943, 4.35514640808, 33.7978858948], [126.404098511, -136.707992554, 114.130104065, 3.18497085571, 94.9776687622, 132.795043945, 148.1302948, 263.705413818, 47.0563316345, 68.5954971313, 16.1278533936, 8.24144458771, -4.17768859863], [-165.497817993, 209.085571289, -46.2247314453, 153.154190063, 117.056800842, -8.34088897705, 80.9055557251, 47.0563316345, 328.525665283, 42.7455978394, 79.2962036133, -12.988658905, 17.0230693817], [-219.9740448, -219.83605957, 130.321228027, 99.5338897705, 116.681251526, 104.91884613, 21.9885139465, 68.5954971313, 42.7455978394, 213.257019043, 45.2473602295, -11.3346090317, -27.2395114899], [57.5908050537, 95.135635376, -80.4438171387, 99.7764205933, 69.7335662842, 63.6911125183, 94.7785491943, 16.1278533936, 79.2962036133, 45.2473602295, 174.125030518, 11.943318367, 22.0775852203], [-251.016876221, -23.307767868, 26.7383270264, -64.2945022583, -37.8827209473, -41.1474151611, 4.35514640808, 8.24144458771, -12.988658905, -11.3346090317, 11.943318367, 122.136375427, 23.4330844879], [104.454582214, 74.8589477539, -35.7278862, 36.7010154724, 32.5246734619, 19.0737781525, 33.7978858948, -4.17768859863, 17.0230693817, -27.2395114899, 22.0775852203, 23.4330844879, 104.492515564]],
        "icov": [[8.84643450263e-05, -0.000116121329484, 9.91868946585e-05, -0.000121449782455, 0.000156562484335, -0.000140096395626, 0.000112870766316, -0.000216383356019, 0.000133271256345, -2.91830019705e-05, 4.39619216195e-05, 0.000104433769593, -5.90172712691e-05], [-0.000116121329484, 0.00132399692666, -0.00032145739533, 0.000909534632228, -0.00124655070249, 0.00135398842394, -0.00108177179936, 0.00110013934318, -0.000672920665238, 0.00110749306623, -0.00085748085985, 0.000773699837737, -0.00032107703737], [9.91868946585e-05, -0.00032145739533, 0.000805797579233, -0.000504753435962, 0.000115634567919, -0.000675471907016, 0.000314181030262, -0.000431848427979, 0.000334692624165, -0.000331924267812, 0.000802151102107, -0.000620100763626, 0.000380890909582], [-0.000121449782455, 0.000909534632228, -0.000504753435962, 0.00203018868342, -0.00128119369037, 0.00090806762455, -0.000605102686677, 0.00111296586692, -0.000894779514056, 0.000535978644621, -0.0011723653879, 0.0011557051912, -0.000668571214192], [0.000156562484335, -0.00124655070249, 0.000115634567919, -0.00128119369037, 0.00311484187841, -0.00185790180694, 0.000494068779517, -0.000947058317252, 0.000290393421892, -0.00143118388951, 0.000951796944719, -0.000398662697989, -0.000134098823764], [-0.000140096395626, 0.00135398842394, -0.000675471907016, 0.00090806762455, -0.00185790180694, 0.00489126797765, -0.002279270906, 0.000441862765001, 0.000331278919475, 0.00018596026348, -0.0015785980504, 0.00213545723818, -0.00109035626519], [0.000112870766316, -0.00108177179936, 0.000314181030262, -0.000605102686677, 0.000494068779517, -0.002279270906, 0.00436805794016, -0.00226098648272, 0.000147619735799, 0.000279600411886, -0.000579233106691, -0.000903375446796, 0.000114951631986], [-0.000216383356019, 0.00110013934318, -0.000431848427979, 0.00111296586692, -0.000947058317252, 0.000441862765001, -0.00226098648272, 0.00644715456292, -0.0014148929622, -0.000662109756377, 0.000302907836158, -0.000325833039824, 0.000159768038429], [0.000133271256345, -0.000672920665238, 0.000334692624165, -0.000894779514056, 0.000290393421892, 0.000331278919475, 0.000147619735799, -0.0014148929622, 0.00446666171774, -0.000933880917728, -0.000974245660473, 0.000442315795226, -0.000342072104104], [-2.91830019705e-05, 0.00110749306623, -0.000331924267812, 0.000535978644621, -0.00143118388951, 0.00018596026348, 0.000279600411886, -0.000662109756377, -0.000933880917728, 0.00759369181469, -0.00245490251109, 0.000673566071782, 0.00172796123661], [4.39619216195e-05, -0.00085748085985, 0.000802151102107, -0.0011723653879, 0.000951796944719, -0.0015785980504, -0.000579233106691, 0.000302907836158, -0.000974245660473, -0.00245490251109, 0.00901288539171, -0.00223129312508, -0.000437379203504], [0.000104433769593, 0.000773699837737, -0.000620100763626, 0.0011557051912, -0.000398662697989, 0.00213545723818, -0.000903375446796, -0.000325833039824, 0.000442315795226, 0.000673566071782, -0.00223129312508, 0.0108714932576, -0.00312619819306], [-5.90172712691e-05, -0.00032107703737, 0.000380890909582, -0.000668571214192, -0.000134098823764, -0.00109035626519, 0.000114951631986, 0.000159768038429, -0.000342072104104, 0.00172796123661, -0.000437379203504, -0.00312619819306, 0.0117337740958]]
    },
    "melbands": {
        "mean": [0.00329374824651, 0.0036119222641, 0.000561126507819, 0.00036603474291, 0.000169376246049, 0.000175225723069, 0.000215529595152, 0.0001822674094, 0.000143268000102, 0.000104751736217, 7.93127619545e-05, 6.14840755588e-05, 4.15396207245e-05, 3.31743067363e-05, 3.16830737574e-05, 2.14249339479e-05, 1.61980642588e-05, 1.58278471645e-05, 1.24316220536e-05, 1.14742961159e-05, 1.2490932022e-05, 1.44887108036e-05, 1.26803870444e-05, 1.07978039523e-05, 9.76100091066e-06, 1.01081159301e-05, 6.10799452261e-06, 5.45839793631e-06, 5.2871432672e-06, 4.50175093647e-06, 4.14152191297e-06, 3.52946221938e-06, 2.88933824777e-06, 2.34542903854e-06, 2.12624763662e-06, 1.82001826943e-06, 1.38239033731e-06, 1.10124756247e-06, 1.30702972001e-06, 7.48880154333e-07],
        "stdev": [0.00950241554528, 0.0114937489852, 0.00160855229478, 0.00125949946232, 0.000462880649138, 0.000485584430862, 0.00063072872581, 0.000638928147964, 0.000510066805873, 0.000346986285876, 0.000328409223584, 0.00024373451015, 0.000155041561811, 0.00010725062748, 0.000119768264994, 8.1921913079e-05, 4.96990433021e-05, 4.56760753877e-05, 3.12809788738e-05, 2.73413897958e-05, 3.03705728584e-05, 3.06883957819e-05, 2.86867834802e-05, 2.45334176725e-05, 1.95241300389e-05, 2.36963060161e-05, 1.22819865283e-05, 1.07410060082e-05, 1.23595755213e-05, 9.47853459365e-06, 8.00459656602e-06, 6.87949795974e-06, 6.15644012214e-06, 4.51696496384e-06, 4.91849004902e-06, 4.80650123791e-06, 3.66476888303e-06, 3.07501045427e-06, 3.02653006656e-06, 1.74898752903e-06]
    },
    "melbands128": {
        "mean": [8.4580758994e-05, 0.00145166402217, 0.004875050392, 0.00639207428321, 0.00366643047892, 0.00115931150503, 0.000469701859402, 0.000454125372926, 0.0005747815012, 0.000423577206675, 0.000217950320803, 0.000172384505277, 0.000170832805452, 0.000153083339683, 0.000153244589455, 0.000216945336433, 0.000182295698323, 0.000219672787352, 0.000253435311606, 0.000204551630304, 0.000148150182213, 0.000122246987303, 0.000148572638864, 0.000169635124621, 0.000105783692561, 8.25077149784e-05, 9.56828152994e-05, 7.73276333348e-05, 6.88265718054e-05, 6.65907136863e-05, 5.79661464144e-05, 5.34041864739e-05, 4.412387716e-05, 3.09456700052e-05, 2.4269491405e-05, 3.67557659047e-05, 4.51986306871e-05, 2.83238387055e-05, 2.87047823804e-05, 2.24839277507e-05, 2.14604169742e-05, 1.71025676536e-05, 1.59786141012e-05, 1.57660706464e-05, 1.57656577358e-05, 1.7646501874e-05, 1.37746264954e-05, 1.13910655273e-05, 1.20162621897e-05, 1.34067140607e-05, 1.10356086225e-05, 1.02274516394e-05, 1.17110585052e-05, 1.37144252221e-05, 1.34118408823e-05, 1.48056615217e-05, 1.52741868078e-05, 1.41047012221e-05, 1.1336958778e-05, 1.07451678559e-05, 1.05466806417e-05, 1.20613049148e-05, 8.4042940216e-06, 9.57300289883e-06, 1.03854481495e-05, 1.30479320433e-05, 7.22944923837e-06, 6.1302685026e-06, 5.86340820519e-06, 6.24956919637e-06, 5.59776935916e-06, 4.82535415358e-06, 5.27573274667e-06, 5.8369018916e-06, 4.66603023597e-06, 4.62548405267e-06, 4.46085869044e-06, 3.92606125388e-06, 4.55515419162e-06, 3.7583329231e-06, 3.41378336088e-06, 3.54131861968e-06, 3.43445799444e-06, 2.86871818389e-06, 2.43087652052e-06, 2.18320133172e-06, 2.36232699535e-06, 2.59159332927e-06, 2.11987298826e-06, 1.75989600848e-06, 1.86977285921e-06, 1.82457733899e-06, 1.84593716313e-06, 1.27382838855e-06, 1.18225295864e-06, 1.21490552374e-06, 1.11655128876e-06, 9.24713333461e-07, 7.62341471727e-07, 2.48712854045e-06, 8.23555240004e-07, 3.9880831082e-07, 5.0870380619e-07, 2.95709298825e-07, 3.1646513321e-07, 3.18414123512e-07, 2.40131981855e-07, 1.42826564797e-07, 8.25461796694e-08, 4.53843824744e-08, 3.15994732603e-08, 4.32748272772e-08, 5.757230781e-08, 7.87277514291e-08, 5.00585350949e-08, 3.23482729492e-09, 9.14852308492e-12, 3.72232106249e-12, 3.62468041692e-12, 3.51995646172e-12, 3.44013316098e-12, 3.3705885305e-12, 3.29764991355e-12, 3.23639422553e-12, 3.19514965701e-12, 3.16535187818e-12, 3.14202071479e-12, 3.11760599975e-12],
        "stdev": [0.000241501751589, 0.0043381866999, 0.014490284957, 0.0213687010109, 0.0125274211168, 0.00409576809034, 0.00178360182326, 0.00133744219784, 0.00223625893705, 0.00193482718896, 0.000637342687696, 0.000510437763296, 0.000611204130109, 0.000561504682992, 0.00046748429304, 0.00076540093869, 0.000626888533588, 0.000794210238382, 0.000977801624686, 0.000945203355514, 0.000776918663178, 0.000614353164565, 0.000663181184791, 0.000798626453616, 0.000441201089416, 0.000400096439989, 0.000515901250765, 0.000437094218796, 0.000411072833231, 0.00039332252345, 0.000278435647488, 0.000283381930785, 0.000213923980482, 0.000142167540616, 0.00011522355635, 0.00015136199363, 0.000208736135392, 0.000127023915411, 0.000155275061843, 0.000109635126137, 0.000109116444946, 9.05907290871e-05, 5.95371639065e-05, 5.4016491049e-05, 5.83458204346e-05, 6.05173081567e-05, 4.82606374135e-05, 3.75984855054e-05, 3.65828891518e-05, 3.86111714761e-05, 2.95037261822e-05, 2.89852050628e-05, 3.77949145332e-05, 3.64428196917e-05, 3.39938123943e-05, 3.64549923688e-05, 4.26286460424e-05, 4.08092600992e-05, 3.17122794513e-05, 3.0672246794e-05, 2.98787272186e-05, 3.15230827255e-05, 1.84969103429e-05, 2.36723662965e-05, 2.36795876845e-05, 3.95854840463e-05, 1.59109258675e-05, 1.27150497065e-05, 1.46627744471e-05, 1.43887136801e-05, 1.19229371194e-05, 1.05594754132e-05, 1.1276105397e-05, 1.73655080289e-05, 1.24314874483e-05, 1.02153799162e-05, 9.48859633354e-06, 8.4764606072e-06, 9.51476158662e-06, 7.49261425881e-06, 6.50439733363e-06, 7.78201774665e-06, 9.43469058257e-06, 6.43900466457e-06, 5.07317236043e-06, 4.24972358815e-06, 4.77371804664e-06, 6.74475040796e-06, 4.99446105096e-06, 4.35487982031e-06, 4.8542588047e-06, 5.22838581674e-06, 6.37580569673e-06, 3.53545442522e-06, 2.84369889414e-06, 4.11749215345e-06, 3.19846617458e-06, 2.89626314043e-06, 2.08427263715e-06, 6.4779674176e-06, 2.13224984691e-06, 9.25367544369e-07, 1.51052665842e-06, 8.83407153651e-07, 7.41885060052e-07, 7.59490433211e-07, 5.65739014746e-07, 3.5563365941e-07, 2.89916442853e-07, 2.06703191452e-07, 1.48170954617e-07, 1.96812408149e-07, 1.67708805066e-07, 2.21487127305e-07, 1.55150303272e-07, 1.26974164516e-08, 5.79364611841e-11, 7.95017784244e-12, 7.73071190396e-12, 7.50518917847e-12, 7.32139349147e-12, 7.15973721283e-12, 7.01331354103e-12, 6.89395675962e-12, 6.78872453044e-12, 6.70952573015e-12, 6.65150790349e-12, 6.61234738839e-12]
    },
    "mfcc": {
        "mean": [-735.730407715, 84.2469940186, 11.5104265213, 27.3862743378, 2.98390579224, 5.20796298981, -6.1979470253, 5.81957387924, -0.677428007126, -0.081132568419, 2.0858874321, 1.32026255131, -2.25775504112],
        "cov": [[15719.328125, 126.238349915, -1674.8404541, -207.91696167, -748.593505859, -449.155792236, -92.1758956909, -54.3053894043, -150.649353027, -37.7521743774, -127.374580383, -74.0120925903, -196.358169556], [126.238349915, 2395.19360352, -164.643371582, -14.8497219086, -12.1963996887, 18.5295124054, 28.2421207428, 193.137619019, 58.0528526306, -111.667198181, 46.4337806702, 15.2437429428, -41.3686714172], [-1674.8404541, -164.643371582, 1415.92346191, 257.090362549, 324.442016602, 207.107681274, 180.14352417, 40.0730171204, 86.7882156372, 38.4218559265, -4.96886062622, 2.88675785065, 41.7602157593], [-207.91696167, -14.8497219086, 257.090362549, 802.244934082, 343.82208252, 229.856689453, 42.5986633301, 46.4516448975, 42.0320129395, 117.04058075, 29.5381278992, 28.3085308075, 71.2396697998], [-748.593505859, -12.1963996887, 324.442016602, 343.82208252, 657.804748535, 302.719238281, 155.875061035, 15.4528408051, 101.76739502, 134.171936035, 58.2208061218, 24.7523841858, 76.9371948242], [-449.155792236, 18.5295124054, 207.107681274, 229.856689453, 302.719238281, 464.274353027, 261.511871338, 85.3306503296, 93.4322509766, 142.58190918, 65.6932907104, 67.5738830566, 53.0063323975], [-92.1758956909, 28.2421207428, 180.14352417, 42.5986633301, 155.875061035, 261.511871338, 545.693969727, 131.480224609, 139.787414551, 94.0319519043, 69.7678985596, 74.6806716919, 45.2684936523], [-54.3053894043, 193.137619019, 40.0730171204, 46.4516448975, 15.4528408051, 85.3306503296, 131.480224609, 272.67364502, 112.017295837, 43.8148040771, 45.5343437195, 63.27602005, 18.1040019989], [-150.649353027, 58.0528526306, 86.7882156372, 42.0320129395, 101.76739502, 93.4322509766, 139.787414551, 112.017295837, 213.082702637, 90.1546401978, 53.5378112793, 41.8393363953, 25.1269111633], [-37.7521743774, -111.667198181, 38.4218559265, 117.04058075, 134.171936035, 142.58190918, 94.0319519043, 43.8148040771, 90.1546401978, 253.454040527, 107.121490479, 62.8468475342, 40.820400238], [-127.374580383, 46.4337806702, -4.96886062622, 29.5381278992, 58.2208061218, 65.6932907104, 69.7678985596, 45.5343437195, 53.5378112793, 107.121490479, 184.493774414, 72.633972168, 23.1449584961], [-74.0120925903, 15.2437429428, 2.88675785065, 28.3085308075, 24.7523841858, 67.5738830566, 74.6806716919, 63.27602005, 41.8393363953, 62.8468475342, 72.633972168, 140.909637451, 49.866897583], [-196.358169556, -41.3686714172, 41.7602157593, 71.2396697998, 76.9371948242, 53.0063323975, 45.2684936523, 18.1040019989, 25.1269111633, 40.820400238, 23.1449584961, 49.866897583, 122.467498779]],
        "icov": [[7.77470413595e-05, -2.20295282816e-06, 8.57801715028e-05, -4.49720719189e-05, 5.27702177351e-05, 5.78333274461e-05, -6.57329001115e-05, 8.48134459375e-06, 1.87327150343e-05, -7.17749571777e-05, 7.48834136175e-05, -2.56187399827e-06, 9.26536085899e-05], [-2.20295282816e-06, 0.000480670336401, 7.20649768482e-05, -1.23249656099e-05, -6.52922099107e-05, -6.99812007952e-05, 5.40316541446e-05, -0.000359336903784, -8.55630933074e-05, 0.000429655716289, -0.000265126756858, 4.17763076257e-05, 0.000153325294377], [8.57801715028e-05, 7.20649768482e-05, 0.000941629637964, -0.000189194819541, -0.000241529924097, -2.23271872528e-05, -0.000230409641517, -2.66781080427e-05, -0.000158021852258, 0.000160811672686, 0.000178984584636, 8.68684583111e-05, 0.000110980763566], [-4.49720719189e-05, -1.23249656099e-05, -0.000189194819541, 0.00181389099453, -0.000697583716828, -0.00050173571799, 0.000439258787083, -0.000382141093723, 0.000323356187437, -0.000390499044443, 0.000163393109688, 9.87233361229e-05, -0.000524637463968], [5.27702177351e-05, -6.52922099107e-05, -0.000241529924097, -0.000697583716828, 0.0028886476066, -0.00123823375907, -1.03585553006e-05, 0.000739782699384, -0.000789356301539, -0.000262120593106, -0.000296113837976, 0.000736573769245, -0.000828258111142], [5.78333274461e-05, -6.99812007952e-05, -2.23271872528e-05, -0.00050173571799, -0.00123823375907, 0.00451716827229, -0.00156023295131, -0.000378183904104, 0.000536252802704, -0.00127648469061, 0.000441717187641, -0.000759632734116, 0.00036523869494], [-6.57329001115e-05, 5.40316541446e-05, -0.000230409641517, 0.000439258787083, -1.03585553006e-05, -0.00156023295131, 0.0030672212597, -0.00056278478587, -0.00103812583257, 0.000324070017086, -0.000326045497786, -0.000292045384413, -0.000347336084815], [8.48134459375e-06, -0.000359336903784, -2.66781080427e-05, -0.000382141093723, 0.000739782699384, -0.000378183904104, -0.00056278478587, 0.00564022315666, -0.00244005746208, 0.000294687779387, -3.2727996313e-06, -0.00154930830467, 0.000230671023019], [1.87327150343e-05, -8.55630933074e-05, -0.000158021852258, 0.000323356187437, -0.000789356301539, 0.000536252802704, -0.00103812583257, -0.00244005746208, 0.00766458082944, -0.00193839217536, -0.000122453042422, 0.000171302570379, -9.7922013083e-05], [-7.17749571777e-05, 0.000429655716289, 0.000160811672686, -0.000390499044443, -0.000262120593106, -0.00127648469061, 0.000324070017086, 0.000294687779387, -0.00193839217536, 0.00715815182775, -0.00307897059247, -0.000531340541784, -0.000433798937593], [7.48834136175e-05, -0.000265126756858, 0.000178984584636, 0.000163393109688, -0.000296113837976, 0.000441717187641, -0.000326045497786, -3.2727996313e-06, -0.000122453042422, -0.00307897059247, 0.00857894867659, -0.00322634028271, 0.000734060595278], [-2.56187399827e-06, 4.17763076257e-05, 8.68684583111e-05, 9.87233361229e-05, 0.000736573769245, -0.000759632734116, -0.000292045384413, -0.00154930830467, 0.000171302570379, -0.000531340541784, -0.00322634028271, 0.0113252075389, -0.00373376719654], [9.26536085899e-05, 0.000153325294377, 0.000110980763566, -0.000524637463968, -0.000828258111142, 0.00036523869494, -0.000347336084815, 0.000230671023019, -9.7922013083e-05, -0.000433798937593, 0.000734060595278, -0.00373376719654, 0.010635945946]]
    },
    "spectral_contrast_coeffs": {
        "mean": [-0.69276958704, -0.760052025318, -0.793832361698, -0.815104067326, -0.801505029202, -0.76016908884],
        "stdev": [0.104586653411, 0.106795839965, 0.0842556506395, 0.0594020783901, 0.0562877207994, 0.0612133704126]
    },
    "spectral_contrast_valleys": {
        "mean": [-8.11419773102, -7.95174074173, -8.64348506927, -8.65139770508, -8.3426399231, -10.68364048],
        "stdev": [1.46728754044, 1.4430886507, 1.5431292057, 1.50552523136, 1.53283250332, 1.41603696346]
    }
},
"rhythm": {
    "beats_count": 480,
    "beats_loudness": {
        "mean": 0.0662939399481,
        "stdev": 0.0626205950975
    },
    "bpm": 90.6003265381,
    "bpm_histogram_first_peak_bpm": 91,
    "bpm_histogram_first_peak_weight": 0.118279576302,
    "bpm_histogram_second_peak_bpm": 83,
    "bpm_histogram_second_peak_spread": 0.571428596973,
    "bpm_histogram_second_peak_weight": 0.0125260958448,
    "danceability": 1.82437443733,
    "onset_rate": 4.67411661148,
    "beats_loudness_band_ratio": {
        "mean": [0.482377022505, 0.199885845184, 0.168565928936, 0.0837612971663, 0.0784787088633, 0.0714657083154],
        "stdev": [0.366421341896, 0.217171803117, 0.198777973652, 0.143420234323, 0.0881518423557, 0.0801776498556]
    },
    "beats_position": [0.696598649025, 1.40480720997, 2.11301589012, 2.83283448219, 3.52943301201, 4.21442174911, 4.8994102478, 5.58439922333, 6.25777769089, 6.94276618958, 7.60453510284, 8.26630401611, 8.98612213135, 9.70594120026, 10.4257593155, 11.1455783844, 11.8653964996, 12.5503854752, 13.235373497, 13.9087524414, 14.5937414169, 15.2787294388, 15.9753284454, 16.6719264984, 17.3685264587, 18.0651245117, 18.7617225647, 19.4467124939, 20.1317005157, 20.8050785065, 21.4900684357, 22.1634464264, 22.825214386, 23.4985942841, 24.1603622437, 24.8221302032, 25.4839000702, 26.1456680298, 26.7958278656, 27.4575958252, 28.1193637848, 28.7811336517, 29.4429016113, 30.1046714783, 30.7664394379, 31.4165973663, 32.0783653259, 32.7401351929, 33.4019050598, 34.0636711121, 34.725440979, 35.3872108459, 36.0489807129, 36.7107467651, 37.3725166321, 38.034286499, 38.6844444275, 39.3578224182, 40.0079803467, 40.6697502136, 41.3315200806, 42.0048980713, 42.6550559998, 43.3168258667, 43.9785919189, 44.6287536621, 45.2905197144, 45.9522895813, 46.625667572, 47.2758255005, 47.9375953674, 48.5993652344, 49.2611312866, 49.9229011536, 50.5846710205, 51.2464370728, 51.9082069397, 52.5699768066, 53.2317466736, 53.8935127258, 54.5552825928, 55.2170524597, 55.878818512, 56.5405883789, 57.1907463074, 57.8409042358, 58.491065979, 59.1644439697, 59.8378219604, 60.4879798889, 61.1497497559, 61.8115196228, 62.473285675, 63.135055542, 63.7968254089, 64.4585952759, 65.1203613281, 65.7821273804, 66.443901062, 67.1056671143, 67.7674331665, 68.4292068481, 69.0909729004, 69.7527389526, 70.4029006958, 71.0762786865, 71.7380523682, 72.3882064819, 73.0499725342, 73.7117462158, 74.3735122681, 75.0352783203, 75.7202682495, 76.3820419312, 77.0438079834, 77.6939697266, 78.3441238403, 78.9942855835, 79.6560516357, 80.3178253174, 80.9795913696, 81.6413574219, 82.3031311035, 82.9648971558, 83.626663208, 84.2884368896, 84.9502029419, 85.6119689941, 86.2621307373, 86.935508728, 87.5856704712, 88.2474365234, 88.9092025757, 89.5593643188, 90.2211303711, 90.8829040527, 91.544670105, 92.2064361572, 92.8682098389, 93.5299758911, 94.2033538818, 94.853515625, 95.5152816772, 96.1770477295, 96.8388214111, 97.5005874634, 98.1623535156, 98.8241271973, 99.4858932495, 100.147659302, 100.809432983, 101.471199036, 102.121360779, 102.783126831, 103.444892883, 104.106666565, 104.768432617, 105.430198669, 106.091972351, 106.742126465, 107.403900146, 108.065666199, 108.727432251, 109.389205933, 110.050971985, 110.712738037, 111.374511719, 112.036277771, 112.698051453, 113.359817505, 114.021583557, 114.683357239, 115.345123291, 116.006889343, 116.657051086, 117.318817139, 117.98059082, 118.642356873, 119.304122925, 119.965896606, 120.627662659, 121.289428711, 121.951202393, 122.601356506, 123.274734497, 123.92489624, 124.586662292, 125.248435974, 125.910202026, 126.571968079, 127.245346069, 127.895507812, 128.557281494, 129.219039917, 129.880813599, 130.54258728, 131.204345703, 131.866119385, 132.527893066, 133.189651489, 133.839813232, 134.513198853, 135.174957275, 135.836730957, 136.4868927, 137.148666382, 137.810424805, 138.472198486, 139.133972168, 139.784118652, 140.445892334, 141.107666016, 141.769424438, 142.43119812, 143.092971802, 143.754730225, 144.416503906, 145.078277588, 145.740036011, 146.401809692, 147.051971436, 147.725341797, 148.37550354, 149.037277222, 149.699050903, 150.372421265, 151.022583008, 151.695953369, 152.346115112, 153.007888794, 153.669662476, 154.31980896, 154.981582642, 155.643356323, 156.305114746, 156.966888428, 157.628662109, 158.290420532, 158.940582275, 159.613967896, 160.275741577, 160.9375, 161.599273682, 162.261047363, 162.922805786, 163.584579468, 164.257949829, 164.908111572, 165.569885254, 166.231658936, 166.905029297, 167.55519104, 168.216964722, 168.878723145, 169.540496826, 170.202270508, 170.852416992, 171.514190674, 172.175964355, 172.837722778, 173.49949646, 174.161270142, 174.823028564, 175.484802246, 176.146575928, 176.796737671, 177.458496094, 178.120269775, 178.782043457, 179.44380188, 180.105575562, 180.767349243, 181.429107666, 182.090881348, 182.752655029, 183.414413452, 184.076187134, 184.737960815, 185.399719238, 186.06149292, 186.723266602, 187.385025024, 188.046798706, 188.708572388, 189.370330811, 190.032104492, 190.693878174, 191.355636597, 192.017410278, 192.67918396, 193.340942383, 194.002716064, 194.652877808, 195.314651489, 195.976409912, 196.638183594, 197.299957275, 197.961715698, 198.62348938, 199.285263062, 199.947021484, 200.597183228, 201.270568848, 201.920715332, 202.582489014, 203.244262695, 203.917633057, 204.5677948, 205.229568481, 205.891326904, 206.553100586, 207.214874268, 207.87663269, 208.538406372, 209.200180054, 209.861953735, 210.523712158, 211.18548584, 211.847259521, 212.509017944, 213.170791626, 213.832565308, 214.49432373, 215.156097412, 215.817871094, 216.479629517, 217.141403198, 217.80317688, 218.453323364, 219.126708984, 219.776870728, 220.43862915, 221.100402832, 221.773788452, 222.423934937, 223.097320557, 223.759094238, 224.420852661, 225.071014404, 225.744400024, 226.406158447, 227.067932129, 227.729705811, 228.391464233, 229.041625977, 229.715011597, 230.36517334, 231.015319824, 231.688705444, 232.350479126, 233.012237549, 233.67401123, 234.335784912, 234.997543335, 235.659317017, 236.321090698, 236.982849121, 237.633010864, 238.294784546, 238.956542969, 239.629928589, 240.280090332, 240.941848755, 241.603622437, 242.277008057, 242.938766479, 243.600540161, 244.250701904, 244.924072266, 245.574234009, 246.23600769, 246.897766113, 247.571151733, 248.221313477, 248.883071899, 249.544845581, 250.206619263, 250.868392944, 251.530151367, 252.191925049, 252.85369873, 253.515457153, 254.177230835, 254.839004517, 255.500762939, 256.162536621, 256.824310303, 257.486083984, 258.147827148, 258.80960083, 259.471374512, 260.133148193, 260.794921875, 261.456695557, 262.118438721, 262.780212402, 263.441986084, 264.103759766, 264.765533447, 265.427307129, 266.089050293, 266.750823975, 267.424224854, 268.074371338, 268.73614502, 269.397918701, 270.059692383, 270.721435547, 271.383209229, 272.04498291, 272.706756592, 273.368530273, 274.030303955, 274.692047119, 275.353820801, 276.015594482, 276.677368164, 277.339141846, 278.000915527, 278.662658691, 279.324432373, 279.986206055, 280.647979736, 281.309753418, 281.9715271, 282.633270264, 283.295043945, 283.956817627, 284.618591309, 285.28036499, 285.930511475, 286.592285156, 287.254058838, 287.927429199, 288.589202881, 289.250976562, 289.912750244, 290.574493408, 291.22467041, 291.886444092, 292.548217773, 293.221588135, 293.883361816, 294.54510498, 295.195281982, 295.868652344, 296.518829346, 297.192199707, 297.853973389, 298.515716553, 299.177490234, 299.839263916, 300.501037598, 301.162811279, 301.812957764, 302.474731445, 303.136505127, 303.809875488, 304.47164917, 305.133422852, 305.795196533, 306.456970215, 307.118713379, 307.780487061, 308.442260742, 309.104034424, 309.765808105, 310.427581787, 311.089324951, 311.751098633, 312.401275635, 313.063018799, 313.72479248, 314.398193359, 315.059936523, 315.721710205, 316.383483887, 317.045257568, 317.71862793, 318.391998291],
    "bpm_histogram": [0, 0, 0, 0, 0, 0, 0, 0, 0, 0, 0, 0, 0, 0, 0, 0, 0, 0, 0, 0, 0, 0, 0, 0, 0, 0, 0, 0, 0, 0, 0, 0, 0, 0, 0, 0, 0, 0, 0, 0, 0, 0, 0, 0, 0, 0, 0, 0, 0, 0, 0, 0, 0, 0, 0, 0, 0, 0, 0, 0, 0, 0, 0, 0, 0, 0, 0, 0, 0, 0, 0, 0, 0, 0, 0, 0, 0, 0, 0, 0, 0, 0, 0, 0.0125260958448, 0, 0.00417536543682, 0.0125260958448, 0, 0.0250521916896, 0.0897703543305, 0, 0.726513564587, 0.129436329007, 0, 0, 0, 0, 0, 0, 0, 0, 0, 0, 0, 0, 0, 0, 0, 0, 0, 0, 0, 0, 0, 0, 0, 0, 0, 0, 0, 0, 0, 0, 0, 0, 0, 0, 0, 0, 0, 0, 0, 0, 0, 0, 0, 0, 0, 0, 0, 0, 0, 0, 0, 0, 0, 0, 0, 0, 0, 0, 0, 0, 0, 0, 0, 0, 0, 0, 0, 0, 0, 0, 0, 0, 0, 0, 0, 0, 0, 0, 0, 0, 0, 0, 0, 0, 0, 0, 0, 0, 0, 0, 0, 0, 0, 0, 0, 0, 0, 0, 0, 0, 0, 0, 0, 0, 0, 0, 0, 0, 0, 0, 0, 0, 0, 0, 0, 0, 0, 0, 0, 0, 0, 0, 0, 0, 0, 0, 0, 0, 0, 0, 0, 0, 0, 0, 0, 0, 0, 0, 0, 0, 0, 0, 0, 0, 0, 0, 0, 0, 0, 0, 0, 0, 0, 0, 0, 0, 0]
},
"tonal": {
    "chords_changes_rate": 0.199854552746,
    "chords_number_rate": 0.0030545454938,
    "chords_strength": {
        "mean": 0.410462349653,
        "stdev": 0.0892010554671
    },
    "hpcp_crest": {
        "mean": 11.9546442032,
        "stdev": 6.70743227005
    },
    "hpcp_entropy": {
        "mean": 2.34517097473,
        "stdev": 0.899664580822
    },
    "key_edma": {
        "strength": 0.389058202505,
        "key": "G",
        "scale": "minor"
    },
    "key_krumhansl": {
        "strength": 0.38185018301,
        "key": "G",
        "scale": "minor"
    },
    "key_temperley": {
        "strength": 0.37920370698,
        "key": "G",
        "scale": "minor"
    },
    "tuning_diatonic_strength": 0.455569565296,
    "tuning_equal_tempered_deviation": 0.211532190442,
    "tuning_frequency": 449.764648438,
    "tuning_nontempered_energy_ratio": 0.893648386002,
    "hpcp": {
        "mean": [0.128945559263, 0.135842338204, 0.142881706357, 0.153312519193, 0.146306321025, 0.139756813645, 0.126018226147, 0.104097910225, 0.0939819812775, 0.097063690424, 0.0950408726931, 0.0949309393764, 0.0986766070127, 0.100693047047, 0.12208122015, 0.146244421601, 0.150246232748, 0.152563273907, 0.162406891584, 0.168352261186, 0.161395192146, 0.163849115372, 0.180657729506, 0.172007441521, 0.146013125777, 0.139195531607, 0.150929987431, 0.177312389016, 0.187414199114, 0.171876266599, 0.171453520656, 0.168980464339, 0.161001861095, 0.170134857297, 0.161561027169, 0.130797728896],
        "stdev": [0.234085664153, 0.242087736726, 0.253470867872, 0.267159819603, 0.250189453363, 0.244250297546, 0.22779789567, 0.199862927198, 0.1865388304, 0.194417580962, 0.191277161241, 0.191364258528, 0.195738270879, 0.188856363297, 0.217812985182, 0.246594265103, 0.243320837617, 0.243474200368, 0.257645338774, 0.255407601595, 0.248923793435, 0.248023062944, 0.260442733765, 0.244404375553, 0.231469854712, 0.231489270926, 0.244190320373, 0.273811787367, 0.283633381128, 0.263035982847, 0.265852332115, 0.269079387188, 0.256213337183, 0.262445956469, 0.259702593088, 0.226853296161]
    },
    "chords_histogram": [6.54545450211, 1.80363631248, 1.22181820869, 0.276363641024, 1.87636363506, 4.29090929031, 4.50909090042, 2.90909099579, 8.58181858063, 9.96363639832, 0.421818166971, 1.04727268219, 5.44000005722, 10.0072727203, 8.15999984741, 4, 8.654545784, 2.18181824684, 1.49818181992, 2.16727280617, 0.770909070969, 3.38909101486, 2.22545456886, 8.0581817627],
    "thpcp": [1, 0.917093098164, 0.914837419987, 0.901641726494, 0.859069705009, 0.90780133009, 0.862053275108, 0.697907269001, 0.688024520874, 0.724824130535, 0.762384653091, 0.818041086197, 0.780657589436, 0.745710909367, 0.672404885292, 0.555443048477, 0.501466691494, 0.517910003662, 0.507116734982, 0.506530106068, 0.526516199112, 0.53727543354, 0.651397943497, 0.780327320099, 0.801680088043, 0.814043283463, 0.86656665802, 0.89828979969, 0.861168444157, 0.874262034893, 0.963949024677, 0.917793035507, 0.779093205929, 0.742716014385, 0.805328428745, 0.946099042892],
    "chords_key": "E",
    "chords_scale": "major"
}
}