{
"metadata": {
    "version": {
        "essentia": "2.1-dev",
        "essentia_git_sha": "v2.1_beta3-415-gd5473f3",
        "extractor": "music 2.0"
    },
    "audio_properties": {
        "analysis": {
            "equal_loudness": 0,
            "length": 212.506118774,
            "sample_rate": 44100,
            "start_time": 0,
            "downmix": "mix"
        },
        "bit_rate": 192000,
        "length": 212.506118774,
        "lossless": 0,
        "number_channels": 2,
        "replay_gain": -7.45359802246,
        "sample_rate": 44100,
        "codec": "mp3",
        "md5_encoded": "1e2b3c480aee9db77fbed2ca483df380"
    },
    "tags": {
        "file_name": "cypress_hill-insane_in_the_brain.mp3"
    }
},
"lowlevel": {
    "average_loudness": 0.876568496227,
    "barkbands_crest": {
        "mean": 13.9563159943,
        "stdev": 5.89962911606
    },
    "barkbands_flatness_db": {
        "mean": 0.229136198759,
        "stdev": 0.0939169302583
    },
    "barkbands_kurtosis": {
        "mean": 26.4211864471,
        "stdev": 56.9527549744
    },
    "barkbands_skewness": {
        "mean": 2.53309988976,
        "stdev": 3.61671662331
    },
    "barkbands_spread": {
        "mean": 19.6438674927,
        "stdev": 16.1947460175
    },
    "dissonance": {
        "mean": 0.478936105967,
        "stdev": 0.0293454546481
    },
    "dynamic_complexity": 3.55017876625,
    "erbbands_crest": {
        "mean": 11.6656484604,
        "stdev": 5.80942630768
    },
    "erbbands_flatness_db": {
        "mean": 0.210663825274,
        "stdev": 0.0539728477597
    },
    "erbbands_kurtosis": {
        "mean": 2.83506679535,
        "stdev": 7.48534488678
    },
    "erbbands_skewness": {
        "mean": -0.281791120768,
        "stdev": 1.39631617069
    },
    "erbbands_spread": {
        "mean": 40.807056427,
        "stdev": 29.1959228516
    },
    "hfc": {
        "mean": 16.553730011,
        "stdev": 17.8873329163
    },
    "loudness_ebu128": {
        "integrated": -15.8840665817,
        "loudness_range": 2.29354858398,
        "momentary": {
            "mean": -17.4720573425,
            "stdev": 6.76858758926
        },
        "short_term": {
            "mean": -16.4910945892,
            "stdev": 3.09546780586
        }
    },
    "melbands_crest": {
        "mean": 18.6117305756,
        "stdev": 7.16085004807
    },
    "melbands_flatness_db": {
        "mean": 0.267346888781,
        "stdev": 0.134239017963
    },
    "melbands_kurtosis": {
        "mean": 61.967010498,
        "stdev": 109.095787048
    },
    "melbands_skewness": {
        "mean": 4.4215760231,
        "stdev": 4.54137039185
    },
    "melbands_spread": {
        "mean": 28.9985256195,
        "stdev": 30.5392036438
    },
    "pitch_salience": {
        "mean": 0.440807074308,
        "stdev": 0.177586510777
    },
    "silence_rate_20dB": {
        "mean": 1,
        "stdev": 0
    },
    "silence_rate_30dB": {
        "mean": 0.962525963783,
        "stdev": 0.189918935299
    },
    "silence_rate_60dB": {
        "mean": 0.134600684047,
        "stdev": 0.341304928064
    },
    "spectral_centroid": {
        "mean": 1726.31616211,
        "stdev": 999.729431152
    },
    "spectral_complexity": {
        "mean": 13.4950284958,
        "stdev": 12.7942085266
    },
    "spectral_decrease": {
        "mean": -7.98778376776e-09,
        "stdev": 8.62159765802e-09
    },
    "spectral_energy": {
        "mean": 0.0316492132843,
        "stdev": 0.0329834111035
    },
    "spectral_energyband_high": {
        "mean": 0.000614582735579,
        "stdev": 0.000986194005236
    },
    "spectral_energyband_low": {
        "mean": 0.0226971767843,
        "stdev": 0.0308087263256
    },
    "spectral_energyband_middle_high": {
        "mean": 0.00502764573321,
        "stdev": 0.00678655691445
    },
    "spectral_energyband_middle_low": {
        "mean": 0.00473597366363,
        "stdev": 0.0105255888775
    },
    "spectral_entropy": {
        "mean": 7.36690092087,
        "stdev": 0.568646490574
    },
    "spectral_flux": {
        "mean": 0.094888523221,
        "stdev": 0.063532024622
    },
    "spectral_kurtosis": {
        "mean": 4.54742050171,
        "stdev": 6.71074771881
    },
    "spectral_rms": {
        "mean": 0.00481334002689,
        "stdev": 0.00277653895319
    },
    "spectral_rolloff": {
        "mean": 1611.31945801,
        "stdev": 1699.60961914
    },
    "spectral_skewness": {
        "mean": 1.0768455267,
        "stdev": 0.705863952637
    },
    "spectral_spread": {
        "mean": 3409544.75,
        "stdev": 1323718.625
    },
    "spectral_strongpeak": {
        "mean": 1.02814054489,
        "stdev": 1.37279641628
    },
    "zerocrossingrate": {
        "mean": 0.0583103187382,
        "stdev": 0.0472861975431
    },
    "barkbands": {
        "mean": [8.53394740261e-05, 0.011380976066, 0.00983329676092, 0.00226064911112, 0.0016904178774, 0.000227190714213, 0.000122879093396, 0.00019762996817, 0.000200581751415, 0.000188038393389, 0.000164520315593, 0.00025323824957, 0.000371241534594, 0.000693403708283, 0.00133430911228, 0.000523667724337, 0.000500529014971, 0.000390365457861, 0.000393084745156, 0.000425181846367, 0.000213636434637, 0.000133506968268, 4.34900393884e-05, 1.60679646797e-05, 5.02123066326e-06, 9.64573359852e-07, 1.07333486543e-09],
        "stdev": [0.00043384640594, 0.0187502857298, 0.0176248271018, 0.00688515324146, 0.00428999215364, 0.000563452718779, 0.000395869108615, 0.00089875923004, 0.000761638395488, 0.000818088883534, 0.000626920780633, 0.000753383676056, 0.00165788910817, 0.0020141187124, 0.003194588935, 0.00111971679144, 0.000842919806018, 0.000803285569418, 0.000672306458, 0.000737302703783, 0.000363528408343, 0.000230493431445, 8.13699953142e-05, 5.45333023183e-05, 2.82653090835e-05, 3.08787571157e-06, 1.71053937681e-09]
    },
    "erbbands": {
        "mean": [0.231823906302, 3.01936125755, 10.9914989471, 9.27525424957, 6.49564361572, 5.89929485321, 2.57851147652, 1.62832033634, 1.46282994747, 2.92857670784, 4.6474275589, 4.50331640244, 4.394947052, 7.64089202881, 7.00647974014, 11.0657863617, 16.7543640137, 28.2607803345, 67.5255966187, 47.7957000732, 31.8061599731, 26.2363948822, 21.9612407684, 19.4810314178, 21.1355991364, 20.0617580414, 11.2033491135, 7.12684011459, 5.23143625259, 2.27944254875, 1.1192047596, 0.453956246376, 0.21407289803, 0.0796380788088, 0.0251473020762, 0.00666007492691, 0.00146677077282, 9.30494861677e-05, 1.90682276298e-05, 3.68819346477e-05],
        "stdev": [0.484744638205, 4.69300174713, 18.8049888611, 17.3032016754, 19.3813705444, 15.8100967407, 7.07074737549, 3.86436390877, 4.51865816116, 10.3279304504, 21.667432785, 16.9523544312, 16.0912513733, 31.9471149445, 24.2710990906, 30.4315452576, 68.9967727661, 78.7883605957, 159.164840698, 114.139961243, 61.4164657593, 44.0670089722, 46.3515853882, 34.8076934814, 35.1590538025, 34.144569397, 18.7134284973, 12.1033878326, 9.13853931427, 4.07161998749, 2.17422771454, 1.01883685589, 1.01949858665, 0.470978885889, 0.135007366538, 0.0250718239695, 0.00417194794863, 0.000213733772398, 1.70581006387e-05, 3.61807833542e-05]
    },
    "gfcc": {
        "mean": [-85.2398986816, 96.8773193359, -136.226135254, 79.3739471436, -29.1112995148, 13.5504350662, -25.0297374725, -4.54716968536, -17.1121559143, -4.57559871674, -13.0036354065, -9.26494598389, -5.55326557159],
        "cov": [[13178.2529297, 357.4453125, -1859.15124512, 350.16696167, -59.9395332336, 230.209411621, -118.67578125, -253.294799805, -66.146812439, -21.5933933258, -275.93371582, -215.100036621, -53.9040145874], [357.4453125, 1652.29553223, 702.887451172, 35.0393753052, 463.522003174, -49.0304145813, 412.456298828, -6.11841440201, 103.668327332, -223.00567627, 83.175819397, -189.070205688, -19.7841300964], [-1859.15124512, 702.887451172, 2101.1953125, 694.517028809, 450.351165771, 193.175491333, 405.709014893, 75.4977264404, 11.8538618088, -117.844268799, 80.7812805176, 20.4677391052, -82.8913116455], [350.16696167, 35.0393753052, 694.517028809, 777.078125, 315.17074585, 112.889984131, 127.513290405, -30.3172836304, 40.2438774109, 5.82850122452, -10.9919681549, 2.34352374077, -24.0131149292], [-59.9395332336, 463.522003174, 450.351165771, 315.17074585, 677.62121582, 199.702774048, 244.635192871, -17.5679321289, 110.059753418, -30.4324359894, 24.1035289764, -54.7001876831, -7.37563180923], [230.209411621, -49.0304145813, 193.175491333, 112.889984131, 199.702774048, 357.438232422, 146.273880005, 19.8881092072, 1.37128412724, 26.5343914032, 12.0966959, 15.8816671371, -16.426076889], [-118.67578125, 412.456298828, 405.709014893, 127.513290405, 244.635192871, 146.273880005, 385.403198242, 90.1663894653, 34.5173339844, -71.8404312134, 53.1169395447, -23.803943634, -19.572927475], [-253.294799805, -6.11841440201, 75.4977264404, -30.3172836304, -17.5679321289, 19.8881092072, 90.1663894653, 211.923690796, 42.3914337158, -16.9094314575, 11.4455833435, 4.09426546097, -12.1637897491], [-66.146812439, 103.668327332, 11.8538618088, 40.2438774109, 110.059753418, 1.37128412724, 34.5173339844, 42.3914337158, 168.814605713, 38.516746521, -11.3652057648, -68.7292709351, 13.3303194046], [-21.5933933258, -223.00567627, -117.844268799, 5.82850122452, -30.4324359894, 26.5343914032, -71.8404312134, -16.9094314575, 38.516746521, 151.883621216, -0.372286945581, 22.0887126923, -2.89906382561], [-275.93371582, 83.175819397, 80.7812805176, -10.9919681549, 24.1035289764, 12.0966959, 53.1169395447, 11.4455833435, -11.3652057648, -0.372286945581, 122.398735046, 32.2757987976, 4.91394424438], [-215.100036621, -189.070205688, 20.4677391052, 2.34352374077, -54.7001876831, 15.8816671371, -23.803943634, 4.09426546097, -68.7292709351, 22.0887126923, 32.2757987976, 165.219161987, 18.4174079895], [-53.9040145874, -19.7841300964, -82.8913116455, -24.0131149292, -7.37563180923, -16.426076889, -19.572927475, -12.1637897491, 13.3303194046, -2.89906382561, 4.91394424438, 18.4174079895, 74.2161178589]],
        "icov": [[0.000154352965183, -0.000283833651338, 0.000331559451297, -0.000399556476623, 0.000203969102586, -0.000341336155543, 9.90186672425e-05, -1.89805359696e-05, 0.000134511356009, 2.99715657093e-06, 0.000258993532043, -6.3730396505e-05, 0.000219832596486], [-0.000283833651338, 0.00225267373025, -0.00105422176421, 0.00147692370228, -0.00116203771904, 0.00166458927561, -0.00146847323049, 0.000959762139246, -0.000781550188549, 0.00128108635545, -0.00112820183858, 0.00129978405312, -0.00033970241202], [0.000331559451297, -0.00105422176421, 0.00171006692108, -0.00171574263368, 0.000559568521567, -0.00101046392228, 9.11765673663e-05, -0.000375666975742, 0.000360939680832, 0.000221972324653, 0.000346996355802, -0.00074001745088, 0.00121355475858], [-0.000399556476623, 0.00147692370228, -0.00171574263368, 0.00351836835034, -0.00151221395936, 0.00134364480618, -0.000733768916689, 0.000839217624161, -0.000659135403112, -4.93474253744e-05, -0.000198088193429, 0.00040925774374, -0.000555250386242], [0.000203969102586, -0.00116203771904, 0.000559568521567, -0.00151221395936, 0.00358479260467, -0.00201250310056, -0.000326702313032, 0.00080712424824, -0.00170129258186, 0.000355508149369, 0.00030431128107, -0.000657448719721, 0.000393493275624], [-0.000341336155543, 0.00166458927561, -0.00101046392228, 0.00134364480618, -0.00201250310056, 0.0054983892478, -0.00236676330678, 0.000235455692746, 0.00083463214105, -0.00121095345821, -0.000335086486302, 0.000644289364573, -0.000401578261517], [9.90186672425e-05, -0.00146847323049, 9.11765673663e-05, -0.000733768916689, -0.000326702313032, -0.00236676330678, 0.00634001195431, -0.00242085568607, 0.000149496656377, 0.00105847534724, -0.00103028235026, -0.000387062027585, 0.00044261853327], [-1.89805359696e-05, 0.000959762139246, -0.000375666975742, 0.000839217624161, 0.00080712424824, 0.000235455692746, -0.00242085568607, 0.00707013066858, -0.00362296449021, 0.00195435923524, -0.00028055900475, -0.00108101009391, 0.00176058500074], [0.000134511356009, -0.000781550188549, 0.000360939680832, -0.000659135403112, -0.00170129258186, 0.00083463214105, 0.000149496656377, -0.00362296449021, 0.0121530825272, -0.00549059314653, 0.0010879895417, 0.00474810879678, -0.00410717027262], [2.99715657093e-06, 0.00128108635545, 0.000221972324653, -4.93474253744e-05, 0.000355508149369, -0.00121095345821, 0.00105847534724, 0.00195435923524, -0.00549059314653, 0.011381351389, -0.00166653364431, -0.00203182734549, 0.00298774661496], [0.000258993532043, -0.00112820183858, 0.000346996355802, -0.000198088193429, 0.00030431128107, -0.000335086486302, -0.00103028235026, -0.00028055900475, 0.0010879895417, -0.00166653364431, 0.0104463435709, -0.00230881455354, -0.000530025106855], [-6.3730396505e-05, 0.00129978405312, -0.00074001745088, 0.00040925774374, -0.000657448719721, 0.000644289364573, -0.000387062027585, -0.00108101009391, 0.00474810879678, -0.00203182734549, -0.00230881455354, 0.0103723714128, -0.00394921982661], [0.000219832596486, -0.00033970241202, 0.00121355475858, -0.000555250386242, 0.000393493275624, -0.000401578261517, 0.00044261853327, 0.00176058500074, -0.00410717027262, 0.00298774661496, -0.000530025106855, -0.00394921982661, 0.0169440843165]]
    },
    "melbands": {
        "mean": [0.00271572219208, 0.00520808575675, 0.00159438187256, 0.000458654219983, 0.000114022586786, 3.7570414861e-05, 2.29940178542e-05, 3.50928567059e-05, 3.82337457268e-05, 2.76265091088e-05, 2.17673950829e-05, 3.0874623917e-05, 2.26160336751e-05, 2.64443769993e-05, 3.06509464281e-05, 4.06526196457e-05, 5.08355442435e-05, 0.000104347353044, 9.59232856985e-05, 3.91735120502e-05, 3.78607728635e-05, 2.92874774459e-05, 2.12156683119e-05, 1.77046986209e-05, 1.53732999024e-05, 1.54274239321e-05, 1.55637062562e-05, 1.29292575366e-05, 7.49047239879e-06, 5.13499298904e-06, 3.81170571018e-06, 3.46027582054e-06, 1.64740208675e-06, 1.08156064016e-06, 7.04731348833e-07, 3.71570564539e-07, 2.37620369603e-07, 1.59745724204e-07, 1.00357254951e-07, 5.55523342882e-08],
        "stdev": [0.00476964469999, 0.00781727675349, 0.00306087080389, 0.00117499008775, 0.000313782220474, 9.04660191736e-05, 7.09439627826e-05, 0.000130747372168, 0.000180560338777, 0.000103247730294, 8.38854175527e-05, 0.00013548276911, 8.47130650072e-05, 8.35590617498e-05, 0.000100481636764, 0.000188026213436, 0.00016047450481, 0.000270823482424, 0.000252132391324, 8.71615848155e-05, 7.56569352234e-05, 5.11759099027e-05, 4.41013253294e-05, 3.66101594409e-05, 2.89799645543e-05, 2.68379499175e-05, 2.86110407615e-05, 2.28460667131e-05, 1.25953310999e-05, 9.57224892773e-06, 6.57219652567e-06, 6.2503022491e-06, 2.90091361421e-06, 2.00027375286e-06, 1.38943551065e-06, 7.69631526509e-07, 6.0686369352e-07, 7.0550476039e-07, 7.2354708891e-07, 3.0728685374e-07]
    },
    "melbands128": {
        "mean": [8.14018494566e-05, 0.00121641589794, 0.00413405802101, 0.0050208917819, 0.00606655608863, 0.00426428951323, 0.00190990488045, 0.000973568297923, 0.000580155465286, 0.000510438287165, 0.000408801657613, 0.000121653531096, 8.02436261438e-05, 6.35851101833e-05, 3.65664782294e-05, 2.55470222328e-05, 2.30539135373e-05, 1.99810638151e-05, 2.55197883234e-05, 3.27671259583e-05, 3.84523518733e-05, 4.34504690929e-05, 3.7031568354e-05, 3.59541554644e-05, 2.937793397e-05, 2.45976880251e-05, 2.31163357967e-05, 1.82453368325e-05, 2.17540837184e-05, 3.58564939233e-05, 3.32087583956e-05, 2.40668778133e-05, 2.3159875127e-05, 1.93092218979e-05, 2.24712530326e-05, 2.90395018965e-05, 3.11129770125e-05, 3.0244464142e-05, 2.80536823993e-05, 3.95675488107e-05, 4.26748010796e-05, 4.33870663983e-05, 5.01950999023e-05, 4.94609994348e-05, 7.66153534641e-05, 0.000127103819977, 0.000121757708257, 0.000111603258119, 8.54987010825e-05, 4.09780950577e-05, 3.48039793607e-05, 3.24785105477e-05, 3.54308904207e-05, 4.13315901824e-05, 4.20025753556e-05, 2.71188346233e-05, 1.94907570403e-05, 2.07459324884e-05, 2.31321264437e-05, 1.99077057914e-05, 1.7689069864e-05, 1.58715793077e-05, 1.43759752973e-05, 1.52032234837e-05, 1.69903105416e-05, 1.56791647896e-05, 1.3992274944e-05, 1.60782383318e-05, 1.62273026945e-05, 1.42540702655e-05, 1.37267406899e-05, 1.30270736918e-05, 7.61031014918e-06, 7.4767035585e-06, 5.41747249372e-06, 5.59746877116e-06, 5.12297356181e-06, 3.32286845151e-06, 3.61420438821e-06, 4.26080578109e-06, 4.04746106142e-06, 3.08207199851e-06, 1.985077688e-06, 1.50060839132e-06, 1.41798443565e-06, 1.18362481771e-06, 9.81550329016e-07, 8.04075284577e-07, 7.59280169405e-07, 5.93110428326e-07, 3.95942493014e-07, 3.31016480004e-07, 2.77196392062e-07, 2.38135655195e-07, 2.18254783135e-07, 1.75545764591e-07, 1.4826511574e-07, 1.35570786597e-07, 1.06749553197e-07, 7.82712064051e-08, 6.79912943724e-08, 5.15167464243e-08, 4.16616181553e-08, 3.42528991837e-08, 2.70550621906e-08, 2.19423661463e-08, 1.58927644378e-08, 1.28448682801e-08, 1.04242019461e-08, 8.30812840746e-09, 7.87351694953e-09, 4.96129182181e-09, 4.17853218693e-09, 3.24395577067e-09, 2.08307504579e-09, 1.65437344379e-10, 5.23510098119e-12, 5.00205779574e-12, 4.87963532428e-12, 4.74442056822e-12, 4.63641191412e-12, 4.54439003789e-12, 4.45055060513e-12, 4.37226079994e-12, 4.31252472968e-12, 4.27227827768e-12, 4.2395414436e-12, 4.20776304424e-12],
        "stdev": [0.000430844345829, 0.00367407221347, 0.00767766823992, 0.00825525633991, 0.0103579713032, 0.00747542083263, 0.00372276897542, 0.00330137368292, 0.00203643529676, 0.00139918108471, 0.00122994184494, 0.000421813194407, 0.000249726668699, 0.000178144255187, 8.94714830793e-05, 8.05906602181e-05, 9.20768507058e-05, 6.56241245451e-05, 9.62615595199e-05, 0.000141502416227, 0.000204687748919, 0.000251874007517, 0.000246246607276, 0.000228352058912, 0.000147109298268, 0.000114107075206, 0.000128108149511, 0.000103229052911, 0.000119294491014, 0.00021767297585, 0.000180857663509, 0.000112690773676, 0.000125730541185, 0.000102670674096, 0.000121758275782, 0.000107800813566, 0.000111419081804, 0.000124864600366, 0.000151525411638, 0.000250176672125, 0.00028088586987, 0.000242597248871, 0.00017858420324, 0.000270339311101, 0.000310740782879, 0.000417283794377, 0.000445700832643, 0.000377334043151, 0.000349593523424, 0.000125679755001, 0.00010723365267, 9.57165611908e-05, 0.000114342867164, 9.4725881354e-05, 8.57371414895e-05, 6.34550742689e-05, 4.46946105512e-05, 4.63705109723e-05, 6.56710908515e-05, 5.83851542615e-05, 4.29553547292e-05, 3.41152917827e-05, 3.31384580932e-05, 3.63783656212e-05, 4.02800942538e-05, 3.29059948854e-05, 2.74607664323e-05, 3.65880550817e-05, 3.37111741828e-05, 3.1252635381e-05, 2.69066058536e-05, 2.58988329733e-05, 1.42738235809e-05, 1.32077739181e-05, 1.10434002636e-05, 1.09392822196e-05, 1.08811491373e-05, 6.2570920818e-06, 6.89255602992e-06, 7.88910438132e-06, 8.32109253679e-06, 5.94657694819e-06, 3.85423254556e-06, 2.86782233161e-06, 2.84364023173e-06, 2.34043841374e-06, 1.92860943571e-06, 1.56505416271e-06, 1.6644137304e-06, 1.38907182645e-06, 8.94650099781e-07, 7.07856372628e-07, 6.34825482848e-07, 6.55741871469e-07, 6.64408503326e-07, 7.32715704999e-07, 7.01892815869e-07, 9.03562749954e-07, 1.00358693089e-06, 5.1932443057e-07, 3.94208001353e-07, 2.98272652799e-07, 2.23451522174e-07, 2.24193669851e-07, 1.53973104489e-07, 1.24274933455e-07, 7.28381621684e-08, 5.89688511354e-08, 3.909682178e-08, 2.91562507471e-08, 2.81339023189e-08, 1.98268104157e-08, 1.16678631201e-08, 9.99209781583e-09, 5.24881382802e-09, 5.86167614447e-10, 8.27742908938e-12, 7.99853933087e-12, 7.7790890049e-12, 7.57142872704e-12, 7.39102182234e-12, 7.23137912398e-12, 7.08756404261e-12, 6.96721109625e-12, 6.86404535641e-12, 6.78469736989e-12, 6.72592667325e-12, 6.68937561593e-12]
    },
    "mfcc": {
        "mean": [-712.233703613, 102.798355103, -21.6251716614, 63.1146354675, 17.6171455383, 27.6595191956, 6.15275621414, 7.28206348419, 2.012799263, 4.74935293198, -3.12848806381, -1.52518045902, -0.988301336765],
        "cov": [[10555.8417969, -126.412261963, -1738.26745605, 0.211462914944, -295.652069092, 338.021911621, -263.236572266, -127.420959473, -2.58067727089, 144.777481079, -136.490112305, -115.476768494, -203.738418579], [-126.412261963, 1638.62731934, 320.760559082, 212.630554199, 195.173233032, 111.827705383, 292.877166748, 231.183044434, 109.548858643, 67.0122146606, 92.2420196533, 36.1823501587, -37.3572349548], [-1738.26745605, 320.760559082, 1482.49645996, 524.79309082, 230.608856201, 198.855041504, 277.82119751, 217.609329224, 44.2828483582, -48.79139328, 62.2005996704, 116.285377502, 66.1066207886], [0.211462914944, 212.630554199, 524.79309082, 790.062683105, 289.480773926, 263.802246094, 140.859329224, 121.007453918, 95.5384521484, 25.3177833557, 9.13618469238, 74.6570892334, 68.624671936], [-295.652069092, 195.173233032, 230.608856201, 289.480773926, 406.368469238, 225.323654175, 111.881362915, 84.7866134644, 82.1108474731, 59.0743560791, 29.0150680542, 41.7851104736, 48.8658027649], [338.021911621, 111.827705383, 198.855041504, 263.802246094, 225.323654175, 458.607177734, 180.366622925, 78.372718811, 76.4595336914, 33.668800354, 37.8547439575, 39.8607940674, 28.6286392212], [-263.236572266, 292.877166748, 277.82119751, 140.859329224, 111.881362915, 180.366622925, 331.345306396, 197.748764038, 44.2677459717, 10.0429210663, 50.196434021, 73.7019348145, 40.1648788452], [-127.420959473, 231.183044434, 217.609329224, 121.007453918, 84.7866134644, 78.372718811, 197.748764038, 239.359176636, 84.5660476685, 11.1682987213, 32.7365264893, 59.4944763184, 40.5973320007], [-2.58067727089, 109.548858643, 44.2828483582, 95.5384521484, 82.1108474731, 76.4595336914, 44.2677459717, 84.5660476685, 161.149459839, 88.6310195923, 30.0818462372, 7.70055961609, 1.24991703033], [144.777481079, 67.0122146606, -48.79139328, 25.3177833557, 59.0743560791, 33.668800354, 10.0429210663, 11.1682987213, 88.6310195923, 175.850860596, 66.1200332642, -18.9729194641, -36.1790313721], [-136.490112305, 92.2420196533, 62.2005996704, 9.13618469238, 29.0150680542, 37.8547439575, 50.196434021, 32.7365264893, 30.0818462372, 66.1200332642, 110.332099915, 32.9570465088, -12.6097993851], [-115.476768494, 36.1823501587, 116.285377502, 74.6570892334, 41.7851104736, 39.8607940674, 73.7019348145, 59.4944763184, 7.70055961609, -18.9729194641, 32.9570465088, 131.93031311, 56.4717521667], [-203.738418579, -37.3572349548, 66.1066207886, 68.624671936, 48.8658027649, 28.6286392212, 40.1648788452, 40.5973320007, 1.24991703033, -36.1790313721, -12.6097993851, 56.4717521667, 125.840934753]],
        "icov": [[0.00016524909006, -3.66527820006e-05, 0.000233858707361, -0.00015069123765, 0.000253204954788, -0.000359106750693, 0.000282958237221, -0.000355925934855, 0.000309508701321, -0.000290672702249, 0.000322716980008, -0.000183793803444, 0.000252045487287], [-3.66527820006e-05, 0.000832176650874, -3.97276417061e-05, -7.58959795348e-05, -0.000368563778466, 0.000390053959563, -0.000713516143151, -0.000135087815579, -0.000323034095345, 0.000284962821752, -0.00048129222705, 0.000240027104155, 0.000504847441334], [0.000233858707361, -3.97276417061e-05, 0.00139652751386, -0.000838380423374, 0.000181010109372, -0.000314053264447, -6.52198577882e-05, -0.000776769709773, 0.00051789614372, 0.000298832019325, -0.000252227415331, -0.00027229663101, 0.000540654349606], [-0.00015069123765, -7.58959795348e-05, -0.000838380423374, 0.00244394782931, -0.000992595101707, -0.000405972095905, 0.000213517603697, 0.000166422512848, -0.000639444333501, -0.000163771226653, 0.000738911447115, -0.000437928974861, -0.000573048833758], [0.000253204954788, -0.000368563778466, 0.000181010109372, -0.000992595101707, 0.00478256586939, -0.00207143370062, 0.000873779412359, -0.000845010043122, 0.000429510400863, -0.00188176694792, 0.00093641935382, -0.000409951608162, -0.000912904099096], [-0.000359106750693, 0.000390053959563, -0.000314053264447, -0.000405972095905, -0.00207143370062, 0.00499146198854, -0.00348420557566, 0.0027268610429, -0.00244451453909, 0.00177768082358, -0.0016176989302, 0.000827875686809, -0.000176326750079], [0.000282958237221, -0.000713516143151, -6.52198577882e-05, 0.000213517603697, 0.000873779412359, -0.00348420557566, 0.00959424581379, -0.00722557865083, 0.00381976086646, -0.00191356602591, 0.000267523224466, -0.00151183782145, 3.4581212276e-06], [-0.000355925934855, -0.000135087815579, -0.000776769709773, 0.000166422512848, -0.000845010043122, 0.0027268610429, -0.00722557865083, 0.0128747997805, -0.00685460446402, 0.00303338142112, -0.00120580103248, -0.000221594993491, -0.00151980901137], [0.000309508701321, -0.000323034095345, 0.00051789614372, -0.000639444333501, 0.000429510400863, -0.00244451453909, 0.00381976086646, -0.00685460446402, 0.0136799607426, -0.00708983605728, 0.00215687253512, -0.000608608301263, 0.000178434100235], [-0.000290672702249, 0.000284962821752, 0.000298832019325, -0.000163771226653, -0.00188176694792, 0.00177768082358, -0.00191356602591, 0.00303338142112, -0.00708983605728, 0.0131186516955, -0.00753980921581, 0.00288573768921, 0.0012962736655], [0.000322716980008, -0.00048129222705, -0.000252227415331, 0.000738911447115, 0.00093641935382, -0.0016176989302, 0.000267523224466, -0.00120580103248, 0.00215687253512, -0.00753980921581, 0.0163223855197, -0.0054759895429, 0.00232101883739], [-0.000183793803444, 0.000240027104155, -0.00027229663101, -0.000437928974861, -0.000409951608162, 0.000827875686809, -0.00151183782145, -0.000221594993491, -0.000608608301263, 0.00288573768921, -0.0054759895429, 0.0124635472894, -0.00462568644434], [0.000252045487287, 0.000504847441334, 0.000540654349606, -0.000573048833758, -0.000912904099096, -0.000176326750079, 3.4581212276e-06, -0.00151980901137, 0.000178434100235, 0.0012962736655, 0.00232101883739, -0.00462568644434, 0.0120960455388]]
    },
    "spectral_contrast_coeffs": {
        "mean": [-0.692788660526, -0.799120604992, -0.792699217796, -0.769249975681, -0.791426479816, -0.700572967529],
        "stdev": [0.0877796187997, 0.0723409131169, 0.078240737319, 0.0800978094339, 0.0506058782339, 0.0548322759569]
    },
    "spectral_contrast_valleys": {
        "mean": [-7.28137636185, -8.17201519012, -8.53778934479, -8.1315164566, -7.67936468124, -11.4320869446],
        "stdev": [1.38793432713, 1.19986367226, 1.2617815733, 1.37133538723, 1.35810613632, 1.15984642506]
    }
},
"rhythm": {
    "beats_count": 361,
    "beats_loudness": {
        "mean": 0.0626545473933,
        "stdev": 0.0494225360453
    },
    "bpm": 102.248168945,
    "bpm_histogram_first_peak_bpm": 101,
    "bpm_histogram_first_peak_weight": 0.491620123386,
    "bpm_histogram_second_peak_bpm": 108,
    "bpm_histogram_second_peak_spread": 0.5,
    "bpm_histogram_second_peak_weight": 0.00277777784504,
    "danceability": 1.20950639248,
    "onset_rate": 4.22547197342,
    "beats_loudness_band_ratio": {
        "mean": [0.503160238266, 0.139890924096, 0.0355487093329, 0.0923842564225, 0.161741286516, 0.10015860945],
        "stdev": [0.402858376503, 0.149501383305, 0.0780890658498, 0.142284080386, 0.16277089715, 0.104016169906]
    },
    "beats_position": [0.592108845711, 1.18421769142, 1.77632653713, 2.35682535172, 2.94893407822, 3.54104304314, 4.13315200806, 4.69043064117, 5.23609972, 5.80498838425, 6.39709758759, 6.98920631409, 7.56970500946, 8.15020370483, 8.74231243134, 9.33442115784, 9.91492080688, 10.4954195023, 11.0875282288, 11.6796369553, 12.2601356506, 12.840634346, 13.4327430725, 14.0248527527, 14.6053514481, 15.1974601746, 15.7895689011, 16.3700675964, 16.9505672455, 17.5426750183, 18.1347846985, 18.7268924713, 19.3073921204, 19.8994998932, 20.4916095734, 21.0837192535, 21.6642169952, 22.2447166443, 22.8368244171, 23.4289340973, 24.009431839, 24.589931488, 25.1820411682, 25.774148941, 26.3546485901, 26.9351463318, 27.527256012, 28.1193637848, 28.6998634338, 29.2803630829, 29.8724708557, 30.4645805359, 31.0450782776, 31.6255779266, 32.2176856995, 32.8097953796, 33.3902931213, 33.9824028015, 34.5745124817, 35.1550102234, 35.7355079651, 36.3276176453, 36.9197273254, 37.5234451294, 38.1155548096, 38.7076644897, 39.2881622314, 39.8686599731, 40.4607696533, 41.0528793335, 41.6333770752, 42.2138786316, 42.7943763733, 43.374874115, 43.9669837952, 44.5590934753, 45.139591217, 45.7200889587, 46.3121986389, 46.9043083191, 47.4848060608, 48.0653038025, 48.6574134827, 49.2495231628, 49.8300209045, 50.4105224609, 51.0026283264, 51.5947380066, 52.1752357483, 52.7557373047, 53.3478431702, 53.9399528503, 54.5204544067, 55.1125602722, 55.7046699524, 56.2851676941, 56.8656692505, 57.457775116, 58.0498847961, 58.6419944763, 59.222492218, 59.8146018982, 60.3950996399, 60.9872093201, 61.5677070618, 62.1598167419, 62.7519264221, 63.3440361023, 63.924533844, 64.5050354004, 65.0971450806, 65.6892471313, 66.2697525024, 66.8502502441, 67.4423599243, 68.0344696045, 68.6149673462, 69.1954650879, 69.7875747681, 70.3796844482, 70.9601821899, 71.5406799316, 72.1327896118, 72.724899292, 73.3053970337, 73.8858947754, 74.4780044556, 75.0701141357, 75.6506118774, 76.2427215576, 76.8348312378, 77.4153289795, 77.9958267212, 78.5879364014, 79.1684341431, 79.7605438232, 80.3526535034, 80.9447631836, 81.5368728638, 82.1289749146, 82.7094802856, 83.2899780273, 83.8820877075, 84.4741897583, 85.0546951294, 85.6351928711, 86.2273025513, 86.8194122314, 87.3999099731, 87.9804077148, 88.572517395, 89.1646270752, 89.7451248169, 90.3256225586, 90.9177322388, 91.5098419189, 92.0903396606, 92.6708374023, 93.2629470825, 93.8550567627, 94.4355545044, 95.0160522461, 95.6197738647, 96.2118835449, 96.7807693481, 97.3728790283, 97.9649887085, 98.5570983887, 99.1375961304, 99.7297058105, 100.321815491, 100.913917542, 101.494422913, 102.074920654, 102.667030334, 103.259140015, 103.839637756, 104.420135498, 105.012245178, 105.604354858, 106.1848526, 106.765350342, 107.357460022, 107.949569702, 108.530067444, 109.110565186, 109.702674866, 110.294784546, 110.875282288, 111.455780029, 112.047889709, 112.63999939, 113.220497131, 113.812606812, 114.404716492, 114.985214233, 115.565711975, 116.157821655, 116.749931335, 117.342041016, 117.922538757, 118.514648438, 119.106758118, 119.698867798, 120.27936554, 120.859863281, 121.451972961, 122.044082642, 122.624580383, 123.205078125, 123.808792114, 124.389297485, 124.969795227, 125.550292969, 126.142402649, 126.734512329, 127.315010071, 127.895507812, 128.487609863, 129.079727173, 129.660217285, 130.240722656, 130.832824707, 131.424942017, 132.005432129, 132.609161377, 133.212875366, 133.816589355, 134.420318604, 135.012420654, 135.581314087, 136.161804199, 136.74230957, 137.334411621, 137.903305054, 138.483810425, 139.064300537, 139.644805908, 140.225296021, 140.81741333, 141.397918701, 141.990020752, 142.582122803, 143.174240112, 143.766342163, 144.358459473, 144.950561523, 145.531066895, 146.099945068, 146.680450439, 147.27255249, 147.8646698, 148.445159912, 149.037277222, 149.629379272, 150.209884644, 150.790390015, 151.382492065, 151.974594116, 152.566711426, 153.147201538, 153.739318848, 154.331420898, 154.923538208, 155.50402832, 156.084533691, 156.676635742, 157.268753052, 157.849243164, 158.429748535, 159.021850586, 159.613967896, 160.194458008, 160.774963379, 161.36706543, 161.959182739, 162.539672852, 163.120178223, 163.723892212, 164.304397583, 164.884887695, 165.477005005, 166.069107056, 166.649612427, 167.230117798, 167.81060791, 168.391113281, 168.994827271, 169.586929321, 170.179046631, 170.759536743, 171.351654053, 171.932144165, 172.524261475, 173.116363525, 173.708480835, 174.288970947, 174.869476318, 175.461578369, 176.053695679, 176.634185791, 177.226303101, 177.818405151, 178.398910522, 178.979400635, 179.571517944, 180.163619995, 180.744125366, 181.324615479, 181.90512085, 182.4972229, 183.08934021, 183.669830322, 184.261947632, 184.854049683, 185.446166992, 186.026657104, 186.618774414, 187.210876465, 187.802993774, 188.383483887, 188.963989258, 189.556091309, 190.148208618, 190.72869873, 191.309204102, 191.901306152, 192.493423462, 193.073913574, 193.666030884, 194.258132935, 194.838638306, 195.419128418, 195.999633789, 196.59173584, 197.183853149, 197.764343262, 198.356460571, 198.948562622, 199.529067993, 200.109558105, 200.701675415, 201.293777466, 201.897506714, 202.477996826, 203.070114136, 203.662216187, 204.242721558, 204.82321167, 205.403717041, 205.984207153, 206.576324463, 207.156814575, 207.725708008, 208.306213379, 208.875091553, 209.455596924, 210.036102295, 210.616592407, 211.197097778, 211.800811768],
    "bpm_histogram": [0, 0, 0, 0, 0, 0, 0, 0, 0, 0, 0, 0, 0, 0, 0, 0, 0, 0, 0, 0, 0, 0, 0, 0, 0, 0, 0, 0, 0, 0, 0, 0, 0, 0, 0, 0, 0, 0, 0, 0, 0, 0, 0, 0, 0, 0, 0, 0, 0, 0, 0, 0, 0, 0, 0, 0, 0, 0, 0, 0, 0, 0, 0, 0, 0, 0, 0, 0, 0, 0, 0, 0, 0, 0, 0, 0, 0, 0, 0, 0, 0, 0, 0, 0, 0, 0, 0, 0, 0, 0, 0, 0, 0, 0, 0, 0, 0, 0, 0, 0.0305555555969, 0, 0.505555570126, 0, 0.43888887763, 0, 0.0194444451481, 0, 0, 0.00277777784504, 0, 0.00277777784504, 0, 0, 0, 0, 0, 0, 0, 0, 0, 0, 0, 0, 0, 0, 0, 0, 0, 0, 0, 0, 0, 0, 0, 0, 0, 0, 0, 0, 0, 0, 0, 0, 0, 0, 0, 0, 0, 0, 0, 0, 0, 0, 0, 0, 0, 0, 0, 0, 0, 0, 0, 0, 0, 0, 0, 0, 0, 0, 0, 0, 0, 0, 0, 0, 0, 0, 0, 0, 0, 0, 0, 0, 0, 0, 0, 0, 0, 0, 0, 0, 0, 0, 0, 0, 0, 0, 0, 0, 0, 0, 0, 0, 0, 0, 0, 0, 0, 0, 0, 0, 0, 0, 0, 0, 0, 0, 0, 0, 0, 0, 0, 0, 0, 0, 0, 0, 0, 0, 0, 0, 0, 0, 0, 0, 0, 0, 0, 0, 0, 0, 0, 0, 0, 0, 0, 0, 0, 0, 0]
},
"tonal": {
    "chords_changes_rate": 0.131745681167,
    "chords_number_rate": 0.00284028844908,
    "chords_strength": {
        "mean": 0.536071002483,
        "stdev": 0.10223992914
    },
    "hpcp_crest": {
        "mean": 11.6612300873,
        "stdev": 6.01882314682
    },
    "hpcp_entropy": {
        "mean": 2.32214426994,
        "stdev": 0.857310891151
    },
    "key_edma": {
        "strength": 0.659694910049,
        "key": "D",
        "scale": "minor"
    },
    "key_krumhansl": {
        "strength": 0.67087328434,
        "key": "D",
        "scale": "minor"
    },
    "key_temperley": {
        "strength": 0.69448196888,
        "key": "D",
        "scale": "minor"
    },
    "tuning_diatonic_strength": 0.673459410667,
    "tuning_equal_tempered_deviation": 0.188656017184,
    "tuning_frequency": 433.942382812,
    "tuning_nontempered_energy_ratio": 0.879946470261,
    "hpcp": {
        "mean": [0.176835209131, 0.214159086347, 0.277336269617, 0.249812990427, 0.16540017724, 0.114556774497, 0.0711508989334, 0.0594419538975, 0.0728410333395, 0.0889649838209, 0.100606776774, 0.122965879738, 0.145317897201, 0.155937880278, 0.187053546309, 0.221807315946, 0.191696882248, 0.126091867685, 0.0912763550878, 0.0710064768791, 0.0560939088464, 0.0576830618083, 0.0689856186509, 0.0792037397623, 0.0884515419602, 0.0829452648759, 0.0772214978933, 0.077166557312, 0.0811736211181, 0.0887943208218, 0.0952940955758, 0.0953658744693, 0.0841118022799, 0.0918770357966, 0.123298682272, 0.156365916133],
        "stdev": [0.292669028044, 0.305876135826, 0.358654588461, 0.334602355957, 0.277988344431, 0.236659169197, 0.178636699915, 0.150391831994, 0.173049241304, 0.205093935132, 0.211354419589, 0.238407447934, 0.26664480567, 0.26334759593, 0.286493092775, 0.323702991009, 0.298237472773, 0.216419503093, 0.175699934363, 0.149071544409, 0.128274306655, 0.132654055953, 0.148369729519, 0.158710300922, 0.192094117403, 0.177120268345, 0.171235740185, 0.161297485232, 0.175311014056, 0.187710389495, 0.193681895733, 0.202921643853, 0.183505550027, 0.191597655416, 0.231598928571, 0.267369896173]
    },
    "chords_histogram": [5.00327730179, 1.72602140903, 1.42014420033, 0, 0.262180477381, 0.611754417419, 0.240332096815, 9.74437427521, 23.3559093475, 3.84531354904, 0.830238163471, 1.02687346935, 0.39327070117, 0.152938604355, 0.458815813065, 2.01005029678, 1.02687346935, 2.09744381905, 0.48066419363, 0.611754417419, 0.13109023869, 1.26720559597, 39.2178268433, 4.08564567566],
    "thpcp": [1, 0.900758445263, 0.596388578415, 0.413060933352, 0.256550997496, 0.214331701398, 0.262645184994, 0.320783793926, 0.362760990858, 0.443381905556, 0.523977279663, 0.56227004528, 0.674464762211, 0.799777507782, 0.691207408905, 0.454653352499, 0.32911798358, 0.256030261517, 0.202259555459, 0.207989603281, 0.248743593693, 0.285587370396, 0.31893247366, 0.299078315496, 0.278439939022, 0.278241842985, 0.292690247297, 0.320168435574, 0.343604892492, 0.34386369586, 0.303284525871, 0.331283867359, 0.444581896067, 0.563813447952, 0.637620210648, 0.77220004797],
    "chords_key": "G",
    "chords_scale": "minor"
}
}