{
"metadata": {
    "version": {
        "essentia": "2.1-dev",
        "essentia_git_sha": "v2.1_beta3-415-gd5473f3",
        "extractor": "music 2.0"
    },
    "audio_properties": {
        "analysis": {
            "equal_loudness": 0,
            "length": 231.706115723,
            "sample_rate": 44100,
            "start_time": 0,
            "downmix": "mix"
        },
        "bit_rate": 192000,
        "length": 231.706115723,
        "lossless": 0,
        "number_channels": 2,
        "replay_gain": -6.6568813324,
        "sample_rate": 44100,
        "codec": "mp3",
        "md5_encoded": "71b6b257c7091c9e3ab843dc7be9a487"
    },
    "tags": {
        "file_name": "de_la_soul-ego_trippin.mp3",
        "artist": ["De La Soul"],
        "genre": ["Other"],
        "title": ["Ego Trippin'"]
    }
},
"lowlevel": {
    "average_loudness": 0.956851482391,
    "barkbands_crest": {
        "mean": 13.3522605896,
        "stdev": 4.63098859787
    },
    "barkbands_flatness_db": {
        "mean": 0.215151757002,
        "stdev": 0.0857241973281
    },
    "barkbands_kurtosis": {
        "mean": 29.9688968658,
        "stdev": 56.6617355347
    },
    "barkbands_skewness": {
        "mean": 3.62136030197,
        "stdev": 3.06732940674
    },
    "barkbands_spread": {
        "mean": 16.9039840698,
        "stdev": 14.7895498276
    },
    "dissonance": {
        "mean": 0.460051655769,
        "stdev": 0.0377712063491
    },
    "dynamic_complexity": 3.56164312363,
    "erbbands_crest": {
        "mean": 9.85735988617,
        "stdev": 4.723695755
    },
    "erbbands_flatness_db": {
        "mean": 0.163594186306,
        "stdev": 0.0399166308343
    },
    "erbbands_kurtosis": {
        "mean": 0.945779085159,
        "stdev": 7.02620029449
    },
    "erbbands_skewness": {
        "mean": 0.277005702257,
        "stdev": 1.11373460293
    },
    "erbbands_spread": {
        "mean": 56.8317260742,
        "stdev": 31.703245163
    },
    "hfc": {
        "mean": 16.6224269867,
        "stdev": 17.4225158691
    },
    "loudness_ebu128": {
        "integrated": -16.0277099609,
        "loudness_range": 4.18681812286,
        "momentary": {
            "mean": -17.341211319,
            "stdev": 4.68465232849
        },
        "short_term": {
            "mean": -16.7644081116,
            "stdev": 3.09621882439
        }
    },
    "melbands_crest": {
        "mean": 20.9193305969,
        "stdev": 7.68827724457
    },
    "melbands_flatness_db": {
        "mean": 0.280847638845,
        "stdev": 0.10601079464
    },
    "melbands_kurtosis": {
        "mean": 92.8344650269,
        "stdev": 168.37109375
    },
    "melbands_skewness": {
        "mean": 6.11851453781,
        "stdev": 4.8663611412
    },
    "melbands_spread": {
        "mean": 15.7036428452,
        "stdev": 19.8592243195
    },
    "pitch_salience": {
        "mean": 0.429561257362,
        "stdev": 0.164850205183
    },
    "silence_rate_20dB": {
        "mean": 0.990480959415,
        "stdev": 0.0971036702394
    },
    "silence_rate_30dB": {
        "mean": 0.827855706215,
        "stdev": 0.37752327323
    },
    "silence_rate_60dB": {
        "mean": 0.0864729434252,
        "stdev": 0.281083971262
    },
    "spectral_centroid": {
        "mean": 1203.10327148,
        "stdev": 722.685180664
    },
    "spectral_complexity": {
        "mean": 12.5407819748,
        "stdev": 10.7726554871
    },
    "spectral_decrease": {
        "mean": -1.45891450032e-08,
        "stdev": 1.8132046975e-08
    },
    "spectral_energy": {
        "mean": 0.0565704591572,
        "stdev": 0.0689809694886
    },
    "spectral_energyband_high": {
        "mean": 0.0008032200858,
        "stdev": 0.00139307521749
    },
    "spectral_energyband_low": {
        "mean": 0.0451228246093,
        "stdev": 0.0675700381398
    },
    "spectral_energyband_middle_high": {
        "mean": 0.00340313301422,
        "stdev": 0.00488319853321
    },
    "spectral_energyband_middle_low": {
        "mean": 0.0094898417592,
        "stdev": 0.0138259325176
    },
    "spectral_entropy": {
        "mean": 7.45503807068,
        "stdev": 0.528243303299
    },
    "spectral_flux": {
        "mean": 0.098929092288,
        "stdev": 0.086990788579
    },
    "spectral_kurtosis": {
        "mean": 2.96301031113,
        "stdev": 3.85467863083
    },
    "spectral_rms": {
        "mean": 0.00635541649535,
        "stdev": 0.00384700647555
    },
    "spectral_rolloff": {
        "mean": 929.692565918,
        "stdev": 1418.48242188
    },
    "spectral_skewness": {
        "mean": 1.25127339363,
        "stdev": 0.548147797585
    },
    "spectral_spread": {
        "mean": 5028305.5,
        "stdev": 1568114.125
    },
    "spectral_strongpeak": {
        "mean": 0.640949785709,
        "stdev": 0.593616902828
    },
    "zerocrossingrate": {
        "mean": 0.0423559993505,
        "stdev": 0.0384622067213
    },
    "barkbands": {
        "mean": [0.00516400486231, 0.0274632759392, 0.0102944364771, 0.00329678179696, 0.00310352351516, 0.00097523414297, 0.000815847073682, 0.000628956884611, 0.000588691735175, 0.000243099566433, 0.000339076097589, 0.000556777580641, 0.000533136131708, 0.000374651397578, 0.000281809217995, 0.000270534626907, 0.000286002759822, 0.000254989368841, 0.000204213953111, 0.000180466638994, 0.000212155078771, 0.000207332661375, 0.000139311756357, 0.000108303298475, 4.13301750086e-05, 6.33699437458e-06, 8.12963776298e-08],
        "stdev": [0.0093040233478, 0.0554930008948, 0.0178234241903, 0.00649923318997, 0.00786997750401, 0.0023825687822, 0.00229639932513, 0.0020685410127, 0.00187050027307, 0.000682692683768, 0.00108290463686, 0.00148257112596, 0.00138514477294, 0.00101410597563, 0.00067835196387, 0.000593045726418, 0.000553453341126, 0.000570870528463, 0.000363438070053, 0.000344952917658, 0.000381625723094, 0.000453053624369, 0.000305114634102, 0.000225492476602, 0.00013973141904, 3.33507050527e-05, 3.7175263401e-07]
    },
    "erbbands": {
        "mean": [1.41520857811, 3.75386977196, 9.53304195404, 14.5123767853, 9.88167285919, 9.77704429626, 8.35666847229, 8.12346363068, 10.4246912003, 14.3738899231, 12.6155042648, 14.4321737289, 9.13150119781, 9.32230758667, 17.1831703186, 23.2370586395, 24.7278594971, 20.3215179443, 16.7006568909, 14.0407552719, 16.0071544647, 16.2917232513, 14.4138641357, 11.4500350952, 9.78631210327, 8.54510116577, 7.26988983154, 9.1418056488, 7.88761043549, 5.94817590714, 3.45283293724, 2.60684013367, 1.55162191391, 0.648797869682, 0.19919937849, 0.0504396632314, 0.00770587893203, 0.00072331255069, 4.71445418952e-05, 6.50921065244e-05],
        "stdev": [2.77282810211, 9.23228168488, 17.5832195282, 24.9130878448, 24.7741241455, 23.545135498, 17.6244392395, 24.1446285248, 28.9249687195, 42.1155433655, 39.2221946716, 49.2328109741, 25.9232597351, 24.1229114532, 49.3465805054, 60.0199317932, 62.6642723083, 52.4757270813, 39.2154808044, 30.262796402, 35.3557167053, 31.0560569763, 28.6283035278, 23.7034111023, 17.3809967041, 17.1932525635, 14.2410392761, 16.3642234802, 16.8742446899, 14.2101345062, 7.92641687393, 5.59484577179, 3.52186775208, 1.97516679764, 0.793163120747, 0.266918003559, 0.0416951961815, 0.00389129738323, 9.09767186386e-05, 7.51796906115e-05]
    },
    "gfcc": {
        "mean": [-44.2968215942, 94.5171127319, -102.37487793, 68.6206054688, -53.4077529907, 21.8840637207, -36.7369537354, 3.60687589645, -19.3882789612, -5.41424274445, -10.6512498856, -9.3331079483, -9.21556663513],
        "cov": [[8919.9921875, -65.8648376465, -793.175537109, -22.4108562469, -353.498016357, 503.497192383, 84.0231628418, -8.15142917633, 16.2216358185, 1.3106790781, -58.6469345093, -117.009178162, -62.5085411072], [-65.8648376465, 1250.8269043, -3.84431529045, -278.131286621, 140.064086914, -207.942626953, 223.652313232, -28.8810348511, 168.443817139, -55.9398498535, 113.724060059, -87.0501327515, 87.5869750977], [-793.175537109, -3.84431529045, 1312.77380371, 622.864257812, 157.760574341, 78.5908660889, 178.232971191, 87.9241256714, 164.109527588, 66.5194320679, 104.45790863, 27.688457489, 111.631965637], [-22.4108562469, -278.131286621, 622.864257812, 848.338134766, 197.891220093, 71.118019104, 104.488815308, -1.36111962795, 107.142959595, 23.0727863312, 73.8545684814, 13.0452203751, 112.443305969], [-353.498016357, 140.064086914, 157.760574341, 197.891220093, 566.897033691, 76.138168335, 89.5467758179, 22.1761169434, 68.7858581543, 48.1255760193, 103.849662781, 58.6458358765, 63.1242103577], [503.497192383, -207.942626953, 78.5908660889, 71.118019104, 76.138168335, 475.074707031, 237.591964722, 23.3012428284, -2.08469510078, 48.6555557251, 38.9665565491, 44.2713623047, 46.4291496277], [84.0231628418, 223.652313232, 178.232971191, 104.488815308, 89.5467758179, 237.591964722, 515.381164551, 72.7546844482, 63.2436485291, 8.13486099243, 81.9213256836, 42.6980552673, 86.1016540527], [-8.15142917633, -28.8810348511, 87.9241256714, -1.36111962795, 22.1761169434, 23.3012428284, 72.7546844482, 210.504455566, 103.307754517, 56.1471710205, 40.0950164795, 29.2204971313, 13.5964918137], [16.2216358185, 168.443817139, 164.109527588, 107.142959595, 68.7858581543, -2.08469510078, 63.2436485291, 103.307754517, 282.00177002, 102.511680603, 77.9297561646, -13.0585384369, 65.0492019653], [1.3106790781, -55.9398498535, 66.5194320679, 23.0727863312, 48.1255760193, 48.6555557251, 8.13486099243, 56.1471710205, 102.511680603, 180.172607422, 70.022064209, 19.7614536285, 20.698677063], [-58.6469345093, 113.724060059, 104.45790863, 73.8545684814, 103.849662781, 38.9665565491, 81.9213256836, 40.0950164795, 77.9297561646, 70.022064209, 178.740539551, 53.7332458496, 55.740146637], [-117.009178162, -87.0501327515, 27.688457489, 13.0452203751, 58.6458358765, 44.2713623047, 42.6980552673, 29.2204971313, -13.0585384369, 19.7614536285, 53.7332458496, 144.03414917, 46.75258255], [-62.5085411072, 87.5869750977, 111.631965637, 112.443305969, 63.1242103577, 46.4291496277, 86.1016540527, 13.5964918137, 65.0492019653, 20.698677063, 55.740146637, 46.75258255, 167.661270142]],
        "icov": [[0.000151237036334, -0.000177599111339, 0.000176269226358, -0.000241667439695, 0.000177866953891, -0.000336804601829, 0.000150709267473, -0.000140510906931, 2.76574646705e-05, -6.62690144964e-05, 7.56684748922e-05, -4.3127045501e-05, 0.000138497547596], [-0.000177599111339, 0.00305218505673, -0.000677959993482, 0.00237299664877, -0.00120030972175, 0.00231599458493, -0.002082336694, 0.00185953499749, -0.00185733300168, 0.00185855594464, -0.00202011875808, 0.00248265778646, -0.00160115014296], [0.000176269226358, -0.000677959993482, 0.00153960066382, -0.00150443054736, 0.000420780008426, -0.000653066672385, 0.000293394812616, -0.000780932372436, 0.000177489899215, -0.000499656714965, 0.000295474688755, -0.000469218211947, 0.000364266539691], [-0.000241667439695, 0.00237299664877, -0.00150443054736, 0.00395789183676, -0.00142297521234, 0.00179983745329, -0.0015505409101, 0.00196625618264, -0.00168332934845, 0.0017123966245, -0.0016094999155, 0.0020897553768, -0.00191427266691], [0.000177866953891, -0.00120030972175, 0.000420780008426, -0.00142297521234, 0.00270517077297, -0.00121666013729, 0.00078500318341, -0.000624149281066, 0.000449613929959, -0.000739504175726, -4.77430257888e-05, -0.00142155890353, 0.000662565696985], [-0.000336804601829, 0.00231599458493, -0.000653066672385, 0.00179983745329, -0.00121666013729, 0.00505194999278, -0.00307129439898, 0.00156961672474, -0.000561160384677, 7.90915946709e-05, -0.00104983185884, 0.00141981791239, -0.00143761222716], [0.000150709267473, -0.002082336694, 0.000293394812616, -0.0015505409101, 0.00078500318341, -0.00307129439898, 0.00448758294806, -0.00204182439484, 0.000945991196204, -8.11411591712e-05, 0.0004308395728, -0.0015134854475, 0.000326300505549], [-0.000140510906931, 0.00185953499749, -0.000780932372436, 0.00196625618264, -0.000624149281066, 0.00156961672474, -0.00204182439484, 0.00778084341437, -0.00356291071512, 0.000436561036622, -0.000941661477555, -0.000289610441541, 0.000117632334877], [2.76574646705e-05, -0.00185733300168, 0.000177489899215, -0.00168332934845, 0.000449613929959, -0.000561160384677, 0.000945991196204, -0.00356291071512, 0.00781591236591, -0.00381154101342, 0.000142448931001, 0.000986781320535, -0.00110378977843], [-6.62690144964e-05, 0.00185855594464, -0.000499656714965, 0.0017123966245, -0.000739504175726, 7.90915946709e-05, -8.11411591712e-05, 0.000436561036622, -0.00381154101342, 0.00962230563164, -0.00356757687405, 0.0010017643217, -0.000350990361767], [7.56684748922e-05, -0.00202011875808, 0.000295474688755, -0.0016094999155, -4.77430257888e-05, -0.00104983185884, 0.0004308395728, -0.000941661477555, 0.000142448931001, -0.00356757687405, 0.0101299369708, -0.00402970053256, 0.000271115539363], [-4.3127045501e-05, 0.00248265778646, -0.000469218211947, 0.0020897553768, -0.00142155890353, 0.00141981791239, -0.0015134854475, -0.000289610441541, 0.000986781320535, 0.0010017643217, -0.00402970053256, 0.0116742327809, -0.00388156063855], [0.000138497547596, -0.00160115014296, 0.000364266539691, -0.00191427266691, 0.000662565696985, -0.00143761222716, 0.000326300505549, 0.000117632334877, -0.00110378977843, -0.000350990361767, 0.000271115539363, -0.00388156063855, 0.00932914298028]]
    },
    "melbands": {
        "mean": [0.0097706085071, 0.00496298959479, 0.00235814484768, 0.000733802095056, 0.000307054899167, 0.000180743314559, 0.000165073157405, 0.00015737809008, 9.82173369266e-05, 8.91092349775e-05, 4.3582116632e-05, 3.54158473783e-05, 5.2225041145e-05, 6.45455220365e-05, 5.64111542189e-05, 5.04308882228e-05, 3.64003972209e-05, 2.78048210021e-05, 2.05518972507e-05, 1.70590647031e-05, 1.93884316104e-05, 1.74100223376e-05, 1.40688625834e-05, 1.15052407637e-05, 9.06881177798e-06, 7.90542981122e-06, 6.50661422696e-06, 5.34551918463e-06, 4.28496969107e-06, 5.01115391671e-06, 5.33004777026e-06, 4.53683560409e-06, 3.84530403608e-06, 3.12305951411e-06, 1.99995406547e-06, 1.68476287854e-06, 1.5616589053e-06, 1.18336481592e-06, 7.61705337027e-07, 4.71546968583e-07],
        "stdev": [0.0190650951117, 0.00911145750433, 0.00387169234455, 0.00196867948398, 0.000613537966274, 0.000504520838149, 0.000444711884484, 0.000458546157461, 0.000298830651445, 0.000301646592561, 0.000129183594254, 9.49599416344e-05, 0.000161127565661, 0.00017597398255, 0.000144209363498, 0.00013350766676, 0.000103279322502, 7.04465201125e-05, 4.97271284985e-05, 3.66543972632e-05, 4.60465089418e-05, 3.501318497e-05, 2.62695139099e-05, 2.80404747173e-05, 1.93817031686e-05, 1.57631675393e-05, 1.19677961266e-05, 1.16989049275e-05, 9.12493942451e-06, 9.40780591918e-06, 9.95122081804e-06, 9.41073631111e-06, 1.00827501228e-05, 7.33547221898e-06, 4.80138669445e-06, 4.07887273468e-06, 3.2746679608e-06, 2.59649004875e-06, 2.17436650018e-06, 1.5743013364e-06]
    },
    "melbands128": {
        "mean": [0.00495175318792, 0.0141230598092, 0.010059883818, 0.0048494329676, 0.00423186318949, 0.00538601679727, 0.00328586669639, 0.0012063132599, 0.00093826232478, 0.000916207151022, 0.000544136913959, 0.000347829336533, 0.000314509496093, 0.000173503329279, 0.000174516957486, 0.000196699358639, 0.000150434789248, 0.000163434728165, 0.000177803434781, 0.000164153403603, 0.000157099275384, 0.000122201294289, 8.17100008135e-05, 7.92018545326e-05, 0.000106831517769, 9.15562995942e-05, 5.28271739313e-05, 3.92127112718e-05, 3.3118238207e-05, 3.3197360608e-05, 3.35230688506e-05, 4.50156439911e-05, 5.45389557374e-05, 5.41783701919e-05, 6.40606158413e-05, 7.06204518792e-05, 6.15397948422e-05, 4.85619093524e-05, 6.17611949565e-05, 5.70281881664e-05, 4.91795908601e-05, 3.95891765947e-05, 3.56907767127e-05, 3.64121115126e-05, 3.12582087645e-05, 2.71325679932e-05, 2.21409663936e-05, 2.14404826693e-05, 1.92003117263e-05, 1.85823610082e-05, 1.61177849805e-05, 1.59913342941e-05, 1.98552606889e-05, 2.0338129616e-05, 1.93138585018e-05, 1.76258199645e-05, 1.5780209651e-05, 1.37956758408e-05, 1.28523397507e-05, 1.5366676962e-05, 1.07053010652e-05, 1.01238802017e-05, 9.20155707718e-06, 8.20380864752e-06, 9.53546350502e-06, 8.9832019512e-06, 6.05067270953e-06, 6.26633755019e-06, 6.86060820954e-06, 6.4536766331e-06, 5.6775666053e-06, 4.51263622381e-06, 4.50649304184e-06, 4.18242007072e-06, 4.0350278141e-06, 4.68547250421e-06, 5.64382207813e-06, 5.70238580622e-06, 5.58669262318e-06, 4.4695680117e-06, 4.83921667183e-06, 4.20693686465e-06, 4.53419943369e-06, 3.87628688259e-06, 3.13955933962e-06, 3.69742929252e-06, 2.94873348139e-06, 2.31893932323e-06, 2.03225317819e-06, 1.68572580606e-06, 1.68113547261e-06, 1.72276622834e-06, 1.60261686233e-06, 1.6371784568e-06, 1.4681615994e-06, 1.39161409152e-06, 1.08750805339e-06, 9.60627858149e-07, 7.74231807554e-07, 6.75187891375e-07, 5.60966157082e-07, 4.57476090787e-07, 3.3662550436e-07, 2.55995132648e-07, 2.10512709486e-07, 1.69432183839e-07, 1.49470253064e-07, 1.10069088066e-07, 7.84081422012e-08, 5.48707568271e-08, 3.33244152273e-08, 2.59383536871e-08, 1.98425205156e-08, 1.55838471017e-08, 1.05623376712e-08, 6.2668390477e-09, 3.14381853883e-09, 3.65104446676e-10, 6.92777692851e-12, 6.60997341931e-12, 6.1438488845e-12, 6.00958605795e-12, 5.6901493066e-12, 5.59913877415e-12, 5.51450421785e-12, 5.46141604163e-12, 5.42192202593e-12, 5.37776724194e-12],
        "stdev": [0.00898030307144, 0.0276756752282, 0.0234367158264, 0.0133248465136, 0.00931939855218, 0.00899755395949, 0.00592714874074, 0.00250256899744, 0.00275947200134, 0.00313197658397, 0.00140639860183, 0.000775249907747, 0.000764324970078, 0.000470790255349, 0.000621874583885, 0.000789389887359, 0.000563563953619, 0.000617093464825, 0.000685183680616, 0.000635331496596, 0.00065862754127, 0.000542206922546, 0.000331045041094, 0.000362178048817, 0.000512867758516, 0.000368501147022, 0.00022279539553, 0.000173250562511, 0.000122542973259, 0.000109543027065, 0.000129225372802, 0.000175830806256, 0.000218228771701, 0.000214015235542, 0.000222591930651, 0.000250584213063, 0.000220431189518, 0.00017153416411, 0.000223111943342, 0.000205023461604, 0.000179032474989, 0.00014910788741, 0.000137590337545, 0.000146529942867, 0.000103347396362, 9.08520087251e-05, 7.44753342588e-05, 7.09582236595e-05, 6.07288020547e-05, 5.46526716789e-05, 4.37727685494e-05, 4.25421749242e-05, 5.77931095904e-05, 5.76464553887e-05, 4.51055821031e-05, 4.35738547822e-05, 4.03016019845e-05, 3.13078089675e-05, 3.01325617329e-05, 3.82087418984e-05, 3.23831154674e-05, 3.59647783625e-05, 2.97255664918e-05, 1.76579778781e-05, 2.14277515624e-05, 2.36436717387e-05, 1.53176679305e-05, 1.49153320308e-05, 1.42965909617e-05, 1.50063951878e-05, 1.52016709762e-05, 1.11716271931e-05, 1.15973070933e-05, 9.66077641351e-06, 9.45981446421e-06, 1.00802362795e-05, 1.12383113446e-05, 1.3469399164e-05, 1.17633326226e-05, 9.16873068491e-06, 1.04938762888e-05, 1.01086061477e-05, 1.30925436679e-05, 1.14468584798e-05, 9.39267556532e-06, 9.42831866269e-06, 7.04062222212e-06, 5.43431679034e-06, 5.59462750971e-06, 4.56106499769e-06, 4.92436629429e-06, 4.14827718487e-06, 4.15751446781e-06, 3.74259548153e-06, 3.1451797895e-06, 2.86897193291e-06, 2.75016623164e-06, 2.92372874355e-06, 2.34109870689e-06, 2.04929665415e-06, 2.00355611923e-06, 1.64559537552e-06, 1.18868172194e-06, 9.88961119219e-07, 8.94304548638e-07, 9.31481395128e-07, 1.24960138237e-06, 7.0663469387e-07, 4.57165697298e-07, 3.47654889765e-07, 1.60885775813e-07, 1.52222824568e-07, 1.23620168324e-07, 1.21575197909e-07, 7.85701814721e-08, 3.85928977664e-08, 1.45057166279e-08, 2.06048644813e-09, 5.61370706864e-11, 4.82634661403e-11, 2.2956208115e-11, 2.17200684521e-11, 1.13584835981e-11, 1.11689867424e-11, 1.10022390504e-11, 1.08752416794e-11, 1.0781157217e-11, 1.07208287387e-11]
    },
    "mfcc": {
        "mean": [-683.454772949, 103.773841858, 20.4543266296, 42.6827545166, 16.4085006714, 16.7255458832, 3.09104704857, 6.55650281906, -1.14869368076, -0.0158676877618, 0.199205726385, 2.60184884071, -4.61872291565],
        "cov": [[8975.57324219, -223.946563721, -696.012634277, -512.099853516, -382.02142334, 248.922393799, -24.2903747559, 63.3147621155, 12.7481002808, 30.9297237396, -1.48357439041, 94.1410369873, -100.635185242], [-223.946563721, 1386.01647949, -232.630523682, -153.490875244, -87.1597824097, -158.124191284, 15.3628225327, -14.2631750107, 54.827671051, 3.09568715096, 41.521686554, 85.6818466187, 27.1974105835], [-696.012634277, -232.630523682, 1147.48876953, 454.815704346, 69.9768753052, 147.464904785, 76.7197113037, 91.1439666748, 137.4115448, 97.5530929565, 57.3234405518, 63.8980789185, 60.5348777771], [-512.099853516, -153.490875244, 454.815704346, 755.276733398, 254.569625854, 93.9914169312, 38.6924743652, 50.6630249023, 59.2955970764, 79.9493942261, 17.3996925354, -11.6689519882, 56.5680999756], [-382.02142334, -87.1597824097, 69.9768753052, 254.569625854, 505.050354004, 64.3805084229, -19.114730835, -29.0769863129, -3.03251934052, 57.825378418, 23.9482269287, 15.7883777618, 55.1029968262], [248.922393799, -158.124191284, 147.464904785, 93.9914169312, 64.3805084229, 441.615081787, 229.741577148, 110.255050659, 79.9264678955, 47.0453720093, 28.9717216492, 47.503818512, 11.8182153702], [-24.2903747559, 15.3628225327, 76.7197113037, 38.6924743652, -19.114730835, 229.741577148, 355.985992432, 161.315567017, 54.7248268127, 18.947101593, 36.553314209, 41.9569778442, 20.0066394806], [63.3147621155, -14.2631750107, 91.1439666748, 50.6630249023, -29.0769863129, 110.255050659, 161.315567017, 247.920806885, 81.181060791, 31.3967323303, 42.3702697754, 16.728395462, 22.0361938477], [12.7481002808, 54.827671051, 137.4115448, 59.2955970764, -3.03251934052, 79.9264678955, 54.7248268127, 81.181060791, 204.076385498, 92.6251068115, 35.917591095, 51.2414855957, 28.957326889], [30.9297237396, 3.09568715096, 97.5530929565, 79.9493942261, 57.825378418, 47.0453720093, 18.947101593, 31.3967323303, 92.6251068115, 192.850112915, 92.2568969727, 34.0025062561, 28.904586792], [-1.48357439041, 41.521686554, 57.3234405518, 17.3996925354, 23.9482269287, 28.9717216492, 36.553314209, 42.3702697754, 35.917591095, 92.2568969727, 178.268280029, 73.3134918213, 16.8983764648], [94.1410369873, 85.6818466187, 63.8980789185, -11.6689519882, 15.7883777618, 47.503818512, 41.9569778442, 16.728395462, 51.2414855957, 34.0025062561, 73.3134918213, 161.80557251, 61.4389762878], [-100.635185242, 27.1974105835, 60.5348777771, 56.5680999756, 55.1029968262, 11.8182153702, 20.0066394806, 22.0361938477, 28.957326889, 28.904586792, 16.8983764648, 61.4389762878, 138.166992188]],
        "icov": [[0.00013381538156, 3.36643170158e-05, 9.7991542134e-05, 1.6111507648e-05, 0.000108740758151, -0.000145273006638, 0.000133276640554, -8.99471560842e-05, 4.19229290856e-05, -0.000114455928269, 8.28295960673e-05, -0.000189083613805, 9.45232677623e-05], [3.36643170158e-05, 0.000877643644344, 0.000215398322325, 1.15813436423e-05, 8.67589988047e-05, 0.000465850054752, -0.000318837206578, 0.000151228989125, -0.000436365080532, 6.63011887809e-05, -7.82701245043e-05, -0.000488841382321, 4.77825051348e-06], [9.7991542134e-05, 0.000215398322325, 0.00139005307574, -0.000784910283983, 0.000370688299881, -0.000214095081901, 0.000137265567901, -9.3644077424e-05, -0.00048575134133, -8.95063640201e-05, -6.02613508818e-05, -0.000571715820115, -1.10301707537e-05], [1.6111507648e-05, 1.15813436423e-05, -0.000784910283983, 0.00223212642595, -0.000962488702498, -3.04243894789e-05, -6.80264929542e-05, -0.000207588396734, -4.58829454146e-05, -0.000301354302792, 0.000112051980977, 0.000784294737969, -0.000420910073444], [0.000108740758151, 8.67589988047e-05, 0.000370688299881, -0.000962488702498, 0.00280445953831, -0.000670762034133, 0.000486393488245, 0.000362386723282, 0.000505427538883, -0.000632029841654, -9.15218479349e-05, -0.000271053548204, -0.000737520400435], [-0.000145273006638, 0.000465850054752, -0.000214095081901, -3.04243894789e-05, -0.000670762034133, 0.0042580505833, -0.00268699321896, 0.000163579912623, -0.000884830835275, -0.000193333762581, 0.000368093373254, -0.000680621829815, 0.00065855338471], [0.000133276640554, -0.000318837206578, 0.000137265567901, -6.80264929542e-05, 0.000486393488245, -0.00268699321896, 0.00581202656031, -0.00281725567766, 0.000750590814278, 0.000140866395668, -6.51696464047e-05, -0.00063191523077, -0.000126676168293], [-8.99471560842e-05, 0.000151228989125, -9.3644077424e-05, -0.000207588396734, 0.000362386723282, 0.000163579912623, -0.00281725567766, 0.00686869723722, -0.00235298252665, 0.000978215946816, -0.00172798160929, 0.00165264564566, -0.00105037260801], [4.19229290856e-05, -0.000436365080532, -0.00048575134133, -4.58829454146e-05, 0.000505427538883, -0.000884830835275, 0.000750590814278, -0.00235298252665, 0.00842516776174, -0.00402277708054, 0.00199922616594, -0.00218507065438, 0.0002916691883], [-0.000114455928269, 6.63011887809e-05, -8.95063640201e-05, -0.000301354302792, -0.000632029841654, -0.000193333762581, 0.000140866395668, 0.000978215946816, -0.00402277708054, 0.00957863219082, -0.00496052578092, 0.00202702707611, -0.00129705516156], [8.28295960673e-05, -7.82701245043e-05, -6.02613508818e-05, 0.000112051980977, -9.15218479349e-05, 0.000368093373254, -6.51696464047e-05, -0.00172798160929, 0.00199922616594, -0.00496052578092, 0.00991967786103, -0.00465556653216, 0.00182203447912], [-0.000189083613805, -0.000488841382321, -0.000571715820115, 0.000784294737969, -0.000271053548204, -0.000680621829815, -0.00063191523077, 0.00165264564566, -0.00218507065438, 0.00202702707611, -0.00465556653216, 0.0111192911863, -0.00445902021602], [9.45232677623e-05, 4.77825051348e-06, -1.10301707537e-05, -0.000420910073444, -0.000737520400435, 0.00065855338471, -0.000126676168293, -0.00105037260801, 0.0002916691883, -0.00129705516156, 0.00182203447912, -0.00445902021602, 0.00987653061748]]
    },
    "spectral_contrast_coeffs": {
        "mean": [-0.675270676613, -0.740282177925, -0.778999328613, -0.795158267021, -0.792901813984, -0.755446374416],
        "stdev": [0.090188100934, 0.103035055101, 0.0827950015664, 0.0668655857444, 0.0522414110601, 0.0492027588189]
    },
    "spectral_contrast_valleys": {
        "mean": [-6.8075761795, -7.7003569603, -8.31045818329, -8.20898628235, -7.92199468613, -10.3371191025],
        "stdev": [1.11719059944, 1.04864060879, 1.12892198563, 1.08958685398, 1.02150809765, 1.10846138]
    }
},
"rhythm": {
    "beats_count": 374,
    "beats_loudness": {
        "mean": 0.0721696019173,
        "stdev": 0.0415482930839
    },
    "bpm": 97.3117675781,
    "bpm_histogram_first_peak_bpm": 98,
    "bpm_histogram_first_peak_weight": 0.207182347775,
    "bpm_histogram_second_peak_bpm": 89,
    "bpm_histogram_second_peak_spread": 0.555555582047,
    "bpm_histogram_second_peak_weight": 0.0107238609344,
    "danceability": 1.4089859724,
    "onset_rate": 4.62188673019,
    "beats_loudness_band_ratio": {
        "mean": [0.614475011826, 0.201398923993, 0.0660133138299, 0.0517088547349, 0.0602903626859, 0.0609420724213],
        "stdev": [0.283620774746, 0.187539502978, 0.0911700874567, 0.072458922863, 0.0681565701962, 0.0772265195847]
    },
    "beats_position": [0.650158703327, 1.3235373497, 1.97369611263, 2.63546490669, 3.27401351929, 3.88934230804, 4.5046710968, 5.11999988556, 5.73532867432, 6.3622674942, 6.97759628296, 7.59292507172, 8.20825386047, 8.82358264923, 9.45052146912, 10.0658502579, 10.6811790466, 11.2965078354, 11.9118366241, 12.5271654129, 13.1424942017, 13.7578229904, 14.3731517792, 14.9884805679, 15.6038093567, 16.2191371918, 16.8344669342, 17.4381847382, 18.0651245117, 18.6804523468, 19.2957820892, 19.9111099243, 20.5264396667, 21.153377533, 21.7687072754, 22.3840351105, 23.010974884, 23.6379127502, 24.2416324615, 24.8453502655, 25.4722900391, 26.0992279053, 26.7029476166, 27.3066654205, 27.9336051941, 28.5489330292, 29.1642627716, 29.7795906067, 30.3949203491, 31.0218582153, 31.6371879578, 32.2525177002, 32.8794555664, 33.4947853088, 34.1101112366, 34.7138328552, 35.3407707214, 35.9677085876, 36.5714263916, 37.186756134, 37.8020858765, 38.4174156189, 39.0327415466, 39.6480712891, 40.2634010315, 40.8787307739, 41.5056686401, 42.1209983826, 42.7363243103, 43.3516540527, 43.9669837952, 44.5823135376, 45.2092514038, 45.8245811462, 46.439907074, 47.0552368164, 47.6821746826, 48.3091163635, 48.9244422913, 49.5281639099, 50.1318817139, 50.7472114563, 51.3741493225, 52.0010871887, 52.6164169312, 53.2317466736, 53.8470726013, 54.4624023438, 55.0777320862, 55.6930618286, 56.3083877563, 56.9237174988, 57.5390472412, 58.1659851074, 58.7697029114, 59.3850326538, 60.0003623962, 60.6273002625, 61.2426300049, 61.8579597473, 62.473285675, 63.100227356, 63.7155532837, 64.3308868408, 64.9462127686, 65.5615386963, 66.1768722534, 66.7805862427, 67.4075241089, 68.0344696045, 68.6381835938, 69.2535171509, 69.8688430786, 70.4725646973, 71.0995025635, 71.7264404297, 72.3533782959, 72.9570999146, 73.5724258423, 74.18775177, 74.8146896362, 75.4300231934, 76.0453491211, 76.6490707397, 77.276008606, 77.8913345337, 78.5066680908, 79.1219940186, 79.7373199463, 80.3526535034, 80.9679794312, 81.5949172974, 82.2218551636, 82.8371887207, 83.4525146484, 84.0678405762, 84.6831741333, 85.298500061, 85.9138336182, 86.5291595459, 87.1444854736, 87.7598190308, 88.3751449585, 88.9904708862, 89.6058044434, 90.2211303711, 90.8364639282, 91.451789856, 92.0671157837, 92.6940536499, 93.3209991455, 93.9363250732, 94.551651001, 95.1669845581, 95.7823104858, 96.3976364136, 97.0129699707, 97.6282958984, 98.2436294556, 98.8589553833, 99.474281311, 100.089614868, 100.704940796, 101.320266724, 101.935600281, 102.550926208, 103.166259766, 103.793197632, 104.40852356, 105.023849487, 105.639183044, 106.254508972, 106.881446838, 107.496780396, 108.112106323, 108.727432251, 109.342765808, 109.946479797, 110.573425293, 111.188751221, 111.804077148, 112.419410706, 113.034736633, 113.6616745, 114.288612366, 114.903945923, 115.519271851, 116.122993469, 116.749931335, 117.365257263, 117.98059082, 118.595916748, 119.211242676, 119.826576233, 120.441902161, 121.057228088, 121.672561646, 122.299499512, 122.914825439, 123.530158997, 124.145484924, 124.760810852, 125.376144409, 125.991470337, 126.618408203, 127.23374176, 127.849067688, 128.452789307, 129.079727173, 129.695053101, 130.310379028, 130.925704956, 131.541046143, 132.167984009, 132.783309937, 133.398635864, 134.013961792, 134.640899658, 135.256240845, 135.859954834, 136.475280762, 137.102218628, 137.717544556, 138.332870483, 138.94821167, 139.563537598, 140.178863525, 140.794189453, 141.409515381, 142.024856567, 142.640182495, 143.255508423, 143.870834351, 144.486160278, 145.113098145, 145.728439331, 146.355377197, 146.982315063, 147.586029053, 148.189743042, 148.816680908, 149.432022095, 150.047348022, 150.66267395, 151.277999878, 151.916549683, 152.53187561, 153.147201538, 153.762542725, 154.389480591, 154.99319458, 155.596908569, 156.223846436, 156.839187622, 157.45451355, 158.069839478, 158.685165405, 159.300491333, 159.915817261, 160.531158447, 161.146484375, 161.761810303, 162.37713623, 163.004074097, 163.619400024, 164.246353149, 164.861679077, 165.465393066, 166.080718994, 166.696044922, 167.322982788, 167.938323975, 168.553649902, 169.180587769, 169.784301758, 170.399627686, 171.014968872, 171.6302948, 172.245620728, 172.860946655, 173.476272583, 174.103210449, 174.718551636, 175.333877563, 175.96081543, 176.576141357, 177.191467285, 177.806793213, 178.422134399, 179.037460327, 179.652786255, 180.268112183, 180.88343811, 181.498779297, 182.114105225, 182.741043091, 183.356369019, 183.983306885, 184.598632812, 185.21395874, 185.840896606, 186.467849731, 187.059951782, 187.67527771, 188.290603638, 188.905944824, 189.521270752, 190.13659668, 190.751922607, 191.367248535, 191.982574463, 192.597915649, 193.213241577, 193.840179443, 194.455505371, 195.070831299, 195.697769165, 196.313110352, 196.928436279, 197.532150269, 198.159088135, 198.774414062, 199.38973999, 200.005081177, 200.620407104, 201.235733032, 201.85105896, 202.466384888, 203.081726074, 203.697052002, 204.31237793, 204.927703857, 205.554641724, 206.18157959, 206.796905518, 207.400634766, 208.027572632, 208.64289856, 209.258224487, 209.873550415, 210.488891602, 211.104217529, 211.719543457, 212.334869385, 212.950195312, 213.565536499, 214.180862427, 214.796188354, 215.411514282, 216.038452148, 216.665390015, 217.269119263, 217.872833252, 218.48815918, 219.091873169, 219.707214355, 220.310928345, 220.937866211, 221.553192139, 222.180130005, 222.795455933, 223.422393799, 224.026123047, 224.641448975, 225.245162964, 225.860488892, 226.417770386, 226.97505188, 227.625213623, 228.286987305, 228.948745728, 229.622131348, 230.295501709, 230.968887329],
    "bpm_histogram": [0, 0, 0, 0, 0, 0, 0, 0, 0, 0, 0, 0, 0, 0, 0, 0, 0, 0, 0, 0, 0, 0, 0, 0, 0, 0, 0, 0, 0, 0, 0, 0, 0, 0, 0, 0, 0, 0, 0, 0, 0, 0, 0, 0, 0, 0, 0, 0, 0, 0, 0, 0, 0, 0, 0, 0, 0, 0, 0, 0, 0, 0, 0, 0, 0, 0, 0, 0, 0, 0, 0, 0, 0, 0, 0, 0, 0, 0, 0, 0, 0, 0, 0, 0, 0, 0, 0, 0, 0, 0.0107238609344, 0, 0.00804289523512, 0.00536193046719, 0, 0.00536193046719, 0, 0.193029493093, 0, 0.680965125561, 0.0884718522429, 0, 0.00268096523359, 0, 0, 0, 0, 0, 0, 0.00536193046719, 0, 0, 0, 0, 0, 0, 0, 0, 0, 0, 0, 0, 0, 0, 0, 0, 0, 0, 0, 0, 0, 0, 0, 0, 0, 0, 0, 0, 0, 0, 0, 0, 0, 0, 0, 0, 0, 0, 0, 0, 0, 0, 0, 0, 0, 0, 0, 0, 0, 0, 0, 0, 0, 0, 0, 0, 0, 0, 0, 0, 0, 0, 0, 0, 0, 0, 0, 0, 0, 0, 0, 0, 0, 0, 0, 0, 0, 0, 0, 0, 0, 0, 0, 0, 0, 0, 0, 0, 0, 0, 0, 0, 0, 0, 0, 0, 0, 0, 0, 0, 0, 0, 0, 0, 0, 0, 0, 0, 0, 0, 0, 0, 0, 0, 0, 0, 0, 0, 0, 0, 0, 0, 0, 0, 0, 0, 0, 0, 0, 0, 0, 0, 0, 0, 0, 0, 0, 0, 0, 0, 0]
},
"tonal": {
    "chords_changes_rate": 0.125025048852,
    "chords_number_rate": 0.00360649172217,
    "chords_strength": {
        "mean": 0.495529741049,
        "stdev": 0.102080568671
    },
    "hpcp_crest": {
        "mean": 12.201590538,
        "stdev": 5.45609855652
    },
    "hpcp_entropy": {
        "mean": 2.18072152138,
        "stdev": 0.756989359856
    },
    "key_edma": {
        "strength": 0.571317136288,
        "key": "F",
        "scale": "minor"
    },
    "key_krumhansl": {
        "strength": 0.568446695805,
        "key": "F",
        "scale": "minor"
    },
    "key_temperley": {
        "strength": 0.538429021835,
        "key": "F",
        "scale": "minor"
    },
    "tuning_diatonic_strength": 0.610081493855,
    "tuning_equal_tempered_deviation": 0.292656332254,
    "tuning_frequency": 434.193115234,
    "tuning_nontempered_energy_ratio": 0.922570645809,
    "hpcp": {
        "mean": [0.137034192681, 0.106911890209, 0.0668433010578, 0.0707895383239, 0.112743198872, 0.126421511173, 0.0902220457792, 0.0650607272983, 0.0598340518773, 0.0753919109702, 0.190585568547, 0.242130756378, 0.136498764157, 0.0780402496457, 0.0727366954088, 0.0726423561573, 0.0815339237452, 0.110879391432, 0.140435814857, 0.124033488333, 0.105310313404, 0.10334251076, 0.101365096867, 0.102375850081, 0.101890414953, 0.120835572481, 0.125224545598, 0.0856893211603, 0.0542016774416, 0.0464691072702, 0.0454966500401, 0.0484462529421, 0.0623904876411, 0.0878083705902, 0.105715565383, 0.122793599963],
        "stdev": [0.284332126379, 0.24793574214, 0.173200935125, 0.179626628757, 0.227269411087, 0.243704035878, 0.194508001208, 0.169738143682, 0.15670286119, 0.187001511455, 0.309513777494, 0.38701698184, 0.241862088442, 0.184958323836, 0.173273295164, 0.174592331052, 0.193402603269, 0.228534325957, 0.286922901869, 0.251568317413, 0.231035664678, 0.229999929667, 0.231339544058, 0.226277083158, 0.22525241971, 0.244202807546, 0.258686393499, 0.189966797829, 0.146996185184, 0.137245610356, 0.141288548708, 0.140964508057, 0.158553987741, 0.205907776952, 0.232262074947, 0.252023160458]
    },
    "chords_histogram": [31.6369457245, 15.5279502869, 7.47345209122, 0.100180327892, 0.581045866013, 1.72310161591, 4.66840314865, 2.38429164886, 2.48447203636, 6.1510720253, 0, 1.20216393471, 1.86335408688, 0.240432783961, 1.88339006901, 3.44620323181, 1.66299343109, 0.400721311569, 1.14205574989, 1.06191146374, 0.400721311569, 1.0418753624, 3.76678013802, 9.15648174286],
    "thpcp": [1, 0.563739895821, 0.322306215763, 0.300402551889, 0.300012916327, 0.336735099554, 0.457931876183, 0.579999923706, 0.512258291245, 0.434931576252, 0.426804572344, 0.41863784194, 0.422812253237, 0.420807391405, 0.499050915241, 0.517177343369, 0.35389688611, 0.223852917552, 0.191917404532, 0.18790115416, 0.200083017349, 0.257672697306, 0.362648576498, 0.436605274677, 0.507137537003, 0.565951228142, 0.441546082497, 0.276062816381, 0.292360782623, 0.465629398823, 0.522120833397, 0.372617036104, 0.268700808287, 0.247114628553, 0.311368584633, 0.787118375301],
    "chords_key": "F",
    "chords_scale": "minor"
}
}