{
"metadata": {
    "version": {
        "essentia": "2.1-dev",
        "essentia_git_sha": "v2.1_beta3-415-gd5473f3",
        "extractor": "music 2.0"
    },
    "audio_properties": {
        "analysis": {
            "equal_loudness": 0,
            "length": 365.061218262,
            "sample_rate": 44100,
            "start_time": 0,
            "downmix": "mix"
        },
        "bit_rate": 192000,
        "length": 365.061218262,
        "lossless": 0,
        "number_channels": 2,
        "replay_gain": -4.36046028137,
        "sample_rate": 44100,
        "codec": "mp3",
        "md5_encoded": "7c299cabd8483cfb2624d62d54451a8c"
    },
    "tags": {
        "file_name": "de_la_soul-ring_ring_ring.mp3",
        "artist": ["De La Soul"],
        "title": ["Ring Ring Ring"]
    }
},
"lowlevel": {
    "average_loudness": 0.920014858246,
    "barkbands_crest": {
        "mean": 11.2631177902,
        "stdev": 4.94391202927
    },
    "barkbands_flatness_db": {
        "mean": 0.14715154469,
        "stdev": 0.0614018142223
    },
    "barkbands_kurtosis": {
        "mean": 11.7216348648,
        "stdev": 30.9350376129
    },
    "barkbands_skewness": {
        "mean": 2.24324774742,
        "stdev": 1.94872510433
    },
    "barkbands_spread": {
        "mean": 19.1840591431,
        "stdev": 15.9924478531
    },
    "dissonance": {
        "mean": 0.444641619921,
        "stdev": 0.0480145849288
    },
    "dynamic_complexity": 4.44351768494,
    "erbbands_crest": {
        "mean": 9.23095226288,
        "stdev": 5.06155872345
    },
    "erbbands_flatness_db": {
        "mean": 0.146008506417,
        "stdev": 0.0509940460324
    },
    "erbbands_kurtosis": {
        "mean": 1.79057753086,
        "stdev": 4.64186000824
    },
    "erbbands_skewness": {
        "mean": 0.717160880566,
        "stdev": 1.0401263237
    },
    "erbbands_spread": {
        "mean": 41.5992126465,
        "stdev": 23.3340339661
    },
    "hfc": {
        "mean": 14.2776002884,
        "stdev": 18.5394420624
    },
    "loudness_ebu128": {
        "integrated": -19.9428138733,
        "loudness_range": 4.0452709198,
        "momentary": {
            "mean": -21.4966068268,
            "stdev": 6.30036067963
        },
        "short_term": {
            "mean": -20.9063777924,
            "stdev": 4.35922288895
        }
    },
    "melbands_crest": {
        "mean": 15.4192552567,
        "stdev": 5.96619224548
    },
    "melbands_flatness_db": {
        "mean": 0.231273204088,
        "stdev": 0.0803158730268
    },
    "melbands_kurtosis": {
        "mean": 25.6536998749,
        "stdev": 47.1295433044
    },
    "melbands_skewness": {
        "mean": 3.20603990555,
        "stdev": 2.38484787941
    },
    "melbands_spread": {
        "mean": 18.5033950806,
        "stdev": 22.9744949341
    },
    "pitch_salience": {
        "mean": 0.55541998148,
        "stdev": 0.146979570389
    },
    "silence_rate_20dB": {
        "mean": 1,
        "stdev": 0
    },
    "silence_rate_30dB": {
        "mean": 0.978630006313,
        "stdev": 0.144617021084
    },
    "silence_rate_60dB": {
        "mean": 0.129110217094,
        "stdev": 0.335327684879
    },
    "spectral_centroid": {
        "mean": 1109.23815918,
        "stdev": 815.946350098
    },
    "spectral_complexity": {
        "mean": 12.4305791855,
        "stdev": 8.72850227356
    },
    "spectral_decrease": {
        "mean": -6.78645895036e-09,
        "stdev": 8.2709457061e-09
    },
    "spectral_energy": {
        "mean": 0.0269086901098,
        "stdev": 0.0322485268116
    },
    "spectral_energyband_high": {
        "mean": 0.000587280490436,
        "stdev": 0.00146227946971
    },
    "spectral_energyband_low": {
        "mean": 0.0121373003349,
        "stdev": 0.0205436851829
    },
    "spectral_energyband_middle_high": {
        "mean": 0.00278256903403,
        "stdev": 0.00494833895937
    },
    "spectral_energyband_middle_low": {
        "mean": 0.0131945479661,
        "stdev": 0.01970593445
    },
    "spectral_entropy": {
        "mean": 7.44379138947,
        "stdev": 0.544831454754
    },
    "spectral_flux": {
        "mean": 0.0990364551544,
        "stdev": 0.0765033215284
    },
    "spectral_kurtosis": {
        "mean": 5.26111364365,
        "stdev": 3.88999557495
    },
    "spectral_rms": {
        "mean": 0.00435884390026,
        "stdev": 0.00269315508194
    },
    "spectral_rolloff": {
        "mean": 1215.78112793,
        "stdev": 1835.87451172
    },
    "spectral_skewness": {
        "mean": 1.80183839798,
        "stdev": 0.616327285767
    },
    "spectral_spread": {
        "mean": 5392543.5,
        "stdev": 2391168.5
    },
    "spectral_strongpeak": {
        "mean": 0.683433175087,
        "stdev": 0.917089343071
    },
    "zerocrossingrate": {
        "mean": 0.0570023246109,
        "stdev": 0.0468616560102
    },
    "barkbands": {
        "mean": [0.000255060120253, 0.00714039010927, 0.00307440781035, 0.00317271472886, 0.00317147537135, 0.00193752313498, 0.00173533626366, 0.0015531667741, 0.00138169026468, 0.000722136697732, 0.000418860145146, 0.00039466159069, 0.000276174338069, 0.000234079401707, 0.000209808073123, 0.000178435904672, 0.000181541632628, 0.000122119978187, 0.000110878849227, 9.24975174712e-05, 8.53100791574e-05, 9.69586180872e-05, 9.59485914791e-05, 0.00011414403707, 7.28183804313e-05, 7.90637568571e-05, 1.52345535298e-06],
        "stdev": [0.000505297386553, 0.0141436178237, 0.00773933669552, 0.00863360520452, 0.00743192154914, 0.00411183061078, 0.00468306429684, 0.00498304516077, 0.00412415666506, 0.00268410611898, 0.00129897810984, 0.00113776873332, 0.000788673234638, 0.000559612526558, 0.000508065626491, 0.000396644376451, 0.00036049092887, 0.000218250410398, 0.000211127160583, 0.000184707838343, 0.000204420095542, 0.000259727356024, 0.000295901205391, 0.000570472911932, 0.000269210460829, 0.000192614403204, 4.09826407122e-06]
    },
    "erbbands": {
        "mean": [0.214518889785, 1.55567669868, 3.42114853859, 7.91796684265, 11.6470956802, 9.81496334076, 8.83253097534, 18.8415279388, 22.9657325745, 30.9070034027, 34.7015762329, 30.6523418427, 24.7840766907, 20.3921146393, 16.1813430786, 15.9718866348, 12.9528713226, 12.3262577057, 12.0037069321, 9.64001941681, 10.3117780685, 10.3984870911, 7.13513851166, 6.01057004929, 5.63491010666, 4.10762071609, 3.25216913223, 3.64668130875, 3.53045749664, 2.92367196083, 2.79040884972, 2.70758032799, 1.63356292248, 0.849753260612, 0.550059199333, 0.576237976551, 0.0658477544785, 0.00783661566675, 0.00021377945086, 3.99376513087e-05],
        "stdev": [0.420746386051, 3.30078101158, 7.71794366837, 21.2255363464, 29.2926883698, 22.3565979004, 16.1054706573, 44.6330795288, 58.9585456848, 89.1552352905, 97.8792266846, 92.6145629883, 85.774848938, 75.4116439819, 45.5079307556, 43.7570381165, 33.9027252197, 27.5757484436, 28.9317531586, 22.3677005768, 21.9834938049, 20.0239086151, 13.0211610794, 10.3288316727, 11.1292667389, 8.15789890289, 8.00666999817, 8.67889976501, 8.9934129715, 8.8169336319, 9.10307788849, 14.9807310104, 7.15662956238, 3.69517183304, 1.66870760918, 1.49693906307, 0.152357980609, 0.0176290590316, 0.000502474198584, 4.77920330013e-05]
    },
    "gfcc": {
        "mean": [-37.2578773499, 88.4136047363, -93.5104141235, 27.1592540741, -57.5852279663, 14.1726074219, -40.9983215332, 13.9777736664, -22.9963741302, 8.23975658417, -19.9834804535, 6.08520126343, -16.3262233734],
        "cov": [[11865.7939453, -375.629852295, -92.1597366333, 256.129089355, -279.026519775, 386.090209961, -222.165206909, 140.108734131, -226.355560303, 58.9077758789, -300.209960938, 28.9055500031, -188.768661499], [-375.629852295, 1263.79077148, -41.412651062, -275.360290527, 145.491867065, -194.38633728, 96.6937561035, -66.8524780273, 60.0850524902, -83.6006774902, 10.1282024384, -81.450050354, -3.29118609428], [-92.1597366333, -41.412651062, 1233.26074219, 291.627502441, 123.420806885, 242.577774048, -0.706565916538, 44.3381118774, 31.0129699707, 73.6449966431, -100.359268188, 77.9468536377, -22.0196933746], [256.129089355, -275.360290527, 291.627502441, 552.446044922, 150.030166626, 76.1393203735, -55.4251937866, 1.36941027641, -4.03910589218, 35.1653289795, 38.1824111938, 10.8016796112, 12.72062397], [-279.026519775, 145.491867065, 123.420806885, 150.030166626, 348.684265137, 85.1434783936, 47.1572494507, 25.8937473297, 20.4321174622, 37.4452133179, 10.8260669708, 24.82472229, -0.926406145096], [386.090209961, -194.38633728, 242.577774048, 76.1393203735, 85.1434783936, 311.839752197, 120.320831299, 48.0615005493, -10.4019241333, 34.6546897888, -43.7686500549, 31.3807258606, -8.68946266174], [-222.165206909, 96.6937561035, -0.706565916538, -55.4251937866, 47.1572494507, 120.320831299, 282.897064209, 67.0692825317, -1.17016720772, 5.50197792053, 10.8408517838, 22.2270565033, 13.6878213882], [140.108734131, -66.8524780273, 44.3381118774, 1.36941027641, 25.8937473297, 48.0615005493, 67.0692825317, 157.225097656, 62.2676277161, 43.8107261658, 18.1207103729, 26.5793876648, 6.01111221313], [-226.355560303, 60.0850524902, 31.0129699707, -4.03910589218, 20.4321174622, -10.4019241333, -1.17016720772, 62.2676277161, 150.919158936, 50.9425163269, 30.6261425018, -6.39030075073, 19.2867832184], [58.9077758789, -83.6006774902, 73.6449966431, 35.1653289795, 37.4452133179, 34.6546897888, 5.50197792053, 43.8107261658, 50.9425163269, 123.006652832, 34.541759491, 27.3355331421, 1.31345510483], [-300.209960938, 10.1282024384, -100.359268188, 38.1824111938, 10.8260669708, -43.7686500549, 10.8408517838, 18.1207103729, 30.6261425018, 34.541759491, 144.195632935, 14.4317388535, 29.4625453949], [28.9055500031, -81.450050354, 77.9468536377, 10.8016796112, 24.82472229, 31.3807258606, 22.2270565033, 26.5793876648, -6.39030075073, 27.3355331421, 14.4317388535, 118.295684814, 20.9957027435], [-188.768661499, -3.29118609428, -22.0196933746, 12.72062397, -0.926406145096, -8.68946266174, 13.6878213882, 6.01111221313, 19.2867832184, 1.31345510483, 29.4625453949, 20.9957027435, 72.0933074951]],
        "icov": [[0.000141183161759, -0.000230555786402, 0.000194884822122, -0.000288586015813, 0.000375123519916, -0.000453332992038, 0.000363108818419, -0.000416368769947, 0.000342529354384, -0.000309261318762, 0.000360651436495, -0.00022089680715, 0.0002164903417], [-0.000230555786402, 0.00219983537681, -0.000915572105441, 0.00168315274641, -0.00214498955756, 0.00241286633536, -0.00180117448326, 0.00179334252607, -0.00155329483096, 0.00171730027068, -0.00109716854058, 0.00145759165753, -0.0002160363656], [0.000194884822122, -0.000915572105441, 0.00171162269544, -0.00140715006273, 0.0010675447993, -0.0018270839937, 0.001039581839, -0.000848759140354, 0.000269630982075, -0.00115795875899, 0.00167138746474, -0.00144854851533, 0.000594224606175], [-0.000288586015813, 0.00168315274641, -0.00140715006273, 0.00406937068328, -0.00276783807203, 0.00152852397878, -0.00055889232317, 0.00139508605935, -0.000565072579775, 0.0014046622673, -0.00241292431019, 0.00189128227066, -0.00112727389205], [0.000375123519916, -0.00214498955756, 0.0010675447993, -0.00276783807203, 0.00585794541985, -0.00307082943618, 0.00134805485141, -0.00179717794526, 0.00111084640957, -0.00224356539547, 0.00145423575304, -0.0020686883945, 0.00104963930789], [-0.000453332992038, 0.00241286633536, -0.0018270839937, 0.00152852397878, -0.00307082943618, 0.00831959117204, -0.00445920694619, 0.0017884200206, -0.00117287191097, 0.000799323082902, 6.65453480906e-05, 0.00152767531108, -0.000416671915445], [0.000363108818419, -0.00180117448326, 0.001039581839, -0.00055889232317, 0.00134805485141, -0.00445920694619, 0.00703594041988, -0.0037839661818, 0.00241797720082, -0.000768334895838, 0.000157090340508, -0.0011351929279, -0.000622301304247], [-0.000416368769947, 0.00179334252607, -0.000848759140354, 0.00139508605935, -0.00179717794526, 0.0017884200206, -0.0037839661818, 0.0113333156332, -0.00543002039194, 0.000464771903353, -0.00145279383287, -0.00050070422003, 0.000635923061054], [0.000342529354384, -0.00155329483096, 0.000269630982075, -0.000565072579775, 0.00111084640957, -0.00117287191097, 0.00241797720082, -0.00543002039194, 0.011663842015, -0.00465785013512, 0.000251421093708, 0.00173148629256, -0.00276791863143], [-0.000309261318762, 0.00171730027068, -0.00115795875899, 0.0014046622673, -0.00224356539547, 0.000799323082902, -0.000768334895838, 0.000464771903353, -0.00465785013512, 0.013308275491, -0.00399353401735, -0.000960077741183, 0.00175702315755], [0.000360651436495, -0.00109716854058, 0.00167138746474, -0.00241292431019, 0.00145423575304, 6.65453480906e-05, 0.000157090340508, -0.00145279383287, 0.000251421093708, -0.00399353401735, 0.0111557329074, -0.0018060215516, -0.00207907217555], [-0.00022089680715, 0.00145759165753, -0.00144854851533, 0.00189128227066, -0.0020686883945, 0.00152767531108, -0.0011351929279, -0.00050070422003, 0.00173148629256, -0.000960077741183, -0.0018060215516, 0.0119013804942, -0.00404685782269], [0.0002164903417, -0.0002160363656, 0.000594224606175, -0.00112727389205, 0.00104963930789, -0.000416671915445, -0.000622301304247, 0.000635923061054, -0.00276791863143, 0.00175702315755, -0.00207907217555, -0.00404685782269, 0.0175734031945]]
    },
    "melbands": {
        "mean": [0.00196156743914, 0.00192404841073, 0.00149673502892, 0.000806957716122, 0.000320912251482, 0.000411892629927, 0.000356454693247, 0.000343944644555, 0.000284368667053, 0.000184969801921, 0.000121846023831, 8.36991821416e-05, 5.49022079213e-05, 4.48585597042e-05, 3.60199628631e-05, 2.58242671407e-05, 2.27351538342e-05, 1.94960830413e-05, 1.48323570102e-05, 1.22589681268e-05, 1.1822581655e-05, 1.16077289931e-05, 7.39381584935e-06, 5.41151439393e-06, 4.82871337226e-06, 4.01428042096e-06, 3.92816491512e-06, 2.44930902227e-06, 1.92011566469e-06, 2.07968764698e-06, 2.11753308577e-06, 2.06596791941e-06, 1.7217896584e-06, 1.58552290941e-06, 1.5379987417e-06, 1.6885031755e-06, 1.65035180544e-06, 1.1950382941e-06, 8.6976183411e-07, 6.60652858642e-07],
        "stdev": [0.00380446133204, 0.00390137033537, 0.00382461026311, 0.00192582735326, 0.000584470981266, 0.000933600706048, 0.000901403138414, 0.0010067053372, 0.000776833796408, 0.000583247572649, 0.000437406532001, 0.000323725253111, 0.0001597043738, 0.000136004775413, 9.9091019365e-05, 7.02913093846e-05, 5.28838245373e-05, 5.06384458276e-05, 3.68672554032e-05, 2.78661464108e-05, 2.66848674073e-05, 2.26171960094e-05, 1.60217005032e-05, 9.57978409133e-06, 8.68388542585e-06, 8.46280727274e-06, 8.60413729242e-06, 5.26780650034e-06, 4.96348184242e-06, 5.19086279382e-06, 5.25012774233e-06, 5.34218997927e-06, 5.05130128658e-06, 4.8129654715e-06, 4.57070882476e-06, 7.85387874203e-06, 9.6958310678e-06, 4.99531051901e-06, 4.25680354965e-06, 2.86130511995e-06]
    },
    "melbands128": {
        "mean": [0.000233358892729, 0.00160751596559, 0.00279269856401, 0.00247549195774, 0.00177334912587, 0.00152308144607, 0.00164007709827, 0.0015269551659, 0.00118322181515, 0.000894223048817, 0.000549179094378, 0.000308993039653, 0.0002655548451, 0.000307499838527, 0.000459095492261, 0.000439137598732, 0.000374343711883, 0.000333235569997, 0.000352848641342, 0.000348019879311, 0.000355893862434, 0.000304878019961, 0.000270313146757, 0.000292834127322, 0.000190388047486, 0.000161836389452, 0.000129315230879, 0.000122026955069, 0.000113657035399, 8.49212447065e-05, 8.04381270427e-05, 6.45934414933e-05, 4.99337038491e-05, 5.21216643392e-05, 4.6409189963e-05, 4.19700918428e-05, 4.48041464551e-05, 3.84239938285e-05, 2.95987101708e-05, 2.53606740444e-05, 2.88582377834e-05, 2.08201290661e-05, 2.24731593335e-05, 2.42387723119e-05, 1.99171154236e-05, 1.84771397471e-05, 1.99507448997e-05, 1.50629648488e-05, 1.30906137201e-05, 1.13933592729e-05, 1.15805669338e-05, 1.47504297274e-05, 1.0621477486e-05, 1.19206533782e-05, 1.14376989586e-05, 1.36125763674e-05, 9.54203915171e-06, 7.22104232409e-06, 6.79532104186e-06, 7.20266780263e-06, 4.8847191465e-06, 4.2989972826e-06, 5.73999932385e-06, 4.58817112303e-06, 4.24638210461e-06, 3.76208890884e-06, 3.96372206524e-06, 4.66619894723e-06, 4.07647848988e-06, 2.59913713307e-06, 2.7201622288e-06, 2.10924167732e-06, 1.99207647711e-06, 1.76664809715e-06, 2.04098614631e-06, 1.96968767341e-06, 2.20939705287e-06, 2.19148751057e-06, 2.04419370675e-06, 2.10233383768e-06, 2.11156520891e-06, 2.15573959395e-06, 1.77467029516e-06, 1.67353664438e-06, 1.6674886183e-06, 1.56216526648e-06, 1.59867363436e-06, 1.55541124514e-06, 1.35982077154e-06, 1.71848807895e-06, 1.69347333667e-06, 1.61382911301e-06, 1.76611979441e-06, 1.86697639037e-06, 1.40038855534e-06, 1.29831437334e-06, 1.14684769414e-06, 1.08073641059e-06, 8.80203458564e-07, 7.61435785535e-07, 7.1116971867e-07, 6.43213411422e-07, 5.9988525436e-07, 5.98136921326e-07, 5.38472988865e-07, 4.62162830672e-07, 7.85180475305e-07, 1.28207818761e-06, 1.72231352735e-06, 6.6099983087e-07, 2.29750256153e-07, 1.7044474987e-07, 1.50575772295e-07, 1.17545596368e-07, 9.95109701307e-08, 7.74011965632e-08, 5.58005552875e-08, 8.76567085584e-09, 5.92624116447e-10, 2.01224967245e-10, 1.17515441822e-10, 7.55631460181e-11, 1.03277580932e-10, 2.64095429553e-11, 2.0363953579e-11, 1.27697765556e-11, 3.59354646734e-12, 3.5642940422e-12],
        "stdev": [0.000492134771775, 0.00334763457067, 0.00587817840278, 0.00569698307663, 0.00407626992092, 0.00399636896327, 0.00465646153316, 0.00406363094226, 0.00318014598452, 0.00247652363032, 0.00135954329744, 0.00073629245162, 0.000575589481741, 0.000703262689058, 0.00127702590544, 0.00134800525848, 0.0011743985815, 0.00122267112602, 0.00135548459366, 0.0013139777584, 0.00152795854956, 0.0012879014248, 0.000944734842051, 0.00107580656186, 0.000832669145893, 0.000770803773776, 0.000731453183107, 0.000570549163967, 0.000556894228794, 0.000496626773383, 0.000417033355916, 0.000272481905995, 0.000190700462554, 0.000197918139747, 0.000216329775867, 0.0001725803304, 0.000158713271958, 0.000124651545775, 0.000142390141264, 9.16469653021e-05, 0.000102605306893, 8.81554879015e-05, 6.31476359558e-05, 6.91757159075e-05, 6.92703615641e-05, 6.66174601065e-05, 6.78168726154e-05, 4.66401215817e-05, 4.41687770945e-05, 3.68981563952e-05, 2.97502119793e-05, 3.69844528905e-05, 3.16658806696e-05, 3.33566204063e-05, 2.97405549645e-05, 2.95972222375e-05, 2.30889108934e-05, 2.14079464058e-05, 1.64784723893e-05, 1.34589154186e-05, 1.162756962e-05, 9.02564443095e-06, 1.04475866465e-05, 1.14979366117e-05, 1.07628366095e-05, 9.76371848083e-06, 9.85569749901e-06, 1.18496363939e-05, 1.07977730295e-05, 6.35523747405e-06, 6.57884811517e-06, 5.23443168277e-06, 5.24610459252e-06, 5.54463395019e-06, 5.53016161575e-06, 5.64148604099e-06, 5.89704177401e-06, 5.28027385371e-06, 5.68620407648e-06, 6.43496332486e-06, 6.19608454144e-06, 5.77969558435e-06, 4.57480700788e-06, 5.82808615945e-06, 6.01626061325e-06, 6.74599323247e-06, 4.51109735877e-06, 4.27559916716e-06, 4.43975386588e-06, 5.78432491238e-06, 7.0786741162e-06, 8.39574386191e-06, 1.19396308946e-05, 1.31228671307e-05, 7.18070486982e-06, 4.99018642586e-06, 5.42672160009e-06, 5.32479270987e-06, 4.91268428959e-06, 3.98487964048e-06, 3.43565739058e-06, 2.93277889796e-06, 2.46424497163e-06, 2.21376603804e-06, 1.95050552065e-06, 1.72946101884e-06, 2.00657109417e-06, 3.37022652275e-06, 5.11992584507e-06, 1.66882534813e-06, 5.98028179866e-07, 4.7409540116e-07, 4.50540682095e-07, 3.34433849503e-07, 2.39254120515e-07, 1.93026693296e-07, 1.38261071925e-07, 4.46140440147e-08, 2.20469402734e-08, 8.04750044381e-09, 5.26115906396e-09, 2.73686184826e-09, 3.92582544251e-09, 1.10654352348e-09, 1.04431374659e-09, 8.60760740462e-10, 6.7124465708e-12, 6.67407795696e-12]
    },
    "mfcc": {
        "mean": [-688.379760742, 125.554237366, 15.8056344986, 21.2799129486, 5.73395109177, 4.81126356125, -5.47313737869, 5.73068332672, -1.38333201408, 2.4601521492, 1.53511989117, 0.768630504608, -1.06301307678],
        "cov": [[8465.98632812, -336.876525879, -120.253211975, -105.319252014, -59.1065711975, 59.2632408142, -1.5714802742, 17.886888504, 22.7803459167, 0.394899487495, -97.3830871582, 31.9850883484, -58.3146781921], [-336.876525879, 1516.40808105, -110.449661255, -90.2233657837, -74.1551818848, -43.4629173279, -39.6863250732, 33.448841095, 34.7284507751, -28.3218154907, 31.7186717987, 8.6984796524, -8.2412853241], [-120.253211975, -110.449661255, 986.143798828, 134.664749146, 165.339111328, 157.759017944, 13.1073102951, 39.9563179016, 99.5438232422, -6.40272521973, -12.5726585388, 50.0952110291, 39.9624900818], [-105.319252014, -90.2233657837, 134.664749146, 420.2059021, 193.780532837, 53.5368080139, 12.9956035614, -3.20375585556, -39.665763855, 24.6109275818, -0.804389059544, -13.107334137, 25.1287746429], [-59.1065711975, -74.1551818848, 165.339111328, 193.780532837, 352.880249023, 90.5233688354, -18.5221176147, -9.69756221771, -0.318806797266, 40.5773200989, 1.57348680496, 4.87096071243, 28.398891449], [59.2632408142, -43.4629173279, 157.759017944, 53.5368080139, 90.5233688354, 272.652679443, 108.592575073, 61.5793571472, 46.1707763672, 13.1227340698, -0.994082868099, 5.37247848511, 2.99479460716], [-1.5714802742, -39.6863250732, 13.1073102951, 12.9956035614, -18.5221176147, 108.592575073, 220.349334717, 90.1851730347, 22.9931430817, 21.4077358246, 14.3689556122, 7.28233289719, 9.32211112976], [17.886888504, 33.448841095, 39.9563179016, -3.20375585556, -9.69756221771, 61.5793571472, 90.1851730347, 163.684951782, 62.8923187256, 1.38761639595, 14.4134883881, 16.3876304626, 13.2734174728], [22.7803459167, 34.7284507751, 99.5438232422, -39.665763855, -0.318806797266, 46.1707763672, 22.9931430817, 62.8923187256, 142.474746704, 38.3885536194, 7.33808326721, 29.1702613831, 13.7102527618], [0.394899487495, -28.3218154907, -6.40272521973, 24.6109275818, 40.5773200989, 13.1227340698, 21.4077358246, 1.38761639595, 38.3885536194, 121.748748779, 45.4108467102, 14.534029007, 14.6358718872], [-97.3830871582, 31.7186717987, -12.5726585388, -0.804389059544, 1.57348680496, -0.994082868099, 14.3689556122, 14.4134883881, 7.33808326721, 45.4108467102, 98.6045227051, 31.8355445862, 7.45937204361], [31.9850883484, 8.6984796524, 50.0952110291, -13.107334137, 4.87096071243, 5.37247848511, 7.28233289719, 16.3876304626, 29.1702613831, 14.534029007, 31.8355445862, 85.0204925537, 34.209728241], [-58.3146781921, -8.2412853241, 39.9624900818, 25.1287746429, 28.398891449, 2.99479460716, 9.32211112976, 13.2734174728, 13.7102527618, 14.6358718872, 7.45937204361, 34.209728241, 85.426109314]],
        "icov": [[0.000124214595417, 2.75464462902e-05, 2.47596472036e-05, 1.99345831788e-05, 1.8405748051e-05, -5.07282602484e-05, 4.18958879891e-05, -4.85401251353e-05, 2.82595810859e-05, -8.25487149996e-05, 0.000200317721465, -0.000176644796738, 0.000131488719489], [2.75464462902e-05, 0.000705352576915, 9.08613874344e-05, 5.48822099518e-05, 4.68142025056e-05, 1.22456858662e-05, 0.000197288143681, -0.00015483025345, -0.000267387425993, 0.000308526243316, -0.000329902133672, 3.68284272554e-05, 1.8851551431e-05], [2.47596472036e-05, 9.08613874344e-05, 0.00135605758987, -0.000341124716215, -0.000326351873809, -0.000559993844945, 0.000189914600924, 0.000193311992916, -0.00105791178066, 0.000690003158525, 7.22763652448e-05, -0.000591865740716, -0.000148714199895], [1.99345831788e-05, 5.48822099518e-05, -0.000341124716215, 0.00351941701956, -0.00167857657652, 3.94817325287e-05, -0.000259488268057, -0.000431865919381, 0.00149150646757, -0.00063127593603, 0.00010284785094, 0.000746316742152, -0.000643796171062], [1.8405748051e-05, 4.68142025056e-05, -0.000326351873809, -0.00167857657652, 0.00463513191789, -0.00157684681471, 0.00140380905941, -2.3081604013e-05, 0.000535366707481, -0.00149972341023, 0.000406799954362, -0.000122878947877, -0.000786994642112], [-5.07282602484e-05, 1.22456858662e-05, -0.000559993844945, 3.94817325287e-05, -0.00157684681471, 0.00588866369799, -0.00289821065962, -0.000197144559934, -0.0012640315108, 0.000605207169428, 5.62249078939e-05, 0.000327674031723, 0.000844616966788], [4.18958879891e-05, 0.000197288143681, 0.000189914600924, -0.000259488268057, 0.00140380905941, -0.00289821065962, 0.00767627637833, -0.0037408019416, 0.00166947185062, -0.00188008672558, 0.000204541254789, -0.000152890905156, -0.000488847028464], [-4.85401251353e-05, -0.00015483025345, 0.000193311992916, -0.000431865919381, -2.3081604013e-05, -0.000197144559934, -0.0037408019416, 0.0102310050279, -0.00475289300084, 0.0029353890568, -0.00200904812664, 0.000472011801321, -0.000932053138968], [2.82595810859e-05, -0.000267387425993, -0.00105791178066, 0.00149150646757, 0.000535366707481, -0.0012640315108, 0.00166947185062, -0.00475289300084, 0.0123128443956, -0.00534619297832, 0.00284958654083, -0.00279974541627, 0.000284498499241], [-8.25487149996e-05, 0.000308526243316, 0.000690003158525, -0.00063127593603, -0.00149972341023, 0.000605207169428, -0.00188008672558, 0.0029353890568, -0.00534619297832, 0.0132063217461, -0.00633769994602, 0.00167556433007, -0.00145943881944], [0.000200317721465, -0.000329902133672, 7.22763652448e-05, 0.00010284785094, 0.000406799954362, 5.62249078939e-05, 0.000204541254789, -0.00200904812664, 0.00284958654083, -0.00633769994602, 0.0152455484495, -0.00610759994015, 0.00193658960052], [-0.000176644796738, 3.68284272554e-05, -0.000591865740716, 0.000746316742152, -0.000122878947877, 0.000327674031723, -0.000152890905156, 0.000472011801321, -0.00279974541627, 0.00167556433007, -0.00610759994015, 0.0177775919437, -0.00651061581448], [0.000131488719489, 1.8851551431e-05, -0.000148714199895, -0.000643796171062, -0.000786994642112, 0.000844616966788, -0.000488847028464, -0.000932053138968, 0.000284498499241, -0.00145943881944, 0.00193658960052, -0.00651061581448, 0.0151292514056]]
    },
    "spectral_contrast_coeffs": {
        "mean": [-0.720732033253, -0.734059751034, -0.779226183891, -0.799379050732, -0.783905923367, -0.780821442604],
        "stdev": [0.0793762132525, 0.0938453152776, 0.0736584365368, 0.0538649447262, 0.0553249232471, 0.0381206795573]
    },
    "spectral_contrast_valleys": {
        "mean": [-6.93517971039, -7.05428600311, -7.90806913376, -8.22642230988, -8.41338443756, -10.571223259],
        "stdev": [1.47662866116, 1.34232139587, 1.38224935532, 1.31973195076, 1.32973861694, 1.43027818203]
    }
},
"rhythm": {
    "beats_count": 630,
    "beats_loudness": {
        "mean": 0.0619645565748,
        "stdev": 0.0377601087093
    },
    "bpm": 103.834899902,
    "bpm_histogram_first_peak_bpm": 103,
    "bpm_histogram_first_peak_weight": 0.295819938183,
    "bpm_histogram_second_peak_bpm": 96,
    "bpm_histogram_second_peak_spread": 0.5,
    "bpm_histogram_second_peak_weight": 0.00476947519928,
    "danceability": 1.46810638905,
    "onset_rate": 4.84283065796,
    "beats_loudness_band_ratio": {
        "mean": [0.620945394039, 0.169260546565, 0.138577833772, 0.0619029402733, 0.0454716123641, 0.0310590825975],
        "stdev": [0.267063230276, 0.154527023435, 0.161956369877, 0.0884600132704, 0.0469696186483, 0.0460705943406]
    },
    "beats_position": [0.603718817234, 1.23065757751, 1.8575963974, 2.46131515503, 3.05342388153, 3.64553284645, 4.23764181137, 4.85297060013, 5.47990942001, 6.07201814651, 6.65251684189, 7.23301553726, 7.8251247406, 8.42884349823, 9.03256225586, 9.63628101349, 10.22838974, 10.8088884354, 11.3893871307, 11.9582767487, 12.538775444, 13.1192741394, 13.6997728348, 14.2802715302, 14.8607711792, 15.4412698746, 16.0101585388, 16.5790481567, 17.1595458984, 17.7400455475, 18.3205432892, 18.9010429382, 19.4815406799, 20.062040329, 20.6309299469, 21.1998176575, 21.7803173065, 22.3608150482, 22.9413146973, 23.5218143463, 24.0907020569, 24.6712017059, 25.2400894165, 25.8205890656, 26.4010887146, 26.9815864563, 27.5620861053, 28.142583847, 28.7230834961, 29.291973114, 29.8608608246, 30.4413604736, 31.0218582153, 31.6023578644, 32.1828575134, 32.7633552551, 33.332244873, 33.901134491, 34.4816322327, 35.0621299744, 35.6426315308, 36.2347373962, 36.8036270142, 37.3841247559, 37.9530143738, 38.5219039917, 39.1024017334, 39.6712913513, 40.2401809692, 40.8206787109, 41.4011802673, 41.981678009, 42.5621757507, 43.1426734924, 43.7231750488, 44.3036727905, 44.8841705322, 45.4646720886, 46.0335578918, 46.6024475098, 47.1829452515, 47.7634468079, 48.3439445496, 48.9128341675, 49.4817237854, 50.0622215271, 50.6427192688, 51.2232208252, 51.8037185669, 52.3842163086, 52.9647140503, 53.5452156067, 54.1257133484, 54.7062110901, 55.275100708, 55.8439903259, 56.4244880676, 57.0049858093, 57.5854873657, 58.1659851074, 58.7348747253, 59.3037643433, 59.884262085, 60.4647598267, 61.0452613831, 61.6257591248, 62.2062568665, 62.7867546082, 63.3556442261, 63.924533844, 64.5050354004, 65.0855331421, 65.6544189453, 66.2233123779, 66.8038101196, 67.3843078613, 67.964805603, 68.5453033447, 69.1258010864, 69.7062988281, 70.2868041992, 70.8673019409, 71.4477996826, 72.0166854858, 72.5971832275, 73.1660766602, 73.7349624634, 74.3270721436, 74.9075698853, 75.4764633179, 76.0569610596, 76.6258468628, 77.2063446045, 77.7868499756, 78.3673477173, 78.947845459, 79.5283432007, 80.0972290039, 80.6661224365, 81.2466201782, 81.8271179199, 82.4076156616, 82.9881134033, 83.5686187744, 84.1491165161, 84.7296142578, 85.298500061, 85.8673934937, 86.4362792969, 87.0051651001, 87.5856704712, 88.1661682129, 88.7466659546, 89.3271636963, 89.907661438, 90.4881591797, 91.0686569214, 91.6491622925, 92.2296600342, 92.7985458374, 93.36743927, 93.9479370117, 94.5284347534, 95.1089324951, 95.6894302368, 96.2699279785, 96.8388214111, 97.4077072144, 97.9882049561, 98.5687026978, 99.1492080688, 99.7297058105, 100.310203552, 100.890701294, 101.471199036, 102.040092468, 102.608978271, 103.189476013, 103.769973755, 104.350471497, 104.930976868, 105.511474609, 106.091972351, 106.672470093, 107.241355896, 107.810249329, 108.39074707, 108.971244812, 109.540130615, 110.109024048, 110.68952179, 111.270019531, 111.850517273, 112.431015015, 113.011520386, 113.592018127, 114.172515869, 114.753013611, 115.333511353, 115.902404785, 116.471290588, 117.05178833, 117.620681763, 118.189567566, 118.770065308, 119.350563049, 119.931060791, 120.511566162, 121.092063904, 121.672561646, 122.253059387, 122.82194519, 123.390838623, 123.971336365, 124.551834106, 125.132331848, 125.71282959, 126.281723022, 126.850608826, 127.431106567, 128.011611938, 128.592102051, 129.172607422, 129.753097534, 130.333602905, 130.914108276, 131.48298645, 132.051879883, 132.632385254, 133.212875366, 133.793380737, 134.37387085, 134.954376221, 135.511657715, 136.092147827, 136.672653198, 137.253143311, 137.833648682, 138.414154053, 138.994644165, 139.575149536, 140.155639648, 140.724533081, 141.293426514, 141.873916626, 142.454421997, 143.034912109, 143.61541748, 144.195922852, 144.764801025, 145.333694458, 145.914199829, 146.494689941, 147.075195312, 147.655685425, 148.236190796, 148.805084229, 149.373962402, 149.954467773, 150.534957886, 151.127075195, 151.707565308, 152.27645874, 152.856964111, 153.425842285, 153.994735718, 154.575241089, 155.155731201, 155.736236572, 156.316726685, 156.897232056, 157.466125488, 158.035003662, 158.615509033, 159.195999146, 159.776504517, 160.357009888, 160.925888062, 161.494781494, 162.075286865, 162.655776978, 163.236282349, 163.816772461, 164.397277832, 164.977767944, 165.546661377, 166.11555481, 166.696044922, 167.276550293, 167.857055664, 168.437545776, 169.018051147, 169.586929321, 170.155822754, 170.724716187, 171.316818237, 171.897323608, 172.477813721, 173.058319092, 173.638824463, 174.207702637, 174.788208008, 175.35710144, 175.937591553, 176.518096924, 177.098587036, 177.679092407, 178.25958252, 178.828475952, 179.397369385, 179.977859497, 180.558364868, 181.138870239, 181.707748413, 182.288253784, 182.857131958, 183.437637329, 184.0181427, 184.598632812, 185.179138184, 185.759628296, 186.340133667, 186.920639038, 187.489517212, 188.058410645, 188.638900757, 189.219406128, 189.799911499, 190.368789673, 190.937683105, 191.518188477, 192.098678589, 192.67918396, 193.259674072, 193.840179443, 194.420669556, 195.001174927, 195.581680298, 196.150558472, 196.719451904, 197.299957275, 197.880447388, 198.460952759, 199.041442871, 199.610336304, 200.179229736, 200.759719849, 201.34022522, 201.920715332, 202.501220703, 203.070114136, 203.63899231, 204.219497681, 204.800003052, 205.380493164, 205.960998535, 206.541488647, 207.121994019, 207.702484131, 208.282989502, 208.851882935, 209.420761108, 210.001266479, 210.581771851, 211.162261963, 211.731155396, 212.300048828, 212.88053894, 213.461044312, 214.041534424, 214.622039795, 215.202529907, 215.783035278, 216.363540649, 216.944030762, 217.524536133, 218.093414307, 218.662307739, 219.24281311, 219.823303223, 220.403808594, 220.984298706, 221.553192139, 222.122085571, 222.702575684, 223.283081055, 223.863571167, 224.444076538, 225.012969971, 225.581848145, 226.162353516, 226.742858887, 227.323348999, 227.90385437, 228.484344482, 229.053237915, 229.622131348, 230.20262146, 230.783126831, 231.363616943, 231.944122314, 232.524627686, 233.105117798, 233.685623169, 234.266113281, 234.846618652, 235.427108765, 235.996002197, 236.56489563, 237.145385742, 237.725891113, 238.294784546, 238.86366272, 239.444168091, 240.024673462, 240.605163574, 241.185668945, 241.766159058, 242.33505249, 242.903945923, 243.484436035, 244.076553345, 244.657043457, 245.22593689, 245.794830322, 246.363708496, 246.944213867, 247.524719238, 248.105209351, 248.685714722, 249.266204834, 249.846710205, 250.427200317, 251.007705688, 251.58821106, 252.168701172, 252.749206543, 253.329696655, 253.898590088, 254.467483521, 255.047973633, 255.616867065, 256.185760498, 256.766265869, 257.346740723, 257.927246094, 258.507751465, 259.088256836, 259.65713501, 260.226013184, 260.806518555, 261.387023926, 261.967529297, 262.548034668, 263.128509521, 263.709014893, 264.277923584, 264.846801758, 265.427307129, 266.007781982, 266.588287354, 267.168792725, 267.737670898, 268.30657959, 268.887084961, 269.467559814, 270.048065186, 270.628570557, 271.209075928, 271.789550781, 272.370056152, 272.950561523, 273.519439697, 274.088348389, 274.668823242, 275.249328613, 275.829833984, 276.410339355, 276.979217529, 277.548126221, 278.128601074, 278.709106445, 279.289611816, 279.870117188, 280.450592041, 281.019500732, 281.588378906, 282.168884277, 282.749389648, 283.32989502, 283.910369873, 284.490875244, 285.071380615, 285.640258789, 286.20916748, 286.789642334, 287.370147705, 287.950653076, 288.531158447, 289.100036621, 289.668914795, 290.249420166, 290.829925537, 291.410430908, 291.990936279, 292.571411133, 293.151916504, 293.732421875, 294.312927246, 294.893432617, 295.473907471, 296.042816162, 296.611694336, 297.192199707, 297.772705078, 298.353179932, 298.933685303, 299.514190674, 300.083068848, 300.663574219, 301.24407959, 301.812957764, 302.393463135, 302.973968506, 303.554473877, 304.13494873, 304.703857422, 305.272735596, 305.853240967, 306.433746338, 307.014221191, 307.594726562, 308.175231934, 308.755737305, 309.324615479, 309.90512085, 310.473999023, 311.054504395, 311.635009766, 312.215515137, 312.79598999, 313.364898682, 313.933776855, 314.514282227, 315.094787598, 315.675262451, 316.255767822, 316.836273193, 317.405151367, 317.974060059, 318.55456543, 319.135040283, 319.715545654, 320.296051025, 320.876556396, 321.45703125, 322.025939941, 322.594818115, 323.175323486, 323.755828857, 324.336334229, 324.916809082, 325.497314453, 326.066192627, 326.635101318, 327.215606689, 327.796081543, 328.376586914, 328.957092285, 329.537597656, 330.118103027, 330.698577881, 331.279083252, 331.859588623, 332.428466797, 332.997375488, 333.577850342, 334.158355713, 334.738861084, 335.319366455, 335.899871826, 336.46875, 337.037628174, 337.618133545, 338.198638916, 338.779144287, 339.359619141, 339.940124512, 340.509033203, 341.077911377, 341.658416748, 342.238891602, 342.819396973, 343.399902344, 343.980407715, 344.560913086, 345.12979126, 345.698669434, 346.279174805, 346.859680176, 347.440185547, 348.009063721, 348.589569092, 349.158447266, 349.738952637, 350.319458008, 350.899963379, 351.480438232, 352.060943604, 352.641448975, 353.221954346, 353.79083252, 354.359710693, 354.940216064, 355.520721436, 356.101226807, 356.67010498, 357.238983154, 357.819488525, 358.399993896, 358.980499268, 359.561004639, 360.141479492, 360.733612061, 361.325714111, 361.929412842, 362.53314209, 363.136871338, 363.752197266, 364.367523193],
    "bpm_histogram": [0, 0, 0, 0, 0, 0, 0, 0, 0, 0, 0, 0, 0, 0, 0, 0, 0, 0, 0, 0, 0, 0, 0, 0, 0, 0, 0, 0, 0, 0, 0, 0, 0, 0, 0, 0, 0, 0, 0, 0, 0, 0, 0, 0, 0, 0, 0, 0, 0, 0, 0, 0, 0, 0, 0, 0, 0, 0, 0, 0, 0, 0, 0, 0, 0, 0, 0, 0, 0, 0, 0, 0, 0, 0, 0, 0, 0, 0, 0, 0, 0, 0, 0, 0, 0, 0, 0, 0, 0, 0, 0, 0, 0, 0, 0, 0, 0.00476947519928, 0, 0.00476947519928, 0.0111287757754, 0, 0.020667726174, 0, 0.696343421936, 0, 0.260731309652, 0, 0, 0.00158982514404, 0, 0, 0, 0, 0, 0, 0, 0, 0, 0, 0, 0, 0, 0, 0, 0, 0, 0, 0, 0, 0, 0, 0, 0, 0, 0, 0, 0, 0, 0, 0, 0, 0, 0, 0, 0, 0, 0, 0, 0, 0, 0, 0, 0, 0, 0, 0, 0, 0, 0, 0, 0, 0, 0, 0, 0, 0, 0, 0, 0, 0, 0, 0, 0, 0, 0, 0, 0, 0, 0, 0, 0, 0, 0, 0, 0, 0, 0, 0, 0, 0, 0, 0, 0, 0, 0, 0, 0, 0, 0, 0, 0, 0, 0, 0, 0, 0, 0, 0, 0, 0, 0, 0, 0, 0, 0, 0, 0, 0, 0, 0, 0, 0, 0, 0, 0, 0, 0, 0, 0, 0, 0, 0, 0, 0, 0, 0, 0, 0, 0, 0, 0, 0, 0, 0, 0, 0, 0, 0, 0, 0]
},
"tonal": {
    "chords_changes_rate": 0.131518691778,
    "chords_number_rate": 0.00190791150089,
    "chords_strength": {
        "mean": 0.468455553055,
        "stdev": 0.0939563438296
    },
    "hpcp_crest": {
        "mean": 12.7192363739,
        "stdev": 6.74853086472
    },
    "hpcp_entropy": {
        "mean": 2.15161085129,
        "stdev": 0.821089804173
    },
    "key_edma": {
        "strength": 0.588488161564,
        "key": "A#",
        "scale": "major"
    },
    "key_krumhansl": {
        "strength": 0.595928549767,
        "key": "A#",
        "scale": "major"
    },
    "key_temperley": {
        "strength": 0.606692314148,
        "key": "A#",
        "scale": "major"
    },
    "tuning_diatonic_strength": 0.594309151173,
    "tuning_equal_tempered_deviation": 0.253394365311,
    "tuning_frequency": 434.193115234,
    "tuning_nontempered_energy_ratio": 0.913144290447,
    "hpcp": {
        "mean": [0.123007021844, 0.11200388521, 0.110537730157, 0.155576050282, 0.164358541369, 0.111974298954, 0.0928612351418, 0.0908430144191, 0.111648790538, 0.142101451755, 0.131192445755, 0.10178078711, 0.0949292555451, 0.0932946503162, 0.0849502161145, 0.086488366127, 0.0961087271571, 0.128841146827, 0.193374365568, 0.201074764132, 0.145171567798, 0.114860370755, 0.112922362983, 0.146892532706, 0.225480377674, 0.262030959129, 0.188898384571, 0.116348542273, 0.0995026007295, 0.106591157615, 0.135041490197, 0.136680558324, 0.126407966018, 0.141011491418, 0.146821081638, 0.134820446372],
        "stdev": [0.232428327203, 0.217570573092, 0.209293782711, 0.261250883341, 0.266321063042, 0.209360182285, 0.198192238808, 0.19672010839, 0.219161078334, 0.248609244823, 0.222132340074, 0.200400695205, 0.198556303978, 0.199961170554, 0.18590401113, 0.18394215405, 0.189272433519, 0.234328150749, 0.290324181318, 0.291512519121, 0.238295719028, 0.229484722018, 0.218737319112, 0.251992642879, 0.301654845476, 0.324852615595, 0.272767692804, 0.223355606198, 0.20690113306, 0.199472531676, 0.229703694582, 0.228481203318, 0.228717684746, 0.245805338025, 0.252147972584, 0.241635635495]
    },
    "chords_histogram": [7.23734426498, 2.49300432205, 6.10531663895, 1.56448745728, 1.22106337547, 0.139913514256, 1.79343676567, 0.139913514256, 0.737725794315, 0.483337581158, 0.127194091678, 0.381582289934, 0.559654057026, 1.69168150425, 2.04782509804, 3.11625552177, 0.267107605934, 4.70618152618, 7.11014986038, 18.7102527618, 21.1396598816, 12.5031795502, 5.24039697647, 0.483337581158],
