{
"metadata": {
    "version": {
        "essentia": "2.1-dev",
        "essentia_git_sha": "v2.1_beta3-415-gd5473f3",
        "extractor": "music 2.0"
    },
    "audio_properties": {
        "analysis": {
            "equal_loudness": 0,
            "length": 394.997558594,
            "sample_rate": 44100,
            "start_time": 0,
            "downmix": "mix"
        },
        "bit_rate": 192000,
        "length": 394.997558594,
        "lossless": 0,
        "number_channels": 2,
        "replay_gain": -6.01636123657,
        "sample_rate": 44100,
        "codec": "mp3",
        "md5_encoded": "44e04d5363c72f0cc4f5b35d78272fff"
    },
    "tags": {
        "file_name": "digital_underground-humpty_dance.mp3",
        "album": ["Digital Underground"],
        "artist": ["Old School Rap"],
        "date": ["2000"],
        "genre": ["Blues"],
        "title": ["The Humpty Dance"]
    }
},
"lowlevel": {
    "average_loudness": 0.930279374123,
    "barkbands_crest": {
        "mean": 13.0229225159,
        "stdev": 5.80711841583
    },
    "barkbands_flatness_db": {
        "mean": 0.1908249259,
        "stdev": 0.0974785462022
    },
    "barkbands_kurtosis": {
        "mean": 35.1530532837,
        "stdev": 102.935874939
    },
    "barkbands_skewness": {
        "mean": 3.27873706818,
        "stdev": 4.10729789734
    },
    "barkbands_spread": {
        "mean": 23.8804073334,
        "stdev": 21.4763088226
    },
    "dissonance": {
        "mean": 0.467978924513,
        "stdev": 0.0366318412125
    },
    "dynamic_complexity": 3.42094874382,
    "erbbands_crest": {
        "mean": 9.22488880157,
        "stdev": 4.04721021652
    },
    "erbbands_flatness_db": {
        "mean": 0.151368781924,
        "stdev": 0.0462304763496
    },
    "erbbands_kurtosis": {
        "mean": 1.5418959856,
        "stdev": 7.48348474503
    },
    "erbbands_skewness": {
        "mean": -0.0214589405805,
        "stdev": 1.19800758362
    },
    "erbbands_spread": {
        "mean": 53.0469894409,
        "stdev": 34.8463401794
    },
    "hfc": {
        "mean": 24.7524394989,
        "stdev": 25.8250923157
    },
    "loudness_ebu128": {
        "integrated": -16.6514816284,
        "loudness_range": 3.6091003418,
        "momentary": {
            "mean": -20.8615379333,
            "stdev": 29.5746898651
        },
        "short_term": {
            "mean": -18.9047737122,
            "stdev": 19.0657577515
        }
    },
    "melbands_crest": {
        "mean": 18.73179245,
        "stdev": 6.638256073
    },
    "melbands_flatness_db": {
        "mean": 0.257132142782,
        "stdev": 0.128292217851
    },
    "melbands_kurtosis": {
        "mean": 88.3633956909,
        "stdev": 158.784912109
    },
    "melbands_skewness": {
        "mean": 5.55944395065,
        "stdev": 4.97201776505
    },
    "melbands_spread": {
        "mean": 26.731842041,
        "stdev": 36.2081871033
    },
    "pitch_salience": {
        "mean": 0.466492563486,
        "stdev": 0.169712036848
    },
    "silence_rate_20dB": {
        "mean": 1,
        "stdev": 0
    },
    "silence_rate_30dB": {
        "mean": 0.951977908611,
        "stdev": 0.213831499219
    },
    "silence_rate_60dB": {
        "mean": 0.0876976400614,
        "stdev": 0.282852083445
    },
    "spectral_centroid": {
        "mean": 1646.79699707,
        "stdev": 1444.71948242
    },
    "spectral_complexity": {
        "mean": 14.561041832,
        "stdev": 12.5374574661
    },
    "spectral_decrease": {
        "mean": -1.15479856788e-08,
        "stdev": 9.25440613031e-09
    },
    "spectral_energy": {
        "mean": 0.0458300076425,
        "stdev": 0.0356914848089
    },
    "spectral_energyband_high": {
        "mean": 0.00146151299123,
        "stdev": 0.00224087736569
    },
    "spectral_energyband_low": {
        "mean": 0.0336636118591,
        "stdev": 0.0323019884527
    },
    "spectral_energyband_middle_high": {
        "mean": 0.00556363165379,
        "stdev": 0.00775250094011
    },
    "spectral_energyband_middle_low": {
        "mean": 0.00704107806087,
        "stdev": 0.0105142416432
    },
    "spectral_entropy": {
        "mean": 7.69210195541,
        "stdev": 0.613894402981
    },
    "spectral_flux": {
        "mean": 0.106714375317,
        "stdev": 0.0652810558677
    },
    "spectral_kurtosis": {
        "mean": 3.43502449989,
        "stdev": 7.81495666504
    },
    "spectral_rms": {
        "mean": 0.00605351384729,
        "stdev": 0.00284021627158
    },
    "spectral_rolloff": {
        "mean": 1813.20385742,
        "stdev": 2951.54199219
    },
    "spectral_skewness": {
        "mean": 1.27442109585,
        "stdev": 0.757603228092
    },
    "spectral_spread": {
        "mean": 5832891.5,
        "stdev": 4502407
    },
    "spectral_strongpeak": {
        "mean": 0.601385891438,
        "stdev": 0.773880243301
    },
    "zerocrossingrate": {
        "mean": 0.0669800266623,
        "stdev": 0.0730128958821
    },
    "barkbands": {
        "mean": [0.00192186480854, 0.0190717782825, 0.010852470994, 0.00286871637218, 0.0014051446924, 0.000520302448422, 0.000920065154787, 0.000491785816848, 0.00068168801954, 0.000618628051598, 0.000529519747943, 0.000742683827411, 0.00072079594247, 0.000852916156873, 0.000495421991218, 0.000537276035175, 0.000418236042606, 0.00040277291555, 0.000234671577346, 0.000290495168883, 0.000212358499994, 0.000215383552131, 0.00022912028362, 0.000348059198586, 0.000172758896952, 7.36193542252e-05, 1.26885117879e-06],
        "stdev": [0.00301227462478, 0.0207042004913, 0.0173574239016, 0.00700670480728, 0.00354271009564, 0.00105429254472, 0.00204611569643, 0.00121270050295, 0.00165586243384, 0.00144062598702, 0.00126678543165, 0.00184188620187, 0.00160574971233, 0.00215948233381, 0.00116358173545, 0.00113726069685, 0.000784597359598, 0.000684777623974, 0.000494603824336, 0.000505107571371, 0.000332916912157, 0.000347372813849, 0.000431470572948, 0.000801709247753, 0.000404060381697, 0.000180424918653, 4.14015585193e-06]
    },
    "erbbands": {
        "mean": [0.704152584076, 3.7412250042, 11.1632099152, 12.4588222504, 7.08380746841, 3.86579751968, 2.62717628479, 5.08406257629, 13.0318813324, 10.1039772034, 12.8787326813, 15.2130098343, 17.0175323486, 23.1144104004, 21.5905742645, 31.5848178864, 33.6194992065, 41.8153953552, 33.4945793152, 24.8026542664, 30.6000385284, 24.4152011871, 22.753900528, 14.8291931152, 11.037147522, 14.7006635666, 9.49816989899, 8.63173675537, 7.00079917908, 7.34992933273, 7.12368297577, 8.03117084503, 4.33739471436, 2.31827139854, 1.01299905777, 0.403537422419, 0.132496893406, 0.0146663887426, 0.000337005301844, 6.78486103425e-05],
        "stdev": [0.825228273869, 4.34219026566, 15.438627243, 23.7299423218, 17.9248371124, 10.1103639603, 5.38694381714, 10.7927293777, 28.4379901886, 24.5274429321, 29.0567111969, 38.5262680054, 41.2601470947, 48.6820373535, 51.5601119995, 75.6631698608, 69.1689224243, 103.023475647, 78.6985321045, 51.8752288818, 65.5663299561, 45.8706054688, 38.8904075623, 26.6839008331, 24.5837097168, 25.4513263702, 15.473938942, 12.9331979752, 11.3635168076, 13.0315189362, 13.318605423, 17.9777889252, 9.80415916443, 5.42463779449, 2.43880939484, 0.983410656452, 0.334937661886, 0.0361569449306, 0.000873975921422, 5.82912180107e-05]
    },
    "gfcc": {
        "mean": [-36.9701805115, 73.5835723877, -98.52784729, 63.2350120544, -41.4082450867, 33.8573150635, -28.9837589264, 13.6391687393, -14.3547439575, 3.37704849243, -11.933347702, 0.0540792010725, -10.9308347702],
        "cov": [[25702.6308594, 628.6171875, -3033.6965332, -215.15788269, -1120.97412109, 651.270385742, -736.149780273, 375.00189209, -372.392211914, 95.3726806641, -367.45513916, 116.960220337, -543.166381836], [628.6171875, 1934.1048584, -305.309631348, -104.066261292, 252.983078003, -97.2141113281, 314.093200684, -111.289428711, 177.055984497, -211.51953125, 129.060897827, -125.694961548, 33.2849655151], [-3033.6965332, -305.309631348, 1983.86413574, 527.29876709, 374.485046387, 98.0583953857, 63.0019111633, 15.530960083, -21.1747512817, -16.9752368927, -19.8614292145, -66.7950820923, 11.5485639572], [-215.15788269, -104.066261292, 527.29876709, 962.387817383, 285.229675293, 74.7886199951, 37.4881248474, -77.2377319336, 15.576335907, 38.4888038635, -22.3943023682, -117.345870972, 97.4291915894], [-1120.97412109, 252.983078003, 374.485046387, 285.229675293, 498.417755127, 102.038108826, 77.788848877, -91.7703094482, 63.3720397949, -5.06272268295, 39.5028076172, -98.4606323242, 26.9680404663], [651.270385742, -97.2141113281, 98.0583953857, 74.7886199951, 102.038108826, 261.190185547, 67.0027542114, 17.101568222, -43.5299873352, 12.6147937775, -4.14829826355, -11.2950029373, -22.5549430847], [-736.149780273, 314.093200684, 63.0019111633, 37.4881248474, 77.788848877, 67.0027542114, 386.750091553, 85.9546661377, 30.3386363983, -83.7316055298, 53.6142807007, -14.3288106918, 39.9829940796], [375.00189209, -111.289428711, 15.530960083, -77.2377319336, -91.7703094482, 17.101568222, 85.9546661377, 194.777282715, 32.3484153748, -0.576088428497, -1.72449958324, 45.2099227905, -21.7448101044], [-372.392211914, 177.055984497, -21.1747512817, 15.576335907, 63.3720397949, -43.5299873352, 30.3386363983, 32.3484153748, 191.043746948, 47.8422698975, 47.6765327454, -9.17922592163, 24.9213981628], [95.3726806641, -211.51953125, -16.9752368927, 38.4888038635, -5.06272268295, 12.6147937775, -83.7316055298, -0.576088428497, 47.8422698975, 142.845367432, 28.1341190338, 14.4437303543, 3.66138744354], [-367.45513916, 129.060897827, -19.8614292145, -22.3943023682, 39.5028076172, -4.14829826355, 53.6142807007, -1.72449958324, 47.6765327454, 28.1341190338, 111.911117554, 34.068862915, 19.0140533447], [116.960220337, -125.694961548, -66.7950820923, -117.345870972, -98.4606323242, -11.2950029373, -14.3288106918, 45.2099227905, -9.17922592163, 14.4437303543, 34.068862915, 111.447052002, 8.65866661072], [-543.166381836, 33.2849655151, 11.5485639572, 97.4291915894, 26.9680404663, -22.5549430847, 39.9829940796, -21.7448101044, 24.9213981628, 3.66138744354, 19.0140533447, 8.65866661072, 104.472007751]],
        "icov": [[0.000131046632305, -0.000295705132885, 0.00018492032541, -0.000261041685008, 0.000245528295636, -0.000515910796821, 0.000440915493527, -0.00049595721066, 0.000283730361843, -0.000275118713034, 0.000393373105908, -0.000308569608023, 0.000447750062449], [-0.000295705132885, 0.0018826915184, -0.000211769540329, 0.000752047984861, -0.000736208749004, 0.00138210237492, -0.00144541880582, 0.00189060473349, -0.00182964419946, 0.00266953418031, -0.0023400359787, 0.00191399559844, -0.000769907899667], [0.00018492032541, -0.000211769540329, 0.000978528521955, -0.0006512554246, -0.000240688590566, -0.000570157542825, 0.000593802134972, -0.00100753235165, 0.000493442814332, 1.4343242583e-05, 0.000443454977358, -0.000481989380205, 0.000871181546245], [-0.000261041685008, 0.000752047984861, -0.0006512554246, 0.00227522011846, -0.000945769541431, 0.000855352787767, -0.000928827328607, 0.00103161018342, -0.00038925424451, 4.70772065455e-05, -0.000627606757917, 0.00219828193076, -0.00262441346422], [0.000245528295636, -0.000736208749004, -0.000240688590566, -0.000945769541431, 0.0046850303188, -0.00266635650769, 0.000769183796365, 0.000750266190153, -0.00105124083348, 0.000178321774001, -0.000882152467966, 0.00153514207341, 0.00077430868987], [-0.000515910796821, 0.00138210237492, -0.000570157542825, 0.000855352787767, -0.00266635650769, 0.00758907059208, -0.00332660600543, 0.00144944817293, 0.000879128463566, -0.000821397348773, -0.000674507056829, 0.000445937330369, -5.08760458615e-05], [0.000440915493527, -0.00144541880582, 0.000593802134972, -0.000928827328607, 0.000769183796365, -0.00332660600543, 0.00696296757087, -0.00512479664758, 0.00125774729531, 0.00215589953586, -0.00199261098169, 0.00112818996422, -0.00120121845976], [-0.00049595721066, 0.00189060473349, -0.00100753235165, 0.00103161018342, 0.000750266190153, 0.00144944817293, -0.00512479664758, 0.011717970483, -0.0048844893463, 0.00134782248642, 0.00084471743321, -0.00243123923428, 0.00165367336012], [0.000283730361843, -0.00182964419946, 0.000493442814332, -0.00038925424451, -0.00105124083348, 0.000879128463566, 0.00125774729531, -0.0048844893463, 0.0103535056114, -0.00558499805629, -0.000236294406932, 0.000550471711904, -0.000946971529629], [-0.000275118713034, 0.00266953418031, 1.4343242583e-05, 4.70772065455e-05, 0.000178321774001, -0.000821397348773, 0.00215589953586, 0.00134782248642, -0.00558499805629, 0.0155098102987, -0.00730666983873, 0.00302121369168, -0.00122617906891], [0.000393373105908, -0.0023400359787, 0.000443454977358, -0.000627606757917, -0.000882152467966, -0.000674507056829, -0.00199261098169, 0.00084471743321, -0.000236294406932, -0.00730666983873, 0.018717167899, -0.00984871480614, 0.00206969399005], [-0.000308569608023, 0.00191399559844, -0.000481989380205, 0.00219828193076, 0.00153514207341, 0.000445937330369, 0.00112818996422, -0.00243123923428, 0.000550471711904, 0.00302121369168, -0.00984871480614, 0.0191039238125, -0.00547678070143], [0.000447750062449, -0.000769907899667, 0.000871181546245, -0.00262441346422, 0.00077430868987, -5.08760458615e-05, -0.00120121845976, 0.00165367336012, -0.000946971529629, -0.00122617906891, 0.00206969399005, -0.00547678070143, 0.015435507521]]
    },
    "melbands": {
        "mean": [0.00575841357931, 0.00561253726482, 0.00206504715607, 0.000382655562134, 9.73741189227e-05, 0.000115634160466, 0.000197859611944, 0.000105499813799, 0.00010907521937, 9.49888781179e-05, 8.52120865602e-05, 9.37298682402e-05, 6.99596203049e-05, 7.78970861575e-05, 8.5336054326e-05, 7.10351232556e-05, 7.87660173955e-05, 5.69008625462e-05, 3.68201690435e-05, 3.37133133144e-05, 3.51139169652e-05, 2.59820935753e-05, 2.08477504202e-05, 1.87609821296e-05, 1.13317455543e-05, 8.29526015877e-06, 6.86503472025e-06, 1.13174555736e-05, 6.10038296145e-06, 5.44335216546e-06, 4.82512905364e-06, 3.94209246224e-06, 4.01662418881e-06, 3.95556253352e-06, 4.26735959991e-06, 4.10216171076e-06, 5.31396426595e-06, 3.06162223751e-06, 2.92839126814e-06, 1.56914859417e-06],
        "stdev": [0.00634126365185, 0.00636046053842, 0.00378965400159, 0.00097521423595, 0.000207843680982, 0.000236114006839, 0.000426905404311, 0.000253128062468, 0.000249155855272, 0.000245793955401, 0.000211354345083, 0.000202113558771, 0.000166765152244, 0.000204015959753, 0.000198338719201, 0.000168103710166, 0.000204166484764, 0.000144509132951, 9.16454810067e-05, 6.77195930621e-05, 7.9623889178e-05, 5.26950061612e-05, 3.67558604921e-05, 3.29748327204e-05, 2.18919285544e-05, 1.84427644854e-05, 1.76179273694e-05, 1.97927529371e-05, 1.06133511508e-05, 8.89265174919e-06, 7.37355594538e-06, 6.43734892947e-06, 7.61003002481e-06, 7.34761215426e-06, 8.2681508502e-06, 8.18983426143e-06, 1.23623076433e-05, 6.87114561515e-06, 7.00630744177e-06, 3.79860921385e-06]
    },
    "melbands128": {
        "mean": [0.00182055996265, 0.00610216939822, 0.00716288154945, 0.00565373850986, 0.00567224575207, 0.00521044805646, 0.00270432117395, 0.00115439505316, 0.000678729906213, 0.000388557644328, 0.000207949473406, 9.58768141572e-05, 8.03444563644e-05, 8.89616640052e-05, 9.72082780208e-05, 0.000131162421894, 0.000185771656106, 0.000241658839514, 0.000173515843926, 9.24191626837e-05, 8.24732487672e-05, 0.000105182523839, 0.000114196154755, 0.000114464084618, 9.76137525868e-05, 8.93637406989e-05, 8.43564121169e-05, 7.74805157562e-05, 9.39924575505e-05, 9.50360481511e-05, 9.89273321466e-05, 8.40265784063e-05, 5.93595432292e-05, 6.65946281515e-05, 7.34208588256e-05, 8.07337128208e-05, 8.52600787766e-05, 9.58343516686e-05, 7.84372605267e-05, 6.552854029e-05, 7.1420596214e-05, 7.3946925113e-05, 8.87746136868e-05, 7.26295183995e-05, 6.93530819262e-05, 5.74672230869e-05, 3.70951529476e-05, 4.35671718151e-05, 3.27524794557e-05, 2.61647455773e-05, 3.34599753842e-05, 4.07066654589e-05, 4.17301234847e-05, 2.90153184324e-05, 2.85199075734e-05, 2.80455260508e-05, 2.21164373215e-05, 1.77816946234e-05, 2.22330418183e-05, 2.30713449128e-05, 1.93067189684e-05, 1.55352900038e-05, 1.21152543215e-05, 9.87766907201e-06, 1.05659091787e-05, 7.42058546166e-06, 7.37207801649e-06, 8.73235603649e-06, 6.1146824919e-06, 5.18757678947e-06, 1.39150224641e-05, 1.30898342832e-05, 7.39858705856e-06, 5.39582242709e-06, 3.72664567294e-06, 5.18095475854e-06, 7.25636618881e-06, 3.88638318327e-06, 4.98133840665e-06, 5.17081934959e-06, 3.56648024535e-06, 3.82967436963e-06, 3.55697579835e-06, 3.51164430867e-06, 5.38136828254e-06, 3.60234662367e-06, 3.44486625181e-06, 4.53316533822e-06, 4.85530381411e-06, 3.76338266506e-06, 2.74537524092e-06, 4.49830713478e-06, 6.11489440416e-06, 4.49139633929e-06, 5.90341642237e-06, 4.34105550084e-06, 1.80846450348e-06, 1.92002426047e-06, 3.9357728383e-06, 2.9978175462e-06, 1.74523620444e-06, 1.26999634631e-06, 1.33052947149e-06, 1.09357029032e-06, 1.1015176824e-06, 1.16570288355e-06, 1.14143529117e-06, 6.25530390153e-07, 6.31176078514e-07, 6.43233931896e-07, 5.34834100563e-07, 5.39847690106e-07, 3.73614938098e-07, 3.71987653125e-07, 2.4588214842e-07, 1.54616557779e-07, 5.11827522587e-08, 3.05028735603e-09, 7.23298476668e-10, 6.08052441731e-10, 5.28423194091e-10, 2.67640604124e-10, 1.14749529323e-10, 2.8631591889e-11, 1.18577248714e-11, 6.35165878227e-12, 6.17055018193e-12, 6.12267701816e-12],
        "stdev": [0.00284598139115, 0.00757808890194, 0.00954926386476, 0.0070960666053, 0.00738256890327, 0.00890092551708, 0.00551451323554, 0.00307302805595, 0.0019334605895, 0.00106812664308, 0.0006432547234, 0.000282466149656, 0.000195917556994, 0.000236381689319, 0.000270651013125, 0.000361708516721, 0.000490190926939, 0.000647983513772, 0.000546466733795, 0.000341425504303, 0.000303465232719, 0.000331895920681, 0.000343115854776, 0.000389157881727, 0.000355082389433, 0.000339030142641, 0.000321248255204, 0.00028061910416, 0.000299489562167, 0.000285328686005, 0.000276320643025, 0.000242094465648, 0.000206217417144, 0.000241782589001, 0.000272734818282, 0.000291866337648, 0.000295990903396, 0.000295501668006, 0.000213378749322, 0.000179996655788, 0.000250624376349, 0.000227713040658, 0.000286093272734, 0.000250151613727, 0.000212643950363, 0.000184149903362, 0.000105274273665, 0.000120000360766, 0.000125141523313, 6.54878967907e-05, 8.61824009917e-05, 0.000112879963126, 0.000146897509694, 7.12716355338e-05, 6.54376199236e-05, 7.63162970543e-05, 5.58528918191e-05, 3.90927525586e-05, 4.79004884255e-05, 4.8976547987e-05, 4.36823320342e-05, 3.21571897075e-05, 2.5177909265e-05, 2.5389914299e-05, 3.03618344333e-05, 1.85150747711e-05, 1.8175722289e-05, 3.00911506201e-05, 1.83146239578e-05, 1.26828126668e-05, 2.88199626084e-05, 2.31797785091e-05, 1.42971193782e-05, 1.17350919027e-05, 7.69244979892e-06, 9.21200989978e-06, 1.381607035e-05, 6.73850672683e-06, 8.28682004794e-06, 8.91084346222e-06, 6.69109476803e-06, 7.09436835677e-06, 7.05911998011e-06, 8.88733757165e-06, 1.00492579804e-05, 6.97586938259e-06, 7.84975873103e-06, 9.73302121565e-06, 1.01817076938e-05, 7.40725454307e-06, 5.95952451476e-06, 9.83350855677e-06, 1.57780559675e-05, 1.0363643014e-05, 1.38219929795e-05, 1.05557501229e-05, 4.6894647312e-06, 5.04742001795e-06, 9.88890042208e-06, 7.37481468605e-06, 4.32928163718e-06, 3.49867013938e-06, 3.46294268638e-06, 2.83081021735e-06, 2.73954856311e-06, 2.97087626677e-06, 2.91341984848e-06, 1.52137181431e-06, 1.61766081419e-06, 1.65922347151e-06, 1.39565759127e-06, 1.52970460476e-06, 9.22006904602e-07, 9.57956331149e-07, 6.00305043008e-07, 4.11960257907e-07, 1.44230696719e-07, 2.56399523835e-08, 2.0620623431e-08, 1.75409287095e-08, 1.98462739576e-08, 1.14265814588e-08, 6.18915674266e-09, 1.8578033556e-09, 7.21938009374e-10, 1.93099182477e-11, 9.55908702888e-12, 9.50291668272e-12]
    },
    "mfcc": {
        "mean": [-670.905212402, 91.4427490234, 14.7971048355, 36.1004524231, 21.1270637512, 23.7967891693, 7.41997051239, 15.0892496109, 6.76645898819, 6.37977075577, 2.92408156395, 9.32068538666, 1.11145722866],
        "cov": [[12726.6298828, 515.196044922, -1486.93786621, -1027.44934082, -462.34552002, -235.373291016, -269.644226074, 44.5717658997, -186.913146973, -35.2682800293, 42.7816429138, 53.7816619873, -90.496131897], [515.196044922, 1803.95166016, -247.055221558, -62.7922859192, -62.5059204102, 19.1036968231, 49.1223526001, 190.55368042, 25.7653770447, -61.3708648682, 99.8837585449, 70.3920059204, -7.54177284241], [-1486.93786621, -247.055221558, 1279.89294434, 448.760955811, 326.491119385, 118.977218628, 173.469146729, 49.9714508057, 83.8029785156, 56.4632644653, -44.506816864, 3.74203515053, 28.2031764984], [-1027.44934082, -62.7922859192, 448.760955811, 797.193481445, 296.740966797, 237.935150146, 114.361190796, -8.68673706055, 99.3187866211, 90.5170288086, -27.3584156036, -19.3825969696, 27.7316856384], [-462.34552002, -62.5059204102, 326.491119385, 296.740966797, 508.983306885, 234.488418579, 30.3797245026, -84.61693573, 7.6649723053, 71.9335327148, 6.61624383926, -10.357758522, -4.44419717789], [-235.373291016, 19.1036968231, 118.977218628, 237.935150146, 234.488418579, 336.895080566, 134.486846924, -18.4831008911, 26.868314743, 52.3347473145, 0.238516896963, -6.58567380905, 16.1240158081], [-269.644226074, 49.1223526001, 173.469146729, 114.361190796, 30.3797245026, 134.486846924, 291.526123047, 129.467544556, 41.7158584595, 25.1735115051, -6.74152374268, 3.78613591194, 13.7376461029], [44.5717658997, 190.55368042, 49.9714508057, -8.68673706055, -84.61693573, -18.4831008911, 129.467544556, 228.569473267, 68.6569290161, -4.46552562714, 35.9210205078, 26.0230712891, 5.01746749878], [-186.913146973, 25.7653770447, 83.8029785156, 99.3187866211, 7.6649723053, 26.868314743, 41.7158584595, 68.6569290161, 131.839233398, 56.9795913696, 10.8747272491, 20.4383163452, 2.73405337334], [-35.2682800293, -61.3708648682, 56.4632644653, 90.5170288086, 71.9335327148, 52.3347473145, 25.1735115051, -4.46552562714, 56.9795913696, 115.407249451, 29.2152862549, 11.6098251343, -0.543490827084], [42.7816429138, 99.8837585449, -44.506816864, -27.3584156036, 6.61624383926, 0.238516896963, -6.74152374268, 35.9210205078, 10.8747272491, 29.2152862549, 117.383972168, 53.1118812561, 5.60647201538], [53.7816619873, 70.3920059204, 3.74203515053, -19.3825969696, -10.357758522, -6.58567380905, 3.78613591194, 26.0230712891, 20.4383163452, 11.6098251343, 53.1118812561, 111.459533691, 33.5185089111], [-90.496131897, -7.54177284241, 28.2031764984, 27.7316856384, -4.44419717789, 16.1240158081, 13.7376461029, 5.01746749878, 2.73405337334, -0.543490827084, 5.60647201538, 33.5185089111, 84.5624084473]],
        "icov": [[9.97127572191e-05, -1.35653363031e-05, 8.20854111225e-05, 8.00075795269e-05, 7.04580543243e-06, -5.85660600336e-05, 0.000102844656794, -0.000156559035531, 0.000183051030035, -0.000205018135603, 0.000158733673743, -0.000110678854981, 8.21142020868e-05], [-1.35653363031e-05, 0.00068784452742, 0.000153104978381, -7.1329610364e-05, -9.78631142061e-05, -0.000156517955475, 0.000100493227364, -0.000597280915827, -6.64276303723e-05, 0.000584633846302, -0.000377818854759, -0.000255037186434, 0.000195017273654], [8.20854111225e-05, 0.000153104978381, 0.00134617416188, -0.000398322677938, -0.000926874869037, 0.000731520878617, -0.000638754514512, -0.000341286737239, -0.000231428566622, 0.000147496029967, 0.000536986452062, -0.000372865761165, -0.000160400071763], [8.00075795269e-05, -7.1329610364e-05, -0.000398322677938, 0.00224797055125, -0.000486403587274, -0.000858720159158, 5.99793820584e-05, 0.000132062123157, -0.00106996763498, -0.000530813471414, 0.000424674130045, 0.000512925791554, -0.000604789413046], [7.04580543243e-06, -9.78631142061e-05, -0.000926874869037, -0.000486403587274, 0.00429256958887, -0.00264676241204, 0.00111291091889, 0.000709727290086, 0.00115967437159, -0.00132243905682, -0.000574882957153, -5.42654634046e-05, 0.000988446758129], [-5.85660600336e-05, -0.000156517955475, 0.000731520878617, -0.000858720159158, -0.00264676241204, 0.00685044145212, -0.00376417674124, 0.00207440066151, -0.00116176414303, 0.000338281679433, -0.000678129435983, 0.000602310930844, -0.00114993203897], [0.000102844656794, 0.000100493227364, -0.000638754514512, 5.99793820584e-05, 0.00111291091889, -0.00376417674124, 0.00773100089282, -0.0052631078288, 0.00232133711688, -0.00217778934166, 0.00220398441888, -0.000517627282534, 0.000114958020276], [-0.000156559035531, -0.000597280915827, -0.000341286737239, 0.000132062123157, 0.000709727290086, 0.00207440066151, -0.0052631078288, 0.0107063120231, -0.00574601441622, 0.00361636700109, -0.00395704153925, 0.000979159027338, -0.000205509422813], [0.000183051030035, -6.64276303723e-05, -0.000231428566622, -0.00106996763498, 0.00115967437159, -0.00116176414303, 0.00232133711688, -0.00574601441622, 0.014718811959, -0.00775469606742, 0.00321516860276, -0.00270649464801, 0.00119823461864], [-0.000205018135603, 0.000584633846302, 0.000147496029967, -0.000530813471414, -0.00132243905682, 0.000338281679433, -0.00217778934166, 0.00361636700109, -0.00775469606742, 0.0156091414392, -0.00527434097603, 0.000986627419479, 0.000272493663942], [0.000158733673743, -0.000377818854759, 0.000536986452062, 0.000424674130045, -0.000574882957153, -0.000678129435983, 0.00220398441888, -0.00395704153925, 0.00321516860276, -0.00527434097603, 0.0142176821828, -0.00619294447824, 0.00116789457388], [-0.000110678854981, -0.000255037186434, -0.000372865761165, 0.000512925791554, -5.42654634046e-05, 0.000602310930844, -0.000517627282534, 0.000979159027338, -0.00270649464801, 0.000986627419479, -0.00619294447824, 0.0140595287085, -0.00534516992047], [8.21142020868e-05, 0.000195017273654, -0.000160400071763, -0.000604789413046, 0.000988446758129, -0.00114993203897, 0.000114958020276, -0.000205509422813, 0.00119823461864, 0.000272493663942, 0.00116789457388, -0.00534516992047, 0.0144516946748]]
    },
    "spectral_contrast_coeffs": {
        "mean": [-0.706928014755, -0.762874305248, -0.783944547176, -0.80015796423, -0.795436739922, -0.764428973198],
        "stdev": [0.0822473615408, 0.101513899863, 0.087399981916, 0.0618585124612, 0.0564401112497, 0.0498295538127]
    },
    "spectral_contrast_valleys": {
        "mean": [-7.10155963898, -7.867395401, -8.26723766327, -8.08618164062, -7.94593858719, -10.2179756165],
        "stdev": [2.47272729874, 2.44043827057, 2.48295044899, 2.4891808033, 2.43261361122, 2.23727560043]
    }
},
"rhythm": {
    "beats_count": 679,
    "beats_loudness": {
        "mean": 0.0748852044344,
        "stdev": 0.0334186367691
    },
    "bpm": 103.523651123,
    "bpm_histogram_first_peak_bpm": 103,
    "bpm_histogram_first_peak_weight": 0.111445784569,
    "bpm_histogram_second_peak_bpm": 91,
    "bpm_histogram_second_peak_spread": 0,
    "bpm_histogram_second_peak_weight": 0.00884955748916,
    "danceability": 1.15748143196,
    "onset_rate": 5.14913415909,
    "beats_loudness_band_ratio": {
        "mean": [0.670669496059, 0.0835279077291, 0.0630353912711, 0.0730307921767, 0.0665674805641, 0.060526676476],
        "stdev": [0.274440646172, 0.116387754679, 0.0836497396231, 0.0895230919123, 0.0813531130552, 0.0839992016554]
    },
    "beats_position": [0.603718817234, 1.23065757751, 1.84598636627, 2.46131515503, 3.06503391266, 3.64553284645, 4.22603178024, 4.80653047562, 5.38702917099, 5.9675283432, 6.54802703857, 7.12852573395, 7.70902490616, 8.28952407837, 8.87002277374, 9.43891143799, 10.0194101334, 10.5999088287, 11.1687984467, 11.749297142, 12.3297958374, 12.9102945328, 13.4907932281, 14.0712919235, 14.6517915726, 15.2322902679, 15.8127889633, 16.3932876587, 16.9737873077, 17.5542850494, 18.1347846985, 18.7152824402, 19.2957820892, 19.8762817383, 20.45677948, 21.037279129, 21.6177768707, 22.1982765198, 22.7671642303, 23.3476638794, 23.9281635284, 24.5086612701, 25.0775508881, 25.6580486298, 26.2385482788, 26.8190479279, 27.4111557007, 28.0032653809, 28.5837631226, 29.1642627716, 29.7215423584, 30.3020401001, 30.8825397491, 31.4630374908, 32.0435371399, 32.6240348816, 33.204536438, 33.7850341797, 34.3655319214, 34.9460296631, 35.5265312195, 36.1070289612, 36.6875267029, 37.2680282593, 37.848526001, 38.4290237427, 39.0095214844, 39.5668029785, 40.1473007202, 40.7277984619, 41.3083000183, 41.88879776, 42.4692955017, 43.0497932434, 43.6302947998, 44.2107925415, 44.7912902832, 45.3717918396, 45.9522895813, 46.532787323, 47.1132888794, 47.6937866211, 48.2742843628, 48.8547821045, 49.4352836609, 50.0157814026, 50.5846710205, 51.1535606384, 51.7340583801, 52.3145561218, 52.8950538635, 53.4755554199, 54.0560531616, 54.6365509033, 55.2170524597, 55.7975502014, 56.3780479431, 56.9585494995, 57.5390472412, 58.1195449829, 58.7000427246, 59.280544281, 59.8610420227, 60.4415397644, 61.0220413208, 61.6025390625, 62.1830368042, 62.7635345459, 63.3440361023, 63.9129257202, 64.4818115234, 65.0623092651, 65.6428070068, 66.2233123779, 66.8038101196, 67.3843078613, 67.964805603, 68.5453033447, 69.1258010864, 69.7062988281, 70.2868041992, 70.8673019409, 71.4477996826, 72.0282974243, 72.608795166, 73.1892929077, 73.7697982788, 74.3502960205, 74.9307937622, 75.5112915039, 76.0917892456, 76.6722869873, 77.252784729, 77.8216781616, 78.3905639648, 78.9710617065, 79.5515594482, 80.1320648193, 80.712562561, 81.2930603027, 81.8735580444, 82.4540557861, 83.0345535278, 83.6150588989, 84.1955566406, 84.7760543823, 85.356552124, 85.9370498657, 86.5175476074, 87.0980453491, 87.6785507202, 88.2590484619, 88.8395462036, 89.4200439453, 90.000541687, 90.5810394287, 91.1615371704, 91.730430603, 92.2993164062, 92.8798141479, 93.460319519, 94.0408172607, 94.6213150024, 95.2018127441, 95.7823104858, 96.3628082275, 96.9433059692, 97.5238113403, 98.104309082, 98.6848068237, 99.2653045654, 99.8458023071, 100.426300049, 101.006797791, 101.587303162, 102.167800903, 102.748298645, 103.317184448, 103.886077881, 104.466575623, 105.047073364, 105.627571106, 106.208068848, 106.788566589, 107.36907196, 107.949569702, 108.530067444, 109.110565186, 109.691062927, 110.271560669, 110.852058411, 111.432563782, 112.013061523, 112.593559265, 113.174057007, 113.754554749, 114.33505249, 114.915550232, 115.484443665, 116.053329468, 116.633827209, 117.214332581, 117.794830322, 118.375328064, 118.955825806, 119.536323547, 120.116821289, 120.697319031, 121.277824402, 121.858322144, 122.438819885, 123.019317627, 123.599815369, 124.18031311, 124.760810852, 125.341316223, 125.921813965, 126.502311707, 127.082809448, 127.66330719, 128.243804932, 128.824310303, 129.404800415, 129.985305786, 130.565795898, 131.14630127, 131.715194702, 132.284072876, 132.864578247, 133.445083618, 134.02557373, 134.606079102, 135.198181152, 135.778686523, 136.347564697, 136.928070068, 137.508575439, 138.089065552, 138.669570923, 139.250061035, 139.830566406, 140.411056519, 140.99156189, 141.572067261, 142.152557373, 142.733062744, 143.313552856, 143.894058228, 144.47454834, 145.055053711, 145.635559082, 146.216049194, 146.796554565, 147.377044678, 147.957550049, 148.538040161, 149.118545532, 149.699050903, 150.279541016, 150.860046387, 151.428924561, 151.997817993, 152.578323364, 153.158813477, 153.739318848, 154.31980896, 154.900314331, 155.480819702, 156.061309814, 156.641815186, 157.222305298, 157.802810669, 158.383300781, 158.963806152, 159.544311523, 160.124801636, 160.705307007, 161.285797119, 161.86630249, 162.446792603, 163.027297974, 163.607803345, 164.188293457, 164.768798828, 165.337677002, 165.906570435, 166.487075806, 167.067565918, 167.648071289, 168.228561401, 168.809066772, 169.401168823, 169.970062256, 170.550567627, 171.131057739, 171.71156311, 172.292053223, 172.872558594, 173.453063965, 174.033554077, 174.614059448, 175.182937622, 175.751831055, 176.332336426, 176.912826538, 177.493331909, 178.073822021, 178.654327393, 179.234832764, 179.815322876, 180.395828247, 180.976318359, 181.55682373, 182.137313843, 182.717819214, 183.298324585, 183.878814697, 184.459320068, 185.039810181, 185.620315552, 186.200805664, 186.781311035, 187.361816406, 187.942306519, 188.52281189, 189.103302002, 189.672195435, 190.241088867, 190.821578979, 191.402084351, 191.982574463, 192.563079834, 193.143585205, 193.724075317, 194.304580688, 194.885070801, 195.47718811, 196.057678223, 196.626571655, 197.207077026, 197.787567139, 198.36807251, 198.948562622, 199.529067993, 200.109558105, 200.690063477, 201.270568848, 201.839447021, 202.419952393, 203.000442505, 203.569335938, 204.149841309, 204.730331421, 205.310836792, 205.891326904, 206.471832275, 207.052337646, 207.632827759, 208.21333313, 208.793823242, 209.374328613, 209.954818726, 210.535324097, 211.115829468, 211.69631958, 212.276824951, 212.857315063, 213.437820435, 214.018310547, 214.598815918, 215.179321289, 215.759811401, 216.340316772, 216.920806885, 217.512924194, 218.116638184, 218.685531616, 219.254425049, 219.823303223, 220.392196655, 220.972686768, 221.5415802, 222.122085571, 222.702575684, 223.283081055, 223.863571167, 224.444076538, 225.024581909, 225.605072021, 226.185577393, 226.766067505, 227.346572876, 227.927078247, 228.507568359, 229.08807373, 229.656951904, 230.237457275, 230.806350708, 231.38684082, 231.967346191, 232.547836304, 233.128341675, 233.708831787, 234.289337158, 234.869842529, 235.450332642, 236.030838013, 236.611328125, 237.191833496, 237.772338867, 238.352828979, 238.933334351, 239.513824463, 240.094329834, 240.674819946, 241.255325317, 241.835830688, 242.416320801, 242.996826172, 243.577316284, 244.157821655, 244.726715088, 245.295593262, 245.876098633, 246.456588745, 247.037094116, 247.617584229, 248.1980896, 248.778594971, 249.359085083, 249.939590454, 250.520080566, 251.100585938, 251.681091309, 252.261581421, 252.842086792, 253.422576904, 254.003082275, 254.571975708, 255.15246582, 255.732971191, 256.325073242, 256.893951416, 257.462860107, 258.043365479, 258.623840332, 259.204345703, 259.784851074, 260.365356445, 260.945831299, 261.52633667, 262.106842041, 262.687347412, 263.267852783, 263.848327637, 264.428833008, 265.009338379, 265.58984375, 266.170349121, 266.750823975, 267.331329346, 267.911834717, 268.492340088, 269.072814941, 269.653320312, 270.233825684, 270.814331055, 271.394836426, 271.975311279, 272.544219971, 273.113098145, 273.693603516, 274.274108887, 274.85458374, 275.435089111, 276.015594482, 276.596099854, 277.176605225, 277.757080078, 278.337585449, 278.91809082, 279.498596191, 280.079101562, 280.659576416, 281.240081787, 281.820587158, 282.401092529, 282.981567383, 283.562072754, 284.130981445, 284.699859619, 285.28036499, 285.860870361, 286.441345215, 287.021850586, 287.602355957, 288.182861328, 288.763336182, 289.343841553, 289.935943604, 290.504852295, 291.085357666, 291.66583252, 292.246337891, 292.826843262, 293.395721436, 293.964630127, 294.54510498, 295.125610352, 295.706115723, 296.286621094, 296.867126465, 297.447601318, 298.028106689, 298.608612061, 299.189117432, 299.769622803, 300.350097656, 300.930603027, 301.511108398, 302.09161377, 302.672088623, 303.252593994, 303.833099365, 304.413604736, 304.994110107, 305.574584961, 306.155090332, 306.735595703, 307.316101074, 307.896606445, 308.477081299, 309.05758667, 309.626464844, 310.195373535, 310.775878906, 311.35635376, 311.936859131, 312.517364502, 313.097869873, 313.678375244, 314.258850098, 314.839355469, 315.41986084, 316.000366211, 316.580841064, 317.161346436, 317.741851807, 318.322357178, 318.902862549, 319.471740723, 320.052246094, 320.632751465, 321.201629639, 321.78213501, 322.362609863, 322.943115234, 323.523620605, 324.104125977, 324.684631348, 325.265106201, 325.845611572, 326.426116943, 327.006622314, 327.587127686, 328.167602539, 328.74810791, 329.328613281, 329.909118652, 330.489593506, 331.070098877, 331.650604248, 332.231109619, 332.799987793, 333.368896484, 333.949371338, 334.529876709, 335.11038208, 335.690887451, 336.271362305, 336.851867676, 337.432373047, 338.012878418, 338.593383789, 339.173858643, 339.754364014, 340.334869385, 340.915374756, 341.495880127, 342.07635498, 342.656860352, 343.237365723, 343.817871094, 344.398345947, 344.978851318, 345.559356689, 346.139862061, 346.720367432, 347.289245605, 347.858123779, 348.43862915, 349.019134521, 349.599639893, 350.180114746, 350.760620117, 351.341125488, 351.921630859, 352.50213623, 353.082611084, 353.663116455, 354.243621826, 354.824127197, 355.404632568, 355.985107422, 356.565612793, 357.146118164, 357.726623535, 358.307098389, 358.88760376, 359.468109131, 360.048614502, 360.629119873, 361.209594727, 361.790100098, 362.370605469, 362.939483643, 363.508392334, 364.088867188, 364.669372559, 365.24987793, 365.830383301, 366.410888672, 366.991363525, 367.571868896, 368.152374268, 368.732879639, 369.31338501, 369.893859863, 370.474365234, 371.054870605, 371.635375977, 372.215881348, 372.784759521, 373.353637695, 373.934143066, 374.514648438, 375.095153809, 375.675628662, 376.256134033, 376.836639404, 377.417144775, 377.997619629, 378.578125, 379.158630371, 379.739135742, 380.319641113, 380.900115967, 381.480621338, 382.061126709, 382.64163208, 383.222137451, 383.802612305, 384.383117676, 384.963623047, 385.544128418, 386.124633789, 386.705108643, 387.285614014, 387.877716064, 388.481445312, 389.09677124, 389.712097168, 390.339050293, 391.000823975, 391.662567139, 392.312744141, 392.974517822, 393.636260986, 394.298034668],
    "bpm_histogram": [0, 0, 0, 0, 0, 0, 0, 0, 0, 0, 0, 0, 0, 0, 0, 0, 0, 0, 0, 0, 0, 0, 0, 0, 0, 0, 0, 0, 0, 0, 0, 0, 0, 0, 0, 0, 0, 0, 0, 0, 0, 0, 0, 0, 0, 0, 0, 0, 0, 0, 0, 0, 0, 0, 0, 0, 0, 0, 0, 0, 0, 0, 0, 0, 0, 0, 0, 0, 0, 0, 0, 0, 0, 0, 0, 0, 0, 0, 0, 0, 0, 0, 0, 0, 0, 0, 0, 0, 0, 0, 0, 0.00737463124096, 0.00147492624819, 0, 0, 0, 0.00294985249639, 0, 0.00589970499277, 0.00442477874458, 0, 0.0132743362337, 0, 0.870206475258, 0, 0.0914454311132, 0, 0, 0.00294985249639, 0, 0, 0, 0, 0, 0, 0, 0, 0, 0, 0, 0, 0, 0, 0, 0, 0, 0, 0, 0, 0, 0, 0, 0, 0, 0, 0, 0, 0, 0, 0, 0, 0, 0, 0, 0, 0, 0, 0, 0, 0, 0, 0, 0, 0, 0, 0, 0, 0, 0, 0, 0, 0, 0, 0, 0, 0, 0, 0, 0, 0, 0, 0, 0, 0, 0, 0, 0, 0, 0, 0, 0, 0, 0, 0, 0, 0, 0, 0, 0, 0, 0, 0, 0, 0, 0, 0, 0, 0, 0, 0, 0, 0, 0, 0, 0, 0, 0, 0, 0, 0, 0, 0, 0, 0, 0, 0, 0, 0, 0, 0, 0, 0, 0, 0, 0, 0, 0, 0, 0, 0, 0, 0, 0, 0, 0, 0, 0, 0, 0, 0, 0, 0, 0, 0, 0, 0, 0, 0, 0, 0]
},
"tonal": {
    "chords_changes_rate": 0.134007290006,
    "chords_number_rate": 0.00199835421517,
    "chords_strength": {
        "mean": 0.464007914066,
        "stdev": 0.175774440169
    },
    "hpcp_crest": {
        "mean": 10.3966779709,
        "stdev": 5.35715389252
    },
    "hpcp_entropy": {
        "mean": 2.51417899132,
        "stdev": 0.837472140789
    },
    "key_edma": {
        "strength": 0.578060567379,
        "key": "D#",
        "scale": "minor"
    },
    "key_krumhansl": {
        "strength": 0.5868460536,
        "key": "D#",
        "scale": "minor"
    },
    "key_temperley": {
        "strength": 0.583119034767,
        "key": "D#",
        "scale": "minor"
    },
    "tuning_diatonic_strength": 0.471798717976,
    "tuning_equal_tempered_deviation": 0.240200728178,
    "tuning_frequency": 434.193115234,
    "tuning_nontempered_energy_ratio": 0.902475357056,
    "hpcp": {
        "mean": [0.123237997293, 0.124245524406, 0.127228438854, 0.136292353272, 0.220909506083, 0.232501208782, 0.131443932652, 0.0903394073248, 0.0915502011776, 0.113682039082, 0.112699463964, 0.0856512486935, 0.07891792804, 0.0950308889151, 0.0887985154986, 0.0826417654753, 0.0919870883226, 0.091366879642, 0.102294281125, 0.132982954383, 0.191811591387, 0.203879222274, 0.15469071269, 0.126007929444, 0.118640288711, 0.106556527317, 0.0862375199795, 0.0810546875, 0.0872497260571, 0.0894030407071, 0.0915012210608, 0.0927410498261, 0.0798020735383, 0.0741478651762, 0.0856684744358, 0.106145501137],
