{
"metadata": {
    "version": {
        "essentia": "2.1-dev",
        "essentia_git_sha": "v2.1_beta3-415-gd5473f3",
        "extractor": "music 2.0"
    },
    "audio_properties": {
        "analysis": {
            "equal_loudness": 0,
            "length": 335.725708008,
            "sample_rate": 44100,
            "start_time": 0,
            "downmix": "mix"
        },
        "bit_rate": 192000,
        "length": 335.725708008,
        "lossless": 0,
        "number_channels": 2,
        "replay_gain": -6.26233863831,
        "sample_rate": 44100,
        "codec": "mp3",
        "md5_encoded": "06d709636cc7884b8d2b34e7d727b83d"
    },
    "tags": {
        "file_name": "dj_jazzy_jeff_and_fresh_prince-parents_just_don_t_understand.mp3",
        "album": ["Yo! MTV Raps"],
        "artist": ["DJ Jazzy Jeff,The Fresh Prince"],
        "date": ["1989"],
        "genre": ["Rap"],
        "title": ["Parents Just Don't Understand"]
    }
},
"lowlevel": {
    "average_loudness": 0.93875348568,
    "barkbands_crest": {
        "mean": 10.0021257401,
        "stdev": 5.01164627075
    },
    "barkbands_flatness_db": {
        "mean": 0.144181460142,
        "stdev": 0.0676932409406
    },
    "barkbands_kurtosis": {
        "mean": 7.26217269897,
        "stdev": 17.0846443176
    },
    "barkbands_skewness": {
        "mean": 1.38698256016,
        "stdev": 2.0571808815
    },
    "barkbands_spread": {
        "mean": 27.1066532135,
        "stdev": 19.0256309509
    },
    "dissonance": {
        "mean": 0.462175756693,
        "stdev": 0.0475561991334
    },
    "dynamic_complexity": 4.24263954163,
    "erbbands_crest": {
        "mean": 8.78342342377,
        "stdev": 4.85076236725
    },
    "erbbands_flatness_db": {
        "mean": 0.162605509162,
        "stdev": 0.0551074743271
    },
    "erbbands_kurtosis": {
        "mean": 1.66421294212,
        "stdev": 5.32158041
    },
    "erbbands_skewness": {
        "mean": 0.169309005141,
        "stdev": 1.26409637928
    },
    "erbbands_spread": {
        "mean": 43.0830535889,
        "stdev": 25.0085010529
    },
    "hfc": {
        "mean": 23.1131324768,
        "stdev": 31.1392650604
    },
    "loudness_ebu128": {
        "integrated": -18.5149459839,
        "loudness_range": 2.26873970032,
        "momentary": {
            "mean": -20.3367404938,
            "stdev": 9.78089237213
        },
        "short_term": {
            "mean": -19.5188808441,
            "stdev": 5.56629133224
        }
    },
    "melbands_crest": {
        "mean": 14.0206289291,
        "stdev": 5.92892551422
    },
    "melbands_flatness_db": {
        "mean": 0.17760194838,
        "stdev": 0.0927160009742
    },
    "melbands_kurtosis": {
        "mean": 23.5314979553,
        "stdev": 50.1022453308
    },
    "melbands_skewness": {
        "mean": 2.88661170006,
        "stdev": 2.81038475037
    },
    "melbands_spread": {
        "mean": 38.8750572205,
        "stdev": 39.9771347046
    },
    "pitch_salience": {
        "mean": 0.583830714226,
        "stdev": 0.151205927134
    },
    "silence_rate_20dB": {
        "mean": 1,
        "stdev": 0
    },
    "silence_rate_30dB": {
        "mean": 0.999723374844,
        "stdev": 0.0166286733001
    },
    "silence_rate_60dB": {
        "mean": 0.187966808677,
        "stdev": 0.390667885542
    },
    "spectral_centroid": {
        "mean": 1859.67089844,
        "stdev": 1194.78051758
    },
    "spectral_complexity": {
        "mean": 15.3441905975,
        "stdev": 14.638299942
    },
    "spectral_decrease": {
        "mean": -4.41746728086e-09,
        "stdev": 5.08094233354e-09
    },
    "spectral_energy": {
        "mean": 0.018768966198,
        "stdev": 0.0206404794008
    },
    "spectral_energyband_high": {
        "mean": 0.00172623270191,
        "stdev": 0.00299069727771
    },
    "spectral_energyband_low": {
        "mean": 0.00703038834035,
        "stdev": 0.0145922340453
    },
    "spectral_energyband_middle_high": {
        "mean": 0.00502491183579,
        "stdev": 0.00815801043063
    },
    "spectral_energyband_middle_low": {
        "mean": 0.00571486307308,
        "stdev": 0.00731681054458
    },
    "spectral_entropy": {
        "mean": 7.78782892227,
        "stdev": 0.515164613724
    },
    "spectral_flux": {
        "mean": 0.0874203369021,
        "stdev": 0.0581022687256
    },
    "spectral_kurtosis": {
        "mean": 2.74150681496,
        "stdev": 2.20954203606
    },
    "spectral_rms": {
        "mean": 0.00365407741629,
        "stdev": 0.00222685490735
    },
    "spectral_rolloff": {
        "mean": 2788.35180664,
        "stdev": 2863.59179688
    },
    "spectral_skewness": {
        "mean": 1.2135181427,
        "stdev": 0.489226460457
    },
    "spectral_spread": {
        "mean": 5431092.5,
        "stdev": 2583224.75
    },
    "spectral_strongpeak": {
        "mean": 0.812477529049,
        "stdev": 1.1508436203
    },
    "zerocrossingrate": {
        "mean": 0.0928854122758,
        "stdev": 0.0699845477939
    },
    "barkbands": {
        "mean": [2.5423383704e-05, 0.0042209867388, 0.0021676060278, 0.00131368834991, 0.00136198243126, 0.000534229679033, 0.000463352567749, 0.000865911541041, 0.000975333154202, 0.000812401296571, 0.000672130438033, 0.00056009797845, 0.000576122954953, 0.000569965224713, 0.000378925149562, 0.000228836710448, 0.000348992471118, 0.000374210561858, 0.000419648917159, 0.000345357344486, 0.000402411096729, 0.000361669634003, 0.000329427508404, 0.000216849410208, 0.00019835162675, 3.42994026141e-05, 1.07044506876e-05],
        "stdev": [5.66532362427e-05, 0.0108493352309, 0.00513260997832, 0.00254735141061, 0.00335101620294, 0.00113769143354, 0.00126941152848, 0.00245735049248, 0.0027865152806, 0.00231167557649, 0.00203209812753, 0.00143997988198, 0.0015013209777, 0.00154686858878, 0.000874984718394, 0.000443084980361, 0.000701074430253, 0.000791044556536, 0.000988839310594, 0.0007210119511, 0.000895399716683, 0.000696773349773, 0.000800765410531, 0.000647887121886, 0.000468972255476, 7.85608572187e-05, 3.20102699334e-05]
    },
    "erbbands": {
        "mean": [0.0887844115496, 1.06544077396, 2.5612924099, 3.52351284027, 5.23741769791, 3.95549607277, 3.94745564461, 4.32196569443, 5.51930093765, 11.3192157745, 21.7245178223, 21.64585495, 22.1385555267, 28.5613517761, 25.9254131317, 23.545627594, 26.4620723724, 30.6717453003, 23.23087883, 15.7179546356, 14.3680477142, 19.6858215332, 20.8268699646, 20.8294315338, 19.2377529144, 16.9549350739, 15.1982383728, 15.5410385132, 13.2626590729, 12.0606737137, 8.93890285492, 5.45691204071, 3.8796479702, 2.52160859108, 0.806486666203, 0.20169134438, 0.062763877213, 0.0173980798572, 0.00140791828744, 4.84394622617e-05],
        "stdev": [0.227737799287, 2.75723171234, 5.97667884827, 6.60848903656, 13.6557826996, 8.52344512939, 7.81562948227, 10.4566602707, 14.3503866196, 31.1624832153, 61.6791152954, 64.527130127, 59.9844741821, 79.0396575928, 76.0017700195, 57.4010696411, 65.674331665, 83.3524932861, 57.3400764465, 31.7079124451, 27.8708133698, 39.0414733887, 44.8157730103, 47.3876152039, 41.8585281372, 36.6524238586, 29.9574298859, 35.7119865417, 26.359292984, 25.1433544159, 23.1578121185, 15.6360292435, 11.1161031723, 6.05497932434, 2.05378079414, 0.542075037956, 0.133133247495, 0.0430918298662, 0.00408754590899, 7.16024223948e-05]
    },
    "gfcc": {
        "mean": [-52.7220420837, 53.9589538574, -122.473503113, 37.8215904236, -68.3409423828, 20.8902492523, -37.4249649048, 6.45903968811, -25.3659915924, -2.04957342148, -17.5382270813, -0.794171750546, -13.3225545883],
        "cov": [[19310.4609375, -347.134063721, -1311.85900879, -103.365348816, -367.566589355, 329.665924072, -108.395996094, 130.982955933, -260.520294189, 198.746047974, -211.264266968, 16.160118103, -311.904205322], [-347.134063721, 2647.74145508, 136.054748535, 313.314727783, 471.642059326, 57.448299408, 341.802307129, -35.3211250305, 114.755516052, -141.738296509, 12.2854537964, -118.155319214, 22.5540561676], [-1311.85900879, 136.054748535, 1786.73205566, 513.894104004, 539.178344727, 282.964080811, 117.740859985, 115.727508545, -14.4437532425, 68.1550827026, -69.4501037598, -73.4256896973, -7.2657289505], [-103.365348816, 313.314727783, 513.894104004, 1021.56738281, 513.245788574, 134.196182251, 80.009437561, -29.5732536316, 2.94676971436, 28.3993167877, -26.8580780029, -74.2046813965, 25.7404537201], [-367.566589355, 471.642059326, 539.178344727, 513.245788574, 856.070861816, 232.102844238, 190.479324341, 41.4740486145, -37.3791465759, 79.5430679321, -60.5819091797, -104.886909485, 32.3020896912], [329.665924072, 57.448299408, 282.964080811, 134.196182251, 232.102844238, 395.237487793, 211.065155029, 72.3816680908, 24.2372360229, 66.8522338867, -8.12065982819, -3.2890560627, -8.27355289459], [-108.395996094, 341.802307129, 117.740859985, 80.009437561, 190.479324341, 211.065155029, 399.983947754, 96.3985748291, 16.5829849243, 22.2637691498, -0.408948451281, 5.35006523132, 6.19378757477], [130.982955933, -35.3211250305, 115.727508545, -29.5732536316, 41.4740486145, 72.3816680908, 96.3985748291, 209.880371094, 84.2588729858, 40.835357666, 14.6962223053, 17.2829399109, 10.596572876], [-260.520294189, 114.755516052, -14.4437532425, 2.94676971436, -37.3791465759, 24.2372360229, 16.5829849243, 84.2588729858, 213.757705688, 47.1042785645, 49.8584136963, 8.30609226227, 25.4437561035], [198.746047974, -141.738296509, 68.1550827026, 28.3993167877, 79.5430679321, 66.8522338867, 22.2637691498, 40.835357666, 47.1042785645, 151.256515503, 25.402223587, 5.61134338379, 4.23488664627], [-211.264266968, 12.2854537964, -69.4501037598, -26.8580780029, -60.5819091797, -8.12065982819, -0.408948451281, 14.6962223053, 49.8584136963, 25.402223587, 116.158325195, 53.0194015503, 23.7634887695], [16.160118103, -118.155319214, -73.4256896973, -74.2046813965, -104.886909485, -3.2890560627, 5.35006523132, 17.2829399109, 8.30609226227, 5.61134338379, 53.0194015503, 127.927078247, 27.5554885864], [-311.904205322, 22.5540561676, -7.2657289505, 25.7404537201, 32.3020896912, -8.27355289459, 6.19378757477, 10.596572876, 25.4437561035, 4.23488664627, 23.7634887695, 27.5554885864, 101.448173523]],
        "icov": [[7.28751256247e-05, -4.43181343144e-05, 9.27310757106e-05, -6.21452272753e-05, 8.41156288516e-05, -0.000155111207278, 0.000133105058922, -0.000194224776351, 0.000202804978471, -0.000207664546906, 0.000191872371943, -6.52766175335e-05, 0.000159635863383], [-4.43181343144e-05, 0.000660923949908, -6.35351025267e-05, 8.40340726427e-05, -0.000494839972816, 0.000387897220207, -0.000724535726476, 0.00062592321774, -0.00086560996715, 0.00105995999184, -0.000534028920811, 0.000398881093133, 4.85862401547e-05], [9.27310757106e-05, -6.35351025267e-05, 0.000914984440897, -0.000330552109517, -0.000146716483869, -0.00057913037017, 0.000426432729, -0.000749942788389, 0.000434222019976, -0.000278551451629, 0.000465737015475, -6.47908746032e-05, 0.000311640411383], [-6.21452272753e-05, 8.40340726427e-05, -0.000330552109517, 0.00160302559379, -0.000953905633651, 0.000158381764777, -0.000148462859215, 0.000861352018546, -0.000678530661389, 0.000507226155605, -0.000399338663556, 0.000169487000676, -0.000207904944546], [8.41156288516e-05, -0.000494839972816, -0.000146716483869, -0.000953905633651, 0.00294102285989, -0.000921500613913, 1.0462080354e-05, -0.000848791678436, 0.00163972156588, -0.00190775364172, 0.000848397030495, 0.00128113699611, -0.00120175583288], [-0.000155111207278, 0.000387897220207, -0.00057913037017, 0.000158381764777, -0.000921500613913, 0.00479907076806, -0.00243557104841, 0.000691196473781, -0.00116698932834, -0.000262765242951, -0.000242185327807, -0.000426336802775, 0.000592698692344], [0.000133105058922, -0.000724535726476, 0.000426432729, -0.000148462859215, 1.0462080354e-05, -0.00243557104841, 0.00487439380959, -0.00229574507102, 0.00139576592483, -0.000543936504982, 0.000535593135282, -0.000794371240772, 0.000141708820593], [-0.000194224776351, 0.00062592321774, -0.000749942788389, 0.000861352018546, -0.000848791678436, 0.000691196473781, -0.00229574507102, 0.00802833307534, -0.00388059555553, 0.000604354718234, -0.000221971291467, -0.000632573326584, -0.000208490047953], [0.000202804978471, -0.00086560996715, 0.000434222019976, -0.000678530661389, 0.00163972156588, -0.00116698932834, 0.00139576592483, -0.00388059555553, 0.00836754404008, -0.00303016137332, -0.00141228677239, 0.00125734007452, -0.00126075593289], [-0.000207664546906, 0.00105995999184, -0.000278551451629, 0.000507226155605, -0.00190775364172, -0.000262765242951, -0.000543936504982, 0.000604354718234, -0.00303016137332, 0.0103387264535, -0.00283206882887, 0.000333132018568, 0.000434635556303], [0.000191872371943, -0.000534028920811, 0.000465737015475, -0.000399338663556, 0.000848397030495, -0.000242185327807, 0.000535593135282, -0.000221971291467, -0.00141228677239, -0.00283206882887, 0.0132773239166, -0.00490785110742, -0.0007606887375], [-6.52766175335e-05, 0.000398881093133, -6.47908746032e-05, 0.000169487000676, 0.00128113699611, -0.000426336802775, -0.000794371240772, -0.000632573326584, 0.00125734007452, 0.000333132018568, -0.00490785110742, 0.0120205162093, -0.00310979550704], [0.000159635863383, 4.85862401547e-05, 0.000311640411383, -0.000207904944546, -0.00120175583288, 0.000592698692344, 0.000141708820593, -0.000208490047953, -0.00126075593289, 0.000434635556303, -0.0007606887375, -0.00310979550704, 0.0121773695573]]
    },
    "melbands": {
        "mean": [0.001020652242, 0.00141434289981, 0.000693430367392, 0.00033833325142, 0.000141262557008, 9.76638111752e-05, 8.76556077856e-05, 0.000135991780553, 0.000186549354112, 0.000131445194711, 0.000110790526378, 0.000116572686238, 9.03665422811e-05, 6.36532495264e-05, 6.07284855505e-05, 5.81559397688e-05, 5.6132546888e-05, 3.80892088288e-05, 2.65452581516e-05, 1.62859541888e-05, 1.68788810697e-05, 1.93168580154e-05, 2.23485167226e-05, 1.64422635862e-05, 1.66972058651e-05, 1.6465135559e-05, 1.15567872854e-05, 1.09378552224e-05, 8.7487987912e-06, 1.10876826511e-05, 7.5587649917e-06, 7.28291206542e-06, 7.3361898103e-06, 6.42383656668e-06, 5.19633522345e-06, 4.26534643339e-06, 2.99847420138e-06, 2.47684170063e-06, 3.50036339114e-06, 1.57606245921e-06],
        "stdev": [0.00263571576215, 0.00322901480831, 0.00126624945551, 0.000861146778334, 0.000260352651821, 0.000223420036491, 0.000229182274779, 0.000374157563783, 0.000539528147783, 0.000390624656575, 0.000311137264362, 0.000332857423928, 0.000270051241387, 0.000168377329828, 0.000160371069796, 0.000159521558089, 0.000161823059898, 0.000103535938251, 5.89852752455e-05, 3.17710582749e-05, 3.45221014868e-05, 3.8125730498e-05, 5.50413315068e-05, 3.41125014529e-05, 4.04418242397e-05, 3.69018562196e-05, 2.48397973337e-05, 2.51237215707e-05, 1.70209386852e-05, 2.62634566752e-05, 1.67763664649e-05, 1.52595257532e-05, 1.46696311276e-05, 1.43131392178e-05, 1.36631815622e-05, 1.25151864268e-05, 8.94646291272e-06, 8.69179348228e-06, 8.66474601935e-06, 3.84277609555e-06]
    },
    "melbands128": {
        "mean": [2.44006823777e-05, 0.000483497860841, 0.00156594417058, 0.00182080909144, 0.00145204272121, 0.00099471618887, 0.000683269114234, 0.000679626595229, 0.000557880441193, 0.00034072145354, 0.000210105150472, 0.000144924153574, 0.000133773617563, 0.000132473098347, 9.83085774351e-05, 8.29952332424e-05, 6.99499141774e-05, 9.19232479646e-05, 9.68894673861e-05, 0.000123485733639, 0.000155988862389, 0.000168840168044, 0.000204955213121, 0.000194479653146, 0.00013649725588, 0.000111019355245, 0.000108806809294, 0.0001019215415, 0.00012151797273, 0.000126802828163, 0.00011102532153, 0.000105225677544, 9.09858717932e-05, 8.18807311589e-05, 6.61740850774e-05, 5.60458101972e-05, 6.44757674308e-05, 6.27727858955e-05, 5.76167876716e-05, 5.65003501833e-05, 6.02489926678e-05, 5.35987128387e-05, 7.08419975126e-05, 4.71530147479e-05, 3.78964978154e-05, 4.02173864131e-05, 3.2328414818e-05, 2.8676695365e-05, 2.45015617111e-05, 1.77662459464e-05, 1.36584230859e-05, 1.66597164935e-05, 1.55181678565e-05, 1.8035658286e-05, 1.83485044545e-05, 1.8244381863e-05, 2.06039494515e-05, 2.57041683653e-05, 2.2547734261e-05, 1.64910616149e-05, 1.7228507204e-05, 1.54450735863e-05, 1.38223658723e-05, 1.86423912965e-05, 1.88052381418e-05, 1.77274960151e-05, 1.50301157191e-05, 9.27072051127e-06, 1.11239196485e-05, 1.40750198625e-05, 1.03623733594e-05, 1.06676288851e-05, 8.35829541757e-06, 8.41806377139e-06, 8.87463920662e-06, 1.00307815956e-05, 1.34570118462e-05, 1.11778672363e-05, 5.71391365156e-06, 5.07174763698e-06, 6.85157192493e-06, 8.67746075528e-06, 7.33042861611e-06, 7.3590208558e-06, 7.15448595656e-06, 6.89183252689e-06, 6.35030801277e-06, 4.96386701343e-06, 5.18511205883e-06, 5.40703285878e-06, 4.7320199883e-06, 4.08505411542e-06, 3.14936391987e-06, 3.0746448374e-06, 2.76560626844e-06, 2.711759862e-06, 2.56042608271e-06, 1.89817637875e-06, 3.19481659972e-06, 5.8737919062e-06, 9.64548235061e-07, 1.35669495194e-06, 1.05327023903e-06, 7.60676755363e-07, 8.93979461125e-07, 9.82784172265e-07, 7.75475768933e-07, 5.05010291363e-07, 2.04164663842e-07, 1.566205583e-07, 1.17866413518e-07, 1.86582767014e-07, 2.36005291754e-07, 2.45129740506e-07, 1.27753295942e-07, 8.3357292624e-08, 6.45486721851e-08, 2.96679502299e-07, 1.1697002833e-07, 5.8477258591e-09, 1.81334447458e-09, 5.56907686633e-10, 9.49232706327e-11, 4.23888285583e-11, 5.42555063376e-12, 2.51454954948e-12, 2.48022978024e-12, 2.45955816477e-12],
        "stdev": [5.54868165636e-05, 0.00123750441708, 0.00438968790695, 0.00489594694227, 0.00359188346192, 0.00231354730204, 0.0013919447083, 0.0013490592828, 0.00170942407567, 0.00116762903053, 0.000499925634358, 0.000331612536684, 0.000317209836794, 0.00035607413156, 0.000313485681545, 0.000246108189458, 0.000227175842156, 0.000332662806613, 0.00036618928425, 0.000448859238531, 0.000598596874624, 0.000619940459728, 0.000791851838585, 0.000815859122667, 0.000621825281996, 0.000451817264548, 0.000443490862381, 0.000411483517382, 0.000474375876365, 0.000475790904602, 0.000440414412878, 0.000387013569707, 0.000372225767933, 0.000369604123989, 0.000267197930953, 0.000195878616069, 0.000219013134483, 0.000220706380787, 0.000200344380573, 0.000191731771338, 0.000231053563766, 0.000198210094823, 0.000272325909464, 0.000164850469446, 0.000125619902974, 0.000167313774, 0.000108282962174, 8.4790517576e-05, 7.17499497114e-05, 5.43933711015e-05, 3.19031205436e-05, 4.5307311666e-05, 3.78165168513e-05, 4.36526934209e-05, 4.1650939238e-05, 4.21771947003e-05, 5.48478747078e-05, 7.91445127106e-05, 6.7450950155e-05, 4.29517276643e-05, 4.46629601356e-05, 3.43678584613e-05, 3.27620728058e-05, 5.80929226999e-05, 4.89854828629e-05, 4.08642918046e-05, 3.82275029551e-05, 2.21334412345e-05, 2.60952092503e-05, 3.36472403433e-05, 2.58336167462e-05, 3.21890183841e-05, 1.77768633876e-05, 1.92122442968e-05, 1.91217022802e-05, 2.23205788643e-05, 3.85618586733e-05, 3.13954296871e-05, 1.24697089632e-05, 1.17043227874e-05, 1.48867138705e-05, 2.11194437725e-05, 1.55136567628e-05, 1.62664873642e-05, 1.66878580785e-05, 1.59455830726e-05, 1.60142863024e-05, 1.28699748529e-05, 1.44778759932e-05, 1.66215759236e-05, 1.51882213686e-05, 1.26974391605e-05, 1.04153950815e-05, 9.26868779061e-06, 9.18019941309e-06, 1.03459306047e-05, 1.08165504571e-05, 6.35838523522e-06, 8.03535658633e-06, 1.58707352966e-05, 3.42937300957e-06, 3.45369016941e-06, 3.00921669805e-06, 2.5976944471e-06, 2.52525319411e-06, 2.49735103353e-06, 2.01754824047e-06, 1.25171311538e-06, 8.53209201068e-07, 6.36795959963e-07, 4.34423668594e-07, 4.39778204964e-07, 5.22084974364e-07, 5.60601449706e-07, 2.70737444907e-07, 1.85779384765e-07, 1.64210462117e-07, 9.53659423431e-07, 3.71022167656e-07, 3.65530681279e-08, 1.78442256527e-08, 5.54763168736e-09, 1.73788394786e-09, 1.14175291444e-09, 1.34484673397e-10, 4.44317629564e-12, 4.32723388372e-12, 4.29955420225e-12]
    },
    "mfcc": {
        "mean": [-686.063293457, 78.5385894775, 1.50609457493, 15.5932998657, -2.38144230843, 8.45246887207, -1.02801334858, 7.01938009262, -3.60925459862, -0.708458006382, 0.751348078251, -3.57450294495, -5.72532272339],
        "cov": [[13322.5869141, 12.2635736465, -1061.07495117, -219.427749634, -321.746063232, 154.13722229, 77.9074249268, -27.6885414124, -64.7696228027, 69.6095581055, -24.5646629333, 61.1256370544, 1.13501834869], [12.2635736465, 2198.10668945, 35.7374191284, 253.844818115, 130.403701782, 187.344146729, 206.989761353, 176.907089233, 156.275466919, 27.4820613861, 64.3729934692, 10.1456022263, 16.9904098511], [-1061.07495117, 35.7374191284, 1156.00341797, 273.78692627, 314.923736572, 162.371688843, 140.655319214, 80.8233795166, 112.969726562, 61.6826553345, 64.1179656982, 3.89363241196, 15.365073204], [-219.427749634, 253.844818115, 273.78692627, 878.943847656, 438.20690918, 281.978118896, 203.407089233, 26.8977451324, 129.086654663, 47.7374687195, -22.210931778, 7.59558057785, 28.2954864502], [-321.746063232, 130.403701782, 314.923736572, 438.20690918, 640.344604492, 234.01991272, 183.766860962, -23.7026748657, 154.4818573, 82.3985214233, 10.4740209579, 5.4137377739, 27.5097751617], [154.13722229, 187.344146729, 162.371688843, 281.978118896, 234.01991272, 454.978790283, 263.806213379, 80.6326675415, 126.672554016, 66.3084411621, 36.4821090698, 35.667388916, 19.8122901917], [77.9074249268, 206.989761353, 140.655319214, 203.407089233, 183.766860962, 263.806213379, 414.68649292, 99.5845947266, 168.68901062, 34.7667770386, 31.5947341919, 32.5942802429, 26.3493309021], [-27.6885414124, 176.907089233, 80.8233795166, 26.8977451324, -23.7026748657, 80.6326675415, 99.5845947266, 234.400268555, 71.5372772217, 43.2170982361, 42.0040855408, 30.1496295929, 15.0258960724], [-64.7696228027, 156.275466919, 112.969726562, 129.086654663, 154.4818573, 126.672554016, 168.68901062, 71.5372772217, 227.51574707, 93.2116241455, 39.2453994751, 20.1522293091, 26.7491931915], [69.6095581055, 27.4820613861, 61.6826553345, 47.7374687195, 82.3985214233, 66.3084411621, 34.7667770386, 43.2170982361, 93.2116241455, 165.438415527, 62.2981910706, 26.1574954987, 22.0860118866], [-24.5646629333, 64.3729934692, 64.1179656982, -22.210931778, 10.4740209579, 36.4821090698, 31.5947341919, 42.0040855408, 39.2453994751, 62.2981910706, 125.023193359, 39.4898643494, 22.6247253418], [61.1256370544, 10.1456022263, 3.89363241196, 7.59558057785, 5.4137377739, 35.667388916, 32.5942802429, 30.1496295929, 20.1522293091, 26.1574954987, 39.4898643494, 98.451675415, 37.3694419861], [1.13501834869, 16.9904098511, 15.365073204, 28.2954864502, 27.5097751617, 19.8122901917, 26.3493309021, 15.0258960724, 26.7491931915, 22.0860118866, 22.6247253418, 37.3694419861, 87.317489624]],
        "icov": [[8.39426575112e-05, -9.20418244732e-07, 7.59316753829e-05, 6.94205755281e-06, 3.36151497322e-05, -5.78252911509e-05, -4.13041125285e-05, 2.39131040871e-05, 4.96696375194e-05, -9.39644014579e-05, 3.58699908247e-05, -3.25640576193e-05, 7.54936354497e-06], [-9.20418244732e-07, 0.000523631984834, 7.63313582866e-05, -0.000123662393889, -2.25656440307e-05, -4.16714465246e-05, -2.8541589927e-05, -0.00032698220457, -0.000235543499002, 0.000260905886535, -0.000315199460601, 0.000177517125849, 1.80722236109e-05], [7.59316753829e-05, 7.63313582866e-05, 0.0011494087521, -0.000121468947327, -0.000444782432169, -5.97785001446e-05, -3.6155066482e-05, -0.000386742380215, -1.91410163097e-05, 9.31734612095e-05, -0.000580201915, 0.000271111377515, 6.9024215918e-05], [6.94205755281e-06, -0.000123662393889, -0.000121468947327, 0.00196320516989, -0.00103072146885, -0.00060958386166, -4.78183392261e-05, -9.98482937575e-05, 3.31432238454e-05, 1.57521276378e-06, 0.000844065565616, -4.36225891463e-05, -0.000306762784021], [3.36151497322e-05, -2.25656440307e-05, -0.000444782432169, -0.00103072146885, 0.00316330348141, -0.000559398671612, -0.000267317111138, 0.00128941924777, -0.000938856741413, -0.000737371330615, 0.000245600065682, 0.000191510436707, -0.000266152259428], [-5.78252911509e-05, -4.16714465246e-05, -5.97785001446e-05, -0.00060958386166, -0.000559398671612, 0.00423191208392, -0.0020694276318, -0.000420190655859, 0.000426517071901, -0.000764601572882, -0.000254710001172, -0.000572017277591, 0.00050326884957], [-4.13041125285e-05, -2.8541589927e-05, -3.6155066482e-05, -4.78183392261e-05, -0.000267317111138, -0.0020694276318, 0.00518401153386, -0.000848117750138, -0.00288841291331, 0.00197309930809, -0.000297019811114, -0.000394403148675, -0.000205156495213], [2.39131040871e-05, -0.00032698220457, -0.000386742380215, -9.98482937575e-05, 0.00128941924777, -0.000420190655859, -0.000848117750138, 0.00591027084738, -0.000911978655495, -0.000810550525784, -0.000457061600173, -0.000841357919853, 5.46055489394e-05], [4.96696375194e-05, -0.000235543499002, -1.91410163097e-05, 3.31432238454e-05, -0.000938856741413, 0.000426517071901, -0.00288841291331, -0.000911978655495, 0.00903266295791, -0.00401483802125, 0.000277436774923, 0.000528476492036, -0.000784265284892], [-9.39644014579e-05, 0.000260905886535, 9.31734612095e-05, 1.57521276378e-06, -0.000737371330615, -0.000764601572882, 0.00197309930809, -0.000810550525784, -0.00401483802125, 0.0102817034349, -0.00384760089219, -0.000286918017082, -0.000367565080523], [3.58699908247e-05, -0.000315199460601, -0.000580201915, 0.000844065565616, 0.000245600065682, -0.000254710001172, -0.000297019811114, -0.000457061600173, 0.000277436774923, -0.00384760089219, 0.0118860276416, -0.00322323176078, -0.000773963110987], [-3.25640576193e-05, 0.000177517125849, 0.000271111377515, -4.36225891463e-05, 0.000191510436707, -0.000572017277591, -0.000394403148675, -0.000841357919853, 0.000528476492036, -0.000286918017082, -0.00322323176078, 0.0138663146645, -0.00492298463359], [7.54936354497e-06, 1.80722236109e-05, 6.9024215918e-05, -0.000306762784021, -0.000266152259428, 0.00050326884957, -0.000205156495213, 5.46055489394e-05, -0.000784265284892, -0.000367565080523, -0.000773963110987, -0.00492298463359, 0.0141989458352]]
    },
    "spectral_contrast_coeffs": {
        "mean": [-0.689312458038, -0.766347765923, -0.787050485611, -0.814714491367, -0.805152118206, -0.752255320549],
        "stdev": [0.0948587954044, 0.108509100974, 0.0900354087353, 0.0627263039351, 0.0496808253229, 0.0538605861366]
    },
    "spectral_contrast_valleys": {
        "mean": [-7.88128948212, -7.68195390701, -7.94406509399, -8.06111526489, -7.84320020676, -10.2219591141],
        "stdev": [1.86940848827, 1.66892898083, 1.72389960289, 1.69226360321, 1.66679012775, 1.59596610069]
    }
},
"rhythm": {
    "beats_count": 491,
    "beats_loudness": {
        "mean": 0.0466292873025,
        "stdev": 0.0215559117496
    },
    "bpm": 87.9212265015,
    "bpm_histogram_first_peak_bpm": 88,
    "bpm_histogram_first_peak_weight": 0.127049267292,
    "bpm_histogram_second_peak_bpm": 96,
    "bpm_histogram_second_peak_spread": 0,
    "bpm_histogram_second_peak_weight": 0.0040816324763,
    "danceability": 1.56339693069,
    "onset_rate": 5.09624576569,
    "beats_loudness_band_ratio": {
        "mean": [0.381695926189, 0.0897698923945, 0.114470519125, 0.181571230292, 0.114316299558, 0.14543671906],
        "stdev": [0.357925117016, 0.101664833724, 0.127508491278, 0.169839709997, 0.106729611754, 0.140645354986]
    },
    "beats_position": [0.615328788757, 1.24226760864, 1.86920630932, 2.51936507225, 3.1811337471, 3.85451245308, 4.52789115906, 5.22448968887, 5.89786815643, 6.58285713196, 7.26784563065, 7.94122457504, 8.62621307373, 9.31120204926, 9.99619007111, 10.6811790466, 11.354557991, 12.0395460129, 12.7245349884, 13.4095239639, 14.0945119858, 14.7678909302, 15.4528799057, 16.1378688812, 16.8112468719, 17.5078449249, 18.181224823, 18.877822876, 19.5512008667, 20.2361907959, 20.9211788177, 21.6061668396, 22.2911567688, 22.9645347595, 23.6495227814, 24.3345127106, 25.0078907013, 25.7044887543, 26.3778686523, 27.0628566742, 27.747844696, 28.4212245941, 29.106212616, 29.7912006378, 30.476190567, 31.1611785889, 31.8461666107, 32.5311546326, 33.204536438, 33.8895225525, 34.5745124817, 35.2478904724, 35.9328804016, 36.6178665161, 37.2912483215, 37.9878463745, 38.6612243652, 39.3462142944, 40.0312004089, 40.7045783997, 41.3895683289, 42.0629463196, 42.7479362488, 43.432926178, 44.1179122925, 44.8145103455, 45.4878921509, 46.1844902039, 46.8578681946, 47.5428581238, 48.2162361145, 48.901222229, 49.5746040344, 50.2712020874, 50.9445800781, 51.6411781311, 52.3145561218, 52.999546051, 53.6845359802, 54.3695220947, 55.0545120239, 55.7278900146, 56.4128799438, 57.0978660583, 57.7712478638, 58.4678459167, 59.1412239075, 59.8262138367, 60.5111999512, 61.1845779419, 61.8695678711, 62.5545578003, 63.227935791, 63.9013137817, 64.5863037109, 65.2712936401, 65.9562835693, 66.6412658691, 67.3262557983, 68.0112457275, 68.6962356567, 69.3812255859, 70.0546035767, 70.7511978149, 71.4245758057, 72.1211776733, 72.7945556641, 73.4795455933, 74.1645355225, 74.8495254517, 75.5345077515, 76.2078933716, 76.8812713623, 77.5778656006, 78.2512435913, 78.9362335205, 79.6212234497, 80.3062133789, 80.9912033081, 81.6645812988, 82.3379592896, 83.0229492188, 83.7079315186, 84.4045333862, 85.1011352539, 85.7977294922, 86.4827194214, 87.1444854736, 87.8178634644, 88.4912490845, 89.1762313843, 89.8612213135, 90.5462112427, 91.2312011719, 91.9045791626, 92.5895690918, 93.274559021, 93.9479370117, 94.6213150024, 95.3063049316, 96.0028991699, 96.6995010376, 97.3844909668, 98.0694732666, 98.7312469482, 99.404624939, 100.089614868, 100.774604797, 101.459587097, 102.144577026, 102.817955017, 103.514556885, 104.187934875, 104.872924805, 105.557914734, 106.242897034, 106.927886963, 107.612876892, 108.297866821, 108.971244812, 109.644622803, 110.34122467, 111.014602661, 111.69959259, 112.38457489, 113.05796051, 113.74294281, 114.427932739, 115.10131073, 115.797912598, 116.471290588, 117.156280518, 117.841270447, 118.526252747, 119.211242676, 119.884620667, 120.569610596, 121.254600525, 121.927978516, 122.624580383, 123.297958374, 123.982948303, 124.667930603, 125.341316223, 126.014694214, 126.711288452, 127.396278381, 128.081268311, 128.76625061, 129.451248169, 130.136230469, 130.821228027, 131.494598389, 132.167984009, 132.852966309, 133.537963867, 134.211334229, 134.907928467, 135.581314087, 136.277908325, 136.951293945, 137.636276245, 138.321273804, 138.994644165, 139.679641724, 140.364624023, 141.049606323, 141.734603882, 142.407974243, 143.10458374, 143.777954102, 144.46295166, 145.14793396, 145.82131958, 146.50630188, 147.19128418, 147.8646698, 148.561264038, 149.234649658, 149.931243896, 150.604629517, 151.289611816, 151.974594116, 152.647979736, 153.332962036, 154.017959595, 154.691329956, 155.387939453, 156.061309814, 156.746307373, 157.431289673, 158.104675293, 158.789657593, 159.474639893, 160.148025513, 160.844619751, 161.52961731, 162.214599609, 162.899581909, 163.584579468, 164.257949829, 164.931335449, 165.616317749, 166.301315308, 166.974685669, 167.671295166, 168.344665527, 169.029663086, 169.714645386, 170.388031006, 171.073013306, 171.757995605, 172.431381226, 173.116363525, 173.801361084, 174.486343384, 175.171340942, 175.844711304, 176.529708862, 177.214691162, 177.899673462, 178.584671021, 179.26965332, 179.954650879, 180.62802124, 181.324615479, 181.998001099, 182.671386719, 183.356369019, 184.041351318, 184.726348877, 185.399719238, 186.084716797, 186.769699097, 187.454696655, 188.139678955, 188.824661255, 189.498046875, 190.183029175, 190.868026733, 191.541397095, 192.226394653, 192.911376953, 193.607971191, 194.304580688, 194.97795105, 195.662948608, 196.347930908, 197.021316528, 197.69468689, 198.36807251, 199.05305481, 199.738052368, 200.434646606, 201.108016968, 201.781402588, 202.466384888, 203.151382446, 203.824752808, 204.521362305, 205.194732666, 205.891326904, 206.564712524, 207.249694824, 207.934692383, 208.608062744, 209.293060303, 209.978042603, 210.663040161, 211.348022461, 212.021408081, 212.706390381, 213.391372681, 214.064758301, 214.749740601, 215.434738159, 216.119720459, 216.804718018, 217.478088379, 218.163085938, 218.848068237, 219.521453857, 220.206436157, 220.891418457, 221.576416016, 222.261398315, 222.934783936, 223.631378174, 224.304763794, 224.989746094, 225.674728394, 226.359725952, 227.044708252, 227.718093872, 228.391464233, 229.08807373, 229.761444092, 230.45803833, 231.13142395, 231.80480957, 232.48979187, 233.17477417, 233.859771729, 234.544754028, 235.229751587, 235.914733887, 236.588119507, 237.284713745, 237.969696045, 238.654693604, 239.339675903, 240.024673462, 240.698043823, 241.371429443, 242.044799805, 242.741394043, 243.414779663, 244.099761963, 244.773147583, 245.458129883, 246.143127441, 246.828109741, 247.501495361, 248.186477661, 248.87147522, 249.55645752, 250.241439819, 250.926437378, 251.611419678, 252.284805298, 252.969787598, 253.654785156, 254.328155518, 255.024749756, 255.698135376, 256.394744873, 257.068115234, 257.741485596, 258.426483154, 259.111480713, 259.796447754, 260.469848633, 261.154815674, 261.839813232, 262.524810791, 263.209777832, 263.894775391, 264.568145752, 265.253143311, 265.938140869, 266.61151123, 267.308105469, 267.981506348, 268.666473389, 269.351470947, 270.036468506, 270.721435547, 271.406433105, 272.103027344, 272.776397705, 273.449798584, 274.134765625, 274.808166504, 275.504760742, 276.178131104, 276.851501465, 277.536499023, 278.221496582, 278.894866943, 279.591461182, 280.264862061, 280.949829102, 281.63482666, 282.319824219, 283.00479126, 283.678192139, 284.36315918, 285.048156738, 285.7215271, 286.418121338, 287.091522217, 287.776489258, 288.449890137, 289.134857178, 289.819854736, 290.504852295, 291.178222656, 291.874816895, 292.559814453, 293.244812012, 293.929779053, 294.614776611, 295.288146973, 295.961547852, 296.646514893, 297.331512451, 298.004882812, 298.701477051, 299.37487793, 300.059844971, 300.744842529, 301.418212891, 302.103210449, 302.788208008, 303.473205566, 304.158172607, 304.831573486, 305.528167725, 306.201538086, 306.886535645, 307.571502686, 308.244903564, 308.929870605, 309.614868164, 310.288238525, 310.984832764, 311.658233643, 312.354827881, 313.028198242, 313.701568604, 314.386566162, 315.071563721, 315.756561279, 316.44152832, 317.126525879, 317.811523438, 318.484893799, 319.169891357, 319.854858398, 320.528259277, 321.213226318, 321.898223877, 322.571594238, 323.256591797, 323.941589355, 324.626556396, 325.311553955, 325.984924316, 326.669921875, 327.354919434, 328.039916992, 328.724884033, 329.398284912, 330.083251953, 330.768249512, 331.45324707, 332.138214111, 332.834838867, 333.531433105, 334.228027344, 334.936218262],
    "bpm_histogram": [0, 0, 0, 0, 0, 0, 0, 0, 0, 0, 0, 0, 0, 0, 0, 0, 0, 0, 0, 0, 0, 0, 0, 0, 0, 0, 0, 0, 0, 0, 0, 0, 0, 0, 0, 0, 0, 0, 0, 0, 0, 0, 0, 0, 0, 0, 0, 0, 0, 0, 0, 0, 0, 0, 0, 0, 0, 0, 0, 0, 0, 0, 0, 0, 0, 0, 0, 0, 0, 0, 0, 0, 0, 0, 0, 0, 0, 0, 0, 0, 0, 0, 0, 0, 0, 0.00204081623815, 0.116326533258, 0, 0.555102050304, 0.314285725355, 0, 0.00612244894728, 0.00204081623815, 0, 0, 0, 0.0040816324763, 0, 0, 0, 0, 0, 0, 0, 0, 0, 0, 0, 0, 0, 0, 0, 0, 0, 0, 0, 0, 0, 0, 0, 0, 0, 0, 0, 0, 0, 0, 0, 0, 0, 0, 0, 0, 0, 0, 0, 0, 0, 0, 0, 0, 0, 0, 0, 0, 0, 0, 0, 0, 0, 0, 0, 0, 0, 0, 0, 0, 0, 0, 0, 0, 0, 0, 0, 0, 0, 0, 0, 0, 0, 0, 0, 0, 0, 0, 0, 0, 0, 0, 0, 0, 0, 0, 0, 0, 0, 0, 0, 0, 0, 0, 0, 0, 0, 0, 0, 0, 0, 0, 0, 0, 0, 0, 0, 0, 0, 0, 0, 0, 0, 0, 0, 0, 0, 0, 0, 0, 0, 0, 0, 0, 0, 0, 0, 0, 0, 0, 0, 0, 0, 0, 0, 0, 0, 0, 0, 0, 0, 0, 0, 0, 0, 0, 0, 0, 0, 0, 0, 0, 0]
},
"tonal": {
    "chords_changes_rate": 0.16650532186,
    "chords_number_rate": 0.00262757577002,
    "chords_strength": {
        "mean": 0.450358986855,
        "stdev": 0.102964393795
    },
    "hpcp_crest": {
        "mean": 12.0339794159,
        "stdev": 7.28391885757
    },
    "hpcp_entropy": {
        "mean": 2.36216282845,
        "stdev": 0.965741753578
    },
    "key_edma": {
        "strength": 0.561840832233,
        "key": "E",
        "scale": "minor"
    },
    "key_krumhansl": {
        "strength": 0.56959849596,
        "key": "E",
        "scale": "minor"
    },
    "key_temperley": {
        "strength": 0.602096378803,
        "key": "E",
        "scale": "minor"
    },
    "tuning_diatonic_strength": 0.45784163475,
    "tuning_equal_tempered_deviation": 0.195478275418,
    "tuning_frequency": 434.946166992,
    "tuning_nontempered_energy_ratio": 0.871836185455,
    "hpcp": {
        "mean": [0.209693521261, 0.159631252289, 0.12243194133, 0.120177775621, 0.11658821255, 0.151591971517, 0.183539897203, 0.178546532989, 0.162749543786, 0.155073150992, 0.14100715518, 0.133850723505, 0.145541131496, 0.135550290346, 0.11952213943, 0.124896548688, 0.155311450362, 0.169651791453, 0.15479592979, 0.137703105807, 0.164860248566, 0.192627668381, 0.163724735379, 0.144564121962, 0.147991791368, 0.141945168376, 0.168826803565, 0.208699405193, 0.199906483293, 0.184839174151, 0.162166327238, 0.137074381113, 0.133387416601, 0.132490739226, 0.147431612015, 0.190561518073],
        "stdev": [0.294806271791, 0.245993122458, 0.209795176983, 0.209848478436, 0.204025089741, 0.2491748631, 0.281585097313, 0.28372335434, 0.25830706954, 0.248415410519, 0.234284833074, 0.222958564758, 0.232010036707, 0.224570974708, 0.208642557263, 0.211447194219, 0.248026505113, 0.267778307199, 0.252159535885, 0.228347495198, 0.245212346315, 0.28022429347, 0.236648187041, 0.224598690867, 0.233252286911, 0.222131028771, 0.242891818285, 0.279393970966, 0.272435188293, 0.269995719194, 0.250950396061, 0.2225574404, 0.219466522336, 0.216723412275, 0.225388213992, 0.265213638544]
    },
    "chords_histogram": [3.51265382767, 1.39676392078, 10.2890329361, 14.6729364395, 10.109251976, 5.51790904999, 2.36481809616, 5.6147146225, 6.25086450577, 11.8102617264, 1.4382519722, 0.318074941635, 0.414880365133, 3.01479744911, 4.21795034409, 4.89558839798, 1.09251832962, 0.553173840046, 0.290416270494, 0.663808584213, 2.84884524345, 2.57225823402, 4.72963619232, 1.41059327126],
    "thpcp": [1, 0.761259794235, 0.583861351013, 0.573111534119, 0.555993378162, 0.722921550274, 0.87527692318, 0.851464211941, 0.77613055706, 0.739522874355, 0.672444045544, 0.638315975666, 0.694065928459, 0.646420955658, 0.569984912872, 0.595614731312, 0.740659296513, 0.809046387672, 0.738200843334, 0.656687438488, 0.786196172237, 0.918615281582, 0.78078109026, 0.689406692982, 0.705752789974, 0.676917254925, 0.805112183094, 0.995259165764, 0.953326940536, 0.881473004818, 0.773349225521, 0.653689146042, 0.636106550694, 0.631830394268, 0.7030813694, 0.908762097359],
    "chords_key": "D",
    "chords_scale": "major"
}
}