{
"metadata": {
    "version": {
        "essentia": "2.1-dev",
        "essentia_git_sha": "v2.1_beta3-415-gd5473f3",
        "extractor": "music 2.0"
    },
    "audio_properties": {
        "analysis": {
            "equal_loudness": 0,
            "length": 244.479995728,
            "sample_rate": 44100,
            "start_time": 0,
            "downmix": "mix"
        },
        "bit_rate": 192000,
        "length": 244.479995728,
        "lossless": 0,
        "number_channels": 2,
        "replay_gain": -8.91481971741,
        "sample_rate": 44100,
        "codec": "mp3",
        "md5_encoded": "2e8c1f40ec1244ec8de36588799f7c72"
    },
    "tags": {
        "file_name": "eazy_e-boyz_n_the_hood.mp3",
        "album": ["Straight Outta Compton"],
        "artist": ["NWA w\/ Easy E"],
        "genre": ["Rap"],
        "title": ["Boys n tha Hood"]
    }
},
"lowlevel": {
    "average_loudness": 0.840679943562,
    "barkbands_crest": {
        "mean": 14.6348009109,
        "stdev": 6.96744346619
    },
    "barkbands_flatness_db": {
        "mean": 0.1791741997,
        "stdev": 0.0921254530549
    },
    "barkbands_kurtosis": {
        "mean": 29.5940799713,
        "stdev": 119.368019104
    },
    "barkbands_skewness": {
        "mean": 2.68743181229,
        "stdev": 4.07216072083
    },
    "barkbands_spread": {
        "mean": 25.7396602631,
        "stdev": 19.9577846527
    },
    "dissonance": {
        "mean": 0.460410028696,
        "stdev": 0.0465337373316
    },
    "dynamic_complexity": 4.39849090576,
    "erbbands_crest": {
        "mean": 10.2920589447,
        "stdev": 5.41200399399
    },
    "erbbands_flatness_db": {
        "mean": 0.161328539252,
        "stdev": 0.0594965778291
    },
    "erbbands_kurtosis": {
        "mean": 1.75637316704,
        "stdev": 5.49272441864
    },
    "erbbands_skewness": {
        "mean": -0.0439965762198,
        "stdev": 1.2768996954
    },
    "erbbands_spread": {
        "mean": 47.1470336914,
        "stdev": 29.2811965942
    },
    "hfc": {
        "mean": 19.3538398743,
        "stdev": 37.8991165161
    },
    "loudness_ebu128": {
        "integrated": -15.9023675919,
        "loudness_range": 6.91129875183,
        "momentary": {
            "mean": -17.7244491577,
            "stdev": 5.0681552887
        },
        "short_term": {
            "mean": -16.8033313751,
            "stdev": 2.93921947479
        }
    },
    "melbands_crest": {
        "mean": 20.6804656982,
        "stdev": 9.18352413177
    },
    "melbands_flatness_db": {
        "mean": 0.236686110497,
        "stdev": 0.116766899824
    },
    "melbands_kurtosis": {
        "mean": 70.9830169678,
        "stdev": 168.794189453
    },
    "melbands_skewness": {
        "mean": 4.81568384171,
        "stdev": 5.21907520294
    },
    "melbands_spread": {
        "mean": 30.9092674255,
        "stdev": 35.1581077576
    },
    "pitch_salience": {
        "mean": 0.442688912153,
        "stdev": 0.213974922895
    },
    "silence_rate_20dB": {
        "mean": 1,
        "stdev": 0
    },
    "silence_rate_30dB": {
        "mean": 0.924501419067,
        "stdev": 0.264188706875
    },
    "silence_rate_60dB": {
        "mean": 0.206552699208,
        "stdev": 0.404868155718
    },
    "spectral_centroid": {
        "mean": 1978.92272949,
        "stdev": 1012.57556152
    },
    "spectral_complexity": {
        "mean": 11.0700855255,
        "stdev": 12.1019191742
    },
    "spectral_decrease": {
        "mean": -7.29666416177e-09,
        "stdev": 9.85751213989e-09
    },
    "spectral_energy": {
        "mean": 0.0292947441339,
        "stdev": 0.038596663624
    },
    "spectral_energyband_high": {
        "mean": 0.00154416332953,
        "stdev": 0.00374639057554
    },
    "spectral_energyband_low": {
        "mean": 0.0210398565978,
        "stdev": 0.0352653302252
    },
    "spectral_energyband_middle_high": {
        "mean": 0.00332716410048,
        "stdev": 0.00596180232242
    },
    "spectral_energyband_middle_low": {
        "mean": 0.00371796451509,
        "stdev": 0.00751130608842
    },
    "spectral_entropy": {
        "mean": 7.69355583191,
        "stdev": 0.551581382751
    },
    "spectral_flux": {
        "mean": 0.0658005326986,
        "stdev": 0.0607015788555
    },
    "spectral_kurtosis": {
        "mean": 2.99734830856,
        "stdev": 2.32355070114
    },
    "spectral_rms": {
        "mean": 0.00429718662053,
        "stdev": 0.00318032433279
    },
    "spectral_rolloff": {
        "mean": 2037.80114746,
        "stdev": 2380.58154297
    },
    "spectral_skewness": {
        "mean": 1.18894004822,
        "stdev": 0.455507785082
    },
    "spectral_spread": {
        "mean": 5352579,
        "stdev": 1954201.875
    },
    "spectral_strongpeak": {
        "mean": 0.67281383276,
        "stdev": 0.801716685295
    },
    "zerocrossingrate": {
        "mean": 0.0730077847838,
        "stdev": 0.0613343529403
    },
    "barkbands": {
        "mean": [0.000814031751361, 0.0190214328468, 0.000954263086896, 0.000505152274854, 0.00151014956646, 0.000355560856406, 0.000339663238265, 0.000390962493839, 0.000479142152471, 0.000467061501695, 0.000330402312102, 0.000213259932934, 0.000201992108487, 0.000323143147398, 0.000216061685933, 0.000320747174555, 0.000271354307188, 0.000356820091838, 0.000480484974105, 0.000438773364294, 0.000404469406931, 0.000298067228869, 0.000269166572252, 0.000165704143001, 9.96112285065e-05, 6.03073567618e-05, 6.84254473526e-06],
        "stdev": [0.00131471047644, 0.0330959707499, 0.00430250167847, 0.00165259453934, 0.00595982465893, 0.000840617576614, 0.000926879758481, 0.0012317529181, 0.00160699279513, 0.00143796938937, 0.00125475646928, 0.000653542403597, 0.00061709259171, 0.000760681577958, 0.000593481003307, 0.00090992427431, 0.00074143713573, 0.00109853013419, 0.00153772009071, 0.00142097519711, 0.00117915752344, 0.00078484066762, 0.000576386984903, 0.000399103271775, 0.000270613352768, 0.000142824515933, 2.15827840293e-05]
    },
    "erbbands": {
        "mean": [0.854670524597, 3.04025578499, 1.52227282524, 1.49591720104, 2.02901482582, 6.86326646805, 4.73069524765, 3.04238605499, 4.14509344101, 6.81102371216, 9.02364253998, 10.9891815186, 13.669552803, 14.3337011337, 12.7265014648, 8.35472869873, 9.43622779846, 17.1819438934, 11.5525827408, 14.0896177292, 16.6572761536, 15.5771932602, 18.7601737976, 23.1923027039, 23.2390899658, 20.8119068146, 18.7658920288, 13.8381214142, 10.7585926056, 9.43311309814, 7.61918306351, 4.46326398849, 2.25844025612, 1.24199736118, 0.635979235172, 0.285431861877, 0.107652924955, 0.0207147914916, 0.00097146735061, 6.93262918503e-05],
        "stdev": [1.44573676586, 5.78106689453, 5.45621156693, 5.13945293427, 6.04999542236, 30.1570835114, 16.4689598083, 7.97363090515, 10.8592586517, 18.8954792023, 27.5995063782, 38.5430908203, 40.8519744873, 45.512966156, 42.8038673401, 22.8801059723, 27.7217273712, 39.565246582, 30.0351886749, 39.0854072571, 40.7032775879, 42.3059883118, 56.5150756836, 72.0084609985, 76.6964416504, 67.5707321167, 55.2058029175, 41.7141151428, 30.1784229279, 21.0411663055, 16.3311271667, 10.5600967407, 5.59334754944, 3.41006159782, 1.71362876892, 0.717385292053, 0.248544305563, 0.0500626377761, 0.00335780065507, 0.000190762832062]
    },
    "gfcc": {
        "mean": [-66.1433486938, 46.411190033, -105.450439453, 49.3625526428, -53.4205665588, 19.4308986664, -29.0187416077, 11.3417167664, -14.965004921, 8.14191055298, -14.0941724777, 5.71369695663, -9.53961658478],
        "cov": [[12985.8916016, -308.33416748, -213.995162964, 239.98765564, 302.373443604, 410.380126953, 152.501098633, 502.346862793, -91.2845687866, 191.634994507, -145.722045898, 278.816009521, -85.1372756958], [-308.33416748, 2236.7434082, 99.5141601562, -114.574279785, 232.486419678, -138.496734619, 184.502929688, 110.772483826, 110.847930908, -96.3229675293, 144.671615601, -42.0684356689, 20.145401001], [-213.995162964, 99.5141601562, 1591.55725098, 445.304870605, 343.092529297, 225.612640381, 91.4685134888, 189.495132446, 202.888259888, 86.2995758057, 78.636138916, 74.6512451172, -36.3856506348], [239.98765564, -114.574279785, 445.304870605, 992.476013184, 481.711090088, 93.8693466187, -0.804203152657, 38.2335090637, 114.008415222, 129.90663147, 128.812698364, 27.8039913177, 37.0202789307], [302.373443604, 232.486419678, 343.092529297, 481.711090088, 793.428527832, 382.305755615, 219.259643555, 172.008804321, 171.814590454, 163.331237793, 162.775497437, 78.3392562866, 52.4334754944], [410.380126953, -138.496734619, 225.612640381, 93.8693466187, 382.305755615, 632.281860352, 401.326904297, 173.916397095, 129.878295898, 156.626739502, 83.2404022217, 80.2763824463, 63.1960411072], [152.501098633, 184.502929688, 91.4685134888, -0.804203152657, 219.259643555, 401.326904297, 608.709533691, 222.970962524, 104.556602478, 90.5715866089, 103.489006042, 101.120437622, 91.205619812], [502.346862793, 110.772483826, 189.495132446, 38.2335090637, 172.008804321, 173.916397095, 222.970962524, 370.143829346, 182.024093628, 29.1079483032, 61.6971092224, 103.222801208, 17.3041877747], [-91.2845687866, 110.847930908, 202.888259888, 114.008415222, 171.814590454, 129.878295898, 104.556602478, 182.024093628, 341.035980225, 122.942184448, 45.781879425, 25.9024925232, 50.8216819763], [191.634994507, -96.3229675293, 86.2995758057, 129.90663147, 163.331237793, 156.626739502, 90.5715866089, 29.1079483032, 122.942184448, 232.899627686, 74.4498519897, 0.528367042542, 24.9913864136], [-145.722045898, 144.671615601, 78.636138916, 128.812698364, 162.775497437, 83.2404022217, 103.489006042, 61.6971092224, 45.781879425, 74.4498519897, 206.486984253, 64.2813262939, 10.8805007935], [278.816009521, -42.0684356689, 74.6512451172, 27.8039913177, 78.3392562866, 80.2763824463, 101.120437622, 103.222801208, 25.9024925232, 0.528367042542, 64.2813262939, 169.446304321, 50.8673439026], [-85.1372756958, 20.145401001, -36.3856506348, 37.0202789307, 52.4334754944, 63.1960411072, 91.205619812, 17.3041877747, 50.8216819763, 24.9913864136, 10.8805007935, 50.8673439026, 157.763504028]],
        "icov": [[0.000103737700556, -4.44315373898e-05, 5.62490859011e-05, -7.9372417531e-05, 3.71969144908e-05, -9.90359912976e-05, 9.73092537606e-05, -0.000244581926381, 0.000211751917959, -0.000263482856099, 0.000286902213702, -0.000250991026405, 0.000125798207591], [-4.44315373898e-05, 0.000738301023375, -0.000124868442072, 0.000409758009482, -0.000624934327789, 0.000773275503889, -0.000553154677618, 0.000179693364771, -0.000417413510149, 0.000762906391174, -0.000775952881668, 0.000815548875835, -0.000241009547608], [5.62490859011e-05, -0.000124868442072, 0.000874073652085, -0.00043864705367, 0.000103419406514, -0.000406314356951, 0.000199109286768, -0.00023803570366, -0.000215789870708, -8.40830834932e-05, 0.000337513716659, -0.000548718206119, 0.000626688764896], [-7.9372417531e-05, 0.000409758009482, -0.00043864705367, 0.00199454464018, -0.00143826229032, 0.000961938232649, -0.000147878745338, 0.000407543411711, -0.000266363524133, 0.00015147672093, -0.000909459777176, 0.000724918150809, -0.000640082347672], [3.71969144908e-05, -0.000624934327789, 0.000103419406514, -0.00143826229032, 0.00344255659729, -0.00213166489266, 0.000787451921497, -0.000633486022707, 0.000141832410009, -0.000709022860974, -0.000328226655256, -0.000607724883594, 7.04197445884e-05], [-9.90359912976e-05, 0.000773275503889, -0.000406314356951, 0.000961938232649, -0.00213166489266, 0.00482436688617, -0.00261535937898, 0.000382104946766, -0.000326683686581, -0.000574439181946, 5.54664939045e-06, 0.000512177182827, -0.00019488959515], [9.73092537606e-05, -0.000553154677618, 0.000199109286768, -0.000147878745338, 0.000787451921497, -0.00261535937898, 0.00414525996894, -0.00187639484648, 0.00100529461633, -0.000756340567023, -0.000351180293364, -0.000465258315671, -0.00123072776478], [-0.000244581926381, 0.000179693364771, -0.00023803570366, 0.000407543411711, -0.000633486022707, 0.000382104946766, -0.00187639484648, 0.00648304866627, -0.00362923741341, 0.00217113737017, -0.0005681643961, -0.00195558718406, 0.00162060535513], [0.000211751917959, -0.000417413510149, -0.000215789870708, -0.000266363524133, 0.000141832410009, -0.000326683686581, 0.00100529461633, -0.00362923741341, 0.00632777856663, -0.00343428831547, 0.00104827922769, 0.000529874872882, -0.00165661179926], [-0.000263482856099, 0.000762906391174, -8.40830834932e-05, 0.00015147672093, -0.000709022860974, -0.000574439181946, -0.000756340567023, 0.00217113737017, -0.00343428831547, 0.00856782589108, -0.00325795938261, 0.00220852275379, -0.000367992790416], [0.000286902213702, -0.000775952881668, 0.000337513716659, -0.000909459777176, -0.000328226655256, 5.54664939045e-06, -0.000351180293364, -0.0005681643961, 0.00104827922769, -0.00325795938261, 0.00870673544705, -0.00394278811291, 0.00176656176336], [-0.000250991026405, 0.000815548875835, -0.000548718206119, 0.000724918150809, -0.000607724883594, 0.000512177182827, -0.000465258315671, -0.00195558718406, 0.000529874872882, 0.00220852275379, -0.00394278811291, 0.010680151172, -0.00374816358089], [0.000125798207591, -0.000241009547608, 0.000626688764896, -0.000640082347672, 7.04197445884e-05, -0.00019488959515, -0.00123072776478, 0.00162060535513, -0.00165661179926, -0.000367992790416, 0.00176656176336, -0.00374816358089, 0.00899904128164]]
    },
    "melbands": {
        "mean": [0.00625947536901, 0.00179790833499, 0.000269012583885, 0.000298151571769, 0.00022541215003, 6.73957547406e-05, 6.54009199934e-05, 7.80364352977e-05, 7.43166310713e-05, 6.90662127454e-05, 6.85034174239e-05, 5.8766319853e-05, 4.44396391686e-05, 2.65663529717e-05, 1.92451807379e-05, 2.05203486985e-05, 3.47821223841e-05, 1.80822826223e-05, 1.67653506651e-05, 2.29210108955e-05, 1.84331274795e-05, 1.5870673451e-05, 1.616832742e-05, 1.70691309904e-05, 1.89613292605e-05, 1.80839542736e-05, 1.48942699525e-05, 1.36492071761e-05, 1.18179423225e-05, 1.0389045201e-05, 7.27867109163e-06, 6.22106199444e-06, 5.42487987332e-06, 5.00509440826e-06, 4.54221253676e-06, 3.35726122103e-06, 2.50717903327e-06, 1.62932292369e-06, 1.22393078072e-06, 9.81224275165e-07],
        "stdev": [0.0107511421666, 0.00391139369458, 0.000923175655771, 0.00112307094969, 0.000881790008862, 0.000168530634255, 0.000169073435245, 0.00021820818074, 0.000230153294979, 0.000248020893196, 0.000211853955989, 0.000191662489669, 0.000162324795383, 8.31759170978e-05, 5.67484748899e-05, 6.50370202493e-05, 8.40806969791e-05, 5.10143581778e-05, 4.69068145321e-05, 7.65786971897e-05, 4.61361960333e-05, 4.39875948359e-05, 4.83179755975e-05, 5.43265960005e-05, 6.04498309258e-05, 6.06961693848e-05, 5.07888835273e-05, 4.51273699582e-05, 3.69958142983e-05, 2.94472283713e-05, 2.31057474593e-05, 1.8771050236e-05, 1.33916737468e-05, 1.13582691483e-05, 9.89358522929e-06, 7.79163110565e-06, 6.18988360657e-06, 4.07001107305e-06, 3.29818726641e-06, 2.77735966847e-06]
    },
    "melbands128": {
        "mean": [0.00078156334348, 0.00752359442413, 0.00878830906004, 0.00362143549137, 0.000895587028936, 0.000428877945524, 0.000302936823573, 0.000235240528127, 0.000177491427166, 0.000168471960933, 0.000429582200013, 0.000386862549931, 0.000132197223138, 7.2577073297e-05, 6.77833668306e-05, 6.27280969638e-05, 6.55793628539e-05, 6.13778975094e-05, 7.28366067051e-05, 7.63530260883e-05, 8.19312772364e-05, 7.98902765382e-05, 7.12974069756e-05, 7.15330024832e-05, 7.30246974854e-05, 6.66673658998e-05, 6.26648397883e-05, 7.0323010732e-05, 7.37550362828e-05, 6.1652099248e-05, 5.53497156943e-05, 4.83288313262e-05, 4.50408551842e-05, 4.25515063398e-05, 3.17515186907e-05, 2.1034902602e-05, 2.03535164474e-05, 1.83905012818e-05, 1.9009654352e-05, 2.12246904994e-05, 2.18960940401e-05, 1.82880230568e-05, 3.83947917726e-05, 4.64813056169e-05, 1.44826508404e-05, 1.59579485626e-05, 1.61434309121e-05, 1.7539550754e-05, 1.65861874848e-05, 1.59544142662e-05, 2.95216323138e-05, 2.3289820092e-05, 1.72054369614e-05, 1.77192105184e-05, 1.68818241946e-05, 1.55560501298e-05, 1.49852912728e-05, 1.55969773914e-05, 1.65182082128e-05, 1.76649373316e-05, 1.65675210155e-05, 1.69498089235e-05, 1.84599848581e-05, 1.96605196834e-05, 1.98374891625e-05, 1.79131457116e-05, 1.74681554199e-05, 1.59825322044e-05, 1.38442737807e-05, 1.41067130244e-05, 1.3669636246e-05, 1.36891749207e-05, 1.26077320601e-05, 1.08465601443e-05, 1.1107607861e-05, 1.30429243654e-05, 8.48291347211e-06, 7.77868262958e-06, 7.03420118953e-06, 6.90136857884e-06, 6.47482784188e-06, 5.96677818976e-06, 5.434247214e-06, 5.30070155946e-06, 5.32028298039e-06, 6.08799518886e-06, 4.53888196716e-06, 3.54011513082e-06, 5.05423304276e-06, 4.82288078274e-06, 3.84982695323e-06, 2.731756922e-06, 2.86714862341e-06, 2.86102067548e-06, 2.05081391869e-06, 1.67054997746e-06, 1.68650490195e-06, 1.3267687109e-06, 1.20396884995e-06, 1.21385755847e-06, 1.02832962057e-06, 9.60821694207e-07, 8.98595999388e-07, 7.80686434609e-07, 7.19945887795e-07, 6.59284467019e-07, 5.54522159746e-07, 5.01936426645e-07, 4.95012500323e-07, 4.77213291106e-07, 3.8717962525e-07, 4.00038544512e-07, 3.35607495572e-07, 3.02503224248e-07, 2.45816579536e-07, 2.1411239004e-07, 1.62336519338e-07, 5.69864937461e-08, 2.52158933733e-08, 1.98387386519e-08, 1.36566784548e-08, 9.39437061476e-09, 6.79298395312e-09, 4.68390570774e-09, 3.64091534699e-09, 5.63367297257e-10, 5.54362155139e-12, 5.46142991942e-12],
        "stdev": [0.00129059050232, 0.0126330256462, 0.0159080252051, 0.00755914486945, 0.00340810301714, 0.00186460604891, 0.00107171188574, 0.000759950256906, 0.000581508269534, 0.000616935023572, 0.00200563762337, 0.00173310691025, 0.000462586758658, 0.000234120889218, 0.000240426990786, 0.00020978799148, 0.00021721534722, 0.000222306596697, 0.000279101455817, 0.000278490420897, 0.000327711284626, 0.000352147937519, 0.0002998058917, 0.0003447891213, 0.000369503191905, 0.000338224112056, 0.000315841432894, 0.00028588384157, 0.000324302993249, 0.000276130100247, 0.000263953668764, 0.000273318699328, 0.000238096399698, 0.000204947966267, 0.000152183492901, 8.84697365109e-05, 7.79961628723e-05, 6.79069707985e-05, 7.83164869063e-05, 9.12639879971e-05, 8.71181764523e-05, 7.34514542273e-05, 0.000104728838778, 0.000125515070977, 5.69114781683e-05, 6.82866593706e-05, 5.94990742684e-05, 6.24366221018e-05, 6.41230726615e-05, 5.81213244004e-05, 0.000130508036818, 8.53287929203e-05, 5.39644897799e-05, 5.55077094759e-05, 5.16598483955e-05, 4.95713757118e-05, 5.23528033227e-05, 5.10739191668e-05, 5.55259175599e-05, 6.16516117589e-05, 6.0802725784e-05, 6.1150160036e-05, 6.68138236506e-05, 6.9632238592e-05, 7.40409523132e-05, 6.79764707456e-05, 6.59579454805e-05, 6.00662096986e-05, 5.22880181961e-05, 5.20596440765e-05, 4.87582110509e-05, 4.95894673804e-05, 4.47692400485e-05, 3.87469845009e-05, 3.63410981663e-05, 3.48353169102e-05, 3.10727518809e-05, 2.88292467303e-05, 2.48256401392e-05, 2.26771608141e-05, 2.12738887058e-05, 2.17681390495e-05, 1.56376772793e-05, 1.41694526974e-05, 1.37887564051e-05, 1.38425339173e-05, 1.19443466247e-05, 9.7892998383e-06, 1.17110221254e-05, 1.10908176794e-05, 9.17483794183e-06, 7.72207658883e-06, 7.33682009013e-06, 7.47761168896e-06, 5.79983088755e-06, 4.59073862658e-06, 4.27355143984e-06, 3.61845741281e-06, 3.40854398928e-06, 3.50896311829e-06, 3.09658548758e-06, 2.92305139737e-06, 2.57450983554e-06, 2.23037932301e-06, 2.04979414775e-06, 1.85463875368e-06, 1.59533749411e-06, 1.38181974307e-06, 1.32637455863e-06, 1.19361527595e-06, 9.5473365036e-07, 9.51089816681e-07, 8.1620430592e-07, 7.21968774542e-07, 6.09297330811e-07, 5.49465312361e-07, 4.52106576176e-07, 1.96956065679e-07, 1.26150766278e-07, 1.37258169275e-07, 1.10005814236e-07, 8.98064769217e-08, 7.51716271452e-08, 5.43770894978e-08, 5.45591127832e-08, 1.0955162999e-08, 1.07511005307e-11, 1.06407495662e-11]
    },
    "mfcc": {
        "mean": [-712.780822754, 74.8992080688, 9.42533969879, 32.9727706909, 5.48141860962, 13.6893253326, 0.0784639641643, 9.8435344696, 2.47918462753, 10.1956520081, -0.312787264585, 1.99589896202, 1.94811499119],
        "cov": [[11895.1806641, -245.173065186, -702.736450195, 180.778289795, 94.6856231689, 115.519058228, 242.535995483, 274.350769043, 177.322631836, -47.0670127869, 175.554214478, 61.1137733459, 9.23889636993], [-245.173065186, 2051.86962891, 17.5791244507, -79.1209945679, 9.05456161499, -130.118118286, 95.9755096436, 140.167922974, 38.8696022034, 7.50487995148, 58.182056427, 79.9493484497, 102.625656128], [-702.736450195, 17.5791244507, 1153.53759766, 256.205230713, 242.400894165, 81.5622634888, 5.05240297318, 97.7232971191, 63.122833252, 132.394287109, 17.0008087158, 60.003578186, 77.0051879883], [180.778289795, -79.1209945679, 256.205230713, 846.085693359, 421.957305908, 118.015327454, 35.1017532349, -10.9844341278, -5.52191209793, 27.7660293579, 64.0077362061, 59.1172294617, 35.6952934265], [94.6856231689, 9.05456161499, 242.400894165, 421.957305908, 702.309387207, 214.768997192, 73.5118560791, 71.1585617065, 57.7397499084, 118.085372925, 114.74282074, 98.8873291016, 85.663444519], [115.519058228, -130.118118286, 81.5622634888, 118.015327454, 214.768997192, 504.702056885, 293.859375, 99.7919464111, 162.12197876, 116.96837616, 123.469535828, 116.561065674, 24.2403831482], [242.535995483, 95.9755096436, 5.05240297318, 35.1017532349, 73.5118560791, 293.859375, 489.779846191, 229.118667603, 114.886978149, 52.6566200256, 133.557998657, 112.285552979, 53.02759552], [274.350769043, 140.167922974, 97.7232971191, -10.9844341278, 71.1585617065, 99.7919464111, 229.118667603, 368.508392334, 181.075500488, 65.9188156128, 112.135009766, 82.548500061, 135.776504517], [177.322631836, 38.8696022034, 63.122833252, -5.52191209793, 57.7397499084, 162.12197876, 114.886978149, 181.075500488, 328.950500488, 151.816513062, 83.6452026367, 76.2566986084, 88.2724227905], [-47.0670127869, 7.50487995148, 132.394287109, 27.7660293579, 118.085372925, 116.96837616, 52.6566200256, 65.9188156128, 151.816513062, 247.724090576, 107.842208862, 78.0667724609, 28.9226531982], [175.554214478, 58.182056427, 17.0008087158, 64.0077362061, 114.74282074, 123.469535828, 133.557998657, 112.135009766, 83.6452026367, 107.842208862, 221.394058228, 126.755996704, 60.3063392639], [61.1137733459, 79.9493484497, 60.003578186, 59.1172294617, 98.8873291016, 116.561065674, 112.285552979, 82.548500061, 76.2566986084, 78.0667724609, 126.755996704, 191.695175171, 67.9349365234], [9.23889636993, 102.625656128, 77.0051879883, 35.6952934265, 85.663444519, 24.2403831482, 53.02759552, 135.776504517, 88.2724227905, 28.9226531982, 60.3063392639, 67.9349365234, 206.80128479]],
        "icov": [[9.25089407247e-05, 1.55614307005e-05, 6.6013810283e-05, -3.50856716977e-05, -1.490671184e-05, 1.90810424101e-05, -2.39520522882e-06, -8.33817830426e-05, -5.29220378667e-05, 5.58684623684e-05, -5.61100096093e-05, 1.91281174011e-06, 5.94269367866e-05], [1.55614307005e-05, 0.000545496994164, 4.78757499422e-07, 6.97844952811e-05, -9.38628872973e-05, 0.000383425940527, -0.000241852016188, -2.83476529148e-05, -7.84883013694e-05, 3.73945149477e-05, -1.31892165882e-05, -0.000223601717153, -0.000103485996078], [6.6013810283e-05, 4.78757499422e-07, 0.00113024108578, -0.000304335699184, -9.58245145739e-05, -0.00014343688963, 0.000244195951382, -0.000565360824112, 0.000326752691763, -0.000724831363186, 0.000624365289696, -0.000239309185417, -0.000147996281157], [-3.50856716977e-05, 6.97844952811e-05, -0.000304335699184, 0.00183704833034, -0.00109107000753, 0.000148270148202, -0.000215157531784, 0.000529157812707, -0.000163428223459, 0.000568342977203, -0.000332868628902, -7.03348996467e-05, 1.59438677656e-05], [-1.490671184e-05, -9.38628872973e-05, -9.58245145739e-05, -0.00109107000753, 0.00264240032993, -0.00112160760909, 0.000651175330859, -0.0004829975951, 0.000793455750681, -0.0008755568997, -0.000204864903935, -2.30258337979e-05, -0.00069062365219], [1.90810424101e-05, 0.000383425940527, -0.00014343688963, 0.000148270148202, -0.00112160760909, 0.00473449844867, -0.00287313619629, 0.00160120544024, -0.00197097146884, 3.34710275638e-05, -0.000313370983349, -0.000705661077518, 0.000591596937738], [-2.39520522882e-06, -0.000241852016188, 0.000244195951382, -0.000215157531784, 0.000651175330859, -0.00287313619629, 0.00506642507389, -0.0030192558188, 0.00112307735253, 0.000351845606929, -0.000583251588978, -0.00060158962151, 0.000655679788906], [-8.33817830426e-05, -2.83476529148e-05, -0.000565360824112, 0.000529157812707, -0.0004829975951, 0.00160120544024, -0.0030192558188, 0.00687703676522, -0.00289084995165, 0.000989659223706, -0.00149891932961, 0.000682003446855, -0.00228299689479], [-5.29220378667e-05, -7.84883013694e-05, 0.000326752691763, -0.000163428223459, 0.000793455750681, -0.00197097146884, 0.00112307735253, -0.00289084995165, 0.00673818821087, -0.00351250730455, 0.00118525396101, -0.00023728000815, -0.00119237985928], [5.58684623684e-05, 3.73945149477e-05, -0.000724831363186, 0.000568342977203, -0.0008755568997, 3.34710275638e-05, 0.000351845606929, 0.000989659223706, -0.00351250730455, 0.00790550932288, -0.00305680185556, -0.000404498452554, 0.00118746852968], [-5.61100096093e-05, -1.31892165882e-05, 0.000624365289696, -0.000332868628902, -0.000204864903935, -0.000313370983349, -0.000583251588978, -0.00149891932961, 0.00118525396101, -0.00305680185556, 0.00955263338983, -0.0041878069751, -0.000399097072659], [1.91281174011e-06, -0.000223601717153, -0.000239309185417, -7.03348996467e-05, -2.30258337979e-05, -0.000705661077518, -0.00060158962151, 0.000682003446855, -0.00023728000815, -0.000404498452554, -0.0041878069751, 0.00955337285995, -0.00174836895894], [5.94269367866e-05, -0.000103485996078, -0.000147996281157, 1.59438677656e-05, -0.00069062365219, 0.000591596937738, 0.000655679788906, -0.00228299689479, -0.00119237985928, 0.00118746852968, -0.000399097072659, -0.00174836895894, 0.00751775037497]]
    },
    "spectral_contrast_coeffs": {
        "mean": [-0.701943874359, -0.75351369381, -0.777442395687, -0.783387482166, -0.788870990276, -0.763150930405],
        "stdev": [0.101805388927, 0.099792227149, 0.0942057073116, 0.0748681426048, 0.0504605062306, 0.050227869302]
    },
    "spectral_contrast_valleys": {
        "mean": [-7.9835357666, -8.12411403656, -8.58617305756, -8.53348255157, -8.04450511932, -10.3593130112],
        "stdev": [1.55467832088, 1.23579013348, 1.25736904144, 1.29857313633, 1.32321918011, 1.30527281761]
    }
},
"rhythm": {
    "beats_count": 361,
    "beats_loudness": {
        "mean": 0.0624827221036,
        "stdev": 0.0483176596463
    },
    "bpm": 87.7716827393,
    "bpm_histogram_first_peak_bpm": 88,
    "bpm_histogram_first_peak_weight": 0.0935672521591,
    "bpm_histogram_second_peak_bpm": 110,
    "bpm_histogram_second_peak_spread": 0.5,
    "bpm_histogram_second_peak_weight": 0.00833333376795,
    "danceability": 1.22182047367,
    "onset_rate": 4.77720355988,
    "beats_loudness_band_ratio": {
        "mean": [0.387872338295, 0.103213109076, 0.107616744936, 0.0894837975502, 0.125665351748, 0.203349336982],
        "stdev": [0.37488374114, 0.144700005651, 0.179559126496, 0.142967715859, 0.112886220217, 0.217616006732]
    },
    "beats_position": [0.49922901392, 0.96362811327, 1.43963718414, 1.92725622654, 2.43809509277, 2.93732428551, 3.43655323982, 3.94739222527, 4.446621418, 4.96907043457, 5.4915189743, 6.03718805313, 6.58285713196, 7.14013576508, 7.69741487503, 8.24308395386, 8.77714252472, 9.36925125122, 9.97297000885, 10.6811790466, 11.3893871307, 12.0975961685, 12.7941951752, 13.479183197, 14.1873922348, 14.8839902878, 15.5805892944, 16.2887973785, 16.9737873077, 17.6587753296, 18.3437633514, 19.0171432495, 19.7021312714, 20.3871192932, 21.0721092224, 21.7570972443, 22.4420852661, 23.1270751953, 23.8120632172, 24.497051239, 25.1704311371, 25.8438091278, 26.5287971497, 27.2137870789, 27.8871650696, 28.5605430603, 29.2455329895, 29.9305210114, 30.6155090332, 31.3004989624, 31.9854869843, 32.6704750061, 33.3554649353, 34.0404510498, 34.725440979, 35.4104309082, 36.0838088989, 36.7571868896, 37.4421768188, 38.1271629333, 38.8121528625, 39.4971427917, 40.1821289062, 40.8671188354, 41.5521087646, 42.2370948792, 42.9220848083, 43.6070747375, 44.2804527283, 44.9654426575, 45.650428772, 46.3354187012, 47.0204086304, 47.6937866211, 48.3787727356, 49.0637626648, 49.748752594, 50.4337387085, 51.1071205139, 51.8037185669, 52.4770965576, 53.1620864868, 53.8470726013, 54.5320625305, 55.2170524597, 55.8904304504, 56.5754165649, 57.2604064941, 57.9337844849, 58.6071662903, 59.3037643433, 60.01197052, 60.7201805115, 61.4167785645, 62.1017684937, 62.7867546082, 63.4485244751, 64.1335144043, 64.806892395, 65.5034942627, 66.1884765625, 66.8734664917, 67.5584564209, 68.2434463501, 68.9168243408, 69.60181427, 70.2751922607, 70.9601821899, 71.6335601807, 72.3301544189, 73.0035324097, 73.6885223389, 74.3735122681, 75.0468902588, 75.731880188, 76.4168701172, 77.1018600464, 77.7868499756, 78.4718322754, 79.1568222046, 79.8302001953, 80.5151901245, 81.2001800537, 81.8851699829, 82.5701599121, 83.2667541504, 83.9517440796, 84.6367340088, 85.3101119995, 85.9951019287, 86.6684799194, 87.3534698486, 88.0384597778, 88.7234420776, 89.4084320068, 90.093421936, 90.7667999268, 91.4401779175, 92.1251678467, 92.8101577759, 93.4951477051, 94.1801376343, 94.8651199341, 95.5501098633, 96.223487854, 96.9084777832, 97.5934677124, 98.2668457031, 98.9518356323, 99.6368255615, 100.321815491, 101.006797791, 101.69178772, 102.376777649, 103.05015564, 103.735145569, 104.420135498, 105.093513489, 105.778503418, 106.463493347, 107.148475647, 107.833465576, 108.518455505, 109.203445435, 109.888435364, 110.573425293, 111.258407593, 111.943397522, 112.616775513, 113.290153503, 113.975143433, 114.660133362, 115.356735229, 116.03011322, 116.715103149, 117.400085449, 118.085075378, 118.770065308, 119.455055237, 120.140045166, 120.813423157, 121.486801147, 122.160179138, 122.833557129, 123.530158997, 124.215148926, 124.900131226, 125.573509216, 126.246894836, 126.943489075, 127.616867065, 128.301864624, 128.986846924, 129.660217285, 130.345214844, 131.030197144, 131.715194702, 132.400177002, 133.085174561, 133.77015686, 134.44354248, 135.12852478, 135.81350708, 136.498504639, 137.183486938, 137.880081177, 138.565078735, 139.250061035, 139.923446655, 140.608428955, 141.293426514, 141.978408813, 142.663391113, 143.348388672, 144.021759033, 144.706756592, 145.380126953, 146.065124512, 146.750106812, 147.423492432, 148.108474731, 148.79347229, 149.47845459, 150.16343689, 150.848434448, 151.533416748, 152.218414307, 152.903396606, 153.576782227, 154.261764526, 154.946762085, 155.631744385, 156.316726685, 157.013336182, 157.698318481, 158.371704102, 159.056686401, 159.730072021, 160.415054321, 161.100036621, 161.78503418, 162.470016479, 163.1434021, 163.828384399, 164.513381958, 165.186752319, 165.871749878, 166.556732178, 167.253326416, 167.938323975, 168.623306274, 169.296691895, 169.970062256, 170.655059814, 171.340042114, 172.025024414, 172.710021973, 173.395004272, 174.080001831, 174.764984131, 175.449981689, 176.146575928, 176.819946289, 177.504943848, 178.189926147, 178.874923706, 179.559906006, 180.233291626, 180.918273926, 181.603256226, 182.288253784, 182.973236084, 183.646621704, 184.319992065, 185.004989624, 185.689971924, 186.374969482, 187.059951782, 187.744934082, 188.429931641, 189.103302002, 189.788299561, 190.47328186, 191.158279419, 191.843261719, 192.516647339, 193.201629639, 193.886611938, 194.571609497, 195.256591797, 195.941589355, 196.626571655, 197.311553955, 197.996551514, 198.669921875, 199.366531372, 200.039901733, 200.713287354, 201.398269653, 202.083267212, 202.77986145, 203.453231812, 204.13822937, 204.82321167, 205.508209229, 206.193191528, 206.878189087, 207.563171387, 208.236557007, 208.933151245, 209.618133545, 210.291519165, 210.976501465, 211.649887085, 212.334869385, 213.019866943, 213.716461182, 214.401443481, 215.08644104, 215.77142334, 216.45640564, 217.141403198, 217.81477356, 218.499771118, 219.184753418, 219.869750977, 220.554733276, 221.239730835, 221.913101196, 222.598098755, 223.283081055, 223.956451416, 224.641448975, 225.326431274, 226.011428833, 226.696411133, 227.381408691, 228.066390991, 228.751373291, 229.43637085, 230.109741211, 230.79473877, 231.479721069, 232.164718628, 232.849700928, 233.546295166, 234.219680786, 234.893051147, 235.589660645, 236.263031006, 236.948028564, 237.633010864, 238.306396484, 239.002990723, 239.687973022, 240.372970581, 241.046340942, 241.731338501, 242.416320801, 243.089706421, 243.786300659],
    "bpm_histogram": [0, 0, 0, 0, 0, 0, 0, 0, 0, 0, 0, 0, 0, 0, 0, 0, 0, 0, 0, 0, 0, 0, 0, 0, 0, 0, 0, 0, 0, 0, 0, 0, 0, 0, 0, 0, 0, 0, 0, 0, 0, 0, 0, 0, 0, 0, 0, 0, 0, 0, 0, 0, 0, 0, 0, 0, 0, 0, 0, 0, 0, 0, 0, 0, 0, 0, 0, 0, 0, 0, 0, 0, 0, 0, 0, 0, 0, 0, 0, 0, 0, 0, 0, 0, 0, 0.0194444451481, 0.0666666701436, 0, 0.652777791023, 0.208333328366, 0, 0.00277777784504, 0, 0, 0, 0, 0, 0, 0, 0.00277777784504, 0, 0.00277777784504, 0, 0, 0, 0, 0, 0, 0.00555555569008, 0, 0.00833333376795, 0, 0.00277777784504, 0, 0, 0.00555555569008, 0, 0.00555555569008, 0, 0, 0.00833333376795, 0, 0, 0.00277777784504, 0, 0, 0.00277777784504, 0, 0, 0.00277777784504, 0, 0, 0, 0, 0, 0, 0, 0, 0, 0, 0, 0, 0, 0, 0, 0, 0, 0, 0, 0, 0, 0, 0, 0, 0, 0, 0, 0, 0, 0, 0, 0, 0, 0, 0, 0, 0, 0, 0, 0, 0, 0, 0, 0, 0, 0, 0, 0, 0, 0, 0, 0, 0, 0, 0, 0, 0, 0, 0, 0, 0, 0, 0, 0, 0, 0, 0, 0, 0, 0, 0, 0, 0, 0, 0, 0, 0, 0, 0, 0, 0, 0, 0, 0, 0, 0, 0, 0, 0, 0, 0, 0, 0, 0, 0, 0, 0, 0, 0, 0, 0, 0, 0, 0, 0, 0, 0, 0, 0, 0, 0, 0, 0, 0, 0, 0, 0, 0, 0, 0]
},
"tonal": {
    "chords_changes_rate": 0.0955184176564,
    "chords_number_rate": 0.00227876938879,
    "chords_strength": {
        "mean": 0.477478504181,
        "stdev": 0.0793268159032
    },
    "hpcp_crest": {
        "mean": 13.6975307465,
        "stdev": 6.54698181152
    },
    "hpcp_entropy": {
        "mean": 2.02836966515,
        "stdev": 0.86122751236
    },
    "key_edma": {
        "strength": 0.526768147945,
        "key": "C#",
        "scale": "major"
    },
    "key_krumhansl": {
        "strength": 0.508039534092,
        "key": "C#",
        "scale": "major"
    },
    "key_temperley": {
        "strength": 0.491813033819,
        "key": "G#",
        "scale": "major"
    },
    "tuning_diatonic_strength": 0.491383641958,
    "tuning_equal_tempered_deviation": 0.088630668819,
    "tuning_frequency": 441.782684326,
    "tuning_nontempered_energy_ratio": 0.766371130943,
    "hpcp": {
        "mean": [0.0878762900829, 0.0704772099853, 0.0836509466171, 0.108334563673, 0.0934807136655, 0.0731284022331, 0.105654813349, 0.122102253139, 0.108949132264, 0.0937791839242, 0.0712530165911, 0.0613523796201, 0.0612483210862, 0.0587852597237, 0.0601058416069, 0.0776162296534, 0.0858371555805, 0.0736819803715, 0.0742351263762, 0.0732737034559, 0.062597848475, 0.0601820908487, 0.0680807828903, 0.101847693324, 0.113603115082, 0.0823103711009, 0.0623934790492, 0.0597610026598, 0.065649099648, 0.114376246929, 0.140902504325, 0.11360745132, 0.258042097092, 0.444641083479, 0.314542740583, 0.128846436739],
        "stdev": [0.202589571476, 0.181073009968, 0.193080440164, 0.246903076768, 0.206269130111, 0.182715654373, 0.234354570508, 0.254275202751, 0.218964666128, 0.201534211636, 0.172732576728, 0.16024133563, 0.165398165584, 0.1567812711, 0.154498979449, 0.189958825707, 0.210052579641, 0.178115680814, 0.18780323863, 0.186409264803, 0.161947116256, 0.156695649028, 0.160417571664, 0.210711449385, 0.229813605547, 0.180148378015, 0.156214296818, 0.1514544487, 0.156014770269, 0.212222829461, 0.261941045523, 0.204639837146, 0.294009834528, 0.437236130238, 0.323765069246, 0.248780742288]
    },
    "chords_histogram": [15.7235088348, 4.67147731781, 0.626661598682, 4.02582597733, 0.474743634462, 0.284846186638, 0.645651340485, 0.0189897455275, 4.34865188599, 8.96315956116, 6.43752384186, 2.39270782471, 0.208887204528, 0.189897462726, 0.208887204528, 4.61450815201, 2.43068742752, 6.38055467606, 0.550702631474, 0.512723147869, 0.0949487313628, 0.379794925451, 11.9065704346, 23.9080886841],
    "thpcp": [1, 0.707408189774, 0.289776265621, 0.197634205222, 0.158503592014, 0.188131392002, 0.243644967675, 0.210238590837, 0.164466142654, 0.23761819303, 0.274608582258, 0.245027139783, 0.210909843445, 0.16024838388, 0.137981802225, 0.137747779489, 0.132208347321, 0.135178342462, 0.174559280276, 0.193048194051, 0.165711134672, 0.166955173016, 0.164792925119, 0.140782877803, 0.135349825025, 0.153114020824, 0.229055970907, 0.255493968725, 0.185116425157, 0.140323236585, 0.134402796626, 0.147645145655, 0.257232755423, 0.31689041853, 0.255503714085, 0.580337941647],
    "chords_key": "F",
    "chords_scale": "minor"
}
}