{
"metadata": {
    "version": {
        "essentia": "2.1-dev",
        "essentia_git_sha": "v2.1_beta3-415-gd5473f3",
        "extractor": "music 2.0"
    },
    "audio_properties": {
        "analysis": {
            "equal_loudness": 0,
            "length": 224.444076538,
            "sample_rate": 44100,
            "start_time": 0,
            "downmix": "mix"
        },
        "bit_rate": 192000,
        "length": 224.444076538,
        "lossless": 0,
        "number_channels": 2,
        "replay_gain": -7.08149147034,
        "sample_rate": 44100,
        "codec": "mp3",
        "md5_encoded": "89c589a3d54ad68925026ba1b986d440"
    },
    "tags": {
        "file_name": "eric_b_and_rakim-paid_in_full.mp3"
    }
},
"lowlevel": {
    "average_loudness": 0.919292449951,
    "barkbands_crest": {
        "mean": 16.0350151062,
        "stdev": 6.25205135345
    },
    "barkbands_flatness_db": {
        "mean": 0.214049428701,
        "stdev": 0.0839330032468
    },
    "barkbands_kurtosis": {
        "mean": 37.8920936584,
        "stdev": 80.5294036865
    },
    "barkbands_skewness": {
        "mean": 3.81942677498,
        "stdev": 4.21285963058
    },
    "barkbands_spread": {
        "mean": 22.7681617737,
        "stdev": 22.2709274292
    },
    "dissonance": {
        "mean": 0.466717779636,
        "stdev": 0.048364341259
    },
    "dynamic_complexity": 4.1936917305,
    "erbbands_crest": {
        "mean": 9.11299800873,
        "stdev": 4.00528097153
    },
    "erbbands_flatness_db": {
        "mean": 0.149994075298,
        "stdev": 0.0391038618982
    },
    "erbbands_kurtosis": {
        "mean": 2.47119164467,
        "stdev": 4.90727376938
    },
    "erbbands_skewness": {
        "mean": -0.204083934426,
        "stdev": 1.52925217152
    },
    "erbbands_spread": {
        "mean": 57.603187561,
        "stdev": 39.6774253845
    },
    "hfc": {
        "mean": 19.4339771271,
        "stdev": 20.9550991058
    },
    "loudness_ebu128": {
        "integrated": -16.0593833923,
        "loudness_range": 3.20020008087,
        "momentary": {
            "mean": -16.8688755035,
            "stdev": 3.73562407494
        },
        "short_term": {
            "mean": -16.4326305389,
            "stdev": 2.19072318077
        }
    },
    "melbands_crest": {
        "mean": 23.0242214203,
        "stdev": 8.67428874969
    },
    "melbands_flatness_db": {
        "mean": 0.286302953959,
        "stdev": 0.113428667188
    },
    "melbands_kurtosis": {
        "mean": 128.574768066,
        "stdev": 229.123077393
    },
    "melbands_skewness": {
        "mean": 7.06127977371,
        "stdev": 6.27453422546
    },
    "melbands_spread": {
        "mean": 21.6362380981,
        "stdev": 31.9386005402
    },
    "pitch_salience": {
        "mean": 0.387802153826,
        "stdev": 0.194761574268
    },
    "silence_rate_20dB": {
        "mean": 0.999793112278,
        "stdev": 0.0143813360482
    },
    "silence_rate_30dB": {
        "mean": 0.866659760475,
        "stdev": 0.339940935373
    },
    "silence_rate_60dB": {
        "mean": 0.0536878034472,
        "stdev": 0.225401744246
    },
    "spectral_centroid": {
        "mean": 1930.68774414,
        "stdev": 1341.62548828
    },
    "spectral_complexity": {
        "mean": 10.3931932449,
        "stdev": 11.5615882874
    },
    "spectral_decrease": {
        "mean": -1.19552652222e-08,
        "stdev": 1.40133487037e-08
    },
    "spectral_energy": {
        "mean": 0.0468845926225,
        "stdev": 0.0536039210856
    },
    "spectral_energyband_high": {
        "mean": 0.00141889287625,
        "stdev": 0.00208478234708
    },
    "spectral_energyband_low": {
        "mean": 0.0347998850048,
        "stdev": 0.0472088977695
    },
    "spectral_energyband_middle_high": {
        "mean": 0.00288151949644,
        "stdev": 0.00563059421256
    },
    "spectral_energyband_middle_low": {
        "mean": 0.00920985452831,
        "stdev": 0.0162769928575
    },
    "spectral_entropy": {
        "mean": 7.766020298,
        "stdev": 0.513625025749
    },
    "spectral_flux": {
        "mean": 0.107687883079,
        "stdev": 0.0875128433108
    },
    "spectral_kurtosis": {
        "mean": 2.55361032486,
        "stdev": 2.38011622429
    },
    "spectral_rms": {
        "mean": 0.00587204890326,
        "stdev": 0.00335562205873
    },
    "spectral_rolloff": {
        "mean": 1355.56384277,
        "stdev": 2123.8359375
    },
    "spectral_skewness": {
        "mean": 1.1041135788,
        "stdev": 0.556624591351
    },
    "spectral_spread": {
        "mean": 5558353.5,
        "stdev": 1491415.625
    },
    "spectral_strongpeak": {
        "mean": 0.699443042278,
        "stdev": 1.16752672195
    },
    "zerocrossingrate": {
        "mean": 0.0579983890057,
        "stdev": 0.0567805916071
    },
    "barkbands": {
        "mean": [0.000993525376543, 0.0267217997462, 0.00578141445294, 0.00224615330808, 0.00224803527817, 0.00157517031766, 0.0013568662107, 0.000831974844914, 0.000739046721719, 0.000551209086552, 0.000251016143011, 0.000336852448527, 0.000422543584136, 0.00029419499333, 0.000215679392568, 0.000183914075023, 0.000194730469957, 0.000153043263708, 0.000200410169782, 0.000272293982562, 0.00035324683995, 0.000423863850301, 0.000310927513056, 0.000125102786114, 8.15804451122e-05, 1.97885856323e-05, 2.09261472151e-07],
        "stdev": [0.000904166721739, 0.036127153784, 0.0141817042604, 0.00501351058483, 0.00448797084391, 0.00531443208456, 0.00558493705466, 0.00344673008658, 0.0028441445902, 0.00233985250816, 0.000959834782407, 0.00110305519775, 0.00137097435072, 0.000929743866436, 0.000700522214174, 0.000566100876313, 0.000554231985006, 0.00048908253666, 0.000564383924939, 0.000499845657032, 0.00052492483519, 0.000658993260004, 0.000590813579038, 0.0005198000581, 0.000107949359517, 3.27156631101e-05, 1.10013127141e-06]
    },
    "erbbands": {
        "mean": [1.0521812439, 4.86457204819, 6.91493034363, 7.53846216202, 6.98091602325, 7.23696184158, 10.5013027191, 13.9262990952, 17.742767334, 20.8587627411, 17.144613266, 16.8751525879, 18.767326355, 12.9598350525, 10.936416626, 14.4529275894, 19.2458133698, 16.2702693939, 13.2878313065, 10.5469532013, 10.2920331955, 10.7554559708, 8.91772651672, 8.83796215057, 12.4757814407, 11.9496736526, 10.471909523, 16.9156723022, 16.8678073883, 11.0614175797, 7.95543003082, 3.55743360519, 1.58675193787, 0.647382438183, 0.815223753452, 0.156049057841, 0.0278513580561, 0.00201974296942, 7.99708504928e-05, 5.79683146498e-05],
        "stdev": [1.26647937298, 7.73258161545, 16.3468494415, 15.7773122787, 15.7937297821, 14.9278736115, 28.0968399048, 53.219783783, 73.9828567505, 83.0702209473, 67.2551956177, 63.073474884, 80.4150848389, 48.1111412048, 34.4538612366, 47.1513900757, 61.3140182495, 47.892074585, 43.3000564575, 30.9883117676, 30.403793335, 29.5540733337, 26.9956912994, 24.9777679443, 29.8203468323, 22.615436554, 18.9999637604, 24.5195274353, 27.8511886597, 16.8045463562, 16.4625244141, 14.4925699234, 6.34011793137, 1.45397424698, 0.931465685368, 0.221846580505, 0.0499863661826, 0.00509900972247, 0.000144178266055, 5.95533565502e-05]
    },
    "gfcc": {
        "mean": [-42.5586776733, 59.6873054504, -84.3152770996, 77.4172821045, -50.3048629761, 33.3154945374, -24.7968063354, 15.4090576172, -14.16365242, 14.6520929337, -15.2147006989, 7.31626176834, -6.89987707138],
        "cov": [[8027.65820312, 1085.68237305, -1127.86401367, -1059.54980469, -786.564453125, -253.630874634, -278.322662354, -183.95664978, -68.9020843506, -37.7365493774, -123.59841156, -120.757873535, -154.066986084], [1085.68237305, 2506.41040039, 253.163711548, -766.867126465, 13.6318025589, -423.630371094, -90.5808410645, -206.161331177, 54.6936302185, -270.128417969, 73.0736618042, -146.3203125, 56.1462287903], [-1127.86401367, 253.163711548, 1360.22436523, 682.972595215, 140.266998291, -112.861618042, -108.719467163, -99.7816162109, 3.90624809265, -131.413589478, -42.8528556824, -45.5761413574, 23.2028903961], [-1059.54980469, -766.867126465, 682.972595215, 986.829833984, 277.773986816, 64.3329315186, -73.7451400757, -15.9758234024, -1.65091335773, 9.17601680756, -57.1039199829, -0.53133893013, 17.3592472076], [-786.564453125, 13.6318025589, 140.266998291, 277.773986816, 494.121765137, 175.847427368, 96.9712142944, 2.77089738846, 24.2593860626, -23.0894756317, 27.1764202118, -28.2071685791, 30.2123947144], [-253.630874634, -423.630371094, -112.861618042, 64.3329315186, 175.847427368, 397.126373291, 235.108169556, 79.3439254761, -22.9703617096, 51.9387283325, 24.271894455, 12.9726696014, -7.16352987289], [-278.322662354, -90.5808410645, -108.719467163, -73.7451400757, 96.9712142944, 235.108169556, 303.008239746, 106.038635254, -13.0039358139, 4.81472492218, 32.0488777161, 10.8846321106, 5.13806629181], [-183.95664978, -206.161331177, -99.7816162109, -15.9758234024, 2.77089738846, 79.3439254761, 106.038635254, 147.700256348, 54.7692832947, 48.2593345642, 14.2726488113, 34.5493965149, 10.5097780228], [-68.9020843506, 54.6936302185, 3.90624809265, -1.65091335773, 24.2593860626, -22.9703617096, -13.0039358139, 54.7692832947, 144.546447754, 58.8196640015, 26.5660667419, -6.23603105545, 18.4579677582], [-37.7365493774, -270.128417969, -131.413589478, 9.17601680756, -23.0894756317, 51.9387283325, 4.81472492218, 48.2593345642, 58.8196640015, 140.441223145, 28.6857128143, 29.5976772308, -7.36489439011], [-123.59841156, 73.0736618042, -42.8528556824, -57.1039199829, 27.1764202118, 24.271894455, 32.0488777161, 14.2726488113, 26.5660667419, 28.6857128143, 96.0443878174, 33.2412948608, 13.5740318298], [-120.757873535, -146.3203125, -45.5761413574, -0.53133893013, -28.2071685791, 12.9726696014, 10.8846321106, 34.5493965149, -6.23603105545, 29.5976772308, 33.2412948608, 93.6642150879, 35.2568740845], [-154.066986084, 56.1462287903, 23.2028903961, 17.3592472076, 30.2123947144, -7.16352987289, 5.13806629181, 10.5097780228, 18.4579677582, -7.36489439011, 13.5740318298, 35.2568740845, 70.8432617188]],
        "icov": [[0.000243338916334, -0.000379167671781, 0.000392772402847, -0.000387995387428, 0.00056882732315, -0.000555757025722, 0.000332588737365, 6.07931251579e-05, -0.00011704647477, 4.46804951935e-05, 0.000447288446594, -0.000293895718642, 0.000559918116778], [-0.000379167671781, 0.00280534685589, -0.00178409088403, 0.0032864108216, -0.00225952314213, 0.00294853071682, -0.00133196357638, 0.0015398649266, -0.000724562734831, 0.00146415631752, -0.00218585180119, 0.0028622627724, -0.00280364206992], [0.000392772402847, -0.00178409088403, 0.00279733538628, -0.00331950513646, 0.00207023066469, -0.00171465612948, 0.00048972555669, 0.000195484477445, -0.000826659961604, 0.000999132287689, 0.00102620897815, -0.00169903796632, 0.0020127624739], [-0.000387995387428, 0.0032864108216, -0.00331950513646, 0.00636867247522, -0.00394440209493, 0.00292875105515, -0.000243969334406, 0.000806900847238, 0.000233372222283, 2.7486230465e-05, -0.000921038852539, 0.00276976102032, -0.00330536649562], [0.00056882732315, -0.00225952314213, 0.00207023066469, -0.00394440209493, 0.00597197795287, -0.00415713340044, 0.000784999981988, 0.000215422420297, -0.00121624150779, 0.00102573807817, 0.000138678704388, -0.00038091710303, 0.000846715993248], [-0.000555757025722, 0.00294853071682, -0.00171465612948, 0.00292875105515, -0.00415713340044, 0.00978598091751, -0.00613309908658, 0.00161343615036, 0.00126186443958, -0.00175135862082, -0.00193297571968, 0.00274978298694, -0.00224262103438], [0.000332588737365, -0.00133196357638, 0.00048972555669, -0.000243969334406, 0.000784999981988, -0.00613309908658, 0.0105080958456, -0.0070937378332, 0.00298915547319, 0.00118819996715, -0.00125217344612, 0.00136467325501, -8.08988988865e-05], [6.07931251579e-05, 0.0015398649266, 0.000195484477445, 0.000806900847238, 0.000215422420297, 0.00161343615036, -0.0070937378332, 0.0172855854034, -0.00896673556417, 0.00132844783366, 0.00262767984532, -0.00561723532155, 0.00143789313734], [-0.00011704647477, -0.000724562734831, -0.000826659961604, 0.000233372222283, -0.00121624150779, 0.00126186443958, 0.00298915547319, -0.00896673556417, 0.0161894541234, -0.00793534796685, -0.00342763098888, 0.00778329465538, -0.00596686545759], [4.46804951935e-05, 0.00146415631752, 0.000999132287689, 2.7486230465e-05, 0.00102573807817, -0.00175135862082, 0.00118819996715, 0.00132844783366, -0.00793534796685, 0.0159823168069, -0.00305097387172, -0.00307775358669, 0.00355035671964], [0.000447288446594, -0.00218585180119, 0.00102620897815, -0.000921038852539, 0.000138678704388, -0.00193297571968, -0.00125217344612, 0.00262767984532, -0.00342763098888, -0.00305097387172, 0.0177673008293, -0.0100059248507, 0.00419233506545], [-0.000293895718642, 0.0028622627724, -0.00169903796632, 0.00276976102032, -0.00038091710303, 0.00274978298694, 0.00136467325501, -0.00561723532155, 0.00778329465538, -0.00307775358669, -0.0100059248507, 0.0261828545481, -0.0153161864728], [0.000559918116778, -0.00280364206992, 0.0020127624739, -0.00330536649562, 0.000846715993248, -0.00224262103438, -8.08988988865e-05, 0.00143789313734, -0.00596686545759, 0.00355035671964, 0.00419233506545, -0.0153161864728, 0.0256536900997]]
    },
    "melbands": {
        "mean": [0.0082254903391, 0.00455265538767, 0.00132801651489, 0.000488209334435, 0.000368734792573, 0.000310649134917, 0.000274764490314, 0.000221832029638, 0.000135303329444, 0.00010412735719, 9.32550610742e-05, 5.38001077075e-05, 3.52185888914e-05, 3.62725513696e-05, 4.03190970246e-05, 4.20414253313e-05, 2.85334936052e-05, 2.2294891096e-05, 1.53298369696e-05, 1.29719937831e-05, 1.19255428217e-05, 1.13859041448e-05, 9.36943797569e-06, 7.0476980909e-06, 6.99106158208e-06, 7.89758541941e-06, 1.13466157927e-05, 6.73411886964e-06, 5.73902570977e-06, 8.78049286257e-06, 9.77171475824e-06, 1.12575035018e-05, 6.390866929e-06, 6.27890449323e-06, 5.22640220879e-06, 2.71408043773e-06, 1.95431744032e-06, 1.24021130432e-06, 6.19843319782e-07, 4.72690913966e-07],
        "stdev": [0.0105224801227, 0.00872860196978, 0.00273664109409, 0.00101634778548, 0.000882653170265, 0.00112943991553, 0.00112991046626, 0.00086486566579, 0.000548296782654, 0.000390507280827, 0.000407230458222, 0.00020757355378, 0.000125304373796, 0.000116281436931, 0.000135041278554, 0.000140662508784, 8.88792346814e-05, 7.685158198e-05, 4.95525237056e-05, 4.06815379392e-05, 3.62270293408e-05, 3.2554500649e-05, 2.83056724584e-05, 2.33189148275e-05, 2.04987809411e-05, 2.41742400249e-05, 2.08835608646e-05, 1.38997002068e-05, 1.27135053845e-05, 1.31490187414e-05, 1.46802995005e-05, 2.04534626391e-05, 9.4877113952e-06, 1.06376710391e-05, 9.48390697886e-06, 1.06615098048e-05, 9.05934120965e-06, 5.21099082107e-06, 2.30584464589e-06, 1.00044712781e-06]
    },
    "melbands128": {
        "mean": [0.000985067221336, 0.00890856608748, 0.0115063637495, 0.00669275643304, 0.00385040347464, 0.00264151697047, 0.00156801089179, 0.00101412693039, 0.00069237255957, 0.000435989320977, 0.000373590504751, 0.000399407144869, 0.00035797370947, 0.000335340067977, 0.000336905970471, 0.000272144388873, 0.000273294164799, 0.000279684289126, 0.000278833933407, 0.000236609193962, 0.000208013836527, 0.000156415189849, 0.000119050215289, 0.000126208818983, 0.000111512701551, 9.36305950745e-05, 9.15853670449e-05, 0.000104907616333, 8.58973289724e-05, 5.80899468332e-05, 4.43816716142e-05, 3.81912250305e-05, 3.36002813128e-05, 3.39062826242e-05, 3.49699403159e-05, 3.62370228686e-05, 3.98708143621e-05, 3.94385206164e-05, 4.00940043619e-05, 4.62933676317e-05, 4.52859458164e-05, 3.36481716658e-05, 2.79262403637e-05, 2.70482905762e-05, 2.40156768996e-05, 2.27569071285e-05, 1.83371412277e-05, 1.49581837832e-05, 1.42138487718e-05, 1.43302604556e-05, 1.24706393763e-05, 1.24983289425e-05, 1.11407744043e-05, 1.23265544971e-05, 1.22391420518e-05, 1.11744120659e-05, 1.07004925667e-05, 1.07172627395e-05, 8.39107906359e-06, 7.73540887167e-06, 7.46367595639e-06, 6.17881732978e-06, 5.80474852541e-06, 7.82034203439e-06, 7.81552171247e-06, 7.68466634327e-06, 7.8142293205e-06, 9.51623405854e-06, 1.51785598064e-05, 9.42022506933e-06, 6.81802521285e-06, 4.61455510958e-06, 6.10666393186e-06, 5.92113110542e-06, 5.22403570358e-06, 6.7686642069e-06, 1.327344944e-05, 9.05272099772e-06, 9.37437562243e-06, 7.77326295065e-06, 1.86419365491e-05, 7.88666602602e-06, 4.81715824208e-06, 9.372990462e-06, 3.88150556319e-06, 5.19842387803e-06, 8.05167201179e-06, 7.0715327638e-06, 4.89234025736e-06, 4.28003795605e-06, 2.79412665805e-06, 2.38463144342e-06, 2.17045317186e-06, 2.15438853957e-06, 1.6311815898e-06, 1.53959570071e-06, 1.11891881716e-06, 8.90627802619e-07, 6.79682329974e-07, 4.29475107921e-07, 4.06884112181e-07, 4.64258135935e-07, 5.58491876745e-07, 9.26528969103e-07, 1.7355014279e-06, 6.84138854012e-07, 3.32634726874e-07, 2.75499985491e-07, 2.3706201091e-07, 1.76909765059e-07, 1.46581044191e-07, 1.11643522871e-07, 7.76272344183e-08, 4.08314662081e-08, 2.75919784798e-08, 1.50129810805e-08, 7.86886378279e-09, 1.29364252643e-09, 1.58014462626e-10, 7.49895839869e-11, 4.80067444131e-11, 1.35089326878e-11, 8.09984544714e-12, 7.33179836288e-12, 7.16106080684e-12, 7.0855760495e-12, 7.0280738694e-12, 6.98068859661e-12],
        "stdev": [0.000897173245903, 0.0101968646049, 0.0163199901581, 0.0122649297118, 0.00953453965485, 0.00631626462564, 0.00338569073938, 0.00232976931147, 0.00176933279727, 0.00120194198098, 0.000948119268287, 0.00107672251761, 0.00115407095291, 0.0013728357153, 0.00161243241746, 0.00136648654006, 0.00143444014248, 0.00155204185285, 0.00164114870131, 0.00120899872854, 0.0011417431524, 0.000854423735291, 0.000670632172842, 0.000823409412988, 0.000547087111045, 0.00048060939298, 0.000522759102751, 0.000630833674222, 0.000468743557576, 0.000299184117466, 0.000235447791056, 0.000221309674089, 0.000161357456818, 0.000135908543598, 0.000144149438711, 0.000146217818838, 0.000185715980479, 0.000170614293893, 0.000165248304256, 0.000193508269149, 0.00019639605307, 0.000127992476337, 0.000107599880721, 0.000105386301584, 9.82404235401e-05, 9.86305094557e-05, 7.47393423808e-05, 6.22000006842e-05, 5.57625535293e-05, 4.84991105623e-05, 4.746198465e-05, 4.68028665637e-05, 4.5156411943e-05, 3.77533651772e-05, 4.50565312349e-05, 3.69965382561e-05, 3.32765375788e-05, 3.67407155863e-05, 2.96726339002e-05, 2.78346433333e-05, 2.68805542873e-05, 2.31914345932e-05, 2.11249262065e-05, 2.36563555518e-05, 2.42950227403e-05, 2.7408807e-05, 2.88137125608e-05, 2.41102661676e-05, 2.80222357105e-05, 1.9367740606e-05, 1.56084206537e-05, 1.42205217344e-05, 1.47417886183e-05, 1.62078958965e-05, 1.0149587979e-05, 1.2341160982e-05, 2.17802789848e-05, 1.34192450787e-05, 1.73378175532e-05, 1.32977311296e-05, 3.75993040507e-05, 1.47767186718e-05, 7.65800450608e-06, 1.47244927575e-05, 6.696550372e-06, 9.3799590104e-06, 1.79310718522e-05, 1.15567536341e-05, 8.86506768438e-06, 1.04261262095e-05, 1.50975829456e-05, 9.55625728238e-06, 9.72961061052e-06, 1.12719935714e-05, 8.83833581611e-06, 6.29340320302e-06, 5.13355416842e-06, 4.068776434e-06, 3.11847247758e-06, 1.08835865831e-06, 8.92532682428e-07, 1.13469081953e-06, 1.20861750474e-06, 1.29478564759e-06, 1.99269902623e-06, 8.17471686787e-07, 5.32271656084e-07, 4.49899289379e-07, 4.1427969677e-07, 3.07555922063e-07, 2.63678543888e-07, 1.97315117134e-07, 1.70754148598e-07, 1.19601921256e-07, 8.24578947345e-08, 4.86280562484e-08, 3.38123697929e-08, 1.58395039307e-08, 3.71076636085e-09, 1.31043653706e-09, 1.34825461906e-09, 2.33867231136e-10, 4.6490308131e-11, 1.33995462295e-11, 1.28315977635e-11, 1.26824739946e-11, 1.25729912592e-11, 1.25026759779e-11]
    },
    "mfcc": {
        "mean": [-689.506103516, 79.221572876, 29.5025215149, 52.4411964417, 10.0419301987, 31.2813053131, 3.51530861855, 15.1829032898, 8.49446105957, 9.35168266296, 7.44723129272, 4.79474687576, 5.03438854218],
        "cov": [[7815.91650391, 921.301452637, -889.687255859, -1014.82080078, -761.744506836, -424.712158203, -402.856750488, -344.544128418, -186.039337158, -117.487609863, -71.0872955322, 20.3664741516, -113.076644897], [921.301452637, 2763.47973633, -19.6613445282, -360.838043213, -151.971374512, -323.785247803, -170.257064819, -75.627746582, -142.999710083, -135.800262451, -89.8664779663, -24.7846832275, -40.6323051453], [-889.687255859, -19.6613445282, 1117.56323242, 564.70880127, 210.892364502, 30.1389827728, -96.6339645386, -13.8626918793, -21.8338279724, -55.4338989258, -106.38368988, -43.8206214905, -17.534992218], [-1014.82080078, -360.838043213, 564.70880127, 762.588439941, 394.294586182, 105.129920959, -58.0569839478, -4.26173782349, 13.7675457001, -8.21352767944, -64.2795639038, -70.1980361938, -3.348767519], [-761.744506836, -151.971374512, 210.892364502, 394.294586182, 436.656066895, 171.023529053, 25.2879714966, 22.3231830597, 12.1547250748, 40.2202339172, -14.6598358154, -40.2673721313, -10.3192033768], [-424.712158203, -323.785247803, 30.1389827728, 105.129920959, 171.023529053, 299.915374756, 196.199676514, 89.7919158936, 54.7836418152, 57.6946640015, 43.1421279907, -2.04711437225, -4.23784399033], [-402.856750488, -170.257064819, -96.6339645386, -58.0569839478, 25.2879714966, 196.199676514, 316.616821289, 163.153549194, 54.2015380859, 36.9681968689, 48.5533561707, 12.1295499802, -0.0748288407922], [-344.544128418, -75.627746582, -13.8626918793, -4.26173782349, 22.3231830597, 89.7919158936, 163.153549194, 172.244445801, 72.2529754639, 32.7423057556, 22.8373775482, 9.00298118591, 24.2870407104], [-186.039337158, -142.999710083, -21.8338279724, 13.7675457001, 12.1547250748, 54.7836418152, 54.2015380859, 72.2529754639, 120.068878174, 64.0400619507, 29.9610691071, 7.63985967636, 9.64465904236], [-117.487609863, -135.800262451, -55.4338989258, -8.21352767944, 40.2202339172, 57.6946640015, 36.9681968689, 32.7423057556, 64.0400619507, 115.871589661, 69.776725769, 17.3663825989, 4.04323816299], [-71.0872955322, -89.8664779663, -106.38368988, -64.2795639038, -14.6598358154, 43.1421279907, 48.5533561707, 22.8373775482, 29.9610691071, 69.776725769, 112.648536682, 44.6655540466, 12.3579301834], [20.3664741516, -24.7846832275, -43.8206214905, -70.1980361938, -40.2673721313, -2.04711437225, 12.1295499802, 9.00298118591, 7.63985967636, 17.3663825989, 44.6655540466, 83.5322952271, 35.1174087524], [-113.076644897, -40.6323051453, -17.534992218, -3.348767519, -10.3192033768, -4.23784399033, -0.0748288407922, 24.2870407104, 9.64465904236, 4.04323816299, 12.3579301834, 35.1174087524, 80.7038574219]],
        "icov": [[0.000199891394004, -2.98069371638e-05, 0.000124329453683, 7.77604946052e-05, 0.00028934731381, -0.000227855722187, 0.000332169031026, 4.63310389023e-05, 0.00016637245426, -0.000130318978336, 0.000284724257654, -0.000112236535642, 0.000298590806779], [-2.98069371638e-05, 0.000504334573634, -0.000180412796908, 0.000520024215803, -0.000512696511578, 0.000623100204393, -3.89055185224e-06, -0.000258652988123, 0.00018632436695, 0.000395053735701, -0.000135208232678, 0.000216923115659, 0.000123787191114], [0.000124329453683, -0.000180412796908, 0.0017872878816, -0.00160372594837, 0.0010208778549, -0.000805113406386, 0.00087173684733, -0.000721050251741, 0.000674364739098, -0.000421884324169, 0.00136154750362, -0.00117346411571, 0.000953891489189], [7.77604946052e-05, 0.000520024215803, -0.00160372594837, 0.00478465342894, -0.00359136937186, 0.000847406685352, 0.000395838113036, 0.000390952540329, -0.00135194358882, 0.00184041436296, -0.000883446598891, 0.00215772399679, -0.00104540982284], [0.00028934731381, -0.000512696511578, 0.0010208778549, -0.00359136937186, 0.00726191373542, -0.00421235058457, 0.00202165357769, -0.00119746872224, 0.00275798258372, -0.00363833410665, 0.00227161659859, -0.000632474897429, 0.00106971571222], [-0.000227855722187, 0.000623100204393, -0.000805113406386, 0.000847406685352, -0.00421235058457, 0.0101024620235, -0.00672669243068, 0.00262944307178, -0.0022461945191, 0.000213324194192, -0.00177331874147, 0.000889943388756, -0.000808932003565], [0.000332169031026, -3.89055185224e-06, 0.00087173684733, 0.000395838113036, 0.00202165357769, -0.00672669243068, 0.0123505638912, -0.00955026689917, 0.00313662458211, 0.000900991843082, -0.000756260880735, -0.000787121185567, 0.00349839427508], [4.63310389023e-05, -0.000258652988123, -0.000721050251741, 0.000390952540329, -0.00119746872224, 0.00262944307178, -0.00955026689917, 0.0172765273601, -0.00770627614111, 0.000630333495792, 0.000503836548887, 0.00137001299299, -0.00521277543157], [0.00016637245426, 0.00018632436695, 0.000674364739098, -0.00135194358882, 0.00275798258372, -0.0022461945191, 0.00313662458211, -0.00770627614111, 0.0171890687197, -0.00919280666858, 0.0028706593439, -0.000868366507348, 0.00131871190388], [-0.000130318978336, 0.000395053735701, -0.000421884324169, 0.00184041436296, -0.00363833410665, 0.000213324194192, 0.000900991843082, 0.000630333495792, -0.00919280666858, 0.0215376149863, -0.0119772907346, 0.00218455144204, 0.000261172302999], [0.000284724257654, -0.000135208232678, 0.00136154750362, -0.000883446598891, 0.00227161659859, -0.00177331874147, -0.000756260880735, 0.000503836548887, 0.0028706593439, -0.0119772907346, 0.0208097659051, -0.00852519273758, 0.00141515675932], [-0.000112236535642, 0.000216923115659, -0.00117346411571, 0.00215772399679, -0.000632474897429, 0.000889943388756, -0.000787121185567, 0.00137001299299, -0.000868366507348, 0.00218455144204, -0.00852519273758, 0.020634168759, -0.00833960343152], [0.000298590806779, 0.000123787191114, 0.000953891489189, -0.00104540982284, 0.00106971571222, -0.000808932003565, 0.00349839427508, -0.00521277543157, 0.00131871190388, 0.000261172302999, 0.00141515675932, -0.00833960343152, 0.0179433375597]]
    },
    "spectral_contrast_coeffs": {
        "mean": [-0.739701807499, -0.787621796131, -0.821800887585, -0.825939297676, -0.818602144718, -0.72723120451],
        "stdev": [0.0845133438706, 0.111426368356, 0.0771518200636, 0.0580785386264, 0.0341008491814, 0.0383277982473]
    },
    "spectral_contrast_valleys": {
        "mean": [-6.91559171677, -7.79381752014, -8.3297662735, -8.23707675934, -7.73101949692, -10.0852651596],
        "stdev": [1.11408293247, 1.20425009727, 1.24921369553, 1.09083557129, 0.893096923828, 0.934777796268]
    }
},
"rhythm": {
    "beats_count": 369,
    "beats_loudness": {
        "mean": 0.065494120121,
        "stdev": 0.055897153914
    },
    "bpm": 98.8630981445,
    "bpm_histogram_first_peak_bpm": 99,
    "bpm_histogram_first_peak_weight": 0.0410959124565,
    "bpm_histogram_second_peak_bpm": 92,
    "bpm_histogram_second_peak_spread": 0,
    "bpm_histogram_second_peak_weight": 0.00815217383206,
    "danceability": 1.66855835915,
    "onset_rate": 5.47992372513,
    "beats_loudness_band_ratio": {
        "mean": [0.586489379406, 0.0946026742458, 0.0715980827808, 0.0466476418078, 0.0535910688341, 0.162648916245],
        "stdev": [0.243699505925, 0.100203052163, 0.11492843926, 0.0869172587991, 0.0597363300622, 0.12565612793]
    },
    "beats_position": [0.626938760281, 1.27709746361, 1.92725622654, 2.57741498947, 3.20435357094, 3.8196823597, 4.43501138687, 5.0387301445, 5.64244890213, 6.24616765976, 6.84988641739, 7.45360517502, 8.06893444061, 8.68426322937, 9.287981987, 9.89170074463, 10.4954195023, 11.110748291, 11.7260770798, 12.3181858063, 12.933514595, 13.5372333527, 14.1409521103, 14.7446708679, 15.3483896255, 15.9637184143, 16.5790481567, 17.1711559296, 17.786485672, 18.390203476, 18.9939231873, 19.5976409912, 20.2013607025, 20.8166885376, 21.43201828, 22.035736084, 22.6394557953, 23.2431735992, 23.8468933105, 24.4506111145, 25.0543308258, 25.6696586609, 26.2849884033, 26.8887062073, 27.4924259186, 28.0961437225, 28.6998634338, 29.3035831451, 29.9073009491, 30.5226306915, 31.1379585266, 31.7416782379, 32.3453979492, 32.960723877, 33.5644454956, 34.1681632996, 34.7718811035, 35.3872108459, 35.9909286499, 36.5946464539, 37.1983680725, 37.8136940002, 38.4290237427, 39.0327415466, 39.6364631653, 40.2401809692, 40.8438987732, 41.4476165771, 42.0513381958, 42.6666641235, 43.281993866, 43.8857116699, 44.4894332886, 45.0931510925, 45.6968688965, 46.3005905151, 46.9043083191, 47.5196380615, 48.1349639893, 48.7386856079, 49.3424034119, 49.9461212158, 50.5498390198, 51.1535606384, 51.7804985046, 52.3842163086, 52.9879341125, 53.5916557312, 54.1953735352, 54.8107032776, 55.4144210815, 56.0181388855, 56.6334686279, 57.2371864319, 57.8409042358, 58.4446258545, 59.0483436584, 59.6636734009, 60.2789993286, 60.8827209473, 61.4864387512, 62.0901565552, 62.6938781738, 63.2975959778, 63.9013137817, 64.5282516479, 65.1319732666, 65.7356872559, 66.3394088745, 66.9431304932, 67.5468444824, 68.1505661011, 68.7542877197, 69.3696136475, 69.9849395752, 70.5886611938, 71.1923828125, 71.7960968018, 72.4114303589, 73.0035324097, 73.6072540283, 74.2341918945, 74.8379135132, 75.4416275024, 76.0453491211, 76.6606826782, 77.276008606, 77.8797302246, 78.4834442139, 79.0871658325, 79.6908798218, 80.2946014404, 80.8983230591, 81.5020370483, 82.105758667, 82.7094802856, 83.3248062134, 83.9401321411, 84.5438537598, 85.1475753784, 85.7512893677, 86.3666229248, 86.9819488525, 87.5740585327, 88.177772522, 88.7814941406, 89.3968200684, 90.000541687, 90.6042633057, 91.2079772949, 91.8233108521, 92.4154205322, 93.0191345215, 93.6344680786, 94.2497940063, 94.853515625, 95.4572296143, 96.0609512329, 96.6762771606, 97.2799987793, 97.895324707, 98.4990463257, 99.1027679443, 99.7064819336, 100.321815491, 100.937141418, 101.540863037, 102.144577026, 102.748298645, 103.352012634, 103.955734253, 104.559455872, 105.174781799, 105.790107727, 106.393829346, 106.997550964, 107.601264954, 108.204986572, 108.808708191, 109.41242218, 110.027755737, 110.643081665, 111.246803284, 111.850517273, 112.454238892, 113.05796051, 113.673286438, 114.277008057, 114.880722046, 115.496055603, 116.099769592, 116.703491211, 117.3072052, 117.922538757, 118.537864685, 119.141586304, 119.745300293, 120.349021912, 120.95274353, 121.55645752, 122.160179138, 122.775505066, 123.390838623, 123.994552612, 124.598274231, 125.20199585, 125.805709839, 126.409431458, 127.013153076, 127.628479004, 128.243804932, 128.847518921, 129.451248169, 130.054962158, 130.670288086, 131.274017334, 131.866119385, 132.481445312, 133.09677124, 133.700500488, 134.304214478, 134.907928467, 135.511657715, 136.115371704, 136.719085693, 137.334411621, 137.949752808, 138.553466797, 139.157180786, 139.772521973, 140.3878479, 140.99156189, 141.595275879, 142.199005127, 142.802719116, 143.406433105, 144.010162354, 144.613876343, 145.217590332, 145.82131958, 146.436645508, 147.051971436, 147.655685425, 148.259414673, 148.874740601, 149.490066528, 150.093780518, 150.697509766, 151.301223755, 151.904937744, 152.508651733, 153.112380981, 153.716094971, 154.331420898, 154.946762085, 155.550476074, 156.154190063, 156.757904053, 157.361633301, 157.96534729, 158.569061279, 159.184402466, 159.788116455, 160.403442383, 161.007156372, 161.622497559, 162.237823486, 162.841537476, 163.445251465, 164.048980713, 164.652694702, 165.256408691, 165.860137939, 166.463851929, 167.067565918, 167.671295166, 168.286621094, 168.901947021, 169.505661011, 170.109390259, 170.713104248, 171.328430176, 171.932144165, 172.524261475, 173.151199341, 173.75491333, 174.358642578, 174.962356567, 175.566070557, 176.181396484, 176.796737671, 177.40045166, 178.004165649, 178.607894897, 179.211608887, 179.815322876, 180.419036865, 181.034378052, 181.649703979, 182.253417969, 182.857131958, 183.460861206, 184.064575195, 184.668289185, 185.272018433, 185.88734436, 186.502670288, 187.106384277, 187.710113525, 188.313827515, 188.917541504, 189.521270752, 190.124984741, 190.740310669, 191.355636597, 191.959365845, 192.563079834, 193.166793823, 193.770523071, 194.374237061, 194.989562988, 195.604888916, 196.208618164, 196.812332153, 197.416046143, 198.042984009, 198.646713257, 199.250427246, 199.854141235, 200.469467163, 201.073196411, 201.665298462, 202.26902771, 202.895965576, 203.499679565, 204.103393555, 204.707122803, 205.310836792, 205.914550781, 206.518280029, 207.121994019, 207.737319946, 208.352645874, 208.956375122, 209.560089111, 210.163803101, 210.76751709, 211.371246338, 211.974960327, 212.590286255, 213.205612183, 213.809341431, 214.41305542, 215.016769409, 215.620498657, 216.224212646, 216.827926636, 217.443267822, 218.05859375, 218.662307739, 219.266021729, 219.869750977, 220.473464966, 221.077178955, 221.692520142, 222.307846069, 222.911560059, 223.515274048, 224.119003296],
    "bpm_histogram": [0, 0, 0, 0, 0, 0, 0, 0, 0, 0, 0, 0, 0, 0, 0, 0, 0, 0, 0, 0, 0, 0, 0, 0, 0, 0, 0, 0, 0, 0, 0, 0, 0, 0, 0, 0, 0, 0, 0, 0, 0, 0, 0, 0, 0, 0, 0, 0, 0, 0, 0, 0, 0, 0, 0, 0, 0, 0, 0, 0, 0, 0, 0, 0, 0, 0, 0, 0, 0, 0, 0, 0, 0, 0, 0, 0, 0, 0, 0, 0, 0, 0, 0, 0, 0, 0, 0, 0, 0, 0, 0, 0, 0.00815217383206, 0, 0, 0, 0.0190217383206, 0, 0.260869562626, 0.690217375755, 0, 0.0217391308397, 0, 0, 0, 0, 0, 0, 0, 0, 0, 0, 0, 0, 0, 0, 0, 0, 0, 0, 0, 0, 0, 0, 0, 0, 0, 0, 0, 0, 0, 0, 0, 0, 0, 0, 0, 0, 0, 0, 0, 0, 0, 0, 0, 0, 0, 0, 0, 0, 0, 0, 0, 0, 0, 0, 0, 0, 0, 0, 0, 0, 0, 0, 0, 0, 0, 0, 0, 0, 0, 0, 0, 0, 0, 0, 0, 0, 0, 0, 0, 0, 0, 0, 0, 0, 0, 0, 0, 0, 0, 0, 0, 0, 0, 0, 0, 0, 0, 0, 0, 0, 0, 0, 0, 0, 0, 0, 0, 0, 0, 0, 0, 0, 0, 0, 0, 0, 0, 0, 0, 0, 0, 0, 0, 0, 0, 0, 0, 0, 0, 0, 0, 0, 0, 0, 0, 0, 0, 0, 0, 0, 0, 0, 0, 0, 0, 0, 0, 0]
},
"tonal": {
    "chords_changes_rate": 0.135084822774,
    "chords_number_rate": 0.00227554817684,
    "chords_strength": {
        "mean": 0.490763515234,
        "stdev": 0.0947528406978
    },
    "hpcp_crest": {
        "mean": 10.924829483,
        "stdev": 5.4686422348
    },
    "hpcp_entropy": {
        "mean": 2.60604500771,
        "stdev": 0.8293440938
    },
    "key_edma": {
        "strength": 0.453231155872,
        "key": "C",
        "scale": "minor"
    },
    "key_krumhansl": {
        "strength": 0.454862117767,
        "key": "C",
        "scale": "minor"
    },
    "key_temperley": {
        "strength": 0.459227353334,
        "key": "C",
        "scale": "minor"
    },
    "tuning_diatonic_strength": 0.442881554365,
    "tuning_equal_tempered_deviation": 0.223087713122,
    "tuning_frequency": 434.193115234,
    "tuning_nontempered_energy_ratio": 0.905526697636,
    "hpcp": {
        "mean": [0.169384762645, 0.122623153031, 0.091047719121, 0.0786817148328, 0.0787035152316, 0.0711107254028, 0.0629412904382, 0.064213886857, 0.0677301958203, 0.0785690099001, 0.0843061134219, 0.0688880383968, 0.0556603260338, 0.053121317178, 0.0491347014904, 0.0447622053325, 0.0450571887195, 0.0490703471005, 0.0526437163353, 0.0601659230888, 0.0638808459044, 0.0577344335616, 0.0616736896336, 0.0697270855308, 0.0864809378982, 0.102001786232, 0.0848821476102, 0.0739512294531, 0.0794269517064, 0.0955902263522, 0.193681716919, 0.320917159319, 0.295942693949, 0.21305590868, 0.193338185549, 0.191732555628],
        "stdev": [0.304340213537, 0.262777924538, 0.224351301789, 0.198681309819, 0.19441139698, 0.183172047138, 0.178078457713, 0.177983522415, 0.18486918509, 0.186869397759, 0.198165923357, 0.167821735144, 0.152931630611, 0.149580344558, 0.140591487288, 0.132494449615, 0.132862046361, 0.140797734261, 0.143772214651, 0.161558017135, 0.163030713797, 0.151590973139, 0.16952124238, 0.181395858526, 0.196429058909, 0.217841461301, 0.191110253334, 0.182154968381, 0.194056272507, 0.214139685035, 0.298959165812, 0.393381983042, 0.361107885838, 0.324499130249, 0.314972877502, 0.321414381266]
    },
    "chords_histogram": [6.80595779419, 0.661977648735, 1.44807612896, 0, 0.20686802268, 1.15846085548, 0.641290843487, 28.5270996094, 13.5705423355, 2.06868028641, 0, 0.434422850609, 0, 0, 4.96483230591, 3.26851463318, 0.434422850609, 0, 0, 0, 0, 11.9155979156, 20.7281761169, 3.16508078575],
    "thpcp": [1, 0.9221778512, 0.663896918297, 0.60245513916, 0.597451865673, 0.527814626694, 0.382102191448, 0.283710986376, 0.245177656412, 0.245245575905, 0.221585929394, 0.196129396558, 0.200094893575, 0.211051955819, 0.244826450944, 0.26270365715, 0.214659884572, 0.173441410065, 0.165529683232, 0.153107121587, 0.13948212564, 0.140401303768, 0.152906581759, 0.164041444659, 0.187481164932, 0.199057117105, 0.179904475808, 0.192179471254, 0.217274412513, 0.26948055625, 0.317844599485, 0.264498621225, 0.230437129736, 0.247499853373, 0.297865748405, 0.603525578976],
    "chords_key": "C",
    "chords_scale": "major"
}
}