{
"metadata": {
    "version": {
        "essentia": "2.1-dev",
        "essentia_git_sha": "v2.1_beta3-415-gd5473f3",
        "extractor": "music 2.0"
    },
    "audio_properties": {
        "analysis": {
            "equal_loudness": 0,
            "length": 171.728973389,
            "sample_rate": 44100,
            "start_time": 0,
            "downmix": "mix"
        },
        "bit_rate": 192000,
        "length": 171.728973389,
        "lossless": 0,
        "number_channels": 2,
        "replay_gain": -11.3836364746,
        "sample_rate": 44100,
        "codec": "mp3",
        "md5_encoded": "d904c82d359b2e6cac0ff2e49d30e931"
    },
    "tags": {
        "file_name": "fabolous-now_ride.mp3",
        "album": ["Honey"],
        "artist": ["Honey Original Soundtrack"],
        "genre": ["Soundtrack"],
        "title": ["Now Ride\/ Fabolous"]
    }
},
"lowlevel": {
    "average_loudness": 0.912452995777,
    "barkbands_crest": {
        "mean": 10.5713472366,
        "stdev": 4.97112560272
    },
    "barkbands_flatness_db": {
        "mean": 0.141352698207,
        "stdev": 0.0748899877071
    },
    "barkbands_kurtosis": {
        "mean": 24.2241153717,
        "stdev": 463.280548096
    },
    "barkbands_skewness": {
        "mean": 2.06424260139,
        "stdev": 3.82745075226
    },
    "barkbands_spread": {
        "mean": 24.3031864166,
        "stdev": 19.9605712891
    },
    "dissonance": {
        "mean": 0.461542606354,
        "stdev": 0.0437036976218
    },
    "dynamic_complexity": 5.89307641983,
    "erbbands_crest": {
        "mean": 9.23987770081,
        "stdev": 4.9190196991
    },
    "erbbands_flatness_db": {
        "mean": 0.149572625756,
        "stdev": 0.0513546280563
    },
    "erbbands_kurtosis": {
        "mean": 1.35212302208,
        "stdev": 4.37890481949
    },
    "erbbands_skewness": {
        "mean": 0.385770171881,
        "stdev": 1.09426486492
    },
    "erbbands_spread": {
        "mean": 41.8432998657,
        "stdev": 22.9532928467
    },
    "hfc": {
        "mean": 18.5170383453,
        "stdev": 21.5528964996
    },
    "loudness_ebu128": {
        "integrated": -13.0097303391,
        "loudness_range": 5.18087387085,
        "momentary": {
            "mean": -16.6162986755,
            "stdev": 12.2624950409
        },
        "short_term": {
            "mean": -15.2267208099,
            "stdev": 8.17222690582
        }
    },
    "melbands_crest": {
        "mean": 16.2427768707,
        "stdev": 6.83689212799
    },
    "melbands_flatness_db": {
        "mean": 0.206719070673,
        "stdev": 0.0977276265621
    },
    "melbands_kurtosis": {
        "mean": 50.1170578003,
        "stdev": 742.422119141
    },
    "melbands_skewness": {
        "mean": 3.45431303978,
        "stdev": 5.06682014465
    },
    "melbands_spread": {
        "mean": 27.679359436,
        "stdev": 33.3298034668
    },
    "pitch_salience": {
        "mean": 0.556810796261,
        "stdev": 0.155203476548
    },
    "silence_rate_20dB": {
        "mean": 1,
        "stdev": 0
    },
    "silence_rate_30dB": {
        "mean": 0.983642041683,
        "stdev": 0.126846313477
    },
    "silence_rate_60dB": {
        "mean": 0.203731238842,
        "stdev": 0.402766913176
    },
    "spectral_centroid": {
        "mean": 1551.39489746,
        "stdev": 1115.53344727
    },
    "spectral_complexity": {
        "mean": 14.0771932602,
        "stdev": 12.9042310715
    },
    "spectral_decrease": {
        "mean": -5.93484106304e-09,
        "stdev": 7.0077086356e-09
    },
    "spectral_energy": {
        "mean": 0.0240790247917,
        "stdev": 0.0273647382855
    },
    "spectral_energyband_high": {
        "mean": 0.00100574665703,
        "stdev": 0.00181256223004
    },
    "spectral_energyband_low": {
        "mean": 0.0093558235094,
        "stdev": 0.0207377653569
    },
    "spectral_energyband_middle_high": {
        "mean": 0.00383315072395,
        "stdev": 0.00582167692482
    },
    "spectral_energyband_middle_low": {
        "mean": 0.0106447990984,
        "stdev": 0.0142658250406
    },
    "spectral_entropy": {
        "mean": 7.68679380417,
        "stdev": 0.586120784283
    },
    "spectral_flux": {
        "mean": 0.0889636203647,
        "stdev": 0.0613788515329
    },
    "spectral_kurtosis": {
        "mean": 4.39604330063,
        "stdev": 3.40270853043
    },
    "spectral_rms": {
        "mean": 0.00407522544265,
        "stdev": 0.00262378924526
    },
    "spectral_rolloff": {
        "mean": 2110.85131836,
        "stdev": 2864.80078125
    },
    "spectral_skewness": {
        "mean": 1.53623127937,
        "stdev": 0.564324438572
    },
    "spectral_spread": {
        "mean": 5206027,
        "stdev": 2893946
    },
    "spectral_strongpeak": {
        "mean": 0.740314185619,
        "stdev": 0.978743612766
    },
    "zerocrossingrate": {
        "mean": 0.075908690691,
        "stdev": 0.0737619772553
    },
    "barkbands": {
        "mean": [0.000489609781653, 0.00489764008671, 0.00331517006271, 0.00147221877705, 0.00171138113365, 0.00256680860184, 0.0014184275642, 0.00227648206055, 0.000989188672975, 0.000682242971379, 0.000510439858772, 0.000615896657109, 0.000480744551169, 0.000302359840134, 0.000280168576865, 0.000240815264988, 0.00025578433997, 0.000243610338657, 0.000206244163564, 0.000263175781583, 0.000192967316252, 0.000161922886036, 0.000179645605385, 0.000114020709589, 0.000106420200609, 0.000104164602817, 1.43198917613e-06],
        "stdev": [0.00215796451084, 0.0121813733131, 0.00972576625645, 0.0034910698887, 0.00404938310385, 0.00584582053125, 0.00450885249302, 0.00658602826297, 0.0031176880002, 0.00213857111521, 0.0017352210125, 0.0015704423422, 0.00147128349636, 0.000740223913454, 0.000578215811402, 0.000442830234533, 0.00044731827802, 0.000427149119787, 0.000417541683419, 0.000458644179162, 0.000394693168346, 0.000332171010086, 0.000395068753278, 0.000273594807368, 0.00024282670347, 0.000286093883915, 4.65331277155e-06]
    },
    "erbbands": {
        "mean": [0.166257157922, 1.00610554218, 3.81968379021, 4.22168493271, 6.30069494247, 4.96710014343, 7.33046007156, 26.6744728088, 20.2775878906, 41.7384033203, 35.2636680603, 22.885679245, 23.7042579651, 21.8275470734, 21.5753364563, 25.4467487335, 22.8495292664, 16.0463428497, 14.3968715668, 15.0166683197, 13.9928359985, 14.4954719543, 13.2092485428, 12.5443372726, 9.92277145386, 12.6454391479, 9.11802005768, 7.22374153137, 6.15936565399, 4.4818110466, 5.26063966751, 3.20062375069, 1.61511433125, 0.970684528351, 0.8453733325, 0.592974662781, 0.167204543948, 0.0143009582534, 0.000314492615871, 4.28100793215e-05],
        "stdev": [0.495846748352, 2.5130200386, 10.7644281387, 10.0457134247, 13.9808597565, 13.6580610275, 19.1619338989, 63.6163406372, 65.4478530884, 115.652229309, 100.16758728, 71.4068374634, 74.2748336792, 70.5326766968, 59.0093002319, 60.7603034973, 65.9194488525, 40.8312568665, 32.335144043, 27.0523071289, 25.4849853516, 23.9462471008, 20.7377624512, 27.5127239227, 18.1021156311, 22.2967033386, 18.4332237244, 14.7289419174, 12.7778263092, 9.42608070374, 12.125328064, 7.51730680466, 3.84951853752, 2.11296653748, 2.03842401505, 1.66254854202, 0.471810042858, 0.0364439673722, 0.000766741461121, 5.0183487474e-05]
    },
    "gfcc": {
        "mean": [-67.1632766724, 71.2103805542, -105.569007874, 34.9632492065, -55.2552185059, 16.500038147, -32.9215393066, 15.7704935074, -26.9251613617, 3.62642264366, -18.7910785675, 1.490473032, -18.8467063904],
        "cov": [[33484.4375, 709.734741211, -1577.56738281, -332.272949219, -1505.04296875, -320.243743896, -1200.82495117, -24.497833252, -422.921783447, 473.384490967, -319.52041626, 348.626037598, -269.76965332], [709.734741211, 2157.85961914, 47.1355438232, -82.2564544678, 108.072555542, -372.602966309, 106.547401428, 35.1858634949, 144.136047363, -206.448852539, 153.838638306, -106.528640747, 74.4450912476], [-1577.56738281, 47.1355438232, 989.260437012, 349.357086182, 172.184494019, 25.0262756348, 76.3537902832, 18.3441143036, 48.2763938904, -69.9917373657, 38.5118522644, 21.7136878967, 31.9845371246], [-332.272949219, -82.2564544678, 349.357086182, 848.103637695, 330.543884277, 146.726776123, 68.2833023071, -11.5183362961, 61.2467918396, -32.5506820679, -38.0146369934, -8.24257659912, 96.0133209229], [-1505.04296875, 108.072555542, 172.184494019, 330.543884277, 478.41192627, 224.644973755, 185.390014648, 25.4293670654, 72.4647293091, -31.0617160797, -17.57853508, -21.4881858826, 73.3732757568], [-320.243743896, -372.602966309, 25.0262756348, 146.726776123, 224.644973755, 458.17956543, 209.031570435, 43.8938560486, -42.4911117554, 30.2905807495, -50.9214057922, -5.82058620453, -12.0499744415], [-1200.82495117, 106.547401428, 76.3537902832, 68.2833023071, 185.390014648, 209.031570435, 343.894775391, 107.032958984, 28.5236816406, -54.3463783264, 6.0613451004, -27.6563949585, -1.34442603588], [-24.497833252, 35.1858634949, 18.3441143036, -11.5183362961, 25.4293670654, 43.8938560486, 107.032958984, 160.672744751, 53.4458312988, 7.57302618027, -8.26788806915, -12.9799060822, -22.7492923737], [-422.921783447, 144.136047363, 48.2763938904, 61.2467918396, 72.4647293091, -42.4911117554, 28.5236816406, 53.4458312988, 160.565505981, 33.6445541382, 22.7796363831, -25.3716068268, 28.3561687469], [473.384490967, -206.448852539, -69.9917373657, -32.5506820679, -31.0617160797, 30.2905807495, -54.3463783264, 7.57302618027, 33.6445541382, 138.861419678, 14.1930160522, 4.65446043015, -13.9859733582], [-319.52041626, 153.838638306, 38.5118522644, -38.0146369934, -17.57853508, -50.9214057922, 6.0613451004, -8.26788806915, 22.7796363831, 14.1930160522, 116.662239075, 9.80509662628, 5.67710542679], [348.626037598, -106.528640747, 21.7136878967, -8.24257659912, -21.4881858826, -5.82058620453, -27.6563949585, -12.9799060822, -25.3716068268, 4.65446043015, 9.80509662628, 113.137702942, 24.022441864], [-269.76965332, 74.4450912476, 31.9845371246, 96.0133209229, 73.3732757568, -12.0499744415, -1.34442603588, -22.7492923737, 28.3561687469, -13.9859733582, 5.67710542679, 24.022441864, 98.8347854614]],
        "icov": [[6.65745828883e-05, -0.000166594152688, 6.76089548506e-05, -0.000132810615469, 0.000264508562395, -0.000206798489671, 0.000228184042498, -0.000125810911413, 0.00012820881966, -0.000307162903482, 0.000297255726764, -0.000319342798321, 0.000147198341438], [-0.000166594152688, 0.00131735485047, -5.57117346034e-05, 0.000500742113218, -0.001127025811, 0.00131368136499, -0.000788519741036, 0.000122015197121, -0.000627669156529, 0.00197024154477, -0.00177191826515, 0.00156027509365, -0.000719764910173], [6.76089548506e-05, -5.57117346034e-05, 0.00139202736318, -0.000644505955279, 4.9648417189e-05, -7.34011482564e-05, 0.000234755934798, -0.000273802870652, -0.000212002996705, 0.000557768042199, -0.000464899436338, -0.000708330830093, 0.000635112402961], [-0.000132810615469, 0.000500742113218, -0.000644505955279, 0.00225714640692, -0.00155727996025, 0.000210164056625, -3.40844817401e-05, 0.000334190786816, -0.000563720415812, 0.000956472300459, -0.000220421527047, 0.00106779730413, -0.00141542847268], [0.000264508562395, -0.001127025811, 4.9648417189e-05, -0.00155727996025, 0.00611151196063, -0.00317163253203, -8.29617056297e-05, 0.000485442375066, -0.00150328455493, -0.000825902388897, 0.00181454338599, -0.00116053596139, -0.00125324667897], [-0.000206798489671, 0.00131368136499, -7.34011482564e-05, 0.000210164056625, -0.00317163253203, 0.00685436697677, -0.00416482705623, 0.000474487547763, 0.00258408626541, -0.00185801566113, 0.000161923788255, 0.00129377213307, 0.000180374496267], [0.000228184042498, -0.000788519741036, 0.000234755934798, -3.40844817401e-05, -8.29617056297e-05, -0.00416482705623, 0.00824603717774, -0.00414610188454, -0.000491053797305, 0.00282174092717, -0.00121687899809, -0.000431331223808, 0.000600478437264], [-0.000125810911413, 0.000122015197121, -0.000273802870652, 0.000334190786816, 0.000485442375066, 0.000474487547763, -0.00414610188454, 0.0105532472953, -0.0040400926955, -0.000561166612897, 0.00172783480957, -0.000679628225043, 0.00254446314648], [0.00012820881966, -0.000627669156529, -0.000212002996705, -0.000563720415812, -0.00150328455493, 0.00258408626541, -0.000491053797305, -0.0040400926955, 0.0122086014599, -0.00578811904415, 8.26298128231e-06, 0.00185565196443, -0.00283986027353], [-0.000307162903482, 0.00197024154477, 0.000557768042199, 0.000956472300459, -0.000825902388897, -0.00185801566113, 0.00282174092717, -0.000561166612897, -0.00578811904415, 0.0149863194674, -0.00528548238799, 0.00155982025899, 0.000569518306293], [0.000297255726764, -0.00177191826515, -0.000464899436338, -0.000220421527047, 0.00181454338599, 0.000161923788255, -0.00121687899809, 0.00172783480957, 8.26298128231e-06, -0.00528548238799, 0.0132159264758, -0.00336909317411, 0.000873843149748], [-0.000319342798321, 0.00156027509365, -0.000708330830093, 0.00106779730413, -0.00116053596139, 0.00129377213307, -0.000431331223808, -0.000679628225043, 0.00185565196443, 0.00155982025899, -0.00336909317411, 0.0129289189354, -0.00525858113542], [0.000147198341438, -0.000719764910173, 0.000635112402961, -0.00141542847268, -0.00125324667897, 0.000180374496267, 0.000600478437264, 0.00254446314648, -0.00283986027353, 0.000569518306293, 0.000873843149748, -0.00525858113542, 0.0159008298069]]
    },
    "melbands": {
        "mean": [0.0013682822464, 0.00177425774746, 0.000828769349027, 0.000420769152697, 0.0002421981917, 0.000566059316043, 0.000307103269733, 0.000502646958921, 0.000244934402872, 0.000146001024405, 0.000117886498629, 8.80736406543e-05, 6.99736992829e-05, 6.81639576214e-05, 6.24494423391e-05, 4.33810964751e-05, 2.82243145193e-05, 2.33628852584e-05, 2.17531323869e-05, 1.69793038367e-05, 1.64620305441e-05, 1.47481287058e-05, 1.40384818224e-05, 1.08550584628e-05, 1.02233216239e-05, 7.09513142283e-06, 7.74191175879e-06, 8.52898938319e-06, 6.28872203379e-06, 4.12939607486e-06, 4.19133175455e-06, 3.78056984118e-06, 2.57208239418e-06, 2.45049454861e-06, 2.90329398922e-06, 2.89150261779e-06, 1.7113039803e-06, 1.18953948913e-06, 8.57793338582e-07, 7.91913805642e-07],
        "stdev": [0.00367699679919, 0.00462948204949, 0.00177726184484, 0.00102453341242, 0.000589525909163, 0.0013201670954, 0.000957272481173, 0.0013984296238, 0.000699169409927, 0.000481441966258, 0.000375609786715, 0.000289260206046, 0.000205663964152, 0.000171374442289, 0.000181888302905, 0.000136234040838, 7.28844970581e-05, 5.75287340325e-05, 4.49732833658e-05, 3.07015034196e-05, 3.17931626341e-05, 2.66129663942e-05, 2.37445801758e-05, 1.97116751224e-05, 2.37326094066e-05, 1.39087287607e-05, 1.41970531331e-05, 1.57512949954e-05, 1.34830115712e-05, 8.08565073385e-06, 8.88445811142e-06, 8.03673719929e-06, 5.48639627596e-06, 5.34288574272e-06, 7.01178123563e-06, 6.82585096001e-06, 4.12187773691e-06, 3.02662465401e-06, 1.88448791505e-06, 1.77509537025e-06]
    },
    "melbands128": {
        "mean": [0.00040774687659, 0.00149648683146, 0.00145669304766, 0.00171297520865, 0.00213991757482, 0.00140521652065, 0.000816737068817, 0.000736586167477, 0.000682888843585, 0.000453512417153, 0.000258715183008, 0.000170570478076, 0.000182879113709, 0.000343455554685, 0.000689450011123, 0.000650728354231, 0.000358089630026, 0.000229281402426, 0.000225005744142, 0.000502073031384, 0.000707704282831, 0.000413750793086, 0.00015551452816, 0.000102666686871, 0.000135674024932, 0.000172896208824, 0.000146934689838, 0.000104058206489, 0.00010238437244, 9.39415695029e-05, 8.67711642059e-05, 7.05734637449e-05, 6.73636823194e-05, 7.03713958501e-05, 6.74463590258e-05, 6.83619291522e-05, 6.91279929015e-05, 6.6978202085e-05, 5.24778370163e-05, 5.26263429492e-05, 3.99112577725e-05, 3.55349111487e-05, 2.54859951383e-05, 2.4879234843e-05, 3.10885770887e-05, 1.92064271687e-05, 2.06265449378e-05, 2.15904456127e-05, 2.32872862398e-05, 2.08971760003e-05, 1.46852371472e-05, 1.42166336445e-05, 1.83247775567e-05, 1.58552848006e-05, 1.56513870024e-05, 1.41147756949e-05, 1.46515640154e-05, 1.55846501002e-05, 1.40929714689e-05, 1.06471734398e-05, 9.50336198002e-06, 1.22973578982e-05, 1.1340389392e-05, 9.52421669353e-06, 8.83508619154e-06, 6.58938142806e-06, 6.44569763608e-06, 6.81022584104e-06, 7.95135747467e-06, 8.92274965736e-06, 9.13839721761e-06, 8.38590585772e-06, 6.75451565257e-06, 6.62610500513e-06, 4.53145412393e-06, 4.04030242862e-06, 3.79260086447e-06, 4.39225050286e-06, 4.22129642175e-06, 3.99662258133e-06, 4.35619131167e-06, 3.43996657648e-06, 2.96324310511e-06, 2.39931910073e-06, 2.41709221882e-06, 2.31447575061e-06, 2.5281303806e-06, 2.51463416134e-06, 2.47810021392e-06, 3.40800238519e-06, 4.26252245234e-06, 2.23783490583e-06, 1.66088420883e-06, 1.84718885521e-06, 1.64608900377e-06, 1.34306083055e-06, 1.10578696422e-06, 9.37574782256e-07, 8.65949687068e-07, 7.81567621289e-07, 8.48981528634e-07, 8.06607829418e-07, 7.27848487259e-07, 6.93037634392e-07, 7.04450883404e-07, 8.59017461607e-07, 2.10457324101e-06, 1.86666602531e-06, 8.71082193044e-07, 4.38137874426e-07, 4.07627339882e-07, 6.98209646544e-07, 7.62541560562e-07, 3.16460415206e-07, 1.72936239551e-07, 1.39117574349e-07, 6.00341678592e-08, 2.47859649471e-10, 3.42562957167e-12, 3.27731765337e-12, 3.17387414094e-12, 3.08982548748e-12, 3.01431882926e-12, 2.95279794539e-12, 2.90504187546e-12, 2.8693701061e-12, 2.84365651686e-12, 2.82334355547e-12],
        "stdev": [0.00147097255103, 0.00472882064059, 0.00452329963446, 0.00433585373685, 0.00608298694715, 0.00413980009034, 0.0021709294524, 0.00172009656671, 0.00164839962963, 0.00147766817827, 0.000924736261368, 0.000543811707757, 0.000687895808369, 0.00113398034591, 0.00177619350143, 0.00199111900292, 0.00140973855741, 0.0012602948118, 0.000978505588137, 0.00167019839864, 0.00243537663482, 0.00148114643525, 0.000663898652419, 0.000442091375589, 0.000565278809518, 0.000738202536013, 0.000645382213406, 0.000436033617007, 0.000442370626843, 0.000369901710656, 0.000428266066592, 0.000347641849658, 0.000244746683165, 0.00027356253122, 0.000290345604299, 0.000182939213119, 0.000215707084863, 0.000273974728771, 0.000207705641515, 0.000222276008571, 0.000173688327777, 0.000171129606315, 7.99632252892e-05, 7.29606399545e-05, 9.62624690146e-05, 6.21471917839e-05, 6.04284468864e-05, 5.71203381696e-05, 5.42840716662e-05, 4.29298925155e-05, 3.38576246577e-05, 3.77390206268e-05, 4.61469644506e-05, 3.53035429725e-05, 3.95433271478e-05, 3.22923624481e-05, 2.83945664705e-05, 3.331580956e-05, 2.86739887088e-05, 2.01059556275e-05, 1.8042177544e-05, 3.1351159123e-05, 3.14782628266e-05, 2.30126170209e-05, 1.97100907826e-05, 1.45347275975e-05, 1.38094428621e-05, 1.56604091899e-05, 1.62273008755e-05, 1.83103784366e-05, 1.83816100616e-05, 1.89003549167e-05, 1.51107005877e-05, 1.63382501341e-05, 1.03106376628e-05, 8.01576061349e-06, 8.22268884804e-06, 9.96022845356e-06, 9.86800841929e-06, 9.60096713243e-06, 9.12412633625e-06, 8.42391091282e-06, 6.9109969445e-06, 5.64574838791e-06, 5.55905990041e-06, 5.37451023774e-06, 5.77378432354e-06, 6.70507006362e-06, 7.19491208656e-06, 8.69247378432e-06, 1.00868892332e-05, 6.08587379247e-06, 4.92199887958e-06, 4.36711434304e-06, 4.20537298851e-06, 3.93055643144e-06, 3.0546623293e-06, 2.40662666329e-06, 1.986601319e-06, 1.78193943157e-06, 2.00964859687e-06, 1.89010859231e-06, 1.76159187504e-06, 1.66532993262e-06, 1.5758120071e-06, 2.28187150242e-06, 6.64196886646e-06, 5.8253235693e-06, 2.52140421253e-06, 1.19999162962e-06, 1.15357033792e-06, 2.23565780288e-06, 2.39323571805e-06, 8.76463616351e-07, 4.43846431608e-07, 3.9188972778e-07, 1.91735011867e-07, 1.13617804054e-09, 6.36734371826e-12, 6.15359239259e-12, 5.9812940191e-12, 5.83518086281e-12, 5.70722852658e-12, 5.60137309799e-12, 5.51275127977e-12, 5.44476486466e-12, 5.3952163917e-12, 5.36259231465e-12]
    },
    "mfcc": {
        "mean": [-701.242004395, 102.666343689, 5.71613502502, 23.6812324524, 2.75717282295, 4.32000827789, 4.45187711716, 8.99400520325, -0.923591732979, 3.60257816315, -0.484122872353, 3.20254731178, 0.553271234035],
        "cov": [[17771.2539062, 1326.24328613, -528.278808594, -123.222923279, -464.860107422, -249.600860596, -600.717834473, -456.875823975, -330.9921875, -139.561508179, -165.843292236, 25.6038417816, 72.6641769409], [1326.24328613, 2225.23852539, -31.2202377319, 90.7466964722, -96.6453933716, -340.287322998, -49.1889686584, 62.2430534363, -64.3551940918, -39.2380599976, 27.8287563324, 19.9188842773, 28.8567466736], [-528.278808594, -31.2202377319, 714.067565918, 282.266143799, 122.010856628, 19.5326805115, 27.3280792236, 59.3071861267, -21.2200927734, -6.63217735291, -6.42205715179, 3.54656386375, -17.926815033], [-123.222923279, 90.7466964722, 282.266143799, 639.893920898, 276.906982422, 102.244880676, 7.47588825226, 70.5999679565, 89.4479141235, -1.15371072292, -28.9068050385, -8.68485641479, 10.4503993988], [-464.860107422, -96.6453933716, 122.010856628, 276.906982422, 350.625915527, 196.672683716, 53.2960014343, 38.0262718201, 91.1242980957, 40.3047027588, -14.5438604355, -0.568803906441, -1.47888731956], [-249.600860596, -340.287322998, 19.5326805115, 102.244880676, 196.672683716, 389.840576172, 201.438491821, 95.6893234253, 114.122261047, 42.9112968445, 12.9822053909, -5.23141908646, -22.7713756561], [-600.717834473, -49.1889686584, 27.3280792236, 7.47588825226, 53.2960014343, 201.438491821, 306.465576172, 173.874191284, 87.0579605103, 49.3308753967, 47.8287658691, 5.43291187286, -20.6592884064], [-456.875823975, 62.2430534363, 59.3071861267, 70.5999679565, 38.0262718201, 95.6893234253, 173.874191284, 230.89402771, 107.569366455, 21.4398727417, 38.2874641418, -2.78392314911, -3.92219257355], [-330.9921875, -64.3551940918, -21.2200927734, 89.4479141235, 91.1242980957, 114.122261047, 87.0579605103, 107.569366455, 188.493286133, 74.8693618774, 28.3105506897, -5.63446569443, -4.08288812637], [-139.561508179, -39.2380599976, -6.63217735291, -1.15371072292, 40.3047027588, 42.9112968445, 49.3308753967, 21.4398727417, 74.8693618774, 158.786499023, 61.7304725647, 22.6858463287, -6.36066055298], [-165.843292236, 27.8287563324, -6.42205715179, -28.9068050385, -14.5438604355, 12.9822053909, 47.8287658691, 38.2874641418, 28.3105506897, 61.7304725647, 100.141708374, 33.9148712158, 3.79286623001], [25.6038417816, 19.9188842773, 3.54656386375, -8.68485641479, -0.568803906441, -5.23141908646, 5.43291187286, -2.78392314911, -5.63446569443, 22.6858463287, 33.9148712158, 77.0428695679, 27.8581142426], [72.6641769409, 28.8567466736, -17.926815033, 10.4503993988, -1.47888731956, -22.7713756561, -20.6592884064, -3.92219257355, -4.08288812637, -6.36066055298, 3.79286623001, 27.8581142426, 72.5886611938]],
        "icov": [[7.34894783818e-05, -6.33603995084e-05, 3.8449645217e-05, -5.43789537915e-05, 0.000196804816369, -0.000227954675211, 0.000202277413337, 2.44335351454e-05, 8.62957458594e-05, -8.78578648553e-05, 0.000128718893393, -5.80882297072e-05, -2.69415122602e-05], [-6.33603995084e-05, 0.000642619968858, 0.000125776045024, -0.000160650160979, -0.00034858865547, 0.00100378831849, -0.00045802956447, -0.000323119224049, 0.000134505069582, 0.000168023529113, -0.000299527513562, -1.42597455124e-05, 6.55360490782e-05], [3.8449645217e-05, 0.000125776045024, 0.00196000980213, -0.000924546387978, -0.000240168636083, 0.000297989608953, -7.36086758479e-06, -0.000840949709527, 0.00131495099049, -0.000326504872646, 6.09283160884e-05, -0.000356372212991, 0.000748656864744], [-5.43789537915e-05, -0.000160650160979, -0.000924546387978, 0.0031217506621, -0.00220058788545, 0.000219212874072, 0.00052798941033, -0.00052489771042, -0.00105014024302, 0.000655163894407, 0.000239946341026, 0.000204198833671, -0.000506180804223], [0.000196804816369, -0.00034858865547, -0.000240168636083, -0.00220058788545, 0.00709072733298, -0.00381928216666, 0.00143576331902, 0.000667301705107, -0.00058753992198, -0.00155616388656, 0.00173357245512, -0.000699073018041, -0.000401608092943], [-0.000227954675211, 0.00100378831849, 0.000297989608953, 0.000219212874072, -0.00381928216666, 0.0079559776932, -0.00508012995124, 0.00114319229033, -0.00186185329221, 0.00143814564217, -0.000604584289249, 0.000114847687655, 0.000913929659873], [0.000202277413337, -0.00045802956447, -7.36086758479e-06, 0.00052798941033, 0.00143576331902, -0.00508012995124, 0.00986819993705, -0.00587149616331, 0.00189086876344, -0.00187974679284, -0.000144998804899, -0.000762871059123, 0.00107066018973], [2.44335351454e-05, -0.000323119224049, -0.000840949709527, -0.00052489771042, 0.000667301705107, 0.00114319229033, -0.00587149616331, 0.0113566145301, -0.00554796727374, 0.00302418135107, -0.00227387761697, 0.00104346603621, -0.00104205019306], [8.62957458594e-05, 0.000134505069582, 0.00131495099049, -0.00105014024302, -0.00058753992198, -0.00186185329221, 0.00189086876344, -0.00554796727374, 0.0118166171014, -0.0050422148779, 0.000512463855557, 0.00157136085909, -0.0004286004405], [-8.78578648553e-05, 0.000168023529113, -0.000326504872646, 0.000655163894407, -0.00155616388656, 0.00143814564217, -0.00187974679284, 0.00302418135107, -0.0050422148779, 0.0113333361223, -0.00590045517311, -0.00120246433653, 0.00137333676685], [0.000128718893393, -0.000299527513562, 6.09283160884e-05, 0.000239946341026, 0.00173357245512, -0.000604584289249, -0.000144998804899, -0.00227387761697, 0.000512463855557, -0.00590045517311, 0.0171325318515, -0.00601731054485, 0.000578166102059], [-5.80882297072e-05, -1.42597455124e-05, -0.000356372212991, 0.000204198833671, -0.000699073018041, 0.000114847687655, -0.000762871059123, 0.00104346603621, 0.00157136085909, -0.00120246433653, -0.00601731054485, 0.0188292507082, -0.00712141254917], [-2.69415122602e-05, 6.55360490782e-05, 0.000748656864744, -0.000506180804223, -0.000401608092943, 0.000913929659873, 0.00107066018973, -0.00104205019306, -0.0004286004405, 0.00137333676685, 0.000578166102059, -0.00712141254917, 0.0173609536141]]
    },
    "spectral_contrast_coeffs": {
        "mean": [-0.710789084435, -0.758020341396, -0.799770772457, -0.822485566139, -0.811234354973, -0.789633572102],
        "stdev": [0.0901079252362, 0.116045221686, 0.0692018344998, 0.0567526370287, 0.0460880436003, 0.0435738414526]
    },
    "spectral_contrast_valleys": {
        "mean": [-7.66218948364, -7.6168794632, -7.95230150223, -8.28896713257, -8.05833721161, -10.5720233917],
        "stdev": [2.15263295174, 2.18814659119, 2.12753367424, 2.09484243393, 2.03952121735, 2.00634002686]
    }
},
"rhythm": {
    "beats_count": 268,
    "beats_loudness": {
        "mean": 0.0508250445127,
        "stdev": 0.0558427870274
    },
    "bpm": 93.8972320557,
    "bpm_histogram_first_peak_bpm": 94,
    "bpm_histogram_first_peak_weight": 0.401515185833,
    "bpm_histogram_second_peak_bpm": 89,
    "bpm_histogram_second_peak_spread": 0,
    "bpm_histogram_second_peak_weight": 0.0112359551713,
    "danceability": 1.42747426033,
    "onset_rate": 4.58816003799,
    "beats_loudness_band_ratio": {
        "mean": [0.384052366018, 0.127646312118, 0.168396875262, 0.117443799973, 0.110019609332, 0.126966387033],
        "stdev": [0.363313823938, 0.158652350307, 0.190996155143, 0.119376137853, 0.108122818172, 0.139946907759]
    },
    "beats_position": [0.650158703327, 1.30031740665, 1.9620860815, 2.62385487556, 3.28562355042, 3.94739222527, 4.62077093124, 5.2941493988, 5.9675283432, 6.6176867485, 7.26784563065, 7.90639448166, 8.54494285583, 9.17188167572, 9.81043052673, 10.4489793777, 11.0759181976, 11.7144670486, 12.3530158997, 12.9915647507, 13.6301136017, 14.268661499, 14.90721035, 15.545759201, 16.1843090057, 16.8228569031, 17.4614048004, 18.0999546051, 18.7501125336, 19.3770523071, 20.0156002045, 20.6541500092, 21.2926979065, 21.9312477112, 22.5697956085, 23.1967334747, 23.8468933105, 24.4738311768, 25.1123809814, 25.7509288788, 26.4010887146, 27.0280265808, 27.6665763855, 28.3051242828, 28.9552822113, 29.593832016, 30.2323799133, 30.870929718, 31.5094776154, 32.1480255127, 32.7865753174, 33.4135131836, 34.0520629883, 34.690612793, 35.3175506592, 35.9677085876, 36.6178665161, 37.244808197, 37.883354187, 38.5219039917, 39.1720619202, 39.7989997864, 40.4375495911, 41.0760993958, 41.7146492004, 42.3531951904, 42.9917449951, 43.6302947998, 44.2804527283, 44.9306106567, 45.5459403992, 46.1844902039, 46.8346481323, 47.4615859985, 48.0885238647, 48.7386856079, 49.3772315979, 50.0157814026, 50.6427192688, 51.2928771973, 51.9430389404, 52.5815849304, 53.2085266113, 53.8470726013, 54.4740142822, 55.1125602722, 55.7511100769, 56.3780479431, 57.0282058716, 57.6667556763, 58.305305481, 58.9554634094, 59.5940132141, 60.2209510803, 60.8478889465, 61.4748306274, 62.1249885559, 62.7635345459, 63.4020843506, 64.0406341553, 64.6907958984, 65.3293380737, 65.9678878784, 66.6064376831, 67.2449874878, 67.871925354, 68.5104751587, 69.1490249634, 69.7991790771, 70.4261245728, 71.0762786865, 71.7264404297, 72.3533782959, 72.9803161621, 73.6188659668, 74.2574157715, 74.9075698853, 75.5345077515, 76.1730575562, 76.8116073608, 77.461769104, 78.1003189087, 78.738861084, 79.3774108887, 80.0391845703, 80.6661224365, 81.2930603027, 81.9199981689, 82.5585479736, 83.1970977783, 83.835647583, 84.4741897583, 85.112739563, 85.7396774292, 86.3782272339, 87.0283889771, 87.6669387817, 88.3054885864, 88.9440383911, 89.5825805664, 90.2211303711, 90.8596801758, 91.4982299805, 92.1367797852, 92.7753295898, 93.4138793945, 94.0408172607, 94.6793670654, 95.3179092407, 95.9564590454, 96.5950088501, 97.2335586548, 97.8721084595, 98.5106582642, 99.1492080688, 99.7993621826, 100.449523926, 101.076461792, 101.703399658, 102.341949463, 102.980499268, 103.619049072, 104.257591248, 104.896141052, 105.534690857, 106.161628723, 106.800178528, 107.438728333, 108.088890076, 108.727432251, 109.365982056, 109.992919922, 110.643081665, 111.28163147, 111.920181274, 112.558731079, 113.197273254, 113.82421875, 114.462760925, 115.10131073, 115.739860535, 116.378410339, 117.016960144, 117.655509949, 118.305664062, 118.932601929, 119.582763672, 120.209701538, 120.859863281, 121.486801147, 122.125350952, 122.775505066, 123.414054871, 124.040992737, 124.679542542, 125.318092346, 125.956642151, 126.595191956, 127.222129822, 127.872291565, 128.522445679, 129.149383545, 129.776321411, 130.426483154, 131.076644897, 131.703582764, 132.33052063, 132.980682373, 133.619232178, 134.257781982, 134.884719849, 135.523269653, 136.161804199, 136.800354004, 137.438903809, 138.077453613, 138.716003418, 139.354553223, 139.993103027, 140.643264771, 141.281814575, 141.908752441, 142.547302246, 143.197463989, 143.824401855, 144.46295166, 145.101501465, 145.751647949, 146.378585815, 147.01713562, 147.655685425, 148.294235229, 148.932785034, 149.571334839, 150.209884644, 150.860046387, 151.498596191, 152.125534058, 152.764083862, 153.414230347, 154.041183472, 154.679718018, 155.318267822, 155.956817627, 156.595367432, 157.222305298, 157.860855103, 158.499404907, 159.14956665, 159.788116455, 160.42666626, 161.065216064, 161.703765869, 162.330703735, 162.96925354, 163.607803345, 164.257949829, 164.896499634, 165.535049438, 166.173599243, 166.812149048, 167.439086914, 168.077636719, 168.716186523, 169.366348267, 170.004898071, 170.643447876, 171.293609619],
    "bpm_histogram": [0, 0, 0, 0, 0, 0, 0, 0, 0, 0, 0, 0, 0, 0, 0, 0, 0, 0, 0, 0, 0, 0, 0, 0, 0, 0, 0, 0, 0, 0, 0, 0, 0, 0, 0, 0, 0, 0, 0, 0, 0, 0, 0, 0, 0, 0, 0, 0, 0, 0, 0, 0, 0, 0, 0, 0, 0, 0, 0, 0, 0, 0, 0, 0, 0, 0, 0, 0, 0, 0, 0, 0, 0, 0, 0, 0, 0, 0, 0, 0, 0, 0, 0, 0, 0, 0, 0, 0, 0, 0.0112359551713, 0, 0.0187265910208, 0.179775282741, 0, 0.591760277748, 0, 0.194756552577, 0, 0.00374531839043, 0, 0, 0, 0, 0, 0, 0, 0, 0, 0, 0, 0, 0, 0, 0, 0, 0, 0, 0, 0, 0, 0, 0, 0, 0, 0, 0, 0, 0, 0, 0, 0, 0, 0, 0, 0, 0, 0, 0, 0, 0, 0, 0, 0, 0, 0, 0, 0, 0, 0, 0, 0, 0, 0, 0, 0, 0, 0, 0, 0, 0, 0, 0, 0, 0, 0, 0, 0, 0, 0, 0, 0, 0, 0, 0, 0, 0, 0, 0, 0, 0, 0, 0, 0, 0, 0, 0, 0, 0, 0, 0, 0, 0, 0, 0, 0, 0, 0, 0, 0, 0, 0, 0, 0, 0, 0, 0, 0, 0, 0, 0, 0, 0, 0, 0, 0, 0, 0, 0, 0, 0, 0, 0, 0, 0, 0, 0, 0, 0, 0, 0, 0, 0, 0, 0, 0, 0, 0, 0, 0, 0, 0, 0, 0, 0, 0, 0, 0, 0, 0, 0]
},
"tonal": {
    "chords_changes_rate": 0.114895917475,
    "chords_number_rate": 0.00405514985323,
    "chords_strength": {
        "mean": 0.512020468712,
        "stdev": 0.121473789215
    },
    "hpcp_crest": {
        "mean": 11.5134077072,
        "stdev": 5.76829624176
    },
    "hpcp_entropy": {
        "mean": 2.2989616394,
        "stdev": 0.828092455864
    },
    "key_edma": {
        "strength": 0.388233035803,
        "key": "C",
        "scale": "minor"
    },
    "key_krumhansl": {
        "strength": 0.391007959843,
        "key": "C",
        "scale": "minor"
    },
    "key_temperley": {
        "strength": 0.407463759184,
        "key": "C",
        "scale": "minor"
    },
    "tuning_diatonic_strength": 0.525570750237,
    "tuning_equal_tempered_deviation": 0.230047464371,
    "tuning_frequency": 434.193115234,
    "tuning_nontempered_energy_ratio": 0.891863405704,
    "hpcp": {
        "mean": [0.118174180388, 0.0955058038235, 0.0888982862234, 0.0990416705608, 0.0983208864927, 0.0852561369538, 0.095220528543, 0.110728248954, 0.113543689251, 0.116080105305, 0.11793217063, 0.114169426262, 0.121671885252, 0.122537411749, 0.124986715615, 0.159932598472, 0.168208450079, 0.135734438896, 0.116477921605, 0.113821156323, 0.115098126233, 0.117895372212, 0.125625252724, 0.152308255434, 0.176322862506, 0.167108863592, 0.164318025112, 0.187363475561, 0.212462604046, 0.224479973316, 0.249839425087, 0.216914921999, 0.147907420993, 0.173485711217, 0.206520870328, 0.16916513443],
        "stdev": [0.216472551227, 0.18597279489, 0.182869330049, 0.193278312683, 0.194154083729, 0.167951926589, 0.178544119, 0.204258590937, 0.210698843002, 0.208671569824, 0.211806550622, 0.208679497242, 0.212416157126, 0.211874485016, 0.206554815173, 0.245023593307, 0.25288811326, 0.222388938069, 0.207375988364, 0.204590335488, 0.207306861877, 0.21958860755, 0.223292544484, 0.243063002825, 0.272290796041, 0.254348814487, 0.261247515678, 0.280695110559, 0.301380902529, 0.299027442932, 0.337045550346, 0.301115036011, 0.236629426479, 0.263807475567, 0.307454943657, 0.267559528351]
    },
    "chords_histogram": [1.91943764687, 1.35171663761, 11.3273859024, 0, 0.270343333483, 0.216274663806, 0, 6.21789693832, 1.54095697403, 25.6285476685, 4.81211137772, 1.35171663761, 7.67775058746, 0.189240336418, 0.351446330547, 2.08164358139, 6.27196550369, 0, 0.0811030045152, 3.94701266289, 0.0270343329757, 4.05515003204, 14.6255741119, 6.05569076538],
    "thpcp": [1, 0.868217349052, 0.592009902, 0.694388866425, 0.826614439487, 0.677095413208, 0.473000526428, 0.382268756628, 0.355821698904, 0.396421313286, 0.393536299467, 0.341243714094, 0.381126910448, 0.443197667599, 0.454466670752, 0.464618831873, 0.472031861544, 0.456971228123, 0.487000346184, 0.490464657545, 0.500268161297, 0.640141546726, 0.673266232014, 0.543286681175, 0.466211140156, 0.455577254295, 0.460688412189, 0.471884578466, 0.50282394886, 0.609624564648, 0.705744743347, 0.668865084648, 0.657694518566, 0.749935567379, 0.850396633148, 0.898496985435],
    "chords_key": "G",
    "chords_scale": "major"
}
}