{
"metadata": {
    "version": {
        "essentia": "2.1-dev",
        "essentia_git_sha": "v2.1_beta3-415-gd5473f3",
        "extractor": "music 2.0"
    },
    "audio_properties": {
        "analysis": {
            "equal_loudness": 0,
            "length": 260.127349854,
            "sample_rate": 44100,
            "start_time": 0,
            "downmix": "mix"
        },
        "bit_rate": 192000,
        "length": 260.127349854,
        "lossless": 0,
        "number_channels": 2,
        "replay_gain": -6.78821563721,
        "sample_rate": 44100,
        "codec": "mp3",
        "md5_encoded": "a7e9f18869b6e6e4a0fc067799b80592"
    },
    "tags": {
        "file_name": "fugees-fu_gee_la.mp3",
        "album": ["The Score                     "],
        "artist": ["Fugees                        "],
        "date": ["1996"],
        "genre": ["Other"],
        "title": ["Fu-gee-la                     "]
    }
},
"lowlevel": {
    "average_loudness": 0.961985111237,
    "barkbands_crest": {
        "mean": 15.8237905502,
        "stdev": 5.71395778656
    },
    "barkbands_flatness_db": {
        "mean": 0.202156320214,
        "stdev": 0.069958910346
    },
    "barkbands_kurtosis": {
        "mean": 22.2773418427,
        "stdev": 63.306388855
    },
    "barkbands_skewness": {
        "mean": 3.07835412025,
        "stdev": 3.02011728287
    },
    "barkbands_spread": {
        "mean": 14.5987854004,
        "stdev": 13.2992248535
    },
    "dissonance": {
        "mean": 0.442447841167,
        "stdev": 0.0420139357448
    },
    "dynamic_complexity": 2.63468551636,
    "erbbands_crest": {
        "mean": 11.1496419907,
        "stdev": 5.06499052048
    },
    "erbbands_flatness_db": {
        "mean": 0.160811647773,
        "stdev": 0.0429199524224
    },
    "erbbands_kurtosis": {
        "mean": 1.98511731625,
        "stdev": 3.89526629448
    },
    "erbbands_skewness": {
        "mean": 0.703378796577,
        "stdev": 0.945316493511
    },
    "erbbands_spread": {
        "mean": 40.4400978088,
        "stdev": 25.6033058167
    },
    "hfc": {
        "mean": 17.1150627136,
        "stdev": 22.4537277222
    },
    "loudness_ebu128": {
        "integrated": -16.4488620758,
        "loudness_range": 2.301197052,
        "momentary": {
            "mean": -16.8995609283,
            "stdev": 2.26443791389
        },
        "short_term": {
            "mean": -16.633430481,
            "stdev": 1.42625260353
        }
    },
    "melbands_crest": {
        "mean": 20.9254894257,
        "stdev": 6.60935544968
    },
    "melbands_flatness_db": {
        "mean": 0.285407155752,
        "stdev": 0.0873996168375
    },
    "melbands_kurtosis": {
        "mean": 50.262550354,
        "stdev": 104.745399475
    },
    "melbands_skewness": {
        "mean": 4.34488296509,
        "stdev": 3.68096613884
    },
    "melbands_spread": {
        "mean": 13.9941120148,
        "stdev": 15.7632808685
    },
    "pitch_salience": {
        "mean": 0.39360550046,
        "stdev": 0.149806901813
    },
    "silence_rate_20dB": {
        "mean": 1,
        "stdev": 0
    },
    "silence_rate_30dB": {
        "mean": 0.941003203392,
        "stdev": 0.235616475344
    },
    "silence_rate_60dB": {
        "mean": 0.0155301680788,
        "stdev": 0.123652994633
    },
    "spectral_centroid": {
        "mean": 1065.33032227,
        "stdev": 655.240722656
    },
    "spectral_complexity": {
        "mean": 12.3667440414,
        "stdev": 9.93646526337
    },
    "spectral_decrease": {
        "mean": -1.1759284213e-08,
        "stdev": 9.27882748414e-09
    },
    "spectral_energy": {
        "mean": 0.0459347367287,
        "stdev": 0.0356200113893
    },
    "spectral_energyband_high": {
        "mean": 0.000821648456622,
        "stdev": 0.00250082975253
    },
    "spectral_energyband_low": {
        "mean": 0.0327394604683,
        "stdev": 0.033638689667
    },
    "spectral_energyband_middle_high": {
        "mean": 0.00347790215164,
        "stdev": 0.00533468462527
    },
    "spectral_energyband_middle_low": {
        "mean": 0.0104485861957,
        "stdev": 0.0100734513253
    },
    "spectral_entropy": {
        "mean": 7.43692541122,
        "stdev": 0.414235949516
    },
    "spectral_flux": {
        "mean": 0.09536857903,
        "stdev": 0.0569081008434
    },
    "spectral_kurtosis": {
        "mean": 3.75242614746,
        "stdev": 2.56577157974
    },
    "spectral_rms": {
        "mean": 0.00624302309006,
        "stdev": 0.00241643749177
    },
    "spectral_rolloff": {
        "mean": 786.862182617,
        "stdev": 1168.99829102
    },
    "spectral_skewness": {
        "mean": 1.47798883915,
        "stdev": 0.506517708302
    },
    "spectral_spread": {
        "mean": 4773309.5,
        "stdev": 1578679.375
    },
    "spectral_strongpeak": {
        "mean": 0.645100176334,
        "stdev": 0.797759592533
    },
    "zerocrossingrate": {
        "mean": 0.0336755849421,
        "stdev": 0.0293797012419
    },
    "barkbands": {
        "mean": [0.000705530284904, 0.0244774948806, 0.00619922764599, 0.00171158090234, 0.00171850190964, 0.00173984037247, 0.00141174450982, 0.00141710764728, 0.00210533314385, 0.000767888093833, 0.000514648447279, 0.000406075065257, 0.000390856585, 0.00045731998398, 0.000205438103876, 0.000139139185194, 0.000162359661772, 0.000238899185206, 0.000257392734056, 0.000200924027013, 0.000257066887571, 0.000239098022575, 0.000113456291729, 5.47040945094e-05, 2.95286936307e-05, 1.26438571897e-05, 9.5948996659e-07],
        "stdev": [0.00114012591075, 0.0214093700051, 0.0190829224885, 0.00362545577809, 0.00293076294474, 0.00266441749409, 0.00326225650497, 0.00357493385673, 0.00441699707881, 0.00215577636845, 0.00195269915275, 0.00119405565783, 0.00111051730346, 0.00146547122858, 0.000543937494513, 0.000347934110323, 0.000344903965015, 0.00067358952947, 0.000757048430387, 0.000620491686277, 0.000934234820306, 0.000883498752955, 0.000266737304628, 0.000137768045533, 8.86525740498e-05, 4.47415695817e-05, 2.64514847004e-06]
    },
    "erbbands": {
        "mean": [0.845612406731, 4.98436117172, 7.54391622543, 7.05918836594, 3.64245223999, 6.06495428085, 9.12936878204, 15.0209436417, 25.2275161743, 21.6165752411, 37.4872894287, 46.0648803711, 29.8649845123, 20.1438312531, 18.155254364, 17.7363491058, 17.9496650696, 21.7855815887, 15.7096643448, 10.2312192917, 7.86726474762, 9.24282360077, 12.7149524689, 11.1974000931, 13.733792305, 9.11795425415, 10.2023563385, 10.1535358429, 9.47213840485, 5.08227157593, 3.32911515236, 1.61724448204, 0.736234426498, 0.388047397137, 0.174419209361, 0.0670011863112, 0.0202260967344, 0.00418483745307, 0.000120380907902, 5.52172859898e-05],
        "stdev": [0.796502828598, 4.81264734268, 20.5097293854, 16.9967899323, 6.39805078506, 11.1284332275, 18.5155582428, 24.6031799316, 51.5193901062, 54.5414962769, 88.952796936, 102.225288391, 66.7976226807, 69.1500320435, 63.4472084045, 49.0663108826, 45.3075408936, 57.5512390137, 53.5048179626, 20.0450725555, 16.9938926697, 19.1600227356, 34.6048469543, 29.8977336884, 42.6995506287, 27.3905963898, 36.1666641235, 37.9229125977, 35.926486969, 15.7744464874, 8.08717727661, 4.09256982803, 1.78144180775, 1.11102974415, 0.57303082943, 0.253155142069, 0.071526221931, 0.0121213663369, 0.00027612168924, 4.15054673795e-05]
    },
    "gfcc": {
        "mean": [-19.8244495392, 103.208030701, -96.9470291138, 44.4037857056, -56.0358352661, 20.0672550201, -19.3771038055, 18.9055633545, -5.01318025589, 8.2995891571, -7.67256259918, 1.18409776688, -9.67916965485],
        "cov": [[3851.70581055, -331.833587646, -470.088012695, -190.218505859, -473.033477783, -210.022155762, -192.156478882, -39.8003425598, -236.041732788, 116.310386658, -116.117538452, 43.2998352051, -92.8457260132], [-331.833587646, 869.375366211, -5.99119520187, -216.903060913, 41.2241630554, -115.682014465, 116.532699585, -38.9458808899, 111.077377319, -34.8924026489, 108.854972839, -27.5594558716, 66.1333999634], [-470.088012695, -5.99119520187, 936.543701172, 242.093994141, 58.356262207, -11.0234718323, -45.2191734314, 70.223487854, 1.58476960659, -2.00613689423, -42.7683639526, -4.0784330368, 4.41560506821], [-190.218505859, -216.903060913, 242.093994141, 570.49005127, 188.36769104, 11.4866571426, -14.4921073914, -36.767250061, 40.1732711792, -54.7439422607, -17.9830760956, -25.8822994232, 13.0071678162], [-473.033477783, 41.2241630554, 58.356262207, 188.36769104, 418.229858398, 207.724380493, 82.1888656616, -5.74509906769, 73.0808258057, 4.24157428741, 64.4877624512, -12.2983369827, 19.1060466766], [-210.022155762, -115.682014465, -11.0234718323, 11.4866571426, 207.724380493, 349.590362549, 160.359298706, 4.07632064819, 1.95229911804, 7.42702102661, 42.3796043396, -14.966966629, -17.1749916077], [-192.156478882, 116.532699585, -45.2191734314, -14.4921073914, 82.1888656616, 160.359298706, 276.223052979, 48.0688438416, 49.5443572998, -22.9598827362, 32.2782249451, -18.3613071442, 11.8067216873], [-39.8003425598, -38.9458808899, 70.223487854, -36.767250061, -5.74509906769, 4.07632064819, 48.0688438416, 183.785476685, 83.6353683472, 32.1176376343, -2.44224596024, 18.9656791687, 36.0079879761], [-236.041732788, 111.077377319, 1.58476960659, 40.1732711792, 73.0808258057, 1.95229911804, 49.5443572998, 83.6353683472, 211.028579712, 61.2495155334, 62.2216186523, 10.4765920639, 59.1308174133], [116.310386658, -34.8924026489, -2.00613689423, -54.7439422607, 4.24157428741, 7.42702102661, -22.9598827362, 32.1176376343, 61.2495155334, 134.027130127, 54.10496521, 22.4045448303, 3.80318570137], [-116.117538452, 108.854972839, -42.7683639526, -17.9830760956, 64.4877624512, 42.3796043396, 32.2782249451, -2.44224596024, 62.2216186523, 54.10496521, 158.439361572, 64.9673690796, 38.2056694031], [43.2998352051, -27.5594558716, -4.0784330368, -25.8822994232, -12.2983369827, -14.966966629, -18.3613071442, 18.9656791687, 10.4765920639, 22.4045448303, 64.9673690796, 112.961906433, 49.8106803894], [-92.8457260132, 66.1333999634, 4.41560506821, 13.0071678162, 19.1060466766, -17.1749916077, 11.8067216873, 36.0079879761, 59.1308174133, 3.80318570137, 38.2056694031, 49.8106803894, 104.149635315]],
        "icov": [[0.00040658164653, -0.000286543450784, 0.000337048870279, -0.000447927974164, 0.000519572990015, -0.000282791093923, 0.000195999804419, -0.000344038649928, 0.000669131986797, -0.00094635161804, 0.000567828596104, -0.000510432000738, 0.000231312296819], [-0.000286543450784, 0.00463021174073, -0.00143905100413, 0.00386495119892, -0.00267113861628, 0.00463354540989, -0.00297159841284, 0.00329492846504, -0.00260074180551, 0.00382128590718, -0.00435270741582, 0.00437046540901, -0.00232188520022], [0.000337048870279, -0.00143905100413, 0.00192283664364, -0.00198058504611, 0.00102402584162, -0.00147392763756, 0.00117078830954, -0.001954235835, 0.0015603331849, -0.00190095044672, 0.00171344098635, -0.00152568460908, 0.000776742759626], [-0.000447927974164, 0.00386495119892, -0.00198058504611, 0.0060515650548, -0.00375092821196, 0.00436935480684, -0.00230536330491, 0.00375788914971, -0.00339809758589, 0.00472690863535, -0.00327780400403, 0.00373023445718, -0.00197950634174], [0.000519572990015, -0.00267113861628, 0.00102402584162, -0.00375092821196, 0.00669290265068, -0.00564056495205, 0.0024185271468, -0.00175526889507, 0.000693996145856, -0.00233357492834, 0.00138364848681, -0.00174398336094, 0.000776770582888], [-0.000282791093923, 0.00463354540989, -0.00147392763756, 0.00436935480684, -0.00564056495205, 0.01074951794, -0.00605867384002, 0.0032079811208, -0.000814657541923, 0.00253303488716, -0.00456159934402, 0.00423137936741, -0.00127270701341], [0.000195999804419, -0.00297159841284, 0.00117078830954, -0.00230536330491, 0.0024185271468, -0.00605867384002, 0.00824618432671, -0.00372715620324, 0.000310181203531, 0.00026110606268, 0.00109174905811, -0.00106868275907, 0.00113589921966], [-0.000344038649928, 0.00329492846504, -0.001954235835, 0.00375788914971, -0.00175526889507, 0.0032079811208, -0.00372715620324, 0.0110959298909, -0.0055818464607, 0.00169676926453, 0.000100493336504, 0.00078461249359, -0.00265307212248], [0.000669131986797, -0.00260074180551, 0.0015603331849, -0.00339809758589, 0.000693996145856, -0.000814657541923, 0.000310181203531, -0.0055818464607, 0.0121004339308, -0.00679558608681, 1.47633481902e-05, 0.000775633379817, -0.00275904219598], [-0.00094635161804, 0.00382128590718, -0.00190095044672, 0.00472690863535, -0.00233357492834, 0.00253303488716, 0.00026110606268, 0.00169676926453, -0.00679558608681, 0.0163079220802, -0.00760530587286, 0.00356727745384, 0.000796208390966], [0.000567828596104, -0.00435270741582, 0.00171344098635, -0.00327780400403, 0.00138364848681, -0.00456159934402, 0.00109174905811, 0.000100493336504, 1.47633481902e-05, -0.00760530587286, 0.0170516483486, -0.0114042274654, 0.00191064493265], [-0.000510432000738, 0.00437046540901, -0.00152568460908, 0.00373023445718, -0.00174398336094, 0.00423137936741, -0.00106868275907, 0.00078461249359, 0.000775633379817, 0.00356727745384, -0.0114042274654, 0.0207631587982, -0.00908116530627], [0.000231312296819, -0.00232188520022, 0.000776742759626, -0.00197950634174, 0.000776770582888, -0.00127270701341, 0.00113589921966, -0.00265307212248, -0.00275904219598, 0.000796208390966, 0.00191064493265, -0.00908116530627, 0.017112178728]]
    },
    "melbands": {
        "mean": [0.00725761055946, 0.00483014248312, 0.00110724673141, 0.00031892710831, 0.000326533045154, 0.000368917157175, 0.00035630579805, 0.000245172210271, 0.000341708859196, 0.000282253429759, 0.000144158300827, 8.00668858574e-05, 6.56168267597e-05, 4.25220496254e-05, 4.63251308247e-05, 3.8270438381e-05, 4.25431098847e-05, 2.8788625059e-05, 1.57029808179e-05, 1.08385092972e-05, 8.96495203051e-06, 9.42523001868e-06, 1.01465093394e-05, 1.21979610412e-05, 8.23531718197e-06, 1.12153438749e-05, 7.49510036258e-06, 5.75313833906e-06, 6.43198154648e-06, 6.17075738774e-06, 5.62633340451e-06, 5.65732807445e-06, 4.04452930525e-06, 2.25815028898e-06, 1.9775166038e-06, 1.45922126649e-06, 8.16530814518e-07, 5.69639837522e-07, 3.58781676368e-07, 3.08577028818e-07],
        "stdev": [0.00639608455822, 0.00831234734505, 0.00259772082791, 0.000541119079571, 0.000638344034087, 0.000564505113289, 0.000738202477805, 0.000642818398774, 0.000825943949167, 0.000635292497464, 0.000340587721439, 0.000285118992906, 0.000245618226472, 0.000138640549267, 0.000125365913846, 0.000124863916426, 0.000125788646983, 0.000113709676953, 3.74305745936e-05, 2.71329863608e-05, 2.0986148229e-05, 1.95213906409e-05, 2.8803371606e-05, 3.46109372913e-05, 2.16525659198e-05, 3.61719612556e-05, 2.21202499233e-05, 1.77191886905e-05, 2.34986418945e-05, 2.19914672925e-05, 2.17341021198e-05, 2.15395011764e-05, 1.49860552483e-05, 6.26595192443e-06, 4.6527293307e-06, 3.79575089937e-06, 2.18206969294e-06, 1.41172631629e-06, 9.56199073698e-07, 9.52951609179e-07]
    },
    "melbands128": {
        "mean": [0.00069648452336, 0.00644220178947, 0.0111240660772, 0.00695433747023, 0.00427588494495, 0.00272796838544, 0.00158509321045, 0.00056062679505, 0.000304717192193, 0.000305799592752, 0.000265978771495, 0.000426852639066, 0.000321965460898, 0.000231768543017, 0.000210074766073, 0.000556195154786, 0.000690021901391, 0.000232807098655, 0.000156571099069, 0.000236184074311, 0.000328217603965, 0.000212251412449, 0.000372159498511, 0.000497738306876, 0.000252746860497, 0.000295476143947, 0.000122930985526, 0.000164025303093, 0.000113814749056, 6.71221932862e-05, 7.71151899244e-05, 8.37780244183e-05, 6.4543382905e-05, 5.94721459493e-05, 3.46589076798e-05, 3.79584016628e-05, 5.35579347343e-05, 5.4492502386e-05, 3.63444669347e-05, 3.26523258991e-05, 5.29514290974e-05, 2.51492056123e-05, 3.64965490007e-05, 5.85707020946e-05, 4.16706061515e-05, 2.15932868741e-05, 1.43464003486e-05, 1.62633732543e-05, 1.72507425305e-05, 1.16336532301e-05, 1.04333230411e-05, 9.57725478656e-06, 7.67203891883e-06, 9.17275974643e-06, 1.06055649667e-05, 9.41047073866e-06, 8.25187362352e-06, 1.04918062789e-05, 9.12834093469e-06, 1.25184651552e-05, 1.36857470352e-05, 1.23226582218e-05, 6.76351783113e-06, 7.54801385483e-06, 8.95898756426e-06, 1.28241608763e-05, 1.15340199045e-05, 9.19677040656e-06, 6.16823808741e-06, 5.60999342269e-06, 5.05545358465e-06, 6.15695807937e-06, 7.23943412595e-06, 6.45698537483e-06, 5.85061343372e-06, 5.74431396672e-06, 6.85171471559e-06, 5.84671761317e-06, 6.16144643573e-06, 4.25789994551e-06, 5.55969609195e-06, 6.89348416927e-06, 4.32487240687e-06, 4.17627870775e-06, 3.29439944835e-06, 2.46583704211e-06, 1.89024979136e-06, 1.76026878762e-06, 2.08468532037e-06, 2.11869496525e-06, 1.65097310401e-06, 1.31505271384e-06, 1.01498676486e-06, 7.48516697513e-07, 7.46764783344e-07, 7.25262452761e-07, 5.16348279689e-07, 3.70867667243e-07, 3.40546279176e-07, 3.59862667665e-07, 3.66428963616e-07, 3.00377877238e-07, 2.41432502435e-07, 2.46971154638e-07, 1.86031726912e-07, 1.59599920835e-07, 1.56061290113e-07, 1.34234099392e-07, 1.12315184708e-07, 9.73831006945e-08, 7.68033530107e-08, 6.5600275434e-08, 6.17241795453e-08, 5.51413279481e-08, 5.21522451891e-08, 4.69812988513e-08, 3.72522706016e-08, 5.06543029744e-09, 5.26731479614e-12, 5.06206188078e-12, 4.94582586691e-12, 4.84208376519e-12, 4.73746649549e-12, 4.65746321718e-12, 4.59017849772e-12, 4.54551457238e-12, 4.51114970032e-12, 4.47833133424e-12],
        "stdev": [0.00112851569429, 0.0069030909799, 0.0105834519491, 0.00754409143701, 0.0112560708076, 0.00819004420191, 0.00386641919613, 0.00113212096039, 0.000651542271953, 0.000713735935278, 0.000627515662927, 0.000990585889667, 0.000760780472774, 0.000663293991238, 0.000564719724935, 0.000968499283772, 0.0012105430942, 0.00101070362143, 0.000664502498694, 0.000775420456193, 0.00107169325929, 0.000779970549047, 0.0011886068387, 0.00137901888229, 0.000843543210067, 0.000898866797797, 0.000430731161032, 0.000480926944874, 0.000432553497376, 0.000358631630661, 0.000416475813836, 0.000437056936789, 0.000345934706274, 0.000297468737699, 0.000197450630367, 0.000188699923456, 0.000210894038901, 0.000209612422623, 0.00013320564176, 0.00012804576545, 0.000249366479693, 9.49648529058e-05, 0.000138239149237, 0.000254394544754, 0.000248430354986, 0.000127479201183, 7.9360230302e-05, 5.74617879465e-05, 4.42443742941e-05, 3.7480112951e-05, 3.8949874579e-05, 3.84321720048e-05, 2.49057738984e-05, 3.25511391566e-05, 3.08089693135e-05, 2.44760358328e-05, 2.40041154029e-05, 3.60679077858e-05, 2.93130960927e-05, 3.86866668123e-05, 4.1015620809e-05, 4.49985636806e-05, 1.67424677784e-05, 2.08249839488e-05, 2.74309131783e-05, 4.72917599836e-05, 3.54007243004e-05, 3.12042066071e-05, 1.81788982445e-05, 1.62002306752e-05, 1.56522473844e-05, 2.10884991247e-05, 2.81614593405e-05, 2.63463589363e-05, 2.1507818019e-05, 1.80115730473e-05, 2.96139478451e-05, 2.02639930649e-05, 2.53297712334e-05, 1.66227982845e-05, 2.07418434002e-05, 2.92232798529e-05, 1.76412468136e-05, 1.62104479386e-05, 1.16954579426e-05, 7.4256076914e-06, 5.0109933909e-06, 4.00352564611e-06, 4.74630269309e-06, 6.33740046396e-06, 4.2376800593e-06, 3.66910103367e-06, 3.28645546688e-06, 2.09082281799e-06, 2.30879345509e-06, 1.80302140507e-06, 1.41055511449e-06, 9.84386247183e-07, 9.38005825901e-07, 1.0774861039e-06, 1.11788119739e-06, 1.01971147615e-06, 8.6787622422e-07, 8.864768688e-07, 6.61227716137e-07, 5.90562478919e-07, 6.13310476183e-07, 5.47332945189e-07, 4.83296844322e-07, 4.18530760271e-07, 3.11703928446e-07, 2.53776789805e-07, 2.41780952592e-07, 2.05132721476e-07, 1.59606216243e-07, 1.40996917253e-07, 1.04887014629e-07, 1.37356126473e-08, 8.48165288003e-12, 8.23416335116e-12, 8.02875994854e-12, 7.84861238501e-12, 7.69057040273e-12, 7.5584061579e-12, 7.44555458954e-12, 7.35956261211e-12, 7.29535529209e-12, 7.25283201553e-12]
    },
    "mfcc": {
        "mean": [-666.683044434, 126.564407349, 20.2657051086, 32.8283920288, 0.888588130474, 10.5688228607, 1.63325750828, 14.0507602692, 6.46766853333, 15.3640708923, 9.9805803299, 7.8296585083, 1.52899980545],
        "cov": [[4063.25805664, -374.167327881, -462.503295898, -159.953765869, -444.547454834, -249.640548706, -187.559692383, -233.202041626, -182.849609375, -86.3937072754, -37.5262069702, -197.196975708, -97.7040328979], [-374.167327881, 973.577697754, -39.8357849121, -167.604797363, -100.843971252, -95.117477417, -19.331817627, -9.65710067749, -15.3153944016, 14.6329898834, 36.7140922546, 6.88780117035, 34.3612594604], [-462.503295898, -39.8357849121, 726.937561035, 206.531021118, 100.925254822, -54.5294113159, -0.206417292356, -11.2647781372, 54.9056434631, -31.4601364136, -16.3839302063, 5.27998304367, 1.31853306293], [-159.953765869, -167.604797363, 206.531021118, 446.390075684, 155.90335083, 16.4072418213, -45.9791564941, 1.54330813885, 40.2878341675, -22.0009880066, -25.4628810883, 9.97740745544, -1.04249894619], [-444.547454834, -100.843971252, 100.925254822, 155.90335083, 368.009399414, 127.655059814, 42.8409881592, 18.1333942413, 38.6365585327, 16.8398532867, 2.62967061996, 64.1947402954, 45.7153358459], [-249.640548706, -95.117477417, -54.5294113159, 16.4072418213, 127.655059814, 332.973297119, 165.445007324, 76.0533676147, -1.33793330193, 33.7432022095, 31.3937950134, 36.358997345, -2.96300721169], [-187.559692383, -19.331817627, -0.206417292356, -45.9791564941, 42.8409881592, 165.445007324, 232.495178223, 104.714530945, 18.9786911011, 16.3494338989, 18.2889137268, 16.3185119629, -3.10902523994], [-233.202041626, -9.65710067749, -11.2647781372, 1.54330813885, 18.1333942413, 76.0533676147, 104.714530945, 170.366928101, 69.8377304077, 26.1698951721, 6.45201683044, 31.9081859589, 11.9103536606], [-182.849609375, -15.3153944016, 54.9056434631, 40.2878341675, 38.6365585327, -1.33793330193, 18.9786911011, 69.8377304077, 162.638626099, 72.9725570679, 18.2027168274, 22.690568924, 11.4969568253], [-86.3937072754, 14.6329898834, -31.4601364136, -22.0009880066, 16.8398532867, 33.7432022095, 16.3494338989, 26.1698951721, 72.9725570679, 141.306518555, 57.9514007568, 15.0319490433, 5.44525051117], [-37.5262069702, 36.7140922546, -16.3839302063, -25.4628810883, 2.62967061996, 31.3937950134, 18.2889137268, 6.45201683044, 18.2027168274, 57.9514007568, 103.33089447, 50.0815963745, 14.7883472443], [-197.196975708, 6.88780117035, 5.27998304367, 9.97740745544, 64.1947402954, 36.358997345, 16.3185119629, 31.9081859589, 22.690568924, 15.0319490433, 50.0815963745, 125.275749207, 68.9546737671], [-97.7040328979, 34.3612594604, 1.31853306293, -1.04249894619, 45.7153358459, -2.96300721169, -3.10902523994, 11.9103536606, 11.4969568253, 5.44525051117, 14.7883472443, 68.9546737671, 113.326309204]],
        "icov": [[0.000374351104256, 0.000209096979233, 0.000225984680583, -4.33813620475e-05, 0.000331371324137, 0.000157211325131, -4.89826343255e-05, 0.000354514806531, 6.40152356937e-05, 0.000149807296111, -0.000266720599029, 0.000434933055658, -0.000155374887981], [0.000209096979233, 0.00127964245621, 7.28447266738e-05, 0.000351885159034, 0.000256061000982, 0.000422744575189, -3.88195694541e-05, 5.8052384702e-05, 0.000179612659849, 6.53384777252e-05, -0.000630942347925, 0.000466235593194, -0.000527454423718], [0.000225984680583, 7.28447266738e-05, 0.00189655134454, -0.000770790560637, -0.000102229838376, 0.000725977413822, -0.000783211551607, 0.000759605434723, -0.000706689781509, 0.000705037382431, -0.000357126496965, 0.000250635610428, 3.44069012499e-05], [-4.33813620475e-05, 0.000351885159034, -0.000770790560637, 0.003404075047, -0.00122208998073, -0.000449033075711, 0.00147888576612, -0.000626875436865, -0.000610105984379, 0.000746298290323, 6.93265028531e-05, 0.000172713494976, 0.000395788287278], [0.000331371324137, 0.000256061000982, -0.000102229838376, -0.00122208998073, 0.00469770142809, -0.0015550183598, -0.000312761432724, 0.00148961390369, -0.00067085667979, -0.00042586325435, 0.0012113956036, -0.00137039879337, -0.00113854964729], [0.000157211325131, 0.000422744575189, 0.000725977413822, -0.000449033075711, -0.0015550183598, 0.00627907784656, -0.00384611473419, -0.000450299412478, 0.00180893426295, -0.00126714189537, -0.000675558228977, -0.000703310826793, 0.00112151470967], [-4.89826343255e-05, -3.88195694541e-05, -0.000783211551607, 0.00147888576612, -0.000312761432724, -0.00384611473419, 0.00931758526713, -0.00458624679595, 0.000272022472927, 0.000967028434388, -0.0012163517531, 0.00139789457899, -1.0410674804e-05], [0.000354514806531, 5.8052384702e-05, 0.000759605434723, -0.000626875436865, 0.00148961390369, -0.000450299412478, -0.00458624679595, 0.0114308493212, -0.00448303064331, 0.000369032553863, 0.00201887194999, -0.00239313091151, -3.66680105799e-05], [6.40152356937e-05, 0.000179612659849, -0.000706689781509, -0.000610105984379, -0.00067085667979, 0.00180893426295, 0.000272022472927, -0.00448303064331, 0.0113853607327, -0.00606495700777, 0.00117628101725, -0.000888100417797, 0.000323126616422], [0.000149807296111, 6.53384777252e-05, 0.000705037382431, 0.000746298290323, -0.00042586325435, -0.00126714189537, 0.000967028434388, 0.000369032553863, -0.00606495700777, 0.0134967137128, -0.00754891475663, 0.00353788631037, -0.000966386927757], [-0.000266720599029, -0.000630942347925, -0.000357126496965, 6.93265028531e-05, 0.0012113956036, -0.000675558228977, -0.0012163517531, 0.00201887194999, 0.00117628101725, -0.00754891475663, 0.0181230939925, -0.00918399915099, 0.00268081086688], [0.000434933055658, 0.000466235593194, 0.000250635610428, 0.000172713494976, -0.00137039879337, -0.000703310826793, 0.00139789457899, -0.00239313091151, -0.000888100417797, 0.00353788631037, -0.00918399915099, 0.0182854775339, -0.00895087700337], [-0.000155374887981, -0.000527454423718, 3.44069012499e-05, 0.000395788287278, -0.00113854964729, 0.00112151470967, -1.0410674804e-05, -3.66680105799e-05, 0.000323126616422, -0.000966386927757, 0.00268081086688, -0.00895087700337, 0.0144555522129]]
    },
    "spectral_contrast_coeffs": {
        "mean": [-0.720349371433, -0.719173789024, -0.74229735136, -0.797532737255, -0.811115443707, -0.756879687309],
        "stdev": [0.0722768083215, 0.078349083662, 0.0800281688571, 0.059655893594, 0.0379101857543, 0.0495469272137]
    },
    "spectral_contrast_valleys": {
        "mean": [-6.68464994431, -6.88282632828, -7.88474321365, -8.11111545563, -7.80818653107, -10.424700737],
        "stdev": [0.761548638344, 0.908772945404, 0.816396296024, 0.775264441967, 0.77589827776, 0.787255108356]
    }
},
"rhythm": {
    "beats_count": 399,
    "beats_loudness": {
        "mean": 0.0731544792652,
        "stdev": 0.0450169332325
    },
    "bpm": 89.9347839355,
    "bpm_histogram_first_peak_bpm": 91,
    "bpm_histogram_first_peak_weight": 0.455555558205,
    "bpm_histogram_second_peak_bpm": 144,
    "bpm_histogram_second_peak_spread": 0.565217375755,
    "bpm_histogram_second_peak_weight": 0.0251256283373,
    "danceability": 1.43013596535,
    "onset_rate": 4.29760694504,
    "beats_loudness_band_ratio": {
        "mean": [0.586812734604, 0.104512788355, 0.110312514007, 0.0391105078161, 0.0497046336532, 0.141423508525],
        "stdev": [0.316024005413, 0.0955526009202, 0.120350338519, 0.043802767992, 0.0543272681534, 0.166839465499]
    },
    "beats_position": [0.673378646374, 1.369977355, 2.0549659729, 2.75156450272, 3.44816327095, 4.14476203918, 4.85297060013, 5.56117916107, 6.24616765976, 6.91954612732, 7.59292507172, 8.26630401611, 8.92807197571, 9.58984088898, 10.2632198334, 10.9365987778, 11.6099767685, 12.2833557129, 12.9451246262, 13.6068935394, 14.2802715302, 14.9420404434, 15.6038093567, 16.2771873474, 16.9505672455, 17.6123352051, 18.2741031647, 18.9474830627, 19.6208610535, 20.2826309204, 20.94439888, 21.6061668396, 22.2679367065, 22.9413146973, 23.614692688, 24.2764625549, 24.9382305145, 25.6116104126, 26.2733783722, 26.9351463318, 27.6085262299, 28.2702941895, 28.932062149, 29.6054420471, 30.2788200378, 30.9521980286, 31.6023578644, 32.2757377625, 32.9491157532, 33.6108856201, 34.2726516724, 34.9460296631, 35.6194114685, 36.2811775208, 36.9429473877, 37.6163253784, 38.2780952454, 38.9398651123, 39.613243103, 40.2750091553, 40.9367790222, 41.6101570129, 42.2835350037, 42.9453048706, 43.6070747375, 44.2804527283, 44.9422225952, 45.6039886475, 46.2773704529, 46.9507484436, 47.6009063721, 48.2742843628, 48.9476623535, 49.6094322205, 50.2712020874, 50.9445800781, 51.6179580688, 52.2797279358, 52.941493988, 53.6148757935, 54.2766418457, 54.9500198364, 55.6117897034, 56.2851676941, 56.946937561, 57.608707428, 58.2820854187, 58.9438552856, 59.6056213379, 60.2789993286, 60.952381134, 61.6141471863, 62.2759170532, 62.9492950439, 63.6110649109, 64.2728347778, 64.9462127686, 65.6195907593, 66.2697525024, 66.9431304932, 67.6165084839, 68.2782745361, 68.9400405884, 69.6134262085, 70.2868041992, 70.9485702515, 71.6103363037, 72.2837142944, 72.9570999146, 73.6188659668, 74.280632019, 74.9424057007, 75.6041717529, 76.2775497437, 76.9509277344, 77.6126937866, 78.2744674683, 78.947845459, 79.6212234497, 80.282989502, 80.9447631836, 81.6065292358, 82.2682952881, 82.9416732788, 83.6150588989, 84.2768249512, 84.9385910034, 85.6119689941, 86.2853469849, 86.9471206665, 87.6088867188, 88.2822647095, 88.9556427002, 89.6174163818, 90.2791824341, 90.9409484863, 91.602722168, 92.2761001587, 92.9494781494, 93.6112442017, 94.2730178833, 94.946395874, 95.6197738647, 96.281539917, 96.9433059692, 97.61668396, 98.2784576416, 98.9402236938, 99.6136016846, 100.275375366, 100.937141418, 101.610519409, 102.2838974, 102.957275391, 103.607437134, 104.280815125, 104.954193115, 105.615959167, 106.277732849, 106.95111084, 107.624488831, 108.286254883, 108.948028564, 109.621406555, 110.283172607, 110.94493866, 111.61831665, 112.280090332, 112.941856384, 113.615234375, 114.288612366, 114.950386047, 115.6121521, 116.28553009, 116.947296143, 117.620681763, 118.282447815, 118.944213867, 119.605987549, 120.27936554, 120.95274353, 121.614509583, 122.276275635, 122.949661255, 123.623039246, 124.284805298, 124.94657135, 125.619949341, 126.293327332, 126.955101013, 127.616867065, 128.290252686, 128.952011108, 129.61378479, 130.28717041, 130.948928833, 131.610702515, 132.284072876, 132.957458496, 133.619232178, 134.280990601, 134.954376221, 135.627746582, 136.289520264, 136.951293945, 137.613052368, 138.27482605, 138.94821167, 139.621582031, 140.283355713, 140.945129395, 141.618499756, 142.291885376, 142.953643799, 143.61541748, 144.288803101, 144.950561523, 145.623947144, 146.285705566, 146.959091187, 147.620864868, 148.282623291, 148.956008911, 149.617782593, 150.279541016, 150.952926636, 151.614685059, 152.288070679, 152.94984436, 153.623214722, 154.284988403, 154.946762085, 155.620132446, 156.293518066, 156.943664551, 157.617050171, 158.290420532, 158.952194214, 159.613967896, 160.287338257, 160.949111938, 161.61088562, 162.284255981, 162.957641602, 163.619400024, 164.281173706, 164.954559326, 165.616317749, 166.278091431, 166.951477051, 167.624847412, 168.286621094, 168.948379517, 169.621765137, 170.283538818, 170.95690918, 171.618682861, 172.292053223, 172.953826904, 173.627212524, 174.288970947, 174.950744629, 175.612518311, 176.285888672, 176.959274292, 177.621032715, 178.282806396, 178.956192017, 179.629562378, 180.29133606, 180.953109741, 181.614868164, 182.276641846, 182.950012207, 183.623397827, 184.296783447, 184.946929932, 185.620315552, 186.293685913, 186.955459595, 187.617233276, 188.290603638, 188.952377319, 189.614151001, 190.287521362, 190.949295044, 191.611068726, 192.284439087, 192.957824707, 193.61958313, 194.281356812, 194.954742432, 195.616500854, 196.278274536, 196.951644897, 197.625030518, 198.286804199, 198.948562622, 199.621948242, 200.295318604, 200.957092285, 201.618865967, 202.292236328, 202.95401001, 203.615783691, 204.289154053, 204.962539673, 205.624298096, 206.286071777, 206.947845459, 207.609603882, 208.282989502, 208.956375122, 209.618133545, 210.279907227, 210.953277588, 211.626663208, 212.28843689, 212.950195312, 213.623580933, 214.296951294, 214.958724976, 215.620498657, 216.293869019, 216.9556427, 217.617416382, 218.290786743, 218.952560425, 219.614334106, 220.287704468, 220.961090088, 221.634460449, 222.296234131, 222.958007812, 223.608154297, 224.281539917, 224.954910278, 225.628295898, 226.30166626, 226.963439941, 227.625213623, 228.286987305, 228.948745728, 229.622131348, 230.283889771, 230.945663452, 231.619049072, 232.292419434, 232.965805054, 233.627563477, 234.289337158, 234.962722778, 235.624481201, 236.286254883, 236.959625244, 237.621398926, 238.283172607, 238.956542969, 239.61831665, 240.280090332, 240.953460693, 241.626846313, 242.288604736, 242.961990356, 243.623764038, 244.297134399, 244.958908081, 245.551010132, 246.143127441, 246.735229492, 247.327346802, 247.919448853, 248.337417603, 248.755371094, 249.173324585, 249.602905273, 250.009246826, 250.427200317, 250.845169067, 251.286346436, 251.727523804, 252.157089233, 252.586654663, 253.004623413, 253.422576904, 253.840545654, 254.270111084, 254.711288452, 255.140853882, 255.558822632, 255.965164185, 256.371520996, 256.777862549, 257.195831299, 257.625396729, 258.054962158, 258.484527588, 258.914093018, 259.355285645],
    "bpm_histogram": [0, 0, 0, 0, 0, 0, 0, 0, 0, 0, 0, 0, 0, 0, 0, 0, 0, 0, 0, 0, 0, 0, 0, 0, 0, 0, 0, 0, 0, 0, 0, 0, 0, 0, 0, 0, 0, 0, 0, 0, 0, 0, 0, 0, 0, 0, 0, 0, 0, 0, 0, 0, 0, 0, 0, 0, 0, 0, 0, 0, 0, 0, 0, 0, 0, 0, 0, 0, 0, 0, 0, 0, 0, 0, 0, 0, 0, 0, 0, 0, 0, 0, 0, 0, 0, 0.00502512557432, 0.0100502511486, 0, 0.00502512557432, 0.407035171986, 0, 0.474874377251, 0.0175879392773, 0, 0, 0, 0, 0, 0, 0, 0, 0.0125628141686, 0, 0, 0, 0, 0, 0, 0, 0, 0, 0, 0, 0, 0, 0, 0, 0, 0, 0, 0, 0, 0, 0, 0, 0, 0, 0, 0, 0, 0, 0, 0, 0, 0, 0, 0.0100502511486, 0, 0, 0, 0.0226130653173, 0, 0, 0, 0.0251256283373, 0, 0, 0, 0.0100502511486, 0, 0, 0, 0, 0, 0, 0, 0, 0, 0, 0, 0, 0, 0, 0, 0, 0, 0, 0, 0, 0, 0, 0, 0, 0, 0, 0, 0, 0, 0, 0, 0, 0, 0, 0, 0, 0, 0, 0, 0, 0, 0, 0, 0, 0, 0, 0, 0, 0, 0, 0, 0, 0, 0, 0, 0, 0, 0, 0, 0, 0, 0, 0, 0, 0, 0, 0, 0, 0, 0, 0, 0, 0, 0, 0, 0, 0, 0, 0, 0, 0, 0, 0, 0, 0, 0, 0, 0, 0, 0, 0, 0, 0, 0, 0, 0, 0, 0, 0, 0, 0]
},
"tonal": {
    "chords_changes_rate": 0.0610387288034,
    "chords_number_rate": 0.00107085495256,
    "chords_strength": {
        "mean": 0.607836604118,
        "stdev": 0.093617387116
    },
    "hpcp_crest": {
        "mean": 13.1519861221,
        "stdev": 5.08146238327
    },
    "hpcp_entropy": {
        "mean": 1.91819894314,
        "stdev": 0.651431500912
    },
    "key_edma": {
        "strength": 0.660756528378,
        "key": "C",
        "scale": "minor"
    },
    "key_krumhansl": {
        "strength": 0.678065419197,
        "key": "C",
        "scale": "minor"
    },
    "key_temperley": {
        "strength": 0.699075698853,
        "key": "C",
        "scale": "minor"
    },
    "tuning_diatonic_strength": 0.68751180172,
    "tuning_equal_tempered_deviation": 0.272508114576,
    "tuning_frequency": 434.193115234,
    "tuning_nontempered_energy_ratio": 0.892299413681,
    "hpcp": {
        "mean": [0.0826186835766, 0.0580534897745, 0.0455112420022, 0.0569125339389, 0.0670165345073, 0.0625120848417, 0.0638183802366, 0.0836923271418, 0.206225752831, 0.373008310795, 0.274721384048, 0.090218141675, 0.0599456690252, 0.0761440992355, 0.0847170427442, 0.0557321608067, 0.0389331951737, 0.0482070930302, 0.0718223676085, 0.0956525877118, 0.0702768266201, 0.032284874469, 0.0248121544719, 0.023329095915, 0.0413596369326, 0.0731480717659, 0.066039480269, 0.0468467324972, 0.0663377121091, 0.126801982522, 0.179660707712, 0.19280834496, 0.160288214684, 0.130336612463, 0.136829018593, 0.115244887769],
        "stdev": [0.209218502045, 0.174554735422, 0.144208133221, 0.170712038875, 0.183699011803, 0.173930540681, 0.188837215304, 0.218164026737, 0.310221046209, 0.426192015409, 0.348844051361, 0.192341923714, 0.154334977269, 0.16267631948, 0.184085130692, 0.137150734663, 0.111224018037, 0.137964293361, 0.179459556937, 0.200555235147, 0.161808460951, 0.096972823143, 0.0826262235641, 0.081407956779, 0.119029358029, 0.178592115641, 0.163181886077, 0.142578572035, 0.179231330752, 0.263292908669, 0.301743507385, 0.295222222805, 0.268404066563, 0.248738929629, 0.284616798162, 0.248901948333]
    },
    "chords_histogram": [62.6628608704, 0.571122586727, 0, 0.428341954947, 0, 0.785293579102, 0.963769435883, 3.56951642036, 0, 0, 0.0178475808352, 0, 0, 0, 0.0356951616704, 0, 0.107085488737, 1.26717829704, 2.19525265694, 0.481884717941, 0.107085488737, 0.464037120342, 7.81724071503, 18.5257892609],
    "thpcp": [1, 0.736502051353, 0.24186630547, 0.160708665848, 0.204135134816, 0.227118372917, 0.14941264689, 0.104376211762, 0.129238650203, 0.192548975348, 0.256435543299, 0.188405528665, 0.0865526944399, 0.0665190368891, 0.0625431016088, 0.110881276429, 0.196103066206, 0.177045598626, 0.125591665506, 0.177845135331, 0.339944124222, 0.481653362513, 0.516900956631, 0.429717540741, 0.349420130253, 0.366825670004, 0.308960646391, 0.221492871642, 0.155635908246, 0.122011333704, 0.152577117085, 0.179664984345, 0.167588993907, 0.171091035008, 0.224371209741, 0.552871763706],
    "chords_key": "C",
    "chords_scale": "minor"
}
}