{
"metadata": {
    "version": {
        "essentia": "2.1-dev",
        "essentia_git_sha": "v2.1_beta3-415-gd5473f3",
        "extractor": "music 2.0"
    },
    "audio_properties": {
        "analysis": {
            "equal_loudness": 0,
            "length": 306.625305176,
            "sample_rate": 44100,
            "start_time": 0,
            "downmix": "mix"
        },
        "bit_rate": 192000,
        "length": 306.625305176,
        "lossless": 0,
        "number_channels": 2,
        "replay_gain": -6.53367424011,
        "sample_rate": 44100,
        "codec": "mp3",
        "md5_encoded": "c05fa81d1118dc452644992b01198ae7"
    },
    "tags": {
        "file_name": "geto_boys-first_light_of_the_day.mp3",
        "album": ["The Resurrection"],
        "artist": ["Geto Boys"],
        "genre": ["Gangsta"],
        "title": ["First Light Of The Day"]
    }
},
"lowlevel": {
    "average_loudness": 0.917144775391,
    "barkbands_crest": {
        "mean": 14.3950624466,
        "stdev": 4.91424465179
    },
    "barkbands_flatness_db": {
        "mean": 0.188575416803,
        "stdev": 0.089365079999
    },
    "barkbands_kurtosis": {
        "mean": 22.6476306915,
        "stdev": 44.8918113708
    },
    "barkbands_skewness": {
        "mean": 3.12096142769,
        "stdev": 2.74601793289
    },
    "barkbands_spread": {
        "mean": 21.1395587921,
        "stdev": 19.6266613007
    },
    "dissonance": {
        "mean": 0.454661428928,
        "stdev": 0.037425480783
    },
    "dynamic_complexity": 4.20156764984,
    "erbbands_crest": {
        "mean": 10.8658342361,
        "stdev": 5.55126428604
    },
    "erbbands_flatness_db": {
        "mean": 0.137130349874,
        "stdev": 0.0515767671168
    },
    "erbbands_kurtosis": {
        "mean": 1.13113737106,
        "stdev": 3.90569877625
    },
    "erbbands_skewness": {
        "mean": 0.295332103968,
        "stdev": 1.04079473019
    },
    "erbbands_spread": {
        "mean": 52.197479248,
        "stdev": 32.6839408875
    },
    "hfc": {
        "mean": 26.8896694183,
        "stdev": 31.3486175537
    },
    "loudness_ebu128": {
        "integrated": -15.6964530945,
        "loudness_range": 3.18568611145,
        "momentary": {
            "mean": -17.268787384,
            "stdev": 5.19900608063
        },
        "short_term": {
            "mean": -16.5476036072,
            "stdev": 3.60781049728
        }
    },
    "melbands_crest": {
        "mean": 22.9087562561,
        "stdev": 8.5342912674
    },
    "melbands_flatness_db": {
        "mean": 0.272608041763,
        "stdev": 0.110613390803
    },
    "melbands_kurtosis": {
        "mean": 88.5543746948,
        "stdev": 242.959197998
    },
    "melbands_skewness": {
        "mean": 5.70115852356,
        "stdev": 5.40406370163
    },
    "melbands_spread": {
        "mean": 19.8562412262,
        "stdev": 29.7683887482
    },
    "pitch_salience": {
        "mean": 0.386075377464,
        "stdev": 0.170723721385
    },
    "silence_rate_20dB": {
        "mean": 0.984326481819,
        "stdev": 0.124203935266
    },
    "silence_rate_30dB": {
        "mean": 0.761944413185,
        "stdev": 0.425874710083
    },
    "silence_rate_60dB": {
        "mean": 0.107973046601,
        "stdev": 0.310344427824
    },
    "spectral_centroid": {
        "mean": 1386.53564453,
        "stdev": 844.077697754
    },
    "spectral_complexity": {
        "mean": 12.0772314072,
        "stdev": 9.93747711182
    },
    "spectral_decrease": {
        "mean": -1.81514252517e-08,
        "stdev": 2.23324025939e-08
    },
    "spectral_energy": {
        "mean": 0.0709465965629,
        "stdev": 0.0853506401181
    },
    "spectral_energyband_high": {
        "mean": 0.00157140207011,
        "stdev": 0.00268533290364
    },
    "spectral_energyband_low": {
        "mean": 0.0563294105232,
        "stdev": 0.0818378925323
    },
    "spectral_energyband_middle_high": {
        "mean": 0.00399513263255,
        "stdev": 0.00591166177765
    },
    "spectral_energyband_middle_low": {
        "mean": 0.00879100803286,
        "stdev": 0.0131307141855
    },
    "spectral_entropy": {
        "mean": 7.64264345169,
        "stdev": 0.575196564198
    },
    "spectral_flux": {
        "mean": 0.118151426315,
        "stdev": 0.0899027660489
    },
    "spectral_kurtosis": {
        "mean": 3.68590545654,
        "stdev": 6.05419206619
    },
    "spectral_rms": {
        "mean": 0.00692474609241,
        "stdev": 0.00461134174839
    },
    "spectral_rolloff": {
        "mean": 1394.77770996,
        "stdev": 2498.62573242
    },
    "spectral_skewness": {
        "mean": 1.49884307384,
        "stdev": 0.628458678722
    },
    "spectral_spread": {
        "mean": 6630155,
        "stdev": 2722365.75
    },
    "spectral_strongpeak": {
        "mean": 0.740652799606,
        "stdev": 1.05332791805
    },
    "zerocrossingrate": {
        "mean": 0.0606168620288,
        "stdev": 0.0602466389537
    },
    "barkbands": {
        "mean": [0.0122137991711, 0.0379218272865, 0.00656095566228, 0.000946943357121, 0.00216048955917, 0.000995103735477, 0.00147510261741, 0.00168455881067, 0.00127615663223, 0.000506767013576, 0.000505360891111, 0.000548503769096, 0.000511444173753, 0.000419047893956, 0.000434074754594, 0.00034950763802, 0.000313500087941, 0.000223926748731, 0.00027569491067, 0.000134905378218, 0.000172319138073, 0.000201682370971, 0.000301417952869, 0.000274182617432, 0.000274188030744, 0.000253506586887, 1.16170522233e-05],
        "stdev": [0.0240169540048, 0.0582484528422, 0.0202426109463, 0.00352810043842, 0.00624540727586, 0.00331660127267, 0.00367318885401, 0.00391482841223, 0.00424620741978, 0.00160698767286, 0.00159868341871, 0.00178205734119, 0.00205229665153, 0.00128508335911, 0.00130652880762, 0.000698711082805, 0.00066644360777, 0.000694190268405, 0.000644796644337, 0.000327184156049, 0.000364313862519, 0.000407555111451, 0.000597549485974, 0.000551249657292, 0.000515644031111, 0.000512357335538, 2.42952864937e-05]
    },
    "erbbands": {
        "mean": [2.0865213871, 4.65401792526, 7.63798332214, 5.33508825302, 3.58230423927, 9.57791137695, 7.46544933319, 8.94804382324, 19.1644153595, 24.9708137512, 38.9528083801, 29.0198001862, 23.2072544098, 13.8144178391, 24.0432109833, 23.2046470642, 23.1734466553, 24.3458156586, 23.8724308014, 17.2887172699, 21.3023967743, 17.5153465271, 12.8252840042, 14.1508922577, 11.1272726059, 6.68116760254, 6.95956611633, 6.9188914299, 7.26454544067, 8.19561195374, 8.92022132874, 6.38309431076, 4.20157003403, 2.80226325989, 2.07769608498, 1.22669732571, 0.426430314779, 0.0685495212674, 0.00150840065908, 0.000128382147523],
        "stdev": [3.64077305794, 7.0573143959, 20.5155239105, 18.4184799194, 8.26908397675, 32.5859718323, 22.594751358, 32.3957366943, 49.5949401855, 59.0893363953, 94.9774475098, 93.9476852417, 76.1306762695, 38.7935752869, 73.2102508545, 66.9872894287, 74.1053771973, 83.8228302002, 69.4536514282, 44.8812522888, 39.5347671509, 37.735660553, 40.1041717529, 32.5082778931, 27.2796401978, 15.9463777542, 16.8018569946, 13.0487298965, 14.4880714417, 17.4060993195, 17.6594982147, 12.9484930038, 8.66822433472, 5.44307136536, 3.88389277458, 2.43283557892, 0.884589374065, 0.139506280422, 0.00296549219638, 0.000150686566485]
    },
    "gfcc": {
        "mean": [-18.4398422241, 63.4589881897, -84.2697067261, 34.8210868835, -45.0785980225, 27.2279644012, -28.4574680328, 23.7462501526, -10.8532686234, 16.4484882355, -12.862112999, 7.55598926544, -15.3702917099],
        "cov": [[11577.9150391, -1297.81494141, -208.709014893, -300.644927979, -437.764312744, 277.880493164, -609.080505371, 133.094833374, -303.29699707, -46.6306266785, -386.067443848, 297.114990234, -84.23097229], [-1297.81494141, 1881.29272461, -339.124755859, -16.7598552704, 474.980865479, -164.447265625, 364.925598145, -8.4629945755, 233.448150635, -49.8784446716, 188.245880127, -133.493499756, 127.94418335], [-208.709014893, -339.124755859, 1212.90234375, 394.124755859, 95.1360549927, 180.858108521, -50.0474777222, 16.7118263245, -73.6207809448, 6.15262699127, -34.0776634216, 14.1923856735, -79.3908004761], [-300.644927979, -16.7598552704, 394.124755859, 537.806274414, 203.168106079, 18.2187156677, 13.1090221405, -13.2741537094, 23.5541496277, -3.30541849136, 17.687253952, -33.8395576477, 17.4690666199], [-437.764312744, 474.980865479, 95.1360549927, 203.168106079, 514.565063477, 108.976905823, 171.773452759, 52.1573638916, 121.013801575, 18.0289516449, 56.3516998291, -70.4469909668, 57.4548988342], [277.880493164, -164.447265625, 180.858108521, 18.2187156677, 108.976905823, 312.129730225, 114.085914612, 57.3149795532, 9.77992916107, 26.4897766113, -11.4283370972, 14.6582317352, -0.452580362558], [-609.080505371, 364.925598145, -50.0474777222, 13.1090221405, 171.773452759, 114.085914612, 443.193328857, 122.095741272, 79.8321304321, 13.3443593979, 75.7819290161, -50.0256919861, 25.1032466888], [133.094833374, -8.4629945755, 16.7118263245, -13.2741537094, 52.1573638916, 57.3149795532, 122.095741272, 183.793182373, 51.6258392334, 25.0694198608, 15.8384056091, -9.3407125473, -9.30975341797], [-303.29699707, 233.448150635, -73.6207809448, 23.5541496277, 121.013801575, 9.77992916107, 79.8321304321, 51.6258392334, 211.875930786, 65.9241409302, 47.9182701111, -23.9793071747, 39.4124984741], [-46.6306266785, -49.8784446716, 6.15262699127, -3.30541849136, 18.0289516449, 26.4897766113, 13.3443593979, 25.0694198608, 65.9241409302, 142.52432251, 40.3871955872, 1.8817602396, 11.6339168549], [-386.067443848, 188.245880127, -34.0776634216, 17.687253952, 56.3516998291, -11.4283370972, 75.7819290161, 15.8384056091, 47.9182701111, 40.3871955872, 147.115890503, 34.0297470093, 31.7487297058], [297.114990234, -133.493499756, 14.1923856735, -33.8395576477, -70.4469909668, 14.6582317352, -50.0256919861, -9.3407125473, -23.9793071747, 1.8817602396, 34.0297470093, 148.653259277, 44.25831604], [-84.23097229, 127.94418335, -79.3908004761, 17.4690666199, 57.4548988342, -0.452580362558, 25.1032466888, -9.30975341797, 39.4124984741, 11.6339168549, 31.7487297058, 44.25831604, 148.892868042]],
        "icov": [[0.000124494341435, -4.71374551125e-05, 9.4720715424e-05, -5.87939393881e-05, 3.44236868841e-05, -0.00019973354938, 0.000213582869037, -0.000262566987658, 0.000143636207213, -8.63116219989e-05, 0.000332791823894, -0.00030066317413, 8.91528179636e-05], [-4.71374551125e-05, 0.00146949349437, -0.000140072850627, 0.000750588194933, -0.00119986489881, 0.00127456220798, -0.000944867962971, 0.000965775107034, -0.000921851838939, 0.00118884001859, -0.00130022398662, 0.000966310093645, -0.000624448992312], [9.4720715424e-05, -0.000140072850627, 0.00147526257206, -0.00118947657757, 0.000130270142108, -0.00101227732375, 0.000482949370053, -0.000485382421175, 0.000604783766903, -0.000372752110707, 0.000458930211607, -0.000708923791535, 0.000916913733818], [-5.87939393881e-05, 0.000750588194933, -0.00118947657757, 0.00349814654328, -0.0016489434056, 0.00136668013874, -0.000475404318422, 0.000948568049353, -0.000621347979177, 0.000843945366796, -0.00100547389593, 0.00108799117152, -0.000953468319494], [3.44236868841e-05, -0.00119986489881, 0.000130270142108, -0.0016489434056, 0.00446199672297, -0.00221307622269, 0.00043950745021, -0.000897761667147, -0.000470242695883, -0.00021882323199, -3.05795983877e-05, 0.00103382859379, -0.000704523932654], [-0.00019973354938, 0.00127456220798, -0.00101227732375, 0.00136668013874, -0.00221307622269, 0.00613277778029, -0.0024210747797, 0.000811953213997, -0.000527564960066, -0.000135740599944, 0.00033405557042, -0.000523718888871, -0.000342046056176], [0.000213582869037, -0.000944867962971, 0.000482949370053, -0.000475404318422, 0.00043950745021, -0.0024210747797, 0.00480261491612, -0.00291217397898, 0.000617669604253, 0.000156834124937, -0.000982153462246, 0.00081179960398, -0.000130351632833], [-0.000262566987658, 0.000965775107034, -0.000485382421175, 0.000948568049353, -0.000897761667147, 0.000811953213997, -0.00291217397898, 0.00841769296676, -0.00217763963155, 0.000201219241717, -0.000706692459062, 0.000316657329677, 0.000634953088593], [0.000143636207213, -0.000921851838939, 0.000604783766903, -0.000621347979177, -0.000470242695883, -0.000527564960066, 0.000617669604253, -0.00217763963155, 0.00798067823052, -0.00356591050513, 0.000348596804542, 5.17481239513e-05, -0.000715264293831], [-8.63116219989e-05, 0.00118884001859, -0.000372752110707, 0.000843945366796, -0.00021882323199, -0.000135740599944, 0.000156834124937, 0.000201219241717, -0.00356591050513, 0.0102327084169, -0.00385621795431, 0.00188655848615, -0.000892151088919], [0.000332791823894, -0.00130022398662, 0.000458930211607, -0.00100547389593, -3.05795983877e-05, 0.00033405557042, -0.000982153462246, -0.000706692459062, 0.000348596804542, -0.00385621795431, 0.0121761709452, -0.00552499433979, 0.00105743191671], [-0.00030066317413, 0.000966310093645, -0.000708923791535, 0.00108799117152, 0.00103382859379, -0.000523718888871, 0.00081179960398, 0.000316657329677, 5.17481239513e-05, 0.00188655848615, -0.00552499433979, 0.0119525538757, -0.0045595834963], [8.91528179636e-05, -0.000624448992312, 0.000916913733818, -0.000953468319494, -0.000704523932654, -0.000342046056176, -0.000130351632833, 0.000634953088593, -0.000715264293831, -0.000892151088919, 0.00105743191671, -0.0045595834963, 0.00962543580681]]
    },
    "melbands": {
        "mean": [0.0145140811801, 0.0045578260906, 0.000889422313776, 0.000471661682241, 0.000310634379275, 0.000198557070689, 0.000298984145047, 0.000286215421511, 0.000307510839775, 0.00017941655824, 0.000112170004286, 5.14563544129e-05, 7.38385861041e-05, 6.63513856125e-05, 5.71511991438e-05, 4.71854291391e-05, 4.50231746072e-05, 3.71461064788e-05, 2.90818006761e-05, 2.11437691178e-05, 2.49390668614e-05, 1.86376109923e-05, 1.32568229674e-05, 1.08750018626e-05, 1.15059992822e-05, 1.0152492905e-05, 4.81490042148e-06, 4.33978539149e-06, 4.16328384745e-06, 4.43327598987e-06, 3.89253955291e-06, 3.96645555156e-06, 4.10518396166e-06, 4.72266037832e-06, 5.49618607693e-06, 3.8494549699e-06, 4.00084536523e-06, 3.01319983009e-06, 2.44412012762e-06, 2.33588389165e-06],
        "stdev": [0.0235859677196, 0.00916283857077, 0.00286163482815, 0.00138978660107, 0.000908415822778, 0.000692643166985, 0.000753116037231, 0.00066154228989, 0.000783695664722, 0.00061981100589, 0.000380860205041, 0.000163008604432, 0.000230853300309, 0.000225007170229, 0.000158875787747, 0.000214740284719, 0.000157028756803, 0.000114007467346, 9.03662948986e-05, 4.86942008138e-05, 4.77894172946e-05, 4.2816522182e-05, 3.65075575246e-05, 4.06794351875e-05, 2.8292181014e-05, 2.63001638814e-05, 1.17601230158e-05, 1.08506346805e-05, 1.04522023321e-05, 9.69719894783e-06, 7.47588092054e-06, 8.00427187642e-06, 9.27783457882e-06, 1.01760515463e-05, 1.14097911137e-05, 7.31945237931e-06, 8.78619539435e-06, 6.53040297038e-06, 4.97711471326e-06, 4.5896276788e-06]
    },
    "melbands128": {
        "mean": [0.0111829284579, 0.021513948217, 0.0134023781866, 0.00599841866642, 0.00423548882827, 0.00288605457172, 0.00110048882198, 0.00036352762254, 0.000274279998848, 0.000438738119556, 0.000677464180626, 0.000392144545913, 0.000226743344683, 0.000205878401175, 0.000191131111933, 0.000196842782316, 0.000214071129449, 0.000379198900191, 0.000288437120616, 0.00026352063287, 0.000282981258351, 0.0003482758475, 0.000362537917681, 0.000203254719963, 0.000162142896443, 0.000187299374375, 0.000171703548403, 0.000111393266707, 5.05089374201e-05, 5.60820481041e-05, 4.63603319076e-05, 5.27670199517e-05, 7.4182615208e-05, 9.93160429061e-05, 6.42218146822e-05, 6.12321964581e-05, 6.10742790741e-05, 5.56913983019e-05, 5.82379980187e-05, 4.84581869387e-05, 4.14525566157e-05, 5.11847611051e-05, 4.44509532826e-05, 4.7543868277e-05, 2.62276498688e-05, 3.8487243728e-05, 4.68455800728e-05, 2.99733328575e-05, 2.16115240619e-05, 2.07492867048e-05, 1.82015446626e-05, 2.15474319702e-05, 3.47150526068e-05, 1.96119817701e-05, 2.00629256142e-05, 1.91676699615e-05, 1.67191228684e-05, 1.61985080922e-05, 1.08652229756e-05, 9.51650054049e-06, 1.2619005247e-05, 9.27715063881e-06, 1.21374077935e-05, 1.17814452096e-05, 1.1404167708e-05, 1.08470940177e-05, 9.70913151832e-06, 5.38921085536e-06, 3.25749942931e-06, 4.22585571869e-06, 4.70002169095e-06, 4.02254363507e-06, 4.65232642455e-06, 3.64583820556e-06, 4.52129688711e-06, 4.56248335468e-06, 4.52816675534e-06, 3.71153964807e-06, 3.8589992073e-06, 3.93006712329e-06, 3.89323759009e-06, 3.60189096682e-06, 4.9985123951e-06, 3.92445690522e-06, 3.4807621887e-06, 5.34243190486e-06, 4.88008754473e-06, 3.92953688788e-06, 6.6981888267e-06, 5.63080266147e-06, 3.98987413064e-06, 3.14372550747e-06, 3.79431526198e-06, 4.75332581118e-06, 3.38853783433e-06, 3.31675437337e-06, 3.00881310977e-06, 2.64471077571e-06, 2.32182537729e-06, 2.49715662903e-06, 2.15751947508e-06, 2.28630165111e-06, 2.62022172137e-06, 2.22102926273e-06, 2.35743141275e-06, 2.49535355579e-06, 2.12699660551e-06, 2.25590929404e-06, 2.16823264054e-06, 2.2020567485e-06, 1.70131158939e-06, 1.81269717814e-06, 1.13156829684e-06, 1.08978508706e-06, 9.6433757335e-07, 8.2238750565e-07, 4.62370564946e-07, 4.93057861206e-08, 1.40160643508e-11, 1.17683987555e-11, 1.13771032526e-11, 1.10648712415e-11, 1.07892913354e-11, 1.05858108737e-11, 1.04013585939e-11, 1.02764931981e-11, 1.01833151286e-11, 1.01078017484e-11],
        "stdev": [0.022054117173, 0.0394860990345, 0.0207511670887, 0.0107402838767, 0.0110088791698, 0.00939393322915, 0.00416323449463, 0.00123324838933, 0.000771120714489, 0.00133426487446, 0.00269508361816, 0.00136988889426, 0.000861381937284, 0.000855403253809, 0.000873646058608, 0.00098806375172, 0.00085231103003, 0.00111650303006, 0.00089821376605, 0.000861698761582, 0.000908320595045, 0.00102154782508, 0.00112819019705, 0.000992991030216, 0.000775780994445, 0.000954005168751, 0.000832415476907, 0.000452705076896, 0.000282440829324, 0.000246163981501, 0.000181276671356, 0.000237412357819, 0.000314569741022, 0.0003986787342, 0.000365796935512, 0.000318904290907, 0.000232391757891, 0.000233906801441, 0.000201925227884, 0.0002507805184, 0.000313132215524, 0.00040464560152, 0.000191484810784, 0.000187094323337, 0.000118045143608, 0.000178931091796, 0.000202526411158, 0.000140123418532, 9.72638881649e-05, 8.19641936687e-05, 6.11061987001e-05, 6.27031913609e-05, 8.72795062605e-05, 5.64442307223e-05, 5.31674450031e-05, 6.56967458781e-05, 5.89074406889e-05, 5.14813073096e-05, 4.9215836043e-05, 4.09909516748e-05, 7.69604375819e-05, 2.82412347588e-05, 3.87394720747e-05, 3.81093414035e-05, 3.8833321014e-05, 3.49696783815e-05, 2.85995956801e-05, 1.4772297618e-05, 1.02680660348e-05, 1.16598757813e-05, 1.25498718262e-05, 1.21452821986e-05, 1.19328205983e-05, 9.92114200926e-06, 1.39493040479e-05, 1.14133254101e-05, 9.45638475969e-06, 7.98816745373e-06, 8.2489768829e-06, 8.9775530796e-06, 8.75731893757e-06, 8.73004501045e-06, 1.05806793727e-05, 1.06615689219e-05, 8.4517414507e-06, 1.32104905788e-05, 1.10160654003e-05, 7.91835464042e-06, 1.70476505446e-05, 1.14396807476e-05, 7.71208215156e-06, 6.39590598439e-06, 8.30147564557e-06, 1.35126083478e-05, 7.34750437914e-06, 7.34500372346e-06, 7.39882761991e-06, 6.20795071882e-06, 4.91763876198e-06, 5.30301167601e-06, 4.77498451801e-06, 4.65009588879e-06, 5.36319475941e-06, 4.63152355223e-06, 4.52008089269e-06, 4.93079596708e-06, 4.5814567784e-06, 4.78056608699e-06, 4.42916234533e-06, 4.77480034533e-06, 3.52433676198e-06, 4.03652802561e-06, 2.44020429818e-06, 2.59687976722e-06, 2.00733916245e-06, 1.79421488156e-06, 9.7550969258e-07, 1.13230420595e-07, 2.34073940786e-11, 2.03959175937e-11, 1.97678262648e-11, 1.9248049335e-11, 1.88069334411e-11, 1.84567187922e-11, 1.81451607212e-11, 1.79160141583e-11, 1.77483427261e-11, 1.76383681966e-11]
    },
    "mfcc": {
        "mean": [-675.940734863, 101.86013031, 21.5811500549, 22.9064979553, 14.4638357162, 12.2547674179, 3.01129865646, 11.8558959961, 7.88737821579, 12.296412468, 12.0356941223, 9.24070549011, 6.33383321762],
        "cov": [[10111.5205078, -656.605163574, -358.399810791, -571.16217041, -63.0184249878, -162.441314697, -289.805114746, 4.10164213181, -39.0481719971, -300.977600098, -195.876586914, -26.231388092, -197.846191406], [-656.605163574, 1603.87414551, -445.163299561, 144.187942505, 43.0585479736, 35.7109985352, 117.290969849, 86.625038147, 115.848136902, 70.3242950439, 123.921798706, 73.4543533325, 40.0347976685], [-358.399810791, -445.163299561, 981.862121582, 153.588058472, 148.312911987, 95.8900299072, 62.3467750549, 17.7648696899, -44.4685325623, -20.8766155243, -43.5842475891, -14.9990749359, 61.1987533569], [-571.16217041, 144.187942505, 153.588058472, 514.07611084, 189.997970581, 66.3121566772, 65.9026794434, 13.9719657898, 38.2583656311, 48.0963058472, 13.6027727127, -1.89483964443, 51.090675354], [-63.0184249878, 43.0585479736, 148.312911987, 189.997970581, 421.601165771, 131.071960449, 6.17660903931, 11.1516265869, 33.5116462708, 46.0116462708, 2.28520512581, -10.880408287, 30.8873291016], [-162.441314697, 35.7109985352, 95.8900299072, 66.3121566772, 131.071960449, 255.478942871, 95.8371963501, 41.2870635986, 69.8608551025, 29.5930995941, 32.3522872925, 18.6125202179, 23.3446044922], [-289.805114746, 117.290969849, 62.3467750549, 65.9026794434, 6.17660903931, 95.8371963501, 307.612548828, 112.659698486, 79.6907577515, 60.6469726562, 38.9748497009, 51.642036438, 43.6590385437], [4.10164213181, 86.625038147, 17.7648696899, 13.9719657898, 11.1516265869, 41.2870635986, 112.659698486, 203.876602173, 62.6598892212, 17.201166153, 32.7886619568, 26.3330345154, 22.1598892212], [-39.0481719971, 115.848136902, -44.4685325623, 38.2583656311, 33.5116462708, 69.8608551025, 79.6907577515, 62.6598892212, 194.058380127, 78.4335784912, 56.1714286804, 34.6641654968, -1.24552059174], [-300.977600098, 70.3242950439, -20.8766155243, 48.0963058472, 46.0116462708, 29.5930995941, 60.6469726562, 17.201166153, 78.4335784912, 184.559555054, 78.7204437256, 12.9511318207, 6.42710638046], [-195.876586914, 123.921798706, -43.5842475891, 13.6027727127, 2.28520512581, 32.3522872925, 38.9748497009, 32.7886619568, 56.1714286804, 78.7204437256, 152.442047119, 61.8415870667, 2.24553799629], [-26.231388092, 73.4543533325, -14.9990749359, -1.89483964443, -10.880408287, 18.6125202179, 51.642036438, 26.3330345154, 34.6641654968, 12.9511318207, 61.8415870667, 133.043121338, 53.9999351501], [-197.846191406, 40.0347976685, 61.1987533569, 51.090675354, 30.8873291016, 23.3446044922, 43.6590385437, 22.1598892212, -1.24552059174, 6.42710638046, 2.24553799629, 53.9999351501, 142.178024292]],
        "icov": [[0.000120065975352, 4.80479611724e-05, 5.01182184962e-05, 0.00010130245937, -8.74857505551e-05, 4.86113276565e-05, 5.49066171516e-05, -7.35543653718e-05, -8.64379180712e-05, 0.000152165608597, 0.000111484667286, -0.000115677154099, 0.000135738053359], [4.80479611724e-05, 0.000861897948198, 0.000463422038592, -0.000227751850616, -0.000155357760377, 7.62973286328e-05, -0.000208383600693, -0.000150386666064, -0.000187516809092, 0.000258740299614, -0.000471329170978, -1.17664676509e-05, -0.000186242250493], [5.01182184962e-05, 0.000463422038592, 0.00144200865179, -0.000312117190333, -0.000335150427418, -0.000275077240076, -0.000306584872305, -0.000156191264978, 0.000330582610331, 0.000253162317676, 1.01430387076e-05, 0.000113815032819, -0.00038476017653], [0.00010130245937, -0.000227751850616, -0.000312117190333, 0.00270628929138, -0.00108604505658, 0.00029913749313, -0.000410199048929, 0.000283149885945, -0.000363959756214, 1.56232763402e-05, -7.60307739256e-05, 0.00047198930406, -0.000546349852812], [-8.74857505551e-05, -0.000155357760377, -0.000335150427418, -0.00108604505658, 0.00366523908451, -0.00180243479554, 0.000970024673734, -0.00023112531926, 0.000135039008455, -0.00106612860691, 0.000581601692829, 0.000168339305674, -0.000329364527715], [4.86113276565e-05, 7.62973286328e-05, -0.000275077240076, 0.00029913749313, -0.00180243479554, 0.00588522991166, -0.00159768993035, 0.000317924859701, -0.00161215488333, 0.00109789927956, -0.00116109685041, 0.000507903983817, -0.000314936536597], [5.49066171516e-05, -0.000208383600693, -0.000306584872305, -0.000410199048929, 0.000970024673734, -0.00159768993035, 0.00537318922579, -0.00228443951346, -0.00037868108484, -0.00151179591194, 0.00113510456868, -0.00143061962444, -0.000237409985857], [-7.35543653718e-05, -0.000150386666064, -0.000156191264978, 0.000283149885945, -0.00023112531926, 0.000317924859701, -0.00228443951346, 0.00675500556827, -0.00157154351473, 0.00116757152136, -0.00129388528876, 0.000755484274123, -0.000780909846071], [-8.64379180712e-05, -0.000187516809092, 0.000330582610331, -0.000363959756214, 0.000135039008455, -0.00161215488333, -0.00037868108484, -0.00157154351473, 0.00802216865122, -0.00280816759914, 4.96301508974e-05, -0.00155642093159, 0.0013051739661], [0.000152165608597, 0.000258740299614, 0.000253162317676, 1.56232763402e-05, -0.00106612860691, 0.00109789927956, -0.00151179591194, 0.00116757152136, -0.00280816759914, 0.00911613926291, -0.0046659167856, 0.00241888663732, -0.000923804938793], [0.000111484667286, -0.000471329170978, 1.01430387076e-05, -7.60307739256e-05, 0.000581601692829, -0.00116109685041, 0.00113510456868, -0.00129388528876, 4.96301508974e-05, -0.0046659167856, 0.0120526747778, -0.00585744343698, 0.00247389217839], [-0.000115677154099, -1.17664676509e-05, 0.000113815032819, 0.00047198930406, 0.000168339305674, 0.000507903983817, -0.00143061962444, 0.000755484274123, -0.00155642093159, 0.00241888663732, -0.00585744343698, 0.0128204375505, -0.00507439766079], [0.000135738053359, -0.000186242250493, -0.00038476017653, -0.000546349852812, -0.000329364527715, -0.000314936536597, -0.000237409985857, -0.000780909846071, 0.0013051739661, -0.000923804938793, 0.00247389217839, -0.00507439766079, 0.00989598687738]]
    },
    "spectral_contrast_coeffs": {
        "mean": [-0.72863727808, -0.723845779896, -0.759228229523, -0.770966649055, -0.771540820599, -0.785640180111],
        "stdev": [0.0890558809042, 0.099547624588, 0.0839947238564, 0.0674196630716, 0.0564926415682, 0.0454403162003]
    },
    "spectral_contrast_valleys": {
        "mean": [-7.03203201294, -7.36361694336, -8.12444972992, -8.29744911194, -8.28292655945, -10.0439500809],
        "stdev": [1.10547423363, 1.11334764957, 1.19753420353, 1.25555706024, 1.21296954155, 1.45144569874]
    }
},
"rhythm": {
    "beats_count": 423,
    "beats_loudness": {
        "mean": 0.159976929426,
        "stdev": 0.122554086149
    },
    "bpm": 82.9808807373,
    "bpm_histogram_first_peak_bpm": 83,
    "bpm_histogram_first_peak_weight": 0.0432691574097,
    "bpm_histogram_second_peak_bpm": 78,
    "bpm_histogram_second_peak_spread": 0,
    "bpm_histogram_second_peak_weight": 0.014218009077,
    "danceability": 1.34164392948,
    "onset_rate": 4.59492397308,
    "beats_loudness_band_ratio": {
        "mean": [0.587897658348, 0.147703304887, 0.0721958130598, 0.046173658222, 0.0390043854713, 0.11969563365],
        "stdev": [0.410359799862, 0.180871218443, 0.106981046498, 0.0724271461368, 0.0438790954649, 0.135210216045]
    },
    "beats_position": [0.696598649025, 1.40480720997, 2.11301589012, 2.83283448219, 3.56426286697, 4.29569149017, 5.02712011337, 5.7701587677, 6.52480697632, 7.2910656929, 8.05732440948, 8.82358264923, 9.58984088898, 10.3560991287, 11.1223583221, 11.8537864685, 12.5852155685, 13.3050336838, 14.0364627838, 14.7678909302, 15.4877090454, 16.2075271606, 16.9273471832, 17.6471652985, 18.3669834137, 19.0984115601, 19.8298416138, 20.549659729, 21.2694778442, 21.9892959595, 22.7091159821, 23.4289340973, 24.1487522125, 24.8685703278, 25.6000003815, 26.3314285278, 27.0512466431, 27.7710647583, 28.4908847809, 29.2223129272, 29.9421310425, 30.6619491577, 31.3933773041, 32.1131973267, 32.8330154419, 33.5528335571, 34.2726516724, 35.0156898499, 35.7355079651, 36.455329895, 37.1751480103, 37.8949661255, 38.6147842407, 39.334602356, 40.0544204712, 40.7974586487, 41.5172767639, 42.2370948792, 42.9569168091, 43.6767349243, 44.3965530396, 45.1163711548, 45.83618927, 46.5792274475, 47.2990455627, 48.018863678, 48.7386856079, 49.4585037231, 50.1783218384, 50.8981399536, 51.6295700073, 52.3609962463, 53.0808143616, 53.8006324768, 54.5204544067, 55.240272522, 55.9600906372, 56.6799087524, 57.4113349915, 58.1427650452, 58.8625831604, 59.5824012756, 60.3022193909, 61.0220413208, 61.741859436, 62.4616775513, 63.1931037903, 63.924533844, 64.6443557739, 65.3641738892, 66.0839920044, 66.8038101196, 67.5236282349, 68.2550582886, 68.9864807129, 69.7062988281, 70.4261245728, 71.145942688, 71.8657608032, 72.5855789185, 73.3053970337, 74.0368270874, 74.7682495117, 75.488067627, 76.2078933716, 76.9277114868, 77.6475296021, 78.3673477173, 79.0871658325, 79.8185958862, 80.5500183105, 81.2698364258, 81.9896621704, 82.7094802856, 83.4292984009, 84.1491165161, 84.8689346313, 85.6003646851, 86.3317871094, 87.0516052246, 87.7714233398, 88.4912490845, 89.2110671997, 89.942489624, 90.6739196777, 91.393737793, 92.1135559082, 92.8333740234, 93.5531921387, 94.2730178833, 94.9928359985, 95.7242584229, 96.4440765381, 97.1755065918, 97.895324707, 98.6151428223, 99.3349609375, 100.054779053, 100.774604797, 101.506027222, 102.237457275, 102.957275391, 103.677093506, 104.396911621, 105.116729736, 105.836547852, 106.567977905, 107.299407959, 108.019226074, 108.739044189, 109.458862305, 110.17868042, 110.898498535, 111.61831665, 112.349746704, 113.081176758, 113.800994873, 114.520812988, 115.240631104, 115.960449219, 116.680267334, 117.411697388, 118.143127441, 118.862945557, 119.582763672, 120.302581787, 121.022399902, 121.742218018, 122.462036133, 123.193466187, 123.92489624, 124.644714355, 125.364532471, 126.084350586, 126.804168701, 127.523986816, 128.243804932, 128.975234985, 129.706665039, 130.426483154, 131.14630127, 131.866119385, 132.5859375, 133.317367554, 134.037185669, 134.768615723, 135.488433838, 136.208251953, 136.928070068, 137.647888184, 138.367706299, 139.099136353, 139.818954468, 140.538772583, 141.270202637, 141.990020752, 142.709838867, 143.429656982, 144.161087036, 144.89251709, 145.612335205, 146.33215332, 147.051971436, 147.771789551, 148.491607666, 149.211425781, 149.931243896, 150.674285889, 151.394104004, 152.113922119, 152.833740234, 153.55355835, 154.273376465, 154.99319458, 155.724624634, 156.456054688, 157.175872803, 157.895690918, 158.615509033, 159.335327148, 160.055145264, 160.774963379, 161.506393433, 162.237823486, 162.957641602, 163.677459717, 164.397277832, 165.128707886, 165.860137939, 166.579956055, 167.29977417, 168.019592285, 168.7394104, 169.470840454, 170.202270508, 170.922088623, 171.641906738, 172.361724854, 173.081542969, 173.801361084, 174.521179199, 175.252609253, 175.984039307, 176.703857422, 177.423675537, 178.143493652, 178.863311768, 179.594741821, 180.314559937, 181.034378052, 181.765808105, 182.485626221, 183.205444336, 183.925262451, 184.645080566, 185.37651062, 186.096328735, 186.827758789, 187.547576904, 188.26739502, 188.987213135, 189.70703125, 190.438461304, 191.169876099, 191.889694214, 192.609527588, 193.329345703, 194.049163818, 194.768981934, 195.488800049, 196.208618164, 196.951644897, 197.671463013, 198.391296387, 199.111114502, 199.830932617, 200.550750732, 201.270568848, 202.001998901, 202.733413696, 203.453231812, 204.173049927, 204.892883301, 205.612701416, 206.332519531, 207.052337646, 207.7837677, 208.515182495, 209.23500061, 209.954818726, 210.6746521, 211.394470215, 212.11428833, 212.834106445, 213.565536499, 214.296951294, 215.016769409, 215.736587524, 216.45640564, 217.176239014, 217.896057129, 218.627471924, 219.358901978, 220.078720093, 220.798538208, 221.518356323, 222.238174438, 222.958007812, 223.677825928, 224.409240723, 225.140670776, 225.860488892, 226.580307007, 227.300125122, 228.019943237, 228.739776611, 229.459594727, 230.191009521, 230.922439575, 231.64225769, 232.362075806, 233.081893921, 233.801712036, 234.53314209, 235.252960205, 235.984390259, 236.704208374, 237.424026489, 238.143844604, 238.86366272, 239.583480835, 240.314910889, 241.034729004, 241.766159058, 242.485977173, 243.205795288, 243.925613403, 244.645431519, 245.365249634, 246.085067749, 246.816497803, 247.547927856, 248.267745972, 248.987564087, 249.707382202, 250.427200317, 251.147018433, 251.878448486, 252.60987854, 253.329696655, 254.049514771, 254.769332886, 255.489151001, 256.220581055, 256.952026367, 257.671844482, 258.391662598, 259.111480713, 259.831298828, 260.551116943, 261.270935059, 261.990753174, 262.710571289, 263.441986084, 264.173431396, 264.893249512, 265.613067627, 266.332885742, 267.052703857, 267.784118652, 268.515563965, 269.23538208, 269.955200195, 270.675018311, 271.406433105, 272.149475098, 272.89251709, 273.635559082, 274.378601074, 275.098419189, 275.806610107, 276.526428223, 277.234649658, 277.954467773, 278.674285889, 279.394104004, 280.102294922, 280.822113037, 281.541931152, 282.250152588, 282.958374023, 283.678192139, 284.398010254, 285.129425049, 285.860870361, 286.580688477, 287.300506592, 288.020324707, 288.740142822, 289.471557617, 290.191375732, 290.911193848, 291.64263916, 292.362457275, 293.082275391, 293.802093506, 294.533508301, 295.264923096, 295.984771729, 296.704589844, 297.424407959, 298.144226074, 298.864044189, 299.583862305, 300.3152771, 301.046691895, 301.76651001, 302.486358643, 303.206176758, 303.925994873, 304.645812988, 305.377227783, 306.108642578],
    "bpm_histogram": [0, 0, 0, 0, 0, 0, 0, 0, 0, 0, 0, 0, 0, 0, 0, 0, 0, 0, 0, 0, 0, 0, 0, 0, 0, 0, 0, 0, 0, 0, 0, 0, 0, 0, 0, 0, 0, 0, 0, 0, 0, 0, 0, 0, 0, 0, 0, 0, 0, 0, 0, 0, 0, 0, 0, 0, 0, 0, 0, 0, 0, 0, 0, 0, 0, 0, 0, 0, 0, 0, 0, 0, 0, 0, 0, 0, 0, 0, 0.014218009077, 0, 0.00236966833472, 0.0236966833472, 0.241706162691, 0.701421797276, 0, 0.0165876783431, 0, 0, 0, 0, 0, 0, 0, 0, 0, 0, 0, 0, 0, 0, 0, 0, 0, 0, 0, 0, 0, 0, 0, 0, 0, 0, 0, 0, 0, 0, 0, 0, 0, 0, 0, 0, 0, 0, 0, 0, 0, 0, 0, 0, 0, 0, 0, 0, 0, 0, 0, 0, 0, 0, 0, 0, 0, 0, 0, 0, 0, 0, 0, 0, 0, 0, 0, 0, 0, 0, 0, 0, 0, 0, 0, 0, 0, 0, 0, 0, 0, 0, 0, 0, 0, 0, 0, 0, 0, 0, 0, 0, 0, 0, 0, 0, 0, 0, 0, 0, 0, 0, 0, 0, 0, 0, 0, 0, 0, 0, 0, 0, 0, 0, 0, 0, 0, 0, 0, 0, 0, 0, 0, 0, 0, 0, 0, 0, 0, 0, 0, 0, 0, 0, 0, 0, 0, 0, 0, 0, 0, 0, 0, 0, 0, 0, 0, 0, 0, 0, 0, 0, 0, 0, 0, 0, 0, 0, 0, 0, 0, 0, 0, 0]
},
"tonal": {
    "chords_changes_rate": 0.119170196354,
    "chords_number_rate": 0.00166565715335,
    "chords_strength": {
        "mean": 0.457743525505,
        "stdev": 0.0890551358461
    },
    "hpcp_crest": {
        "mean": 13.9381151199,
        "stdev": 5.98320579529
    },
    "hpcp_entropy": {
        "mean": 1.88381052017,
        "stdev": 0.69629907608
    },
    "key_edma": {
        "strength": 0.580605983734,
        "key": "D",
        "scale": "minor"
    },
    "key_krumhansl": {
        "strength": 0.576882660389,
        "key": "D",
        "scale": "minor"
    },
    "key_temperley": {
        "strength": 0.573913037777,
        "key": "D",
        "scale": "minor"
    },
    "tuning_diatonic_strength": 0.508573889732,
    "tuning_equal_tempered_deviation": 0.233254641294,
    "tuning_frequency": 434.193115234,
    "tuning_nontempered_energy_ratio": 0.942249834538,
    "hpcp": {
        "mean": [0.311630606651, 0.336621075869, 0.111073695123, 0.0598451197147, 0.0613894537091, 0.0731464326382, 0.070831567049, 0.0598474740982, 0.0642750784755, 0.106430932879, 0.118335664272, 0.112400427461, 0.133327826858, 0.113298438489, 0.0834231823683, 0.0996245443821, 0.10820414871, 0.0744872540236, 0.0531154572964, 0.0550683327019, 0.0568123571575, 0.0600639879704, 0.0639546737075, 0.0599890574813, 0.058284021914, 0.0583959631622, 0.0558784976602, 0.0578179135919, 0.0560549497604, 0.0552813783288, 0.0952267572284, 0.118953369558, 0.0772576183081, 0.0509050115943, 0.056108944118, 0.0830072760582],
        "stdev": [0.384952247143, 0.411358237267, 0.202906355262, 0.17557041347, 0.180294305086, 0.20801448822, 0.198408335447, 0.174106270075, 0.176927939057, 0.233648017049, 0.257967293262, 0.245716437697, 0.285728245974, 0.24902176857, 0.215652510524, 0.220229819417, 0.243361622095, 0.185223683715, 0.158603221178, 0.165188267827, 0.172125518322, 0.169019058347, 0.177747413516, 0.175655543804, 0.178128376603, 0.182722300291, 0.175016239285, 0.174136802554, 0.167199030519, 0.164355069399, 0.203900188208, 0.259553015232, 0.191518589854, 0.146816968918, 0.164443701506, 0.187614649534]
    },
    "chords_histogram": [15.8691701889, 5.55723810196, 14.0218048096, 6.20835876465, 0.0908540263772, 7.10175657272, 2.16535425186, 21.3961238861, 6.82919454575, 15.1120529175, 0.105996362865, 0, 0, 0.0151423383504, 0, 0.181708052754, 0, 0, 0, 0.0757116898894, 3.69473052025, 0, 1.52937614918, 0.0454270131886],
    "thpcp": [1, 0.329966545105, 0.1777818501, 0.182369604707, 0.2172960639, 0.210419282317, 0.177788853645, 0.190941929817, 0.316174298525, 0.351539671421, 0.333907872438, 0.396076887846, 0.336575597525, 0.247825190425, 0.295954555273, 0.321441978216, 0.221279233694, 0.157790049911, 0.163591459394, 0.168772429228, 0.178432047367, 0.189990103245, 0.178209453821, 0.173144310713, 0.173476845026, 0.165998220444, 0.17175963521, 0.166522398591, 0.164224356413, 0.282890051603, 0.353374689817, 0.229509159923, 0.151223480701, 0.16668279469, 0.246589660645, 0.925760805607],
    "chords_key": "D",
    "chords_scale": "major"
}
}