{
"metadata": {
    "version": {
        "essentia": "2.1-dev",
        "essentia_git_sha": "v2.1_beta3-415-gd5473f3",
        "extractor": "music 2.0"
    },
    "audio_properties": {
        "analysis": {
            "equal_loudness": 0,
            "length": 392.019592285,
            "sample_rate": 44100,
            "start_time": 0,
            "downmix": "mix"
        },
        "bit_rate": 192000,
        "length": 392.019592285,
        "lossless": 0,
        "number_channels": 2,
        "replay_gain": -10.1495723724,
        "sample_rate": 44100,
        "codec": "mp3",
        "md5_encoded": "875a8cc6f2c6aae8238346167899261b"
    },
    "tags": {
        "file_name": "grandmaster_flash-the_message.mp3"
    }
},
"lowlevel": {
    "average_loudness": 0.912400662899,
    "barkbands_crest": {
        "mean": 9.80036067963,
        "stdev": 5.78870391846
    },
    "barkbands_flatness_db": {
        "mean": 0.11656370759,
        "stdev": 0.068526044488
    },
    "barkbands_kurtosis": {
        "mean": 9.21709823608,
        "stdev": 60.9235496521
    },
    "barkbands_skewness": {
        "mean": 1.02368509769,
        "stdev": 2.81823968887
    },
    "barkbands_spread": {
        "mean": 36.84116745,
        "stdev": 20.269821167
    },
    "dissonance": {
        "mean": 0.474978268147,
        "stdev": 0.0292150471359
    },
    "dynamic_complexity": 4.36848974228,
    "erbbands_crest": {
        "mean": 7.88738393784,
        "stdev": 3.87781381607
    },
    "erbbands_flatness_db": {
        "mean": 0.140180587769,
        "stdev": 0.0460463315248
    },
    "erbbands_kurtosis": {
        "mean": 1.05049693584,
        "stdev": 3.72641730309
    },
    "erbbands_skewness": {
        "mean": -0.227036565542,
        "stdev": 1.01283848286
    },
    "erbbands_spread": {
        "mean": 48.3436775208,
        "stdev": 29.9873695374
    },
    "hfc": {
        "mean": 28.9673690796,
        "stdev": 38.5084648132
    },
    "loudness_ebu128": {
        "integrated": -14.4197483063,
        "loudness_range": 3.57945728302,
        "momentary": {
            "mean": -15.2130470276,
            "stdev": 5.55865478516
        },
        "short_term": {
            "mean": -14.6272659302,
            "stdev": 1.22392702103
        }
    },
    "melbands_crest": {
        "mean": 14.9026956558,
        "stdev": 7.94255399704
    },
    "melbands_flatness_db": {
        "mean": 0.149385631084,
        "stdev": 0.100067228079
    },
    "melbands_kurtosis": {
        "mean": 35.3500137329,
        "stdev": 141.376220703
    },
    "melbands_skewness": {
        "mean": 2.9480574131,
        "stdev": 4.06785106659
    },
    "melbands_spread": {
        "mean": 52.4247512817,
        "stdev": 42.2008972168
    },
    "pitch_salience": {
        "mean": 0.568073034286,
        "stdev": 0.18116492033
    },
    "silence_rate_20dB": {
        "mean": 1,
        "stdev": 0
    },
    "silence_rate_30dB": {
        "mean": 1,
        "stdev": 0
    },
    "silence_rate_60dB": {
        "mean": 0.232172474265,
        "stdev": 0.422255665064
    },
    "spectral_centroid": {
        "mean": 2353.23510742,
        "stdev": 1081.25
    },
    "spectral_complexity": {
        "mean": 13.8974180222,
        "stdev": 13.8038139343
    },
    "spectral_decrease": {
        "mean": -3.50766615753e-09,
        "stdev": 4.16520862245e-09
    },
    "spectral_energy": {
        "mean": 0.0158662088215,
        "stdev": 0.0174541547894
    },
    "spectral_energyband_high": {
        "mean": 0.00259512336925,
        "stdev": 0.00442873267457
    },
    "spectral_energyband_low": {
        "mean": 0.00562773039564,
        "stdev": 0.0127838198096
    },
    "spectral_energyband_middle_high": {
        "mean": 0.0039508449845,
        "stdev": 0.00598843907937
    },
    "spectral_energyband_middle_low": {
        "mean": 0.00415489543229,
        "stdev": 0.00649115489796
    },
    "spectral_entropy": {
        "mean": 8.03221988678,
        "stdev": 0.358456879854
    },
    "spectral_flux": {
        "mean": 0.0831898078322,
        "stdev": 0.0544259473681
    },
    "spectral_kurtosis": {
        "mean": 2.30597352982,
        "stdev": 1.6080532074
    },
    "spectral_rms": {
        "mean": 0.00333509268239,
        "stdev": 0.00208719610237
    },
    "spectral_rolloff": {
        "mean": 4065.35644531,
        "stdev": 3173.97216797
    },
    "spectral_skewness": {
        "mean": 1.18590557575,
        "stdev": 0.370544910431
    },
    "spectral_spread": {
        "mean": 6517445,
        "stdev": 2393169
    },
    "spectral_strongpeak": {
        "mean": 0.801805436611,
        "stdev": 1.31508398056
    },
    "zerocrossingrate": {
        "mean": 0.133917436004,
        "stdev": 0.0738061890006
    },
    "barkbands": {
        "mean": [0.000120509706903, 0.00440979469568, 0.00070103892358, 0.000916129967663, 0.000914529315196, 0.000484868272906, 0.000643197039608, 0.000637859397102, 0.000454299035482, 0.000363025581464, 0.000336629513185, 0.000398391246563, 0.000332704395987, 0.000315742276143, 0.000392324320273, 0.000400995486416, 0.000420806696638, 0.00041385149234, 0.00045829807641, 0.000352446513716, 0.000400617253035, 0.000542386143934, 0.000565352791455, 0.000427723978646, 0.000247508636676, 0.000199320391403, 1.58295351866e-05],
        "stdev": [0.000247820542427, 0.0120416795835, 0.0021551263053, 0.00282468553632, 0.00200160080567, 0.00128483760636, 0.00208778562956, 0.00206124433316, 0.00154769804794, 0.00114090763964, 0.00139936711639, 0.00100643921178, 0.00105426018126, 0.000882983847987, 0.000954144750722, 0.00103528401814, 0.00083133514272, 0.000862816697918, 0.000938936893363, 0.000658063101582, 0.000836685649119, 0.00124527141452, 0.00141307665035, 0.000955589639489, 0.000409174681408, 0.000375899428036, 5.11998077855e-05]
    },
    "erbbands": {
        "mean": [0.123432591558, 0.980908572674, 1.09431254864, 1.94761478901, 3.32673835754, 2.83632731438, 3.33721995354, 4.19182682037, 7.40703344345, 12.9204902649, 12.9419412613, 9.79268741608, 11.4399118423, 12.4258670807, 13.2742033005, 16.8831043243, 15.4851408005, 16.2048892975, 19.5374641418, 19.8990306854, 23.1148967743, 24.3555793762, 23.478603363, 23.4039783478, 19.9850444794, 16.5307865143, 16.1147766113, 16.7885894775, 18.8635368347, 19.3515396118, 15.1686019897, 10.0968427658, 6.51060390472, 3.05286097527, 1.64225661755, 0.920052409172, 0.359223783016, 0.0503974966705, 0.00295110745355, 0.000132319066324],
        "stdev": [0.304294198751, 2.86656022072, 2.93191146851, 4.89132928848, 9.01383209229, 7.07107782364, 9.68705940247, 11.6858854294, 22.7975902557, 42.6957015991, 40.540222168, 34.5548019409, 32.6862182617, 40.9594802856, 48.3633155823, 41.9394493103, 47.118221283, 43.0219993591, 47.8720932007, 48.2968330383, 51.4638442993, 47.2000770569, 48.2543754578, 50.0698852539, 38.8775978088, 31.3492240906, 31.216758728, 37.5889282227, 43.5006561279, 46.5209846497, 38.6902656555, 24.5936393738, 13.9099874496, 5.80530071259, 2.63978052139, 1.55188834667, 0.735836088657, 0.106571346521, 0.00985989812762, 0.000431952561485]
    },
    "gfcc": {
        "mean": [-35.401512146, 12.9294118881, -106.358581543, 39.7901992798, -60.7829589844, 17.6893596649, -41.8165740967, 15.1159353256, -23.7171115875, 8.10574054718, -20.9128856659, 5.72375488281, -17.3336410522],
        "cov": [[10492.1601562, 22.8325653076, -999.18737793, -595.174377441, -752.771850586, -41.6178131104, -488.427947998, -192.455413818, -163.64213562, -210.161758423, -164.218902588, -80.8340530396, -193.271209717], [22.8325653076, 1720.88037109, 303.156707764, -125.104232788, 85.8332901001, -24.0909042358, 17.8962898254, 8.10329341888, 33.8702926636, -49.1611099243, 101.201828003, 42.1272315979, 88.5884628296], [-999.18737793, 303.156707764, 1971.91943359, 604.678833008, 455.91809082, 138.598892212, 32.3122444153, 59.2244567871, -25.0541992188, 39.9864120483, -5.22946929932, 109.872512817, 84.6756439209], [-595.174377441, -125.104232788, 604.678833008, 824.921081543, 259.338226318, 91.5073242188, -30.7958850861, -29.3781089783, 55.899936676, 7.15680503845, 46.3097114563, -26.1367416382, 54.1035575867], [-752.771850586, 85.8332901001, 455.91809082, 259.338226318, 595.739135742, 118.319740295, 172.561325073, 54.4633865356, 23.5893421173, 93.4488220215, -29.1569709778, 21.0609607697, 10.3645133972], [-41.6178131104, -24.0909042358, 138.598892212, 91.5073242188, 118.319740295, 334.743988037, 180.416824341, 61.7891731262, 50.9346160889, 54.1637687683, 46.5126953125, 22.1343784332, 34.6166915894], [-488.427947998, 17.8962898254, 32.3122444153, -30.7958850861, 172.561325073, 180.416824341, 484.259887695, 184.505554199, 87.9900741577, 112.205810547, 61.7936134338, 55.7378997803, 42.4384880066], [-192.455413818, 8.10329341888, 59.2244567871, -29.3781089783, 54.4633865356, 61.7891731262, 184.505554199, 222.796783447, 106.86920166, 70.19556427, 39.7330589294, 40.5287857056, 31.1458263397], [-163.64213562, 33.8702926636, -25.0541992188, 55.899936676, 23.5893421173, 50.9346160889, 87.9900741577, 106.86920166, 238.254257202, 114.032539368, 84.9881973267, 33.9646606445, 34.9880828857], [-210.161758423, -49.1611099243, 39.9864120483, 7.15680503845, 93.4488220215, 54.1637687683, 112.205810547, 70.19556427, 114.032539368, 196.402053833, 73.9676895142, 42.7029151917, 14.8200111389], [-164.218902588, 101.201828003, -5.22946929932, 46.3097114563, -29.1569709778, 46.5126953125, 61.7936134338, 39.7330589294, 84.9881973267, 73.9676895142, 168.799850464, 57.2694549561, 41.4089736938], [-80.8340530396, 42.1272315979, 109.872512817, -26.1367416382, 21.0609607697, 22.1343784332, 55.7378997803, 40.5287857056, 33.9646606445, 42.7029151917, 57.2694549561, 136.103042603, 56.2957763672], [-193.271209717, 88.5884628296, 84.6756439209, 54.1035575867, 10.3645133972, 34.6166915894, 42.4384880066, 31.1458263397, 34.9880828857, 14.8200111389, 41.4089736938, 56.2957763672, 124.055183411]],
        "icov": [[0.000117949355626, -3.73706461687e-05, 4.68015168735e-05, -5.04461286255e-06, 0.000132896981086, -0.000141149022966, 0.000116078073916, -3.36590965162e-05, 3.25262735714e-05, -3.81971003662e-05, 0.000169287988683, -0.000132774046506, 0.00017685914645], [-3.73706461687e-05, 0.000806038966402, -0.000263083900791, 0.000547310104594, -0.000434349989519, 0.000247312884312, -4.46598241979e-05, 0.000270530814305, -0.000414185633417, 0.000824950286187, -0.00105208216701, 0.000574744306505, -0.000669679662678], [4.68015168735e-05, -0.000263083900791, 0.000942823535297, -0.000739721406717, -0.000186260702321, -0.000285627611447, 0.000341822888004, -0.000586205278523, 0.000636504264548, -0.000399988726713, 0.000667047163006, -0.00108158239163, 0.000201788381673], [-5.04461286255e-06, 0.000547310104594, -0.000739721406717, 0.00253340834752, -0.00106736621819, -6.05743844062e-05, 0.0003071584797, 0.000847067625728, -0.00117503292859, 0.0012936553685, -0.00183520873543, 0.00189820188098, -0.00128229358234], [0.000132896981086, -0.000434349989519, -0.000186260702321, -0.00106736621819, 0.00325168878771, -0.000487747078296, -0.000823862676043, 1.29450991153e-05, 0.000540459470358, -0.00190185639076, 0.00227980269119, -0.000816683867015, 0.000937271513976], [-0.000141149022966, 0.000247312884312, -0.000285627611447, -6.05743844062e-05, -0.000487747078296, 0.00426601758227, -0.00160638056695, 0.00045660280739, -0.000377728458261, 0.000296334095765, -0.00104984291829, 0.000737292633858, -0.000802904018201], [0.000116078073916, -4.46598241979e-05, 0.000341822888004, 0.0003071584797, -0.000823862676043, -0.00160638056695, 0.0042971437797, -0.00280674174428, 0.000744366785511, -0.000769653415773, -0.000410163018387, -0.000347614171915, -0.000226150048547], [-3.36590965162e-05, 0.000270530814305, -0.000586205278523, 0.000847067625728, 1.29450991153e-05, 0.00045660280739, -0.00280674174428, 0.00842727627605, -0.00336324330419, 0.000549711170606, 8.75518890098e-05, -8.85872395884e-06, -0.000641361169983], [3.25262735714e-05, -0.000414185633417, 0.000636504264548, -0.00117503292859, 0.000540459470358, -0.000377728458261, 0.000744366785511, -0.00336324330419, 0.0081246662885, -0.00383238331415, -0.000913412251975, -0.000209702659049, -0.000359121506335], [-3.81971003662e-05, 0.000824950286187, -0.000399988726713, 0.0012936553685, -0.00190185639076, 0.000296334095765, -0.000769653415773, 0.000549711170606, -0.00383238331415, 0.00995174143463, -0.00365389371291, -0.000113335241622, 0.000424786820076], [0.000169287988683, -0.00105208216701, 0.000667047163006, -0.00183520873543, 0.00227980269119, -0.00104984291829, -0.000410163018387, 8.75518890098e-05, -0.000913412251975, -0.00365389371291, 0.0114206383005, -0.00406291661784, 0.000306636211462], [-0.000132774046506, 0.000574744306505, -0.00108158239163, 0.00189820188098, -0.000816683867015, 0.000737292633858, -0.000347614171915, -8.85872395884e-06, -0.000209702659049, -0.000113335241622, -0.00406291661784, 0.0122927408665, -0.0048727854155], [0.00017685914645, -0.000669679662678, 0.000201788381673, -0.00128229358234, 0.000937271513976, -0.000802904018201, -0.000226150048547, -0.000641361169983, -0.000359121506335, 0.000424786820076, 0.000306636211462, -0.0048727854155, 0.0117797562853]]
    },
    "melbands": {
        "mean": [0.00120326527394, 0.000852378027048, 0.000397633062676, 0.000219044130063, 0.00011912023183, 9.45024585235e-05, 0.000119477517728, 0.000144246354466, 0.000101769292087, 6.05140085099e-05, 5.72480894334e-05, 4.98318768223e-05, 4.64573677164e-05, 3.96258365072e-05, 4.42725940957e-05, 3.14062781399e-05, 2.99147850455e-05, 3.00533502013e-05, 3.00931369566e-05, 2.62834309979e-05, 2.67719060503e-05, 2.60345768766e-05, 2.17540964513e-05, 1.94143576664e-05, 1.90667578863e-05, 1.62513297255e-05, 1.21995835798e-05, 1.07005271275e-05, 1.00718953036e-05, 9.88434112514e-06, 9.63223465078e-06, 1.04793598439e-05, 1.08153990368e-05, 1.09183074528e-05, 9.12053837965e-06, 7.19990885045e-06, 5.73263150727e-06, 4.87986471853e-06, 3.43515762324e-06, 2.25533426601e-06],
        "stdev": [0.00318142189644, 0.00224117585458, 0.00104253087193, 0.000491258804686, 0.000323250802467, 0.000255702994764, 0.000368937238818, 0.000467016769107, 0.000334164622473, 0.000212247046875, 0.000168277008925, 0.000166843121406, 0.000191821891349, 0.000107357707748, 0.000131072025397, 0.00010014205327, 8.44556780066e-05, 8.03571674624e-05, 7.31985128368e-05, 7.45514116716e-05, 5.912904453e-05, 5.26083022123e-05, 4.86723438371e-05, 4.13158231822e-05, 4.33694185631e-05, 3.40199949278e-05, 2.35987390624e-05, 2.1397276214e-05, 1.96560959012e-05, 2.09401314351e-05, 2.34943781834e-05, 2.47085627052e-05, 2.62591347564e-05, 2.75018392131e-05, 2.38549037022e-05, 1.92895186046e-05, 1.40897109304e-05, 1.0937155821e-05, 6.9065513344e-06, 4.54050359622e-06]
    },
    "melbands128": {
        "mean": [0.000114589558507, 0.000835993443616, 0.00186227494851, 0.00155494688079, 0.000706515857019, 0.000314758653985, 0.000365788058843, 0.000490302976687, 0.000340996572049, 0.000196337685338, 0.000150677587953, 0.00013161021343, 0.000116629096738, 9.76996016107e-05, 9.09365408006e-05, 9.41646067076e-05, 9.84403231996e-05, 0.000124675032566, 0.0001399400644, 0.000151117274072, 0.000156484835315, 0.000112832218292, 0.000104090759123, 8.25496463221e-05, 5.30252837052e-05, 5.86140959058e-05, 6.03825210419e-05, 5.54098623979e-05, 5.94810371695e-05, 4.51789383078e-05, 4.78271686006e-05, 5.44618851563e-05, 5.10353602294e-05, 3.5584133002e-05, 3.70140696759e-05, 3.5332988773e-05, 5.43409041711e-05, 5.05678799527e-05, 3.55973206752e-05, 2.89244380838e-05, 3.27956149704e-05, 3.0339911973e-05, 3.05362991639e-05, 2.78600600723e-05, 3.05202484014e-05, 2.40593271883e-05, 3.95897404815e-05, 3.33534699166e-05, 2.53338257608e-05, 2.39350156335e-05, 2.70815089607e-05, 2.61025761574e-05, 2.90307179966e-05, 2.51070687227e-05, 2.69794272754e-05, 2.89410108962e-05, 2.22595772357e-05, 2.05557480513e-05, 2.21674908971e-05, 2.22819053306e-05, 2.08127330552e-05, 1.67371217685e-05, 1.36488415592e-05, 2.47174102697e-05, 1.95028060261e-05, 1.54820045282e-05, 1.43273255162e-05, 1.34404663186e-05, 1.15591892609e-05, 1.08659278339e-05, 1.10065075205e-05, 9.68118001765e-06, 1.15293669296e-05, 9.93164303509e-06, 8.94345248525e-06, 9.29758243728e-06, 1.16115634228e-05, 8.8152137323e-06, 9.11189999897e-06, 1.02943740785e-05, 1.05483968582e-05, 1.03102684079e-05, 1.11801164167e-05, 1.07748937808e-05, 1.06205770862e-05, 1.08649910544e-05, 1.12610368888e-05, 1.05919116322e-05, 8.99899805518e-06, 8.09985976957e-06, 7.76533033786e-06, 6.82884501657e-06, 6.47788465358e-06, 5.67438837606e-06, 5.32430931344e-06, 5.33495403943e-06, 4.79519712826e-06, 4.26483029514e-06, 3.50207346855e-06, 3.1001827665e-06, 2.48368064604e-06, 2.13198518395e-06, 1.92426045942e-06, 1.80241795533e-06, 1.84925522717e-06, 1.79508265319e-06, 1.84357827493e-06, 1.71552972006e-06, 1.48501942476e-06, 1.42723422414e-06, 1.7515772015e-06, 1.41068926496e-06, 1.05445565168e-06, 9.42712006236e-07, 7.0220806947e-07, 5.0914024996e-07, 2.42021627628e-07, 1.32335600256e-07, 1.37238558295e-07, 7.98596317964e-08, 4.76806398808e-08, 1.90568307801e-08, 2.23199734251e-08, 1.96964542454e-08, 1.59200883587e-08, 1.6036849626e-09, 2.37045756288e-12, 2.26630129593e-12],
        "stdev": [0.000238477179664, 0.0018952699611, 0.00547085562721, 0.004672777839, 0.00204506074078, 0.000927593908273, 0.00091556814732, 0.00162614916917, 0.000998642644845, 0.000521652109455, 0.00048671188415, 0.000458395341411, 0.000408869644161, 0.000358646677341, 0.000322065548971, 0.000342728657415, 0.000382553669624, 0.000507374061272, 0.000641957798507, 0.000646326865535, 0.000668767665047, 0.000479654903756, 0.000433782639448, 0.000463364674943, 0.00029895271291, 0.000249090313446, 0.000243604532443, 0.000218217872316, 0.000244147959165, 0.000198567067855, 0.000227954325965, 0.000283738860162, 0.000308905582642, 0.000182215371751, 0.000147156300955, 0.000143492521602, 0.000161828662385, 0.00019739268464, 0.000163254153449, 0.000143545286846, 0.000137792725582, 0.00010820847092, 0.000129230887978, 9.4032715424e-05, 0.000111905508675, 0.000102012127172, 0.000121478369692, 0.000100805948023, 8.47812989377e-05, 8.91053132364e-05, 0.000102436053567, 9.30498354137e-05, 8.14408704173e-05, 6.38541750959e-05, 6.20058854111e-05, 7.17738075764e-05, 5.59664513275e-05, 5.50310469407e-05, 5.99668019277e-05, 5.51500161237e-05, 5.14973180543e-05, 4.24561476393e-05, 3.40639635397e-05, 6.8296561949e-05, 4.71757703053e-05, 3.90465756936e-05, 3.6191810068e-05, 3.00892752421e-05, 2.5030112738e-05, 2.42394635279e-05, 2.58792588284e-05, 2.23215338337e-05, 2.43317190325e-05, 2.1794487111e-05, 2.19067969738e-05, 2.32192305702e-05, 2.56868170254e-05, 2.36145424424e-05, 2.62021258095e-05, 2.83069093712e-05, 2.55617633229e-05, 2.77684303001e-05, 2.96076377708e-05, 2.78382285614e-05, 2.96380549116e-05, 3.02434509649e-05, 3.13405944325e-05, 2.93081557174e-05, 2.57510218944e-05, 2.37238655245e-05, 2.29061934078e-05, 1.99496844289e-05, 1.75839377334e-05, 1.53029359353e-05, 1.47417249536e-05, 1.3210024008e-05, 1.15449602163e-05, 1.019343199e-05, 7.6990800153e-06, 6.29259238849e-06, 5.41029567103e-06, 5.00126088809e-06, 4.0867403186e-06, 3.37411847795e-06, 3.47858622263e-06, 3.69494932784e-06, 3.28103828906e-06, 3.00854844681e-06, 2.68108760793e-06, 2.76273021882e-06, 3.99310192734e-06, 3.13154691867e-06, 2.30900354836e-06, 2.12320765058e-06, 1.57761269293e-06, 1.15918055599e-06, 5.20600110576e-07, 5.05994705691e-07, 5.99566874371e-07, 4.12802421579e-07, 2.88819535399e-07, 1.44619491493e-07, 1.54938717856e-07, 1.4311042662e-07, 1.35616218699e-07, 2.04052756914e-08, 4.42478996152e-12, 4.01050243362e-12]
    },
    "mfcc": {
        "mean": [-681.716247559, 51.0122833252, 7.03400945663, 21.2497882843, 5.56124973297, 4.69970750809, -3.69688653946, 4.75038909912, -0.0225414726883, 2.26309108734, 1.32587790489, 1.00850307941, -0.36192214489],
        "cov": [[9743.02539062, -175.412307739, -857.032531738, -936.442932129, -557.086853027, -336.147796631, -491.942687988, -163.238937378, -320.398864746, -230.89704895, -152.817047119, -71.8246307373, -40.7797241211], [-175.412307739, 1714.74804688, 196.776870728, -72.2740783691, 51.6792678833, -61.1032218933, 86.3574676514, 45.519203186, 39.3959083557, -44.3074035645, -20.5232162476, 24.4150390625, 73.9970932007], [-857.032531738, 196.776870728, 1379.70727539, 473.676971436, 415.694213867, 157.537918091, 92.1984024048, 83.5083694458, 28.7310180664, -29.8789310455, -46.1561088562, 29.7738704681, 40.4860610962], [-936.442932129, -72.2740783691, 473.676971436, 688.858886719, 362.00692749, 155.376022339, 91.3312988281, 22.4713134766, 65.246131897, 37.9797172546, -16.4010353088, 33.0484695435, 0.667476534843], [-557.086853027, 51.6792678833, 415.694213867, 362.00692749, 513.52142334, 167.880996704, 28.9859790802, 2.46523880959, 22.8920974731, 4.60406446457, -23.5554237366, -5.59255409241, -13.8569631577], [-336.147796631, -61.1032218933, 157.537918091, 155.376022339, 167.880996704, 339.930053711, 164.618453979, 54.0172348022, 76.5071334839, 60.6474723816, 58.656211853, 35.0075149536, 25.9879817963], [-491.942687988, 86.3574676514, 92.1984024048, 91.3312988281, 28.9859790802, 164.618453979, 332.694946289, 116.54259491, 115.416610718, 61.3669204712, 44.6913757324, 44.7598342896, 35.9518623352], [-163.238937378, 45.519203186, 83.5083694458, 22.4713134766, 2.46523880959, 54.0172348022, 116.54259491, 199.488723755, 96.822883606, 49.6952400208, 50.5034942627, 22.44597435, 42.5591087341], [-320.398864746, 39.3959083557, 28.7310180664, 65.246131897, 22.8920974731, 76.5071334839, 115.416610718, 96.822883606, 211.886016846, 102.568939209, 57.4244117737, 45.4307746887, 38.870677948], [-230.89704895, -44.3074035645, -29.8789310455, 37.9797172546, 4.60406446457, 60.6474723816, 61.3669204712, 49.6952400208, 102.568939209, 178.954544067, 93.3634262085, 61.8493232727, 43.0052490234], [-152.817047119, -20.5232162476, -46.1561088562, -16.4010353088, -23.5554237366, 58.656211853, 44.6913757324, 50.5034942627, 57.4244117737, 93.3634262085, 176.278289795, 74.8323059082, 58.0547714233], [-71.8246307373, 24.4150390625, 29.7738704681, 33.0484695435, -5.59255409241, 35.0075149536, 44.7598342896, 22.44597435, 45.4307746887, 61.8493232727, 74.8323059082, 147.071380615, 75.8521957397], [-40.7797241211, 73.9970932007, 40.4860610962, 0.667476534843, -13.8569631577, 25.9879817963, 35.9518623352, 42.5591087341, 38.870677948, 43.0052490234, 58.0547714233, 75.8521957397, 140.894454956]],
        "icov": [[0.000130006781546, 9.205878996e-06, 3.19409373333e-05, 0.000130534317577, 3.62070677511e-05, -6.76146446494e-05, 0.000160324649187, -6.90878587193e-05, 7.47259982745e-05, 6.107394438e-05, 0.000133730703965, -0.000100440898677, -2.12983268284e-05], [9.205878996e-06, 0.000669796951115, -9.81774646789e-05, 0.000252115103649, -0.000253276812145, 0.00034713500645, -0.000316490681143, 6.07786023465e-05, -0.00020036350179, 0.000277924380498, 5.60478365514e-05, -3.49296460627e-05, -0.000382475031074], [3.19409373333e-05, -9.81774646789e-05, 0.00114996090997, -0.000462093652459, -0.000537290819921, -0.000100713012216, 5.49553988094e-05, -0.000565165595617, 0.000226818563533, 0.000350627378793, 0.000334534270223, -0.000246941373916, -0.00031951526762], [0.000130534317577, 0.000252115103649, -0.000462093652459, 0.0028861106839, -0.00148524902761, 8.69653376867e-06, -0.000329852628056, 0.000259132211795, -0.000364549778169, -0.0002938733669, 0.000605779874604, -0.00070844514994, 0.000204761396162], [3.62070677511e-05, -0.000253276812145, -0.000537290819921, -0.00148524902761, 0.00400939397514, -0.0016640095273, 0.00098240643274, 0.000121255878184, 1.66324443853e-05, -8.7701359007e-05, 0.000255121471127, 0.000425366306445, 0.000406928185839], [-6.76146446494e-05, 0.00034713500645, -0.000100713012216, 8.69653376867e-06, -0.0016640095273, 0.00525316828862, -0.00248864828609, 0.000529800483491, -0.000305249908706, -0.000202410534257, -0.0013662566198, 0.000315584358759, -0.000291539763566], [0.000160324649187, -0.000316490681143, 5.49553988094e-05, -0.000329852628056, 0.00098240643274, -0.00248864828609, 0.00559211010113, -0.00207676575519, -0.00104457396083, 9.76536539383e-05, 0.00075270421803, -0.000848031020723, 0.000359204277629], [-6.90878587193e-05, 6.07786023465e-05, -0.000565165595617, 0.000259132211795, 0.000121255878184, 0.000529800483491, -0.00207676575519, 0.00792583357543, -0.00255692540668, 0.000176056855707, -0.00153301993851, 0.00151806313079, -0.00137463700958], [7.47259982745e-05, -0.00020036350179, 0.000226818563533, -0.000364549778169, 1.66324443853e-05, -0.000305249908706, -0.00104457396083, -0.00255692540668, 0.00853445474058, -0.00367184611969, 0.000542733294424, -0.000453892804217, -5.27967968083e-05], [6.107394438e-05, 0.000277924380498, 0.000350627378793, -0.0002938733669, -8.7701359007e-05, -0.000202410534257, 9.76536539383e-05, 0.000176056855707, -0.00367184611969, 0.0102799711749, -0.00347178289667, -0.00132135220338, -0.000259893888142], [0.000133730703965, 5.60478365514e-05, 0.000334534270223, 0.000605779874604, 0.000255121471127, -0.0013662566198, 0.00075270421803, -0.00153301993851, 0.000542733294424, -0.00347178289667, 0.00998989399523, -0.00301996059716, -0.00112211494707], [-0.000100440898677, -3.49296460627e-05, -0.000246941373916, -0.00070844514994, 0.000425366306445, 0.000315584358759, -0.000848031020723, 0.00151806313079, -0.000453892804217, -0.00132135220338, -0.00301996059716, 0.0115617103875, -0.004646433983], [-2.12983268284e-05, -0.000382475031074, -0.00031951526762, 0.000204761396162, 0.000406928185839, -0.000291539763566, 0.000359204277629, -0.00137463700958, -5.27967968083e-05, -0.000259893888142, -0.00112211494707, -0.004646433983, 0.0108581474051]]
    },
    "spectral_contrast_coeffs": {
        "mean": [-0.707973122597, -0.777092754841, -0.797922074795, -0.80277889967, -0.791631937027, -0.767841815948],
        "stdev": [0.103335678577, 0.0912029743195, 0.0784757509828, 0.0553801879287, 0.0544765815139, 0.0502070374787]
    },
    "spectral_contrast_valleys": {
        "mean": [-8.11118984222, -7.74940252304, -8.20842170715, -8.12763595581, -7.66825914383, -9.66286087036],
        "stdev": [1.34664821625, 1.2887005806, 1.33818995953, 1.29274392128, 1.24777317047, 1.25113868713]
    }
},
"rhythm": {
    "beats_count": 662,
    "beats_loudness": {
        "mean": 0.0395548827946,
        "stdev": 0.0117775211111
    },
    "bpm": 101.45009613,
    "bpm_histogram_first_peak_bpm": 101,
    "bpm_histogram_first_peak_weight": 0.232980310917,
    "bpm_histogram_second_peak_bpm": 0,
    "bpm_histogram_second_peak_spread": 0,
    "bpm_histogram_second_peak_weight": 0,
    "danceability": 1.55805647373,
    "onset_rate": 4.77764558792,
    "beats_loudness_band_ratio": {
        "mean": [0.459993541241, 0.0358108207583, 0.0661370679736, 0.0861528292298, 0.17279919982, 0.192670717835],
        "stdev": [0.298138856888, 0.0368274375796, 0.0777213424444, 0.0832965746522, 0.146706491709, 0.118109419942]
    },
    "beats_position": [0.545668900013, 1.11455774307, 1.69505667686, 2.28716540337, 2.87927436829, 3.45977306366, 4.05188179016, 4.6439909935, 5.24770975113, 5.83981847763, 6.43192720413, 7.02403593063, 7.61614513397, 8.19664382935, 8.78875255585, 9.38086128235, 9.97297000885, 10.5650787354, 11.1571884155, 11.749297142, 12.3414058685, 12.933514595, 13.5256233215, 14.117732048, 14.7098407745, 15.301949501, 15.8940582275, 16.4861679077, 17.0782756805, 17.6703853607, 18.2624931335, 18.8546028137, 19.458322525, 20.0388202667, 20.6309299469, 21.2230377197, 21.8151473999, 22.4072551727, 22.9993648529, 23.5914726257, 24.1835823059, 24.7756919861, 25.3677997589, 25.9599094391, 26.5520172119, 27.1441268921, 27.7246246338, 28.316734314, 28.9088420868, 29.5125617981, 30.0930614471, 30.68516922, 31.2772789001, 31.869386673, 32.4614944458, 33.053604126, 33.6457138062, 34.2378234863, 34.8299331665, 35.4104309082, 36.0141487122, 36.5946464539, 37.186756134, 37.7788658142, 38.3825836182, 38.9746932983, 39.5668029785, 40.1473007202, 40.7394104004, 41.3315200806, 41.923625946, 42.5157356262, 43.1078453064, 43.6999549866, 44.3036727905, 44.8957824707, 45.4878921509, 46.0799980164, 46.6721076965, 47.2642173767, 47.8563270569, 48.4368247986, 49.0289344788, 49.6210403442, 50.2131500244, 50.8052597046, 51.3973693848, 51.9894790649, 52.5815849304, 53.1736946106, 53.7541923523, 54.3579139709, 54.9500198364, 55.5421295166, 56.1342391968, 56.726348877, 57.3184585571, 57.9105644226, 58.491065979, 59.0831718445, 59.6752815247, 60.2673912048, 60.859500885, 61.4516105652, 62.0437164307, 62.6358261108, 63.227935791, 63.8200454712, 64.4121551514, 64.9926528931, 65.5847625732, 66.1768722534, 66.7689819336, 67.3610839844, 67.964805603, 68.5569152832, 69.1490249634, 69.7411346436, 70.3332443237, 70.9253463745, 71.5174560547, 72.1095657349, 72.701675415, 73.2821731567, 73.8742828369, 74.4663925171, 75.0585021973, 75.6506118774, 76.2311096191, 76.8348312378, 77.426940918, 78.0190429688, 78.6111526489, 79.2032623291, 79.7953720093, 80.3874816895, 80.9679794312, 81.5717010498, 82.16381073, 82.7559204102, 83.3480224609, 83.9401321411, 84.5322418213, 85.1243515015, 85.7164611816, 86.3085708618, 86.900680542, 87.4927902222, 88.0848999023, 88.6770019531, 89.2691116333, 89.8612213135, 90.4417190552, 91.0338287354, 91.6259384155, 92.2180480957, 92.8101577759, 93.4138793945, 93.9943771362, 94.5864868164, 95.1785888672, 95.7706985474, 96.3628082275, 96.9665298462, 97.5586395264, 98.1507492065, 98.7428588867, 99.3349609375, 99.9270706177, 100.519180298, 101.09967804, 101.69178772, 102.2838974, 102.887619019, 103.46811676, 104.06022644, 104.652336121, 105.244445801, 105.836547852, 106.428657532, 107.020767212, 107.612876892, 108.204986572, 108.797096252, 109.389205933, 109.981315613, 110.573425293, 111.153923035, 111.746032715, 112.349746704, 112.941856384, 113.533966064, 114.126075745, 114.718185425, 115.310295105, 115.914009094, 116.494506836, 117.075012207, 117.667114258, 118.259223938, 118.851333618, 119.443443298, 120.035552979, 120.627662659, 121.219772339, 121.811882019, 122.403991699, 122.99609375, 123.58820343, 124.18031311, 124.772422791, 125.364532471, 125.956642151, 126.548751831, 127.140861511, 127.732971191, 128.325073242, 128.905578613, 129.497680664, 130.089797974, 130.681900024, 131.285614014, 131.877731323, 132.469833374, 133.073562622, 133.654052734, 134.246170044, 134.838272095, 135.430389404, 136.022491455, 136.602996826, 137.195098877, 137.787200928, 138.379318237, 138.971420288, 139.563537598, 140.155639648, 140.759368896, 141.351470947, 141.943572998, 142.524078369, 143.11618042, 143.708297729, 144.30039978, 144.89251709, 145.473007202, 146.065124512, 146.668838501, 147.260955811, 147.853057861, 148.445159912, 149.037277222, 149.629379272, 150.221496582, 150.813598633, 151.405715942, 151.997817993, 152.589935303, 153.182037354, 153.762542725, 154.343032837, 154.946762085, 155.538864136, 156.130966187, 156.723083496, 157.315185547, 157.907302856, 158.499404907, 159.091522217, 159.683624268, 160.275741577, 160.867843628, 161.459945679, 162.052062988, 162.644165039, 163.236282349, 163.828384399, 164.420501709, 165.01260376, 165.604721069, 166.19682312, 166.788925171, 167.38104248, 167.973144531, 168.565261841, 169.157363892, 169.749481201, 170.341583252, 170.933700562, 171.525802612, 172.106307983, 172.698410034, 173.290512085, 173.894241333, 174.486343384, 175.078460693, 175.670562744, 176.251068115, 176.843170166, 177.435287476, 178.027389526, 178.619491577, 179.211608887, 179.815322876, 180.395828247, 180.976318359, 181.580047607, 182.183761597, 182.775863647, 183.367980957, 183.948471069, 184.540588379, 185.13269043, 185.724807739, 186.31690979, 186.9090271, 187.50112915, 188.10484314, 188.685348511, 189.2890625, 189.88117981, 190.47328186, 191.053787231, 191.645889282, 192.238006592, 192.830108643, 193.422225952, 194.014328003, 194.606430054, 195.198547363, 195.790649414, 196.382766724, 196.974868774, 197.566986084, 198.159088135, 198.751205444, 199.343307495, 199.935409546, 200.527526855, 201.119628906, 201.711746216, 202.303848267, 202.895965576, 203.488067627, 204.080184937, 204.672286987, 205.264389038, 205.856506348, 206.448608398, 207.040725708, 207.632827759, 208.224945068, 208.817047119, 209.409164429, 210.001266479, 210.604980469, 211.197097778, 211.789199829, 212.3697052, 212.961807251, 213.553924561, 214.134414673, 214.726531982, 215.318634033, 215.922348022, 216.514465332, 217.106567383, 217.698684692, 218.290786743, 218.882904053, 219.475006104, 220.067123413, 220.659225464, 221.239730835, 221.831832886, 222.423934937, 223.016052246, 223.608154297, 224.200271606, 224.792373657, 225.384490967, 225.976593018, 226.568710327, 227.160812378, 227.752914429, 228.345031738, 228.937133789, 229.51763916, 230.121353149, 230.713470459, 231.317184448, 231.909286499, 232.501403809, 233.081893921, 233.67401123, 234.266113281, 234.858230591, 235.450332642, 236.05406189, 236.64616394, 237.238265991, 237.830383301, 238.422485352, 239.014602661, 239.606704712, 240.198822021, 240.790924072, 241.383041382, 241.975143433, 242.555648804, 243.147750854, 243.739852905, 244.320358276, 244.924072266, 245.516189575, 246.108291626, 246.712020874, 247.292510986, 247.896224976, 248.488342285, 249.080444336, 249.672561646, 250.264663696, 250.845169067, 251.437271118, 252.029388428, 252.621490479, 253.213607788, 253.805709839, 254.39781189, 254.989929199, 255.58203125, 256.174133301, 256.766265869, 257.35836792, 257.950469971, 258.542572021, 259.134674072, 259.73840332, 260.330505371, 260.922637939, 261.51473999, 262.106842041, 262.687347412, 263.279449463, 263.871551514, 264.463653564, 265.055786133, 265.659484863, 266.251617432, 266.843719482, 267.435821533, 268.027923584, 268.620025635, 269.212158203, 269.804260254, 270.396362305, 270.976867676, 271.568969727, 272.161071777, 272.753204346, 273.345306396, 273.937408447, 274.529510498, 275.121612549, 275.713745117, 276.305847168, 276.897949219, 277.49005127, 278.082183838, 278.674285889, 279.266387939, 279.870117188, 280.450592041, 281.042724609, 281.63482666, 282.226928711, 282.819030762, 283.41116333, 284.003265381, 284.595367432, 285.187469482, 285.779571533, 286.371704102, 286.963806152, 287.555908203, 288.148010254, 288.728515625, 289.297424316, 289.901123047, 290.504852295, 291.108551025, 291.700683594, 292.292785645, 292.884887695, 293.476989746, 294.080718994, 294.661224365, 295.253326416, 295.845428467, 296.437530518, 297.029663086, 297.621765137, 298.213867188, 298.794372559, 299.386474609, 299.97857666, 300.582305908, 301.186035156, 301.778137207, 302.370239258, 302.962341309, 303.554473877, 304.146575928, 304.738677979, 305.330780029, 305.92288208, 306.503387451, 307.083892822, 307.68762207, 308.291320801, 308.883453369, 309.47555542, 310.067657471, 310.659759521, 311.26348877, 311.843994141, 312.424468994, 313.004974365, 313.608703613, 314.212432861, 314.816131592, 315.41986084, 316.011962891, 316.604064941, 317.184570312, 317.776672363, 318.368804932, 318.960906982, 319.553009033, 320.145111084, 320.737213135, 321.329345703, 321.921447754, 322.513549805, 323.105651855, 323.697784424, 324.289886475, 324.881988525, 325.462493896, 326.066192627, 326.658325195, 327.262023926, 327.854156494, 328.446258545, 329.026763916, 329.618865967, 330.210968018, 330.803070068, 331.395172119, 331.998901367, 332.579406738, 333.171508789, 333.76361084, 334.355743408, 334.947845459, 335.53994751, 336.132049561, 336.724151611, 337.304656982, 337.90838623, 338.512115479, 339.104217529, 339.69631958, 340.288421631, 340.880523682, 341.47265625, 342.07635498, 342.656860352, 343.237365723, 343.841094971, 344.433197021, 345.025299072, 345.617401123, 346.209503174, 346.813232422, 347.393737793, 347.974243164, 348.566345215, 349.158447266, 349.762176514, 350.365875244, 350.958007812, 351.550109863, 352.142211914, 352.734313965, 353.326446533, 353.918548584, 354.510650635, 355.102752686, 355.694854736, 356.286987305, 356.879089355, 357.471191406, 358.063293457, 358.655426025, 359.247528076, 359.839630127, 360.431732178, 361.023834229, 361.615966797, 362.208068848, 362.800170898, 363.392272949, 363.984405518, 364.576507568, 365.168609619, 365.76071167, 366.352813721, 366.944946289, 367.53704834, 368.129150391, 368.721252441, 369.31338501, 369.905487061, 370.497589111, 371.089691162, 371.681793213, 372.273925781, 372.866027832, 373.458129883, 374.050231934, 374.630737305, 375.211242676, 375.791748047, 376.3722229, 376.964355469, 377.55645752, 378.136962891, 378.717468262, 379.297943115, 379.878448486, 380.458953857, 381.039459229, 381.619934082, 382.200439453, 382.780944824, 383.361450195, 383.941955566, 384.52243042, 385.102935791, 385.695037842, 386.275543213, 386.867645264, 387.448150635, 388.028656006, 388.609161377, 389.189666748, 389.770141602, 390.350646973, 390.931152344, 391.511657715],
    "bpm_histogram": [0, 0, 0, 0, 0, 0, 0, 0, 0, 0, 0, 0, 0, 0, 0, 0, 0, 0, 0, 0, 0, 0, 0, 0, 0, 0, 0, 0, 0, 0, 0, 0, 0, 0, 0, 0, 0, 0, 0, 0, 0, 0, 0, 0, 0, 0, 0, 0, 0, 0, 0, 0, 0, 0, 0, 0, 0, 0, 0, 0, 0, 0, 0, 0, 0, 0, 0, 0, 0, 0, 0, 0, 0, 0, 0, 0, 0, 0, 0, 0, 0, 0, 0, 0, 0, 0, 0, 0, 0, 0, 0, 0, 0, 0, 0, 0, 0, 0, 0, 0.0907715559006, 0, 0.767019689083, 0, 0.139183059335, 0, 0.00302571849898, 0, 0, 0, 0, 0, 0, 0, 0, 0, 0, 0, 0, 0, 0, 0, 0, 0, 0, 0, 0, 0, 0, 0, 0, 0, 0, 0, 0, 0, 0, 0, 0, 0, 0, 0, 0, 0, 0, 0, 0, 0, 0, 0, 0, 0, 0, 0, 0, 0, 0, 0, 0, 0, 0, 0, 0, 0, 0, 0, 0, 0, 0, 0, 0, 0, 0, 0, 0, 0, 0, 0, 0, 0, 0, 0, 0, 0, 0, 0, 0, 0, 0, 0, 0, 0, 0, 0, 0, 0, 0, 0, 0, 0, 0, 0, 0, 0, 0, 0, 0, 0, 0, 0, 0, 0, 0, 0, 0, 0, 0, 0, 0, 0, 0, 0, 0, 0, 0, 0, 0, 0, 0, 0, 0, 0, 0, 0, 0, 0, 0, 0, 0, 0, 0, 0, 0, 0, 0, 0, 0, 0, 0, 0, 0]
},
"tonal": {
    "chords_changes_rate": 0.144261524081,
    "chords_number_rate": 0.00177661969792,
    "chords_strength": {
        "mean": 0.441250115633,
        "stdev": 0.0823201984167
    },
    "hpcp_crest": {
        "mean": 11.7254133224,
        "stdev": 6.26085948944
    },
    "hpcp_entropy": {
        "mean": 2.3937163353,
        "stdev": 0.86347669363
    },
    "key_edma": {
        "strength": 0.589040458202,
        "key": "C#",
        "scale": "major"
    },
    "key_krumhansl": {
        "strength": 0.580623686314,
        "key": "C#",
        "scale": "major"
    },
    "key_temperley": {
        "strength": 0.565150558949,
        "key": "C#",
        "scale": "major"
    },
    "tuning_diatonic_strength": 0.5326795578,
    "tuning_equal_tempered_deviation": 0.136415809393,
    "tuning_frequency": 434.193115234,
    "tuning_nontempered_energy_ratio": 0.844463765621,
    "hpcp": {
        "mean": [0.139700859785, 0.114121682942, 0.136352226138, 0.13198274374, 0.11298982054, 0.125088840723, 0.123599000275, 0.11775047332, 0.123325496912, 0.125876352191, 0.139383286238, 0.161959737539, 0.157114580274, 0.132437884808, 0.116013325751, 0.117842487991, 0.136515036225, 0.210699826479, 0.219111606479, 0.151408866048, 0.140625119209, 0.148283064365, 0.158213093877, 0.192866101861, 0.203893065453, 0.174738764763, 0.194095447659, 0.207638472319, 0.166294232011, 0.148134514689, 0.139334455132, 0.141102343798, 0.203011512756, 0.235242307186, 0.197758108377, 0.170154467225],
        "stdev": [0.225722178817, 0.196420177817, 0.217451512814, 0.219161912799, 0.202245280147, 0.213736459613, 0.212080687284, 0.203503116965, 0.214156150818, 0.218986228108, 0.235814571381, 0.253830254078, 0.234953001142, 0.213568195701, 0.206197321415, 0.200109362602, 0.210219472647, 0.280785888433, 0.283686250448, 0.220674991608, 0.223811686039, 0.247437402606, 0.256027907133, 0.285320222378, 0.294061720371, 0.253906965256, 0.261178076267, 0.283989131451, 0.23276053369, 0.228718474507, 0.219547763467, 0.218022614717, 0.264295458794, 0.288498669863, 0.265724152327, 0.253249943256]
    },
