{
"metadata": {
    "version": {
        "essentia": "2.1-dev",
        "essentia_git_sha": "v2.1_beta3-415-gd5473f3",
        "extractor": "music 2.0"
    },
    "audio_properties": {
        "analysis": {
            "equal_loudness": 0,
            "length": 228.911026001,
            "sample_rate": 44100,
            "start_time": 0,
            "downmix": "mix"
        },
        "bit_rate": 192000,
        "length": 228.911026001,
        "lossless": 0,
        "number_channels": 2,
        "replay_gain": -11.3167057037,
        "sample_rate": 44100,
        "codec": "mp3",
        "md5_encoded": "27bcf366af9497b57997e67e7e156fc1"
    },
    "tags": {
        "file_name": "jazz_two-esquizoide.mp3",
        "album": ["Nomon"],
        "artist": ["Jazz Two (Jazz Two)"],
        "date": ["1998"],
        "title": ["Esquizoide"]
    }
},
"lowlevel": {
    "average_loudness": 0.964682459831,
    "barkbands_crest": {
        "mean": 12.6557121277,
        "stdev": 5.38249111176
    },
    "barkbands_flatness_db": {
        "mean": 0.157981976867,
        "stdev": 0.0599970631301
    },
    "barkbands_kurtosis": {
        "mean": 6.28487491608,
        "stdev": 12.9916143417
    },
    "barkbands_skewness": {
        "mean": 1.68323683739,
        "stdev": 1.82875227928
    },
    "barkbands_spread": {
        "mean": 30.92918396,
        "stdev": 22.3199710846
    },
    "dissonance": {
        "mean": 0.454252064228,
        "stdev": 0.0409478321671
    },
    "dynamic_complexity": 4.00883960724,
    "erbbands_crest": {
        "mean": 10.4122076035,
        "stdev": 5.57446432114
    },
    "erbbands_flatness_db": {
        "mean": 0.151399642229,
        "stdev": 0.0476827248931
    },
    "erbbands_kurtosis": {
        "mean": 1.49783885479,
        "stdev": 3.962007761
    },
    "erbbands_skewness": {
        "mean": 0.0604822076857,
        "stdev": 1.23024725914
    },
    "erbbands_spread": {
        "mean": 51.3621520996,
        "stdev": 30.9979286194
    },
    "hfc": {
        "mean": 24.7750835419,
        "stdev": 28.4314670563
    },
    "loudness_ebu128": {
        "integrated": -12.9593324661,
        "loudness_range": 1.70881462097,
        "momentary": {
            "mean": -14.1392726898,
            "stdev": 5.96010923386
        },
        "short_term": {
            "mean": -13.470454216,
            "stdev": 3.12341547012
        }
    },
    "melbands_crest": {
        "mean": 18.1376228333,
        "stdev": 6.66831493378
    },
    "melbands_flatness_db": {
        "mean": 0.211366981268,
        "stdev": 0.0846464931965
    },
    "melbands_kurtosis": {
        "mean": 30.4906654358,
        "stdev": 62.7426338196
    },
    "melbands_skewness": {
        "mean": 3.71296977997,
        "stdev": 3.23348927498
    },
    "melbands_spread": {
        "mean": 32.9752960205,
        "stdev": 39.4638290405
    },
    "pitch_salience": {
        "mean": 0.485770463943,
        "stdev": 0.174891069531
    },
    "silence_rate_20dB": {
        "mean": 1,
        "stdev": 0
    },
    "silence_rate_30dB": {
        "mean": 0.953245460987,
        "stdev": 0.21112395823
    },
    "silence_rate_60dB": {
        "mean": 0.171196758747,
        "stdev": 0.376667767763
    },
    "spectral_centroid": {
        "mean": 1790.58898926,
        "stdev": 1008.54864502
    },
    "spectral_complexity": {
        "mean": 11.5211963654,
        "stdev": 10.4426670074
    },
    "spectral_decrease": {
        "mean": -6.98656421605e-09,
        "stdev": 8.33400282119e-09
    },
    "spectral_energy": {
        "mean": 0.0286160577089,
        "stdev": 0.0330491885543
    },
    "spectral_energyband_high": {
        "mean": 0.00206598057412,
        "stdev": 0.00310798501596
    },
    "spectral_energyband_low": {
        "mean": 0.0154110919684,
        "stdev": 0.0254292692989
    },
    "spectral_energyband_middle_high": {
        "mean": 0.00290424446575,
        "stdev": 0.0042722383514
    },
    "spectral_energyband_middle_low": {
        "mean": 0.00855271704495,
        "stdev": 0.0173924248666
    },
    "spectral_entropy": {
        "mean": 7.81206512451,
        "stdev": 0.534679293633
    },
    "spectral_flux": {
        "mean": 0.0952076539397,
        "stdev": 0.0691935792565
    },
    "spectral_kurtosis": {
        "mean": 2.37328600883,
        "stdev": 2.40087628365
    },
    "spectral_rms": {
        "mean": 0.00444567808881,
        "stdev": 0.00285553443246
    },
    "spectral_rolloff": {
        "mean": 2469.59228516,
        "stdev": 2933.33886719
    },
    "spectral_skewness": {
        "mean": 1.14704823494,
        "stdev": 0.518702507019
    },
    "spectral_spread": {
        "mean": 6336230.5,
        "stdev": 2080278.5
    },
    "spectral_strongpeak": {
        "mean": 0.708880782127,
        "stdev": 0.80753159523
    },
    "zerocrossingrate": {
        "mean": 0.088028691709,
        "stdev": 0.0687952488661
    },
    "barkbands": {
        "mean": [0.000197401517653, 0.0123815489933, 0.00257598911412, 0.000622281106189, 0.00318192783743, 0.00105254270602, 0.0013650158653, 0.00086600263603, 0.00133620866109, 0.000772729923483, 0.000188603284187, 0.000481249502627, 0.000189107493497, 0.000199362504645, 0.000155905538122, 0.000170620216522, 0.000209256017115, 0.000263696012553, 0.000233916507568, 0.000244571856456, 0.000287020171527, 0.000440782459918, 0.000402046222007, 0.000386347674066, 0.000291390664643, 0.000117930569104, 2.51681012742e-06],
        "stdev": [0.000425806239946, 0.0237481445074, 0.00503697153181, 0.00191232562065, 0.0134775275365, 0.00259993970394, 0.0038277762942, 0.0026949364692, 0.00364020024426, 0.00190432078671, 0.000925546046346, 0.00194021058269, 0.0008733762661, 0.000613529875409, 0.000413537287386, 0.00034265324939, 0.000362617895007, 0.000458286260255, 0.000396862335037, 0.000534378108568, 0.000553969934117, 0.000751468527596, 0.000689156237058, 0.000719489529729, 0.000484663411044, 0.000213371575228, 1.11797317004e-05]
    },
    "erbbands": {
        "mean": [0.309388369322, 2.84701490402, 4.26588726044, 2.07653260231, 9.31059360504, 8.13189697266, 6.15660190582, 9.8840341568, 18.3901119232, 18.7121448517, 21.416343689, 27.2342033386, 25.856306076, 21.8385162354, 13.0427837372, 15.8908929825, 9.03833580017, 10.1759281158, 8.23568534851, 9.02043247223, 9.83227920532, 12.7886142731, 14.1292772293, 12.0549058914, 12.0720996857, 11.4091672897, 11.0117254257, 13.2200307846, 15.7862768173, 12.9437456131, 11.4354839325, 9.37373733521, 5.4323759079, 3.45853185654, 2.12349295616, 0.666399240494, 0.195432901382, 0.0173458829522, 0.000669519242365, 7.42379852454e-05],
        "stdev": [0.805626153946, 5.02849340439, 6.83979892731, 5.03794193268, 43.2982749939, 31.7448825836, 13.2791643143, 27.3410186768, 49.3756904602, 58.4502220154, 63.1631736755, 82.3524932861, 61.9682884216, 61.9429206848, 46.9764518738, 63.0424575806, 40.3613739014, 31.0500125885, 20.3582820892, 21.4102668762, 18.166683197, 21.6354675293, 24.427980423, 19.6006851196, 20.5855140686, 25.447725296, 21.1306438446, 24.079832077, 26.5912380219, 21.426733017, 20.4827136993, 19.1822872162, 9.00680065155, 5.57370901108, 3.64902305603, 1.22109043598, 0.353146076202, 0.029368346557, 0.00194489909336, 0.000138221352245]
    },
    "gfcc": {
        "mean": [-39.4733085632, 50.3231620789, -92.1966400146, 48.9700698853, -67.1648254395, 19.280424118, -36.9918022156, 17.7547054291, -20.0262260437, 2.64257359505, -17.4360618591, 6.3122048378, -10.5158491135],
        "cov": [[14988.2607422, -123.070953369, 244.801071167, 20.920507431, -319.046600342, 125.348983765, -330.729553223, 388.700836182, -102.312469482, 482.616546631, -3.19040155411, -32.7235794067, -307.667144775], [-123.070953369, 1982.95910645, -431.760009766, -416.543579102, 178.258117676, -143.323898315, 144.654464722, 0.781847476959, 237.935287476, -155.316955566, 223.058700562, -63.9193992615, -49.7512321472], [244.801071167, -431.760009766, 1184.32751465, 519.420410156, 99.0858459473, 362.703674316, 137.431442261, -17.5214519501, -42.7877159119, 149.165405273, -21.3715610504, 140.872375488, 75.3494338989], [20.920507431, -416.543579102, 519.420410156, 800.61517334, 163.920822144, 185.610229492, -7.31960487366, -34.6895561218, 9.73136520386, 32.3225135803, -26.8025856018, 74.2849807739, 83.675819397], [-319.046600342, 178.258117676, 99.0858459473, 163.920822144, 433.801055908, 139.971099854, 133.363739014, 57.155834198, 73.3381195068, -0.345906078815, 32.7369880676, 84.0245819092, 63.4472312927], [125.348983765, -143.323898315, 362.703674316, 185.610229492, 139.971099854, 646.050537109, 390.819519043, 125.409637451, 11.4068651199, 36.4382972717, -11.8133468628, 60.5699882507, 93.3462219238], [-330.729553223, 144.654464722, 137.431442261, -7.31960487366, 133.363739014, 390.819519043, 490.019714355, 158.285293579, 46.5522193909, -33.5726165771, -0.0932941585779, 52.1726531982, 78.1957168579], [388.700836182, 0.781847476959, -17.5214519501, -34.6895561218, 57.155834198, 125.409637451, 158.285293579, 281.267181396, 93.7042617798, 26.4066295624, 7.38925790787, 6.22128725052, 13.7208166122], [-102.312469482, 237.935287476, -42.7877159119, 9.73136520386, 73.3381195068, 11.4068651199, 46.5522193909, 93.7042617798, 207.702377319, 27.2559185028, 29.2772464752, -55.260383606, -0.825114905834], [482.616546631, -155.316955566, 149.165405273, 32.3225135803, -0.345906078815, 36.4382972717, -33.5726165771, 26.4066295624, 27.2559185028, 165.199417114, 18.6039524078, -9.40843772888, -31.5723762512], [-3.19040155411, 223.058700562, -21.3715610504, -26.8025856018, 32.7369880676, -11.8133468628, -0.0932941585779, 7.38925790787, 29.2772464752, 18.6039524078, 183.054550171, 43.5000839233, -23.6992969513], [-32.7235794067, -63.9193992615, 140.872375488, 74.2849807739, 84.0245819092, 60.5699882507, 52.1726531982, 6.22128725052, -55.260383606, -9.40843772888, 43.5000839233, 174.202377319, 64.165222168], [-307.667144775, -49.7512321472, 75.3494338989, 83.675819397, 63.4472312927, 93.3462219238, 78.1957168579, 13.7208166122, -0.825114905834, -31.5723762512, -23.6992969513, 64.165222168, 124.52306366]],
        "icov": [[9.2907655926e-05, -9.11434690352e-05, 2.64766276814e-05, -6.49840512779e-05, 9.16130156838e-05, -0.000108141000965, 0.000165353543707, -0.000245602714131, 0.000192215622519, -0.00028886902146, 0.000145449535921, -0.00012018615962, 0.000196042106836], [-9.11434690352e-05, 0.00115205103066, -0.000119827091112, 0.000609197188169, -0.00055900454754, 0.000347867084201, -0.000582310836762, 0.000814994040411, -0.00135510368273, 0.00141756713856, -0.0012748290319, 0.000480153568788, 5.85523121117e-05], [2.64766276814e-05, -0.000119827091112, 0.00175212020986, -0.000965891114902, 0.000377590447897, -0.000537546002306, -0.000294849189231, 0.000390227505704, 0.000149617422721, -0.00169196247589, 0.000576305086724, -0.00125940178987, 0.000289740972221], [-6.49840512779e-05, 0.000609197188169, -0.000965891114902, 0.00248090340756, -0.00093346851645, -0.000376755342586, 0.000734300527256, 0.000559320498724, -0.00112428190187, 0.00142075133044, -0.00052134913858, 0.000387933541788, -0.000710830965545], [9.16130156838e-05, -0.00055900454754, 0.000377590447897, -0.00093346851645, 0.0035888236016, -0.000397655210691, -0.000237352272961, -0.000256462139077, -0.000789057114162, -0.000924179330468, 0.000644020561595, -0.00206767208874, -2.92288314085e-06], [-0.000108141000965, 0.000347867084201, -0.000537546002306, -0.000376755342586, -0.000397655210691, 0.00424591638148, -0.00334058096632, 5.40339424333e-05, 0.000599333608989, -0.000633392482996, -0.000711355998646, 0.00125803146511, -0.00137847254518], [0.000165353543707, -0.000582310836762, -0.000294849189231, 0.000734300527256, -0.000237352272961, -0.00334058096632, 0.00603054324165, -0.00214655511081, 9.67572632362e-05, 0.00121232308447, 0.000691892229952, -0.000687791907694, -0.000270295975497], [-0.000245602714131, 0.000814994040411, 0.000390227505704, 0.000559320498724, -0.000256462139077, 5.40339424333e-05, -0.00214655511081, 0.00640375446528, -0.00355465011671, 0.000168555387063, -0.000267035706202, -0.000941810430959, 0.000292992102914], [0.000192215622519, -0.00135510368273, 0.000149617422721, -0.00112428190187, -0.000789057114162, 0.000599333608989, 9.67572632362e-05, -0.00355465011671, 0.00994645711035, -0.00302002578974, -0.00069123035064, 0.00408973079175, -0.00205661472864], [-0.00028886902146, 0.00141756713856, -0.00169196247589, 0.00142075133044, -0.000924179330468, -0.000633392482996, 0.00121232308447, 0.000168555387063, -0.00302002578974, 0.0110097220168, -0.00223365216516, 0.00101583264768, 0.00191049277782], [0.000145449535921, -0.0012748290319, 0.000576305086724, -0.00052134913858, 0.000644020561595, -0.000711355998646, 0.000691892229952, -0.000267035706202, -0.00069123035064, -0.00223365216516, 0.00869233906269, -0.00459934258834, 0.00310509465635], [-0.00012018615962, 0.000480153568788, -0.00125940178987, 0.000387933541788, -0.00206767208874, 0.00125803146511, -0.000687791907694, -0.000941810430959, 0.00408973079175, 0.00101583264768, -0.00459934258834, 0.0121956430376, -0.00583253195509], [0.000196042106836, 5.85523121117e-05, 0.000289740972221, -0.000710830965545, -2.92288314085e-06, -0.00137847254518, -0.000270295975497, 0.000292992102914, -0.00205661472864, 0.00191049277782, 0.00310509465635, -0.00583253195509, 0.0140801947564]]
    },
    "melbands": {
        "mean": [0.00312873278745, 0.00290031544864, 0.000537426793016, 0.000763849646319, 0.000211143618799, 0.00022201918182, 0.000284334440948, 0.000196251115995, 0.000179842463695, 0.000178982882062, 0.000129672815092, 9.48188389884e-05, 3.34003889293e-05, 6.34422685835e-05, 2.20482816076e-05, 1.9330142095e-05, 1.86796332855e-05, 1.31516335387e-05, 1.26813383758e-05, 1.11056569949e-05, 1.1489296412e-05, 1.29645968627e-05, 1.34991159939e-05, 1.10876353574e-05, 9.52398659138e-06, 9.57509200816e-06, 7.63797106629e-06, 7.61753653933e-06, 7.158144399e-06, 6.46342550681e-06, 8.16257761471e-06, 9.37107688515e-06, 7.91088586993e-06, 6.99951215211e-06, 6.95429116604e-06, 5.73154102312e-06, 5.72988483327e-06, 3.94478865928e-06, 2.93729681289e-06, 2.89051763502e-06],
        "stdev": [0.0069909892045, 0.00417631492019, 0.00156962790061, 0.00349913956597, 0.000437969370978, 0.000581287837122, 0.000753956497647, 0.000604620901868, 0.000544104317669, 0.000533575890586, 0.000312401010888, 0.000267408409854, 0.000135322668939, 0.000262963527348, 0.000128761530505, 7.81466005719e-05, 6.10589195276e-05, 3.8049165596e-05, 3.55800475518e-05, 2.46302770393e-05, 2.23766419367e-05, 2.36222476815e-05, 2.43390495598e-05, 1.91208309843e-05, 1.62400447152e-05, 1.69621980604e-05, 1.60625313583e-05, 1.7963729988e-05, 1.43212610055e-05, 1.3578061953e-05, 1.46812426465e-05, 1.58693328558e-05, 1.51340009324e-05, 1.10505243356e-05, 1.23240015455e-05, 1.21848906929e-05, 1.18860116345e-05, 6.86062139721e-06, 4.6259078772e-06, 4.89039075546e-06]
    },
    "melbands128": {
        "mean": [0.000183878495591, 0.00211589899845, 0.00443564262241, 0.00496395351365, 0.00298440665938, 0.000935687858146, 0.000312498799758, 0.000335102813551, 0.00107236241456, 0.00124362471979, 0.000324325694237, 0.000206053140573, 0.000217256587348, 0.000169219259988, 0.000205809832551, 0.000255284045124, 0.000283023051452, 0.000305874767946, 0.000272742559901, 0.000203178118682, 0.000163504490047, 0.000162683645613, 0.000195067172172, 0.000182334217243, 0.000163731456269, 0.000180309667485, 0.000208666504477, 7.77068053139e-05, 0.000120604112453, 0.000136431670398, 7.56707595428e-05, 2.87898601528e-05, 2.61778968706e-05, 2.43605463766e-05, 9.99180483632e-05, 6.5974156314e-05, 2.37663043663e-05, 2.22846247198e-05, 1.99439673452e-05, 1.79447361006e-05, 1.8396989617e-05, 2.26816791837e-05, 1.91832241399e-05, 1.69666018337e-05, 1.55775978783e-05, 1.1354381968e-05, 1.13911100925e-05, 1.37075248858e-05, 1.23733161672e-05, 1.27692237584e-05, 1.0462435057e-05, 9.57338215812e-06, 1.26148270283e-05, 1.16859473565e-05, 1.06149336716e-05, 1.47516811921e-05, 1.34912679641e-05, 1.08759277282e-05, 1.46360353028e-05, 1.63804143085e-05, 7.67752408137e-06, 1.12922134576e-05, 1.04321679828e-05, 7.87321368989e-06, 1.00521938293e-05, 1.00374845715e-05, 9.82063102128e-06, 6.68639131618e-06, 7.85601605457e-06, 7.87682438386e-06, 6.13828751739e-06, 8.9370587375e-06, 8.13445058157e-06, 7.09915866537e-06, 5.11771122547e-06, 7.1256740739e-06, 6.17649266133e-06, 6.91214791004e-06, 8.46630064189e-06, 9.70565452008e-06, 9.35254684009e-06, 1.01478799479e-05, 7.08978268449e-06, 8.79544404597e-06, 7.13133704267e-06, 6.34444540992e-06, 6.58950830257e-06, 9.11840925255e-06, 6.62729917167e-06, 6.168652817e-06, 5.41226927453e-06, 5.70575912207e-06, 5.87315753364e-06, 6.58638373352e-06, 5.02249440615e-06, 4.1571638576e-06, 3.68779865312e-06, 3.63393223779e-06, 3.00638657791e-06, 1.85550698006e-06, 4.0951858864e-06, 2.04740422305e-06, 3.27477050632e-06, 2.85843066195e-06, 2.68070039056e-06, 2.33077844314e-06, 9.98122345663e-07, 1.27689315832e-06, 8.4152219415e-07, 1.39822031997e-06, 8.13308247416e-07, 6.29878115888e-07, 5.51563573481e-07, 6.43252576538e-07, 3.22999852642e-07, 1.04420401215e-07, 3.4198262e-08, 1.67021525499e-08, 1.17188143633e-08, 1.15012204205e-08, 9.97325955154e-09, 7.42552064281e-09, 5.25971355358e-09, 5.50008660838e-09, 4.27550439497e-09, 4.4675001476e-09, 3.33850369572e-09, 3.44914569128e-10],
        "stdev": [0.000418994750362, 0.00596827780828, 0.0116173718125, 0.00776072405279, 0.00461893482134, 0.00197450886481, 0.000917461933568, 0.00115475326311, 0.00517494045198, 0.00625110417604, 0.00120407156646, 0.000510640209541, 0.000555233098567, 0.000452305655926, 0.000664287363179, 0.000973396818154, 0.00090004428057, 0.00106567365583, 0.00109199783765, 0.000864064844791, 0.000712113687769, 0.000662253471091, 0.000761794915888, 0.000815744104329, 0.000733340566512, 0.000716097187251, 0.000724721408915, 0.000332089082804, 0.000311760639306, 0.000439411698608, 0.00028163465322, 0.000158890645253, 0.000151288884808, 0.000140821997775, 0.000465377932414, 0.00028460440808, 0.000161667980137, 0.000159990449902, 0.000136554561323, 0.000106712941488, 9.85148144537e-05, 9.32023467612e-05, 7.8109515016e-05, 8.45676186145e-05, 7.65711301938e-05, 3.83566948585e-05, 4.10344582633e-05, 5.02213406435e-05, 4.53289758298e-05, 3.70347370335e-05, 3.07366790366e-05, 2.4085295081e-05, 2.53476282523e-05, 3.30216826114e-05, 2.55698851106e-05, 3.18813945341e-05, 2.88389510388e-05, 2.53771795542e-05, 3.38261088473e-05, 3.66515232599e-05, 1.63335898833e-05, 2.3165026505e-05, 2.13295770664e-05, 1.69392660609e-05, 2.08346937143e-05, 2.08269357245e-05, 2.11867536564e-05, 1.44207988342e-05, 2.04236439458e-05, 2.4743967515e-05, 1.65902438312e-05, 2.27243181143e-05, 1.74994511326e-05, 1.60702420544e-05, 1.02092426459e-05, 1.86806137208e-05, 1.38855448313e-05, 1.55866018758e-05, 1.62015439855e-05, 1.8008862753e-05, 1.66441186593e-05, 1.84572581929e-05, 1.54784193001e-05, 2.01547136385e-05, 1.2947212781e-05, 1.07136011138e-05, 1.09562779471e-05, 1.57229151228e-05, 1.33643598019e-05, 1.19948772408e-05, 1.17604822663e-05, 1.33933936013e-05, 1.43112629303e-05, 1.32875920826e-05, 1.19195337902e-05, 8.37092193251e-06, 6.30354679743e-06, 6.21834078629e-06, 5.35027038495e-06, 2.95952440865e-06, 7.37090340408e-06, 3.27252632815e-06, 6.57805821902e-06, 5.40379596714e-06, 4.65891889689e-06, 4.00439648729e-06, 1.71014107764e-06, 2.52783888754e-06, 1.55686041126e-06, 2.96460007121e-06, 1.56529847573e-06, 1.12933787477e-06, 1.04101877696e-06, 1.27177565901e-06, 5.76312856992e-07, 2.01325391913e-07, 1.05017669227e-07, 9.75162848249e-08, 7.48832036379e-08, 7.83164040286e-08, 6.97418514051e-08, 6.02428045227e-08, 4.03173636698e-08, 4.29936548585e-08, 3.43950574688e-08, 4.28446575995e-08, 3.82628257967e-08, 4.57252236075e-09]
    },
    "mfcc": {
        "mean": [-685.282165527, 76.6012268066, 29.0774269104, 30.9757766724, 4.83018922806, 4.27831697464, -3.04258847237, 11.8482847214, 2.83381509781, 2.83000397682, 0.576843380928, 0.332836836576, -1.72288680077],
        "cov": [[10872.5644531, -8.52610874176, 188.45765686, -69.4599990845, 24.4752159119, -217.279724121, -28.7620983124, -227.859741211, -56.8616676331, 190.973358154, 241.453643799, 191.056945801, 166.239074707], [-8.52610874176, 1936.3560791, -499.121398926, -260.189727783, -77.4973144531, -214.214370728, -80.6117477417, 115.464653015, -126.27117157, 44.268157959, 129.59475708, 99.0536956787, 30.0688018799], [188.45765686, -499.121398926, 1086.70690918, 247.395248413, 90.765045166, 375.72668457, 190.399353027, 43.4696540833, 115.32900238, 8.53437328339, -20.3723888397, 29.5615139008, 97.0763015747], [-69.4599990845, -260.189727783, 247.395248413, 540.039794922, 251.214370728, 106.103897095, -37.7288589478, -8.20805168152, 28.3382911682, -70.5941467285, -48.8854637146, 7.22215366364, 39.6280937195], [24.4752159119, -77.4973144531, 90.765045166, 251.214370728, 356.877593994, 110.307159424, -6.45974826813, 19.5889167786, 37.9940223694, -1.75896251202, -0.83366382122, 32.7195358276, 48.5887947083], [-217.279724121, -214.214370728, 375.72668457, 106.103897095, 110.307159424, 467.701690674, 237.709701538, 122.979133606, 145.618499756, 23.7270545959, -11.9407148361, -0.753014445305, 16.4087467194], [-28.7620983124, -80.6117477417, 190.399353027, -37.7288589478, -6.45974826813, 237.709701538, 345.050964355, 214.573822021, 126.920150757, 29.7404785156, 18.8286876678, 14.258934021, 55.6601638794], [-227.859741211, 115.464653015, 43.4696540833, -8.20805168152, 19.5889167786, 122.979133606, 214.573822021, 335.204406738, 159.582839966, 46.0744476318, 30.3295059204, 10.2880506516, 17.0390357971], [-56.8616676331, -126.27117157, 115.32900238, 28.3382911682, 37.9940223694, 145.618499756, 126.920150757, 159.582839966, 254.066390991, 114.2914505, 38.6296958923, -40.5380973816, -37.8500709534], [190.973358154, 44.268157959, 8.53437328339, -70.5941467285, -1.75896251202, 23.7270545959, 29.7404785156, 46.0744476318, 114.2914505, 258.151489258, 112.228507996, -13.7382059097, -59.6562042236], [241.453643799, 129.59475708, -20.3723888397, -48.8854637146, -0.83366382122, -11.9407148361, 18.8286876678, 30.3295059204, 38.6296958923, 112.228507996, 168.594436646, 62.9943122864, -15.9717359543], [191.056945801, 99.0536956787, 29.5615139008, 7.22215366364, 32.7195358276, -0.753014445305, 14.258934021, 10.2880506516, -40.5380973816, -13.7382059097, 62.9943122864, 142.154129028, 88.5077056885], [166.239074707, 30.0688018799, 97.0763015747, 39.6280937195, 48.5887947083, 16.4087467194, 55.6601638794, 17.0390357971, -37.8500709534, -59.6562042236, -15.9717359543, 88.5077056885, 197.748550415]],
        "icov": [[0.000102212594356, 9.94649781205e-07, -3.1921244954e-05, 7.84647363616e-06, -2.78131556115e-05, 0.00010395260324, -9.26657303353e-05, 0.000134812522447, -3.60411759175e-05, -5.76661150262e-05, -9.22242834349e-05, -6.04884880886e-05, -6.39750651317e-05], [9.94649781205e-07, 0.000740220712032, 0.000230344798183, 0.000226801610552, 8.85242570803e-06, -0.000147735554492, 0.000503508024849, -0.000777512323111, 0.000642244296614, -0.000109698761662, -0.000506374926772, 3.35444042321e-06, -0.000289128220174], [-3.1921244954e-05, 0.000230344798183, 0.00161653873511, -0.000651281094179, 0.000567533716094, -0.00115930149332, -5.6742963352e-05, 0.000229584125918, -8.1855308963e-05, -0.000297358288663, -5.42311754543e-05, -0.000112090667244, -0.000777895213105], [7.84647363616e-06, 0.000226801610552, -0.000651281094179, 0.00349349109456, -0.00217345333658, -2.80397216557e-05, 0.00107119767927, -0.000447105325293, -0.000320921040839, 0.00102910632268, 4.00870931117e-06, 0.000218330969801, 3.57043245458e-06], [-2.78131556115e-05, 8.85242570803e-06, 0.000567533716094, -0.00217345333658, 0.0049179084599, -0.00147691962775, 0.00112228805665, -0.000337488745572, -0.000204157899134, -0.000668422144372, -9.51187175815e-05, -0.000536676379852, -0.00120185979176], [0.00010395260324, -0.000147735554492, -0.00115930149332, -2.80397216557e-05, -0.00147691962775, 0.00536565529183, -0.00364957377315, 0.00127632147633, -0.00154357240535, 0.000152225475176, 0.00123345013708, -0.00120358611457, 0.00173353287391], [-9.26657303353e-05, 0.000503508024849, -5.6742963352e-05, 0.00107119767927, 0.00112228805665, -0.00364957377315, 0.00885669048876, -0.00461363606155, 0.000440087867901, 0.000293156161206, -0.00149315572344, 0.00150451890659, -0.0028750593774], [0.000134812522447, -0.000777512323111, 0.000229584125918, -0.000447105325293, -0.000337488745572, 0.00127632147633, -0.00461363606155, 0.00760521925986, -0.00405070418492, 0.000486548495246, 0.000816942949314, -0.00161145243328, 0.000760784954764], [-3.60411759175e-05, 0.000642244296614, -8.1855308963e-05, -0.000320921040839, -0.000204157899134, -0.00154357240535, 0.000440087867901, -0.00405070418492, 0.00951071921736, -0.00279461941682, -0.00143377610948, 0.00303445593454, -5.60881817364e-05], [-5.76661150262e-05, -0.000109698761662, -0.000297358288663, 0.00102910632268, -0.000668422144372, 0.000152225475176, 0.000293156161206, 0.000486548495246, -0.00279461941682, 0.00765955634415, -0.00485321460292, 0.0020322590135, 0.000506304611918], [-9.22242834349e-05, -0.000506374926772, -5.42311754543e-05, 4.00870931117e-06, -9.51187175815e-05, 0.00123345013708, -0.00149315572344, 0.000816942949314, -0.00143377610948, -0.00485321460292, 0.0136844925582, -0.00862543284893, 0.00367853138596], [-6.04884880886e-05, 3.35444042321e-06, -0.000112090667244, 0.000218330969801, -0.000536676379852, -0.00120358611457, 0.00150451890659, -0.00161145243328, 0.00303445593454, 0.0020322590135, -0.00862543284893, 0.0163276847452, -0.00680193258449], [-6.39750651317e-05, -0.000289128220174, -0.000777895213105, 3.57043245458e-06, -0.00120185979176, 0.00173353287391, -0.0028750593774, 0.000760784954764, -5.60881817364e-05, 0.000506304611918, 0.00367853138596, -0.00680193258449, 0.00991448387504]]
    },
    "spectral_contrast_coeffs": {
        "mean": [-0.716530025005, -0.740599870682, -0.740530610085, -0.796691000462, -0.794250488281, -0.780877351761],
        "stdev": [0.0797908976674, 0.103380724788, 0.101703636348, 0.0609175935388, 0.0562212690711, 0.0348336212337]
    },
    "spectral_contrast_valleys": {
        "mean": [-7.36854171753, -7.68133497238, -8.46846008301, -8.5372800827, -7.92683506012, -9.76886844635],
        "stdev": [1.38446676731, 1.38185560703, 1.29744768143, 1.28850948811, 1.25530087948, 1.41818189621]
    }
},
"rhythm": {
    "beats_count": 338,
    "beats_loudness": {
        "mean": 0.0799017995596,
        "stdev": 0.03156786412
    },
    "bpm": 88.9088897705,
    "bpm_histogram_first_peak_bpm": 89,
    "bpm_histogram_first_peak_weight": 0.0269460678101,
    "bpm_histogram_second_peak_bpm": 80,
    "bpm_histogram_second_peak_spread": 0.333333313465,
    "bpm_histogram_second_peak_weight": 0.00593471806496,
    "danceability": 1.72672235966,
    "onset_rate": 4.56917142868,
    "beats_loudness_band_ratio": {
        "mean": [0.643032312393, 0.277981609106, 0.0517471432686, 0.0298599060625, 0.0272951237857, 0.115902677178],
        "stdev": [0.23762743175, 0.288873374462, 0.0998225882649, 0.0498071834445, 0.0249657519162, 0.0962097197771]
    },
    "beats_position": [0.673378646374, 1.38158726692, 2.13623571396, 2.86766433716, 3.62231278419, 4.31891155243, 4.99229001999, 5.66566896439, 6.33904743195, 7.01242637634, 7.6858048439, 8.35918331146, 9.03256225586, 9.71755123138, 10.3909292221, 11.0759181976, 11.749297142, 12.4226751328, 13.0960540771, 13.7694330215, 14.4428119659, 15.1161899567, 15.7895689011, 16.4629478455, 17.1363258362, 17.8097057343, 18.483083725, 19.1564617157, 19.8298416138, 20.5264396667, 21.1998176575, 21.8731975555, 22.5465755463, 23.219953537, 23.8933334351, 24.5667114258, 25.2400894165, 25.9134693146, 26.5868473053, 27.2602272034, 27.9336051941, 28.6069831848, 29.2803630829, 29.9537410736, 30.6271190643, 31.3121089935, 31.9854869843, 32.6588668823, 33.332244873, 34.0172348022, 34.690612793, 35.3639907837, 36.0373687744, 36.7107467651, 37.3841247559, 38.0575065613, 38.730884552, 39.4042625427, 40.0776405334, 40.7510185242, 41.4243965149, 42.1093864441, 42.7827644348, 43.4561424255, 44.1179122925, 44.8029022217, 45.4878921509, 46.1612701416, 46.8346481323, 47.508026123, 48.1814041138, 48.8547821045, 49.5281639099, 50.2015419006, 50.8749198914, 51.5482978821, 52.2216758728, 52.8950538635, 53.5684356689, 54.2534217834, 54.9268035889, 55.6117897034, 56.2851676941, 56.9585494995, 57.6319274902, 58.305305481, 58.9786834717, 59.6520614624, 60.3254394531, 60.9988212585, 61.6721992493, 62.34557724, 63.0189552307, 63.7039451599, 64.3657150269, 65.0390930176, 65.7124710083, 66.385848999, 67.0592269897, 67.7326049805, 68.4175949097, 69.1025848389, 69.7759628296, 70.4493408203, 71.122718811, 71.7960968018, 72.4694747925, 73.1428527832, 73.8162307739, 74.489616394, 75.1629943848, 75.8479766846, 76.5213623047, 77.2063446045, 77.8797302246, 78.5531082153, 79.2264862061, 79.8882522583, 80.561630249, 81.2466201782, 81.9199981689, 82.5933761597, 83.2667541504, 83.9401321411, 84.6135101318, 85.2868881226, 85.9602737427, 86.6452560425, 87.3302459717, 88.0036239624, 88.6770019531, 89.3503875732, 90.023765564, 90.6971435547, 91.3705215454, 92.0438995361, 92.7172775269, 93.3906555176, 94.0640335083, 94.737411499, 95.4107894897, 96.0957794189, 96.7691574097, 97.4425354004, 98.104309082, 98.7776870728, 99.4510650635, 100.136054993, 100.821044922, 101.494422913, 102.167800903, 102.841178894, 103.514556885, 104.187934875, 104.861312866, 105.534690857, 106.208068848, 106.881446838, 107.554824829, 108.22820282, 108.90158844, 109.574966431, 110.248344421, 110.933334351, 111.606712341, 112.291702271, 112.965080261, 113.638458252, 114.311836243, 114.985214233, 115.658592224, 116.331970215, 117.005348206, 117.678726196, 118.352104187, 119.025482178, 119.698867798, 120.372245789, 121.045623779, 121.71900177, 122.392379761, 123.065757751, 123.750747681, 124.43573761, 125.109115601, 125.782493591, 126.455871582, 127.129249573, 127.802627563, 128.476013184, 129.149383545, 129.822769165, 130.496139526, 131.169525146, 131.842895508, 132.527893066, 133.212875366, 133.886260986, 134.559631348, 135.233016968, 135.906387329, 136.579772949, 137.253143311, 137.938140869, 138.599899292, 139.273284912, 139.946670532, 140.620040894, 141.293426514, 141.966796875, 142.640182495, 143.325164795, 144.010162354, 144.683532715, 145.356918335, 146.030288696, 146.703674316, 147.377044678, 148.050430298, 148.723800659, 149.397186279, 150.070556641, 150.743942261, 151.417327881, 152.090698242, 152.764083862, 153.437454224, 154.110839844, 154.784210205, 155.457595825, 156.130966187, 156.827575684, 157.500946045, 158.174331665, 158.847702026, 159.521087646, 160.194458008, 160.867843628, 161.541213989, 162.214599609, 162.887985229, 163.561355591, 164.234741211, 164.908111572, 165.581497192, 166.254867554, 166.939865112, 167.624847412, 168.298233032, 168.971603394, 169.644989014, 170.318359375, 170.991744995, 171.665115356, 172.338500977, 173.011871338, 173.685256958, 174.358642578, 175.032012939, 175.70539856, 176.378768921, 177.063766479, 177.737136841, 178.422134399, 179.095504761, 179.768890381, 180.442260742, 181.115646362, 181.789016724, 182.462402344, 183.135772705, 183.809158325, 184.482528687, 185.155914307, 185.829299927, 186.502670288, 187.176055908, 187.84942627, 188.52281189, 189.207794189, 189.892791748, 190.566162109, 191.239547729, 191.912918091, 192.586303711, 193.259674072, 193.933059692, 194.606430054, 195.279815674, 195.953201294, 196.626571655, 197.299957275, 197.973327637, 198.658325195, 199.343307495, 200.016693115, 200.690063477, 201.363449097, 202.036819458, 202.710205078, 203.383575439, 204.05696106, 204.730331421, 205.403717041, 206.077087402, 206.750473022, 207.423858643, 208.097229004, 208.770614624, 209.455596924, 210.140579224, 210.813964844, 211.487350464, 212.160720825, 212.834106445, 213.507476807, 214.180862427, 214.854232788, 215.527618408, 216.20098877, 216.87437439, 217.547744751, 218.221130371, 218.894515991, 219.567886353, 220.252868652, 220.926254272, 221.611236572, 222.284622192, 222.958007812, 223.631378174, 224.304763794, 224.978134155, 225.651519775, 226.324890137, 226.998275757, 227.671646118, 228.356643677],
    "bpm_histogram": [0, 0, 0, 0, 0, 0, 0, 0, 0, 0, 0, 0, 0, 0, 0, 0, 0, 0, 0, 0, 0, 0, 0, 0, 0, 0, 0, 0, 0, 0, 0, 0, 0, 0, 0, 0, 0, 0, 0, 0, 0, 0, 0, 0, 0, 0, 0, 0, 0, 0, 0, 0, 0, 0, 0, 0, 0, 0, 0, 0, 0, 0, 0, 0, 0, 0, 0, 0, 0, 0, 0, 0, 0, 0, 0, 0, 0, 0, 0, 0, 0.00593471806496, 0, 0.00296735903248, 0, 0, 0.00296735903248, 0.00890207756311, 0, 0.124629080296, 0.839762628078, 0, 0.0148367956281, 0, 0, 0, 0, 0, 0, 0, 0, 0, 0, 0, 0, 0, 0, 0, 0, 0, 0, 0, 0, 0, 0, 0, 0, 0, 0, 0, 0, 0, 0, 0, 0, 0, 0, 0, 0, 0, 0, 0, 0, 0, 0, 0, 0, 0, 0, 0, 0, 0, 0, 0, 0, 0, 0, 0, 0, 0, 0, 0, 0, 0, 0, 0, 0, 0, 0, 0, 0, 0, 0, 0, 0, 0, 0, 0, 0, 0, 0, 0, 0, 0, 0, 0, 0, 0, 0, 0, 0, 0, 0, 0, 0, 0, 0, 0, 0, 0, 0, 0, 0, 0, 0, 0, 0, 0, 0, 0, 0, 0, 0, 0, 0, 0, 0, 0, 0, 0, 0, 0, 0, 0, 0, 0, 0, 0, 0, 0, 0, 0, 0, 0, 0, 0, 0, 0, 0, 0, 0, 0, 0, 0, 0, 0, 0, 0, 0, 0, 0, 0, 0, 0, 0, 0, 0, 0, 0, 0, 0]
},
"tonal": {
    "chords_changes_rate": 0.0360981561244,
    "chords_number_rate": 0.000608395843301,
    "chords_strength": {
        "mean": 0.502370417118,
        "stdev": 0.0953060388565
    },
    "hpcp_crest": {
        "mean": 14.2521800995,
        "stdev": 5.63472318649
    },
    "hpcp_entropy": {
        "mean": 1.81819915771,
        "stdev": 0.75518155098
    },
    "key_edma": {
        "strength": 0.483105361462,
        "key": "A#",
        "scale": "minor"
    },
    "key_krumhansl": {
        "strength": 0.475067317486,
        "key": "F",
        "scale": "minor"
    },
    "key_temperley": {
        "strength": 0.487600654364,
        "key": "F",
        "scale": "minor"
    },
    "tuning_diatonic_strength": 0.447289079428,
    "tuning_equal_tempered_deviation": 0.160784810781,
    "tuning_frequency": 444.598632812,
    "tuning_nontempered_energy_ratio": 0.734025001526,
    "hpcp": {
        "mean": [0.11248857528, 0.089318536222, 0.079273417592, 0.0791458562016, 0.0747333243489, 0.0702651888132, 0.0698935315013, 0.0717199072242, 0.066201493144, 0.0587805062532, 0.0567385777831, 0.120480239391, 0.154088586569, 0.0882477909327, 0.0543488040566, 0.0525084622204, 0.0520199239254, 0.0591095350683, 0.0603438057005, 0.0559104010463, 0.0642973184586, 0.0706462338567, 0.0789408460259, 0.220328569412, 0.359482586384, 0.223298311234, 0.104990050197, 0.114941686392, 0.123959332705, 0.135133460164, 0.11135520786, 0.130806520581, 0.183675304055, 0.175540715456, 0.116537958384, 0.107187114656],
        "stdev": [0.229549482465, 0.210726872087, 0.207096487284, 0.208747759461, 0.200979664922, 0.191614255309, 0.183820560575, 0.18788382411, 0.176223248243, 0.165896311402, 0.154790326953, 0.212098702788, 0.264946907759, 0.160026475787, 0.145424589515, 0.142290338874, 0.140025183558, 0.147224366665, 0.151429057121, 0.139200150967, 0.148500800133, 0.150984764099, 0.180352181196, 0.274172127247, 0.430753260851, 0.288332909346, 0.204018861055, 0.212798699737, 0.237311050296, 0.264873057604, 0.236876815557, 0.258341550827, 0.293897539377, 0.278764247894, 0.215606421232, 0.208900779486]
    },
    "chords_histogram": [1.88602721691, 0.365037530661, 0, 0, 0.223078489304, 0.0405597239733, 0.709795176983, 0.344757646322, 0, 0.6083958745, 0.709795176983, 0, 0, 0.30419793725, 3.42729663849, 0, 0.223078489304, 0.486716687679, 0, 0.0811194479465, 0, 0.162238895893, 0.283918082714, 90.143989563],
    "thpcp": [1, 0.62116587162, 0.292058795691, 0.319742023945, 0.344827085733, 0.375910997391, 0.309765249491, 0.363874435425, 0.51094353199, 0.488314926624, 0.324182480574, 0.298170536757, 0.312918007374, 0.248464152217, 0.220520883799, 0.220166042447, 0.207891359925, 0.19546200335, 0.194428145885, 0.199508711696, 0.184157714248, 0.163514196873, 0.157834008336, 0.335149019957, 0.428639918566, 0.245485574007, 0.151186197996, 0.146066769958, 0.144707769156, 0.164429485798, 0.167862951756, 0.15553021431, 0.178860738873, 0.196521997452, 0.219595745206, 0.612904727459],
    "chords_key": "C#",
    "chords_scale": "major"
}
}