{
"metadata": {
    "version": {
        "essentia": "2.1-dev",
        "essentia_git_sha": "v2.1_beta3-415-gd5473f3",
        "extractor": "music 2.0"
    },
    "audio_properties": {
        "analysis": {
            "equal_loudness": 0,
            "length": 254.171432495,
            "sample_rate": 44100,
            "start_time": 0,
            "downmix": "mix"
        },
        "bit_rate": 192000,
        "length": 254.171432495,
        "lossless": 0,
        "number_channels": 2,
        "replay_gain": -11.8768367767,
        "sample_rate": 44100,
        "codec": "mp3",
        "md5_encoded": "41db35544012148d6aa0cfef96428cee"
    },
    "tags": {
        "file_name": "memorandum.mp3",
        "album": ["Memorandum"],
        "artist": ["Pacto E.C. (Pacto E.C.)"],
        "date": ["1999"],
        "title": ["Memorandum"]
    }
},
"lowlevel": {
    "average_loudness": 0.972761511803,
    "barkbands_crest": {
        "mean": 10.2354507446,
        "stdev": 5.14815711975
    },
    "barkbands_flatness_db": {
        "mean": 0.150899261236,
        "stdev": 0.0560981221497
    },
    "barkbands_kurtosis": {
        "mean": 4.60458087921,
        "stdev": 15.2275934219
    },
    "barkbands_skewness": {
        "mean": 1.22043907642,
        "stdev": 1.8623303175
    },
    "barkbands_spread": {
        "mean": 29.8271827698,
        "stdev": 16.5813407898
    },
    "dissonance": {
        "mean": 0.477754801512,
        "stdev": 0.0193777550012
    },
    "dynamic_complexity": 2.06548380852,
    "erbbands_crest": {
        "mean": 8.51176357269,
        "stdev": 3.63067007065
    },
    "erbbands_flatness_db": {
        "mean": 0.181200146675,
        "stdev": 0.0454746894538
    },
    "erbbands_kurtosis": {
        "mean": 0.914480030537,
        "stdev": 3.12736701965
    },
    "erbbands_skewness": {
        "mean": -0.667304039001,
        "stdev": 0.884703695774
    },
    "erbbands_spread": {
        "mean": 39.3369140625,
        "stdev": 21.0816936493
    },
    "hfc": {
        "mean": 24.736082077,
        "stdev": 20.5685958862
    },
    "loudness_ebu128": {
        "integrated": -11.4353628159,
        "loudness_range": 2.18371677399,
        "momentary": {
            "mean": -11.6645174026,
            "stdev": 1.53929030895
        },
        "short_term": {
            "mean": -11.5342350006,
            "stdev": 1.03263700008
        }
    },
    "melbands_crest": {
        "mean": 14.106098175,
        "stdev": 5.88934183121
    },
    "melbands_flatness_db": {
        "mean": 0.199364304543,
        "stdev": 0.0817230120301
    },
    "melbands_kurtosis": {
        "mean": 18.2849731445,
        "stdev": 38.360408783
    },
    "melbands_skewness": {
        "mean": 2.84410071373,
        "stdev": 2.5585744381
    },
    "melbands_spread": {
        "mean": 38.6831588745,
        "stdev": 31.7601146698
    },
    "pitch_salience": {
        "mean": 0.539744138718,
        "stdev": 0.142529293895
    },
    "silence_rate_20dB": {
        "mean": 1,
        "stdev": 0
    },
    "silence_rate_30dB": {
        "mean": 1,
        "stdev": 0
    },
    "silence_rate_60dB": {
        "mean": 0.0270369015634,
        "stdev": 0.162195071578
    },
    "spectral_centroid": {
        "mean": 1968.76635742,
        "stdev": 740.468688965
    },
    "spectral_complexity": {
        "mean": 20.0805625916,
        "stdev": 9.94903278351
    },
    "spectral_decrease": {
        "mean": -6.54523368837e-09,
        "stdev": 5.13455411522e-09
    },
    "spectral_energy": {
        "mean": 0.0269469041377,
        "stdev": 0.019898192957
    },
    "spectral_energyband_high": {
        "mean": 0.0010412200354,
        "stdev": 0.00211918982677
    },
    "spectral_energyband_low": {
        "mean": 0.0131094828248,
        "stdev": 0.0175485815853
    },
    "spectral_energyband_middle_high": {
        "mean": 0.00689640035853,
        "stdev": 0.00668041640893
    },
    "spectral_energyband_middle_low": {
        "mean": 0.00704544363543,
        "stdev": 0.00683448696509
    },
    "spectral_entropy": {
        "mean": 7.59001922607,
        "stdev": 0.386679410934
    },
    "spectral_flux": {
        "mean": 0.103286504745,
        "stdev": 0.0414016768336
    },
    "spectral_kurtosis": {
        "mean": 4.72142744064,
        "stdev": 4.07234954834
    },
    "spectral_rms": {
        "mean": 0.00477298954502,
        "stdev": 0.00187301891856
    },
    "spectral_rolloff": {
        "mean": 2243.66162109,
        "stdev": 1882.8026123
    },
    "spectral_skewness": {
        "mean": 1.18591272831,
        "stdev": 0.553216993809
    },
    "spectral_spread": {
        "mean": 3632425.75,
        "stdev": 1621711.375
    },
    "spectral_strongpeak": {
        "mean": 0.865667164326,
        "stdev": 1.24989771843
    },
    "zerocrossingrate": {
        "mean": 0.0722420290112,
        "stdev": 0.0457045771182
    },
    "barkbands": {
        "mean": [0.000155392233864, 0.00913811102509, 0.00277884793468, 0.00173227640335, 0.00193271646276, 0.000754358188715, 0.000732534914277, 0.00103782338556, 0.000670843059197, 0.000539888744242, 0.000342183891917, 0.000379118893761, 0.000530274992343, 0.000580974854529, 0.000859389372636, 0.000733176653739, 0.00116087577771, 0.000911273178644, 0.000681288773194, 0.000401570141548, 0.000272748351563, 0.000197041110368, 0.000165449193446, 0.000188130507013, 6.0699559981e-05, 9.46517775446e-06, 4.45901861212e-07],
        "stdev": [0.000364731822629, 0.0147234480828, 0.00424772547558, 0.00273259938695, 0.00347234960645, 0.00131319044158, 0.00177740736399, 0.00220868107863, 0.00166438962333, 0.00136476871558, 0.00102104980033, 0.00113004853483, 0.00132107362151, 0.00112523033749, 0.0016624100972, 0.00134853890631, 0.00161965226289, 0.00144633208402, 0.00104545231443, 0.000761083967518, 0.000548303010873, 0.000452363659861, 0.000438954593847, 0.000968102249317, 0.000322268781019, 3.51769303961e-05, 3.91610774386e-06]
    },
    "erbbands": {
        "mean": [0.239051043987, 2.10006356239, 3.17416167259, 5.52325725555, 6.66405677795, 5.44846391678, 5.60428953171, 6.49192333221, 8.98434734344, 16.4519920349, 23.134147644, 15.2104597092, 15.3163290024, 15.3274202347, 14.5801019669, 16.4294528961, 23.041425705, 30.7118968964, 39.3865699768, 42.775352478, 43.8391304016, 64.4736251831, 55.364616394, 36.760723114, 32.6838989258, 18.9673557281, 11.0009460449, 10.049952507, 7.29672574997, 6.42816591263, 4.18681526184, 3.94192218781, 2.94262862206, 1.0152438879, 0.280462682247, 0.0658836737275, 0.0135641964152, 0.00183322664816, 8.62300512381e-05, 3.69649133063e-05],
        "stdev": [0.424735188484, 3.44515299797, 4.80597305298, 7.9491724968, 12.9145755768, 10.1348571777, 7.65311145782, 13.4796304703, 24.5260276794, 39.0862808228, 47.8755378723, 36.5876846313, 37.5640602112, 42.8628044128, 40.8164253235, 47.1225738525, 55.6981430054, 58.5860404968, 73.4906997681, 81.4886245728, 64.9067840576, 88.3929824829, 79.2187576294, 55.8888320923, 55.780456543, 37.2703514099, 20.6144638062, 20.7662906647, 16.3017082214, 15.2428445816, 12.5975379944, 18.9549751282, 17.401058197, 5.59453105927, 1.38337147236, 0.264314740896, 0.0512448847294, 0.00786402169615, 0.00068889837712, 3.84665909223e-05]
    },
    "gfcc": {
        "mean": [-13.417301178, 98.2319335938, -137.817474365, 59.0730323792, -42.6113510132, 9.31477928162, -34.8422889709, 10.4170322418, -14.5509567261, -5.81499862671, -11.5232753754, -6.14272928238, -10.9596138],
        "cov": [[3454.89038086, -855.265380859, -118.412109375, 0.744591116905, -382.709136963, 311.475280762, -450.763824463, 321.185058594, -51.8342514038, 75.0657577515, -115.286529541, 4.93765211105, -168.809310913], [-855.265380859, 1482.58789062, -227.474838257, -109.555938721, 482.302490234, -270.232543945, 412.913299561, -110.177505493, 156.096069336, -87.2804260254, 168.494155884, -67.0829544067, 76.2288208008], [-118.412109375, -227.474838257, 952.490539551, 267.231079102, 51.7715682983, 239.261871338, -50.0680427551, 81.7986602783, -74.4132919312, 92.9074325562, 1.40549838543, 14.3719215393, 42.6355247498], [0.744591116905, -109.555938721, 267.231079102, 683.387268066, -75.6217880249, -26.8413200378, 36.7898674011, -182.31312561, 50.6145477295, -27.8946037292, 3.38507127762, -63.4381637573, 103.24030304], [-382.709136963, 482.302490234, 51.7715682983, -75.6217880249, 628.524780273, 15.5672883987, 98.1802749634, 97.4208908081, 88.646697998, -8.00544261932, 2.64259052277, 28.6505889893, 4.6223359108], [311.475280762, -270.232543945, 239.261871338, -26.8413200378, 15.5672883987, 342.464752197, -14.8446445465, 101.166412354, -18.2484149933, 30.0573863983, -17.7613945007, 40.9953651428, -28.1071834564], [-450.763824463, 412.913299561, -50.0680427551, 36.7898674011, 98.1802749634, -14.8446445465, 396.873931885, -72.514465332, 42.5564155579, -30.987241745, 56.7935562134, 9.86755752563, 23.4378509521], [321.185058594, -110.177505493, 81.7986602783, -182.31312561, 97.4208908081, 101.166412354, -72.514465332, 298.387359619, 13.270113945, 49.8141288757, 17.2005462646, 22.2522773743, -37.8603057861], [-51.8342514038, 156.096069336, -74.4132919312, 50.6145477295, 88.646697998, -18.2484149933, 42.5564155579, 13.270113945, 187.723678589, 1.68710947037, 18.288564682, -12.6354351044, 2.09330296516], [75.0657577515, -87.2804260254, 92.9074325562, -27.8946037292, -8.00544261932, 30.0573863983, -30.987241745, 49.8141288757, 1.68710947037, 135.188583374, 12.767660141, -8.82218456268, -2.90679788589], [-115.286529541, 168.494155884, 1.40549838543, 3.38507127762, 2.64259052277, -17.7613945007, 56.7935562134, 17.2005462646, 18.288564682, 12.767660141, 151.296127319, -9.77855396271, 26.3818531036], [4.93765211105, -67.0829544067, 14.3719215393, -63.4381637573, 28.6505889893, 40.9953651428, 9.86755752563, 22.2522773743, -12.6354351044, -8.82218456268, -9.77855396271, 122.326789856, -5.95514583588], [-168.809310913, 76.2288208008, 42.6355247498, 103.24030304, 4.6223359108, -28.1071834564, 23.4378509521, -37.8603057861, 2.09330296516, -2.90679788589, 26.3818531036, -5.95514583588, 117.549491882]],
        "icov": [[0.0005850646412, -0.000383823178709, 0.000505456759129, -0.000710607564542, 0.000530158460606, -0.000778228684794, 0.000683725520503, -0.000944403989706, 0.00038599036634, -0.000412152643548, 0.000472147919936, -0.000324667606037, 0.000742965261452], [-0.000383823178709, 0.00294476817362, -0.000788017234299, 0.00184602523223, -0.00204516295344, 0.0021216715686, -0.0022019573953, 0.00184959010221, -0.00146607146598, 0.00158871745225, -0.00227146781981, 0.00199810625054, -0.00149742374197], [0.000505456759129, -0.000788017234299, 0.00242889975198, -0.00195550057106, 0.000387260341085, -0.00201813434251, 0.00100369320717, -0.00158165825997, 0.00168205867521, -0.00169840164017, 0.000622967490926, -0.000828773656394, 0.000612298783381], [-0.000710607564542, 0.00184602523223, -0.00195550057106, 0.0043702502735, -0.00115686131176, 0.0019230596954, -0.00168741401285, 0.00328061054461, -0.00249482109211, 0.00199093925767, -0.00137549778447, 0.00233641080558, -0.00292748771608], [0.000530158460606, -0.00204516295344, 0.000387260341085, -0.00115686131176, 0.00356163596734, -0.00143935740925, 0.00115283450577, -0.00228618038818, 7.29260136723e-05, -0.000767479126807, 0.00208496116102, -0.00165266962722, 0.000940831901971], [-0.000778228684794, 0.0021216715686, -0.00201813434251, 0.0019230596954, -0.00143935740925, 0.00615981593728, -0.00229274528101, 0.000931378803216, -0.00141097384039, 0.00141589378472, -0.00125272909645, 0.000535120780114, -0.000795451283921], [0.000683725520503, -0.0022019573953, 0.00100369320717, -0.00168741401285, 0.00115283450577, -0.00229274528101, 0.0050781997852, -0.000809560704511, 0.000828766613267, -0.000948841799982, 0.000511018908583, -0.0018653125735, 0.00141354498919], [-0.000944403989706, 0.00184959010221, -0.00158165825997, 0.00328061054461, -0.00228618038818, 0.000931378803216, -0.000809560704511, 0.00763961486518, -0.00212807161734, 0.000488910474814, -0.00274039339274, 0.00137673388235, -0.00119390618056], [0.00038599036634, -0.00146607146598, 0.00168205867521, -0.00249482109211, 7.29260136723e-05, -0.00141097384039, 0.000828766613267, -0.00212807161734, 0.00766978552565, -0.00171019218396, 0.000632297771517, -0.000740690855309, 0.00153687002603], [-0.000412152643548, 0.00158871745225, -0.00169840164017, 0.00199093925767, -0.000767479126807, 0.00141589378472, -0.000948841799982, 0.000488910474814, -0.00171019218396, 0.00978487543762, -0.00189825962298, 0.00213002436794, -0.0012329609599], [0.000472147919936, -0.00227146781981, 0.000622967490926, -0.00137549778447, 0.00208496116102, -0.00125272909645, 0.000511018908583, -0.00274039339274, 0.000632297771517, -0.00189825962298, 0.00956490077078, -0.000993202324025, -0.000488073274028], [-0.000324667606037, 0.00199810625054, -0.000828773656394, 0.00233641080558, -0.00165266962722, 0.000535120780114, -0.0018653125735, 0.00137673388235, -0.000740690855309, 0.00213002436794, -0.000993202324025, 0.0106164682657, -0.00167850300204], [0.000742965261452, -0.00149742374197, 0.000612298783381, -0.00292748771608, 0.000940831901971, -0.000795451283921, 0.00141354498919, -0.00119390618056, 0.00153687002603, -0.0012329609599, -0.000488073274028, -0.00167850300204, 0.0119671802968]]
    },
    "melbands": {
        "mean": [0.00241618137807, 0.00216853944585, 0.000987585750408, 0.000449610408396, 0.000203406540095, 0.000146689111716, 0.000139025127282, 0.000191314844415, 0.000188962032553, 8.65276597324e-05, 7.59495378588e-05, 6.26125693088e-05, 4.74006701552e-05, 4.23810815846e-05, 4.58259419247e-05, 5.54518046556e-05, 5.60432235943e-05, 5.89928749832e-05, 6.47865090286e-05, 5.10095051141e-05, 5.1852715842e-05, 6.58483477309e-05, 6.35033065919e-05, 4.03966078011e-05, 2.82381661236e-05, 2.59058779193e-05, 1.97515400941e-05, 1.0624904462e-05, 6.05481091043e-06, 7.85003976489e-06, 4.99324232806e-06, 3.95897541239e-06, 3.9108576857e-06, 3.59429532182e-06, 2.36966911871e-06, 2.16270473175e-06, 2.51893902714e-06, 2.32102365771e-06, 1.30328498926e-06, 7.10370272827e-07],
        "stdev": [0.00396361062303, 0.00318815745413, 0.00139958434738, 0.000872589822393, 0.000279930507531, 0.000294094235869, 0.000353895797161, 0.000440362666268, 0.000400652905228, 0.000212412909605, 0.000192475374206, 0.000181522394996, 0.000139688476338, 0.000129502353957, 0.000135368027259, 0.000139023308293, 0.000113670874271, 0.000116297364002, 0.000130776883452, 0.000108678977995, 7.89580881246e-05, 9.28246590775e-05, 9.70355176833e-05, 6.94819245837e-05, 4.74179760204e-05, 4.23944293289e-05, 3.95205788664e-05, 2.49127497227e-05, 1.27144112412e-05, 1.75678269443e-05, 1.09273341877e-05, 8.97316476767e-06, 1.02443837022e-05, 8.70575968293e-06, 6.7215519266e-06, 9.66924835666e-06, 1.31254282678e-05, 1.44774403452e-05, 7.92173523223e-06, 4.16984767071e-06]
    },
    "melbands128": {
        "mean": [0.000149819999933, 0.00154316530097, 0.00376050779596, 0.00339983147569, 0.0017262873007, 0.00148217158858, 0.00119335320778, 0.000764055061154, 0.000721066608094, 0.000499719870277, 0.000247257237788, 0.00023828423582, 0.000189071768546, 0.0001657550456, 0.000146751393913, 0.000134138084832, 0.000142783101182, 0.00013513682643, 0.000128284256789, 0.000196989829419, 0.000216634536628, 0.000197019806365, 0.000203023766517, 0.000172195519553, 9.20345482882e-05, 5.62582645216e-05, 6.18348567514e-05, 8.91989475349e-05, 7.53835847718e-05, 7.02165343682e-05, 5.79881125304e-05, 4.67943864351e-05, 4.70004852104e-05, 4.94829218951e-05, 4.07059051213e-05, 4.09414351452e-05, 4.26497754233e-05, 4.73158652312e-05, 4.62619318569e-05, 4.80768576381e-05, 5.91131574765e-05, 6.31849979982e-05, 5.75750491407e-05, 5.28643213329e-05, 4.7076955525e-05, 5.91800999246e-05, 7.48366874177e-05, 6.79303557263e-05, 6.00654202572e-05, 5.60330663575e-05, 5.05506577611e-05, 4.45328296337e-05, 4.65316588816e-05, 5.54886319151e-05, 6.34355019429e-05, 6.25346656307e-05, 7.19378585927e-05, 7.53953427193e-05, 5.6937624322e-05, 4.91290156788e-05, 4.07210281992e-05, 3.36899174727e-05, 2.96224516205e-05, 2.63940910372e-05, 2.55825743807e-05, 2.80698131974e-05, 2.4502438464e-05, 2.22663329623e-05, 1.90601313079e-05, 1.60892923304e-05, 1.12065317808e-05, 7.67886649555e-06, 6.10022289038e-06, 5.69324174649e-06, 5.65504524275e-06, 8.837495443e-06, 9.05276374397e-06, 5.29785165782e-06, 4.71271278002e-06, 4.19620118919e-06, 3.707088581e-06, 3.4695397062e-06, 5.1938118304e-06, 3.90629338654e-06, 3.01015802506e-06, 3.86544616049e-06, 3.955909051e-06, 2.5353097044e-06, 2.30361797549e-06, 2.24764335144e-06, 2.06881782105e-06, 2.0450042939e-06, 2.44127522819e-06, 2.56369139606e-06, 2.57088413491e-06, 2.53670532402e-06, 2.3716022497e-06, 1.90412697521e-06, 1.32272657538e-06, 9.93628077595e-07, 8.34092702462e-07, 6.83073778873e-07, 5.40027713214e-07, 3.96770985844e-07, 2.74310707482e-07, 2.13159282225e-07, 1.77679822855e-07, 1.42528818969e-07, 1.00500940903e-07, 7.08136838057e-08, 5.43288862787e-08, 4.74065622313e-08, 3.99939494855e-08, 3.17652109061e-08, 2.30537349211e-08, 1.7195635138e-08, 1.20277681148e-08, 3.55297413712e-09, 1.62746716104e-09, 7.429444282e-10, 5.63149082922e-10, 4.89643214863e-10, 4.32850644216e-10, 1.42403422387e-10, 4.94972639264e-11, 2.9213818864e-11, 3.57575666125e-12, 3.26144558409e-12],
        "stdev": [0.000351140362909, 0.00317114545032, 0.00645805336535, 0.00591335212812, 0.0031003637705, 0.00225392123684, 0.00183905661106, 0.00141487584915, 0.00154316599946, 0.00110565102659, 0.000619101454504, 0.000421848206315, 0.000305790890707, 0.000294661062071, 0.000351576221874, 0.00044864451047, 0.000558265484869, 0.000459763134131, 0.000387223670259, 0.000623737403657, 0.000653312192298, 0.000534956692718, 0.000562983565032, 0.000573469616938, 0.000327320769429, 0.00019056716701, 0.000229293931625, 0.000283767381916, 0.00025742885191, 0.000269866344752, 0.000240547422436, 0.000176702262252, 0.000196385430172, 0.000195288477698, 0.000169069477124, 0.000189359663636, 0.000190674720216, 0.00020019664953, 0.000177800553502, 0.000180876915692, 0.000209527206607, 0.000194690597709, 0.000163098840858, 0.000149014726048, 0.000125087201013, 0.00017537039821, 0.000223511684453, 0.000191052080481, 0.000175322973519, 0.000169998849742, 0.000162305892445, 0.000117787814816, 0.000102194520878, 0.000110944027256, 0.000120690354379, 0.000121253644465, 0.000147435013787, 0.000161798598128, 0.000117468647659, 9.58317541517e-05, 9.69299289864e-05, 9.59914978012e-05, 6.70703375363e-05, 6.09467097092e-05, 5.35407270945e-05, 5.20675603184e-05, 6.16815013927e-05, 6.06129506195e-05, 4.51757950941e-05, 3.83460028388e-05, 3.48556386598e-05, 2.37039912463e-05, 1.29726759042e-05, 1.77014717337e-05, 1.30797379825e-05, 2.10202651942e-05, 2.27664659178e-05, 1.36239968924e-05, 1.11389199446e-05, 1.44171244756e-05, 9.18311980058e-06, 8.8310416686e-06, 1.3806205061e-05, 1.24725893329e-05, 7.88038232713e-06, 1.01237064882e-05, 1.01280829767e-05, 6.77737762089e-06, 6.7187197601e-06, 8.34288766782e-06, 1.05005237856e-05, 9.5622617664e-06, 1.62304149853e-05, 1.41185018947e-05, 1.57053091243e-05, 1.61321659107e-05, 1.75834775291e-05, 1.40259717227e-05, 8.74308989296e-06, 5.96636982664e-06, 5.45198508917e-06, 4.25485768574e-06, 3.6142018871e-06, 2.31720446209e-06, 1.3266417227e-06, 1.04149512481e-06, 8.3189149791e-07, 6.48827096938e-07, 4.17220633153e-07, 3.02401048202e-07, 2.15398074488e-07, 2.1090464486e-07, 1.62564560924e-07, 1.39640079055e-07, 1.01048826195e-07, 7.66520713569e-08, 5.67215323599e-08, 4.05547631033e-08, 3.35252394734e-08, 2.00001633033e-08, 1.8731974194e-08, 1.91973583696e-08, 2.0664529643e-08, 4.977351864e-09, 1.68244507215e-09, 1.1987287829e-09, 1.73193265285e-11, 5.17300395228e-12]
    },
    "mfcc": {
        "mean": [-644.590820312, 112.444763184, -20.3116264343, 44.252658844, 16.2102603912, 6.23776626587, -1.66178309917, 11.3386545181, -0.777103543282, 7.07510137558, -0.168262466788, 1.13473546505, -2.72510910034],
        "cov": [[3083.29394531, -844.668029785, -71.5104064941, -216.638214111, -102.636787415, -93.0720901489, -305.36026001, 65.9097824097, -103.602882385, 51.1175308228, 71.1937713623, 16.1000843048, -100.613304138], [-844.668029785, 1556.16040039, -543.966369629, 12.9314699173, 131.397201538, -68.9621734619, 208.901733398, 103.149147034, 68.9028701782, 42.1460914612, 106.791412354, 60.3270072937, 67.4322357178], [-71.5104064941, -543.966369629, 971.49017334, 126.55809021, 23.7544212341, 133.32244873, 92.9322967529, -76.5718612671, 1.0442687273, 20.2139949799, -73.8832702637, -9.5613117218, 75.7513275146], [-216.638214111, 12.9314699173, 126.55809021, 590.815673828, 2.60809397697, 126.525985718, -5.05141782761, -61.7466583252, 34.0151443481, 0.945050656796, -83.2748031616, -25.8570270538, 37.4777526855], [-102.636787415, 131.397201538, 23.7544212341, 2.60809397697, 507.256866455, -13.9092235565, 10.8888130188, 63.6781539917, 58.4514923096, 82.1189346313, 25.5916805267, 6.15295362473, 3.10410308838], [-93.0720901489, -68.9621734619, 133.32244873, 126.525985718, -13.9092235565, 310.742340088, 38.2834014893, 31.4164295197, 52.2443313599, -33.2368927002, -7.18149757385, 21.7306957245, -27.5560283661], [-305.36026001, 208.901733398, 92.9322967529, -5.05141782761, 10.8888130188, 38.2834014893, 283.294006348, 30.5680103302, 32.8335342407, 7.1163482666, 15.7253017426, 23.2573013306, 54.8825073242], [65.9097824097, 103.149147034, -76.5718612671, -61.7466583252, 63.6781539917, 31.4164295197, 30.5680103302, 242.569381714, 28.8733558655, 6.71232795715, 53.2251319885, 20.9011440277, -12.7132120132], [-103.602882385, 68.9028701782, 1.0442687273, 34.0151443481, 58.4514923096, 52.2443313599, 32.8335342407, 28.8733558655, 145.493804932, 25.3676128387, 17.5350322723, 7.24540233612, -3.82127094269], [51.1175308228, 42.1460914612, 20.2139949799, 0.945050656796, 82.1189346313, -33.2368927002, 7.1163482666, 6.71232795715, 25.3676128387, 141.370910645, 44.4225120544, 9.07437515259, 17.9369487762], [71.1937713623, 106.791412354, -73.8832702637, -83.2748031616, 25.5916805267, -7.18149757385, 15.7253017426, 53.2251319885, 17.5350322723, 44.4225120544, 137.967010498, 32.8595352173, -1.39593362808], [16.1000843048, 60.3270072937, -9.5613117218, -25.8570270538, 6.15295362473, 21.7306957245, 23.2573013306, 20.9011440277, 7.24540233612, 9.07437515259, 32.8595352173, 99.1493225098, 25.4877109528], [-100.613304138, 67.4322357178, 75.7513275146, 37.4777526855, 3.10410308838, -27.5560283661, 54.8825073242, -12.7132120132, -3.82127094269, 17.9369487762, -1.39593362808, 25.4877109528, 115.88735199]],
        "icov": [[0.000462969270302, 0.0002840111556, 0.00010995548655, 4.19765347033e-05, 6.99919255567e-05, 9.08140427782e-05, 0.000252347555943, -0.000205565520446, 0.000192980136489, -0.000256632221863, -0.000221873648115, -0.000214327970752, 0.000119451207865], [0.0002840111556, 0.00129738391843, 0.000815731938928, -0.000209511854337, -0.000211939885048, 0.000166681493283, -0.00075601664139, -0.000171714171302, -5.02673028677e-05, -0.000139095369377, -0.000522329297382, -0.000300827698084, -0.00050954479957], [0.00010995548655, 0.000815731938928, 0.0018401601119, -7.64260839787e-05, -0.000260102679022, -0.000686357554514, -0.000816433166619, 0.000282393855741, 0.000184170334251, -0.00052030821098, 0.000335177028319, 0.000185278608114, -0.00124603544828], [4.19765347033e-05, -0.000209511854337, -7.64260839787e-05, 0.00232042465359, 2.08006258617e-05, -0.00116798013914, 0.000515240128152, 0.000382648722734, -0.000316651450703, -0.000534995109774, 0.00126260949764, 0.000705462531187, -0.00109000713564], [6.99919255567e-05, -0.000211939885048, -0.000260102679022, 2.08006258617e-05, 0.00239319144748, 0.000221863680054, 0.000296769110719, -0.000629775575362, -0.000639611738734, -0.00125763926189, 0.000278601306491, -4.71962666779e-05, 0.000313703261781], [9.08140427782e-05, 0.000166681493283, -0.000686357554514, -0.00116798013914, 0.000221863680054, 0.00488051446155, -0.000559262989555, -0.000726858095732, -0.00133136205841, 0.00132827146444, -0.000516513653565, -0.00172289321199, 0.00227111997083], [0.000252347555943, -0.00075601664139, -0.000816433166619, 0.000515240128152, 0.000296769110719, -0.000559262989555, 0.00514810578898, -0.000521475682035, -0.000593176286202, 5.36656771146e-05, -9.22285762499e-05, -3.01815507555e-05, -0.00163250230253], [-0.000205565520446, -0.000171714171302, 0.000282393855741, 0.000382648722734, -0.000629775575362, -0.000726858095732, -0.000521475682035, 0.00510734831914, -0.000465296005132, 0.000536501174793, -0.00129318668041, -0.000123218356748, 0.000177537236596], [0.000192980136489, -5.02673028677e-05, 0.000184170334251, -0.000316651450703, -0.000639611738734, -0.00133136205841, -0.000593176286202, -0.000465296005132, 0.00838381331414, -0.0014017005451, -0.000470305676572, 2.24526847887e-05, 0.000592044554651], [-0.000256632221863, -0.000139095369377, -0.00052030821098, -0.000534995109774, -0.00125763926189, 0.00132827146444, 5.36656771146e-05, 0.000536501174793, -0.0014017005451, 0.00967205036432, -0.00324269919656, 0.000108772554086, -0.000852016033605], [-0.000221873648115, -0.000522329297382, 0.000335177028319, 0.00126260949764, 0.000278601306491, -0.000516513653565, -9.22285762499e-05, -0.00129318668041, -0.000470305676572, -0.00324269919656, 0.0107774892822, -0.0022280451376, 0.000361654878361], [-0.000214327970752, -0.000300827698084, 0.000185278608114, 0.000705462531187, -4.71962666779e-05, -0.00172289321199, -3.01815507555e-05, -0.000123218356748, 2.24526847887e-05, 0.000108772554086, -0.0022280451376, 0.0125647028908, -0.00357427820563], [0.000119451207865, -0.00050954479957, -0.00124603544828, -0.00109000713564, 0.000313703261781, 0.00227111997083, -0.00163250230253, 0.000177537236596, 0.000592044554651, -0.000852016033605, 0.000361654878361, -0.00357427820563, 0.0124623617157]]
    },
    "spectral_contrast_coeffs": {
        "mean": [-0.72512793541, -0.74734556675, -0.776509821415, -0.772310912609, -0.749450683594, -0.733101963997],
        "stdev": [0.0633416846395, 0.0835682377219, 0.0705059096217, 0.0659797266126, 0.0712547153234, 0.0702260434628]
    },
    "spectral_contrast_valleys": {
        "mean": [-6.66998624802, -7.16305065155, -7.72707557678, -7.46050071716, -7.25595521927, -10.6101446152],
        "stdev": [0.756833791733, 0.675946712494, 0.662057518959, 0.681903839111, 0.736291587353, 1.19252312183]
    }
},
"rhythm": {
    "beats_count": 399,
    "beats_loudness": {
        "mean": 0.0417337492108,
        "stdev": 0.0210424251854
    },
    "bpm": 92.5868148804,
    "bpm_histogram_first_peak_bpm": 92,
    "bpm_histogram_first_peak_weight": 0.211267590523,
    "bpm_histogram_second_peak_bpm": 108,
    "bpm_histogram_second_peak_spread": 0.625,
    "bpm_histogram_second_peak_weight": 0.0226130653173,
    "danceability": 1.65576052666,
    "onset_rate": 4.6972951889,
    "beats_loudness_band_ratio": {
        "mean": [0.546027958393, 0.0659776926041, 0.0896165817976, 0.0756153687835, 0.153068482876, 0.0955450087786],
        "stdev": [0.274863570929, 0.0677858442068, 0.0940549597144, 0.114059604704, 0.152210131288, 0.101867906749]
    },
    "beats_position": [0.545668900013, 1.10294783115, 1.66022670269, 2.20589566231, 2.75156450272, 3.27401351929, 3.80807256699, 4.33052158356, 4.85297060013, 5.3754196167, 5.89786815643, 6.38548755646, 6.88471651077, 7.38394546509, 7.8831744194, 8.38240337372, 8.95129203796, 9.52018165588, 10.1006803513, 10.6695690155, 11.2384576797, 11.7957363129, 12.3530158997, 12.9102945328, 13.4211339951, 13.9319725037, 14.4428119659, 14.9652605057, 15.4993190765, 16.0101585388, 16.5326080322, 17.0550556183, 17.5775051117, 18.1115646362, 18.6456241608, 19.179681778, 19.7369613647, 20.2942390442, 20.851518631, 21.4087982178, 21.9544658661, 22.5001354218, 23.0341949463, 23.5798625946, 24.2068023682, 24.8337402344, 25.4606800079, 26.0992279053, 26.73777771, 27.3763256073, 28.0032653809, 28.6534233093, 29.3035831451, 29.9537410736, 30.6038990021, 31.2540588379, 31.9042167664, 32.5543746948, 33.204536438, 33.8663024902, 34.5048522949, 35.1550102234, 35.7935600281, 36.4321098328, 37.0822677612, 37.7440338135, 38.3941955566, 39.0443534851, 39.6829032898, 40.3330612183, 40.9832191467, 41.6333770752, 42.2719268799, 42.9104766846, 43.560634613, 44.2107925415, 44.86095047, 45.5111083984, 46.1612701416, 46.8114280701, 47.4615859985, 48.111743927, 48.7619056702, 49.4120635986, 50.0622215271, 50.7007713318, 51.3509292603, 52.0010871887, 52.6512451172, 53.3014030457, 53.9399528503, 54.5901107788, 55.240272522, 55.8904304504, 56.5405883789, 57.1907463074, 57.8409042358, 58.491065979, 59.1412239075, 59.7913818359, 60.4415397644, 61.0800895691, 61.7186393738, 62.3687973022, 63.0189552307, 63.6691131592, 64.3192749023, 64.9694290161, 65.6195907593, 66.2697525024, 66.9199066162, 67.5700683594, 68.2202224731, 68.8703842163, 69.5205459595, 70.1707000732, 70.8208618164, 71.4710159302, 72.1095657349, 72.759727478, 73.3982772827, 74.0484313965, 74.6985931396, 75.3487548828, 75.9989089966, 76.6490707397, 77.2992248535, 77.9493865967, 78.5995483398, 79.2497024536, 79.8998641968, 80.5500183105, 81.2001800537, 81.8387298584, 82.4772796631, 83.1274337769, 83.77759552, 84.4277572632, 85.077911377, 85.7280731201, 86.3782272339, 87.0283889771, 87.6785507202, 88.328704834, 88.9788665771, 89.6290206909, 90.2791824341, 90.9293441772, 91.579498291, 92.2180480957, 92.8565979004, 93.5067520142, 94.1569137573, 94.8070755005, 95.4688415527, 96.1190032959, 96.7575454712, 97.4077072144, 98.046257019, 98.7080230713, 99.3697967529, 100.008346558, 100.646888733, 101.285438538, 101.935600281, 102.585754395, 103.235916138, 103.886077881, 104.536231995, 105.186393738, 105.836547852, 106.475097656, 107.113647461, 107.763809204, 108.413963318, 109.064125061, 109.714286804, 110.364440918, 111.014602661, 111.664756775, 112.314918518, 112.965080261, 113.615234375, 114.265396118, 114.915550232, 115.565711975, 116.215873718, 116.877639771, 117.516189575, 118.15473938, 118.793289185, 119.443443298, 120.093605042, 120.732154846, 121.38230896, 122.044082642, 122.694236755, 123.344398499, 123.994552612, 124.644714355, 125.294876099, 125.945030212, 126.583580017, 127.222129822, 127.872291565, 128.522445679, 129.172607422, 129.822769165, 130.46131897, 131.111465454, 131.773239136, 132.423400879, 133.073562622, 133.723709106, 134.37387085, 135.012420654, 135.650970459, 136.301132202, 136.951293945, 137.601455688, 138.251602173, 138.901763916, 139.551925659, 140.202087402, 140.852249146, 141.50239563, 142.152557373, 142.802719116, 143.441268921, 144.091430664, 144.729980469, 145.380126953, 146.030288696, 146.680450439, 147.330612183, 147.980773926, 148.63092041, 149.281082153, 149.919631958, 150.558181763, 151.219955444, 151.881713867, 152.53187561, 153.193649292, 153.843811035, 154.48236084, 155.132507324, 155.794281006, 156.456054688, 157.094604492, 157.744766235, 158.39491272, 159.033462524, 159.660400391, 160.310562134, 160.960723877, 161.61088562, 162.249435425, 162.887985229, 163.538131714, 164.188293457, 164.8384552, 165.488616943, 166.138778687, 166.788925171, 167.439086914, 168.077636719, 168.727798462, 169.377960205, 170.028121948, 170.666656494, 171.316818237, 171.96697998, 172.617141724, 173.267303467, 173.917449951, 174.567611694, 175.217773438, 175.867935181, 176.518096924, 177.156646729, 177.806793213, 178.456954956, 179.107116699, 179.745666504, 180.395828247, 181.04598999, 181.696136475, 182.346298218, 182.996459961, 183.646621704, 184.296783447, 184.946929932, 185.597091675, 186.247253418, 186.897415161, 187.547576904, 188.197723389, 188.836273193, 189.474822998, 190.124984741, 190.775146484, 191.425308228, 192.075454712, 192.725616455, 193.36416626, 194.014328003, 194.664489746, 195.326248169, 195.976409912, 196.626571655, 197.288345337, 197.93850708, 198.588653564, 199.238815308, 199.877365112, 200.527526855, 201.16607666, 201.804626465, 202.454788208, 203.104934692, 203.755096436, 204.405258179, 205.055419922, 205.693969727, 206.344116211, 206.994277954, 207.644439697, 208.282989502, 208.933151245, 209.583312988, 210.233459473, 210.883621216, 211.533782959, 212.183944702, 212.822494507, 213.461044312, 214.111190796, 214.772964478, 215.434738159, 216.084899902, 216.735046387, 217.373596191, 218.023757935, 218.662307739, 219.312469482, 219.962631226, 220.61277771, 221.262939453, 221.913101196, 222.563262939, 223.213424683, 223.863571167, 224.51373291, 225.152282715, 225.802444458, 226.440994263, 227.091156006, 227.741317749, 228.391464233, 229.041625977, 229.69178772, 230.341949463, 230.992111206, 231.64225769, 232.292419434, 232.942581177, 233.59274292, 234.231292725, 234.881454468, 235.519989014, 236.170150757, 236.8203125, 237.470474243, 238.120635986, 238.770782471, 239.420944214, 240.071105957, 240.7212677, 241.371429443, 242.021575928, 242.671737671, 243.321899414, 243.972061157, 244.610610962, 245.249160767, 245.89932251, 246.549468994, 247.199630737, 247.84979248, 248.499954224, 249.150115967, 249.800262451, 250.438812256, 251.077362061, 251.727523804, 252.377685547, 253.016235352, 253.654785156],
    "bpm_histogram": [0, 0, 0, 0, 0, 0, 0, 0, 0, 0, 0, 0, 0, 0, 0, 0, 0, 0, 0, 0, 0, 0, 0, 0, 0, 0, 0, 0, 0, 0, 0, 0, 0, 0, 0, 0, 0, 0, 0, 0, 0, 0, 0, 0, 0, 0, 0, 0, 0, 0, 0, 0, 0, 0, 0, 0, 0, 0, 0, 0, 0, 0, 0, 0, 0, 0, 0, 0, 0, 0, 0, 0, 0, 0, 0, 0, 0, 0, 0, 0, 0, 0, 0, 0, 0, 0, 0, 0, 0, 0, 0, 0.0427135676146, 0.660804033279, 0, 0.175879403949, 0, 0.0125628141686, 0, 0, 0, 0, 0, 0, 0.00251256278716, 0, 0.0100502511486, 0, 0, 0.0226130653173, 0, 0.0125628141686, 0, 0.0150753771886, 0, 0, 0.0226130653173, 0, 0.0100502511486, 0, 0, 0.0100502511486, 0, 0, 0.00251256278716, 0, 0, 0, 0, 0, 0, 0, 0, 0, 0, 0, 0, 0, 0, 0, 0, 0, 0, 0, 0, 0, 0, 0, 0, 0, 0, 0, 0, 0, 0, 0, 0, 0, 0, 0, 0, 0, 0, 0, 0, 0, 0, 0, 0, 0, 0, 0, 0, 0, 0, 0, 0, 0, 0, 0, 0, 0, 0, 0, 0, 0, 0, 0, 0, 0, 0, 0, 0, 0, 0, 0, 0, 0, 0, 0, 0, 0, 0, 0, 0, 0, 0, 0, 0, 0, 0, 0, 0, 0, 0, 0, 0, 0, 0, 0, 0, 0, 0, 0, 0, 0, 0, 0, 0, 0, 0, 0, 0, 0, 0, 0, 0, 0, 0, 0, 0, 0, 0, 0, 0, 0, 0, 0, 0, 0, 0]
},
"tonal": {
    "chords_changes_rate": 0.0999086722732,
    "chords_number_rate": 0.00182648398913,
    "chords_strength": {
        "mean": 0.519248247147,
        "stdev": 0.0969408527017
    },
    "hpcp_crest": {
        "mean": 11.5359363556,
        "stdev": 5.846159935
    },
    "hpcp_entropy": {
        "mean": 2.38485074043,
        "stdev": 0.758822441101
    },
    "key_edma": {
        "strength": 0.679470181465,
        "key": "F",
        "scale": "minor"
    },
    "key_krumhansl": {
        "strength": 0.67586684227,
        "key": "F",
        "scale": "minor"
    },
    "key_temperley": {
        "strength": 0.670195043087,
        "key": "F",
        "scale": "minor"
    },
    "tuning_diatonic_strength": 0.578886389732,
    "tuning_equal_tempered_deviation": 0.141671910882,
    "tuning_frequency": 440,
    "tuning_nontempered_energy_ratio": 0.85142737627,
    "hpcp": {
        "mean": [0.121668197215, 0.110000193119, 0.0952444076538, 0.0917187035084, 0.0932528451085, 0.107857763767, 0.126609101892, 0.147192329168, 0.205580681562, 0.265630334616, 0.257129967213, 0.249618053436, 0.225371852517, 0.150913715363, 0.122483029962, 0.135251581669, 0.137222141027, 0.146491095424, 0.16912573576, 0.155440226197, 0.136038526893, 0.141833916306, 0.148699581623, 0.167205825448, 0.169881403446, 0.137723311782, 0.115546539426, 0.108773447573, 0.1065582335, 0.132095962763, 0.167691081762, 0.163338243961, 0.151734799147, 0.139724239707, 0.122436121106, 0.121465235949],
        "stdev": [0.220462009311, 0.212788268924, 0.185399353504, 0.182058647275, 0.182822227478, 0.204238817096, 0.231384411454, 0.246670812368, 0.285650789738, 0.325658351183, 0.298068165779, 0.295683950186, 0.300610393286, 0.236917614937, 0.211253076792, 0.228136822581, 0.226571038365, 0.232205480337, 0.263059645891, 0.235356003046, 0.219742611051, 0.220855355263, 0.237947121263, 0.256353884935, 0.252566277981, 0.209251210093, 0.19617728889, 0.190549835563, 0.188955873251, 0.206864148378, 0.250954270363, 0.23775370419, 0.231768757105, 0.217903986573, 0.203384116292, 0.21233971417]
    },
    "chords_histogram": [12.036529541, 8.34703159332, 28.7305927277, 0.0365296788514, 0.0913242027164, 0.675799071789, 0.694063901901, 4.67579889297, 5.3881278038, 13.6073055267, 0.547945201397, 0.894977152348, 0.127853885293, 0.0730593577027, 0.657534241676, 6.6118721962, 7.7077627182, 0.0365296788514, 0.0182648394257, 0.438356161118, 0.0730593577027, 1.09589040279, 0.438356161118, 6.99543380737],
    "thpcp": [1, 0.967999279499, 0.939719676971, 0.848441720009, 0.568134367466, 0.461103320122, 0.509172201157, 0.51659065485, 0.551484823227, 0.636695861816, 0.585174977779, 0.512134730816, 0.533952236176, 0.559798955917, 0.629468083382, 0.639540672302, 0.518477320671, 0.434989988804, 0.409491807222, 0.401152342558, 0.497292459011, 0.631294906139, 0.614908099174, 0.571225404739, 0.526010096073, 0.460926741362, 0.457271695137, 0.458035767078, 0.414110064507, 0.358559966087, 0.345286995173, 0.351062476635, 0.406044602394, 0.476636469364, 0.554124712944, 0.773935258389],
    "chords_key": "C",
    "chords_scale": "minor"
}
}