{
"metadata": {
    "version": {
        "essentia": "2.1-dev",
        "essentia_git_sha": "v2.1_beta3-415-gd5473f3",
        "extractor": "music 2.0"
    },
    "audio_properties": {
        "analysis": {
            "equal_loudness": 0,
            "length": 279.797546387,
            "sample_rate": 44100,
            "start_time": 0,
            "downmix": "mix"
        },
        "bit_rate": 192000,
        "length": 279.797546387,
        "lossless": 0,
        "number_channels": 2,
        "replay_gain": -7.14879417419,
        "sample_rate": 44100,
        "codec": "mp3",
        "md5_encoded": "f63907e5adaca8f8078a14a6d7ad6f3c"
    },
    "tags": {
        "file_name": "method_man-how_high.mp3",
        "album": ["The Show                      "],
        "artist": ["Redman and Method Man         "],
        "date": ["    "],
        "genre": ["Hip-Hop"],
        "title": ["How High                      "]
    }
},
"lowlevel": {
    "average_loudness": 0.929237425327,
    "barkbands_crest": {
        "mean": 11.919084549,
        "stdev": 5.75962734222
    },
    "barkbands_flatness_db": {
        "mean": 0.214555770159,
        "stdev": 0.0757435411215
    },
    "barkbands_kurtosis": {
        "mean": 18.5852737427,
        "stdev": 56.1839485168
    },
    "barkbands_skewness": {
        "mean": 2.10510134697,
        "stdev": 3.09505176544
    },
    "barkbands_spread": {
        "mean": 20.7477111816,
        "stdev": 15.3400611877
    },
    "dissonance": {
        "mean": 0.457201659679,
        "stdev": 0.0422559678555
    },
    "dynamic_complexity": 3.85053133965,
    "erbbands_crest": {
        "mean": 9.83325004578,
        "stdev": 4.63285779953
    },
    "erbbands_flatness_db": {
        "mean": 0.220679223537,
        "stdev": 0.0478767305613
    },
    "erbbands_kurtosis": {
        "mean": 1.48084914684,
        "stdev": 4.94041585922
    },
    "erbbands_skewness": {
        "mean": 0.284083217382,
        "stdev": 1.27711296082
    },
    "erbbands_spread": {
        "mean": 40.4543075562,
        "stdev": 23.8167304993
    },
    "hfc": {
        "mean": 15.1582021713,
        "stdev": 16.1138706207
    },
    "loudness_ebu128": {
        "integrated": -17.1931190491,
        "loudness_range": 2.77300643921,
        "momentary": {
            "mean": -18.3801631927,
            "stdev": 4.23262643814
        },
        "short_term": {
            "mean": -17.5812263489,
            "stdev": 1.99690628052
        }
    },
    "melbands_crest": {
        "mean": 15.9291381836,
        "stdev": 6.85136556625
    },
    "melbands_flatness_db": {
        "mean": 0.222392559052,
        "stdev": 0.111194208264
    },
    "melbands_kurtosis": {
        "mean": 42.7835845947,
        "stdev": 102.404548645
    },
    "melbands_skewness": {
        "mean": 3.42520880699,
        "stdev": 3.66876602173
    },
    "melbands_spread": {
        "mean": 29.3492336273,
        "stdev": 30.3823776245
    },
    "pitch_salience": {
        "mean": 0.533911406994,
        "stdev": 0.181978851557
    },
    "silence_rate_20dB": {
        "mean": 1,
        "stdev": 0
    },
    "silence_rate_30dB": {
        "mean": 0.932951629162,
        "stdev": 0.250115245581
    },
    "silence_rate_60dB": {
        "mean": 0.177661597729,
        "stdev": 0.382249683142
    },
    "spectral_centroid": {
        "mean": 1729.50854492,
        "stdev": 1004.17095947
    },
    "spectral_complexity": {
        "mean": 12.3242883682,
        "stdev": 10.9910097122
    },
    "spectral_decrease": {
        "mean": -7.6965598339e-09,
        "stdev": 1.5288343036e-08
    },
    "spectral_energy": {
        "mean": 0.0304234977812,
        "stdev": 0.0582663118839
    },
    "spectral_energyband_high": {
        "mean": 0.000764839933254,
        "stdev": 0.00140486762393
    },
    "spectral_energyband_low": {
        "mean": 0.0192970447242,
        "stdev": 0.0547673217952
    },
    "spectral_energyband_middle_high": {
        "mean": 0.00385924172588,
        "stdev": 0.00531111564487
    },
    "spectral_energyband_middle_low": {
        "mean": 0.00766073260456,
        "stdev": 0.0152169968933
    },
    "spectral_entropy": {
        "mean": 7.49071407318,
        "stdev": 0.498616725206
    },
    "spectral_flux": {
        "mean": 0.10606648773,
        "stdev": 0.103816799819
    },
    "spectral_kurtosis": {
        "mean": 2.2475912571,
        "stdev": 2.56008005142
    },
    "spectral_rms": {
        "mean": 0.00429409276694,
        "stdev": 0.00335293053649
    },
    "spectral_rolloff": {
        "mean": 1958.68994141,
        "stdev": 1885.37658691
    },
    "spectral_skewness": {
        "mean": 0.873699069023,
        "stdev": 0.5414083004
    },
    "spectral_spread": {
        "mean": 3790053.5,
        "stdev": 1051883.75
    },
    "spectral_strongpeak": {
        "mean": 0.802047491074,
        "stdev": 0.92443048954
    },
    "zerocrossingrate": {
        "mean": 0.0661018788815,
        "stdev": 0.0499044060707
    },
    "barkbands": {
        "mean": [0.000353019393515, 0.0128207989037, 0.0050915912725, 0.00180294853635, 0.00159586791415, 0.000710029620677, 0.00138462672476, 0.00103964714799, 0.000909045047592, 0.000851017714012, 0.000391370325815, 0.000460912240669, 0.000436176051153, 0.000370205380023, 0.00026505914866, 0.000203528048587, 0.000195934524527, 0.00016436225269, 0.000458606198663, 0.000300625222735, 0.000294637022307, 0.000181890267413, 0.000105563369289, 3.4739041439e-05, 1.00366230527e-06, 3.28812754802e-09, 1.02610742125e-09],
        "stdev": [0.000745324010495, 0.033678278327, 0.0227367375046, 0.00891553517431, 0.00546930730343, 0.00194639794063, 0.00311248702928, 0.00287605659105, 0.00221387692727, 0.00210928265005, 0.00115037453361, 0.00122117088176, 0.00115712312981, 0.000992773566395, 0.000736255256925, 0.000376970070647, 0.000399296579417, 0.000397382420488, 0.000901840277947, 0.000521987967659, 0.000561831111554, 0.000454791879747, 0.000255280116107, 6.9517409429e-05, 2.22097219194e-06, 2.00094749658e-08, 2.38807973396e-09]
    },
    "erbbands": {
        "mean": [0.330781489611, 2.94033169746, 6.53979682922, 5.96155023575, 6.10788917542, 4.81357049942, 3.9394903183, 7.33860397339, 17.901638031, 19.815574646, 24.7784175873, 20.4091949463, 23.0131549835, 22.8290786743, 17.6433887482, 18.5573673248, 19.938867569, 19.4355583191, 16.4707946777, 12.1355247498, 11.4681663513, 11.2721347809, 8.25232505798, 18.1765785217, 22.3334751129, 14.2756175995, 12.81711483, 10.2285556793, 7.01078748703, 4.64518785477, 2.69444322586, 1.09710538387, 0.405532717705, 0.0408632531762, 0.00121217442211, 0.00013449502876, 3.16025289067e-05, 8.19150045572e-06, 1.69363647728e-05, 3.54241055902e-05],
        "stdev": [0.747102677822, 8.76213550568, 27.0831699371, 27.0203075409, 26.7451267242, 14.9761476517, 9.90786743164, 21.3029079437, 41.5423164368, 47.1337547302, 65.6530532837, 50.5728378296, 57.9892158508, 55.3151702881, 43.3077735901, 48.5290565491, 51.4187812805, 50.6901130676, 41.5552558899, 28.4850997925, 19.4790496826, 23.3591156006, 18.3795948029, 37.4260940552, 43.4183158875, 24.4034500122, 24.6220684052, 19.9043121338, 17.6820583344, 11.68105793, 6.52525663376, 2.27571392059, 0.840611159801, 0.0838993415236, 0.00236384314485, 0.000297723483527, 4.54035907751e-05, 1.11837016448e-05, 2.63093952526e-05, 6.32009832771e-05]
    },
    "gfcc": {
        "mean": [-87.5182571411, 112.076644897, -162.662521362, 65.3239593506, -82.2417984009, 8.47401237488, -18.7065887451, -13.8445682526, 1.07927930355, -21.2820510864, 7.07009649277, -22.1955432892, 0.727900862694],
        "cov": [[6613.74316406, 282.836914062, -781.459594727, -161.118331909, 17.4049968719, 11.1073989868, 339.03918457, 48.0847206116, 99.7769317627, 132.792556763, 210.650512695, -29.0300693512, 96.8255996704], [282.836914062, 1550.13415527, 716.354187012, -123.500228882, 504.935699463, 120.796012878, 340.319030762, 109.66330719, 197.522827148, -12.3491983414, 115.957824707, -40.8031234741, 38.538860321], [-781.459594727, 716.354187012, 2121.01245117, 1005.41418457, 717.855163574, 548.671203613, 325.373474121, 195.938583374, 261.34677124, 14.4135932922, 97.0355911255, 57.527141571, 17.1737728119], [-161.118331909, -123.500228882, 1005.41418457, 1061.47155762, 527.972839355, 322.164031982, 103.911994934, 99.6188354492, 131.773803711, 97.1291503906, 44.8664627075, 38.2878837585, 26.6799964905], [17.4049968719, 504.935699463, 717.855163574, 527.972839355, 809.81237793, 374.894226074, 291.613189697, 152.131149292, 179.959564209, 97.6032180786, 85.5066680908, -43.139415741, 44.7357063293], [11.1073989868, 120.796012878, 548.671203613, 322.164031982, 374.894226074, 530.867248535, 278.009338379, 158.83934021, 99.5357971191, 36.7954063416, 58.243724823, 36.8658943176, 23.2871551514], [339.03918457, 340.319030762, 325.373474121, 103.911994934, 291.613189697, 278.009338379, 528.33001709, 218.056350708, 64.738861084, 26.8127288818, 86.56275177, 10.5971469879, 22.3249874115], [48.0847206116, 109.66330719, 195.938583374, 99.6188354492, 152.131149292, 158.83934021, 218.056350708, 225.881103516, 93.8958511353, 18.9449119568, 49.5803985596, 15.5354814529, 22.9808006287], [99.7769317627, 197.522827148, 261.34677124, 131.773803711, 179.959564209, 99.5357971191, 64.738861084, 93.8958511353, 216.116989136, 88.3836517334, 35.8290138245, 1.01208281517, 13.7277622223], [132.792556763, -12.3491983414, 14.4135932922, 97.1291503906, 97.6032180786, 36.7954063416, 26.8127288818, 18.9449119568, 88.3836517334, 180.461364746, 71.8231201172, -34.3621902466, 10.1080093384], [210.650512695, 115.957824707, 97.0355911255, 44.8664627075, 85.5066680908, 58.243724823, 86.56275177, 49.5803985596, 35.8290138245, 71.8231201172, 124.698776245, 42.1620025635, 20.5242462158], [-29.0300693512, -40.8031234741, 57.527141571, 38.2878837585, -43.139415741, 36.8658943176, 10.5971469879, 15.5354814529, 1.01208281517, -34.3621902466, 42.1620025635, 150.229919434, 47.7806015015], [96.8255996704, 38.538860321, 17.1737728119, 26.6799964905, 44.7357063293, 23.2871551514, 22.3249874115, 22.9808006287, 13.7277622223, 10.1080093384, 20.5242462158, 47.7806015015, 89.7053146362]],
        "icov": [[0.000225693540415, -0.000116271265142, 0.000320331397234, -0.000355865631718, 0.000289350515231, -0.000153122542542, -0.000274705584161, 0.000403332931455, -0.000505189236719, 0.000552716897801, -0.000787089695223, 0.000552461191546, -0.000387799052987], [-0.000116271265142, 0.00230886670761, -0.00128314632457, 0.00205438188277, -0.00174888095353, 0.00118808075786, -0.000726610131096, 0.000913562253118, -0.00128952809609, 0.00130766769871, -0.00139543053228, 0.000658320379443, -0.000702637131326], [0.000320331397234, -0.00128314632457, 0.00233421614394, -0.00257352623157, 0.00130543764681, -0.00128969270736, -0.000330024340656, 0.000774659041781, -0.00150542799383, 0.00202589738183, -0.0016969993012, 0.00109139108099, -9.9449280242e-05], [-0.000355865631718, 0.00205438188277, -0.00257352623157, 0.00482446653768, -0.0031824503094, 0.00128293968737, 0.000615211494733, -0.00094326317776, 0.00139732577372, -0.00261992076412, 0.00229082675651, -0.00241874647327, 0.000747458136175], [0.000289350515231, -0.00174888095353, 0.00130543764681, -0.0031824503094, 0.00509497756138, -0.00219723279588, -0.000771018036176, 0.00098310993053, -0.00172563409433, 0.0015264430549, -0.00227896426804, 0.00353590794839, -0.00216466514394], [-0.000153122542542, 0.00118808075786, -0.00128969270736, 0.00128293968737, -0.00219723279588, 0.00453999405727, -0.00110447476618, -0.000911120325327, 0.000370689493138, -0.000902880099602, 0.00113788840827, -0.00187278690282, 0.000727850012481], [-0.000274705584161, -0.000726610131096, -0.000330024340656, 0.000615211494733, -0.000771018036176, -0.00110447476618, 0.00499743083492, -0.00442593405023, 0.0029457481578, -0.00194628955796, 0.00100818509236, -0.00127746060025, 0.00126850232482], [0.000403332931455, 0.000913562253118, 0.000774659041781, -0.00094326317776, 0.00098310993053, -0.000911120325327, -0.00442593405023, 0.0115082832053, -0.00669148238376, 0.00580772571266, -0.00576362432912, 0.00390227860771, -0.0031862789765], [-0.000505189236719, -0.00128952809609, -0.00150542799383, 0.00139732577372, -0.00172563409433, 0.000370689493138, 0.0029457481578, -0.00669148238376, 0.0129009988159, -0.0099871661514, 0.00786821451038, -0.0059367492795, 0.00323039060459], [0.000552716897801, 0.00130766769871, 0.00202589738183, -0.00261992076412, 0.0015264430549, -0.000902880099602, -0.00194628955796, 0.00580772571266, -0.0099871661514, 0.0187541134655, -0.0150952646509, 0.0107900379226, -0.00517564825714], [-0.000787089695223, -0.00139543053228, -0.0016969993012, 0.00229082675651, -0.00227896426804, 0.00113788840827, 0.00100818509236, -0.00576362432912, 0.00786821451038, -0.0150952646509, 0.023641096428, -0.0125898029655, 0.00495304027572], [0.000552461191546, 0.000658320379443, 0.00109139108099, -0.00241874647327, 0.00353590794839, -0.00187278690282, -0.00127746060025, 0.00390227860771, -0.0059367492795, 0.0107900379226, -0.0125898029655, 0.0171748008579, -0.00890243519098], [-0.000387799052987, -0.000702637131326, -9.9449280242e-05, 0.000747458136175, -0.00216466514394, 0.000727850012481, 0.00126850232482, -0.0031862789765, 0.00323039060459, -0.00517564825714, 0.00495304027572, -0.00890243519098, 0.0167533159256]]
    },
    "melbands": {
        "mean": [0.00324624753557, 0.00373281142674, 0.00106995506212, 0.000404522026656, 0.000145883648656, 0.00015650576097, 0.000279202271486, 0.000216335320147, 0.000204994576052, 0.000120194359624, 0.000116861418064, 9.75441435003e-05, 5.57608109375e-05, 5.3104791732e-05, 4.73120198876e-05, 4.14451860706e-05, 3.54075600626e-05, 2.74204139714e-05, 1.91333674593e-05, 1.37864244607e-05, 1.33572593768e-05, 1.26199838633e-05, 7.02356874172e-06, 8.2559627117e-06, 1.51278209159e-05, 1.84532673302e-05, 1.25144024423e-05, 8.66799018695e-06, 8.11927293398e-06, 7.24257461115e-06, 5.38711719855e-06, 4.13810539612e-06, 3.07069331029e-06, 2.40234135163e-06, 1.68486405983e-06, 9.7836061741e-07, 5.54342250325e-07, 3.22522168972e-07, 1.23447804867e-07, 2.96111690723e-09],
        "stdev": [0.00771539192647, 0.0134716173634, 0.00472816731781, 0.00152747367974, 0.000341876497259, 0.000435920170275, 0.000635315664113, 0.000517909007613, 0.000530586403329, 0.000309520110022, 0.000302343280055, 0.000242333277129, 0.000149496743688, 0.000139805182698, 0.000134381945827, 0.000112751578854, 0.000101235164038, 7.32798871468e-05, 5.53818899789e-05, 2.92731401714e-05, 2.39439941652e-05, 2.68349795078e-05, 1.66003883351e-05, 2.02419359994e-05, 3.33878633683e-05, 3.90820896428e-05, 2.36601263168e-05, 1.57971317094e-05, 1.61246807693e-05, 1.43313845911e-05, 1.09347320176e-05, 1.10366681838e-05, 8.15122803033e-06, 6.13473048361e-06, 4.20208698415e-06, 2.34634080698e-06, 1.10629548544e-06, 6.83771986587e-07, 2.67008317678e-07, 6.38136921083e-09]
    },
    "melbands128": {
        "mean": [0.000343901425367, 0.00241709779948, 0.00429209787399, 0.00517112528905, 0.00398485176265, 0.00219243764877, 0.00121088477317, 0.000821101944894, 0.000615697004832, 0.000442731776275, 0.000267162773525, 0.00015323801199, 0.000126312996144, 0.000112951565825, 0.000173728345544, 0.000152001768583, 0.00017842228408, 0.000373778719222, 0.00027183862403, 0.000203012416023, 0.000201765549718, 0.000212763858144, 0.000212559447391, 0.00020065253193, 0.000131558103021, 8.70075382409e-05, 9.5844588941e-05, 0.000115637711133, 0.000143449040479, 0.000123618665384, 7.66017110436e-05, 5.38383574167e-05, 5.33293568878e-05, 5.73251563765e-05, 5.91927928326e-05, 5.13267950737e-05, 4.38432434748e-05, 4.92190447403e-05, 4.86309218104e-05, 4.2180174205e-05, 4.01768411393e-05, 4.01131510444e-05, 3.63359795301e-05, 3.24057873513e-05, 3.11932599288e-05, 2.63009933406e-05, 2.38064822042e-05, 2.02785031433e-05, 1.67252619576e-05, 1.55319321493e-05, 1.29265808937e-05, 1.27219773276e-05, 1.37976112455e-05, 1.34080164571e-05, 1.25202777781e-05, 1.45347048601e-05, 1.09905568024e-05, 7.16788463251e-06, 5.79583002036e-06, 5.90662875766e-06, 7.92320315668e-06, 9.62975354923e-06, 1.33220892167e-05, 1.66310092027e-05, 1.82172079803e-05, 1.99043588509e-05, 1.79892449523e-05, 1.46974171003e-05, 1.09305183287e-05, 9.92469176708e-06, 8.92637035577e-06, 7.72800103732e-06, 8.09093035059e-06, 8.71325300977e-06, 7.41451731301e-06, 7.30896135792e-06, 7.50333447286e-06, 6.1280288719e-06, 5.16751970281e-06, 4.42655755251e-06, 4.40715484729e-06, 4.06615936299e-06, 3.40394376508e-06, 3.10464201903e-06, 2.58587579083e-06, 2.55540066973e-06, 2.42405258177e-06, 1.95939287551e-06, 1.71460112597e-06, 1.42926387525e-06, 1.16437684028e-06, 8.49450941587e-07, 6.58849728552e-07, 5.65441837352e-07, 4.82550888137e-07, 3.93198490656e-07, 2.8603761848e-07, 2.27945008646e-07, 1.62356101896e-07, 4.41147349761e-08, 1.90164398117e-10, 9.30432380447e-12, 8.69024904121e-12, 8.27047978713e-12, 7.87247003697e-12, 7.50675476641e-12, 7.17522395666e-12, 1.67726076084e-11, 7.58924936783e-11, 4.99528647613e-11, 1.54542316444e-11, 1.00766738703e-11, 6.57716459421e-12, 5.99579544e-12, 5.36348092675e-12, 5.0897402612e-12, 4.92698850468e-12, 4.78131119766e-12, 4.66417226022e-12, 4.53623770491e-12, 4.43459158284e-12, 4.34615451267e-12, 4.25586475783e-12, 4.18151884646e-12, 4.12624231658e-12, 4.08566236398e-12, 4.05448201055e-12, 4.0264098479e-12],
        "stdev": [0.000734768807888, 0.00572450459003, 0.0104968752712, 0.0170014463365, 0.0163020361215, 0.00988005194813, 0.00576689234003, 0.0040847081691, 0.00277745793574, 0.00160924950615, 0.000856749713421, 0.000408430991229, 0.000378649565391, 0.000440333096776, 0.000653296243399, 0.000386778148822, 0.000500984140672, 0.00101242703386, 0.000850005424581, 0.000696453731507, 0.000755563436542, 0.000778672401793, 0.000758515088819, 0.000656976073515, 0.000475726323202, 0.000363125640433, 0.000372182606952, 0.00041439110646, 0.00048530154163, 0.00038848942495, 0.000278786435956, 0.000227139826166, 0.000202201277716, 0.000209076999454, 0.00019612100732, 0.000207412405871, 0.000174115033587, 0.00020856775518, 0.000190668622963, 0.000169174658367, 0.000163470482221, 0.000155974194058, 0.000154481953359, 0.000128971529193, 0.000119055745017, 9.53029521042e-05, 0.00010735966498, 9.33543851716e-05, 6.31229995633e-05, 5.42973903066e-05, 3.43024948961e-05, 3.21212100971e-05, 3.16287987516e-05, 3.25247565343e-05, 3.04431050608e-05, 3.91641733586e-05, 3.01987129205e-05, 1.9839111701e-05, 1.83431766345e-05, 2.07807115657e-05, 2.42458445427e-05, 3.15320576192e-05, 4.05417522416e-05, 4.62498755951e-05, 5.11404759891e-05, 5.36544430361e-05, 4.61946510768e-05, 3.59378536814e-05, 2.39824494201e-05, 1.94215699594e-05, 1.84984801308e-05, 1.64063148986e-05, 1.75727891474e-05, 1.95113534573e-05, 1.63644144777e-05, 1.52969569172e-05, 1.72915169969e-05, 1.23164618344e-05, 1.13496043923e-05, 1.15223219836e-05, 1.28083511299e-05, 1.17304189189e-05, 9.91897559288e-06, 8.73256703926e-06, 7.53238509787e-06, 6.98344820194e-06, 6.45815180178e-06, 5.38724862054e-06, 4.51937785328e-06, 3.91325647797e-06, 3.01517798107e-06, 2.18305876842e-06, 1.47190121425e-06, 1.19603146231e-06, 1.01454907053e-06, 8.29277780667e-07, 6.90752870014e-07, 5.41263091236e-07, 3.68583101817e-07, 9.39398887567e-08, 7.17871317946e-10, 2.11461438637e-11, 2.01242095904e-11, 1.91992810539e-11, 1.83231260026e-11, 1.75084478166e-11, 1.67501221227e-11, 1.06907378783e-10, 6.54296061775e-10, 4.45910586233e-10, 1.05155148478e-10, 6.30919969047e-11, 1.70289910645e-11, 1.48465476024e-11, 1.2405504575e-11, 1.18656178633e-11, 1.14956681327e-11, 1.11616141676e-11, 1.08606873495e-11, 1.05683274632e-11, 1.03179175273e-11, 1.00972702421e-11, 9.89632941567e-12, 9.73058092435e-12, 9.58614958246e-12, 9.47660873385e-12, 9.39583653936e-12, 9.3437740184e-12]
    },
    "mfcc": {
        "mean": [-698.549804688, 101.264213562, -11.5127048492, 35.7793693542, -21.0890769958, 14.0608272552, -8.91898345947, 8.2577791214, -9.34316062927, 11.1738233566, -8.45431900024, 5.53583335876, -5.18384408951],
        "cov": [[6298.00341797, 196.319732666, -1233.20788574, -114.850578308, -651.393920898, 58.980632782, -81.8236694336, 1.81124854088, -186.098358154, 242.411056519, -57.0587692261, 109.813400269, -118.602081299], [196.319732666, 1691.02478027, 257.349639893, -77.734954834, 174.238876343, 48.579372406, 253.39755249, 141.795211792, 179.693817139, 98.6051177979, 116.799461365, 56.668094635, 122.448524475], [-1233.20788574, 257.349639893, 1516.85864258, 582.461486816, 563.76763916, 390.841705322, 218.05241394, 335.163452148, 188.449768066, 78.556602478, 112.969779968, 108.46546936, 144.936553955], [-114.850578308, -77.734954834, 582.461486816, 774.247802734, 454.954742432, 288.555511475, 163.179550171, 115.239700317, 118.854820251, 130.532897949, 79.7845001221, 71.4706039429, 63.2856216431], [-651.393920898, 174.238876343, 563.76763916, 454.954742432, 746.632019043, 359.660552979, 155.85723877, 130.439361572, 167.967605591, 142.100143433, 104.860687256, 73.9567871094, 77.1310882568], [58.980632782, 48.579372406, 390.841705322, 288.555511475, 359.660552979, 450.913269043, 241.108169556, 164.230194092, 130.887619019, 143.639419556, 102.25617218, 93.4705429077, 43.2688674927], [-81.8236694336, 253.39755249, 218.05241394, 163.179550171, 155.85723877, 241.108169556, 492.804107666, 232.397155762, 171.604446411, 109.838226318, 132.688400269, 89.6091461182, 19.9492874146], [1.81124854088, 141.795211792, 335.163452148, 115.239700317, 130.439361572, 164.230194092, 232.397155762, 390.159667969, 157.90838623, 27.1682701111, 66.9740982056, 78.8094100952, 47.7243118286], [-186.098358154, 179.693817139, 188.449768066, 118.854820251, 167.967605591, 130.887619019, 171.604446411, 157.90838623, 222.656280518, 109.74054718, 75.8541870117, 51.2674446106, 40.7880020142], [242.411056519, 98.6051177979, 78.556602478, 130.532897949, 142.100143433, 143.639419556, 109.838226318, 27.1682701111, 109.74054718, 250.416320801, 113.986724854, 41.0870513916, 30.9263477325], [-57.0587692261, 116.799461365, 112.969779968, 79.7845001221, 104.860687256, 102.25617218, 132.688400269, 66.9740982056, 75.8541870117, 113.986724854, 165.769790649, 71.3704528809, 20.0850448608], [109.813400269, 56.668094635, 108.46546936, 71.4706039429, 73.9567871094, 93.4705429077, 89.6091461182, 78.8094100952, 51.2674446106, 41.0870513916, 71.3704528809, 128.842636108, 48.0455703735], [-118.602081299, 122.448524475, 144.936553955, 63.2856216431, 77.1310882568, 43.2688674927, 19.9492874146, 47.7243118286, 40.7880020142, 30.9263477325, 20.0850448608, 48.0455703735, 130.812942505]],
        "icov": [[0.000401533237891, -0.000270200049272, 0.0004720929428, -0.00043388287304, 0.000550518510863, -0.000564095040318, 0.00042264003423, -0.000623826344963, 0.000698463118169, -0.000855298072565, 0.000663067505229, -0.000753888860345, 0.000488444638904], [-0.000270200049272, 0.000982534140348, -0.000460971117718, 0.000693842535838, -0.000645095540676, 0.00077148003038, -0.000759665039368, 0.000550856988411, -0.000772281258833, 0.000498069333844, -0.000648895627819, 0.000674713985063, -0.00097468221793], [0.0004720929428, -0.000460971117718, 0.00187950232066, -0.00115771999117, 0.000350581743987, -0.00114886136726, 0.00082810287131, -0.0014935041545, 0.000865394133143, -0.000434945774032, 0.000331000424922, -0.000522771733813, -9.67583619058e-05], [-0.00043388287304, 0.000693842535838, -0.00115771999117, 0.00305332872085, -0.00164717738517, 0.000670084729791, -0.0010168668814, 0.000993243884295, -0.000650162808597, 0.000211437698454, -0.000254287937423, 0.000491732207593, -0.00068383855978], [0.000550518510863, -0.000645095540676, 0.000350581743987, -0.00164717738517, 0.00394652225077, -0.00262012495659, 0.00131312746089, -0.00040951979463, -0.000257593870629, -0.000767350778915, 0.000263454538072, -0.000551036209799, 0.000423918187153], [-0.000564095040318, 0.00077148003038, -0.00114886136726, 0.000670084729791, -0.00262012495659, 0.00642952695489, -0.00233694701456, 0.000341042934451, -0.000178292379132, -0.000787166762166, 7.64174765209e-05, -0.000667641987093, -0.000159512230312], [0.00042264003423, -0.000759665039368, 0.00082810287131, -0.0010168668814, 0.00131312746089, -0.00233694701456, 0.00483056297526, -0.0020129585173, -0.000582449079957, -0.000443199125584, -0.0010362296598, -0.000941974984016, 0.0014566242462], [-0.000623826344963, 0.000550856988411, -0.0014935041545, 0.000993243884295, -0.00040951979463, 0.000341042934451, -0.0020129585173, 0.00618017278612, -0.00384871126153, 0.00286165974103, -0.00107158906758, 0.000234865481616, -0.00112428818829], [0.000698463118169, -0.000772281258833, 0.000865394133143, -0.000650162808597, -0.000257593870629, -0.000178292379132, -0.000582449079957, -0.00384871126153, 0.0107889482751, -0.00468239607289, 0.00166607031133, -0.00147565209772, 0.00044481336954], [-0.000855298072565, 0.000498069333844, -0.000434945774032, 0.000211437698454, -0.000767350778915, -0.000787166762166, -0.000443199125584, 0.00286165974103, -0.00468239607289, 0.0100250020623, -0.00615757331252, 0.0032581218984, -0.00228697969578], [0.000663067505229, -0.000648895627819, 0.000331000424922, -0.000254287937423, 0.000263454538072, 7.64174765209e-05, -0.0010362296598, -0.00107158906758, 0.00166607031133, -0.00615757331252, 0.0135931503028, -0.0064248656854, 0.00254214112647], [-0.000753888860345, 0.000674713985063, -0.000522771733813, 0.000491732207593, -0.000551036209799, -0.000667641987093, -0.000941974984016, 0.000234865481616, -0.00147565209772, 0.0032581218984, -0.0064248656854, 0.0145759051666, -0.00504724634811], [0.000488444638904, -0.00097468221793, -9.67583619058e-05, -0.00068383855978, 0.000423918187153, -0.000159512230312, 0.0014566242462, -0.00112428818829, 0.00044481336954, -0.00228697969578, 0.00254214112647, -0.00504724634811, 0.0112940315157]]
    },
    "spectral_contrast_coeffs": {
        "mean": [-0.674856305122, -0.719587445259, -0.766538381577, -0.795962512493, -0.78881841898, -0.668481647968],
        "stdev": [0.0922222584486, 0.108366385102, 0.0931748971343, 0.0698522403836, 0.0592198334634, 0.0554433874786]
    },
    "spectral_contrast_valleys": {
        "mean": [-7.91295003891, -7.5883231163, -8.10753536224, -8.21019935608, -7.81112241745, -11.3800039291],
        "stdev": [1.30174696445, 0.996610641479, 1.06955528259, 0.992882788181, 0.984454751015, 0.899812698364]
    }
},
"rhythm": {
    "beats_count": 429,
    "beats_loudness": {
        "mean": 0.0491603799164,
        "stdev": 0.0425533950329
    },
    "bpm": 91.5619125366,
    "bpm_histogram_first_peak_bpm": 92,
    "bpm_histogram_first_peak_weight": 0.155940592289,
    "bpm_histogram_second_peak_bpm": 140,
    "bpm_histogram_second_peak_spread": 0.333333313465,
    "bpm_histogram_second_peak_weight": 0.00934579409659,
    "danceability": 1.66347241402,
    "onset_rate": 4.8425359726,
    "beats_loudness_band_ratio": {
        "mean": [0.428639560938, 0.1174743101, 0.191988900304, 0.102685816586, 0.0741825327277, 0.108643680811],
        "stdev": [0.451068103313, 0.123936012387, 0.180344328284, 0.101690679789, 0.0893098860979, 0.149633556604]
    },
    "beats_position": [0.66176867485, 1.31192743778, 1.93886613846, 2.56580495834, 3.16952371597, 3.78485250473, 4.40018129349, 5.08516979218, 5.75854873657, 6.43192720413, 7.10530614853, 7.77868461609, 8.44045352936, 9.0906124115, 9.75238037109, 10.4025392532, 11.0526981354, 11.7028570175, 12.3762359619, 13.0263938904, 13.6765527725, 14.3267116547, 15.0000905991, 15.6502494812, 16.3004074097, 16.9505672455, 17.600725174, 18.2624931335, 18.9242630005, 19.574420929, 20.2361907959, 20.8863487244, 21.548116684, 22.1982765198, 22.8600444794, 23.5102043152, 24.1719722748, 24.8221302032, 25.4722900391, 26.1224479675, 26.7842178345, 27.4459857941, 28.0961437225, 28.7463035583, 29.4196815491, 30.0698413849, 30.7199993134, 31.3701572418, 32.0319252014, 32.6704750061, 33.3438529968, 33.99401474, 34.6557807922, 35.2943305969, 35.9677085876, 36.6178665161, 37.2796363831, 37.9297943115, 38.5915641785, 39.2417221069, 39.8918800354, 40.5420417786, 41.2154197693, 41.8655776978, 42.5157356262, 43.1658935547, 43.8276634216, 44.4894332886, 45.139591217, 45.7897491455, 46.439907074, 47.0784568787, 47.7402267456, 48.4136047363, 49.0753746033, 49.7371406555, 50.3873023987, 51.0374603271, 51.7108383179, 52.3609962463, 53.0111541748, 53.661315918, 54.3114738464, 54.9732398987, 55.6350097656, 56.2851676941, 56.9353294373, 57.5854873657, 58.2588653564, 58.9090232849, 59.5591812134, 60.2093429565, 60.8711090088, 61.5212669373, 62.1830368042, 62.8331947327, 63.4949645996, 64.1335144043, 64.7952804565, 65.4570541382, 66.107208252, 66.7573699951, 67.4191360474, 68.0692977905, 68.7194519043, 69.3812255859, 70.0546035767, 70.7047576904, 71.3549194336, 72.0050811768, 72.6784591675, 73.3286132812, 73.9903869629, 74.6289291382, 75.2907028198, 75.9524688721, 76.6026306152, 77.252784729, 77.9145584106, 78.5647125244, 79.2264862061, 79.8766403198, 80.5384140015, 81.2001800537, 81.8503417969, 82.5004959106, 83.1622695923, 83.8124237061, 84.4741897583, 85.1243515015, 85.7745132446, 86.4362792969, 87.0980453491, 87.7482070923, 88.3983688354, 89.0485229492, 89.7219009399, 90.3604507446, 91.0222167969, 91.67237854, 92.3225402832, 92.972694397, 93.6460723877, 94.2962341309, 94.9580001831, 95.5965499878, 96.2583236694, 96.9200897217, 97.5818557739, 98.2320175171, 98.8937835693, 99.555557251, 100.194099426, 100.844261169, 101.51763916, 102.167800903, 102.817955017, 103.46811676, 104.129882812, 104.791656494, 105.441810608, 106.091972351, 106.742126465, 107.403900146, 108.065666199, 108.715827942, 109.365982056, 110.016143799, 110.677909851, 111.339683533, 112.001449585, 112.651611328, 113.31337738, 113.951927185, 114.613693237, 115.26385498, 115.937232971, 116.587387085, 117.237548828, 117.887710571, 118.537864685, 119.188026428, 119.861404419, 120.511566162, 121.173332214, 121.811882019, 122.462036133, 123.123809814, 123.785575867, 124.43573761, 125.109115601, 125.759269714, 126.409431458, 127.059593201, 127.721359253, 128.371520996, 129.033279419, 129.683441162, 130.356826782, 131.006988525, 131.65713501, 132.307296753, 132.957458496, 133.619232178, 134.280990601, 134.931152344, 135.592926025, 136.254684448, 136.904846191, 137.555007935, 138.205169678, 138.855331421, 139.528701782, 140.178863525, 140.829025269, 141.479187012, 142.140945435, 142.802719116, 143.476104736, 144.126251221, 144.776412964, 145.414962769, 146.07673645, 146.726898193, 147.388656616, 148.038818359, 148.700592041, 149.350738525, 150.000900269, 150.651062012, 151.324447632, 151.974594116, 152.624755859, 153.274917603, 153.936691284, 154.598449707, 155.260223389, 155.898773193, 156.560546875, 157.210693359, 157.872467041, 158.522628784, 159.184402466, 159.83454895, 160.496322632, 161.146484375, 161.808258057, 162.470016479, 163.120178223, 163.770339966, 164.432098389, 165.09387207, 165.744033813, 166.394195557, 167.0443573, 167.694503784, 168.367889404, 169.018051147, 169.67980957, 170.329971313, 170.991744995, 171.641906738, 172.292053223, 172.953826904, 173.615600586, 174.254150391, 174.915908813, 175.577682495, 176.239456177, 176.88961792, 177.539764404, 178.189926147, 178.851699829, 179.490249634, 180.163619995, 180.813781738, 181.47555542, 182.125717163, 182.787475586, 183.437637329, 184.087799072, 184.737960815, 185.411331177, 186.06149292, 186.711654663, 187.361816406, 188.035186768, 188.685348511, 189.335510254, 189.985671997, 190.635818481, 191.297592163, 191.959365845, 192.609527588, 193.259674072, 193.921447754, 194.571609497, 195.23336792, 195.883529663, 196.545303345, 197.207077026, 197.857223511, 198.507385254, 199.157546997, 199.819320679, 200.457870483, 201.131240845, 201.781402588, 202.44317627, 203.093322754, 203.755096436, 204.405258179, 205.06703186, 205.717178345, 206.378952026, 207.02911377, 207.690887451, 208.329421997, 209.002807617, 209.65296936, 210.303131104, 210.953277588, 211.626663208, 212.276824951, 212.938583374, 213.577133179, 214.23890686, 214.900680542, 215.550842285, 216.20098877, 216.851150513, 217.512924194, 218.174682617, 218.82484436, 219.486618042, 220.125167847, 220.786941528, 221.437088013, 222.098861694, 222.749023438, 223.410797119, 224.060943604, 224.722717285, 225.384490967, 226.04624939, 226.696411133, 227.346572876, 227.996734619, 228.67010498, 229.320266724, 229.970428467, 230.62059021, 231.282348633, 231.932510376, 232.594284058, 233.244445801, 233.906204224, 234.544754028, 235.218139648, 235.868301392, 236.518447876, 237.168609619, 237.830383301, 238.492156982, 239.142303467, 239.79246521, 240.442626953, 241.092788696, 241.754547119, 242.416320801, 243.089706421, 243.739852905, 244.390014648, 245.040176392, 245.690338135, 246.352111816, 247.013870239, 247.664031982, 248.314193726, 248.964355469, 249.63772583, 250.287887573, 250.938049316, 251.58821106, 252.249969482, 252.911743164, 253.561904907, 254.212051392, 254.885437012, 255.523986816, 256.185760498, 256.84753418, 257.497680664, 258.147827148, 258.80960083, 259.459777832, 260.121551514, 260.771697998, 261.43347168, 262.083618164, 262.745391846, 263.38394165, 264.045715332, 264.75390625, 265.473724365, 266.239990234, 267.017852783, 267.726074219, 268.422668457, 269.084442139, 269.74621582, 270.396362305, 271.02331543, 271.661865234, 272.219146729, 272.764801025, 273.31048584, 273.809692383, 274.308929443, 274.808166504, 275.319000244, 275.829833984, 276.340667725, 276.781860352, 277.223022461, 277.652587891, 278.082183838, 278.511749268, 278.941314697],
    "bpm_histogram": [0, 0, 0, 0, 0, 0, 0, 0, 0, 0, 0, 0, 0, 0, 0, 0, 0, 0, 0, 0, 0, 0, 0, 0, 0, 0, 0, 0, 0, 0, 0, 0, 0, 0, 0, 0, 0, 0, 0, 0, 0, 0, 0, 0, 0, 0, 0, 0, 0, 0, 0, 0, 0, 0, 0, 0, 0, 0, 0, 0, 0, 0, 0, 0, 0, 0, 0, 0, 0, 0, 0, 0, 0, 0, 0, 0, 0, 0.00233644852415, 0.00233644852415, 0, 0, 0, 0, 0.00233644852415, 0, 0.00467289704829, 0.00233644852415, 0, 0.00233644852415, 0.0864485949278, 0, 0.313084125519, 0.483644872904, 0, 0.0514018684626, 0, 0.00700934557244, 0, 0.00467289704829, 0.00233644852415, 0, 0, 0, 0, 0, 0, 0, 0, 0.00233644852415, 0, 0.00467289704829, 0, 0, 0, 0, 0, 0, 0.00700934557244, 0, 0, 0.00700934557244, 0, 0, 0, 0, 0, 0, 0, 0, 0, 0, 0, 0, 0, 0, 0, 0.00467289704829, 0, 0, 0, 0.00934579409659, 0, 0, 0, 0, 0, 0, 0, 0, 0, 0, 0, 0, 0, 0, 0, 0, 0, 0, 0, 0, 0, 0, 0, 0, 0, 0, 0, 0, 0, 0, 0, 0, 0, 0, 0, 0, 0, 0, 0, 0, 0, 0, 0, 0, 0, 0, 0, 0, 0, 0, 0, 0, 0, 0, 0, 0, 0, 0, 0, 0, 0, 0, 0, 0, 0, 0, 0, 0, 0, 0, 0, 0, 0, 0, 0, 0, 0, 0, 0, 0, 0, 0, 0, 0, 0, 0, 0, 0, 0, 0, 0, 0, 0, 0, 0, 0, 0, 0, 0, 0, 0, 0, 0, 0, 0, 0, 0, 0, 0]
},
"tonal": {
    "chords_changes_rate": 0.133919686079,
    "chords_number_rate": 0.00265516107902,
    "chords_strength": {
        "mean": 0.48259729147,
        "stdev": 0.0947123095393
    },
    "hpcp_crest": {
        "mean": 13.314866066,
        "stdev": 7.16175317764
    },
    "hpcp_entropy": {
        "mean": 2.11221528053,
        "stdev": 0.850560545921
    },
    "key_edma": {
        "strength": 0.519914329052,
        "key": "D",
        "scale": "major"
    },
    "key_krumhansl": {
        "strength": 0.498663932085,
        "key": "D",
        "scale": "major"
    },
    "key_temperley": {
        "strength": 0.458651423454,
        "key": "D",
        "scale": "major"
    },
    "tuning_diatonic_strength": 0.462400853634,
    "tuning_equal_tempered_deviation": 0.251760870218,
    "tuning_frequency": 434.193115234,
    "tuning_nontempered_energy_ratio": 0.902712523937,
    "hpcp": {
        "mean": [0.260573625565, 0.206170231104, 0.143905699253, 0.11665212363, 0.0976363345981, 0.0859652608633, 0.101791597903, 0.119402207434, 0.111020572484, 0.108095914125, 0.103096440434, 0.0911874845624, 0.10354103893, 0.115764498711, 0.109395988286, 0.119861803949, 0.133084192872, 0.122473075986, 0.119622938335, 0.127903789282, 0.122314400971, 0.118696972728, 0.117451898754, 0.119241952896, 0.150304213166, 0.16271391511, 0.139317288995, 0.187896713614, 0.205667436123, 0.134344056249, 0.108081847429, 0.113218382001, 0.126272127032, 0.152352675796, 0.179038599133, 0.230175420642],
        "stdev": [0.334577739239, 0.286823391914, 0.253117263317, 0.235089272261, 0.206454664469, 0.192552655935, 0.211973831058, 0.23527507484, 0.218322977424, 0.204278066754, 0.200079232454, 0.192471295595, 0.189265280962, 0.204278945923, 0.205165222287, 0.223173975945, 0.238563984632, 0.219201356173, 0.217508211732, 0.226711139083, 0.221081867814, 0.220808699727, 0.221004635096, 0.213080525398, 0.266584187746, 0.277501285076, 0.237969502807, 0.279228538275, 0.297970175743, 0.218449398875, 0.206584975123, 0.209329038858, 0.224850147963, 0.246098354459, 0.268200993538, 0.303751468658]
    },
    "chords_histogram": [19.7145709991, 13.5745105743, 7.51742458344, 3.16959834099, 1.49352800846, 8.91138362885, 2.27348160744, 0.116163291037, 1.06206440926, 0, 5.84135437012, 3.9827413559, 10.02323246, 0.614005982876, 0.481247931719, 0.116163291037, 0.348489880562, 10.1559906006, 2.837703228, 2.90408229828, 1.1450381279, 0.0663790255785, 0.929306328297, 2.72153997421],
    "thpcp": [1, 0.791216790676, 0.552265048027, 0.447674334049, 0.374697685242, 0.329907745123, 0.390644282103, 0.458228290081, 0.426062196493, 0.414838284254, 0.395651876926, 0.349949032068, 0.397358089685, 0.444267898798, 0.41982755065, 0.459992080927, 0.510735452175, 0.470013320446, 0.459075391293, 0.49085471034, 0.469404369593, 0.455521821976, 0.450743615627, 0.457613289356, 0.576820492744, 0.624445080757, 0.53465616703, 0.721088767052, 0.789287209511, 0.515570402145, 0.414784282446, 0.434496700764, 0.484592884779, 0.584681868553, 0.687094092369, 0.883341193199],
    "chords_key": "D",
    "chords_scale": "major"
}
}