{
"metadata": {
    "version": {
        "essentia": "2.1-dev",
        "essentia_git_sha": "v2.1_beta3-415-gd5473f3",
        "extractor": "music 2.0"
    },
    "audio_properties": {
        "analysis": {
            "equal_loudness": 0,
            "length": 277.446533203,
            "sample_rate": 44100,
            "start_time": 0,
            "downmix": "mix"
        },
        "bit_rate": 192000,
        "length": 277.446533203,
        "lossless": 0,
        "number_channels": 2,
        "replay_gain": -9.90628623962,
        "sample_rate": 44100,
        "codec": "mp3",
        "md5_encoded": "4f359fbd63e6db9dd4c4ca32e77a4350"
    },
    "tags": {
        "file_name": "mobb_deeptwist-get_it_twisted.mp3",
        "genre": ["Blues"],
        "title": ["Mobb_Deep_ft_Twista_Got_It_Twi"]
    }
},
"lowlevel": {
    "average_loudness": 0.930610656738,
    "barkbands_crest": {
        "mean": 12.7429380417,
        "stdev": 6.49040699005
    },
    "barkbands_flatness_db": {
        "mean": 0.164268627763,
        "stdev": 0.0851264446974
    },
    "barkbands_kurtosis": {
        "mean": 18.9965171814,
        "stdev": 42.3576469421
    },
    "barkbands_skewness": {
        "mean": 2.5461165905,
        "stdev": 2.91553473473
    },
    "barkbands_spread": {
        "mean": 22.3278236389,
        "stdev": 19.4500331879
    },
    "dissonance": {
        "mean": 0.460004121065,
        "stdev": 0.0375703945756
    },
    "dynamic_complexity": 4.13605880737,
    "erbbands_crest": {
        "mean": 8.54670333862,
        "stdev": 4.2713766098
    },
    "erbbands_flatness_db": {
        "mean": 0.154888480902,
        "stdev": 0.0451745316386
    },
    "erbbands_kurtosis": {
        "mean": 0.702205657959,
        "stdev": 3.29355382919
    },
    "erbbands_skewness": {
        "mean": 0.30947381258,
        "stdev": 0.967295765877
    },
    "erbbands_spread": {
        "mean": 44.8931732178,
        "stdev": 23.8231163025
    },
    "hfc": {
        "mean": 21.3503837585,
        "stdev": 26.2717113495
    },
    "loudness_ebu128": {
        "integrated": -13.277261734,
        "loudness_range": 2.66692638397,
        "momentary": {
            "mean": -14.4885292053,
            "stdev": 4.40773582458
        },
        "short_term": {
            "mean": -13.9600696564,
            "stdev": 3.28587222099
        }
    },
    "melbands_crest": {
        "mean": 17.353302002,
        "stdev": 8.07886791229
    },
    "melbands_flatness_db": {
        "mean": 0.22000874579,
        "stdev": 0.119433037937
    },
    "melbands_kurtosis": {
        "mean": 45.5741119385,
        "stdev": 86.2604980469
    },
    "melbands_skewness": {
        "mean": 4.01287889481,
        "stdev": 3.73545193672
    },
    "melbands_spread": {
        "mean": 27.9451141357,
        "stdev": 33.4068870544
    },
    "pitch_salience": {
        "mean": 0.491217881441,
        "stdev": 0.180611178279
    },
    "silence_rate_20dB": {
        "mean": 1,
        "stdev": 0
    },
    "silence_rate_30dB": {
        "mean": 0.881924688816,
        "stdev": 0.322678744793
    },
    "silence_rate_60dB": {
        "mean": 0.127364009619,
        "stdev": 0.333393931389
    },
    "spectral_centroid": {
        "mean": 1580.73522949,
        "stdev": 981.287902832
    },
    "spectral_complexity": {
        "mean": 15.1174898148,
        "stdev": 11.9235696793
    },
    "spectral_decrease": {
        "mean": -1.12064224567e-08,
        "stdev": 1.33858417684e-08
    },
    "spectral_energy": {
        "mean": 0.0442321561277,
        "stdev": 0.0509749539196
    },
    "spectral_energyband_high": {
        "mean": 0.00128704321105,
        "stdev": 0.00258701876737
    },
    "spectral_energyband_low": {
        "mean": 0.0291892867535,
        "stdev": 0.0466050095856
    },
    "spectral_energyband_middle_high": {
        "mean": 0.00401225266978,
        "stdev": 0.00636009499431
    },
    "spectral_energyband_middle_low": {
        "mean": 0.00978039763868,
        "stdev": 0.0138792293146
    },
    "spectral_entropy": {
        "mean": 7.63821697235,
        "stdev": 0.524419784546
    },
    "spectral_flux": {
        "mean": 0.113189823925,
        "stdev": 0.0808182880282
    },
    "spectral_kurtosis": {
        "mean": 3.35047745705,
        "stdev": 3.17796278
    },
    "spectral_rms": {
        "mean": 0.00550412246957,
        "stdev": 0.0035857942421
    },
    "spectral_rolloff": {
        "mean": 1848.98950195,
        "stdev": 2357.94458008
    },
    "spectral_skewness": {
        "mean": 1.36661076546,
        "stdev": 0.528410196304
    },
    "spectral_spread": {
        "mean": 5055972,
        "stdev": 1716781.25
    },
    "spectral_strongpeak": {
        "mean": 0.697141349316,
        "stdev": 0.884904444218
    },
    "zerocrossingrate": {
        "mean": 0.0692100450397,
        "stdev": 0.0618940070271
    },
    "barkbands": {
        "mean": [0.00365001591854, 0.0235266368836, 0.00212289346382, 0.00149205815978, 0.00154084782116, 0.00175287399907, 0.00199799914844, 0.00161109794863, 0.00111410371028, 0.000745643395931, 0.000434744084487, 0.000552206940483, 0.000442083430244, 0.000288803101284, 0.000371758418623, 0.000349238340277, 0.000327445770381, 0.000267511204584, 0.000258986547124, 0.000203493007575, 0.000273720477708, 0.000303667562548, 0.000238264736254, 0.000199995905859, 0.000121505581774, 4.21055083279e-05, 2.1531288894e-06],
        "stdev": [0.0064752670005, 0.0387780964375, 0.00555773358792, 0.00391574483365, 0.00296639814042, 0.00426660384983, 0.0065603395924, 0.00476497784257, 0.00342283002101, 0.00265007955022, 0.00145164877176, 0.00155739823822, 0.00132136791945, 0.000853672390804, 0.000817652384285, 0.000756390567403, 0.000609558192082, 0.000466779165436, 0.000607352529187, 0.000426914077252, 0.000594724377152, 0.000678211508784, 0.000494356499985, 0.000420144351665, 0.000315603771014, 0.00013667474559, 1.10139471872e-05]
    },
    "erbbands": {
        "mean": [0.81387680769, 4.58782625198, 4.04324293137, 4.19767999649, 4.93578958511, 4.56964445114, 7.20476198196, 16.8841209412, 32.0951156616, 23.1081047058, 39.9248161316, 24.6703262329, 24.6615276337, 19.4548988342, 18.0073108673, 23.9586448669, 20.1632881165, 16.4756755829, 18.2560062408, 19.3119945526, 18.8854980469, 19.1159324646, 16.3197364807, 12.2269287109, 12.5652351379, 9.48361110687, 10.40437603, 11.1479930878, 10.5061731339, 9.89887905121, 6.40028190613, 4.71169185638, 2.94060373306, 1.5911898613, 0.736073255539, 0.268436402082, 0.0616599991918, 0.00931971147656, 0.000281349231955, 6.05185559834e-05],
        "stdev": [1.32522106171, 8.23084259033, 9.06897068024, 10.5548658371, 9.50784778595, 10.7801876068, 19.2901992798, 43.1149978638, 102.378807068, 70.0948944092, 117.501121521, 75.1229476929, 82.7483444214, 62.0462226868, 51.4480133057, 66.0235824585, 59.0024223328, 46.9613647461, 41.2969474792, 41.9873657227, 39.2897872925, 34.282585144, 27.147195816, 28.5641441345, 28.7568950653, 18.7989711761, 21.400062561, 25.3038806915, 23.1715087891, 22.4579753876, 13.2376413345, 10.2371282578, 6.19219684601, 4.00445079803, 1.99598920345, 0.812765479088, 0.204971849918, 0.0364604666829, 0.00125438091345, 6.50974616292e-05]
    },
    "gfcc": {
        "mean": [-27.9330387115, 74.6879806519, -115.815315247, 41.6579437256, -65.1302642822, 18.9840908051, -33.7686462402, 13.3653593063, -12.4146404266, 4.45114326477, -10.9249858856, 3.17256712914, -7.69464445114],
        "cov": [[7822.39648438, -610.075805664, 2.62308168411, -296.99810791, -235.385528564, 99.7524490356, -297.751312256, 249.523345947, -150.985565186, 113.698669434, -190.307647705, 68.133026123, -284.220062256], [-610.075805664, 2473.37182617, 498.888122559, 124.46282959, 555.396179199, -105.1352005, 397.188598633, -98.5263519287, 302.693878174, -186.849456787, 234.011932373, -147.972213745, 128.193664551], [2.62308168411, 498.888122559, 1627.43273926, 623.392150879, 540.190612793, 307.292755127, 248.969268799, 126.697189331, 124.597061157, 122.731788635, 85.1964416504, -4.36571264267, 43.9556236267], [-296.99810791, 124.46282959, 623.392150879, 799.728088379, 388.758056641, 176.82598877, 167.762390137, 82.9851608276, 139.264221191, 61.7185173035, 63.620098114, -20.9932613373, 101.072319031], [-235.385528564, 555.396179199, 540.190612793, 388.758056641, 629.00378418, 209.811630249, 251.635391235, 71.6010665894, 152.924438477, 46.9077758789, 94.2962188721, -27.2600402832, 56.3500862122], [99.7524490356, -105.1352005, 307.292755127, 176.82598877, 209.811630249, 360.046112061, 209.209152222, 86.1654968262, 33.5150413513, 64.8704605103, 31.768699646, 6.94920921326, 3.18263792992], [-297.751312256, 397.188598633, 248.969268799, 167.762390137, 251.635391235, 209.209152222, 386.528900146, 75.6649475098, 95.6650238037, -11.3903217316, 83.8883972168, -22.9052772522, 33.7595596313], [249.523345947, -98.5263519287, 126.697189331, 82.9851608276, 71.6010665894, 86.1654968262, 75.6649475098, 177.414154053, 71.8685913086, 56.6573562622, 9.79638385773, 9.1192035675, -9.79924678802], [-150.985565186, 302.693878174, 124.597061157, 139.264221191, 152.924438477, 33.5150413513, 95.6650238037, 71.8685913086, 216.930831909, 53.4732627869, 62.7809944153, -30.4141159058, 32.69506073], [113.698669434, -186.849456787, 122.731788635, 61.7185173035, 46.9077758789, 64.8704605103, -11.3903217316, 56.6573562622, 53.4732627869, 156.843948364, 24.7084617615, 13.5764503479, -17.983133316], [-190.307647705, 234.011932373, 85.1964416504, 63.620098114, 94.2962188721, 31.768699646, 83.8883972168, 9.79638385773, 62.7809944153, 24.7084617615, 119.253860474, 18.3094921112, 26.2813892365], [68.133026123, -147.972213745, -4.36571264267, -20.9932613373, -27.2600402832, 6.94920921326, -22.9052772522, 9.1192035675, -30.4141159058, 13.5764503479, 18.3094921112, 96.0339889526, 18.8100147247], [-284.220062256, 128.193664551, 43.9556236267, 101.072319031, 56.3500862122, 3.18263792992, 33.7595596313, -9.79924678802, 32.69506073, -17.983133316, 26.2813892365, 18.8100147247, 108.881332397]],
        "icov": [[0.000169531005668, -0.000129039617605, 3.13890741381e-05, -4.23936689913e-05, 7.08007864887e-05, -0.000211644815863, 0.000249451899435, -0.000350291782524, 0.000140307791298, -9.4837618235e-05, 0.00027617244632, -0.00027281124494, 0.000404493504902], [-0.000129039617605, 0.00167779251933, -0.00061306997668, 0.000908009533305, -0.00105419929605, 0.00150882010348, -0.00110563950147, 0.00125550944358, -0.00153929484077, 0.00195261510089, -0.00210558669642, 0.00188650854398, -0.000983269303106], [3.13890741381e-05, -0.00061306997668, 0.00128535821568, -0.000883540662471, -0.000128326370032, -0.000769245845731, 0.000332487368723, -0.000556757615414, 0.000816948420834, -0.00108547881246, 0.000712294830009, -0.000787479046267, 0.000580235151574], [-4.23936689913e-05, 0.000908009533305, -0.000883540662471, 0.00286516919732, -0.00126577215269, 0.000516753760166, -0.000330075185047, 0.000268351723207, -0.00108402303886, 0.000842182780616, -0.00103200098965, 0.00169852387626, -0.00229596649297], [7.08007864887e-05, -0.00105419929605, -0.000128326370032, -0.00126577215269, 0.00399906141683, -0.0016135640908, -0.000115906434075, -0.000379018747481, -8.32341029309e-05, -0.00105438695755, 0.000607452646364, -0.000782302406151, 0.000471497070976], [-0.000211644815863, 0.00150882010348, -0.000769245845731, 0.000516753760166, -0.0016135640908, 0.00701387692243, -0.00406587775797, 0.000520049070474, 0.000152718261234, -0.000653924245853, -0.000740858784411, 0.000988698913716, -0.000706373655703], [0.000249451899435, -0.00110563950147, 0.000332487368723, -0.000330075185047, -0.000115906434075, -0.00406587775797, 0.00692871166393, -0.00251987506635, 0.000235153886024, 0.00170788471587, -0.00161029095761, 0.000260811095359, 0.00048392105964], [-0.000350291782524, 0.00125550944358, -0.000556757615414, 0.000268351723207, -0.000379018747481, 0.000520049070474, -0.00251987506635, 0.00991723872721, -0.00418459624052, -0.000295084231766, 0.000621881044935, -0.00100474688224, 0.00066916749347], [0.000140307791298, -0.00153929484077, 0.000816948420834, -0.00108402303886, -8.32341029309e-05, 0.000152718261234, 0.000235153886024, -0.00418459624052, 0.0103057101369, -0.00435376632959, -0.00108147191349, 0.00212205108255, -0.00147511437535], [-9.4837618235e-05, 0.00195261510089, -0.00108547881246, 0.000842182780616, -0.00105438695755, -0.000653924245853, 0.00170788471587, -0.000295084231766, -0.00435376632959, 0.0123952617869, -0.00454656174406, 0.000850893324241, 0.00142363994382], [0.00027617244632, -0.00210558669642, 0.000712294830009, -0.00103200098965, 0.000607452646364, -0.000740858784411, -0.00161029095761, 0.000621881044935, -0.00108147191349, -0.00454656174406, 0.0161389131099, -0.00682116160169, 0.000989600317553], [-0.00027281124494, 0.00188650854398, -0.000787479046267, 0.00169852387626, -0.000782302406151, 0.000988698913716, 0.000260811095359, -0.00100474688224, 0.00212205108255, 0.000850893324241, -0.00682116160169, 0.0166854877025, -0.005720121786], [0.000404493504902, -0.000983269303106, 0.000580235151574, -0.00229596649297, 0.000471497070976, -0.000706373655703, 0.00048392105964, 0.00066916749347, -0.00147511437535, 0.00142363994382, 0.000989600317553, -0.005720121786, 0.0144091341645]]
    },
    "melbands": {
        "mean": [0.0070630046539, 0.00365053699352, 0.000728929182515, 0.000346759101376, 0.000235849569435, 0.000393419788452, 0.000463220058009, 0.000260405271547, 0.000323072687024, 0.000143645564094, 0.000122454206576, 7.99719055067e-05, 5.96317004238e-05, 6.46969347144e-05, 5.12131373398e-05, 4.24493664468e-05, 2.80528711301e-05, 2.86637896352e-05, 2.67966206593e-05, 2.36478554143e-05, 2.20967558562e-05, 1.97623958229e-05, 1.78507398232e-05, 1.16012288345e-05, 9.54586084845e-06, 1.03006268546e-05, 7.36055244488e-06, 5.90319268667e-06, 6.3669795054e-06, 6.33522449789e-06, 6.50798438073e-06, 5.89329101786e-06, 5.82620805289e-06, 5.2707582654e-06, 3.72264139514e-06, 3.35770891979e-06, 2.5817214464e-06, 2.11318206311e-06, 1.72188219949e-06, 1.20971003525e-06],
        "stdev": [0.0112934671342, 0.0069539709948, 0.00168301584199, 0.000677797419485, 0.000613399257418, 0.000977083109319, 0.00146277411841, 0.000774233485572, 0.000981133198366, 0.000444089440862, 0.000424535101047, 0.000270250136964, 0.000184854696272, 0.000183969576028, 0.000158991198987, 0.00012887387129, 8.77824277268e-05, 6.96891365806e-05, 6.23674495728e-05, 5.50153599761e-05, 4.6153763833e-05, 3.81058744097e-05, 3.12429874612e-05, 2.0750456315e-05, 2.44268558163e-05, 2.22652197408e-05, 1.72781583387e-05, 1.19751348393e-05, 1.359453654e-05, 1.42421858982e-05, 1.51241401909e-05, 1.30997850647e-05, 1.36240414577e-05, 1.19190654004e-05, 7.52417008698e-06, 7.93142680777e-06, 5.44932663615e-06, 4.34476623923e-06, 4.11237942899e-06, 3.20203525916e-06]
    },
    "melbands128": {
        "mean": [0.00259248353541, 0.00677941553295, 0.00913761835545, 0.00734633300453, 0.00289290444925, 0.000938555749599, 0.000898541184142, 0.000629844842479, 0.00049967301311, 0.000397397612687, 0.000219889130676, 0.000216003056266, 0.000245352362981, 0.000247574440436, 0.000314883480314, 0.000496569264214, 0.000660353631247, 0.000453956628917, 0.000263638590695, 0.000221979993512, 0.000243785078055, 0.000366628490156, 0.000370671623386, 0.00025504763471, 0.000135828347993, 0.000111404471681, 0.000122784796986, 0.000134309957502, 0.00011632694077, 8.37496700115e-05, 6.55123658362e-05, 7.16510767234e-05, 6.26413893769e-05, 4.99116467836e-05, 4.57047717646e-05, 8.62547021825e-05, 6.19412676315e-05, 4.91614628118e-05, 4.32894521509e-05, 4.39397445007e-05, 4.56228372059e-05, 3.69458284695e-05, 2.87294406007e-05, 2.27033360716e-05, 2.33026676142e-05, 3.62008577213e-05, 2.64192749455e-05, 2.39238306676e-05, 2.95094832836e-05, 2.58223935816e-05, 2.37378462771e-05, 1.99630649149e-05, 2.12722643482e-05, 2.49171080213e-05, 1.95327174879e-05, 1.9270910343e-05, 1.97901590582e-05, 1.82435724128e-05, 1.78809368663e-05, 1.57540180226e-05, 1.14307304102e-05, 7.81830476626e-06, 9.6700996437e-06, 9.44854036788e-06, 1.03641232272e-05, 1.15007924251e-05, 9.77699437499e-06, 7.83163704909e-06, 6.52056087347e-06, 6.83591633788e-06, 5.89271212448e-06, 5.19290961165e-06, 6.53366851111e-06, 6.41562155579e-06, 6.56547263134e-06, 6.26660357739e-06, 6.25265147391e-06, 6.4999640017e-06, 7.11324400982e-06, 5.7307292991e-06, 5.87242675465e-06, 6.15942599325e-06, 5.39096026841e-06, 5.68779205423e-06, 6.32187948213e-06, 5.910346772e-06, 4.60774026578e-06, 4.57689293398e-06, 3.61039678864e-06, 3.287207619e-06, 2.97283099826e-06, 3.82284451916e-06, 3.2906702927e-06, 2.60636920757e-06, 2.05054857361e-06, 2.05284982258e-06, 2.30963928516e-06, 1.85678800335e-06, 1.86493787169e-06, 1.58840487074e-06, 1.31040155793e-06, 1.22541473502e-06, 9.58151190389e-07, 8.73918111211e-07, 8.24446260594e-07, 7.84502560691e-07, 7.08988466158e-07, 5.31849138952e-07, 4.52571242704e-07, 3.65541609426e-07, 2.56935919651e-07, 2.22178911713e-07, 1.71510166069e-07, 1.49663776483e-07, 1.12377364303e-07, 9.32280030952e-08, 6.91688910592e-08, 2.09695176778e-08, 4.39922631656e-09, 1.78265693873e-10, 1.91198827604e-11, 1.28878565805e-11, 1.07514240566e-11, 7.60528185567e-12, 5.83525025175e-12, 5.61753248085e-12, 5.37552207608e-12, 5.33677746092e-12],
        "stdev": [0.00481911329553, 0.0115185687318, 0.0160085707903, 0.0137686561793, 0.0064011500217, 0.00236737984233, 0.00240573845804, 0.00160591490567, 0.0010588261066, 0.00095891620731, 0.000717024784535, 0.000722774886526, 0.00077871925896, 0.000822073663585, 0.00098137720488, 0.00165829772595, 0.00229068333283, 0.00197450630367, 0.00137406983413, 0.000921757891774, 0.00106326478999, 0.00128472759388, 0.00145114399493, 0.00112902803812, 0.000651024689432, 0.000473700114526, 0.000521580455825, 0.000605968409218, 0.000587786198594, 0.000410816806834, 0.000269551237579, 0.000340861472068, 0.000231141661061, 0.00022791356605, 0.000210852682358, 0.000275219383184, 0.000255644699791, 0.000199820671696, 0.000194513690076, 0.000179709124495, 0.000184853401151, 0.000147899452713, 0.000127811144921, 9.40825557336e-05, 8.99799269973e-05, 9.38029916142e-05, 9.06701607164e-05, 7.5121075497e-05, 8.06601456134e-05, 8.10027195257e-05, 6.73983449815e-05, 7.10470922058e-05, 6.23622763669e-05, 5.17599692103e-05, 4.78656147607e-05, 4.80059279653e-05, 4.32913184341e-05, 4.04334896302e-05, 3.9523558371e-05, 3.1116320315e-05, 2.27325908781e-05, 1.77828551386e-05, 3.11680378218e-05, 2.72738980129e-05, 2.74102421827e-05, 2.09148765862e-05, 2.9375176382e-05, 2.27825548791e-05, 1.46762367876e-05, 1.44297700899e-05, 1.16142255138e-05, 1.32279146783e-05, 1.70999865077e-05, 1.41433120007e-05, 1.28986248455e-05, 1.5871190044e-05, 1.60142881214e-05, 1.60862000484e-05, 1.83867359738e-05, 1.26880213429e-05, 1.41232212627e-05, 1.48958652062e-05, 1.23031122712e-05, 1.47254240801e-05, 1.61001935339e-05, 1.42166791193e-05, 1.08573931357e-05, 9.89127875073e-06, 7.36968240744e-06, 7.29565817892e-06, 6.86797966409e-06, 1.08863905552e-05, 8.19588058221e-06, 6.09253766015e-06, 4.43268572781e-06, 4.1407183744e-06, 5.17108401255e-06, 4.27114400736e-06, 4.63417336505e-06, 4.23314804721e-06, 3.60238391295e-06, 3.41257668879e-06, 2.721929377e-06, 2.54810584011e-06, 2.27179634749e-06, 2.41137308876e-06, 2.03163654078e-06, 1.82618703093e-06, 1.49858533405e-06, 1.17401373245e-06, 9.26222867292e-07, 7.71257418819e-07, 6.28103407507e-07, 5.45926468476e-07, 4.51065972129e-07, 3.79921090143e-07, 2.94231057296e-07, 1.69336786371e-07, 8.05462150311e-08, 3.59527807525e-09, 3.24162779952e-10, 1.96297950117e-10, 2.07495437499e-10, 1.12181992862e-10, 2.11808470069e-11, 2.37784653079e-11, 1.08008966354e-11, 1.07354351103e-11]
    },
    "mfcc": {
        "mean": [-667.519897461, 99.0187759399, 9.24216747284, 22.5908126831, 0.39818418026, 6.97624492645, -4.52164793015, 9.94517707825, 2.87041521072, 4.88547706604, 1.38952362537, 6.3224105835, 5.62226057053],
        "cov": [[7386.0546875, -560.927185059, -407.106781006, -450.177978516, -208.330947876, -309.797027588, -230.80506897, -76.6339416504, -134.165176392, -54.7215461731, 39.4114494324, -60.2515945435, -173.279907227], [-560.927185059, 2185.20849609, 164.919235229, 211.680038452, 157.937744141, 109.462211609, 103.377433777, 158.829803467, 17.6382694244, 82.3530349731, 39.0769081116, 40.8449401855, 85.162437439], [-407.106781006, 164.919235229, 1049.84631348, 411.303466797, 326.716156006, 234.087478638, 221.786010742, 69.1704559326, 157.612670898, 63.5864448547, 60.5193748474, 85.2756500244, 93.1915512085], [-450.177978516, 211.680038452, 411.303466797, 666.89276123, 342.34576416, 183.960037231, 120.291030884, 84.3330078125, 138.116577148, 76.7801818848, 33.1098976135, 62.5078659058, 71.1564865112], [-208.330947876, 157.937744141, 326.716156006, 342.34576416, 456.154907227, 199.593444824, 117.840370178, 50.6863822937, 111.082496643, 98.9965133667, 43.4552192688, 49.381980896, 71.6179046631], [-309.797027588, 109.462211609, 234.087478638, 183.960037231, 199.593444824, 332.647888184, 213.306213379, 96.441986084, 103.219779968, 69.5394744873, 68.0067596436, 39.6558609009, 45.1138648987], [-230.80506897, 103.377433777, 221.786010742, 120.291030884, 117.840370178, 213.306213379, 317.316070557, 140.284194946, 91.7253723145, 45.7635040283, 66.0653762817, 46.3301315308, 32.5111656189], [-76.6339416504, 158.829803467, 69.1704559326, 84.3330078125, 50.6863822937, 96.441986084, 140.284194946, 209.925033569, 77.9250183105, 44.2773780823, 50.0710067749, 29.2908554077, 28.2147464752], [-134.165176392, 17.6382694244, 157.612670898, 138.116577148, 111.082496643, 103.219779968, 91.7253723145, 77.9250183105, 176.330932617, 81.8423156738, 47.1108398438, 38.9861488342, 32.1989631653], [-54.7215461731, 82.3530349731, 63.5864448547, 76.7801818848, 98.9965133667, 69.5394744873, 45.7635040283, 44.2773780823, 81.8423156738, 155.037704468, 74.53565979, 47.198600769, 30.7612533569], [39.4114494324, 39.0769081116, 60.5193748474, 33.1098976135, 43.4552192688, 68.0067596436, 66.0653762817, 50.0710067749, 47.1108398438, 74.53565979, 142.927597046, 59.2769775391, 10.4918889999], [-60.2515945435, 40.8449401855, 85.2756500244, 62.5078659058, 49.381980896, 39.6558609009, 46.3301315308, 29.2908554077, 38.9861488342, 47.198600769, 59.2769775391, 107.712005615, 49.2032165527], [-173.279907227, 85.162437439, 93.1915512085, 71.1564865112, 71.6179046631, 45.1138648987, 32.5111656189, 28.2147464752, 32.1989631653, 30.7612533569, 10.4918889999, 49.2032165527, 113.876800537]],
        "icov": [[0.000151345346239, 2.90070092888e-05, 3.48440494236e-06, 8.45895774546e-05, -8.65855472512e-05, 0.000109900451207, 5.60461630812e-05, -7.69534526626e-05, 3.46856904798e-05, 1.72842592292e-05, -0.000123859266751, -1.11237295641e-05, 0.000168615864823], [2.90070092888e-05, 0.000523788039573, -3.40048864018e-05, -8.86126435944e-05, -6.27141125733e-05, 4.90454976898e-06, 4.8045792937e-05, -0.000443930010078, 0.000420007505454, -0.000273175479379, 2.24749110203e-05, 7.40208924981e-05, -0.000209624064155], [3.48440494236e-06, -3.40048864018e-05, 0.00154569966253, -0.000505154894199, -0.000433820823673, -2.8232087061e-05, -0.000725459016394, 0.000582371314522, -0.000649284454994, 0.000573270546738, -0.000192386389244, -0.000278035004158, -0.000405120750656], [8.45895774546e-05, -8.86126435944e-05, -0.000505154894199, 0.00290124770254, -0.00161931104958, -0.000183685391676, 0.000479913171148, -0.00057216885034, -0.000795552681666, 0.000342889863532, 0.000444767676527, -0.000676313764416, 0.000274997291854], [-8.65855472512e-05, -6.27141125733e-05, -0.000433820823673, -0.00161931104958, 0.00474817492068, -0.00160108692944, 9.80583863566e-05, 0.000684260972776, -6.38218480162e-05, -0.00164552940987, 0.000408339663409, 0.000432528177043, -0.00102935428731], [0.000109900451207, 4.90454976898e-06, -2.8232087061e-05, -0.000183685391676, -0.00160108692944, 0.00688529619947, -0.00358734233305, 0.000285386020551, -0.000756735389587, -0.000156044508913, -0.00133343588095, 0.00120714632794, -0.000608473375905], [5.60461630812e-05, 4.8045792937e-05, -0.000725459016394, 0.000479913171148, 9.80583863566e-05, -0.00358734233305, 0.00743576930836, -0.00324469897896, -0.000264448171947, 0.000861594860908, -0.000402160716476, -0.00113601540215, 0.000753647065721], [-7.69534526626e-05, -0.000443930010078, 0.000582371314522, -0.00057216885034, 0.000684260972776, 0.000285386020551, -0.00324469897896, 0.00813785754144, -0.00227468367666, 9.5771625638e-05, -0.00117330823559, 0.000695441209245, -0.00111258006655], [3.46856904798e-05, 0.000420007505454, -0.000649284454994, -0.000795552681666, -6.38218480162e-05, -0.000756735389587, -0.000264448171947, -0.00227468367666, 0.0102888559923, -0.00399724300951, 0.000480309594423, -0.000376890209736, 3.52994647983e-05], [1.72842592292e-05, -0.000273175479379, 0.000573270546738, 0.000342889863532, -0.00164552940987, -0.000156044508913, 0.000861594860908, 9.5771625638e-05, -0.00399724300951, 0.0117511572316, -0.00444297771901, -0.00100410915911, -0.000826688250527], [-0.000123859266751, 2.24749110203e-05, -0.000192386389244, 0.000444767676527, 0.000408339663409, -0.00133343588095, -0.000402160716476, -0.00117330823559, 0.000480309594423, -0.00444297771901, 0.0124354800209, -0.00570834940299, 0.00273628369905], [-1.11237295641e-05, 7.40208924981e-05, -0.000278035004158, -0.000676313764416, 0.000432528177043, 0.00120714632794, -0.00113601540215, 0.000695441209245, -0.000376890209736, -0.00100410915911, -0.00570834940299, 0.0159893333912, -0.00602522306144], [0.000168615864823, -0.000209624064155, -0.000405120750656, 0.000274997291854, -0.00102935428731, -0.000608473375905, 0.000753647065721, -0.00111258006655, 3.52994647983e-05, -0.000826688250527, 0.00273628369905, -0.00602522306144, 0.0128679480404]]
    },
    "spectral_contrast_coeffs": {
        "mean": [-0.711812257767, -0.741163790226, -0.775232255459, -0.780732929707, -0.775196194649, -0.75382822752],
        "stdev": [0.0916396155953, 0.0923137888312, 0.0698482468724, 0.058337982744, 0.0562702156603, 0.0440033599734]
    },
    "spectral_contrast_valleys": {
        "mean": [-7.3676776886, -7.12515115738, -7.79652070999, -8.07462978363, -8.00138378143, -10.2828636169],
        "stdev": [1.40992021561, 1.08030211926, 1.09117937088, 1.08391153812, 1.19716536999, 1.36711800098]
    }
},
"rhythm": {
    "beats_count": 476,
    "beats_loudness": {
        "mean": 0.0757703408599,
        "stdev": 0.0599601753056
    },
    "bpm": 103.009498596,
    "bpm_histogram_first_peak_bpm": 103,
    "bpm_histogram_first_peak_weight": 0.239316225052,
    "bpm_histogram_second_peak_bpm": 110,
    "bpm_histogram_second_peak_spread": 0.142857134342,
    "bpm_histogram_second_peak_weight": 0.0126315793023,
    "danceability": 1.43791472912,
    "onset_rate": 4.51585483551,
    "beats_loudness_band_ratio": {
        "mean": [0.486909508705, 0.0589825771749, 0.0871433988214, 0.124130368233, 0.100726000965, 0.165186688304],
        "stdev": [0.428861439228, 0.108962200582, 0.143664941192, 0.13736975193, 0.107609309256, 0.191483601928]
    },
    "beats_position": [0.557278871536, 1.1261677742, 1.69505667686, 2.2523355484, 2.79800438881, 3.34367346764, 3.88934230804, 4.43501138687, 4.98067998886, 5.52634906769, 6.11845779419, 6.71056699753, 7.30267572403, 7.89478445053, 8.498503685, 9.10222244263, 9.69433116913, 10.2864398956, 10.866938591, 11.4474372864, 12.0279359818, 12.6200447083, 13.2121543884, 13.7926530838, 14.3731517792, 14.9536504745, 15.5341491699, 16.114648819, 16.6951465607, 17.2756462097, 17.8561439514, 18.4366436005, 19.0171432495, 19.5976409912, 20.1897506714, 20.7818584442, 21.3623580933, 21.942855835, 22.523355484, 23.1038551331, 23.6843528748, 24.2648525238, 24.8453502655, 25.4258499146, 26.0063495636, 26.5984573364, 27.1905670166, 27.7710647583, 28.3515644073, 28.932062149, 29.5125617981, 30.0930614471, 30.6735591888, 31.2540588379, 31.8345565796, 32.4150543213, 32.9955558777, 33.5760536194, 34.1681632996, 34.7486610413, 35.3407707214, 35.9212684631, 36.5017662048, 37.0822677612, 37.6627655029, 38.2664833069, 38.8353729248, 39.4158706665, 39.9847602844, 40.5652618408, 41.1457595825, 41.7378692627, 42.3299751282, 42.9104766846, 43.4909744263, 44.071472168, 44.6519737244, 45.2324714661, 45.8129692078, 46.3934669495, 46.9739685059, 47.5544662476, 48.1465759277, 48.7386856079, 49.3191833496, 49.8996810913, 50.480178833, 51.0606803894, 51.6411781311, 52.210067749, 52.8021774292, 53.3826751709, 53.9631729126, 54.5436706543, 55.1241722107, 55.7046699524, 56.2967796326, 56.8888893127, 57.4693870544, 58.0498847961, 58.6303825378, 59.222492218, 59.7913818359, 60.3718795776, 60.952381134, 61.5444869995, 62.1365966797, 62.7054862976, 63.2859840393, 63.8664855957, 64.4585952759, 65.0390930176, 65.6195907593, 66.200088501, 66.7805862427, 67.3610839844, 67.9415893555, 68.5336914062, 69.1141967773, 69.7062988281, 70.2868041992, 70.8673019409, 71.4477996826, 72.0282974243, 72.608795166, 73.1892929077, 73.7697982788, 74.3502960205, 74.9307937622, 75.5112915039, 76.0917892456, 76.6838989258, 77.276008606, 77.8565063477, 78.4370040894, 79.0175018311, 79.5979995728, 80.1785049438, 80.7590026855, 81.3395004272, 81.9199981689, 82.5121078491, 83.0926055908, 83.6731033325, 84.2419967651, 84.8341064453, 85.4262084961, 86.0067138672, 86.5872116089, 87.1560974121, 87.7482070923, 88.328704834, 88.9092025757, 89.4897003174, 90.0702056885, 90.6507034302, 91.2428131104, 91.8349151611, 92.4154205322, 92.9959182739, 93.5764160156, 94.1569137573, 94.737411499, 95.3179092407, 95.8984146118, 96.4905166626, 97.0826263428, 97.6631240845, 98.2436294556, 98.8241271973, 99.404624939, 99.9851226807, 100.565620422, 101.146118164, 101.726615906, 102.307121277, 102.887619019, 103.46811676, 104.048614502, 104.629112244, 105.221221924, 105.801719666, 106.393829346, 106.974327087, 107.554824829, 108.1353302, 108.715827942, 109.296325684, 109.876823425, 110.468933105, 111.061042786, 111.653152466, 112.245262146, 112.837364197, 113.406257629, 113.986755371, 114.567253113, 115.147750854, 115.728248596, 116.297142029, 116.889251709, 117.469749451, 118.050247192, 118.630744934, 119.211242676, 119.780136108, 120.372245789, 120.95274353, 121.533241272, 122.113739014, 122.694236755, 123.274734497, 123.878456116, 124.458953857, 125.039451599, 125.619949341, 126.200454712, 126.780952454, 127.361450195, 127.941947937, 128.522445679, 129.10295105, 129.695053101, 130.28717041, 130.856048584, 131.436553955, 132.028656006, 132.609161377, 133.189651489, 133.77015686, 134.350662231, 134.931152344, 135.511657715, 136.092147827, 136.672653198, 137.253143311, 137.833648682, 138.414154053, 138.994644165, 139.575149536, 140.155639648, 140.73614502, 141.32824707, 141.92036438, 142.500854492, 143.081359863, 143.661849976, 144.242355347, 144.822860718, 145.40335083, 145.983856201, 146.564346313, 147.156463623, 147.748565674, 148.329071045, 148.909561157, 149.490066528, 150.070556641, 150.651062012, 151.231567383, 151.812057495, 152.392562866, 152.973052979, 153.565170288, 154.157272339, 154.73777771, 155.318267822, 155.898773193, 156.479278564, 157.071380615, 157.640274048, 158.22076416, 158.801269531, 159.381759644, 159.962265015, 160.542770386, 161.123260498, 161.703765869, 162.307479858, 162.887985229, 163.468475342, 164.048980713, 164.629470825, 165.209976196, 165.802078247, 166.37097168, 166.951477051, 167.531967163, 168.135681152, 168.716186523, 169.296691895, 169.877182007, 170.457687378, 171.03817749, 171.618682861, 172.199172974, 172.791290283, 173.371795654, 173.940673828, 174.532791138, 175.124893188, 175.70539856, 176.285888672, 176.866394043, 177.446884155, 178.027389526, 178.607894897, 179.18838501, 179.768890381, 180.349380493, 180.929885864, 181.510375977, 182.090881348, 182.671386719, 183.26348877, 183.85559082, 184.436096191, 185.016601562, 185.597091675, 186.177597046, 186.758087158, 187.338592529, 187.919082642, 188.499588013, 189.091690063, 189.672195435, 190.264297485, 190.844802856, 191.425308228, 192.00579834, 192.586303711, 193.166793823, 193.747299194, 194.316192627, 194.896682739, 195.488800049, 196.069290161, 196.649795532, 197.230285645, 197.822402954, 198.414505005, 198.995010376, 199.575500488, 200.156005859, 200.73651123, 201.317001343, 201.897506714, 202.477996826, 203.070114136, 203.662216187, 204.242721558, 204.82321167, 205.403717041, 205.984207153, 206.564712524, 207.145217896, 207.725708008, 208.306213379, 208.886703491, 209.467208862, 210.059310913, 210.639816284, 211.231918335, 211.812423706, 212.392913818, 212.973419189, 213.553924561, 214.134414673, 214.714920044, 215.295410156, 215.875915527, 216.45640564, 217.048522949, 217.640625, 218.221130371, 218.801635742, 219.382125854, 219.962631226, 220.543121338, 221.123626709, 221.704116821, 222.284622192, 222.865127563, 223.445617676, 224.026123047, 224.606613159, 225.198730469, 225.79083252, 226.371337891, 226.951828003, 227.532333374, 228.112823486, 228.693328857, 229.273834229, 229.854324341, 230.434829712, 231.026931763, 231.619049072, 232.199539185, 232.780044556, 233.360534668, 233.941040039, 234.521530151, 235.102035522, 235.682540894, 236.263031006, 236.843536377, 237.424026489, 238.00453186, 238.596633911, 239.188751221, 239.769241333, 240.349746704, 240.930252075, 241.510742188, 242.091247559, 242.671737671, 243.252243042, 243.832733154, 244.424850464, 245.016952515, 245.597457886, 246.177947998, 246.758453369, 247.33895874, 247.919448853, 248.499954224, 249.080444336, 249.660949707, 250.241439819, 250.82194519, 251.402450562, 251.982940674, 252.563446045, 253.143936157, 253.736053467, 254.328155518, 254.908660889, 255.489151001, 256.069641113, 256.650146484, 257.230651855, 257.811157227, 258.391662598, 258.972137451, 259.56427002, 260.144744873, 260.725250244, 261.317352295, 261.897857666, 262.478363037, 263.058868408, 263.639373779, 264.219848633, 264.800354004, 265.380859375, 265.961364746, 266.553466797, 267.145568848, 267.726074219, 268.30657959, 268.887084961, 269.467559814, 270.048065186, 270.628570557, 271.209075928, 271.789550781, 272.370056152, 272.950561523, 273.542663574, 274.123168945, 274.715270996, 275.295776367, 275.876281738, 276.456787109, 277.037261963],
    "bpm_histogram": [0, 0, 0, 0, 0, 0, 0, 0, 0, 0, 0, 0, 0, 0, 0, 0, 0, 0, 0, 0, 0, 0, 0, 0, 0, 0, 0, 0, 0, 0, 0, 0, 0, 0, 0, 0, 0, 0, 0, 0, 0, 0, 0, 0, 0, 0, 0, 0, 0, 0, 0, 0, 0, 0, 0, 0, 0, 0, 0, 0, 0, 0, 0, 0, 0, 0, 0, 0, 0, 0, 0, 0, 0, 0, 0, 0, 0, 0, 0, 0, 0, 0, 0, 0, 0, 0, 0, 0, 0, 0, 0, 0, 0, 0, 0, 0, 0, 0, 0, 0.0126315793023, 0, 0.187368422747, 0, 0.749473690987, 0, 0.0357894748449, 0, 0, 0.00210526306182, 0, 0.0126315793023, 0, 0, 0, 0, 0, 0, 0, 0, 0, 0, 0, 0, 0, 0, 0, 0, 0, 0, 0, 0, 0, 0, 0, 0, 0, 0, 0, 0, 0, 0, 0, 0, 0, 0, 0, 0, 0, 0, 0, 0, 0, 0, 0, 0, 0, 0, 0, 0, 0, 0, 0, 0, 0, 0, 0, 0, 0, 0, 0, 0, 0, 0, 0, 0, 0, 0, 0, 0, 0, 0, 0, 0, 0, 0, 0, 0, 0, 0, 0, 0, 0, 0, 0, 0, 0, 0, 0, 0, 0, 0, 0, 0, 0, 0, 0, 0, 0, 0, 0, 0, 0, 0, 0, 0, 0, 0, 0, 0, 0, 0, 0, 0, 0, 0, 0, 0, 0, 0, 0, 0, 0, 0, 0, 0, 0, 0, 0, 0, 0, 0, 0, 0, 0, 0, 0, 0, 0, 0, 0]
},
"tonal": {
    "chords_changes_rate": 0.105087012053,
    "chords_number_rate": 0.00251004006714,
    "chords_strength": {
        "mean": 0.496394813061,
        "stdev": 0.0898714512587
    },
    "hpcp_crest": {
        "mean": 13.4910831451,
        "stdev": 6.64494657516
    },
    "hpcp_entropy": {
        "mean": 2.05608105659,
        "stdev": 0.785474479198
    },
    "key_edma": {
        "strength": 0.440234035254,
        "key": "G",
        "scale": "major"
    },
    "key_krumhansl": {
        "strength": 0.438078820705,
        "key": "G",
        "scale": "major"
    },
    "key_temperley": {
        "strength": 0.434232413769,
        "key": "G",
        "scale": "major"
    },
    "tuning_diatonic_strength": 0.466211795807,
    "tuning_equal_tempered_deviation": 0.212750986218,
    "tuning_frequency": 434.193115234,
    "tuning_nontempered_energy_ratio": 0.87626850605,
    "hpcp": {
        "mean": [0.115480147302, 0.0718070268631, 0.0653854683042, 0.0611510314047, 0.0729579627514, 0.11702953279, 0.130341663957, 0.134232074022, 0.162673249841, 0.155037164688, 0.133654817939, 0.121790446341, 0.104329764843, 0.120758213103, 0.232431173325, 0.254604786634, 0.169611185789, 0.139958262444, 0.132837876678, 0.139270976186, 0.145418658853, 0.136375278234, 0.126561537385, 0.154958829284, 0.15266571939, 0.119805209339, 0.127825751901, 0.1288151443, 0.115478783846, 0.107068933547, 0.100504770875, 0.102890253067, 0.106251768768, 0.103953309357, 0.118645906448, 0.143550679088],
        "stdev": [0.197702795267, 0.154226481915, 0.163769066334, 0.145761623979, 0.158219024539, 0.23003180325, 0.250851899385, 0.226633578539, 0.265756577253, 0.268889427185, 0.258992701769, 0.24839001894, 0.221319302917, 0.211767315865, 0.320820748806, 0.338907212019, 0.247461527586, 0.238590091467, 0.248006746173, 0.262952983379, 0.253208041191, 0.246947184205, 0.243584156036, 0.280682146549, 0.272729486227, 0.213262036443, 0.223358824849, 0.228187486529, 0.23024687171, 0.225002110004, 0.211947783828, 0.216067939997, 0.21427154541, 0.207687914371, 0.214289560914, 0.22433181107]
    },
    "chords_histogram": [9.30388259888, 19.2938423157, 2.49330663681, 0.150602415204, 1.67336010933, 27.1753673553, 4.25033473969, 0.786479234695, 1.17135202885, 1.47255694866, 1.28848731518, 2.56024098396, 8.2831325531, 0.853413641453, 0.970548868179, 0.368139237165, 0.803212881088, 0.0167336016893, 0.535475254059, 8.71820640564, 0.117135204375, 1.10441768169, 1.7235609293, 4.88621139526],
    "thpcp": [1, 0.666174352169, 0.549707889557, 0.521741449833, 0.5470084548, 0.571154475212, 0.535635173321, 0.497090160847, 0.60862493515, 0.599618434906, 0.470553636551, 0.502055585384, 0.505941569805, 0.45356091857, 0.420529931784, 0.394748151302, 0.404117524624, 0.417320400476, 0.40829282999, 0.466000288725, 0.563817679882, 0.453566282988, 0.282033294439, 0.256811618805, 0.240180209279, 0.286553770304, 0.459651738405, 0.511937201023, 0.527217388153, 0.638924539089, 0.608932614326, 0.524950146675, 0.478350967169, 0.409771412611, 0.474296718836, 0.912909686565],
    "chords_key": "C#",
    "chords_scale": "minor"
}
}