{
"metadata": {
    "version": {
        "essentia": "2.1-dev",
        "essentia_git_sha": "v2.1_beta3-415-gd5473f3",
        "extractor": "music 2.0"
    },
    "audio_properties": {
        "analysis": {
            "equal_loudness": 0,
            "length": 291.500396729,
            "sample_rate": 44100,
            "start_time": 0,
            "downmix": "mix"
        },
        "bit_rate": 192000,
        "length": 291.500396729,
        "lossless": 0,
        "number_channels": 2,
        "replay_gain": -10.1902713776,
        "sample_rate": 44100,
        "codec": "mp3",
        "md5_encoded": "934a3ae32c6208ae3ad8a696dfdf4b2d"
    },
    "tags": {
        "file_name": "pacto_e_c-perros_guardianes.mp3",
        "album": ["Memorandum"],
        "artist": ["Pacto E.C. (Pacto E.C.)"],
        "date": ["1999"],
        "title": ["Perros guardianes"]
    }
},
"lowlevel": {
    "average_loudness": 0.969214200974,
    "barkbands_crest": {
        "mean": 12.8072977066,
        "stdev": 6.1640253067
    },
    "barkbands_flatness_db": {
        "mean": 0.183855250478,
        "stdev": 0.0832526758313
    },
    "barkbands_kurtosis": {
        "mean": 15.7279596329,
        "stdev": 56.6069412231
    },
    "barkbands_skewness": {
        "mean": 1.71217608452,
        "stdev": 3.21830654144
    },
    "barkbands_spread": {
        "mean": 23.6834373474,
        "stdev": 17.4410209656
    },
    "dissonance": {
        "mean": 0.469650030136,
        "stdev": 0.0321180075407
    },
    "dynamic_complexity": 3.0687057972,
    "erbbands_crest": {
        "mean": 10.6308298111,
        "stdev": 4.47334051132
    },
    "erbbands_flatness_db": {
        "mean": 0.189712613821,
        "stdev": 0.0586125738919
    },
    "erbbands_kurtosis": {
        "mean": 2.09382343292,
        "stdev": 5.1581735611
    },
    "erbbands_skewness": {
        "mean": -0.525167524815,
        "stdev": 1.18535745144
    },
    "erbbands_spread": {
        "mean": 38.2138252258,
        "stdev": 28.0566825867
    },
    "hfc": {
        "mean": 24.3259677887,
        "stdev": 26.142332077
    },
    "loudness_ebu128": {
        "integrated": -12.5858230591,
        "loudness_range": 2.09377765656,
        "momentary": {
            "mean": -12.9727191925,
            "stdev": 2.45386624336
        },
        "short_term": {
            "mean": -12.6596870422,
            "stdev": 0.908989489079
        }
    },
    "melbands_crest": {
        "mean": 15.9389925003,
        "stdev": 7.03681755066
    },
    "melbands_flatness_db": {
        "mean": 0.230894908309,
        "stdev": 0.123134315014
    },
    "melbands_kurtosis": {
        "mean": 41.7117004395,
        "stdev": 103.451339722
    },
    "melbands_skewness": {
        "mean": 3.46731901169,
        "stdev": 4.14170360565
    },
    "melbands_spread": {
        "mean": 35.2730445862,
        "stdev": 35.3546981812
    },
    "pitch_salience": {
        "mean": 0.478231221437,
        "stdev": 0.211414366961
    },
    "silence_rate_20dB": {
        "mean": 1,
        "stdev": 0
    },
    "silence_rate_30dB": {
        "mean": 0.993389070034,
        "stdev": 0.0810353755951
    },
    "silence_rate_60dB": {
        "mean": 0.120748706162,
        "stdev": 0.325825482607
    },
    "spectral_centroid": {
        "mean": 1984.86462402,
        "stdev": 1060.64294434
    },
    "spectral_complexity": {
        "mean": 14.6990041733,
        "stdev": 11.3763875961
    },
    "spectral_decrease": {
        "mean": -7.55998108559e-09,
        "stdev": 7.49310036241e-09
    },
    "spectral_energy": {
        "mean": 0.030739499256,
        "stdev": 0.0288990661502
    },
    "spectral_energyband_high": {
        "mean": 0.00112474604975,
        "stdev": 0.00260149897076
    },
    "spectral_energyband_low": {
        "mean": 0.0188465639949,
        "stdev": 0.0248821023852
    },
    "spectral_energyband_middle_high": {
        "mean": 0.00590586010367,
        "stdev": 0.00651407288387
    },
    "spectral_energyband_middle_low": {
        "mean": 0.0056161894463,
        "stdev": 0.0108664026484
    },
    "spectral_entropy": {
        "mean": 7.49102640152,
        "stdev": 0.577095687389
    },
    "spectral_flux": {
        "mean": 0.110267855227,
        "stdev": 0.0693608000875
    },
    "spectral_kurtosis": {
        "mean": 5.93428611755,
        "stdev": 5.70394325256
    },
    "spectral_rms": {
        "mean": 0.00479707075283,
        "stdev": 0.00264154933393
    },
    "spectral_rolloff": {
        "mean": 2483.85351562,
        "stdev": 2699.24682617
    },
    "spectral_skewness": {
        "mean": 1.55290794373,
        "stdev": 0.713824510574
    },
    "spectral_spread": {
        "mean": 4623450.5,
        "stdev": 2504192
    },
    "spectral_strongpeak": {
        "mean": 0.994652271271,
        "stdev": 1.32351052761
    },
    "zerocrossingrate": {
        "mean": 0.0850388333201,
        "stdev": 0.0718231275678
    },
    "barkbands": {
        "mean": [0.000390075467294, 0.0136217381805, 0.00415465049446, 0.000989214982837, 0.00164098863024, 0.000935259042308, 0.000657546683215, 0.000728574814275, 0.000554909463972, 0.000337651668815, 0.000287045666482, 0.00030264511588, 0.000488809600938, 0.000971480098087, 0.000599958642852, 0.000527953263372, 0.000874146760907, 0.000690755899996, 0.000587342015933, 0.000428537459811, 0.000127043618704, 0.00015812406491, 0.000197065019165, 0.00027832610067, 0.00015176445595, 5.41162371519e-05, 3.49320816895e-06],
        "stdev": [0.000829184893519, 0.0176255777478, 0.0104780588299, 0.00285262730904, 0.00528817949817, 0.00265168235637, 0.00144960044418, 0.00174523703754, 0.00200408115052, 0.00102336367127, 0.000697641866282, 0.00110385997687, 0.00115393928718, 0.00167113903444, 0.00129025208298, 0.00111415155698, 0.00162574730348, 0.00120091426652, 0.00102661247365, 0.000982441240922, 0.000326354522258, 0.000432900269516, 0.000564714486245, 0.00109807692934, 0.000592609867454, 0.000171373409103, 1.21247294373e-05]
    },
    "erbbands": {
        "mean": [0.298585504293, 3.29138970375, 5.94448232651, 4.03835105896, 2.84424567223, 6.66040658951, 8.28600978851, 7.24166154861, 8.07272815704, 14.0680341721, 14.9508399963, 13.2105388641, 10.7947893143, 10.3744096756, 12.6464328766, 13.1066093445, 21.9520378113, 48.0989761353, 33.9258728027, 32.7442054749, 31.6113395691, 51.129070282, 41.5515670776, 28.4237918854, 30.9565296173, 20.9948501587, 6.61613798141, 5.09971237183, 5.19950056076, 6.78836536407, 5.09133434296, 5.53095817566, 4.48570203781, 1.99859714508, 0.922630429268, 0.343702226877, 0.0856759250164, 0.00950018595904, 0.000621309794951, 6.54945833958e-05],
        "stdev": [0.434406608343, 4.44880485535, 12.2073364258, 11.3328132629, 7.48898363113, 22.1163768768, 26.3084774017, 20.9243011475, 19.2608757019, 33.8871116638, 38.397151947, 51.1728210449, 32.573059082, 29.3303012848, 32.6267547607, 42.7253799438, 50.7566108704, 78.7743453979, 70.2394714355, 61.6110839844, 59.837928772, 96.4914245605, 68.3303070068, 46.7470817566, 57.0234832764, 48.6933403015, 15.5531358719, 12.9547424316, 13.6639318466, 19.1323757172, 15.1995992661, 19.9677753448, 19.9402389526, 8.35451221466, 3.56494545937, 1.07730054855, 0.295162975788, 0.0277042705566, 0.00218916730955, 0.000122679193737]
    },
    "gfcc": {
        "mean": [-50.189540863, 59.609462738, -123.121833801, 38.6663665771, -41.1739196777, 15.8692750931, -46.4820556641, 10.7140207291, -19.2082481384, 2.12147402763, -8.43242359161, -0.369702279568, -15.2997760773],
        "cov": [[11558.4658203, 212.811294556, -961.137084961, 103.487442017, -583.652160645, -174.8931427, -463.913726807, 642.874328613, 25.5690040588, -10.1554136276, -34.9735679626, -12.0215682983, -167.499740601], [212.811294556, 2950.31201172, 199.644119263, 187.107620239, 992.086853027, 57.5118331909, 582.710632324, 161.143508911, 333.112792969, -54.1458587646, 305.199310303, -105.218841553, 50.0934677124], [-961.137084961, 199.644119263, 2785.5456543, 889.999023438, 528.781860352, 728.826965332, 399.476287842, 40.6101722717, 125.678993225, 132.56072998, -115.862838745, 194.262420654, 32.1983680725], [103.487442017, 187.107620239, 889.999023438, 1035.77197266, 402.837646484, 238.400970459, 216.142959595, 87.4533843994, 119.150299072, 160.110321045, 88.6676254272, -1.1567902565, 120.285636902], [-583.652160645, 992.086853027, 528.781860352, 402.837646484, 1107.85839844, 398.259490967, 293.032470703, 137.099441528, 255.340362549, 66.0396347046, 133.300964355, 33.6796455383, 83.6369476318], [-174.8931427, 57.5118331909, 728.826965332, 238.400970459, 398.259490967, 651.61505127, 231.290878296, 11.66431427, 78.1722183228, 84.546836853, 22.3013134003, 80.7223739624, 33.21484375], [-463.913726807, 582.710632324, 399.476287842, 216.142959595, 293.032470703, 231.290878296, 523.677368164, 93.7415084839, 77.056060791, 63.8207931519, 98.3186569214, 26.1651325226, 26.9465389252], [642.874328613, 161.143508911, 40.6101722717, 87.4533843994, 137.099441528, 11.66431427, 93.7415084839, 363.209136963, 121.889160156, -2.51837229729, 70.5180282593, -13.2639799118, -44.4134635925], [25.5690040588, 333.112792969, 125.678993225, 119.150299072, 255.340362549, 78.1722183228, 77.056060791, 121.889160156, 248.764099121, 51.5885505676, 47.3301353455, 1.52971339226, 9.58672142029], [-10.1554136276, -54.1458587646, 132.56072998, 160.110321045, 66.0396347046, 84.546836853, 63.8207931519, -2.51837229729, 51.5885505676, 191.749542236, 47.711391449, -11.5013284683, 32.1096420288], [-34.9735679626, 305.199310303, -115.862838745, 88.6676254272, 133.300964355, 22.3013134003, 98.3186569214, 70.5180282593, 47.3301353455, 47.711391449, 205.967941284, -37.5217552185, 25.3234024048], [-12.0215682983, -105.218841553, 194.262420654, -1.1567902565, 33.6796455383, 80.7223739624, 26.1651325226, -13.2639799118, 1.52971339226, -11.5013284683, -37.5217552185, 197.723129272, 12.3416929245], [-167.499740601, 50.0934677124, 32.1983680725, 120.285636902, 83.6369476318, 33.21484375, 26.9465389252, -44.4134635925, 9.58672142029, 32.1096420288, 25.3234024048, 12.3416929245, 131.575836182]],
        "icov": [[0.000151143540279, -0.000194436797756, 0.00013502749789, -0.000189124271856, 0.000257357140072, -0.000276350299828, 0.000331866351189, -0.000440947391326, 0.000191167753655, -0.000216056316276, 0.000284911686322, -0.000198674912099, 9.82503552223e-05], [-0.000194436797756, 0.00113385636359, -0.00031436959398, 0.000481326482259, -0.00101457815617, 0.000993716763332, -0.00124679179862, 0.00100334605668, -0.000945636071265, 0.00107302877586, -0.00117918360047, 0.000754309643526, -9.09745940589e-05], [0.00013502749789, -0.00031436959398, 0.000942708807997, -0.000836317718495, 0.000348690402461, -0.000929284316953, 0.000175306078745, -0.00040768054896, 0.000237632077187, -0.000288524315692, 0.00113296112977, -0.000659423007164, 0.000561765395105], [-0.000189124271856, 0.000481326482259, -0.000836317718495, 0.00219456735067, -0.00079086353071, 0.000830637523904, -0.000624209351372, 0.000275946018519, -0.000319009704981, -0.00036768373684, -0.00103969010524, 0.000851933320519, -0.00147843174636], [0.000257357140072, -0.00101457815617, 0.000348690402461, -0.00079086353071, 0.00267645344138, -0.00169753306545, 0.000921033206396, -0.00108452572022, -0.000450137071311, -0.000343691732269, 0.000569700554479, -0.000712279521395, -0.000402086909162], [-0.000276350299828, 0.000993716763332, -0.000929284316953, 0.000830637523904, -0.00169753306545, 0.00376875675283, -0.00165158463642, 0.00133884628303, -0.000626872293651, 0.000217448628973, -0.0012159034377, 0.000284545618342, -0.000144312580233], [0.000331866351189, -0.00124679179862, 0.000175306078745, -0.000624209351372, 0.000921033206396, -0.00165158463642, 0.00423545297235, -0.00180189998355, 0.00123451254331, -0.00143896928057, 0.00030231103301, -0.00102403748315, 7.98054388724e-05], [-0.000440947391326, 0.00100334605668, -0.00040768054896, 0.000275946018519, -0.00108452572022, 0.00133884628303, -0.00180189998355, 0.00545954937115, -0.00266804755665, 0.00181935180444, -0.00222581811249, 0.000757875619456, 0.0015751743922], [0.000191167753655, -0.000945636071265, 0.000237632077187, -0.000319009704981, -0.000450137071311, -0.000626872293651, 0.00123451254331, -0.00266804755665, 0.00716910464689, -0.00243927189149, 0.00117028388195, -0.000714611203875, 4.25459911639e-05], [-0.000216056316276, 0.00107302877586, -0.000288524315692, -0.00036768373684, -0.000343691732269, 0.000217448628973, -0.00143896928057, 0.00181935180444, -0.00243927189149, 0.00795768108219, -0.00235574715771, 0.00119531597011, -0.000627414905466], [0.000284911686322, -0.00117918360047, 0.00113296112977, -0.00103969010524, 0.000569700554479, -0.0012159034377, 0.00030231103301, -0.00222581811249, 0.00117028388195, -0.00235574715771, 0.00845149438828, -2.9287297366e-05, -0.000517787470017], [-0.000198674912099, 0.000754309643526, -0.000659423007164, 0.000851933320519, -0.000712279521395, 0.000284545618342, -0.00102403748315, 0.000757875619456, -0.000714611203875, 0.00119531597011, -2.9287297366e-05, 0.00643247039989, -0.00114844331983], [9.82503552223e-05, -9.09745940589e-05, 0.000561765395105, -0.00147843174636, -0.000402086909162, -0.000144312580233, 7.98054388724e-05, 0.0015751743922, 4.25459911639e-05, -0.000627414905466, -0.000517787470017, -0.00114844331983, 0.0101387575269]]
    },
    "melbands": {
        "mean": [0.00330476253293, 0.00375768984668, 0.000663807790261, 0.000321453611832, 0.000311277923174, 0.000167836551555, 0.00012336797954, 0.000157818052685, 0.00011865774286, 7.91772690718e-05, 5.26614785485e-05, 4.15503054683e-05, 4.041430293e-05, 3.55348856829e-05, 3.88588050555e-05, 5.30901634193e-05, 9.69154425547e-05, 5.68006907997e-05, 4.34617213614e-05, 3.97184812755e-05, 3.59158839274e-05, 5.13583108841e-05, 5.11265607201e-05, 2.76973369182e-05, 2.20210149564e-05, 2.31382746279e-05, 2.05433916562e-05, 1.2163417523e-05, 4.05644550483e-06, 2.89200738735e-06, 3.05183561977e-06, 2.81312804873e-06, 3.19641412716e-06, 4.17788987761e-06, 2.96036364489e-06, 2.74829540103e-06, 3.67376560462e-06, 3.40597580362e-06, 2.27982832257e-06, 1.49845538999e-06],
        "stdev": [0.00430830661207, 0.0059549966827, 0.00177515274845, 0.000979933305643, 0.00100098282564, 0.000477929977933, 0.000277850398561, 0.000371296337107, 0.000325280067045, 0.000322341395076, 0.000163500066265, 0.000123609162983, 9.94576548692e-05, 0.000136751696118, 0.000114701950224, 0.000120919081382, 0.000165847275639, 0.000128249899717, 9.91422712104e-05, 8.22107758722e-05, 7.22260665498e-05, 0.000104495120468, 8.89662551344e-05, 4.95064923598e-05, 3.91762987419e-05, 4.52372551081e-05, 4.44174438599e-05, 3.1405412301e-05, 1.04339414975e-05, 7.60926877774e-06, 8.31048055261e-06, 7.26078769731e-06, 1.01667310446e-05, 1.21229868455e-05, 8.69789073477e-06, 9.98555697151e-06, 1.40659831231e-05, 1.56544429046e-05, 1.05487351902e-05, 6.50818265058e-06]
    },
    "melbands128": {
        "mean": [0.00037103286013, 0.00189059053082, 0.00457187788561, 0.00595176918432, 0.00389034929685, 0.0017413222231, 0.0008470613393, 0.000376439129468, 0.000232422928093, 0.000270206481218, 0.000397384021198, 0.000379194039851, 0.000275447819149, 0.000258857558947, 0.000164568555192, 0.000120405529742, 0.000139140713145, 0.000112362155051, 0.000106244624476, 0.000181375158718, 0.00017138547264, 0.000131606619107, 0.000116887764307, 0.000100055010989, 9.13992844289e-05, 6.98420335539e-05, 5.1317994803e-05, 5.45511538803e-05, 5.07221157022e-05, 4.20499309257e-05, 3.96722025471e-05, 3.65853120456e-05, 4.01406105084e-05, 4.58576105302e-05, 3.62197970389e-05, 3.32909403369e-05, 3.10287141474e-05, 3.56482923962e-05, 4.7902292863e-05, 4.5328590204e-05, 4.53030297649e-05, 7.72560961195e-05, 0.000101260346128, 0.000114237154776, 6.37682096567e-05, 5.01106733282e-05, 4.19923562731e-05, 3.87418876926e-05, 4.69617516501e-05, 4.9443457101e-05, 3.65655214409e-05, 3.25109540427e-05, 3.64699844795e-05, 3.53736541001e-05, 3.91880057578e-05, 5.48603202333e-05, 5.99589402555e-05, 5.65844056837e-05, 5.04631389049e-05, 3.57346034434e-05, 2.41272318817e-05, 2.36642008531e-05, 2.35264087678e-05, 2.05208089028e-05, 2.15427498915e-05, 2.30158675549e-05, 2.50668199442e-05, 2.18973436859e-05, 1.93089945242e-05, 1.93810537894e-05, 1.39795320138e-05, 7.80764548836e-06, 4.58289150629e-06, 3.30946272697e-06, 3.51946982846e-06, 3.03955698655e-06, 2.54655424214e-06, 2.58974387179e-06, 3.35430786436e-06, 3.23659423884e-06, 2.80636231764e-06, 2.49841582445e-06, 3.05747016682e-06, 3.05679759549e-06, 3.83890801459e-06, 3.32471245201e-06, 5.22187247043e-06, 3.88361513615e-06, 2.65000721811e-06, 2.39594760387e-06, 2.46506010626e-06, 2.89224408334e-06, 3.12751490128e-06, 3.81476274924e-06, 4.03638750868e-06, 3.38882637152e-06, 3.52419579031e-06, 3.01835234495e-06, 2.3371496809e-06, 1.91244703274e-06, 1.57164697612e-06, 1.47443802234e-06, 1.33586058837e-06, 1.17148761092e-06, 8.93380843081e-07, 1.05546416762e-06, 9.14246470529e-07, 5.90755917074e-07, 5.15578847171e-07, 5.84753479416e-07, 4.15441121504e-07, 2.72802338941e-07, 2.70538180303e-07, 2.11043968079e-07, 9.90032802406e-08, 7.57823670483e-08, 5.75162779626e-08, 2.29800409812e-08, 2.39230661947e-08, 1.32433397582e-08, 1.06410897871e-08, 1.01960520027e-08, 6.16372242135e-09, 3.46281581187e-09, 3.21323190278e-09, 2.54440490899e-09, 2.0193842154e-09, 1.60749455413e-10],
        "stdev": [0.000795177242253, 0.00349461100996, 0.00642893556505, 0.00838118325919, 0.00737361749634, 0.0045484569855, 0.00258281338029, 0.00103617180139, 0.000606871966738, 0.000813126156572, 0.00132917589508, 0.00137657357845, 0.000945414009038, 0.000868057657499, 0.000564154528547, 0.000337824370945, 0.000407783169067, 0.00034243639675, 0.000326124660205, 0.000555649749003, 0.000523373950273, 0.000421523902332, 0.000451598578366, 0.000445887621026, 0.000467710691737, 0.000420895463321, 0.000220624337089, 0.00022930240084, 0.000205447227927, 0.000163841294125, 0.000172392421518, 0.000114560985821, 0.00013188822777, 0.000161803982337, 0.000195441200049, 0.000201619695872, 0.000151391373947, 0.00015307214926, 0.000178087124368, 0.000165639183251, 0.000166104146047, 0.000212803803151, 0.000216125627048, 0.000257866835454, 0.000209058387554, 0.000180386428838, 0.00016651005717, 0.000142640579725, 0.000137820010423, 0.000119482603623, 0.000116216855531, 0.000103171667433, 0.000106124985905, 8.83134707692e-05, 0.000101822879515, 0.000144632300362, 0.000161338713951, 0.000132815810503, 0.000116390598123, 8.17264226498e-05, 5.50396762264e-05, 5.46962219232e-05, 5.96820755163e-05, 4.56849811599e-05, 5.11488178745e-05, 5.53947211301e-05, 6.1562321207e-05, 5.29161225131e-05, 5.44234535482e-05, 5.48432763026e-05, 4.16008406319e-05, 2.51886031037e-05, 1.24198968479e-05, 1.06130992208e-05, 1.04584969449e-05, 8.7319767772e-06, 6.67324593451e-06, 7.03571777194e-06, 1.05802355392e-05, 1.0296088476e-05, 7.39920187698e-06, 7.19884928913e-06, 1.09799138954e-05, 1.12894240374e-05, 1.274576789e-05, 1.00725937955e-05, 1.76240646397e-05, 1.02888752735e-05, 8.82665972313e-06, 9.38443736231e-06, 1.00745983218e-05, 1.17590925583e-05, 1.14454796858e-05, 1.54647859745e-05, 1.82585026778e-05, 1.65215806192e-05, 1.83106003533e-05, 1.55769394041e-05, 1.24093057821e-05, 8.53966412251e-06, 6.66654705128e-06, 7.24765914129e-06, 6.59505030853e-06, 5.37116648047e-06, 4.19993693868e-06, 4.02331079385e-06, 3.29086446982e-06, 2.06230538424e-06, 1.52003349285e-06, 2.05874493986e-06, 1.37301003633e-06, 9.34506886097e-07, 1.12967722998e-06, 7.95697815192e-07, 2.8528776852e-07, 2.12034606761e-07, 1.61543525223e-07, 9.48574125914e-08, 1.36406526963e-07, 6.40915587269e-08, 5.24003134217e-08, 6.32742285234e-08, 4.13105034625e-08, 2.10426680525e-08, 2.21845422033e-08, 1.93020195383e-08, 1.77162036152e-08, 2.26488339194e-09]
    },
    "mfcc": {
        "mean": [-692.060668945, 91.3534164429, -13.153128624, 22.4672794342, 24.3699131012, 4.71837520599, -3.09993195534, 6.59558153152, -9.85953712463, 7.00950860977, 3.47939538956, -3.00051617622, 0.364491403103],
        "cov": [[9590.24902344, 151.993560791, -857.496948242, -33.5688781738, -378.4190979, -869.547302246, -419.616088867, 117.301620483, -133.532592773, 87.7867202759, 115.969818115, 58.131652832, -66.5944747925], [151.993560791, 2666.77050781, -203.35256958, 286.017913818, 444.288513184, 180.223297119, 335.465820312, 390.422698975, 149.627883911, 179.8409729, 262.056854248, 104.329483032, 98.3409805298], [-857.496948242, -203.35256958, 2130.24316406, 523.031555176, 269.144958496, 643.745910645, 273.097869873, 176.450836182, 259.742584229, 29.292263031, 13.4844064713, 83.2021484375, 95.1173248291], [-33.5688781738, 286.017913818, 523.031555176, 910.117919922, 324.17767334, 229.321914673, 212.843917847, 90.5564346313, 173.0675354, 157.726470947, 24.254529953, 72.2246932983, 176.975143433], [-378.4190979, 444.288513184, 269.144958496, 324.17767334, 882.460144043, 346.460357666, 169.95249939, 200.060028076, 195.981506348, 164.586212158, 93.548034668, 77.7346496582, 65.2401046753], [-869.547302246, 180.223297119, 643.745910645, 229.321914673, 346.460357666, 781.06451416, 281.079284668, 109.789489746, 208.24256897, 40.8670806885, 69.6702423096, 47.2053985596, 18.8454990387], [-419.616088867, 335.465820312, 273.097869873, 212.843917847, 169.95249939, 281.079284668, 453.910675049, 154.04296875, 102.956268311, 133.284637451, 85.0846710205, 51.9282264709, 102.727615356], [117.301620483, 390.422698975, 176.450836182, 90.5564346313, 200.060028076, 109.789489746, 154.04296875, 397.447418213, 126.695159912, 29.8274803162, 139.136383057, 77.8540496826, 30.5791358948], [-133.532592773, 149.627883911, 259.742584229, 173.0675354, 195.981506348, 208.24256897, 102.956268311, 126.695159912, 245.172531128, 72.6731491089, 66.2582473755, 56.0647201538, 18.3667049408], [87.7867202759, 179.8409729, 29.292263031, 157.726470947, 164.586212158, 40.8670806885, 133.284637451, 29.8274803162, 72.6731491089, 258.839691162, 86.7705383301, 32.2702293396, 77.1673583984], [115.969818115, 262.056854248, 13.4844064713, 24.254529953, 93.548034668, 69.6702423096, 85.0846710205, 139.136383057, 66.2582473755, 86.7705383301, 197.211349487, 74.0676193237, 21.3271446228], [58.131652832, 104.329483032, 83.2021484375, 72.2246932983, 77.7346496582, 47.2053985596, 51.9282264709, 77.8540496826, 56.0647201538, 32.2702293396, 74.0676193237, 144.858139038, 59.6971549988], [-66.5944747925, 98.3409805298, 95.1173248291, 176.975143433, 65.2401046753, 18.8454990387, 102.727615356, 30.5791358948, 18.3667049408, 77.1673583984, 21.3271446228, 59.6971549988, 198.66355896]],
        "icov": [[0.000126191633171, -3.99943837692e-06, 2.14538995351e-05, -6.23161977273e-05, 5.66951603105e-05, 9.44650892052e-05, 0.000115755690786, -0.000107534411654, 2.88507380901e-05, -0.000114986360131, -3.67732027371e-05, -7.67946476117e-05, 8.76592966961e-05], [-3.99943837692e-06, 0.000522850954439, 0.000146594844409, -0.000126461905893, -0.00013243626745, -1.67144771694e-05, -0.000215460095205, -0.000294079014566, 4.70668674097e-05, 4.11540713685e-05, -0.000384660408599, 9.46439758991e-05, -2.34167673625e-05], [2.14538995351e-05, 0.000146594844409, 0.000770606391598, -0.00032090942841, 0.000123942983919, -0.000522676273249, 5.41848294233e-06, -0.000331318908138, -0.000196068620426, 5.30992329004e-05, 0.000241870118771, -0.000145049678395, -7.62569397921e-05], [-6.23161977273e-05, -0.000126461905893, -0.00032090942841, 0.00185329676606, -0.000335216405801, 5.51475932298e-05, -0.000217039254494, 0.000234161489061, -0.000703071942553, -0.000352552102413, 0.000575054262299, 1.63679214893e-05, -0.00113928271458], [5.66951603105e-05, -0.00013243626745, 0.000123942983919, -0.000335216405801, 0.00190917146392, -0.000755756977014, 0.000555699691176, -0.000815138162579, -0.000218855129788, -0.00114594644401, 0.000578182633035, -0.000377232092433, 0.000123333826195], [9.44650892052e-05, -1.67144771694e-05, -0.000522676273249, 5.51475932298e-05, -0.000755756977014, 0.00287051894702, -0.00143026642036, 0.00091077608522, -0.00132055475842, 0.00115091842599, -0.000893902382813, 0.000239587941905, 0.000515340419952], [0.000115755690786, -0.000215460095205, 5.41848294233e-06, -0.000217039254494, 0.000555699691176, -0.00143026642036, 0.00433967588469, -0.00143993564416, 0.000568520219531, -0.00192064291332, 0.000377200136427, 6.84432452545e-05, -0.00110056088306], [-0.000107534411654, -0.000294079014566, -0.000331318908138, 0.000234161489061, -0.000815138162579, 0.00091077608522, -0.00143993564416, 0.00499101309106, -0.0016495778691, 0.00209654541686, -0.00270852283575, -8.83357861312e-05, -0.000127355669974], [2.88507380901e-05, 4.70668674097e-05, -0.000196068620426, -0.000703071942553, -0.000218855129788, -0.00132055475842, 0.000568520219531, -0.0016495778691, 0.0073604430072, -0.00166184292175, 0.00016972112644, -0.00142788491212, 0.00123951770365], [-0.000114986360131, 4.11540713685e-05, 5.30992329004e-05, -0.000352552102413, -0.00114594644401, 0.00115091842599, -0.00192064291332, 0.00209654541686, -0.00166184292175, 0.0072979638353, -0.0034699193202, 0.00139854184818, -0.00156156090088], [-3.67732027371e-05, -0.000384660408599, 0.000241870118771, 0.000575054262299, 0.000578182633035, -0.000893902382813, 0.000377200136427, -0.00270852283575, 0.00016972112644, -0.0034699193202, 0.0100491540506, -0.00368692260236, 0.00102801795583], [-7.67946476117e-05, 9.46439758991e-05, -0.000145049678395, 1.63679214893e-05, -0.000377232092433, 0.000239587941905, 6.84432452545e-05, -8.83357861312e-05, -0.00142788491212, 0.00139854184818, -0.00368692260236, 0.0104953087866, -0.00310756801628], [8.76592966961e-05, -2.34167673625e-05, -7.62569397921e-05, -0.00113928271458, 0.000123333826195, 0.000515340419952, -0.00110056088306, -0.000127355669974, 0.00123951770365, -0.00156156090088, 0.00102801795583, -0.00310756801628, 0.00794074591249]]
    },
    "spectral_contrast_coeffs": {
        "mean": [-0.683917403221, -0.738571465015, -0.771011829376, -0.754892766476, -0.734740912914, -0.792621731758],
        "stdev": [0.0865357816219, 0.105089604855, 0.0795156359673, 0.0733397528529, 0.0879803299904, 0.0498295687139]
    },
    "spectral_contrast_valleys": {
        "mean": [-7.79629993439, -7.90187215805, -8.40655708313, -8.02410984039, -8.03765678406, -10.3690023422],
        "stdev": [1.61670660973, 1.28423547745, 1.18385744095, 1.20232796669, 1.22551012039, 1.32668042183]
    }
},
"rhythm": {
    "beats_count": 448,
    "beats_loudness": {
        "mean": 0.0475229881704,
        "stdev": 0.0292658638209
    },
    "bpm": 92.4890899658,
    "bpm_histogram_first_peak_bpm": 92,
    "bpm_histogram_first_peak_weight": 0.151241481304,
    "bpm_histogram_second_peak_bpm": 86,
    "bpm_histogram_second_peak_spread": 0,
    "bpm_histogram_second_peak_weight": 0.00894854590297,
    "danceability": 1.53788554668,
    "onset_rate": 5.3787984848,
    "beats_loudness_band_ratio": {
        "mean": [0.477529674768, 0.0844305679202, 0.0874585583806, 0.0816038772464, 0.135281801224, 0.149024233222],
        "stdev": [0.418286025524, 0.0875590592623, 0.103354275227, 0.101601578295, 0.141290634871, 0.177254080772]
    },
    "beats_position": [0.592108845711, 1.23065757751, 1.88081634045, 2.53097510338, 3.1811337471, 3.83129239082, 4.48145103455, 5.11999988556, 5.75854873657, 6.40870714188, 7.05886602402, 7.70902490616, 8.35918331146, 9.0093421936, 9.65950107574, 10.3096599579, 10.95981884, 11.6099767685, 12.2601356506, 12.8870744705, 13.5372333527, 14.1873922348, 14.8375511169, 15.4877090454, 16.1378688812, 16.7880268097, 17.4381847382, 18.088344574, 18.7385025024, 19.3770523071, 20.0388202667, 20.6889801025, 21.339138031, 21.9892959595, 22.6278457642, 23.2663936615, 23.9165534973, 24.5667114258, 25.2168693542, 25.8670291901, 26.5171871185, 27.1673469543, 27.8175048828, 28.4676647186, 29.1178226471, 29.8028106689, 30.4994106293, 31.1960086823, 31.8809967041, 32.5659866333, 33.2625846863, 33.9591827393, 34.6209526062, 35.2711105347, 35.9212684631, 36.5714263916, 37.2215881348, 37.8717460632, 38.5219039917, 39.1720619202, 39.8222198486, 40.4723815918, 41.1225395203, 41.7726974487, 42.4228553772, 43.0614051819, 43.6999549866, 44.350112915, 45.0002708435, 45.650428772, 46.3005905151, 46.9507484436, 47.6009063721, 48.2510643005, 48.901222229, 49.5513839722, 50.2015419006, 50.8516998291, 51.4902496338, 52.1287956238, 52.7789573669, 53.4291152954, 54.0792732239, 54.7294311523, 55.3795890808, 56.029750824, 56.6799087524, 57.3300666809, 57.9802246094, 58.6303825378, 59.280544281, 59.919090271, 60.5576400757, 61.2077980042, 61.8579597473, 62.5081176758, 63.1582756042, 63.8084335327, 64.4585952759, 65.1087493896, 65.7589111328, 66.409072876, 67.0592269897, 67.7093887329, 68.3595428467, 68.9980926514, 69.6366424561, 70.2868041992, 70.936958313, 71.5871200562, 72.2372741699, 72.8874359131, 73.5375976562, 74.18775177, 74.8379135132, 75.488067627, 76.1382293701, 76.7883911133, 77.4385452271, 78.0887069702, 78.7272567749, 79.3774108887, 80.0275726318, 80.6661224365, 81.3162765503, 81.9664382935, 82.6166000366, 83.2667541504, 83.9169158936, 84.5670700073, 85.2172317505, 85.8673934937, 86.5175476074, 87.1560974121, 87.7946472168, 88.44480896, 89.0949630737, 89.7451248169, 90.3952789307, 91.0454406738, 91.695602417, 92.3457565308, 92.9959182739, 93.6460723877, 94.2962341309, 94.946395874, 95.5965499878, 96.246711731, 96.8852615356, 97.5354156494, 98.1739654541, 98.8241271973, 99.474281311, 100.124443054, 100.774604797, 101.424758911, 102.074920654, 102.725074768, 103.375236511, 104.025398254, 104.675552368, 105.325714111, 105.964263916, 106.602806091, 107.252967834, 107.903129578, 108.553283691, 109.203445435, 109.853607178, 110.503761292, 111.153923035, 111.804077148, 112.454238892, 113.104400635, 113.754554749, 114.404716492, 115.054870605, 115.69342041, 116.331970215, 116.982131958, 117.632286072, 118.282447815, 118.932601929, 119.582763672, 120.232925415, 120.883079529, 121.533241272, 122.183395386, 122.810340881, 123.460494995, 124.110656738, 124.760810852, 125.410972595, 126.061134338, 126.711288452, 127.361450195, 128.011611938, 128.661773682, 129.311920166, 129.962081909, 130.612243652, 131.262405396, 131.912567139, 132.562713623, 133.212875366, 133.851425171, 134.489974976, 135.140136719, 135.790298462, 136.440444946, 137.090606689, 137.740768433, 138.390930176, 139.041091919, 139.691238403, 140.341400146, 140.99156189, 141.641723633, 142.280273438, 142.918823242, 143.568969727, 144.21913147, 144.869293213, 145.519454956, 146.169616699, 146.819763184, 147.469924927, 148.12008667, 148.770248413, 149.420410156, 150.070556641, 150.720718384, 151.359268188, 152.009429932, 152.647979736, 153.298141479, 153.948303223, 154.598449707, 155.24861145, 155.898773193, 156.548934937, 157.19909668, 157.849243164, 158.499404907, 159.14956665, 159.799728394, 160.438278198, 161.088439941, 161.726974487, 162.37713623, 163.027297974, 163.677459717, 164.32762146, 164.977767944, 165.627929688, 166.278091431, 166.928253174, 167.578414917, 168.228561401, 168.878723145, 169.528884888, 170.167434692, 170.805984497, 171.45614624, 172.106307983, 172.756454468, 173.395004272, 174.056777954, 174.706939697, 175.35710144, 176.007247925, 176.657409668, 177.307571411, 177.957733154, 178.596282959, 179.234832764, 179.884979248, 180.535140991, 181.185302734, 181.835464478, 182.485626221, 183.135772705, 183.785934448, 184.436096191, 185.086257935, 185.736419678, 186.386566162, 187.036727905, 187.686889648, 188.325439453, 188.963989258, 189.614151001, 190.264297485, 190.914459229, 191.564620972, 192.214782715, 192.864944458, 193.515090942, 194.165252686, 194.815414429, 195.465576172, 196.115737915, 196.75428772, 197.392837524, 198.042984009, 198.693145752, 199.343307495, 199.993469238, 200.643630981, 201.293777466, 201.943939209, 202.594100952, 203.244262695, 203.894424438, 204.544570923, 205.194732666, 205.844894409, 206.495056152, 207.133605957, 207.772155762, 208.422302246, 209.072463989, 209.722625732, 210.372787476, 211.022949219, 211.673095703, 212.323257446, 212.973419189, 213.623580933, 214.273742676, 214.91229248, 215.550842285, 216.20098877, 216.851150513, 217.501312256, 218.151473999, 218.801635742, 219.451782227, 220.10194397, 220.752105713, 221.402267456, 222.052429199, 222.702575684, 223.352737427, 223.991287231, 224.629837036, 225.279998779, 225.930160522, 226.580307007, 227.23046875, 227.880630493, 228.530792236, 229.180953979, 229.831100464, 230.481262207, 231.13142395, 231.781585693, 232.431747437, 233.070297241, 233.708831787, 234.35899353, 235.009155273, 235.659317017, 236.30947876, 236.959625244, 237.609786987, 238.25994873, 238.910110474, 239.560272217, 240.21043396, 240.860580444, 241.510742188, 242.149291992, 242.799453735, 243.43800354, 244.088165283, 244.738311768, 245.388473511, 246.038635254, 246.688796997, 247.33895874, 247.989105225, 248.639266968, 249.289428711, 249.939590454, 250.589752197, 251.228302002, 251.866836548, 252.516998291, 253.167160034, 253.817321777, 254.467483521, 255.117630005, 255.767791748, 256.41796875, 257.068115234, 257.718261719, 258.368438721, 259.018585205, 259.668762207, 260.307312012, 260.945831299, 261.584381104, 262.246154785, 262.896331787, 263.546478271, 264.196624756, 264.846801758, 265.496948242, 266.147125244, 266.797271729, 267.447418213, 268.097595215, 268.747741699, 269.386291504, 270.024841309, 270.675018311, 271.325164795, 271.975311279, 272.625488281, 273.275634766, 273.925811768, 274.575958252, 275.226104736, 275.876281738, 276.526428223, 277.176605225, 277.826751709, 278.465301514, 279.115447998, 279.753997803, 280.404174805, 281.054321289, 281.704498291, 282.354644775, 283.00479126, 283.654968262, 284.305114746, 284.955291748, 285.605438232, 286.255584717, 286.905761719, 287.544311523, 288.194458008, 288.833007812, 289.483154297, 290.133331299, 290.783477783],
    "bpm_histogram": [0, 0, 0, 0, 0, 0, 0, 0, 0, 0, 0, 0, 0, 0, 0, 0, 0, 0, 0, 0, 0, 0, 0, 0, 0, 0, 0, 0, 0, 0, 0, 0, 0, 0, 0, 0, 0, 0, 0, 0, 0, 0, 0, 0, 0, 0, 0, 0, 0, 0, 0, 0, 0, 0, 0, 0, 0, 0, 0, 0, 0, 0, 0, 0, 0, 0, 0, 0, 0, 0, 0, 0, 0, 0, 0, 0, 0, 0, 0, 0, 0, 0, 0, 0, 0, 0, 0.00894854590297, 0, 0.00671140942723, 0, 0, 0.00894854590297, 0.832214772701, 0, 0.138702467084, 0, 0.00447427295148, 0, 0, 0, 0, 0, 0, 0, 0, 0, 0, 0, 0, 0, 0, 0, 0, 0, 0, 0, 0, 0, 0, 0, 0, 0, 0, 0, 0, 0, 0, 0, 0, 0, 0, 0, 0, 0, 0, 0, 0, 0, 0, 0, 0, 0, 0, 0, 0, 0, 0, 0, 0, 0, 0, 0, 0, 0, 0, 0, 0, 0, 0, 0, 0, 0, 0, 0, 0, 0, 0, 0, 0, 0, 0, 0, 0, 0, 0, 0, 0, 0, 0, 0, 0, 0, 0, 0, 0, 0, 0, 0, 0, 0, 0, 0, 0, 0, 0, 0, 0, 0, 0, 0, 0, 0, 0, 0, 0, 0, 0, 0, 0, 0, 0, 0, 0, 0, 0, 0, 0, 0, 0, 0, 0, 0, 0, 0, 0, 0, 0, 0, 0, 0, 0, 0, 0, 0, 0, 0, 0, 0, 0, 0, 0, 0, 0, 0, 0, 0, 0, 0, 0, 0]
},
"tonal": {
    "chords_changes_rate": 0.135712012649,
    "chords_number_rate": 0.00223000952974,
    "chords_strength": {
        "mean": 0.440664738417,
        "stdev": 0.0913700386882
    },
    "hpcp_crest": {
        "mean": 12.3792982101,
        "stdev": 5.51081752777
    },
    "hpcp_entropy": {
        "mean": 2.17310714722,
        "stdev": 0.73041498661
    },
    "key_edma": {
        "strength": 0.512415647507,
        "key": "G",
        "scale": "major"
    },
    "key_krumhansl": {
        "strength": 0.512221872807,
        "key": "G",
        "scale": "major"
    },
    "key_temperley": {
        "strength": 0.506104767323,
        "key": "G",
        "scale": "major"
    },
    "tuning_diatonic_strength": 0.377153903246,
    "tuning_equal_tempered_deviation": 0.239962309599,
    "tuning_frequency": 434.193115234,
    "tuning_nontempered_energy_ratio": 0.93273049593,
    "hpcp": {
        "mean": [0.119831167161, 0.0913549661636, 0.08325163275, 0.0763924717903, 0.0768061429262, 0.0898557007313, 0.136061355472, 0.155568614602, 0.123809278011, 0.131876066327, 0.123666256666, 0.0918295681477, 0.0931955203414, 0.0973615646362, 0.0869033038616, 0.0872034281492, 0.186254277825, 0.282322645187, 0.195472434163, 0.0963222533464, 0.112759411335, 0.161641985178, 0.160471245646, 0.143167063594, 0.163745313883, 0.169603288174, 0.16187082231, 0.169366136193, 0.159450858831, 0.129168778658, 0.186862081289, 0.209009543061, 0.151679828763, 0.151411131024, 0.149118974805, 0.137753754854],
        "stdev": [0.212034359574, 0.19694057107, 0.187606751919, 0.166803687811, 0.165912598372, 0.180945456028, 0.228789404035, 0.249291166663, 0.209824874997, 0.232657492161, 0.227597340941, 0.188277631998, 0.183153226972, 0.184752553701, 0.160735830665, 0.173811912537, 0.26228749752, 0.385285884142, 0.268887728453, 0.185225173831, 0.201823547482, 0.272525280714, 0.256541997194, 0.22326233983, 0.256706416607, 0.255028277636, 0.26091787219, 0.270706921816, 0.263987928629, 0.219749704003, 0.270562827587, 0.300314337015, 0.235789999366, 0.243545815349, 0.239921540022, 0.223247393966]
    },
    "chords_histogram": [16.5817146301, 8.79260921478, 1.70436441898, 0.238929599524, 0.398215979338, 3.69544434547, 5.39980888367, 0.477859199047, 1.54507803917, 0, 0, 0, 2.08665180206, 2.78751206398, 1.2424339056, 3.96623134613, 0, 2.13443779945, 0.892003834248, 0.589359641075, 1.06721889973, 0.350430071354, 21.4877357483, 24.5619621277],
    "thpcp": [1, 0.692372500896, 0.341177910566, 0.399399101734, 0.572543442249, 0.568396627903, 0.507104456425, 0.579993546009, 0.60074275732, 0.573354005814, 0.599902749062, 0.564782381058, 0.457521855831, 0.661874234676, 0.740321576595, 0.537257015705, 0.536305308342, 0.528186380863, 0.487930238247, 0.424447596073, 0.323583573103, 0.294881165028, 0.270585715771, 0.272050946951, 0.318273097277, 0.481935679913, 0.551031291485, 0.438538253307, 0.467111200094, 0.438031673431, 0.325264632702, 0.33010289073, 0.344859212637, 0.307815551758, 0.3088786304, 0.659721374512],
    "chords_key": "E",
    "chords_scale": "minor"
}
}