{
"metadata": {
    "version": {
        "essentia": "2.1-dev",
        "essentia_git_sha": "v2.1_beta3-415-gd5473f3",
        "extractor": "music 2.0"
    },
    "audio_properties": {
        "analysis": {
            "equal_loudness": 0,
            "length": 302.628570557,
            "sample_rate": 44100,
            "start_time": 0,
            "downmix": "mix"
        },
        "bit_rate": 192000,
        "length": 302.628570557,
        "lossless": 0,
        "number_channels": 2,
        "replay_gain": -5.30491447449,
        "sample_rate": 44100,
        "codec": "mp3",
        "md5_encoded": "f2749b48b27e12b8b29db2ea02fe76f7"
    },
    "tags": {
        "file_name": "public_enemy-brothers_gonna_work_it_out.mp3"
    }
},
"lowlevel": {
    "average_loudness": 0.963543057442,
    "barkbands_crest": {
        "mean": 12.8322429657,
        "stdev": 6.86485242844
    },
    "barkbands_flatness_db": {
        "mean": 0.134750053287,
        "stdev": 0.0707942321897
    },
    "barkbands_kurtosis": {
        "mean": 9.70461368561,
        "stdev": 24.6908874512
    },
    "barkbands_skewness": {
        "mean": 2.03787970543,
        "stdev": 2.22966074944
    },
    "barkbands_spread": {
        "mean": 23.379360199,
        "stdev": 15.4915962219
    },
    "dissonance": {
        "mean": 0.47522765398,
        "stdev": 0.0209768712521
    },
    "dynamic_complexity": 1.90288329124,
    "erbbands_crest": {
        "mean": 8.1369972229,
        "stdev": 4.25955915451
    },
    "erbbands_flatness_db": {
        "mean": 0.140396133065,
        "stdev": 0.035902980715
    },
    "erbbands_kurtosis": {
        "mean": 0.204233065248,
        "stdev": 1.41618454456
    },
    "erbbands_skewness": {
        "mean": 0.00166535156313,
        "stdev": 0.684843301773
    },
    "erbbands_spread": {
        "mean": 40.0328712463,
        "stdev": 17.6409606934
    },
    "hfc": {
        "mean": 27.5534286499,
        "stdev": 18.1391601562
    },
    "loudness_ebu128": {
        "integrated": -16.5989665985,
        "loudness_range": 1.49526977539,
        "momentary": {
            "mean": -16.8238449097,
            "stdev": 1.42882430553
        },
        "short_term": {
            "mean": -16.6195278168,
            "stdev": 0.509936630726
        }
    },
    "melbands_crest": {
        "mean": 18.8273620605,
        "stdev": 9.89805698395
    },
    "melbands_flatness_db": {
        "mean": 0.199613794684,
        "stdev": 0.100409597158
    },
    "melbands_kurtosis": {
        "mean": 30.6793251038,
        "stdev": 61.0577049255
    },
    "melbands_skewness": {
        "mean": 3.67963194847,
        "stdev": 3.27646160126
    },
    "melbands_spread": {
        "mean": 28.8837337494,
        "stdev": 25.7829608917
    },
    "pitch_salience": {
        "mean": 0.465674936771,
        "stdev": 0.198044225574
    },
    "silence_rate_20dB": {
        "mean": 0.999923288822,
        "stdev": 0.00875812582672
    },
    "silence_rate_30dB": {
        "mean": 0.727502882481,
        "stdev": 0.445236027241
    },
    "silence_rate_60dB": {
        "mean": 0.008668968454,
        "stdev": 0.0927084460855
    },
    "spectral_centroid": {
        "mean": 1869.17224121,
        "stdev": 698.949584961
    },
    "spectral_complexity": {
        "mean": 25.5881080627,
        "stdev": 11.0933580399
    },
    "spectral_decrease": {
        "mean": -1.63000368758e-08,
        "stdev": 1.63706985745e-08
    },
    "spectral_energy": {
        "mean": 0.0640193372965,
        "stdev": 0.0620483905077
    },
    "spectral_energyband_high": {
        "mean": 0.00149111193605,
        "stdev": 0.00167931837495
    },
    "spectral_energyband_low": {
        "mean": 0.0473360531032,
        "stdev": 0.0611825548112
    },
    "spectral_energyband_middle_high": {
        "mean": 0.006511840038,
        "stdev": 0.00494705000892
    },
    "spectral_energyband_middle_low": {
        "mean": 0.010135226883,
        "stdev": 0.0121898623183
    },
    "spectral_entropy": {
        "mean": 7.87410163879,
        "stdev": 0.260788321495
    },
    "spectral_flux": {
        "mean": 0.128194436431,
        "stdev": 0.0651438161731
    },
    "spectral_kurtosis": {
        "mean": 3.31189417839,
        "stdev": 1.41153752804
    },
    "spectral_rms": {
        "mean": 0.00699029397219,
        "stdev": 0.00368697009981
    },
    "spectral_rolloff": {
        "mean": 1702.48474121,
        "stdev": 1783.80761719
    },
    "spectral_skewness": {
        "mean": 1.24922084808,
        "stdev": 0.275834083557
    },
    "spectral_spread": {
        "mean": 4471870,
        "stdev": 1287928.5
    },
    "spectral_strongpeak": {
        "mean": 0.912013232708,
        "stdev": 0.893080353737
    },
    "zerocrossingrate": {
        "mean": 0.0652749091387,
        "stdev": 0.0464490279555
    },
    "barkbands": {
        "mean": [0.00386550975963, 0.0390237383544, 0.00328000285663, 0.00189185561612, 0.00198627542704, 0.00117983133532, 0.00158117513638, 0.00181624817196, 0.00124816573225, 0.00107430503704, 0.000712490465958, 0.000571323500481, 0.000780895526987, 0.000701747951098, 0.000522452173755, 0.000675958697684, 0.00052740436513, 0.00038759430754, 0.000507487915456, 0.000404995051213, 0.000512200174853, 0.000263707072008, 0.000204213007237, 0.000127475883346, 9.76019800873e-05, 6.77051139064e-05, 7.14301359039e-06],
        "stdev": [0.00564680248499, 0.0541022196412, 0.00671339919791, 0.00433891126886, 0.00383547716774, 0.00341549888253, 0.00359047669917, 0.00528152519837, 0.00334615749307, 0.00240471260622, 0.00111964880489, 0.00109311728738, 0.00125718978234, 0.00111802131869, 0.000775734311901, 0.000793808547314, 0.000492420047522, 0.000436508649727, 0.000669301662128, 0.000516704807524, 0.000543676782399, 0.000401214056183, 0.00032654684037, 0.00027080628206, 0.000217272274313, 0.000135438967845, 2.06114473258e-05]
    },
    "erbbands": {
        "mean": [1.97279441357, 5.31562280655, 4.02245092392, 6.05645561218, 5.41947984695, 7.15966701508, 8.77577972412, 9.78992652893, 15.3221988678, 35.9663925171, 36.9901046753, 28.9372768402, 37.6077041626, 28.9218120575, 24.3203029633, 24.5584869385, 35.7767868042, 35.3476715088, 31.9806861877, 32.5063858032, 35.5398979187, 29.3657283783, 21.7453517914, 22.7267341614, 25.6181526184, 19.4912090302, 20.9881191254, 17.4814090729, 9.31838607788, 8.52457427979, 5.38112068176, 3.02798271179, 2.02318811417, 1.19686925411, 0.621849954128, 0.314759731293, 0.120884604752, 0.0214019771665, 0.000983519828878, 0.000111982342787],
        "stdev": [2.87869906425, 7.43466091156, 6.98455142975, 13.0357732773, 11.2064008713, 14.4025650024, 26.8841915131, 28.4004898071, 40.3901062012, 83.5029830933, 108.774246216, 76.8570327759, 78.3086242676, 57.2874755859, 43.3003387451, 41.1336097717, 53.7908439636, 55.6481285095, 42.2092666626, 45.3693771362, 34.1625518799, 26.9531860352, 23.7915706635, 28.6934890747, 34.1301193237, 24.7628936768, 21.7187156677, 22.0749759674, 14.04616642, 13.4333343506, 8.7927312851, 5.50559854507, 4.81948566437, 2.81267929077, 1.38883924484, 0.678902804852, 0.242723539472, 0.0384742170572, 0.00365248508751, 0.000260089203948]
    },
    "gfcc": {
        "mean": [32.6250267029, 71.325592041, -122.937606812, 40.7750587463, -45.9421539307, 20.6010036469, -20.7472686768, 16.1145267487, -16.1518859863, 11.885679245, -16.2487201691, 4.75645065308, -7.87879228592],
        "cov": [[2325.25390625, -368.748626709, 436.275512695, -20.3563556671, -213.526184082, 15.8619203568, -202.5496521, 82.0175628662, -48.2510757446, 32.4437026978, -41.0427055359, 77.8689498901, -156.390365601], [-368.748626709, 1214.91027832, 215.701644897, 175.319244385, 195.081039429, -71.4449310303, 221.045883179, -56.3023872375, 139.375274658, -29.493555069, 92.5035476685, -94.2914657593, 97.0891799927], [436.275512695, 215.701644897, 806.338500977, 195.754943848, 155.290328979, 91.8062744141, 49.1841392517, 123.012649536, 42.7197532654, 23.3357334137, 26.5163707733, 42.8015899658, -3.26255607605], [-20.3563556671, 175.319244385, 195.754943848, 295.373260498, 169.741256714, 57.9262657166, 66.7784118652, -4.25173950195, 40.6943397522, -32.5928077698, 18.0263404846, -4.0658326149, 24.789226532], [-213.526184082, 195.081039429, 155.290328979, 169.741256714, 423.215545654, 159.662261963, 178.748733521, 59.2596893311, 64.4265136719, 50.103477478, 44.80884552, 0.205969914794, 48.1226463318], [15.8619203568, -71.4449310303, 91.8062744141, 57.9262657166, 159.662261963, 221.953521729, 104.247795105, 76.7827758789, 19.543088913, 25.9243106842, 20.426448822, 8.69484424591, 3.05780887604], [-202.5496521, 221.045883179, 49.1841392517, 66.7784118652, 178.748733521, 104.247795105, 256.924194336, 79.7790374756, 85.4777679443, 24.426404953, 57.519569397, 4.92181968689, 37.9403800964], [82.0175628662, -56.3023872375, 123.012649536, -4.25173950195, 59.2596893311, 76.7827758789, 79.7790374756, 172.217315674, 73.931388855, 42.8448448181, 33.9567947388, 39.7128410339, 9.82854175568], [-48.2510757446, 139.375274658, 42.7197532654, 40.6943397522, 64.4265136719, 19.543088913, 85.4777679443, 73.931388855, 152.008514404, 56.741897583, 58.8659553528, 4.83554601669, 40.5244789124], [32.4437026978, -29.493555069, 23.3357334137, -32.5928077698, 50.103477478, 25.9243106842, 24.426404953, 42.8448448181, 56.741897583, 120.055297852, 46.2423248291, 19.5579128265, 16.0894947052], [-41.0427055359, 92.5035476685, 26.5163707733, 18.0263404846, 44.80884552, 20.426448822, 57.519569397, 33.9567947388, 58.8659553528, 46.2423248291, 111.213775635, 35.7581138611, 41.6860427856], [77.8689498901, -94.2914657593, 42.8015899658, -4.0658326149, 0.205969914794, 8.69484424591, 4.92181968689, 39.7128410339, 4.83554601669, 19.5579128265, 35.7581138611, 90.8718948364, 29.2502307892], [-156.390365601, 97.0891799927, -3.26255607605, 24.789226532, 48.1226463318, 3.05780887604, 37.9403800964, 9.82854175568, 40.5244789124, 16.0894947052, 41.6860427856, 29.2502307892, 103.776863098]],
        "icov": [[0.000651960028335, -3.22516370943e-06, -0.000337259436492, -7.87392636994e-05, 0.000364349863958, -0.000274816324236, 0.000406069681048, -4.59428883914e-05, -0.000168803904671, -0.000271295342827, 0.000106153798697, -0.000660157063976, 0.000940163678024], [-3.22516370943e-06, 0.0021151334513, -0.000927546585444, 0.000299848121358, -0.000525912677404, 0.00166622479446, -0.00176629447378, 0.00152977276593, -0.00112688937224, 0.0013266063761, -0.00158605491742, 0.00272939284332, -0.00128665671218], [-0.000337259436492, -0.000927546585444, 0.00240483740345, -0.00150289840531, -0.000118345858937, -0.000480421615066, 0.000950411777012, -0.00222085556015, 0.00113245111424, -0.000904151704162, 0.000601784791797, -0.00117589591537, 0.000513695471454], [-7.87392636994e-05, 0.000299848121358, -0.00150289840531, 0.00670892233029, -0.0025208259467, -0.000405340921134, 0.000114921873319, 0.00294112134725, -0.00325639895163, 0.00416027987376, -0.000730992935132, -0.000229259050684, -0.000203822317417], [0.000364349863958, -0.000525912677404, -0.000118345858937, -0.0025208259467, 0.00569921685383, -0.00252117565833, -0.00168818607926, -0.000291021424346, 0.00127000221983, -0.00318583077751, 0.00106738670729, -4.37849776063e-05, -0.000702652730979], [-0.000274816324236, 0.00166622479446, -0.000480421615066, -0.000405340921134, -0.00252117565833, 0.00912732630968, -0.00301623134874, -0.00196047080681, 0.00177295855246, 0.000223033188377, -0.00156384229194, 0.00300701474771, -0.000648998015095], [0.000406069681048, -0.00176629447378, 0.000950411777012, 0.000114921873319, -0.00168818607926, -0.00301623134874, 0.00926568266004, -0.00285840779543, -0.00163299706765, 0.000980069045909, -0.000763570889831, -0.00183567835484, 0.00133161386475], [-4.59428883914e-05, 0.00152977276593, -0.00222085556015, 0.00294112134725, -0.000291021424346, -0.00196047080681, -0.00285840779543, 0.0135353729129, -0.00702070631087, 0.00148713646922, 0.00034402977326, -0.00315377628431, 0.000944748229813], [-0.000168803904671, -0.00112688937224, 0.00113245111424, -0.00325639895163, 0.00127000221983, 0.00177295855246, -0.00163299706765, -0.00702070631087, 0.0155679984018, -0.00599368428811, -0.00255216425285, 0.00368954590522, -0.00293061230332], [-0.000271295342827, 0.0013266063761, -0.000904151704162, 0.00416027987376, -0.00318583077751, 0.000223033188377, 0.000980069045909, 0.00148713646922, -0.00599368428811, 0.0151381352916, -0.00464259134606, 0.000374796247343, 5.21825604665e-05], [0.000106153798697, -0.00158605491742, 0.000601784791797, -0.000730992935132, 0.00106738670729, -0.00156384229194, -0.000763570889831, 0.00034402977326, -0.00255216425285, -0.00464259134606, 0.0164763946086, -0.006941257976, -0.00131050986238], [-0.000660157063976, 0.00272939284332, -0.00117589591537, -0.000229259050684, -4.37849776063e-05, 0.00300701474771, -0.00183567835484, -0.00315377628431, 0.00368954590522, 0.000374796247343, -0.006941257976, 0.0209195110947, -0.00723599269986], [0.000940163678024, -0.00128665671218, 0.000513695471454, -0.000203822317417, -0.000702652730979, -0.000648998015095, 0.00133161386475, 0.000944748229813, -0.00293061230332, 5.21825604665e-05, -0.00131050986238, -0.00723599269986, 0.015792330727]]
    },
    "melbands": {
        "mean": [0.0135233299807, 0.0035905900877, 0.00101141922642, 0.000447153957793, 0.000311248964863, 0.000218716566451, 0.000264235655777, 0.000408571038861, 0.000282568420516, 0.000177074427484, 0.000187564452062, 0.000117540141218, 8.99445585674e-05, 6.471555389e-05, 6.75827759551e-05, 8.01179558039e-05, 6.35794931441e-05, 5.40795299457e-05, 4.08689447795e-05, 4.44310717285e-05, 4.22080483986e-05, 3.32879099005e-05, 2.03120816877e-05, 1.81126415555e-05, 1.81695959327e-05, 2.00604845304e-05, 1.54919162014e-05, 1.22941828522e-05, 1.22336341519e-05, 1.28133751787e-05, 9.47644366533e-06, 4.89263538839e-06, 5.32910689799e-06, 4.4329794946e-06, 3.1905283322e-06, 2.32837487602e-06, 1.65422579812e-06, 1.42971884998e-06, 1.25906535686e-06, 9.22786853153e-07],
        "stdev": [0.0191325414926, 0.00486202444881, 0.00210747611709, 0.000831103126984, 0.000843706715386, 0.000628081208561, 0.000644815561827, 0.000976816983894, 0.000842545588966, 0.000486917590024, 0.00039944818127, 0.000251718913205, 0.00014901299437, 0.000132224638946, 0.000112808760605, 0.000123469435493, 0.000109294320282, 7.90107515058e-05, 6.39045465505e-05, 6.45837571938e-05, 4.25982798333e-05, 3.15782090183e-05, 2.43719969149e-05, 2.10078942473e-05, 2.44329221459e-05, 2.72663855867e-05, 2.15280560951e-05, 1.63390905072e-05, 1.36478638524e-05, 1.30217586047e-05, 1.41374357554e-05, 7.70749011281e-06, 8.52658831718e-06, 7.49584705773e-06, 5.37466530659e-06, 3.92107767766e-06, 3.35803974849e-06, 3.5698199099e-06, 3.05295202452e-06, 2.21984237214e-06]
    },
    "melbands128": {
        "mean": [0.00379223981872, 0.0189384557307, 0.0160992220044, 0.00633502425626, 0.00210337713361, 0.00163277320098, 0.00134086003527, 0.000775815802626, 0.000487214099849, 0.000458631111542, 0.000441109994426, 0.000313552707667, 0.000306824134896, 0.000282335618977, 0.000232334292377, 0.000174996981514, 0.000162866708706, 0.000250137847615, 0.000429790554335, 0.000409498170484, 0.000425518606789, 0.000367086613551, 0.000268302304903, 0.000196011096705, 0.000177281501237, 0.000173742286279, 0.000159762174007, 0.000226647578529, 0.000181767856702, 9.38586235861e-05, 0.000100986151665, 0.000144468969665, 7.99904737505e-05, 6.4092258981e-05, 6.64920953568e-05, 6.26728578936e-05, 6.75447445246e-05, 5.74522891839e-05, 7.01244862285e-05, 9.65037033893e-05, 7.00262244209e-05, 7.87679091445e-05, 6.19153288426e-05, 5.42893358215e-05, 7.01471435605e-05, 5.26536132384e-05, 3.83889855584e-05, 3.98208612751e-05, 3.96407085645e-05, 4.78912406834e-05, 4.89617341373e-05, 3.6039196857e-05, 4.02539044444e-05, 4.6272030886e-05, 4.26135120506e-05, 3.46674205502e-05, 2.27326418099e-05, 1.94567983272e-05, 2.02653845918e-05, 2.05522355827e-05, 1.70769089891e-05, 1.74545366463e-05, 1.74270189746e-05, 1.75766217581e-05, 2.0436313207e-05, 2.0059704184e-05, 2.12337872654e-05, 1.71056963154e-05, 1.41883265314e-05, 1.28506962938e-05, 1.32601826408e-05, 1.1029333109e-05, 1.08649310278e-05, 1.16608680401e-05, 1.52490456458e-05, 1.43429160744e-05, 1.10164237412e-05, 9.99759049591e-06, 1.10026330731e-05, 7.1801505328e-06, 4.28059456681e-06, 4.50779361927e-06, 4.4065864131e-06, 6.14801774645e-06, 5.21423089594e-06, 4.87331863042e-06, 4.21075856138e-06, 3.31501883011e-06, 3.13898999593e-06, 3.2368589018e-06, 2.43184217652e-06, 2.24177006203e-06, 1.82729036169e-06, 1.67213579516e-06, 1.48485003137e-06, 1.46383308675e-06, 1.4464543483e-06, 1.34797721785e-06, 1.31717479235e-06, 1.21418588606e-06, 9.83565769275e-07, 9.00282941529e-07, 7.84642793406e-07, 7.82504457675e-07, 7.00812904597e-07, 6.36632535134e-07, 6.10948745816e-07, 5.10942811616e-07, 4.56618352018e-07, 5.86741919051e-07, 6.54924065202e-07, 5.03957835463e-07, 3.00258648167e-07, 2.84449271248e-07, 2.5993497843e-07, 2.23488967777e-07, 1.75335713948e-07, 4.33360298757e-08, 2.53406078343e-08, 3.36366170473e-08, 6.31199670309e-09, 2.69513433793e-09, 2.52805243406e-09, 1.16840581654e-08, 7.78230546672e-09, 1.88851947969e-10, 7.1938704993e-12, 7.11214073745e-12],
        "stdev": [0.00557170761749, 0.0282660927624, 0.0231546480209, 0.00918650627136, 0.00382849853486, 0.00343381776474, 0.00302428915165, 0.00184341729619, 0.00115655479021, 0.00096962461248, 0.000947999185883, 0.000974835827947, 0.00113552890252, 0.00111437262967, 0.000813556544017, 0.000665962230414, 0.000707448285539, 0.000862042885274, 0.00107840716373, 0.00122611317784, 0.00157416053116, 0.00141378305852, 0.00112048862502, 0.000913311785553, 0.000667436281219, 0.000675005838275, 0.000590423529502, 0.000585078611039, 0.000490561884362, 0.000411520100897, 0.000298401602777, 0.000229706158279, 0.000206413300475, 0.000208094803384, 0.000238285618252, 0.000169411636307, 0.000162852171343, 0.0001395989093, 0.000182372255949, 0.000190794366063, 0.000150914478581, 0.000206732598599, 0.000141889191582, 0.000143867408042, 0.000143044439028, 0.000101762481791, 8.47238334245e-05, 8.99401420611e-05, 9.08388683456e-05, 9.85321821645e-05, 9.23297557165e-05, 5.36098414159e-05, 5.90382587689e-05, 5.59479667572e-05, 4.778470975e-05, 4.29186184192e-05, 3.29122121911e-05, 3.44826003129e-05, 3.10798604914e-05, 2.98433242278e-05, 2.38309385168e-05, 2.5241080948e-05, 2.56679177255e-05, 2.91907163046e-05, 3.3221389458e-05, 2.97881542792e-05, 3.41714876413e-05, 2.77048511634e-05, 2.17696651816e-05, 2.10269245144e-05, 2.0208177375e-05, 1.56707228598e-05, 1.54789795488e-05, 1.68430306076e-05, 1.98256402655e-05, 1.65560522873e-05, 1.31186379804e-05, 1.50919931912e-05, 1.98763063963e-05, 1.22271721921e-05, 7.42643396734e-06, 8.06351908977e-06, 7.77128116169e-06, 1.08981275844e-05, 9.38199173106e-06, 8.72226428328e-06, 8.37809784571e-06, 5.96548670728e-06, 5.61359411222e-06, 6.47104525342e-06, 4.3744771574e-06, 4.34596267951e-06, 3.67652660316e-06, 3.66192693946e-06, 3.45593002749e-06, 3.89164597436e-06, 3.91308594772e-06, 3.75604872715e-06, 3.39505618285e-06, 2.97370320368e-06, 2.74190620075e-06, 2.33563287111e-06, 1.80452309451e-06, 1.78026687081e-06, 1.67864322975e-06, 1.65723372447e-06, 1.50897153617e-06, 1.34685728881e-06, 1.16568139674e-06, 1.23765687476e-06, 1.32772197503e-06, 1.07912512703e-06, 7.36070489893e-07, 6.16205113602e-07, 4.96557163387e-07, 4.09899172382e-07, 3.107660973e-07, 1.65943788488e-07, 1.65515672279e-07, 2.41469933826e-07, 1.21439825307e-07, 1.01143385223e-07, 1.09526496317e-07, 1.32877090664e-07, 8.77726336057e-08, 5.53697265815e-09, 1.19843085108e-11, 1.18738326463e-11]
    },
    "mfcc": {
        "mean": [-608.270874023, 101.849372864, -12.0395412445, 29.073266983, 1.47489511967, 14.4710922241, 7.19790840149, 8.4617767334, 10.903845787, 7.89187765121, 1.71281707287, 7.41067266464, 3.46322274208],
        "cov": [[1900.06640625, -377.784210205, 276.330169678, -112.653755188, -40.9647369385, -121.84552002, -170.310394287, -4.33555316925, -156.849319458, -3.9702064991, 57.6133155823, -117.551506042, -13.9893522263], [-377.784210205, 964.815124512, 137.139343262, 235.743453979, 46.726348877, 82.1075820923, 94.9491653442, 17.7818317413, 99.8329391479, 56.511680603, 30.8431682587, 103.702896118, 32.4494667053], [276.330169678, 137.139343262, 612.107177734, 133.755767822, 108.71635437, -19.5350131989, 6.79064321518, 68.0129623413, 20.0953845978, -6.57760286331, 26.2755489349, 16.5461444855, 37.3501319885], [-112.653755188, 235.743453979, 133.755767822, 300.473297119, 113.353614807, 83.884803772, 46.6815299988, 47.9816970825, 49.4231529236, 6.10082149506, -0.58342051506, 34.8032836914, 30.2096481323], [-40.9647369385, 46.726348877, 108.71635437, 113.353614807, 255.479476929, 108.198738098, 93.064781189, 50.7952957153, 61.3723487854, 31.8966808319, 26.8141918182, 35.6962432861, 21.3878860474], [-121.84552002, 82.1075820923, -19.5350131989, 83.884803772, 108.198738098, 199.751403809, 116.391876221, 42.1160697937, 52.0939750671, 30.8974552155, 21.1664848328, 33.1008453369, 0.0592784509063], [-170.310394287, 94.9491653442, 6.79064321518, 46.6815299988, 93.064781189, 116.391876221, 195.952636719, 90.3723144531, 72.2657012939, 26.7694377899, 36.5582885742, 59.6811561584, 19.0499706268], [-4.33555316925, 17.7818317413, 68.0129623413, 47.9816970825, 50.7952957153, 42.1160697937, 90.3723144531, 162.510055542, 65.7331466675, 24.8628101349, 33.2751541138, 31.056930542, 40.2870368958], [-156.849319458, 99.8329391479, 20.0953845978, 49.4231529236, 61.3723487854, 52.0939750671, 72.2657012939, 65.7331466675, 136.097076416, 55.7806663513, 33.3053436279, 49.4256858826, 28.4170913696], [-3.9702064991, 56.511680603, -6.57760286331, 6.10082149506, 31.8966808319, 30.8974552155, 26.7694377899, 24.8628101349, 55.7806663513, 98.6215591431, 60.166431427, 32.9250793457, 17.4005241394], [57.6133155823, 30.8431682587, 26.2755489349, -0.58342051506, 26.8141918182, 21.1664848328, 36.5582885742, 33.2751541138, 33.3053436279, 60.166431427, 100.244300842, 48.653793335, 26.8020973206], [-117.551506042, 103.702896118, 16.5461444855, 34.8032836914, 35.6962432861, 33.1008453369, 59.6811561584, 31.056930542, 49.4256858826, 32.9250793457, 48.653793335, 111.198440552, 43.8806838989], [-13.9893522263, 32.4494667053, 37.3501319885, 30.2096481323, 21.3878860474, 0.0592784509063, 19.0499706268, 40.2870368958, 28.4170913696, 17.4005241394, 26.8020973206, 43.8806838989, 85.7526092529]],
        "icov": [[0.000808109471109, 0.000191767991055, -0.000408298015827, 0.000142095392221, -4.24776008003e-05, -8.14024169813e-05, 0.000517962267622, -0.00036145359627, 0.000847567920573, -0.000279832805973, -0.000879435741808, 0.00065633590566, -3.26330809912e-05], [0.000191767991055, 0.00162743125111, -0.000399189564632, -0.00121209246572, 0.000757174857426, 5.12071856065e-05, -0.000655424431898, 0.000780688598752, -0.000316933379509, -0.0008824460092, 0.000205314980121, -0.000776757486165, 0.000223666807869], [-0.000408298015827, -0.000399189564632, 0.00241225049831, -0.000670862908009, -0.00109162612353, 0.000991083099507, 0.000245739793172, -0.000759808928706, -0.00021751296299, 0.00107724452391, -0.000577710161451, 7.5126054071e-06, -0.000125723105157], [0.000142095392221, -0.00121209246572, -0.000670862908009, 0.00589582975954, -0.00172509381082, -0.00200901273638, 0.00183187949006, -0.00126644037664, -0.000198026085855, 0.00109970103949, 0.000903101696167, -0.000165506906342, -0.00103840557858], [-4.24776008003e-05, 0.000757174857426, -0.00109162612353, -0.00172509381082, 0.00676951417699, -0.00209837127477, -0.00183081033174, 0.00100654736161, -0.00107933650725, -0.00111022288911, 0.000170163155417, 1.18536763694e-05, -0.00043967468082], [-8.14024169813e-05, 5.12071856065e-05, 0.000991083099507, -0.00200901273638, -0.00209837127477, 0.00992149021477, -0.00496453698725, 0.000746815931052, 6.9446155976e-05, -0.00164086685982, 0.000192244013306, 0.00024973982363, 0.00163400429301], [0.000517962267622, -0.000655424431898, 0.000245739793172, 0.00183187949006, -0.00183081033174, -0.00496453698725, 0.0127541478723, -0.00522328866646, -0.00107937736902, 0.00270764087327, -0.00178917660378, -0.00290987780318, 0.00151728233323], [-0.00036145359627, 0.000780688598752, -0.000759808928706, -0.00126644037664, 0.00100654736161, 0.000746815931052, -0.00522328866646, 0.0112932622433, -0.0036464612931, 0.000258888991084, -0.00103705993388, 0.00186100939754, -0.00344645488076], [0.000847567920573, -0.000316933379509, -0.00021751296299, -0.000198026085855, -0.00107933650725, 6.9446155976e-05, -0.00107937736902, -0.0036464612931, 0.0146214533597, -0.00697088753805, 0.00189973542001, -0.00189481140114, -0.000410224805819], [-0.000279832805973, -0.0008824460092, 0.00107724452391, 0.00109970103949, -0.00111022288911, -0.00164086685982, 0.00270764087327, 0.000258888991084, -0.00697088753805, 0.0210896078497, -0.0111275119707, 0.00108922610525, -6.22438528808e-05], [-0.000879435741808, 0.000205314980121, -0.000577710161451, 0.000903101696167, 0.000170163155417, 0.000192244013306, -0.00178917660378, -0.00103705993388, 0.00189973542001, -0.0111275119707, 0.020961759612, -0.00648692762479, -0.00104936328717], [0.00065633590566, -0.000776757486165, 7.5126054071e-06, -0.000165506906342, 1.18536763694e-05, 0.00024973982363, -0.00290987780318, 0.00186100939754, -0.00189481140114, 0.00108922610525, -0.00648692762479, 0.0172093063593, -0.00614680303261], [-3.26330809912e-05, 0.000223666807869, -0.000125723105157, -0.00103840557858, -0.00043967468082, 0.00163400429301, 0.00151728233323, -0.00344645488076, -0.000410224805819, -6.22438528808e-05, -0.00104936328717, -0.00614680303261, 0.0170046482235]]
    },
    "spectral_contrast_coeffs": {
        "mean": [-0.736566543579, -0.759548902512, -0.762835204601, -0.791688382626, -0.806478559971, -0.732528984547],
        "stdev": [0.0687490403652, 0.0828934311867, 0.0538449436426, 0.0399575009942, 0.0260871611536, 0.0389205664396]
    },
    "spectral_contrast_valleys": {
        "mean": [-6.65914726257, -6.74834680557, -7.07756137848, -7.05589342117, -6.84757757187, -9.81572723389],
        "stdev": [0.83614385128, 0.684177100658, 0.575582206249, 0.564902424812, 0.550395667553, 0.787992656231]
    }
},
"rhythm": {
    "beats_count": 530,
    "beats_loudness": {
        "mean": 0.0675986036658,
        "stdev": 0.0644498318434
    },
    "bpm": 105.342628479,
    "bpm_histogram_first_peak_bpm": 105,
    "bpm_histogram_first_peak_weight": 0.176470637321,
    "bpm_histogram_second_peak_bpm": 98,
    "bpm_histogram_second_peak_spread": 0,
    "bpm_histogram_second_peak_weight": 0.00378071842715,
    "danceability": 1.53847980499,
    "onset_rate": 4.12028598785,
    "beats_loudness_band_ratio": {
        "mean": [0.420653730631, 0.0819462388754, 0.152748912573, 0.0934575721622, 0.119067445397, 0.151594415307],
        "stdev": [0.311326146126, 0.0831495597959, 0.154617041349, 0.0871203541756, 0.0911722332239, 0.116246975958]
    },
    "beats_position": [0.592108845711, 1.19582760334, 1.8111563921, 2.40326523781, 2.99537420273, 3.5758728981, 4.14476203918, 4.71365070343, 5.28253936768, 5.85142850876, 6.43192720413, 6.98920631409, 7.56970500946, 8.15020370483, 8.71909236908, 9.287981987, 9.86848068237, 10.4373693466, 11.0062580109, 11.5635375977, 12.1324262619, 12.7129249573, 13.2818136215, 13.8623123169, 14.4312019348, 15.0000905991, 15.5689792633, 16.1378688812, 16.7067565918, 17.2756462097, 17.8445339203, 18.4134235382, 18.9823131561, 19.5628108978, 20.1317005157, 20.7005901337, 21.2694778442, 21.8499774933, 22.4188652039, 22.9877548218, 23.5566444397, 24.1255321503, 24.6944217682, 25.2633094788, 25.8321990967, 26.4010887146, 26.9815864563, 27.5388660431, 28.1077537537, 28.6766433716, 29.2455329895, 29.8144207001, 30.383310318, 30.9521980286, 31.5326976776, 32.0899772644, 32.6588668823, 33.2277526855, 33.7966423035, 34.3655319214, 34.9344215393, 35.5033111572, 36.0722007751, 36.6410865784, 37.2215881348, 37.790473938, 38.3709754944, 38.9398651123, 39.4971427917, 40.0660324097, 40.6349182129, 41.2038078308, 41.7726974487, 42.3415870667, 42.9104766846, 43.4793624878, 44.0482521057, 44.6171417236, 45.1976394653, 45.7665290833, 46.3354187012, 46.9043083191, 47.473197937, 48.0420837402, 48.6109733582, 49.1798629761, 49.748752594, 50.3176422119, 50.8865280151, 51.4554176331, 52.024307251, 52.5931968689, 53.1620864868, 53.7425842285, 54.3114738464, 54.8687515259, 55.4376411438, 56.0065307617, 56.5754165649, 57.1326980591, 57.701587677, 58.2820854187, 58.8509750366, 59.4198646545, 59.9887504578, 60.5576400757, 61.1265296936, 61.6954193115, 62.2643089294, 62.8331947327, 63.4136962891, 63.9825820923, 64.5514755249, 65.1319732666, 65.7008590698, 66.2697525024, 66.8386383057, 67.4075241089, 67.9764175415, 68.5453033447, 69.1141967773, 69.6830825806, 70.2519683838, 70.8208618164, 71.3897476196, 71.9586410522, 72.5275268555, 73.0964126587, 73.6653060913, 74.2341918945, 74.7914733887, 75.3603591919, 75.9292526245, 76.5097503662, 77.0786361694, 77.6475296021, 78.2164154053, 78.7853012085, 79.3425827026, 79.9114761353, 80.491973877, 81.0724716187, 81.6413574219, 82.198638916, 82.7675247192, 83.3480224609, 83.9169158936, 84.4858016968, 85.0546951294, 85.6235809326, 86.1924667358, 86.74974823, 87.3186416626, 87.8991394043, 88.4680252075, 89.0369110107, 89.6058044434, 90.1746902466, 90.7435836792, 91.3124694824, 91.8813552856, 92.4502487183, 93.0191345215, 93.5880279541, 94.1569137573, 94.7257995605, 95.2946929932, 95.8751907349, 96.432472229, 97.0013580322, 97.5702438354, 98.1391372681, 98.7080230713, 99.2769165039, 99.8574142456, 100.426300049, 101.006797791, 101.575691223, 102.144577026, 102.701858521, 103.270744324, 103.839637756, 104.40852356, 104.977409363, 105.557914734, 106.126800537, 106.69568634, 107.264579773, 107.833465576, 108.402359009, 108.971244812, 109.540130615, 110.109024048, 110.677909851, 111.246803284, 111.804077148, 112.38457489, 112.953468323, 113.522354126, 114.07963562, 114.660133362, 115.229019165, 115.797912598, 116.366798401, 116.935691833, 117.516189575, 118.085075378, 118.653968811, 119.222854614, 119.791740417, 120.36063385, 120.929519653, 121.498413086, 122.067298889, 122.636184692, 123.205078125, 123.762359619, 124.331245422, 124.900131226, 125.45741272, 126.037910461, 126.618408203, 127.187301636, 127.756187439, 128.336685181, 128.905578613, 129.474472046, 130.04335022, 130.600631714, 131.169525146, 131.73840332, 132.307296753, 132.876190186, 133.445083618, 134.013961792, 134.582855225, 135.163360596, 135.73223877, 136.301132202, 136.858413696, 137.42729187, 138.007797241, 138.576690674, 139.145568848, 139.71446228, 140.283355713, 140.852249146, 141.421127319, 141.990020752, 142.558914185, 143.127792358, 143.696685791, 144.265579224, 144.846069336, 145.414962769, 145.983856201, 146.552734375, 147.121627808, 147.69052124, 148.259414673, 148.828292847, 149.397186279, 149.966079712, 150.534957886, 151.103851318, 151.672744751, 152.241622925, 152.810516357, 153.37940979, 153.948303223, 154.517181396, 155.086074829, 155.654968262, 156.223846436, 156.792739868, 157.361633301, 157.930511475, 158.511016846, 159.079910278, 159.648788452, 160.217681885, 160.786575317, 161.35546875, 161.924346924, 162.493240356, 163.062133789, 163.631011963, 164.199905396, 164.768798828, 165.337677002, 165.906570435, 166.475463867, 167.0443573, 167.613235474, 168.182128906, 168.7394104, 169.319900513, 169.888793945, 170.457687378, 171.026565552, 171.595458984, 172.175964355, 172.744842529, 173.313735962, 173.882629395, 174.451522827, 175.020401001, 175.589294434, 176.158187866, 176.72706604, 177.295959473, 177.864852905, 178.445343018, 179.01423645, 179.583129883, 180.140411377, 180.709289551, 181.278182983, 181.858688354, 182.427566528, 182.996459961, 183.565353394, 184.134231567, 184.703125, 185.272018433, 185.852508545, 186.409790039, 186.978683472, 187.547576904, 188.116455078, 188.685348511, 189.254241943, 189.823120117, 190.39201355, 190.960906982, 191.529785156, 192.098678589, 192.667572021, 193.236465454, 193.805343628, 194.374237061, 194.943130493, 195.512008667, 196.0809021, 196.649795532, 197.218673706, 197.787567139, 198.36807251, 198.948562622, 199.517456055, 200.086349487, 200.655227661, 201.224121094, 201.793014526, 202.361907959, 202.930786133, 203.499679565, 204.068572998, 204.637451172, 205.194732666, 205.763626099, 206.344116211, 206.913009644, 207.481903076, 208.050796509, 208.619674683, 209.188568115, 209.757461548, 210.326339722, 210.895233154, 211.464126587, 212.033004761, 212.601898193, 213.170791626, 213.739685059, 214.308563232, 214.877456665, 215.457962036, 216.02684021, 216.595733643, 217.164627075, 217.733505249, 218.302398682, 218.871292114, 219.440170288, 220.009063721, 220.577957153, 221.135238647, 221.71572876, 222.284622192, 222.853515625, 223.422393799, 223.991287231, 224.560180664, 225.129058838, 225.697952271, 226.266845703, 226.847335815, 227.416229248, 227.985122681, 228.554016113, 229.122894287, 229.69178772, 230.260681152, 230.829559326, 231.398452759, 231.967346191, 232.536224365, 233.105117798, 233.67401123, 234.242904663, 234.811782837, 235.38067627, 235.949569702, 236.518447876, 237.07572937, 237.656234741, 238.236724854, 238.805618286, 239.374511719, 239.943389893, 240.512283325, 241.081176758, 241.65007019, 242.207336426, 242.787841797, 243.368347168, 243.937225342, 244.506118774, 245.075012207, 245.643890381, 246.212783813, 246.781677246, 247.35055542, 247.919448853, 248.488342285, 249.045623779, 249.614501953, 250.183395386, 250.752288818, 251.321166992, 251.890060425, 252.458953857, 253.02784729, 253.596725464, 254.177230835, 254.746124268, 255.315002441, 255.883895874, 256.452789307, 257.02166748, 257.590576172, 258.159454346, 258.72833252, 259.297241211, 259.866119385, 260.434997559, 261.00390625, 261.572784424, 262.141662598, 262.710571289, 263.279449463, 263.848327637, 264.417236328, 264.986114502, 265.566619873, 266.135498047, 266.704406738, 267.273284912, 267.842163086, 268.411071777, 268.979949951, 269.548828125, 270.117736816, 270.68661499, 271.255493164, 271.824401855, 272.393280029, 272.9737854, 273.531066895, 274.099945068, 274.668823242, 275.237731934, 275.806610107, 276.387115479, 276.955993652, 277.524902344, 278.093780518, 278.662658691, 279.231567383, 279.800445557, 280.357727051, 280.938232422, 281.507110596, 282.07598877, 282.644897461, 283.213775635, 283.794281006, 284.36315918, 284.932067871, 285.500946045, 286.069824219, 286.63873291, 287.207611084, 287.776489258, 288.345397949, 288.914276123, 289.483154297, 290.052062988, 290.620941162, 291.189849854, 291.758728027, 292.327606201, 292.896514893, 293.476989746, 294.045898438, 294.603179932, 295.172058105, 295.740936279, 296.309844971, 296.890319824, 297.459228516, 298.028106689, 298.585388184, 299.154266357, 299.723175049, 300.292053223, 300.860961914, 301.429840088, 301.998718262],
    "bpm_histogram": [0, 0, 0, 0, 0, 0, 0, 0, 0, 0, 0, 0, 0, 0, 0, 0, 0, 0, 0, 0, 0, 0, 0, 0, 0, 0, 0, 0, 0, 0, 0, 0, 0, 0, 0, 0, 0, 0, 0, 0, 0, 0, 0, 0, 0, 0, 0, 0, 0, 0, 0, 0, 0, 0, 0, 0, 0, 0, 0, 0, 0, 0, 0, 0, 0, 0, 0, 0, 0, 0, 0, 0, 0, 0, 0, 0, 0, 0, 0, 0, 0, 0, 0, 0, 0, 0, 0, 0, 0, 0, 0, 0, 0, 0, 0, 0, 0, 0, 0.00189035921358, 0.00189035921358, 0, 0.00378071842715, 0, 0.113421551883, 0, 0.820415854454, 0, 0, 0.0586011335254, 0, 0, 0, 0, 0, 0, 0, 0, 0, 0, 0, 0, 0, 0, 0, 0, 0, 0, 0, 0, 0, 0, 0, 0, 0, 0, 0, 0, 0, 0, 0, 0, 0, 0, 0, 0, 0, 0, 0, 0, 0, 0, 0, 0, 0, 0, 0, 0, 0, 0, 0, 0, 0, 0, 0, 0, 0, 0, 0, 0, 0, 0, 0, 0, 0, 0, 0, 0, 0, 0, 0, 0, 0, 0, 0, 0, 0, 0, 0, 0, 0, 0, 0, 0, 0, 0, 0, 0, 0, 0, 0, 0, 0, 0, 0, 0, 0, 0, 0, 0, 0, 0, 0, 0, 0, 0, 0, 0, 0, 0, 0, 0, 0, 0, 0, 0, 0, 0, 0, 0, 0, 0, 0, 0, 0, 0, 0, 0, 0, 0, 0, 0, 0, 0, 0, 0, 0, 0, 0, 0, 0]
},
"tonal": {
    "chords_changes_rate": 0.114912547171,
    "chords_number_rate": 0.00230131950229,
    "chords_strength": {
        "mean": 0.401520341635,
        "stdev": 0.0877730697393
    },
    "hpcp_crest": {
        "mean": 12.2868890762,
        "stdev": 6.18475723267
    },
    "hpcp_entropy": {
        "mean": 2.23342251778,
        "stdev": 0.793284773827
    },
    "key_edma": {
        "strength": 0.494018763304,
        "key": "F#",
        "scale": "major"
    },
    "key_krumhansl": {
        "strength": 0.490152180195,
        "key": "F#",
        "scale": "major"
    },
    "key_temperley": {
        "strength": 0.484085679054,
        "key": "F#",
        "scale": "minor"
    },
    "tuning_diatonic_strength": 0.312846899033,
    "tuning_equal_tempered_deviation": 0.28994050622,
    "tuning_frequency": 434.193115234,
    "tuning_nontempered_energy_ratio": 0.944514751434,
    "hpcp": {
        "mean": [0.126839891076, 0.104207865894, 0.102410018444, 0.0990857556462, 0.174293071032, 0.184975549579, 0.101963736117, 0.102746009827, 0.136298656464, 0.148802369833, 0.158458203077, 0.17005649209, 0.16254581511, 0.149504721165, 0.133866876364, 0.107386112213, 0.0930054634809, 0.0938762500882, 0.0856071338058, 0.0826576128602, 0.0839048102498, 0.0777798220515, 0.0846352055669, 0.119818747044, 0.136741966009, 0.119029387832, 0.1281042099, 0.21656614542, 0.256713688374, 0.193517640233, 0.140074327588, 0.164293512702, 0.218942821026, 0.201635852456, 0.157418772578, 0.145885497332],
        "stdev": [0.224912807345, 0.200697883964, 0.199460819364, 0.192223966122, 0.252895027399, 0.273030787706, 0.179052263498, 0.200488209724, 0.243717983365, 0.24988438189, 0.259906500578, 0.275203764439, 0.268286973238, 0.253686189651, 0.232225686312, 0.197217687964, 0.167273983359, 0.167421594262, 0.16073204577, 0.154942750931, 0.158985480666, 0.158972963691, 0.159571245313, 0.212588503957, 0.219634369016, 0.204616874456, 0.218000248075, 0.325390100479, 0.338625460863, 0.291066408157, 0.246792152524, 0.239159479737, 0.293352663517, 0.280600070953, 0.254633694887, 0.241206496954]
    },
    "chords_histogram": [3.45197916031, 0, 0.690395832062, 1.96379256248, 0.245474070311, 1.4575022459, 1.42681801319, 25.2378025055, 1.212028265, 1.44216012955, 2.71555685997, 0.260816186666, 4.09634876251, 15.1580238342, 22.813747406, 0, 0, 0.0306842587888, 0.0767106488347, 8.54556655884, 6.36698389053, 1.16600179672, 1.31942307949, 0.322184711695],
    "thpcp": [1, 0.753826737404, 0.545644164085, 0.63998734951, 0.852867722511, 0.785450339317, 0.613207578659, 0.568280935287, 0.494090884924, 0.405930310488, 0.398926973343, 0.385977685452, 0.678939521313, 0.720551967621, 0.397188544273, 0.400235801935, 0.530936479568, 0.579643309116, 0.617256522179, 0.662436425686, 0.633179366589, 0.582379221916, 0.521463751793, 0.418310821056, 0.362292587757, 0.365684628487, 0.333473205566, 0.321983665228, 0.326841980219, 0.302982747555, 0.329687148333, 0.466740787029, 0.532663345337, 0.463665902615, 0.499015897512, 0.843609631062],
    "chords_key": "F#",
    "chords_scale": "major"
}
}