{
"metadata": {
    "version": {
        "essentia": "2.1-dev",
        "essentia_git_sha": "v2.1_beta3-415-gd5473f3",
        "extractor": "music 2.0"
    },
    "audio_properties": {
        "analysis": {
            "equal_loudness": 0,
            "length": 279.928161621,
            "sample_rate": 44100,
            "start_time": 0,
            "downmix": "mix"
        },
        "bit_rate": 128000,
        "length": 279.928161621,
        "lossless": 0,
        "number_channels": 2,
        "replay_gain": -8.62817382812,
        "sample_rate": 44100,
        "codec": "mp3",
        "md5_encoded": "5114de3db4cd3ce2787a7ac56c1a1772"
    },
    "tags": {
        "file_name": "puff_daddy-public_enemy_2000.mp3"
    }
},
"lowlevel": {
    "average_loudness": 0.889111042023,
    "barkbands_crest": {
        "mean": 10.7845592499,
        "stdev": 5.53711175919
    },
    "barkbands_flatness_db": {
        "mean": 0.132256045938,
        "stdev": 0.0719542056322
    },
    "barkbands_kurtosis": {
        "mean": 10.0248537064,
        "stdev": 41.9190330505
    },
    "barkbands_skewness": {
        "mean": 1.5136705637,
        "stdev": 2.49570202827
    },
    "barkbands_spread": {
        "mean": 25.4560775757,
        "stdev": 15.593583107
    },
    "dissonance": {
        "mean": 0.471198320389,
        "stdev": 0.0263700466603
    },
    "dynamic_complexity": 4.51906824112,
    "erbbands_crest": {
        "mean": 8.75138282776,
        "stdev": 4.31575489044
    },
    "erbbands_flatness_db": {
        "mean": 0.16760186851,
        "stdev": 0.0488648638129
    },
    "erbbands_kurtosis": {
        "mean": 0.863763272762,
        "stdev": 3.75612354279
    },
    "erbbands_skewness": {
        "mean": 0.123353950679,
        "stdev": 0.94751650095
    },
    "erbbands_spread": {
        "mean": 38.6755218506,
        "stdev": 21.079492569
    },
    "hfc": {
        "mean": 13.7269735336,
        "stdev": 17.8996543884
    },
    "loudness_ebu128": {
        "integrated": -16.723487854,
        "loudness_range": 3.17836761475,
        "momentary": {
            "mean": -18.1864089966,
            "stdev": 5.71318054199
        },
        "short_term": {
            "mean": -17.4080505371,
            "stdev": 3.76030755043
        }
    },
    "melbands_crest": {
        "mean": 14.9018659592,
        "stdev": 7.01336288452
    },
    "melbands_flatness_db": {
        "mean": 0.181532695889,
        "stdev": 0.092038705945
    },
    "melbands_kurtosis": {
        "mean": 24.1216926575,
        "stdev": 69.3987503052
    },
    "melbands_skewness": {
        "mean": 2.68781161308,
        "stdev": 2.91581010818
    },
    "melbands_spread": {
        "mean": 32.1464080811,
        "stdev": 24.9617614746
    },
    "pitch_salience": {
        "mean": 0.592525005341,
        "stdev": 0.175313040614
    },
    "silence_rate_20dB": {
        "mean": 1,
        "stdev": 0
    },
    "silence_rate_30dB": {
        "mean": 0.952143967152,
        "stdev": 0.213465675712
    },
    "silence_rate_60dB": {
        "mean": 0.232147306204,
        "stdev": 0.422179758549
    },
    "spectral_centroid": {
        "mean": 1695.1739502,
        "stdev": 779.199768066
    },
    "spectral_complexity": {
        "mean": 14.1630592346,
        "stdev": 10.669002533
    },
    "spectral_decrease": {
        "mean": -5.38160582764e-09,
        "stdev": 9.35711863548e-09
    },
    "spectral_energy": {
        "mean": 0.0215565171093,
        "stdev": 0.036132119596
    },
    "spectral_energyband_high": {
        "mean": 0.000627436907962,
        "stdev": 0.00104598223697
    },
    "spectral_energyband_low": {
        "mean": 0.00948720704764,
        "stdev": 0.0297543741763
    },
    "spectral_energyband_middle_high": {
        "mean": 0.00363536225632,
        "stdev": 0.0060144723393
    },
    "spectral_energyband_middle_low": {
        "mean": 0.00842694565654,
        "stdev": 0.0155242979527
    },
    "spectral_entropy": {
        "mean": 7.65857601166,
        "stdev": 0.449214279652
    },
    "spectral_flux": {
        "mean": 0.0893608778715,
        "stdev": 0.0791476368904
    },
    "spectral_kurtosis": {
        "mean": 4.48676204681,
        "stdev": 3.34256482124
    },
    "spectral_rms": {
        "mean": 0.00364808854647,
        "stdev": 0.00277887913398
    },
    "spectral_rolloff": {
        "mean": 2059.8125,
        "stdev": 1735.75756836
    },
    "spectral_skewness": {
        "mean": 1.41173017025,
        "stdev": 0.484404653311
    },
    "spectral_spread": {
        "mean": 4317768.5,
        "stdev": 1563709.625
    },
    "spectral_strongpeak": {
        "mean": 0.712895333767,
        "stdev": 0.824115395546
    },
    "zerocrossingrate": {
        "mean": 0.0722875371575,
        "stdev": 0.0445570014417
    },
    "barkbands": {
        "mean": [0.000288936775178, 0.00661208294332, 0.00208182935603, 0.00119564076886, 0.00296218530275, 0.00150316976942, 0.00142882508226, 0.000493883970194, 0.000643196166493, 0.000627224973869, 0.000320376828313, 0.000561052002013, 0.000410516367992, 0.000281951011857, 0.000279338506516, 0.000275025609881, 0.000268673757091, 0.000291755161015, 0.000271021504886, 0.000283346045762, 0.000170092826011, 0.000109129374323, 7.78676840127e-05, 6.18309059064e-05, 4.48047539976e-05, 1.23482650451e-05, 3.7304667444e-07],
        "stdev": [0.000598711427301, 0.0241833776236, 0.00864887610078, 0.00419520866126, 0.00841685011983, 0.00441858451813, 0.00453499704599, 0.00152019935194, 0.00187606108375, 0.00243404740468, 0.00121236592531, 0.00140159821603, 0.00107137602754, 0.000836082908791, 0.000696027942467, 0.000651035050396, 0.000492495193612, 0.000567767419852, 0.000467029050924, 0.000494716630783, 0.000323437940096, 0.000209841498872, 0.00015930821246, 0.000101832440123, 7.43006239645e-05, 1.79825401574e-05, 8.10446124433e-07]
    },
    "erbbands": {
        "mean": [0.209386095405, 1.39385914803, 2.41650152206, 3.50130653381, 8.49772644043, 9.12069797516, 8.9215669632, 13.5626306534, 20.6238994598, 15.3953495026, 12.0190887451, 14.2524795532, 19.3261299133, 16.0508346558, 16.8601760864, 20.7673873901, 19.5604419708, 16.4076786041, 14.0253887177, 15.0582342148, 15.0066270828, 15.4148130417, 16.4044570923, 14.0518159866, 13.7837743759, 12.8519582748, 8.85154151917, 5.96970653534, 4.19524812698, 3.12843394279, 1.97033405304, 1.57108390331, 0.815531075001, 0.628340125084, 0.253742456436, 0.0855207443237, 0.0152209261432, 0.00205363077112, 6.46425251034e-05, 2.78353472822e-05],
        "stdev": [0.739070892334, 5.28087711334, 9.09632110596, 12.910531044, 27.3864803314, 24.3058414459, 30.1474895477, 34.8891487122, 63.68542099, 49.0964050293, 36.4535140991, 44.0947532654, 63.8654251099, 66.443611145, 47.0267868042, 51.9929275513, 46.8753089905, 44.1322021484, 35.8677139282, 38.2507553101, 30.7491130829, 27.7877941132, 31.3716602325, 24.2788734436, 23.2506942749, 21.8556575775, 16.6440315247, 12.0371437073, 8.19879245758, 6.68806695938, 3.86656618118, 2.76515078545, 1.34921121597, 1.06494104862, 0.423631608486, 0.129803732038, 0.022331001237, 0.00336557161063, 0.000116253380838, 4.16573602706e-05]
    },
    "gfcc": {
        "mean": [-50.5893058777, 76.8252029419, -132.46963501, 37.9565162659, -55.5898246765, 12.629155159, -41.6982765198, 5.243496418, -31.9246826172, 4.58683872223, -11.1406106949, 2.7847328186, -9.79071998596],
        "cov": [[9476.59082031, -745.289916992, 95.4790802002, 65.886428833, -1046.6517334, -362.170898438, -343.08215332, 124.420204163, -181.012008667, 39.5015335083, -286.844848633, -35.1750640869, -169.285079956], [-745.289916992, 1311.63574219, -70.9937515259, -237.142807007, 254.428482056, -145.16897583, 273.522857666, 47.5229873657, 199.462112427, -69.8262634277, 136.820617676, -64.5259780884, 79.2902832031], [95.4790802002, -70.9937515259, 1124.25012207, 413.851043701, 92.0992889404, 170.448379517, -30.2811336517, 67.0764694214, -5.72537517548, 11.6979799271, -30.0257759094, -17.1404895782, -28.9984703064], [65.886428833, -237.142807007, 413.851043701, 592.428527832, 181.089492798, 64.7786636353, 3.87454080582, 13.3269882202, 23.8580818176, 37.6618766785, -5.18231964111, 11.156129837, 13.4377031326], [-1046.6517334, 254.428482056, 92.0992889404, 181.089492798, 519.734741211, 180.429779053, 150.285369873, 17.5799674988, 66.3230209351, 4.1802072525, 59.1970558167, -2.3832449913, 43.0081748962], [-362.170898438, -145.16897583, 170.448379517, 64.7786636353, 180.429779053, 369.859130859, 103.795722961, 12.924372673, -30.0975055695, 10.9242658615, -9.07650089264, 0.72405141592, -11.7798643112], [-343.08215332, 273.522857666, -30.2811336517, 3.87454080582, 150.285369873, 103.795722961, 349.498504639, 119.181282043, 117.169967651, 21.5410995483, 62.3412094116, 10.7116060257, 45.8097877502], [124.420204163, 47.5229873657, 67.0764694214, 13.3269882202, 17.5799674988, 12.924372673, 119.181282043, 207.098480225, 107.970626831, 32.2999839783, 34.188709259, -17.398065567, 8.30451869965], [-181.012008667, 199.462112427, -5.72537517548, 23.8580818176, 66.3230209351, -30.0975055695, 117.169967651, 107.970626831, 213.566650391, 51.3802261353, 59.1651344299, 3.32044267654, 34.8275642395], [39.5015335083, -69.8262634277, 11.6979799271, 37.6618766785, 4.1802072525, 10.9242658615, 21.5410995483, 32.2999839783, 51.3802261353, 101.382301331, 49.1965065002, 27.569108963, 10.6249952316], [-286.844848633, 136.820617676, -30.0257759094, -5.18231964111, 59.1970558167, -9.07650089264, 62.3412094116, 34.188709259, 59.1651344299, 49.1965065002, 137.919006348, 33.9145774841, 32.5477523804], [-35.1750640869, -64.5259780884, -17.1404895782, 11.156129837, -2.3832449913, 0.72405141592, 10.7116060257, -17.398065567, 3.32044267654, 27.569108963, 33.9145774841, 94.8395996094, 32.4713592529], [-169.285079956, 79.2902832031, -28.9984703064, 13.4377031326, 43.0081748962, -11.7798643112, 45.8097877502, 8.30451869965, 34.8275642395, 10.6249952316, 32.5477523804, 32.4713592529, 85.0836334229]],
        "icov": [[0.000159470742801, -0.000118065596325, 6.19174024905e-05, -0.000197857414605, 0.000359779922292, -3.64752886526e-05, 8.56586193549e-05, -0.000291109230602, 0.00019737627008, -0.00025319532142, 0.000337088829838, -0.000146678226884, 0.000152902735863], [-0.000118065596325, 0.00268532405607, -0.000935464340728, 0.00188447686378, -0.001700292225, 0.00204707332887, -0.00196085590869, 0.00194079487119, -0.00176267139614, 0.00236903503537, -0.00222220481373, 0.0024190088734, -0.000992075190879], [6.19174024905e-05, -0.000935464340728, 0.00171498931013, -0.00165590818506, 0.000859520921949, -0.00139425310772, 0.00111485796515, -0.00134402897675, 0.000586992246099, -0.000423425924964, 0.000691020977683, -0.000798050197773, 0.000597249425482], [-0.000197857414605, 0.00188447686378, -0.00165590818506, 0.00415326887742, -0.00247974088416, 0.00192495575175, -0.00129587482661, 0.0016712078359, -0.00125146948267, 0.000434545218013, -0.000827714044135, 0.00137525319587, -0.0010657949606], [0.000359779922292, -0.001700292225, 0.000859520921949, -0.00247974088416, 0.00493342615664, -0.00279244361445, 0.000648002605885, -0.000774852640461, 0.000356998614734, -0.000437989016064, 0.000311431678711, -0.000590202573221, -0.000154024717631], [-3.64752886526e-05, 0.00204707332887, -0.00139425310772, 0.00192495575175, -0.00279244361445, 0.00597200961784, -0.00301027274691, 0.00137891096529, 0.000467399979243, 8.44576206873e-05, -0.000380829005735, 0.00133676349651, 0.000398702191887], [8.56586193549e-05, -0.00196085590869, 0.00111485796515, -0.00129587482661, 0.000648002605885, -0.00301027274691, 0.0065676048398, -0.00357685168274, -0.000286000285996, -0.000553293968551, 0.000765408214647, -0.00219893269241, -0.000616297300439], [-0.000291109230602, 0.00194079487119, -0.00134402897675, 0.0016712078359, -0.000774852640461, 0.00137891096529, -0.00357685168274, 0.00980858318508, -0.00437503587455, 0.000902803090867, -0.00244684750214, 0.00385439535603, -0.000415702554164], [0.00019737627008, -0.00176267139614, 0.000586992246099, -0.00125146948267, 0.000356998614734, 0.000467399979243, -0.000286000285996, -0.00437503587455, 0.00994964968413, -0.00481982622296, 0.0011357414769, -0.000743422773667, -0.000723250443116], [-0.00025319532142, 0.00236903503537, -0.000423425924964, 0.000434545218013, -0.000437989016064, 8.44576206873e-05, -0.000553293968551, 0.000902803090867, -0.00481982622296, 0.0172100383788, -0.00662919459864, -0.000937528151553, 0.000235929517657], [0.000337088829838, -0.00222220481373, 0.000691020977683, -0.000827714044135, 0.000311431678711, -0.000380829005735, 0.000765408214647, -0.00244684750214, 0.0011357414769, -0.00662919459864, 0.0134394960478, -0.0044916132465, -0.000339614110999], [-0.000146678226884, 0.0024190088734, -0.000798050197773, 0.00137525319587, -0.000590202573221, 0.00133676349651, -0.00219893269241, 0.00385439535603, -0.000743422773667, -0.000937528151553, -0.0044916132465, 0.0167131647468, -0.00598302017897], [0.000152902735863, -0.000992075190879, 0.000597249425482, -0.0010657949606, -0.000154024717631, 0.000398702191887, -0.000616297300439, -0.000415702554164, -0.000723250443116, 0.000235929517657, -0.000339614110999, -0.00598302017897, 0.016539087519]]
    },
    "melbands": {
        "mean": [0.00186707871035, 0.00150696153287, 0.000747058948036, 0.000695543771144, 0.000316495483276, 0.000306742294924, 0.000307322625304, 0.000148226419697, 9.83581412584e-05, 9.00030645425e-05, 9.76296869339e-05, 6.7169086833e-05, 5.00077876495e-05, 6.17721307208e-05, 4.89301528432e-05, 3.99925083912e-05, 2.89685740427e-05, 2.20161800826e-05, 2.07270622923e-05, 1.93896503333e-05, 1.70880739461e-05, 1.59058781719e-05, 1.52464817802e-05, 1.37206816362e-05, 1.10212185973e-05, 1.03952352219e-05, 9.49869900069e-06, 8.44782425702e-06, 6.21172830506e-06, 4.1481093831e-06, 3.17063268085e-06, 2.48919923251e-06, 1.86949228009e-06, 1.69616123458e-06, 1.09810275717e-06, 1.08427752821e-06, 8.68419874678e-07, 5.4002498473e-07, 5.58881026791e-07, 5.31075329491e-07],
        "stdev": [0.00676853815094, 0.00518338708207, 0.00247534550726, 0.00204568658955, 0.000935468589887, 0.000792608014308, 0.000944861094467, 0.00046554353321, 0.000305386784021, 0.00027801815304, 0.000333793490427, 0.000292565062409, 0.000159799994435, 0.000172531217686, 0.000123122896184, 0.000104025835753, 8.66846748977e-05, 6.32009687251e-05, 5.40470718988e-05, 5.19335480931e-05, 3.57957032975e-05, 3.05172707158e-05, 2.93264856737e-05, 2.70739146799e-05, 1.96946693904e-05, 1.94097628992e-05, 1.71209358086e-05, 1.50807954924e-05, 1.27691318994e-05, 8.27318581287e-06, 6.56997144688e-06, 4.94559981234e-06, 3.79373614123e-06, 3.85616476706e-06, 2.25883127314e-06, 2.00762042368e-06, 1.49294896801e-06, 9.24883750031e-07, 9.59471094575e-07, 9.22236097267e-07]
    },
    "melbands128": {
        "mean": [0.000231832280406, 0.00159420492128, 0.00269835372455, 0.00215743854642, 0.00133432191797, 0.0010108849965, 0.000668507243972, 0.000618842605036, 0.00095021649031, 0.000861368433107, 0.000517061795108, 0.000296458689263, 0.000294119265163, 0.000310613133479, 0.000308577757096, 0.000286140333628, 0.000343818770489, 0.00033555648406, 0.000226600852329, 0.00018195611483, 9.13620824576e-05, 9.07678841031e-05, 0.000105904611701, 0.000101744168205, 8.76848134794e-05, 8.71300071594e-05, 9.0559682576e-05, 0.000103439168015, 0.000102195663203, 7.76615270297e-05, 5.33368547622e-05, 4.62107091153e-05, 4.37888775195e-05, 5.15255342179e-05, 8.23954542284e-05, 5.32275989826e-05, 5.19456771144e-05, 5.46398914594e-05, 4.02265613957e-05, 4.55021036032e-05, 3.79400989914e-05, 3.72738650185e-05, 2.89476429316e-05, 2.63915972027e-05, 2.02680439543e-05, 2.36095820583e-05, 1.98413345061e-05, 2.19133107748e-05, 1.97489498532e-05, 2.08649871638e-05, 2.02225783141e-05, 1.58679540618e-05, 1.88449230336e-05, 1.62619580806e-05, 1.64667035278e-05, 1.5956324205e-05, 1.52440761667e-05, 1.52077845996e-05, 1.46561433212e-05, 1.68910501088e-05, 1.3573083379e-05, 1.18051402751e-05, 1.11838580779e-05, 1.09367574623e-05, 1.0715287317e-05, 1.05903945951e-05, 1.03702914203e-05, 8.84889868757e-06, 1.02193589555e-05, 9.11311963137e-06, 7.07673780198e-06, 9.52686059463e-06, 8.14962822915e-06, 5.4037859627e-06, 4.17443152401e-06, 4.11387372878e-06, 4.5173410399e-06, 3.21178890772e-06, 3.16863861372e-06, 2.72014813163e-06, 2.81634856947e-06, 2.28708768191e-06, 1.95645930035e-06, 1.9395461095e-06, 1.59536193678e-06, 1.9638403046e-06, 1.74410035925e-06, 1.11520773771e-06, 1.05870685729e-06, 1.14371505333e-06, 8.6928980636e-07, 1.12776081096e-06, 1.32998900426e-06, 8.18075307052e-07, 6.82939116814e-07, 5.38862821031e-07, 4.90007153076e-07, 5.34350419912e-07, 6.32578462501e-07, 4.80674543724e-07, 5.90989372995e-07, 5.8717353113e-07, 4.23613983003e-07, 2.89550314392e-07, 3.06773046077e-07, 2.1261152483e-07, 1.98228036652e-07, 1.79212079843e-07, 1.61575144375e-07, 1.08297690815e-07, 7.15839689747e-08, 4.81491433391e-08, 3.78971520831e-08, 3.42779920004e-08, 2.76358864681e-08, 2.05594972158e-08, 1.45326559675e-08, 1.97217242537e-09, 3.12241260625e-10, 2.10475942231e-10, 3.49254722365e-11, 8.77271606053e-12, 7.40100428859e-12, 1.19016289879e-11, 1.42505686071e-11, 2.92603853473e-12, 2.90220581942e-12, 2.88155111751e-12],
        "stdev": [0.000562385830563, 0.00537183741108, 0.0106871547177, 0.00829158257693, 0.00507364980876, 0.00429637450725, 0.0027586305514, 0.00213421159424, 0.00330680049956, 0.00271365139633, 0.00142662681174, 0.000823372160085, 0.00115073751658, 0.00135716889054, 0.000926405657083, 0.000793957558926, 0.00113747164141, 0.0013602754334, 0.00102700665593, 0.000685783918016, 0.000328723632265, 0.000399634678615, 0.000410618027672, 0.000420366995968, 0.000402465258958, 0.000354847026756, 0.000357617682312, 0.000458907248685, 0.000516916450579, 0.000467939476948, 0.000334710726747, 0.000266450602794, 0.000210158352274, 0.000224492017878, 0.00027559249429, 0.000226077114348, 0.000172801752342, 0.000166986035765, 0.000165579636814, 0.000142427888932, 0.00015582346532, 0.000113940943265, 0.000135577371111, 0.000104665283288, 8.52229204611e-05, 9.35765710892e-05, 6.95385824656e-05, 6.96482311469e-05, 7.86867167335e-05, 6.99185111444e-05, 7.32611588319e-05, 4.95300409966e-05, 5.10053323524e-05, 4.24373392889e-05, 4.51247251476e-05, 3.81650133932e-05, 3.37114361173e-05, 3.63233484677e-05, 3.639161514e-05, 3.97640833398e-05, 3.22107916872e-05, 2.83309218503e-05, 2.55668401223e-05, 2.19446192204e-05, 2.54847600445e-05, 2.49228578468e-05, 2.153288915e-05, 1.89097299881e-05, 2.34544586419e-05, 2.15311156353e-05, 1.56158766913e-05, 1.85151184269e-05, 2.3811160645e-05, 1.2352500562e-05, 8.67456765263e-06, 9.69369102677e-06, 1.06312045318e-05, 7.4497861533e-06, 7.45423358239e-06, 4.9385866987e-06, 6.74525927025e-06, 4.93778543387e-06, 4.33025252278e-06, 4.0860527406e-06, 3.83822862204e-06, 4.59528973806e-06, 4.47342790721e-06, 2.4393214062e-06, 2.31891385738e-06, 2.54960718848e-06, 1.75684704118e-06, 2.21456139116e-06, 2.75243451142e-06, 1.40629902035e-06, 1.23442555378e-06, 9.79212131824e-07, 9.57865040618e-07, 1.00132012903e-06, 1.10063933789e-06, 9.02140584458e-07, 1.1344405948e-06, 1.05256503957e-06, 8.09479786312e-07, 7.81302503583e-07, 5.19102513863e-07, 3.55687319598e-07, 3.11378812512e-07, 2.73195553291e-07, 2.88230836532e-07, 1.77227306608e-07, 1.14226232029e-07, 8.0079011866e-08, 6.07206303016e-08, 5.65747022563e-08, 4.79744173276e-08, 3.79347220303e-08, 2.8146173392e-08, 9.39118649512e-09, 6.35176977681e-09, 4.78348161081e-09, 1.40503075841e-09, 3.55146495545e-10, 2.82009082753e-10, 6.97558566465e-10, 8.68456584424e-10, 7.00534465506e-12, 6.94362622955e-12, 6.90422805733e-12]
    },
    "mfcc": {
        "mean": [-685.060974121, 103.374420166, -14.7294540405, 24.5341701508, 5.26306247711, 6.37490606308, 4.52837228775, -1.30650150776, -7.14931488037, -5.69489479065, -3.22852492332, 2.40767645836, 1.77519118786],
        "cov": [[7700.03759766, -557.335327148, 170.034820557, 119.910560608, -615.31072998, -445.070587158, -405.867462158, -208.573654175, -171.260284424, -16.8444271088, -85.1720275879, -187.755508423, -161.762374878], [-557.335327148, 1436.79211426, -276.579864502, -77.9358062744, -49.1880493164, -102.358703613, 52.9597396851, 100.003311157, 54.8160209656, 70.5460739136, 76.18384552, 4.41051340103, 35.3036575317], [170.034820557, -276.579864502, 979.52520752, 196.264266968, 148.410217285, 59.2405853271, 31.2530422211, 20.4193286896, 33.1782073975, 18.0343666077, 2.84926390648, 33.5869598389, -24.2258281708], [119.910560608, -77.9358062744, 196.264266968, 502.60736084, 144.819061279, 34.3288078308, 10.8643102646, 21.6793937683, 51.2322616577, 32.663734436, 16.4051551819, 35.8531799316, 20.2536735535], [-615.31072998, -49.1880493164, 148.410217285, 144.819061279, 395.155975342, 157.798171997, 85.7259063721, 23.7051486969, 25.93699646, 13.4490451813, 0.0550833679736, 29.764339447, 19.6195602417], [-445.070587158, -102.358703613, 59.2405853271, 34.3288078308, 157.798171997, 326.326049805, 141.888122559, 50.4690666199, 44.4405174255, -20.0856494904, -6.15405702591, 29.5446147919, 6.88266944885], [-405.867462158, 52.9597396851, 31.2530422211, 10.8643102646, 85.7259063721, 141.888122559, 239.644012451, 97.4761047363, 48.3707427979, 36.0793418884, 28.3569145203, 29.144536972, 22.818819046], [-208.573654175, 100.003311157, 20.4193286896, 21.6793937683, 23.7051486969, 50.4690666199, 97.4761047363, 162.633300781, 90.1678390503, 65.1478729248, 49.0042991638, 20.635269165, 22.2674465179], [-171.260284424, 54.8160209656, 33.1782073975, 51.2322616577, 25.93699646, 44.4405174255, 48.3707427979, 90.1678390503, 150.133178711, 82.1041717529, 46.5158691406, 21.2439632416, 5.66469907761], [-16.8444271088, 70.5460739136, 18.0343666077, 32.663734436, 13.4490451813, -20.0856494904, 36.0793418884, 65.1478729248, 82.1041717529, 150.117767334, 71.1443939209, 18.597826004, 26.9534778595], [-85.1720275879, 76.18384552, 2.84926390648, 16.4051551819, 0.0550833679736, -6.15405702591, 28.3569145203, 49.0042991638, 46.5158691406, 71.1443939209, 103.183898926, 41.0665893555, 33.6718254089], [-187.755508423, 4.41051340103, 33.5869598389, 35.8531799316, 29.764339447, 29.5446147919, 29.144536972, 20.635269165, 21.2439632416, 18.597826004, 41.0665893555, 100.551498413, 53.1896400452], [-161.762374878, 35.3036575317, -24.2258281708, 20.2536735535, 19.6195602417, 6.88266944885, 22.818819046, 22.2674465179, 5.66469907761, 26.9534778595, 33.6718254089, 53.1896400452, 91.4023513794]],
        "icov": [[0.000180461720447, 5.78078870603e-05, -4.29009160143e-05, -0.000131366861751, 0.00028344677412, 3.12993943226e-05, 0.000133600318804, 2.78596053249e-06, 0.000211483420571, -0.000201022834517, 1.75264522113e-05, 0.000162471071235, 0.000162726923008], [5.78078870603e-05, 0.000845693051815, 0.000206266384339, 3.75961244572e-05, -1.83708034456e-05, 0.000440054136561, -0.000181413895916, -0.000382445636205, -7.45207216823e-05, 6.06769972364e-05, -0.000398755830247, 0.0001860823686, -4.33918903582e-05], [-4.29009160143e-05, 0.000206266384339, 0.00125338742509, -0.000309339084197, -0.000398420379497, 0.000112670495582, -8.76978156157e-05, -0.000223041730351, 9.48725119088e-06, -9.66395673458e-05, 2.78219467873e-05, -0.000660372374114, 0.000800375069957], [-0.000131366861751, 3.75961244572e-05, -0.000309339084197, 0.00256547378376, -0.00103800732177, 0.000233685277635, 0.000168767481227, 6.5962318331e-05, -0.000970497436356, 0.000132693487103, 9.84163343674e-05, -0.000486703967908, -0.000482482137159], [0.00028344677412, -1.83708034456e-05, -0.000398420379497, -0.00103800732177, 0.004135010764, -0.00158389285207, -0.000182879215572, 0.000423714518547, 0.000708667212166, -0.00105522864033, 0.00059530721046, 0.000172811705852, -0.000245352915954], [3.12993943226e-05, 0.000440054136561, 0.000112670495582, 0.000233685277635, -0.00158389285207, 0.0056409407407, -0.00276332581416, 2.78948155028e-05, -0.00199950486422, 0.00229303305969, 0.000273396610282, -0.000704159901943, 0.00021858252876], [0.000133600318804, -0.000181413895916, -8.76978156157e-05, 0.000168767481227, -0.000182879215572, -0.00276332581416, 0.00757687725127, -0.00370335252956, 0.00159295287449, -0.00138408341445, 0.000155186062329, -0.000517830543686, 5.74310943193e-05], [2.78596053249e-06, -0.000382445636205, -0.000223041730351, 6.5962318331e-05, 0.000423714518547, 2.78948155028e-05, -0.00370335252956, 0.012374818325, -0.0055760871619, -0.000232046149904, -0.00187483697664, 0.00142837793101, -0.00183087133337], [0.000211483420571, -7.45207216823e-05, 9.48725119088e-06, -0.000970497436356, 0.000708667212166, -0.00199950486422, 0.00159295287449, -0.0055760871619, 0.0140582798049, -0.00609119841829, -8.54208774399e-05, -0.00194878096227, 0.00367031362839], [-0.000201022834517, 6.06769972364e-05, -9.66395673458e-05, 0.000132693487103, -0.00105522864033, 0.00229303305969, -0.00138408341445, -0.000232046149904, -0.00609119841829, 0.0141205042601, -0.00670840451494, 0.00259122182615, -0.00280136591755], [1.75264522113e-05, -0.000398755830247, 2.78219467873e-05, 9.84163343674e-05, 0.00059530721046, 0.000273396610282, 0.000155186062329, -0.00187483697664, -8.54208774399e-05, -0.00670840451494, 0.0180248990655, -0.00546585954726, -0.00103571428917], [0.000162471071235, 0.0001860823686, -0.000660372374114, -0.000486703967908, 0.000172811705852, -0.000704159901943, -0.000517830543686, 0.00142837793101, -0.00194878096227, 0.00259122182615, -0.00546585954726, 0.0175041481853, -0.00887022353709], [0.000162726923008, -4.33918903582e-05, 0.000800375069957, -0.000482482137159, -0.000245352915954, 0.00021858252876, 5.74310943193e-05, -0.00183087133337, 0.00367031362839, -0.00280136591755, -0.00103571428917, -0.00887022353709, 0.018174348399]]
    },
    "spectral_contrast_coeffs": {
        "mean": [-0.694998621941, -0.755661189556, -0.764553666115, -0.801036119461, -0.793681681156, -0.769129753113],
        "stdev": [0.0886147618294, 0.098303437233, 0.0686644166708, 0.0521390363574, 0.0496243909001, 0.0460500791669]
    },
    "spectral_contrast_valleys": {
        "mean": [-7.59986114502, -7.49612474442, -7.87191057205, -7.86522436142, -7.70998096466, -10.5477266312],
        "stdev": [1.08554959297, 1.15373003483, 1.03309750557, 0.962939679623, 1.05060946941, 1.23140573502]
    }
},
"rhythm": {
    "beats_count": 475,
    "beats_loudness": {
        "mean": 0.0520478971303,
        "stdev": 0.0473137572408
    },
    "bpm": 100.878700256,
    "bpm_histogram_first_peak_bpm": 101,
    "bpm_histogram_first_peak_weight": 0.357819855213,
    "bpm_histogram_second_peak_bpm": 129,
    "bpm_histogram_second_peak_spread": 0.533333301544,
    "bpm_histogram_second_peak_weight": 0.0147679327056,
    "danceability": 1.62258458138,
    "onset_rate": 5.04036998749,
    "beats_loudness_band_ratio": {
        "mean": [0.363090157509, 0.291347265244, 0.165228575468, 0.108907617629, 0.102601855993, 0.0862297862768],
        "stdev": [0.33262643218, 0.219740450382, 0.155992224813, 0.156524270773, 0.091161429882, 0.0923090726137]
    },
    "beats_position": [0.615328788757, 1.23065757751, 1.84598636627, 2.47292518616, 3.12308382988, 3.76163268089, 4.38857126236, 5.00390005112, 5.61922883987, 6.28099775314, 6.94276618958, 7.59292507172, 8.25469398499, 8.90485286713, 9.4853515625, 10.0658502579, 10.6347389221, 11.2036275864, 11.749297142, 12.2136955261, 12.6780948639, 13.1308841705, 13.5372333527, 13.9319725037, 14.3383216858, 14.7446708679, 15.2206802368, 15.6850786209, 16.1494789124, 16.6138763428, 17.0666656494, 17.5194549561, 17.9838542938, 18.4366436005, 18.8894329071, 19.3422222137, 19.7950115204, 20.2594108582, 20.8050785065, 21.339138031, 21.8615875244, 22.3840351105, 22.8948745728, 23.405714035, 23.8933334351, 24.3809528351, 24.8685703278, 25.3677997589, 25.8786392212, 26.3662586212, 26.9235363007, 27.4808158875, 28.0380954742, 28.6185932159, 29.1874828339, 29.7447605133, 30.3020401001, 30.8593196869, 31.4862575531, 32.1248054504, 32.7169151306, 33.3090248108, 33.9243545532, 34.5280723572, 35.1317901611, 35.7122879028, 36.3160095215, 36.908115387, 37.5002250671, 38.1039466858, 38.6960525513, 39.2881622314, 39.8802719116, 40.4723815918, 41.0760993958, 41.6682090759, 42.2603149414, 42.8640365601, 43.4561424255, 44.0482521057, 44.6403617859, 45.2324714661, 45.83618927, 46.4282989502, 47.0204086304, 47.6125144958, 48.204624176, 48.80834198, 49.4004516602, 49.9925613403, 50.5846710205, 51.1767807007, 51.7688865662, 52.3609962463, 52.9647140503, 53.5684356689, 54.1605415344, 54.7526512146, 55.3447608948, 55.936870575, 56.5289802551, 57.1210861206, 57.7248077393, 58.3285255432, 58.9206352234, 59.5127410889, 60.104850769, 60.6969604492, 61.3006782532, 61.8811798096, 62.473285675, 63.0653953552, 63.6691131592, 64.2728347778, 64.864944458, 65.4570541382, 66.0607681274, 66.6412658691, 67.2449874878, 67.837097168, 68.4292068481, 69.0329208374, 69.6250305176, 70.2171401978, 70.8092498779, 71.4013595581, 72.0050811768, 72.5855789185, 73.1892929077, 73.7814025879, 74.3735122681, 74.9772338867, 75.5693435669, 76.1614532471, 76.7535552979, 77.345664978, 77.9377746582, 78.5298843384, 79.133605957, 79.7373199463, 80.3294296265, 80.9215393066, 81.5252609253, 82.105758667, 82.6978683472, 83.2899780273, 83.8936920166, 84.4974136353, 85.0895233154, 85.6816329956, 86.2737426758, 86.865852356, 87.4579544067, 88.0500640869, 88.6537857056, 89.2458953857, 89.8380050659, 90.4417190552, 91.0338287354, 91.6259384155, 92.2180480957, 92.8101577759, 93.4022674561, 93.9943771362, 94.5980911255, 95.1902008057, 95.7823104858, 96.3860321045, 96.9897460938, 97.5702438354, 98.1623535156, 98.7544631958, 99.3581848145, 99.9619064331, 100.554008484, 101.146118164, 101.738227844, 102.330337524, 102.922447205, 103.514556885, 104.118278503, 104.698776245, 105.302490234, 105.906211853, 106.498321533, 107.090431213, 107.682540894, 108.274642944, 108.878364563, 109.470474243, 110.074195862, 110.666305542, 111.258407593, 111.850517273, 112.442626953, 113.034736633, 113.638458252, 114.230567932, 114.834281921, 115.426391602, 116.018501282, 116.610610962, 117.202720642, 117.794830322, 118.386940002, 118.979042053, 119.582763672, 120.174873352, 120.766983032, 121.370697021, 121.962806702, 122.554916382, 123.147026062, 123.739135742, 124.342857361, 124.934967041, 125.527069092, 126.13079071, 126.722900391, 127.315010071, 127.907119751, 128.499221802, 129.10295105, 129.683441162, 130.28717041, 130.890884399, 131.48298645, 132.07510376, 132.667205811, 133.25932312, 133.851425171, 134.44354248, 135.035644531, 135.627746582, 136.23147583, 136.835189819, 137.42729187, 138.01940918, 138.623123169, 139.20362854, 139.795730591, 140.3878479, 140.99156189, 141.58366394, 142.17578125, 142.779495239, 143.371612549, 143.9637146, 144.555831909, 145.14793396, 145.751647949, 146.355377197, 146.970703125, 147.562805176, 148.166534424, 148.770248413, 149.373962402, 149.966079712, 150.546569824, 151.127075195, 151.707565308, 152.299682617, 152.880172729, 153.483901978, 154.076004028, 154.668121338, 155.260223389, 155.852325439, 156.456054688, 157.048156738, 157.640274048, 158.243988037, 158.836090088, 159.428207397, 160.020309448, 160.612426758, 161.216140747, 161.808258057, 162.400360107, 163.004074097, 163.596191406, 164.188293457, 164.780410767, 165.372512817, 165.964630127, 166.556732178, 167.160446167, 167.752563477, 168.344665527, 168.948379517, 169.540496826, 170.132598877, 170.724716187, 171.316818237, 171.920547485, 172.501037598, 173.104751587, 173.708480835, 174.300582886, 174.892700195, 175.484802246, 176.076919556, 176.669021606, 177.261123657, 177.864852905, 178.456954956, 179.060684204, 179.652786255, 180.244888306, 180.837005615, 181.429107666, 182.021224976, 182.624938965, 183.217056274, 183.820770264, 184.412872314, 185.004989624, 185.597091675, 186.189208984, 186.781311035, 187.385025024, 187.977142334, 188.569244385, 189.172973633, 189.765075684, 190.357177734, 190.949295044, 191.541397095, 192.145126343, 192.725616455, 193.329345703, 193.933059692, 194.525161743, 195.117279053, 195.709381104, 196.301498413, 196.893600464, 197.485717773, 198.089431763, 198.669921875, 199.273651123, 199.877365112, 200.469467163, 201.061584473, 201.653686523, 202.245803833, 202.837905884, 203.430023193, 204.033737183, 204.637451172, 205.229568481, 205.821670532, 206.413787842, 207.005889893, 207.598007202, 208.190109253, 208.793823242, 209.385940552, 209.978042603, 210.581771851, 211.173873901, 211.765975952, 212.358093262, 212.950195312, 213.553924561, 214.15763855, 214.761352539, 215.34185791, 215.933959961, 216.526077271, 217.118179321, 217.710296631, 218.31401062, 218.906112671, 219.49822998, 220.10194397, 220.694061279, 221.28616333, 221.878265381, 222.47038269, 223.07409668, 223.666213989, 224.25831604, 224.862030029, 225.454147339, 226.04624939, 226.638366699, 227.23046875, 227.834197998, 228.41468811, 229.0184021, 229.610519409, 230.20262146, 230.806350708, 231.38684082, 231.990570068, 232.582672119, 233.17477417, 233.778503418, 234.370605469, 234.974319458, 235.566436768, 236.158538818, 236.750656128, 237.342758179, 237.934875488, 238.538589478, 239.130691528, 239.722808838, 240.314910889, 240.907028198, 241.510742188, 242.102859497, 242.694961548, 243.287063599, 243.879180908, 244.482894897, 245.075012207, 245.667114258, 246.270828247, 246.862945557, 247.455047607, 248.047164917, 248.639266968, 249.242996216, 249.835098267, 250.427200317, 251.030929565, 251.623031616, 252.215148926, 252.807250977, 253.399353027, 254.003082275, 254.583572388, 255.187301636, 255.779403687, 256.371520996, 256.975219727, 257.567352295, 258.159454346, 258.763183594, 259.343658447, 259.947387695, 260.539489746, 261.131591797, 261.735321045, 262.327423096, 262.919555664, 263.511657715, 264.103759766, 264.707489014, 265.287963867, 265.891693115, 266.483795166, 267.075927734, 267.679626465, 268.271728516, 268.863861084, 269.455963135, 270.048065186, 270.651794434, 271.243896484, 271.835998535, 272.439727783, 273.031829834, 273.623931885, 274.216064453, 274.808166504, 275.411865234, 276.015594482, 276.63092041, 277.246246338, 277.873199463, 278.511749268, 279.150299072],
    "bpm_histogram": [0, 0, 0, 0, 0, 0, 0, 0, 0, 0, 0, 0, 0, 0, 0, 0, 0, 0, 0, 0, 0, 0, 0, 0, 0, 0, 0, 0, 0, 0, 0, 0, 0, 0, 0, 0, 0, 0, 0, 0, 0, 0, 0, 0, 0, 0, 0, 0, 0, 0, 0, 0, 0, 0, 0, 0, 0, 0, 0, 0, 0, 0, 0, 0, 0, 0, 0, 0, 0, 0, 0, 0, 0, 0, 0, 0, 0, 0, 0, 0, 0, 0, 0, 0, 0, 0, 0, 0, 0, 0, 0, 0.0063291140832, 0.0063291140832, 0, 0.00843881815672, 0, 0.00843881815672, 0, 0.0168776363134, 0.242616027594, 0, 0.571729958057, 0, 0.0527426153421, 0, 0.0063291140832, 0, 0, 0.0126582281664, 0, 0.00421940907836, 0, 0.00210970453918, 0, 0, 0.00421940907836, 0, 0.0063291140832, 0, 0, 0.00210970453918, 0, 0, 0.00843881815672, 0, 0, 0.00210970453918, 0, 0, 0.0147679327056, 0, 0, 0, 0.0147679327056, 0, 0, 0, 0, 0, 0, 0, 0, 0, 0, 0, 0, 0, 0, 0.0063291140832, 0, 0, 0, 0.00210970453918, 0, 0, 0, 0, 0, 0, 0, 0, 0, 0, 0, 0, 0, 0, 0, 0, 0, 0, 0, 0, 0, 0, 0, 0, 0, 0, 0, 0, 0, 0, 0, 0, 0, 0, 0, 0, 0, 0, 0, 0, 0, 0, 0, 0, 0, 0, 0, 0, 0, 0, 0, 0, 0, 0, 0, 0, 0, 0, 0, 0, 0, 0, 0, 0, 0, 0, 0, 0, 0, 0, 0, 0, 0, 0, 0, 0, 0, 0, 0, 0, 0, 0, 0, 0, 0, 0, 0, 0, 0, 0, 0, 0, 0, 0, 0, 0, 0]
},
"tonal": {
    "chords_changes_rate": 0.0925526618958,
    "chords_number_rate": 0.00199037976563,
    "chords_strength": {
        "mean": 0.44872379303,
        "stdev": 0.0836293697357
    },
    "hpcp_crest": {
        "mean": 11.5152320862,
        "stdev": 6.41619539261
    },
    "hpcp_entropy": {
        "mean": 2.40966200829,
        "stdev": 0.826027333736
    },
    "key_edma": {
        "strength": 0.459860026836,
        "key": "B",
        "scale": "major"
    },
    "key_krumhansl": {
        "strength": 0.467154502869,
        "key": "B",
        "scale": "major"
    },
    "key_temperley": {
        "strength": 0.473143994808,
        "key": "B",
        "scale": "major"
    },
    "tuning_diatonic_strength": 0.496247410774,
    "tuning_equal_tempered_deviation": 0.147601813078,
    "tuning_frequency": 434.193115234,
    "tuning_nontempered_energy_ratio": 0.855879426003,
    "hpcp": {
        "mean": [0.165239498019, 0.134669184685, 0.121891796589, 0.140267133713, 0.157977446914, 0.165557488799, 0.212720096111, 0.212777584791, 0.131803303957, 0.0976151674986, 0.0902549028397, 0.109196156263, 0.191710710526, 0.196690768003, 0.116894595325, 0.0945539176464, 0.108077436686, 0.159250453115, 0.208805412054, 0.175122201443, 0.132213369012, 0.117771655321, 0.123282805085, 0.178874924779, 0.202902749181, 0.161713972688, 0.146771460772, 0.188732281327, 0.194898337126, 0.162720307708, 0.159598901868, 0.165060982108, 0.186837032437, 0.19827644527, 0.168118938804, 0.161148577929],
        "stdev": [0.25174215436, 0.240794822574, 0.231091246009, 0.239315956831, 0.257176488638, 0.25271743536, 0.277168005705, 0.278984755278, 0.197561472654, 0.180246189237, 0.173680514097, 0.184122174978, 0.243060454726, 0.249596998096, 0.18099039793, 0.176082804799, 0.191749796271, 0.235196247697, 0.267524838448, 0.245011568069, 0.224276438355, 0.200391530991, 0.191544473171, 0.22483484447, 0.26903924346, 0.230887144804, 0.23231241107, 0.258621543646, 0.258771568537, 0.25201818347, 0.259731829166, 0.255663454533, 0.26787391305, 0.290650159121, 0.255225539207, 0.243886694312]
    },
    "chords_histogram": [43.672252655, 0.945430397987, 4.97594976425, 1.47619831562, 5.35743904114, 1.60889041424, 0.663459956646, 0.149278491735, 0.613700449467, 0.912257432938, 0.21562448144, 0.928843915462, 0.182451486588, 0.165864989161, 0, 1.19422793388, 0.199037984014, 1.16105484962, 0.199037984014, 2.76994538307, 1.79134190083, 2.13965821266, 3.38364577293, 25.2944107056],
    "thpcp": [1, 0.619441688061, 0.458766222, 0.424174875021, 0.513193905354, 0.900991082191, 0.92439609766, 0.549374580383, 0.444379121065, 0.507936179638, 0.74843621254, 0.981331825256, 0.823029398918, 0.62136888504, 0.553496539593, 0.579397499561, 0.840666234493, 0.953590810299, 0.760014116764, 0.689788162708, 0.886993229389, 0.915972113609, 0.764743626118, 0.750073850155, 0.775744199753, 0.878086090088, 0.931848347187, 0.790115833282, 0.7573569417, 0.776583194733, 0.632910609245, 0.572860121727, 0.659219503403, 0.742453455925, 0.778077661991, 0.999729812145],
    "chords_key": "B",
    "chords_scale": "major"
}
}