{
"metadata": {
    "version": {
        "essentia": "2.1-dev",
        "essentia_git_sha": "v2.1_beta3-415-gd5473f3",
        "extractor": "music 2.0"
    },
    "audio_properties": {
        "analysis": {
            "equal_loudness": 0,
            "length": 239.229385376,
            "sample_rate": 44100,
            "start_time": 0,
            "downmix": "mix"
        },
        "bit_rate": 192000,
        "length": 239.229385376,
        "lossless": 0,
        "number_channels": 2,
        "replay_gain": -8.6917514801,
        "sample_rate": 44100,
        "codec": "mp3",
        "md5_encoded": "c2a3252af42109d981e4537cd7182cb3"
    },
    "tags": {
        "file_name": "wu_tang_clan-full_rap_metal_jacket.mp3",
        "genre": ["Other"]
    }
},
"lowlevel": {
    "average_loudness": 0.960650920868,
    "barkbands_crest": {
        "mean": 13.8357582092,
        "stdev": 5.64550685883
    },
    "barkbands_flatness_db": {
        "mean": 0.22728985548,
        "stdev": 0.0795160904527
    },
    "barkbands_kurtosis": {
        "mean": 22.2253246307,
        "stdev": 68.7483291626
    },
    "barkbands_skewness": {
        "mean": 2.43557190895,
        "stdev": 3.16250419617
    },
    "barkbands_spread": {
        "mean": 14.6942415237,
        "stdev": 14.5909433365
    },
    "dissonance": {
        "mean": 0.413610696793,
        "stdev": 0.0582360625267
    },
    "dynamic_complexity": 4.17220687866,
    "erbbands_crest": {
        "mean": 13.3175296783,
        "stdev": 5.86390447617
    },
    "erbbands_flatness_db": {
        "mean": 0.201822295785,
        "stdev": 0.0614576600492
    },
    "erbbands_kurtosis": {
        "mean": 5.48526096344,
        "stdev": 11.0327548981
    },
    "erbbands_skewness": {
        "mean": 1.17918181419,
        "stdev": 1.39885091782
    },
    "erbbands_spread": {
        "mean": 32.9690933228,
        "stdev": 25.1087589264
    },
    "hfc": {
        "mean": 15.4419050217,
        "stdev": 15.0729846954
    },
    "loudness_ebu128": {
        "integrated": -14.5550537109,
        "loudness_range": 1.32192707062,
        "momentary": {
            "mean": -16.1056480408,
            "stdev": 6.83533334732
        },
        "short_term": {
            "mean": -15.4398431778,
            "stdev": 4.61034393311
        }
    },
    "melbands_crest": {
        "mean": 17.5253276825,
        "stdev": 6.48739385605
    },
    "melbands_flatness_db": {
        "mean": 0.289511442184,
        "stdev": 0.104525581002
    },
    "melbands_kurtosis": {
        "mean": 36.584815979,
        "stdev": 85.153465271
    },
    "melbands_skewness": {
        "mean": 3.03930354118,
        "stdev": 3.2430961132
    },
    "melbands_spread": {
        "mean": 15.5311908722,
        "stdev": 16.9953174591
    },
    "pitch_salience": {
        "mean": 0.457583606243,
        "stdev": 0.155744791031
    },
    "silence_rate_20dB": {
        "mean": 1,
        "stdev": 0
    },
    "silence_rate_30dB": {
        "mean": 0.906735241413,
        "stdev": 0.290822267532
    },
    "silence_rate_60dB": {
        "mean": 0.103746116161,
        "stdev": 0.304934084415
    },
    "spectral_centroid": {
        "mean": 1010.6192627,
        "stdev": 686.329162598
    },
    "spectral_complexity": {
        "mean": 9.99242973328,
        "stdev": 8.14924716949
    },
    "spectral_decrease": {
        "mean": -1.07893241008e-08,
        "stdev": 1.70070961758e-08
    },
    "spectral_energy": {
        "mean": 0.0421219393611,
        "stdev": 0.0648744553328
    },
    "spectral_energyband_high": {
        "mean": 0.000400278746383,
        "stdev": 0.000852439610753
    },
    "spectral_energyband_low": {
        "mean": 0.026325315237,
        "stdev": 0.06251437217
    },
    "spectral_energyband_middle_high": {
        "mean": 0.00258122617379,
        "stdev": 0.00423143152148
    },
    "spectral_energyband_middle_low": {
        "mean": 0.0137460762635,
        "stdev": 0.0157642420381
    },
    "spectral_entropy": {
        "mean": 7.13916015625,
        "stdev": 0.631412625313
    },
    "spectral_flux": {
        "mean": 0.121618285775,
        "stdev": 0.103318460286
    },
    "spectral_kurtosis": {
        "mean": 6.35949993134,
        "stdev": 6.44234371185
    },
    "spectral_rms": {
        "mean": 0.00527605554089,
        "stdev": 0.00364114926197
    },
    "spectral_rolloff": {
        "mean": 1022.75817871,
        "stdev": 1443.89648438
    },
    "spectral_skewness": {
        "mean": 1.79860544205,
        "stdev": 0.799391746521
    },
    "spectral_spread": {
        "mean": 4623432.5,
        "stdev": 2083643.875
    },
    "spectral_strongpeak": {
        "mean": 1.04434120655,
        "stdev": 1.07646870613
    },
    "zerocrossingrate": {
        "mean": 0.0426423922181,
        "stdev": 0.0366055332124
    },
    "barkbands": {
        "mean": [0.000270752178039, 0.020698716864, 0.00452937139198, 0.00127970974427, 0.00273516541347, 0.000768666621298, 0.00198853365146, 0.00256340461783, 0.00420409720391, 0.000585536472499, 0.000341596634826, 0.000249201024417, 0.000143744982779, 0.00014168107009, 0.000254215206951, 0.000244620343437, 0.000301173276966, 0.000209501711652, 0.000173741864273, 7.49193714e-05, 0.000100814919278, 0.000106574640085, 6.03356565989e-05, 4.78504734929e-05, 2.95212212222e-05, 1.85190583579e-05, 1.49853940368e-09],
        "stdev": [0.00058111094404, 0.0520927608013, 0.0157951489091, 0.00367050012574, 0.00571461813524, 0.0024398304522, 0.00601150188595, 0.00579097727314, 0.00731725012884, 0.00195578136481, 0.00125711911824, 0.00101867353078, 0.000476633285871, 0.00038298041909, 0.000735811598133, 0.000634194468148, 0.000703900470398, 0.000477568421047, 0.000400214106776, 0.000201387709239, 0.000292817363515, 0.000270316260867, 0.000168377460795, 0.000126008177176, 6.72417372698e-05, 4.073839591e-05, 2.86123613691e-09]
    },
    "erbbands": {
        "mean": [0.549567162991, 4.71266174316, 6.44603824615, 4.97486305237, 5.72801733017, 10.97960186, 5.86099433899, 7.54970979691, 24.1645717621, 40.9913520813, 63.0726852417, 110.474975586, 30.0330944061, 16.0328655243, 12.7976388931, 9.69080638885, 6.89263105392, 6.69200086594, 11.1731414795, 13.4865589142, 14.3144197464, 16.7392177582, 11.0946102142, 12.2335767746, 6.09258890152, 3.71161913872, 3.69286966324, 4.31882953644, 4.07301902771, 2.42325139046, 1.64007246494, 1.12814819813, 0.714905381203, 0.371956825256, 0.19101254642, 0.0812166705728, 0.0352089107037, 0.00360290310346, 8.37686602608e-05, 5.04976123921e-05],
        "stdev": [1.19614553452, 12.9454984665, 21.2443714142, 14.1810350418, 11.1296424866, 26.525762558, 19.4016590118, 23.7426700592, 74.9182434082, 103.845352173, 118.509262085, 200.343994141, 73.9169158936, 45.730381012, 44.0555076599, 35.7491188049, 21.585981369, 17.6056289673, 30.1528587341, 37.649848938, 32.3620605469, 39.2465324402, 24.4707565308, 27.2552223206, 14.3015785217, 9.9607334137, 10.9535913467, 11.4620599747, 10.0023736954, 6.67642688751, 4.61126279831, 2.9975438118, 1.88983988762, 0.917715728283, 0.414708852768, 0.169957339764, 0.0808379873633, 0.00877835322171, 0.000158879978699, 7.24416240701e-05]
    },
    "gfcc": {
        "mean": [-67.2502212524, 106.833816528, -96.0824432373, 37.9276313782, -64.3663024902, 8.88467788696, -23.9766750336, 26.6022262573, -4.19288444519, 1.97990596294, -21.4348697662, -3.38191103935, -11.3312559128],
        "cov": [[13705.109375, -1302.07128906, -902.446166992, 209.498718262, -567.470275879, 92.9200134277, -572.993835449, 49.5056991577, -526.735595703, 22.2866649628, -286.055328369, 388.445892334, -173.880157471], [-1302.07128906, 1781.28601074, -195.034042358, -288.556304932, 410.47467041, -240.637512207, 241.770141602, -96.1142883301, 280.493499756, -208.999343872, 200.868759155, -115.618789673, 89.8182907104], [-902.446166992, -195.034042358, 1453.95751953, 363.528198242, 42.9097747803, 226.383285522, 162.430709839, 35.593334198, -38.6986846924, 115.826896667, 4.00633525848, -39.8631668091, -34.6883659363], [209.498718262, -288.556304932, 363.528198242, 597.663330078, 138.237838745, 71.6714096069, -75.4969406128, -62.8923301697, 24.0514526367, 36.5112380981, 29.5385665894, 40.0964889526, 33.3052406311], [-567.470275879, 410.47467041, 42.9097747803, 138.237838745, 629.877075195, 87.2848358154, -5.80589675903, -101.944419861, 73.5143356323, -7.36789321899, 73.4502868652, -17.7355041504, 54.2539558411], [92.9200134277, -240.637512207, 226.383285522, 71.6714096069, 87.2848358154, 375.579284668, 129.594650269, 18.9908866882, -62.8786582947, 68.7756271362, 8.87522125244, -38.8340797424, -11.0237417221], [-572.993835449, 241.770141602, 162.430709839, -75.4969406128, -5.80589675903, 129.594650269, 427.340332031, 113.101524353, 20.7904777527, -24.0047683716, 28.656917572, -74.1422271729, 4.13652706146], [49.5056991577, -96.1142883301, 35.593334198, -62.8923301697, -101.944419861, 18.9908866882, 113.101524353, 245.413833618, 74.7489471436, 9.04019641876, -18.1214923859, -31.6433258057, -8.50409126282], [-526.735595703, 280.493499756, -38.6986846924, 24.0514526367, 73.5143356323, -62.8786582947, 20.7904777527, 74.7489471436, 288.590789795, 15.3898897171, 40.4946098328, -53.5440292358, 24.1996936798], [22.2866649628, -208.999343872, 115.826896667, 36.5112380981, -7.36789321899, 68.7756271362, -24.0047683716, 9.04019641876, 15.3898897171, 150.857559204, 9.6366519928, -9.53523731232, -10.4909315109], [-286.055328369, 200.868759155, 4.00633525848, 29.5385665894, 73.4502868652, 8.87522125244, 28.656917572, -18.1214923859, 40.4946098328, 9.6366519928, 171.199462891, 51.607837677, 30.1019630432], [388.445892334, -115.618789673, -39.8631668091, 40.0964889526, -17.7355041504, -38.8340797424, -74.1422271729, -31.6433258057, -53.5440292358, -9.53523731232, 51.607837677, 204.597671509, 29.2556362152], [-173.880157471, 89.8182907104, -34.6883659363, 33.3052406311, 54.2539558411, -11.0237417221, 4.13652706146, -8.50409126282, 24.1996936798, -10.4909315109, 30.1019630432, 29.2556362152, 110.734237671]],
        "icov": [[0.000114994087198, -0.000183229727554, 0.000140343152452, -0.000232844467973, 0.000150967724039, -0.000220479734708, 0.000204487325391, -0.00027615079307, 0.000289965537377, -0.00021816851222, 0.000319793907693, -0.000293378223432, 0.000224962714128], [-0.000183229727554, 0.00298275239766, -0.00064235937316, 0.00203338032588, -0.0015983725898, 0.00206074700691, -0.00177422747947, 0.00242380728014, -0.00243041221984, 0.0031969929114, -0.00299425423145, 0.00192551931832, -0.0011399226496], [0.000140343152452, -0.00064235937316, 0.0012293002801, -0.00120034615975, 0.000403021200327, -0.00068169622682, 1.58605180332e-05, -0.000751633371692, 0.000883443513885, -0.00130877795164, 0.000831609009765, -0.000507135526277, 0.000754734908696], [-0.000232844467973, 0.00203338032588, -0.00120034615975, 0.00387723580934, -0.00139197590761, 0.00107625988312, -0.000658806529827, 0.0021937743295, -0.0023162974976, 0.00237418711185, -0.00216495408677, 0.00105135084596, -0.00153298315126], [0.000150967724039, -0.0015983725898, 0.000403021200327, -0.00139197590761, 0.0030328235589, -0.00190247339197, 0.00111344445031, -0.000330319773639, 0.000585499568842, -0.00117428589147, 0.00109132542275, -0.000761331466492, 1.42359363053e-06], [-0.000220479734708, 0.00206074700691, -0.00068169622682, 0.00107625988312, -0.00190247339197, 0.00565388100222, -0.00255931681022, 0.00132353219669, -0.000281026092125, 0.000250569428317, -0.00230666366406, 0.00204357109033, -0.000690459448379], [0.000204487325391, -0.00177422747947, 1.58605180332e-05, -0.000658806529827, 0.00111344445031, -0.00255931681022, 0.00489075668156, -0.00293139228597, 0.00159683381207, -0.000367904955056, 0.000709492189344, -0.000137915340019, 0.000214927233174], [-0.00027615079307, 0.00242380728014, -0.000751633371692, 0.0021937743295, -0.000330319773639, 0.00132353219669, -0.00293139228597, 0.00807507988065, -0.00423457147554, 0.00241805519909, -0.00158750172704, 0.00127806153614, -0.00102324853651], [0.000289965537377, -0.00243041221984, 0.000883443513885, -0.0023162974976, 0.000585499568842, -0.000281026092125, 0.00159683381207, -0.00423457147554, 0.0074566216208, -0.00366281182505, 0.00111478066538, 6.50852016406e-05, 0.00040357132093], [-0.00021816851222, 0.0031969929114, -0.00130877795164, 0.00237418711185, -0.00117428589147, 0.000250569428317, -0.000367904955056, 0.00241805519909, -0.00366281182505, 0.0118720363826, -0.00406813295558, 0.00243248324841, -0.000871602038387], [0.000319793907693, -0.00299425423145, 0.000831609009765, -0.00216495408677, 0.00109132542275, -0.00230666366406, 0.000709492189344, -0.00158750172704, 0.00111478066538, -0.00406813295558, 0.0109081724659, -0.00477941287681, 0.000598150189035], [-0.000293378223432, 0.00192551931832, -0.000507135526277, 0.00105135084596, -0.000761331466492, 0.00204357109033, -0.000137915340019, 0.00127806153614, 6.50852016406e-05, 0.00243248324841, -0.00477941287681, 0.00839378125966, -0.00251996261068], [0.000224962714128, -0.0011399226496, 0.000754734908696, -0.00153298315126, 1.42359363053e-06, -0.000690459448379, 0.000214927233174, -0.00102324853651, 0.00040357132093, -0.000871602038387, 0.000598150189035, -0.00251996261068, 0.0111823342741]]
    },
    "melbands": {
        "mean": [0.00546790845692, 0.00455452641472, 0.000856552447658, 0.000645689491648, 0.000264230329776, 0.000171146020875, 0.00038360216422, 0.000500402937178, 0.000553885533009, 0.000653320981655, 0.000124866477563, 6.47844135528e-05, 4.57414207631e-05, 2.93562006846e-05, 2.10370890272e-05, 1.24227817651e-05, 1.22637020468e-05, 1.66307163454e-05, 1.99963760679e-05, 1.65246183315e-05, 1.70845378307e-05, 1.84995715244e-05, 1.14374470286e-05, 9.86608756648e-06, 1.02453950603e-05, 5.49597461941e-06, 2.96345706374e-06, 2.2818483103e-06, 2.12679492506e-06, 2.24786276704e-06, 2.70261330115e-06, 2.49534878094e-06, 1.6633158566e-06, 1.23266511309e-06, 9.79423475655e-07, 7.41009614558e-07, 6.79704896811e-07, 5.44281874681e-07, 3.63940841908e-07, 2.91238592354e-07],
        "stdev": [0.0128746759146, 0.0132369333878, 0.00229898234829, 0.00132103613578, 0.000795474392362, 0.000547243631445, 0.00116060313303, 0.00115847704001, 0.00096359604504, 0.00123236631043, 0.000361427722964, 0.000196579712792, 0.000163425051142, 0.000128230938572, 7.44304124964e-05, 4.08754603995e-05, 3.42370258295e-05, 4.67273603135e-05, 6.17857440375e-05, 4.71254279546e-05, 3.93696100218e-05, 4.39568211732e-05, 2.84058496618e-05, 2.28267344937e-05, 2.40722056333e-05, 1.38667428473e-05, 8.23820300866e-06, 6.81121355228e-06, 6.32726232652e-06, 8.01374608272e-06, 6.81091569277e-06, 6.3629458964e-06, 4.53172833659e-06, 3.60075046046e-06, 2.80752169601e-06, 2.11366955227e-06, 1.82359633527e-06, 1.49430934471e-06, 9.67761707216e-07, 7.35774392524e-07]
    },
    "melbands128": {
        "mean": [0.000263063237071, 0.00363212451339, 0.00841672159731, 0.007658097893, 0.00413222843781, 0.00198259623721, 0.00103040935937, 0.000527554890141, 0.000480204587802, 0.000778403831646, 0.000742451462429, 0.000364990584785, 0.000178311878699, 9.9092227174e-05, 0.000121859869978, 0.000229575685808, 0.000312348274747, 0.000437423179392, 0.000429919688031, 0.000397586176405, 0.00059018691536, 0.000631437753327, 0.000329611008056, 0.000705606187694, 0.0010198475793, 0.000501818780322, 0.000138323768624, 0.000103862017568, 9.3572823971e-05, 6.79505246808e-05, 5.34036043973e-05, 5.87325812376e-05, 4.62932221126e-05, 3.66994900105e-05, 3.48842440872e-05, 2.47554962698e-05, 2.57735100604e-05, 2.24178820645e-05, 1.84769469342e-05, 1.28815190692e-05, 1.1308458852e-05, 1.1043757695e-05, 1.14931008284e-05, 1.3537205632e-05, 1.37606712087e-05, 1.65994988492e-05, 2.05042033485e-05, 2.18494806177e-05, 1.90868486243e-05, 1.70882158272e-05, 1.7089631001e-05, 1.47214250319e-05, 1.48282024384e-05, 1.9787607016e-05, 1.87355399248e-05, 1.87224250112e-05, 1.87489531527e-05, 1.22510673464e-05, 9.08681067813e-06, 8.95636276255e-06, 8.74864144862e-06, 1.17798663268e-05, 1.16266683108e-05, 1.0052073776e-05, 7.78231333243e-06, 5.52888695893e-06, 4.05483706345e-06, 3.21107404488e-06, 2.70801251645e-06, 2.57723445429e-06, 2.46199579124e-06, 2.11925112126e-06, 1.63350955518e-06, 1.94362951333e-06, 3.00830879496e-06, 2.16157900468e-06, 1.96820860765e-06, 2.33574837694e-06, 2.91516448669e-06, 2.96628104479e-06, 2.56234557128e-06, 2.43277554546e-06, 2.0145689632e-06, 1.59061357863e-06, 1.35860318551e-06, 1.27192015498e-06, 1.2281071804e-06, 1.05344827261e-06, 9.72667862698e-07, 9.41990947467e-07, 7.87494684573e-07, 6.79260551806e-07, 6.67186270675e-07, 7.09085725248e-07, 6.70268036629e-07, 5.92599178617e-07, 5.49986680198e-07, 4.24146577416e-07, 3.45550546399e-07, 3.47154468727e-07, 3.28907646008e-07, 2.66496186896e-07, 2.75020966001e-07, 2.64281993623e-07, 2.33640264469e-07, 1.54432285626e-07, 1.67408416019e-07, 1.52897811745e-07, 1.52618639504e-07, 1.06906682618e-07, 1.15790435018e-07, 1.04047309435e-07, 1.05310618892e-07, 1.40915645375e-07, 1.27114446968e-07, 6.94736046469e-09, 9.20243221902e-12, 7.00362120729e-12, 6.8121289859e-12, 6.61100211033e-12, 6.45343414124e-12, 6.31547678737e-12, 6.1860247827e-12, 6.07917318915e-12, 5.9911325033e-12, 5.9263965263e-12, 5.8780957532e-12, 5.84203085213e-12],
        "stdev": [0.00057214818662, 0.00776760745794, 0.0207353159785, 0.0230967849493, 0.0140617871657, 0.00664260983467, 0.00309916236438, 0.0014475802891, 0.00105344760232, 0.0018032976659, 0.00201760139316, 0.00140595110133, 0.000781481794547, 0.000400026649004, 0.000453752203612, 0.00102941109799, 0.00127302855253, 0.00171436136588, 0.00169310159981, 0.00151843577623, 0.00177426356822, 0.00160825438797, 0.00100969593041, 0.00151449255645, 0.00197648187168, 0.00163563480601, 0.000554684258532, 0.000467361707706, 0.0004446595849, 0.000283610599581, 0.000227529890253, 0.000286399095785, 0.000229360244703, 0.000188083839021, 0.0002333013108, 0.00014988615294, 0.000139379684697, 9.99766853056e-05, 8.50660508149e-05, 6.01446627115e-05, 5.09904712089e-05, 5.05042153236e-05, 4.24268037023e-05, 5.02123039041e-05, 4.95670719829e-05, 6.5899999754e-05, 7.83826617408e-05, 9.40445970627e-05, 8.02277791081e-05, 6.75606352161e-05, 6.52934249956e-05, 5.00935493619e-05, 4.3969725084e-05, 6.07147303526e-05, 5.38392341696e-05, 5.78483122808e-05, 6.22802253929e-05, 3.93788614019e-05, 2.78325005638e-05, 2.53211874224e-05, 2.37848817051e-05, 3.45949665643e-05, 3.33253556164e-05, 3.05343055516e-05, 2.41537072725e-05, 1.78280115506e-05, 1.31775959744e-05, 1.21226266856e-05, 8.35537866806e-06, 9.39941310207e-06, 9.15124292078e-06, 7.06691753294e-06, 6.39057179797e-06, 6.83666576151e-06, 8.57556551637e-06, 1.22644078147e-05, 6.60345494907e-06, 6.69311202728e-06, 7.42257452657e-06, 8.70113944984e-06, 7.43785176383e-06, 6.28051930107e-06, 5.35719345862e-06, 5.19481091033e-06, 4.17570890932e-06, 4.1582875383e-06, 3.8051402953e-06, 3.10753171107e-06, 2.93938546747e-06, 3.10598193209e-06, 2.50820949077e-06, 2.02372598324e-06, 2.03435865842e-06, 1.96994710677e-06, 2.01150805879e-06, 1.85666135621e-06, 1.53092287292e-06, 1.26990823901e-06, 1.03365459836e-06, 9.24301900795e-07, 8.58639680246e-07, 7.3465969308e-07, 7.24600056401e-07, 6.16862394054e-07, 5.17264993505e-07, 3.62712626156e-07, 3.71076254169e-07, 3.36989813832e-07, 3.36633746656e-07, 2.31779850424e-07, 2.71990586498e-07, 2.36422607713e-07, 2.44241419978e-07, 3.60840260782e-07, 3.31041547952e-07, 1.92810638566e-08, 1.8703342694e-11, 1.33946326253e-11, 1.30180328323e-11, 1.26543463208e-11, 1.2349543263e-11, 1.20786410387e-11, 1.18364961929e-11, 1.16359352709e-11, 1.14613110669e-11, 1.13295223897e-11, 1.1231888683e-11, 1.11695175678e-11]
    },
    "mfcc": {
        "mean": [-713.337097168, 130.148208618, 21.8580551147, 32.2622451782, -2.29539108276, -3.27517843246, -8.70374679565, 15.4935064316, 15.8041448593, 9.79304122925, 13.0451087952, 4.58710622787, -3.49804759026],
        "cov": [[9956.71972656, -481.287536621, -1001.0302124, -138.800170898, -227.993637085, -127.691970825, -306.769165039, 15.5967512131, -160.225036621, -337.194580078, -137.231048584, -204.626251221, -137.778137207], [-481.287536621, 1897.16821289, -343.670837402, -11.3256435394, 52.8683700562, -67.3444595337, 5.023478508, 129.880630493, 46.3778762817, -49.4873504639, 109.253128052, 51.8364486694, 33.6197547913], [-1001.0302124, -343.670837402, 1258.66589355, 234.375030518, -18.7026481628, 141.313415527, 187.191268921, -9.64055728912, 46.2947807312, 125.471237183, 17.101732254, 112.457023621, 42.406829834], [-138.800170898, -11.3256435394, 234.375030518, 487.670440674, 188.286422729, 72.445892334, -44.7152252197, 14.0386648178, 9.68280601501, -18.0774230957, -12.9227619171, 7.21052360535, 33.254447937], [-227.993637085, 52.8683700562, -18.7026481628, 188.286422729, 554.841369629, 184.200332642, -44.6308097839, -39.8348007202, -16.0148601532, 25.2339801788, -26.8159217834, -20.0222396851, 44.6594657898], [-127.691970825, -67.3444595337, 141.313415527, 72.445892334, 184.200332642, 369.866516113, 165.35168457, -18.7134475708, -6.30337190628, 35.2394294739, -31.3429641724, -8.9184513092, 20.2496242523], [-306.769165039, 5.023478508, 187.191268921, -44.7152252197, -44.6308097839, 165.35168457, 406.818511963, 62.4904098511, 35.9492034912, 59.5459403992, -25.8033542633, 12.5349235535, 25.478225708], [15.5967512131, 129.880630493, -9.64055728912, 14.0386648178, -39.8348007202, -18.7134475708, 62.4904098511, 217.454193115, 53.582244873, -24.7488632202, 44.9756622314, 23.4245929718, 13.8750152588], [-160.225036621, 46.3778762817, 46.2947807312, 9.68280601501, -16.0148601532, -6.30337190628, 35.9492034912, 53.582244873, 179.024185181, 94.3432006836, 35.3699760437, 20.8433532715, -10.6547403336], [-337.194580078, -49.4873504639, 125.471237183, -18.0774230957, 25.2339801788, 35.2394294739, 59.5459403992, -24.7488632202, 94.3432006836, 278.929473877, 74.7758255005, 14.9299631119, -8.69117641449], [-137.231048584, 109.253128052, 17.101732254, -12.9227619171, -26.8159217834, -31.3429641724, -25.8033542633, 44.9756622314, 35.3699760437, 74.7758255005, 162.679855347, 52.069152832, 0.685005187988], [-204.626251221, 51.8364486694, 112.457023621, 7.21052360535, -20.0222396851, -8.9184513092, 12.5349235535, 23.4245929718, 20.8433532715, 14.9299631119, 52.069152832, 123.382156372, 39.5749435425], [-137.778137207, 33.6197547913, 42.406829834, 33.254447937, 44.6594657898, 20.2496242523, 25.478225708, 13.8750152588, -10.6547403336, -8.69117641449, 0.685005187988, 39.5749435425, 121.304489136]],
        "icov": [[0.000120052027341, 4.32561682828e-05, 9.21774480958e-05, -2.36342038988e-05, 7.28116065147e-05, -5.58327519684e-05, 6.69630389893e-05, -5.68285686313e-05, 3.55715455953e-05, 6.99886222719e-05, 2.73863643088e-05, 6.46303451504e-05, 6.04703236604e-05], [4.32561682828e-05, 0.000638566794805, 0.000233552986174, -6.17754194536e-05, -0.000114859947644, 0.000114084265078, -0.000164784563822, -0.000164171869983, -0.000132272296469, 0.000239316534135, -0.000422694633016, -0.000180788920261, -4.90339516546e-05], [9.21774480958e-05, 0.000233552986174, 0.00128665624652, -0.000728285056539, 0.000340303347912, -0.000236477862927, -0.000409044383559, 0.000129211213789, 0.000102923928353, -0.00038596833474, 0.000139587777085, -0.00108504435048, 0.000109728389361], [-2.36342038988e-05, -6.17754194536e-05, -0.000728285056539, 0.00289405952208, -0.000904949789401, -0.00018765371351, 0.000666904612444, -0.000441197742475, -0.000409000553191, 0.000473944237456, 0.000102389720269, 0.000440191710368, -0.000419772433816], [7.28116065147e-05, -0.000114859947644, 0.000340303347912, -0.000904949789401, 0.0029361974448, -0.00166885007638, 0.000944308761973, 6.15612007095e-05, 0.00020621738804, -0.000638386991341, 0.000488746562041, 0.000280280830339, -0.000885961460881], [-5.58327519684e-05, 0.000114084265078, -0.000236477862927, -0.00018765371351, -0.00166885007638, 0.0046446272172, -0.0021861740388, 0.000610910006799, 0.000236149906414, 9.41179750953e-05, -0.000170560961124, 0.000204160503927, 0.00022928522958], [6.69630389893e-05, -0.000164784563822, -0.000409044383559, 0.000666904612444, 0.000944308761973, -0.0021861740388, 0.00431353505701, -0.00162875209935, -1.5004994566e-05, -0.00104500353336, 0.00159660959616, 6.91357199685e-05, -0.000728270737454], [-5.68285686313e-05, -0.000164171869983, 0.000129211213789, -0.000441197742475, 6.15612007095e-05, 0.000610910006799, -0.00162875209935, 0.00659391703084, -0.00230499147438, 0.00207428471185, -0.00245870579965, 0.000215855121496, -0.000590417417698], [3.55715455953e-05, -0.000132272296469, 0.000102923928353, -0.000409000553191, 0.00020621738804, 0.000236149906414, -1.5004994566e-05, -0.00230499147438, 0.00807194784284, -0.0031651048921, 0.000864420377184, -0.00118603429291, 0.00116894335952], [6.99886222719e-05, 0.000239316534135, -0.00038596833474, 0.000473944237456, -0.000638386991341, 9.41179750953e-05, -0.00104500353336, 0.00207428471185, -0.0031651048921, 0.00629812618718, -0.00342947244644, 0.00116468197666, 3.23490785377e-05], [2.73863643088e-05, -0.000422694633016, 0.000139587777085, 0.000102389720269, 0.000488746562041, -0.000170560961124, 0.00159660959616, -0.00245870579965, 0.000864420377184, -0.00342947244644, 0.0100225135684, -0.00377913587727, 0.000872348726261], [6.46303451504e-05, -0.000180788920261, -0.00108504435048, 0.000440191710368, 0.000280280830339, 0.000204160503927, 6.91357199685e-05, 0.000215855121496, -0.00118603429291, 0.00116468197666, -0.00377913587727, 0.0121198976412, -0.00374776008539], [6.04703236604e-05, -4.90339516546e-05, 0.000109728389361, -0.000419772433816, -0.000885961460881, 0.00022928522958, -0.000728270737454, -0.000590417417698, 0.00116894335952, 3.23490785377e-05, 0.000872348726261, -0.00374776008539, 0.010233854875]]
    },
    "spectral_contrast_coeffs": {
        "mean": [-0.707002341747, -0.670201480389, -0.767835557461, -0.810516953468, -0.782763302326, -0.765656888485],
        "stdev": [0.084523037076, 0.101954214275, 0.0866859480739, 0.0708511322737, 0.0734044536948, 0.0541280843318]
    },
    "spectral_contrast_valleys": {
        "mean": [-7.20001935959, -7.24951171875, -8.31647968292, -8.60540866852, -8.48588943481, -10.9137611389],
        "stdev": [1.1360502243, 1.1991122961, 1.23838496208, 1.25419223309, 1.24255299568, 1.43723762035]
    }
},
"rhythm": {
    "beats_count": 389,
    "beats_loudness": {
        "mean": 0.11406173557,
        "stdev": 0.0848089233041
    },
    "bpm": 97.9938430786,
    "bpm_histogram_first_peak_bpm": 98,
    "bpm_histogram_first_peak_weight": 0.0678851008415,
    "bpm_histogram_second_peak_bpm": 92,
    "bpm_histogram_second_peak_spread": 0.399999976158,
    "bpm_histogram_second_peak_weight": 0.00773195829242,
    "danceability": 2.01648116112,
    "onset_rate": 5.17039299011,
    "beats_loudness_band_ratio": {
        "mean": [0.620238959789, 0.10209916532, 0.203532502055, 0.0413269847631, 0.0299976635724, 0.0281904563308],
        "stdev": [0.324269980192, 0.118083328009, 0.21730786562, 0.0547157712281, 0.048258215189, 0.0344798378646]
    },
    "beats_position": [0.66176867485, 1.33514738083, 2.02013611794, 2.6470746994, 3.25079369545, 3.87773227692, 4.48145103455, 5.0967798233, 5.71210861206, 6.31582736969, 6.93115615845, 7.5464849472, 8.16181373596, 8.77714252472, 9.38086128235, 9.99619007111, 10.6115188599, 11.2152376175, 11.8305664062, 12.445895195, 13.0496139526, 13.6765527725, 14.2802715302, 14.8839902878, 15.4993190765, 16.114648819, 16.7183666229, 17.3453063965, 17.9490242004, 18.5643539429, 19.179681778, 19.7950115204, 20.4103393555, 21.0140590668, 21.6293869019, 22.2447166443, 22.8484344482, 23.4637641907, 24.0790920258, 24.6828117371, 25.2981395721, 25.9134693146, 26.5171871185, 27.1441268921, 27.747844696, 28.3515644073, 28.9668922424, 29.5822219849, 30.1975498199, 30.8128795624, 31.4165973663, 32.0319252014, 32.6472549438, 33.2509727478, 33.8663024902, 34.4816322327, 35.0969619751, 35.7122879028, 36.3160095215, 36.9313354492, 37.5466651917, 38.1503829956, 38.7541046143, 39.3810424805, 39.9847602844, 40.6116981506, 41.2154197693, 41.830745697, 42.4460754395, 43.0497932434, 43.6535148621, 44.2804527283, 44.8957824707, 45.5111083984, 46.1148300171, 46.718547821, 47.3454856873, 47.9608154297, 48.5645332336, 49.1798629761, 49.78358078, 50.3989105225, 51.0142402649, 51.6179580688, 52.2332878113, 52.8486175537, 53.4639434814, 54.0792732239, 54.6829910278, 55.2983207703, 55.9136505127, 56.5173683167, 57.1326980591, 57.7480278015, 58.3633537292, 58.9786834717, 59.5824012756, 60.2093429565, 60.8130607605, 61.4167785645, 62.0321083069, 62.6474380493, 63.2511558533, 63.8664855957, 64.4818115234, 65.0971450806, 65.7124710083, 66.316192627, 66.9199066162, 67.5468444824, 68.1505661011, 68.7542877197, 69.358001709, 69.9849395752, 70.6002731323, 71.2155990601, 71.8309249878, 72.4462585449, 73.0499725342, 73.6536941528, 74.2690200806, 74.8843536377, 75.4996795654, 76.1150131226, 76.7303390503, 77.345664978, 77.9493865967, 78.5647125244, 79.1800460815, 79.7837600708, 80.3990936279, 81.0144195557, 81.6181411743, 82.2450790405, 82.8487930298, 83.4641265869, 84.0794525146, 84.6831741333, 85.298500061, 85.9138336182, 86.5291595459, 87.1444854736, 87.7482070923, 88.3519287109, 88.9672546387, 89.5825805664, 90.1979141235, 90.8132400513, 91.4169616699, 92.0438995361, 92.6476211548, 93.251335144, 93.8550567627, 94.4703826904, 95.0857162476, 95.7010421753, 96.316368103, 96.9200897217, 97.5238113403, 98.1391372681, 98.7544631958, 99.3697967529, 99.9851226807, 100.600448608, 101.215782166, 101.819496155, 102.434829712, 103.05015564, 103.653877258, 104.269203186, 104.884536743, 105.488250732, 106.10358429, 106.718910217, 107.334236145, 107.949569702, 108.553283691, 109.180221558, 109.783943176, 110.387664795, 111.002990723, 111.61831665, 112.222038269, 112.848976135, 113.452697754, 114.068023682, 114.683357239, 115.287071228, 115.902404785, 116.517730713, 117.121452332, 117.748390198, 118.352104187, 118.955825806, 119.571151733, 120.186485291, 120.801811218, 121.417137146, 122.020858765, 122.636184692, 123.239906311, 123.855232239, 124.470565796, 125.085891724, 125.689613342, 126.316551208, 126.920272827, 127.535598755, 128.150924683, 128.754638672, 129.369979858, 129.985305786, 130.589019775, 131.215957642, 131.81968689, 132.435012817, 133.050338745, 133.654052734, 134.269378662, 134.884719849, 135.488433838, 136.115371704, 136.719085693, 137.334411621, 137.949752808, 138.553466797, 139.168792725, 139.784118652, 140.3878479, 141.003173828, 141.618499756, 142.222213745, 142.837554932, 143.452880859, 144.056594849, 144.671920776, 145.287246704, 145.902587891, 146.50630188, 147.121627808, 147.736953735, 148.352294922, 148.956008911, 149.571334839, 150.186660767, 150.801986694, 151.405715942, 152.02104187, 152.624755859, 153.240081787, 153.855422974, 154.48236084, 155.086074829, 155.689788818, 156.305114746, 156.920455933, 157.524169922, 158.13949585, 158.754821777, 159.358551025, 159.973876953, 160.589202881, 161.204528809, 161.819854736, 162.423583984, 163.038909912, 163.65423584, 164.257949829, 164.873291016, 165.488616943, 166.103942871, 166.719268799, 167.322982788, 167.938323975, 168.553649902, 169.157363892, 169.772689819, 170.388031006, 170.991744995, 171.607070923, 172.222396851, 172.837722778, 173.453063965, 174.056777954, 174.672103882, 175.28742981, 175.891159058, 176.518096924, 177.121810913, 177.737136841, 178.352462769, 178.956192017, 179.571517944, 180.186843872, 180.790557861, 181.405899048, 182.021224976, 182.624938965, 183.240264893, 183.85559082, 184.459320068, 185.086257935, 185.689971924, 186.293685913, 186.9090271, 187.524353027, 188.139678955, 188.755004883, 189.358734131, 189.974060059, 190.589385986, 191.204711914, 191.820037842, 192.42376709, 193.039093018, 193.654418945, 194.258132935, 194.873458862, 195.488800049, 196.092514038, 196.707839966, 197.323165894, 197.926895142, 198.542221069, 199.157546997, 199.772872925, 200.388198853, 200.991928101, 201.607254028, 202.222579956, 202.837905884, 203.453231812, 204.05696106, 204.672286987, 205.287612915, 205.891326904, 206.495056152, 207.121994019, 207.725708008, 208.341033936, 208.956375122, 209.57170105, 210.187026978, 210.790740967, 211.406066895, 212.021408081, 212.62512207, 213.240447998, 213.844161987, 214.459503174, 215.074829102, 215.690155029, 216.293869019, 216.897598267, 217.512924194, 218.128250122, 218.74357605, 219.358901978, 219.962631226, 220.566345215, 221.181671143, 221.79699707, 222.412338257, 223.027664185, 223.642990112, 224.25831604, 224.873641968, 225.488967896, 226.092697144, 226.708023071, 227.323348999, 227.927078247, 228.542404175, 229.157730103, 229.761444092, 230.37677002, 230.992111206, 231.607437134, 232.222763062, 232.826477051, 233.441802979, 234.057144165, 234.672470093, 235.287796021, 235.914733887, 236.553283691, 237.203445435, 237.853607178, 238.515365601],
    "bpm_histogram": [0, 0, 0, 0, 0, 0, 0, 0, 0, 0, 0, 0, 0, 0, 0, 0, 0, 0, 0, 0, 0, 0, 0, 0, 0, 0, 0, 0, 0, 0, 0, 0, 0, 0, 0, 0, 0, 0, 0, 0, 0, 0, 0, 0, 0, 0, 0, 0, 0, 0, 0, 0, 0, 0, 0, 0, 0, 0, 0, 0, 0, 0, 0, 0, 0, 0, 0, 0, 0, 0, 0, 0, 0, 0, 0, 0, 0, 0, 0, 0, 0, 0, 0, 0, 0, 0, 0, 0, 0.00257731950842, 0.00257731950842, 0, 0.00257731950842, 0.00515463901684, 0, 0.00257731950842, 0, 0.0644329860806, 0, 0.597938120365, 0.322164952755, 0, 0, 0, 0, 0, 0, 0, 0, 0, 0, 0, 0, 0, 0, 0, 0, 0, 0, 0, 0, 0, 0, 0, 0, 0, 0, 0, 0, 0, 0, 0, 0, 0, 0, 0, 0, 0, 0, 0, 0, 0, 0, 0, 0, 0, 0, 0, 0, 0, 0, 0, 0, 0, 0, 0, 0, 0, 0, 0, 0, 0, 0, 0, 0, 0, 0, 0, 0, 0, 0, 0, 0, 0, 0, 0, 0, 0, 0, 0, 0, 0, 0, 0, 0, 0, 0, 0, 0, 0, 0, 0, 0, 0, 0, 0, 0, 0, 0, 0, 0, 0, 0, 0, 0, 0, 0, 0, 0, 0, 0, 0, 0, 0, 0, 0, 0, 0, 0, 0, 0, 0, 0, 0, 0, 0, 0, 0, 0, 0, 0, 0, 0, 0, 0, 0, 0, 0, 0, 0, 0, 0, 0, 0, 0, 0, 0, 0, 0, 0, 0]
},
"tonal": {
    "chords_changes_rate": 0.0535610318184,
    "chords_number_rate": 0.00155249366071,
    "chords_strength": {
        "mean": 0.624896109104,
        "stdev": 0.123056821525
    },
    "hpcp_crest": {
        "mean": 12.8062114716,
        "stdev": 5.23379564285
    },
    "hpcp_entropy": {
        "mean": 1.95809996128,
        "stdev": 0.628620862961
    },
    "key_edma": {
        "strength": 0.731639027596,
        "key": "C#",
        "scale": "minor"
    },
    "key_krumhansl": {
        "strength": 0.732369542122,
        "key": "C#",
        "scale": "minor"
    },
    "key_temperley": {
        "strength": 0.72390884161,
        "key": "C#",
        "scale": "minor"
    },
    "tuning_diatonic_strength": 0.607237100601,
    "tuning_equal_tempered_deviation": 0.365880250931,
    "tuning_frequency": 439.491973877,
    "tuning_nontempered_energy_ratio": 0.936545968056,
    "hpcp": {
        "mean": [0.180715948343, 0.191639527678, 0.171865254641, 0.133070364594, 0.114684537053, 0.097853705287, 0.0910071209073, 0.0873223096132, 0.0813491418958, 0.0901230424643, 0.139721721411, 0.117928355932, 0.0763008669019, 0.194078028202, 0.189813792706, 0.0704708918929, 0.0500254221261, 0.0472485348582, 0.0737520083785, 0.139492034912, 0.141650617123, 0.10774320364, 0.18757763505, 0.206950873137, 0.124599725008, 0.0756112635136, 0.0552536845207, 0.0558395683765, 0.0552382729948, 0.059735365212, 0.0590048879385, 0.0618729963899, 0.0731088593602, 0.0970512777567, 0.152126356959, 0.183764129877],
        "stdev": [0.285444229841, 0.294060468674, 0.279811054468, 0.255182445049, 0.250369012356, 0.232171535492, 0.225243166089, 0.222815588117, 0.210287466645, 0.210913926363, 0.271227777004, 0.235625401139, 0.179336637259, 0.306247651577, 0.292655646801, 0.166982680559, 0.150883585215, 0.146013662219, 0.171613976359, 0.292300224304, 0.24372908473, 0.223636001348, 0.29752317071, 0.30665230751, 0.259984284639, 0.183471977711, 0.160244837403, 0.159410178661, 0.159488126636, 0.169222325087, 0.157500371337, 0.157737404108, 0.179035812616, 0.209782123566, 0.258212387562, 0.284787237644]
    },
    "chords_histogram": [18.5134868622, 1.41665053368, 0.349311083555, 0, 0, 0, 1.241994977, 0.116437025368, 0.349311083555, 18.2223949432, 0, 0.523966610432, 0, 1.08674561977, 0.0582185126841, 0.756840646267, 2.71686387062, 0.271686404943, 1.63011837006, 0, 0, 0, 0, 52.7459716797],
    "thpcp": [1, 0.602073907852, 0.365358501673, 0.266989380121, 0.269820392132, 0.266914904118, 0.288645148277, 0.285115420818, 0.298974305391, 0.353266745806, 0.468958050013, 0.735084414482, 0.887960135937, 0.873231172562, 0.926014602184, 0.83046400547, 0.643004596233, 0.554163098335, 0.472835421562, 0.439752280712, 0.421947032213, 0.393084317446, 0.435480356216, 0.675144374371, 0.569837450981, 0.368690729141, 0.937797605991, 0.917192518711, 0.34051990509, 0.241726070642, 0.228307977319, 0.35637447238, 0.674034535885, 0.684464931488, 0.520622134209, 0.906387269497],
    "chords_key": "A",
    "chords_scale": "major"
}
}