{
"metadata": {
    "version": {
        "essentia": "2.1-dev",
        "essentia_git_sha": "v2.1_beta3-415-gd5473f3",
        "extractor": "music 2.0"
    },
    "audio_properties": {
        "analysis": {
            "equal_loudness": 0,
            "length": 60.7608146667,
            "sample_rate": 44100,
            "start_time": 0,
            "downmix": "mix"
        },
        "bit_rate": 89205,
        "length": 60.7608146667,
        "lossless": 0,
        "number_channels": 2,
        "replay_gain": -5.75850296021,
        "sample_rate": 44100,
        "codec": "mp3",
        "md5_encoded": "c5ab8d931470cdd3fe3a426a43a81bab"
    },
    "tags": {
        "file_name": "monologo_mujer_08.mp3",
        "date": ["2004"],
        "engineer": ["rosamerica tamyo"]
    }
},
"lowlevel": {
    "average_loudness": 0.978091478348,
    "barkbands_crest": {
        "mean": 10.8737335205,
        "stdev": 4.43333244324
    },
    "barkbands_flatness_db": {
        "mean": 0.216830536723,
        "stdev": 0.0810833871365
    },
    "barkbands_kurtosis": {
        "mean": 12.284368515,
        "stdev": 21.4598369598
    },
    "barkbands_skewness": {
        "mean": 1.66819512844,
        "stdev": 2.35284805298
    },
    "barkbands_spread": {
        "mean": 15.697429657,
        "stdev": 17.3815593719
    },
    "dissonance": {
        "mean": 0.408505469561,
        "stdev": 0.0767674595118
    },
    "dynamic_complexity": 4.59056806564,
    "erbbands_crest": {
        "mean": 10.4761724472,
        "stdev": 4.0270113945
    },
    "erbbands_flatness_db": {
        "mean": 0.22088342905,
        "stdev": 0.0584695339203
    },
    "erbbands_kurtosis": {
        "mean": 3.49192714691,
        "stdev": 5.65474271774
    },
    "erbbands_skewness": {
        "mean": 0.593433380127,
        "stdev": 1.39921689034
    },
    "erbbands_spread": {
        "mean": 27.8818149567,
        "stdev": 20.3267250061
    },
    "hfc": {
        "mean": 15.5834903717,
        "stdev": 16.4625320435
    },
    "loudness_ebu128": {
        "integrated": -18.9316692352,
        "loudness_range": 1.36076545715,
        "momentary": {
            "mean": -19.4637508392,
            "stdev": 2.59552931786
        },
        "short_term": {
            "mean": -18.988489151,
            "stdev": 0.460207045078
        }
    },
    "melbands_crest": {
        "mean": 15.6060581207,
        "stdev": 6.49058485031
    },
    "melbands_flatness_db": {
        "mean": 0.265578269958,
        "stdev": 0.116538695991
    },
    "melbands_kurtosis": {
        "mean": 19.3320007324,
        "stdev": 35.9183158875
    },
    "melbands_skewness": {
        "mean": 2.43259453773,
        "stdev": 2.34386229515
    },
    "melbands_spread": {
        "mean": 30.3403205872,
        "stdev": 45.3846817017
    },
    "pitch_salience": {
        "mean": 0.60603171587,
        "stdev": 0.143346443772
    },
    "silence_rate_20dB": {
        "mean": 1,
        "stdev": 0
    },
    "silence_rate_30dB": {
        "mean": 0.999618053436,
        "stdev": 0.0195398982614
    },
    "silence_rate_60dB": {
        "mean": 0.213903740048,
        "stdev": 0.410058140755
    },
    "spectral_centroid": {
        "mean": 1319.67614746,
        "stdev": 1341.81091309
    },
    "spectral_complexity": {
        "mean": 8.02941131592,
        "stdev": 6.38754844666
    },
    "spectral_decrease": {
        "mean": -5.74376146645e-09,
        "stdev": 5.3369930697e-09
    },
    "spectral_energy": {
        "mean": 0.0230917260051,
        "stdev": 0.0211032927036
    },
    "spectral_energyband_high": {
        "mean": 0.000667205895297,
        "stdev": 0.00169202813413
    },
    "spectral_energyband_low": {
        "mean": 0.00363672850654,
        "stdev": 0.00567177357152
    },
    "spectral_energyband_middle_high": {
        "mean": 0.00319491233677,
        "stdev": 0.00533193722367
    },
    "spectral_energyband_middle_low": {
        "mean": 0.0181067995727,
        "stdev": 0.0176453795284
    },
    "spectral_entropy": {
        "mean": 7.0649561882,
        "stdev": 0.828750491142
    },
    "spectral_flux": {
        "mean": 0.0904097780585,
        "stdev": 0.0555779933929
    },
    "spectral_kurtosis": {
        "mean": 7.93205928802,
        "stdev": 8.4367609024
    },
    "spectral_rms": {
        "mean": 0.00401819776744,
        "stdev": 0.00252636848018
    },
    "spectral_rolloff": {
        "mean": 1869.14575195,
        "stdev": 2658.83032227
    },
    "spectral_skewness": {
        "mean": 1.84948444366,
        "stdev": 1.05518603325
    },
    "spectral_spread": {
        "mean": 3857812.5,
        "stdev": 2089143.125
    },
    "spectral_strongpeak": {
        "mean": 1.01870179176,
        "stdev": 1.14426755905
    },
    "zerocrossingrate": {
        "mean": 0.0650236532092,
        "stdev": 0.0749979913235
    },
    "barkbands": {
        "mean": [7.687973266e-06, 6.16387769696e-05, 0.00118848262355, 0.00495711900294, 0.00306472601369, 0.00239223637618, 0.00182849052362, 0.00294116139412, 0.00264228624292, 0.000820045243017, 0.000574011879507, 0.000450127728982, 0.000496681663208, 0.000374653754989, 0.000140986972838, 9.24784399103e-05, 0.000102049722045, 0.000152177366544, 8.52622615639e-05, 0.000129663196276, 0.000185747616342, 0.000138163988595, 0.000118285577628, 0.000110986293294, 2.95643385471e-05, 7.03626665199e-06, 1.60480340128e-09],
        "stdev": [1.67494963534e-05, 0.000117928531836, 0.00316093931906, 0.00598629703745, 0.00585218751803, 0.00381565582938, 0.00426730234176, 0.00640972331166, 0.00562430359423, 0.00191357464064, 0.00145185180008, 0.00132954213768, 0.00134943146259, 0.00105151126627, 0.000450213410659, 0.000325879140291, 0.000359317957191, 0.000311560783302, 0.000194059975911, 0.000223319075303, 0.000435206573457, 0.000481411087094, 0.000445022509666, 0.000440742674982, 0.00011285758228, 3.94841081288e-05, 4.04289890454e-09]
    },
    "erbbands": {
        "mean": [0.00227171042934, 0.0276962723583, 0.896961450577, 9.99034881592, 15.6833715439, 7.99735689163, 10.0579414368, 22.2071170807, 19.9363021851, 48.7546081543, 67.2184295654, 62.237411499, 31.3692493439, 23.9318218231, 24.1301784515, 17.5696163177, 23.3095703125, 19.8523521423, 11.7246551514, 6.74740219116, 4.95147895813, 6.00266742706, 8.53385543823, 5.14832735062, 4.96974849701, 5.88880491257, 7.97081804276, 6.41679620743, 4.52580308914, 4.78248929977, 3.22143769264, 2.46424245834, 1.74243485928, 0.472993224859, 0.155197352171, 0.0529709793627, 0.00881285965443, 0.000341064529493, 2.42475452978e-05, 2.86520244117e-05],
        "stdev": [0.00359172630124, 0.0537415854633, 2.07312750816, 12.4020414352, 20.5690879822, 23.0186347961, 16.6224842072, 40.8602371216, 46.8778991699, 97.0510864258, 142.814315796, 134.656036377, 67.5394973755, 58.6621589661, 65.1683807373, 46.6249160767, 63.2264595032, 49.2228240967, 35.7442779541, 21.3612251282, 17.334941864, 18.3095035553, 18.4787979126, 10.5790605545, 10.6442403793, 10.3135128021, 16.2074165344, 18.5134277344, 15.148273468, 17.6476173401, 12.5103530884, 9.98760604858, 6.89670610428, 1.81658351421, 0.583893299103, 0.267260283232, 0.0479012951255, 0.00163753051311, 4.99657762703e-05, 2.40268964262e-05]
    },
    "gfcc": {
        "mean": [-107.025619507, 106.487632751, -115.64200592, 30.6370296478, -72.0583724976, -3.75263905525, -40.7803039551, 4.23249149323, -33.722984314, -1.51509153843, -16.7797527313, -21.4679164886, -7.73946523666],
        "cov": [[14543.0107422, 544.80078125, -2232.66796875, -1324.3104248, -1264.2088623, -1017.60986328, -247.583404541, -166.117080688, -567.036560059, -339.213134766, -182.460708618, -944.958251953, -102.029342651], [544.80078125, 4278.2578125, 8.69168567657, -1737.54455566, 158.715652466, -1025.28112793, 314.059204102, -295.637298584, -460.668457031, -379.680969238, 174.31300354, -640.928527832, 209.730194092], [-2232.66796875, 8.69168567657, 1287.40612793, 508.968139648, 123.627677917, 75.4275970459, -41.712059021, -86.7833709717, 81.1669387817, -31.2746906281, -53.9776573181, 184.185165405, 21.7892475128], [-1324.3104248, -1737.54455566, 508.968139648, 1458.09313965, 119.758331299, 336.859954834, -217.492141724, 33.7132644653, 298.510162354, 146.486862183, -91.4850082397, 382.058837891, -74.9196624756], [-1264.2088623, 158.715652466, 123.627677917, 119.758331299, 402.971435547, 47.7063446045, -13.7573108673, 22.9390640259, 52.3226242065, 56.6307563782, 4.62592315674, 61.8606338501, 10.2571687698], [-1017.60986328, -1025.28112793, 75.4275970459, 336.859954834, 47.7063446045, 728.286132812, 109.913543701, 135.944198608, 141.651504517, 147.23348999, 0.201964989305, 213.326782227, -120.057662964], [-247.583404541, 314.059204102, -41.712059021, -217.492141724, -13.7573108673, 109.913543701, 363.953216553, 17.1088657379, -102.656478882, 1.65865969658, 44.6002044678, -68.8706207275, 5.97301435471], [-166.117080688, -295.637298584, -86.7833709717, 33.7132644653, 22.9390640259, 135.944198608, 17.1088657379, 224.472869873, 49.3488082886, 37.8631286621, 17.5485668182, 71.01587677, -39.2046546936], [-567.036560059, -460.668457031, 81.1669387817, 298.510162354, 52.3226242065, 141.651504517, -102.656478882, 49.3488082886, 205.842132568, 58.6318435669, -42.1536941528, 123.518081665, -21.4273414612], [-339.213134766, -379.680969238, -31.2746906281, 146.486862183, 56.6307563782, 147.23348999, 1.65865969658, 37.8631286621, 58.6318435669, 163.1328125, -27.6277618408, 65.2922286987, -1.14816272259], [-182.460708618, 174.31300354, -53.9776573181, -91.4850082397, 4.62592315674, 0.201964989305, 44.6002044678, 17.5485668182, -42.1536941528, -27.6277618408, 141.034194946, -4.23368597031, -10.9260158539], [-944.958251953, -640.928527832, 184.185165405, 382.058837891, 61.8606338501, 213.326782227, -68.8706207275, 71.01587677, 123.518081665, 65.2922286987, -4.23368597031, 270.685028076, -39.4517326355], [-102.029342651, 209.730194092, 21.7892475128, -74.9196624756, 10.2571687698, -120.057662964, 5.97301435471, -39.2046546936, -21.4273414612, -1.14816272259, -10.9260158539, -39.4517326355, 138.657653809]],
        "icov": [[0.000197193090571, 7.73254043906e-07, 0.000267915747827, -7.87418684922e-05, 0.000427343038609, 5.99506493018e-05, 0.000245486618951, -4.80120543216e-05, 0.000373927352484, 0.000115051487228, 0.000385888881283, 0.00039429255412, 0.000256762199569], [7.73254043906e-07, 0.0012641021749, -0.000511648948304, 0.00117737310939, -0.0010311731603, 0.00110030535143, -0.000758965150453, 0.000613390700892, -0.000508456607349, 0.00077319086995, -0.000766274228226, 0.000747738056816, 0.000120394048281], [0.000267915747827, -0.000511648948304, 0.00166089925915, -0.000895022007171, 0.000706155842636, -0.000427958002547, 0.000427901482908, 0.000194691398065, 0.000836044317111, 0.000660402991343, 0.00121385673992, -0.000439102470409, -5.43433161511e-05], [-7.87418684922e-05, 0.00117737310939, -0.000895022007171, 0.00255724764429, -0.00110514799599, 0.000959942117333, -0.000510809884872, 0.00097554072272, -0.00151867594104, 0.000118888645375, -0.000583133427426, -0.000659974757582, 0.000426900718594], [0.000427343038609, -0.0010311731603, 0.000706155842636, -0.00110514799599, 0.00456313276663, -0.000570423551835, 0.001090740785, -0.000782589253504, 0.00073646864621, -0.00141549401451, 0.000950086279772, 7.80882692197e-05, 0.000265530135948], [5.99506493018e-05, 0.00110030535143, -0.000427958002547, 0.000959942117333, -0.000570423551835, 0.00393319362774, -0.00208768737502, 0.000106741608761, -0.00154468324035, -0.000934340583626, -0.000663964950945, -0.000555122795049, 0.0020769292023], [0.000245486618951, -0.000758965150453, 0.000427901482908, -0.000510809884872, 0.001090740785, -0.00208768737502, 0.00502270692959, -0.000833359139506, 0.00290444144048, -0.000499420624692, 0.000329612434143, 0.00109932210762, -0.000571472919546], [-4.80120543216e-05, 0.000613390700892, 0.000194691398065, 0.00097554072272, -0.000782589253504, 0.000106741608761, -0.000833359139506, 0.00613566255197, -0.00141704035923, 8.9758883405e-05, -0.000967102823779, -0.00122349360026, 0.000811858684756], [0.000373927352484, -0.000508456607349, 0.000836044317111, -0.00151867594104, 0.00073646864621, -0.00154468324035, 0.00290444144048, -0.00141704035923, 0.0104117635638, -0.00041161684203, 0.00267142639495, -0.000808991724625, -0.000239564629737], [0.000115051487228, 0.00077319086995, 0.000660402991343, 0.000118888645375, -0.00141549401451, -0.000934340583626, -0.000499420624692, 8.9758883405e-05, -0.00041161684203, 0.00983000546694, 0.00139873719309, 0.000127302308101, -0.00161756447051], [0.000385888881283, -0.000766274228226, 0.00121385673992, -0.000583133427426, 0.000950086279772, -0.000663964950945, 0.000329612434143, -0.000967102823779, 0.00267142639495, 0.00139873719309, 0.00971660483629, -0.00110248220153, 0.000880724168383], [0.00039429255412, 0.000747738056816, -0.000439102470409, -0.000659974757582, 7.80882692197e-05, -0.000555122795049, 0.00109932210762, -0.00122349360026, -0.000808991724625, 0.000127302308101, -0.00110248220153, 0.00948297884315, 0.000479122449178], [0.000256762199569, 0.000120394048281, -5.43433161511e-05, 0.000426900718594, 0.000265530135948, 0.0020769292023, -0.000571472919546, 0.000811858684756, -0.000239564629737, -0.00161756447051, 0.000880724168383, 0.000479122449178, 0.00964619405568]]
    },
    "melbands": {
        "mean": [1.72814416146e-05, 0.000297504710034, 0.00197525369003, 0.000849621719681, 0.000331361021381, 0.000482655246742, 0.000331468385411, 0.000569928844925, 0.000561323133297, 0.00036427975283, 0.000147601924255, 9.65396829997e-05, 7.96152089606e-05, 5.6549168221e-05, 4.78603724332e-05, 4.64846452815e-05, 3.63993749488e-05, 2.11522547033e-05, 9.94069614535e-06, 7.10704443918e-06, 5.62536570214e-06, 6.03653006692e-06, 6.87988813297e-06, 7.63240586821e-06, 3.73782586394e-06, 3.16850923809e-06, 3.858920536e-06, 3.93186064684e-06, 5.07221830048e-06, 4.48028686151e-06, 3.46054957845e-06, 2.39006726588e-06, 2.81315737993e-06, 2.49181698564e-06, 1.91368121705e-06, 1.56408782459e-06, 1.48535923472e-06, 1.3949560298e-06, 7.08389507054e-07, 2.83965249537e-07],
        "stdev": [3.02614134853e-05, 0.000798373948783, 0.00212582293898, 0.00148454215378, 0.000588299531955, 0.000854370591696, 0.000763208314311, 0.00112575804815, 0.00117863691412, 0.000792249105871, 0.000327792164171, 0.000241000656388, 0.000200489885174, 0.000170638450072, 0.000133899317007, 0.000120206794236, 9.48133601923e-05, 7.13359986548e-05, 3.13685668516e-05, 2.5178092983e-05, 2.23311872105e-05, 2.14294341276e-05, 1.62509568327e-05, 1.70584808075e-05, 8.56438782648e-06, 7.59264321459e-06, 8.01222540758e-06, 7.35461344448e-06, 1.0233085959e-05, 1.08538806671e-05, 1.13137821245e-05, 8.22214224172e-06, 1.03036300061e-05, 9.44861403696e-06, 7.72661951487e-06, 6.52172775517e-06, 6.2416079345e-06, 5.6984654293e-06, 2.72727379524e-06, 1.13156318093e-06]
    },
    "melbands128": {
        "mean": [5.35356139153e-06, 1.58176135301e-05, 2.13910734601e-05, 2.18989953282e-05, 0.000126195198391, 0.000768439087551, 0.00202208128758, 0.0025348062627, 0.0016234026989, 0.000779563735705, 0.000407021667343, 0.000226431031479, 0.000292933866149, 0.000475471169921, 0.00056946487166, 0.000467405334348, 0.000270217191428, 0.000266443443252, 0.000441779382527, 0.000576192571316, 0.000632568495348, 0.000577574013732, 0.000545165850781, 0.000577691243961, 0.000449942861451, 0.000277883431409, 0.000173500156961, 0.000138684481499, 0.00012105001224, 0.000103231104731, 8.72107339092e-05, 8.36310282466e-05, 7.16016729712e-05, 9.08788206289e-05, 6.83868202032e-05, 4.66005476483e-05, 3.57780227205e-05, 4.18508388975e-05, 6.11970463069e-05, 5.78383442189e-05, 3.95631068386e-05, 3.59374171239e-05, 4.02081859647e-05, 3.38117934007e-05, 3.00863921439e-05, 1.9396058633e-05, 9.95555910777e-06, 9.4685874501e-06, 1.052783864e-05, 8.77941329236e-06, 7.11081065674e-06, 4.41902011517e-06, 5.75128478886e-06, 5.62193281439e-06, 6.36360073258e-06, 5.92208516537e-06, 6.07970378042e-06, 5.94821176492e-06, 6.82859217704e-06, 9.40724476095e-06, 8.63018794917e-06, 6.004545412e-06, 3.86474221159e-06, 3.39995995091e-06, 2.8471990845e-06, 2.73080240731e-06, 3.47640457221e-06, 4.49140907222e-06, 3.89473143514e-06, 3.13339637614e-06, 3.59642831427e-06, 4.50408742836e-06, 4.84261181555e-06, 5.33668480784e-06, 5.15828742209e-06, 4.65354105472e-06, 4.0292848098e-06, 4.10223401559e-06, 3.39451935361e-06, 2.86735325972e-06, 2.42828946284e-06, 1.85787109785e-06, 2.9774205359e-06, 2.49268850894e-06, 3.28054784404e-06, 3.02259672935e-06, 1.88721878658e-06, 2.10621806218e-06, 2.13662542592e-06, 1.54729173119e-06, 1.6409918544e-06, 1.60577269526e-06, 1.34680931296e-06, 1.63241304563e-06, 1.39293342727e-06, 1.46208105889e-06, 1.55610734964e-06, 1.07823882445e-06, 7.12534586e-07, 5.43106807527e-07, 3.51915502961e-07, 2.48280400683e-07, 1.75545295633e-07, 1.87645554206e-07, 1.78194468958e-07, 1.49934621163e-07, 1.48353691998e-07, 1.16932653782e-07, 7.87307499195e-08, 6.75877771528e-08, 5.83233266127e-08, 3.43624577681e-08, 2.10072972351e-08, 1.23733805424e-08, 3.30822036432e-09, 2.68754324351e-10, 4.04927584519e-11, 3.69914775894e-12, 3.44831671897e-12, 3.367743584e-12, 3.29276298068e-12, 3.23035174998e-12, 3.16253295253e-12, 3.10052222612e-12, 3.06644336659e-12, 3.03972211985e-12, 3.01784682313e-12, 2.99634188988e-12],
        "stdev": [1.05474755401e-05, 3.0822273402e-05, 3.950415703e-05, 5.4294567235e-05, 0.000500498397741, 0.00199171248823, 0.00295155146159, 0.00319052743725, 0.00262898323126, 0.00231199688278, 0.00193761300761, 0.000892633164767, 0.000683322257828, 0.000916729157325, 0.00117380160373, 0.00136312714312, 0.000958965683822, 0.001067209756, 0.00139398465399, 0.00146832573228, 0.00186152290553, 0.00177269661799, 0.00163640407845, 0.00182934443001, 0.00131523492746, 0.000883353757672, 0.000574143370613, 0.000445913348813, 0.00035957217915, 0.000367330765584, 0.000304393237457, 0.000297129707178, 0.00022616777278, 0.000384286307963, 0.000260458502453, 0.000201513772481, 0.000127428531414, 0.000155051253387, 0.000248467287747, 0.000199582224013, 0.000129128718982, 0.000125297476188, 0.000132124550873, 0.000126288054162, 0.000143691475387, 9.05944689293e-05, 3.80588171538e-05, 3.97849762521e-05, 5.20126741321e-05, 3.59198493243e-05, 3.31979135808e-05, 1.85421140486e-05, 2.58035452134e-05, 2.81334741885e-05, 4.18258059653e-05, 2.40154931817e-05, 2.10092584894e-05, 1.90642749658e-05, 1.71847168531e-05, 2.79189498542e-05, 2.47845000558e-05, 1.53262517415e-05, 1.05238968899e-05, 8.49919797474e-06, 7.93959679868e-06, 7.64625565353e-06, 9.12869563763e-06, 1.20473605421e-05, 9.27762084757e-06, 6.29165060673e-06, 7.96758649813e-06, 9.69152370089e-06, 1.01748864836e-05, 1.22233141155e-05, 1.29163145175e-05, 1.15404491225e-05, 1.17278532343e-05, 1.46047514136e-05, 1.21115454021e-05, 1.21060174934e-05, 9.21481296245e-06, 6.57335249343e-06, 1.18853522508e-05, 9.59667613643e-06, 1.35014342959e-05, 1.21899765873e-05, 7.75974604039e-06, 9.23400693864e-06, 9.30625083129e-06, 6.52482503938e-06, 7.47513649912e-06, 7.25839208826e-06, 5.82706661589e-06, 7.57351881475e-06, 5.8133064158e-06, 6.37916218693e-06, 7.01394128555e-06, 4.30249338024e-06, 2.78792776953e-06, 2.36350660998e-06, 1.46567856518e-06, 1.04524849576e-06, 6.66306902986e-07, 7.85064798947e-07, 6.97504901837e-07, 5.96442987444e-07, 7.34464265406e-07, 7.09602204552e-07, 4.00573242132e-07, 4.34015902329e-07, 3.72064306475e-07, 2.12457052839e-07, 1.14224093295e-07, 6.38940989006e-08, 2.20334754886e-08, 3.23106852385e-09, 1.52421714139e-10, 5.84389351146e-12, 5.573707728e-12, 5.43227398828e-12, 5.29977797759e-12, 5.1836148221e-12, 5.08191145415e-12, 4.99238280924e-12, 4.92008430525e-12, 4.86450159667e-12, 4.82306729277e-12, 4.79922308491e-12]
    },
    "mfcc": {
        "mean": [-747.768310547, 131.649978638, 5.25520849228, 24.5820846558, -8.34430027008, -13.1361322403, 3.5464758873, -17.0036373138, -2.19704937935, -2.75440621376, -7.09859609604, 0.74487811327, -15.4735708237],
        "cov": [[11966.7089844, 557.958862305, -1974.43200684, -783.944335938, -1304.06652832, -1250.65270996, -23.4640197754, -855.862548828, -116.196800232, -268.952331543, -159.128799438, 27.0979061127, -693.528259277], [557.958862305, 5340.17382812, -653.257995605, -722.204956055, -642.098388672, -1078.8046875, 545.810424805, -717.342102051, -86.5671920776, -435.091278076, -256.005249023, -6.68521165848, -405.553924561], [-1974.43200684, -653.257995605, 1299.76306152, 416.173431396, 252.412734985, 399.284484863, -170.782348633, 265.280487061, -15.0236902237, 26.9484119415, -50.9984283447, -53.8454933167, 182.07749939], [-783.944335938, -722.204956055, 416.173431396, 819.789733887, 324.064971924, 163.519241333, -235.917938232, 67.868812561, -7.84020328522, 18.3431034088, -102.856864929, 3.50436997414, 96.9340667725], [-1304.06652832, -642.098388672, 252.412734985, 324.064971924, 584.131408691, 218.154373169, -217.519851685, 151.105239868, 11.5817604065, 73.3247070312, 6.75171041489, 50.353313446, 116.15272522], [-1250.65270996, -1078.8046875, 399.284484863, 163.519241333, 218.154373169, 669.722229004, -53.1336212158, 266.419952393, 68.6544265747, 114.978889465, 178.046325684, -76.8035125732, 157.698638916], [-23.4640197754, 545.810424805, -170.782348633, -235.917938232, -217.519851685, -53.1336212158, 422.328338623, -13.8710174561, 2.95536351204, -10.4616966248, 80.9041519165, -5.700278759, -19.4351158142], [-855.862548828, -717.342102051, 265.280487061, 67.868812561, 151.105239868, 266.419952393, -13.8710174561, 398.419067383, -3.96259069443, 73.0008239746, 170.585906982, -26.4175434113, 151.658508301], [-116.196800232, -86.5671920776, -15.0236902237, -7.84020328522, 11.5817604065, 68.6544265747, 2.95536351204, -3.96259069443, 198.748535156, 27.6999092102, 18.2397270203, -3.88673329353, 13.2081279755], [-268.952331543, -435.091278076, 26.9484119415, 18.3431034088, 73.3247070312, 114.978889465, -10.4616966248, 73.0008239746, 27.6999092102, 204.550491333, 20.2616252899, -15.3035860062, 34.5194511414], [-159.128799438, -256.005249023, -50.9984283447, -102.856864929, 6.75171041489, 178.046325684, 80.9041519165, 170.585906982, 18.2397270203, 20.2616252899, 324.117218018, -39.8551902771, 26.3828983307], [27.0979061127, -6.68521165848, -53.8454933167, 3.50436997414, 50.353313446, -76.8035125732, -5.700278759, -26.4175434113, -3.88673329353, -15.3035860062, -39.8551902771, 143.692855835, 11.4997272491], [-693.528259277, -405.553924561, 182.07749939, 96.9340667725, 116.15272522, 157.698638916, -19.4351158142, 151.658508301, 13.2081279755, 34.5194511414, 26.3828983307, 11.4997272491, 179.044647217]],
        "icov": [[0.000204145064345, 0.000130991888, 0.000172950545675, 2.31930789596e-05, 0.000366161053535, 0.000228433404118, 0.000174977001734, 0.000134117697598, 4.95018721267e-05, 0.000167794205481, -4.49883882538e-05, 3.72322865587e-05, 0.00033391211764], [0.000130991888, 0.000536281208042, -2.46912877628e-05, 0.000249572942266, 2.40238550759e-05, 0.000663516111672, -0.000406194973039, 0.000511533871759, -8.11831978353e-06, 0.000679730204865, 1.39763860716e-05, 0.00045526761096, 0.000372987036826], [0.000172950545675, -2.46912877628e-05, 0.00147558667231, -0.00039001510595, 0.000409870612202, -0.000584016845096, 0.000401179742767, -0.000721668009646, 0.000224658811931, 0.000383417558623, 0.000754100095946, 0.000211197315366, 1.2708864233e-05], [2.31930789596e-05, 0.000249572942266, -0.00039001510595, 0.00203952565789, -0.000804680690635, 0.000175259890966, 0.000197263463633, 0.000429667241406, 7.69279358792e-05, 0.000493107945658, 0.000482142582769, 0.000480551942019, -0.000229953104281], [0.000366161053535, 2.40238550759e-05, 0.000409870612202, -0.000804680690635, 0.00386672117747, -0.000334779440891, 0.00165892823134, -0.000386700587114, 0.000149511688505, -0.000538066611625, -0.00026777407038, -0.00156291562598, 1.81376726687e-05], [0.000228433404118, 0.000663516111672, -0.000584016845096, 0.000175259890966, -0.000334779440891, 0.00402323296294, -0.000362108374247, 0.000480284128571, -0.000746734498534, -6.31993898423e-05, -0.00144786410965, 0.00173515989445, -0.000716557493433], [0.000174977001734, -0.000406194973039, 0.000401179742767, 0.000197263463633, 0.00165892823134, -0.000362108374247, 0.00408397009596, -0.00025121064391, 0.000122214420117, -0.000697717419825, -0.000852081167977, -0.000828424934298, -0.000553976686206], [0.000134117697598, 0.000511533871759, -0.000721668009646, 0.000429667241406, -0.000386700587114, 0.000480284128571, -0.00025121064391, 0.00642617093399, 0.000777056149673, -0.000371305941371, -0.00275997444987, 0.000744543969631, -0.00309008196928], [4.95018721267e-05, -8.11831978353e-06, 0.000224658811931, 7.69279358792e-05, 0.000149511688505, -0.000746734498534, 0.000122214420117, 0.000777056149673, 0.00546183530241, -0.000551091856323, -0.000212640530663, -0.000166286714375, -0.000435632857261], [0.000167794205481, 0.000679730204865, 0.000383417558623, 0.000493107945658, -0.000538066611625, -6.31993898423e-05, -0.000697717419825, -0.000371305941371, -0.000551091856323, 0.00672938814387, 0.000938811572269, 0.00109575875103, 0.000710756052285], [-4.49883882538e-05, 1.39763860716e-05, 0.000754100095946, 0.000482142582769, -0.00026777407038, -0.00144786410965, -0.000852081167977, -0.00275997444987, -0.000212640530663, 0.000938811572269, 0.00572178605944, 0.000621869112365, 0.00147539551836], [3.72322865587e-05, 0.00045526761096, 0.000211197315366, 0.000480551942019, -0.00156291562598, 0.00173515989445, -0.000828424934298, 0.000744543969631, -0.000166286714375, 0.00109575875103, 0.000621869112365, 0.0090170763433, -0.00140423420817], [0.00033391211764, 0.000372987036826, 1.2708864233e-05, -0.000229953104281, 1.81376726687e-05, -0.000716557493433, -0.000553976686206, -0.00309008196928, -0.000435632857261, 0.000710756052285, 0.00147539551836, -0.00140423420817, 0.0107795810327]]
    },
    "spectral_contrast_coeffs": {
        "mean": [-0.58901321888, -0.703393340111, -0.767912268639, -0.797402918339, -0.801383972168, -0.732439279556],
        "stdev": [0.166448205709, 0.142811566591, 0.106786206365, 0.0753680616617, 0.05474948138, 0.0774113088846]
    },
    "spectral_contrast_valleys": {
        "mean": [-8.32914638519, -7.63817596436, -8.5139799118, -8.74800395966, -8.44546794891, -11.9093084335],
        "stdev": [1.11800575256, 1.45264279842, 1.46597397327, 1.33463549614, 1.43348300457, 1.69081509113]
    }
},
"rhythm": {
    "beats_count": 99,
    "beats_loudness": {
        "mean": 0.0362904183567,
        "stdev": 0.0199231021106
    },
    "bpm": 102.562774658,
    "bpm_histogram_first_peak_bpm": 103,
    "bpm_histogram_first_peak_weight": 0.578947424889,
    "bpm_histogram_second_peak_bpm": 115,
    "bpm_histogram_second_peak_spread": 0.357142865658,
    "bpm_histogram_second_peak_weight": 0.0918367356062,
    "danceability": 1.60580301285,
    "onset_rate": 5.80800056458,
    "beats_loudness_band_ratio": {
        "mean": [0.331513881683, 0.149705275893, 0.319292098284, 0.112240791321, 0.0438434667885, 0.0890912786126],
        "stdev": [0.23365278542, 0.140911772847, 0.2036216259, 0.119499146938, 0.0734457969666, 0.221468403935]
    },
    "beats_position": [0.568888902664, 1.16099774837, 1.764716506, 2.34521532059, 2.92571425438, 3.50621318817, 4.09832191467, 4.69043064117, 5.28253936768, 5.94430828094, 6.59446716309, 7.24462556839, 7.91800451279, 8.57977294922, 9.26476192474, 9.93814086914, 10.6115188599, 11.261677742, 11.900226593, 12.538775444, 13.2005443573, 13.8855323792, 14.5356912613, 15.1858501434, 15.8476190567, 16.5674381256, 17.3104763031, 18.0651245117, 18.8081626892, 19.5512008667, 20.3058490753, 21.0604991913, 21.8035373688, 22.4072551727, 23.0225849152, 23.6495227814, 24.2416324615, 24.8453502655, 25.4722900391, 26.076007843, 26.6797275543, 27.2602272034, 27.8407249451, 28.4212245941, 29.0017223358, 29.5822219849, 30.1627197266, 30.7664394379, 31.3469390869, 31.9274368286, 32.5079345703, 33.1348762512, 33.7618141174, 34.4816322327, 35.2130622864, 35.8980484009, 36.5830383301, 37.2912483215, 38.0110664368, 38.638004303, 39.2185020447, 39.8222198486, 40.344669342, 40.8671188354, 41.3895683289, 41.9120178223, 42.4344673157, 42.9569168091, 43.4909744263, 43.9902038574, 44.5126533508, 45.046710968, 45.5691604614, 46.0916099548, 46.625667572, 47.1597251892, 47.6937866211, 48.2394561768, 48.7851219177, 49.3307914734, 49.8996810913, 50.4569587708, 51.0142402649, 51.5831298828, 52.1287956238, 52.6744651794, 53.2201347351, 53.789024353, 54.3579139709, 54.9151916504, 55.4956893921, 56.0877990723, 56.6799087524, 57.2836265564, 57.8641242981, 58.4678459167, 59.0599517822, 59.6404533386, 60.2325630188],
    "bpm_histogram": [0, 0, 0, 0, 0, 0, 0, 0, 0, 0, 0, 0, 0, 0, 0, 0, 0, 0, 0, 0, 0, 0, 0, 0, 0, 0, 0, 0, 0, 0, 0, 0, 0, 0, 0, 0, 0, 0, 0, 0, 0, 0, 0, 0, 0, 0, 0, 0, 0, 0, 0, 0, 0, 0, 0, 0, 0, 0, 0, 0, 0, 0, 0, 0, 0, 0, 0, 0, 0, 0, 0, 0, 0, 0, 0, 0, 0, 0, 0, 0, 0.0306122452021, 0.0408163256943, 0.0102040814236, 0.0306122452021, 0, 0.0102040814236, 0, 0, 0.0408163256943, 0.0306122452021, 0, 0.0408163256943, 0.0510204099119, 0, 0.0204081628472, 0, 0.0510204099119, 0, 0.0102040814236, 0.0918367356062, 0, 0.0918367356062, 0, 0.163265302777, 0, 0.0408163256943, 0, 0, 0.0306122452021, 0, 0.0612244904041, 0, 0.0510204099119, 0, 0, 0.0918367356062, 0, 0, 0, 0, 0.0102040814236, 0, 0, 0, 0, 0, 0, 0, 0, 0, 0, 0, 0, 0, 0, 0, 0, 0, 0, 0, 0, 0, 0, 0, 0, 0, 0, 0, 0, 0, 0, 0, 0, 0, 0, 0, 0, 0, 0, 0, 0, 0, 0, 0, 0, 0, 0, 0, 0, 0, 0, 0, 0, 0, 0, 0, 0, 0, 0, 0, 0, 0, 0, 0, 0, 0, 0, 0, 0, 0, 0, 0, 0, 0, 0, 0, 0, 0, 0, 0, 0, 0, 0, 0, 0, 0, 0, 0, 0, 0, 0, 0, 0, 0, 0, 0, 0, 0, 0, 0, 0, 0, 0, 0, 0, 0, 0, 0, 0, 0, 0, 0, 0, 0, 0, 0, 0, 0, 0, 0, 0, 0, 0, 0, 0, 0, 0, 0, 0, 0]
},
"tonal": {
    "chords_changes_rate": 0.178625956178,
    "chords_number_rate": 0.0122137404978,
    "chords_strength": {
        "mean": 0.41632053256,
        "stdev": 0.0836406573653
    },
    "hpcp_crest": {
        "mean": 16.0652313232,
        "stdev": 9.23454189301
    },
    "hpcp_entropy": {
        "mean": 1.82686138153,
        "stdev": 1.03796219826
    },
    "key_edma": {
        "strength": 0.206223130226,
        "key": "F",
        "scale": "minor"
    },
    "key_krumhansl": {
        "strength": 0.200817391276,
        "key": "F",
        "scale": "minor"
    },
    "key_temperley": {
        "strength": 0.206069856882,
        "key": "F",
        "scale": "minor"
    },
    "tuning_diatonic_strength": 0.272506326437,
    "tuning_equal_tempered_deviation": 0.302650362253,
    "tuning_frequency": 439.491973877,
    "tuning_nontempered_energy_ratio": 0.915491461754,
    "hpcp": {
        "mean": [0.0717533901334, 0.064310528338, 0.0699987635016, 0.0829760506749, 0.0909725278616, 0.0809937044978, 0.0785287022591, 0.0928500816226, 0.107416018844, 0.11811555177, 0.122261233628, 0.113302446902, 0.121894836426, 0.136934548616, 0.124891221523, 0.107485540211, 0.115597985685, 0.141089707613, 0.153716549277, 0.169224828482, 0.167839244008, 0.147246181965, 0.141612783074, 0.15513138473, 0.148827925324, 0.125447884202, 0.124172568321, 0.121500812471, 0.121261119843, 0.134799063206, 0.117640905082, 0.0897255241871, 0.0923799052835, 0.0928814634681, 0.095300398767, 0.0920506119728],
        "stdev": [0.156621694565, 0.156945079565, 0.16709728539, 0.183812126517, 0.194209739566, 0.176906853914, 0.171131074429, 0.201103925705, 0.219063937664, 0.237934738398, 0.247729092836, 0.232705518603, 0.240475162864, 0.26738768816, 0.250557631254, 0.228966265917, 0.239240914583, 0.269753843546, 0.275139212608, 0.285365849733, 0.298879772425, 0.261029958725, 0.259567439556, 0.276528835297, 0.275826781988, 0.235229715705, 0.237655997276, 0.235213950276, 0.238968670368, 0.255877554417, 0.234774291515, 0.189795210958, 0.198644638062, 0.199383854866, 0.208881467581, 0.201266512275]
    },
    "chords_histogram": [4.80916023254, 7.86259555817, 10.7633590698, 2.90076327324, 0.610687017441, 2.21374034882, 0.30534350872, 1.29770994186, 0, 5.95419836044, 0.763358771801, 1.29770994186, 2.06106877327, 0.534351170063, 0.839694678783, 0.839694678783, 22.1374053955, 1.22137403488, 4.12213754654, 16.5648860931, 2.06106877327, 2.59541988373, 0.610687017441, 7.63358783722],
    "thpcp": [1, 0.991812169552, 0.870121598244, 0.836832165718, 0.916717648506, 0.879468619823, 0.741308987141, 0.733772754669, 0.717984557152, 0.716568112373, 0.796567857265, 0.695175230503, 0.530214905739, 0.545900404453, 0.548864305019, 0.563158512115, 0.54395455122, 0.424012184143, 0.380030095577, 0.413643568754, 0.490330249071, 0.537583827972, 0.478615969419, 0.464049518108, 0.548678815365, 0.634753286839, 0.697980046272, 0.722478091717, 0.669537961483, 0.720312952995, 0.809187114239, 0.7380194664, 0.635164141655, 0.683102965355, 0.833741188049, 0.908356964588],
    "chords_key": "C#",
    "chords_scale": "minor"
}
}