{
"metadata": {
    "version": {
        "essentia": "2.1-dev",
        "essentia_git_sha": "v2.1_beta3-415-gd5473f3",
        "extractor": "music 2.0"
    },
    "audio_properties": {
        "analysis": {
            "equal_loudness": 0,
            "length": 60.9959182739,
            "sample_rate": 44100,
            "start_time": 0,
            "downmix": "mix"
        },
        "bit_rate": 192000,
        "length": 60.9959182739,
        "lossless": 0,
        "number_channels": 2,
        "replay_gain": -5.74631881714,
        "sample_rate": 44100,
        "codec": "mp3",
        "md5_encoded": "ae055d5e0d9fab0a122b7b677085dd36"
    },
    "tags": {
        "file_name": "monologo_hombre_07.mp3",
        "date": ["2004"],
        "engineer": ["rosamerica tamyo"]
    }
},
"lowlevel": {
    "average_loudness": 0.973828852177,
    "barkbands_crest": {
        "mean": 9.69905853271,
        "stdev": 3.84015750885
    },
    "barkbands_flatness_db": {
        "mean": 0.190254643559,
        "stdev": 0.0713389068842
    },
    "barkbands_kurtosis": {
        "mean": 11.6386203766,
        "stdev": 22.9127044678
    },
    "barkbands_skewness": {
        "mean": 1.79953432083,
        "stdev": 2.11676883698
    },
    "barkbands_spread": {
        "mean": 22.3452167511,
        "stdev": 23.4546928406
    },
    "dissonance": {
        "mean": 0.446126759052,
        "stdev": 0.0445085689425
    },
    "dynamic_complexity": 3.91515755653,
    "erbbands_crest": {
        "mean": 9.75243663788,
        "stdev": 3.5382630825
    },
    "erbbands_flatness_db": {
        "mean": 0.19268617034,
        "stdev": 0.0526865199208
    },
    "erbbands_kurtosis": {
        "mean": 2.52472186089,
        "stdev": 5.73679590225
    },
    "erbbands_skewness": {
        "mean": 0.422186851501,
        "stdev": 1.29229044914
    },
    "erbbands_spread": {
        "mean": 31.7175540924,
        "stdev": 20.1357345581
    },
    "hfc": {
        "mean": 16.7518501282,
        "stdev": 15.9993810654
    },
    "loudness_ebu128": {
        "integrated": -18.2310237885,
        "loudness_range": 1.24870491028,
        "momentary": {
            "mean": -18.6881523132,
            "stdev": 2.30841851234
        },
        "short_term": {
            "mean": -18.3192520142,
            "stdev": 0.508191823959
        }
    },
    "melbands_crest": {
        "mean": 14.5846767426,
        "stdev": 5.32506322861
    },
    "melbands_flatness_db": {
        "mean": 0.283125400543,
        "stdev": 0.10441172868
    },
    "melbands_kurtosis": {
        "mean": 18.6998786926,
        "stdev": 43.7758674622
    },
    "melbands_skewness": {
        "mean": 2.62206935883,
        "stdev": 2.13827943802
    },
    "melbands_spread": {
        "mean": 26.0551548004,
        "stdev": 39.3099708557
    },
    "pitch_salience": {
        "mean": 0.615712046623,
        "stdev": 0.122450329363
    },
    "silence_rate_20dB": {
        "mean": 1,
        "stdev": 0
    },
    "silence_rate_30dB": {
        "mean": 0.999619483948,
        "stdev": 0.019502742216
    },
    "silence_rate_60dB": {
        "mean": 0.152587518096,
        "stdev": 0.359591215849
    },
    "spectral_centroid": {
        "mean": 1282.50024414,
        "stdev": 1158.24255371
    },
    "spectral_complexity": {
        "mean": 12.8515977859,
        "stdev": 9.19574928284
    },
    "spectral_decrease": {
        "mean": -6.98594915249e-09,
        "stdev": 5.52944889876e-09
    },
    "spectral_energy": {
        "mean": 0.0278860088438,
        "stdev": 0.0218493565917
    },
    "spectral_energyband_high": {
        "mean": 0.000495390384458,
        "stdev": 0.00151804450434
    },
    "spectral_energyband_low": {
        "mean": 0.00898673478514,
        "stdev": 0.00706642586738
    },
    "spectral_energyband_middle_high": {
        "mean": 0.00400757370517,
        "stdev": 0.00529947597533
    },
    "spectral_energyband_middle_low": {
        "mean": 0.0149000883102,
        "stdev": 0.0134910559282
    },
    "spectral_entropy": {
        "mean": 7.08592414856,
        "stdev": 0.689713358879
    },
    "spectral_flux": {
        "mean": 0.0945503860712,
        "stdev": 0.0508385784924
    },
    "spectral_kurtosis": {
        "mean": 11.3161649704,
        "stdev": 12.3828077316
    },
    "spectral_rms": {
        "mean": 0.00461690220982,
        "stdev": 0.0024269442074
    },
    "spectral_rolloff": {
        "mean": 1908.5760498,
        "stdev": 3251.53881836
    },
    "spectral_skewness": {
        "mean": 2.10306930542,
        "stdev": 1.23981392384
    },
    "spectral_spread": {
        "mean": 3411864.75,
        "stdev": 1684949.875
    },
    "spectral_strongpeak": {
        "mean": 0.826732873917,
        "stdev": 0.949910759926
    },
    "zerocrossingrate": {
        "mean": 0.0789906382561,
        "stdev": 0.0846473798156
    },
    "barkbands": {
        "mean": [1.92461684492e-05, 0.00307896267623, 0.00548509368673, 0.00117558718193, 0.00491999508813, 0.00150062516332, 0.00251238443889, 0.00285365735181, 0.00173496711068, 0.000527250289451, 0.000473829742987, 0.000720764277503, 0.000689287611749, 0.000381521356758, 0.000220040936256, 0.000246746290941, 0.000272005650913, 9.6483337984e-05, 0.000366484979168, 0.000173568041646, 0.000123258141684, 0.000120849981613, 0.000101836543763, 5.52558485651e-05, 9.99498752208e-06, 3.62808327736e-06, 2.2707547032e-05],
        "stdev": [9.35364223551e-05, 0.00296149356291, 0.00557719450444, 0.00189287296962, 0.00615056511015, 0.00235804077238, 0.00471510225907, 0.00535109825432, 0.00416005821899, 0.00127880787477, 0.00120381743181, 0.00171547255013, 0.00197200314142, 0.00118403043598, 0.000703769910615, 0.000564065005165, 0.00051303289365, 0.000212601473322, 0.000689046690241, 0.00032358741737, 0.000435654132161, 0.000448189792223, 0.000412948022131, 0.000242356152739, 3.4574597521e-05, 1.04472392195e-05, 6.19732645646e-06]
    },
    "erbbands": {
        "mean": [0.02301235497, 0.979763627052, 6.2299323082, 4.4042263031, 14.2757310867, 15.1199264526, 7.52290439606, 14.4664182663, 28.2021141052, 50.8811416626, 64.2961349487, 39.4830245972, 20.3267555237, 16.8033103943, 23.079372406, 29.6613063812, 30.925579071, 24.2815093994, 13.2917442322, 13.1831226349, 13.2599592209, 14.9218454361, 6.40311384201, 8.33376502991, 22.7175712585, 8.16806507111, 5.54917955399, 4.2376499176, 4.22344350815, 4.16094112396, 2.51997113228, 1.36474275589, 0.81080019474, 0.195318982005, 0.0412259958684, 0.0206316877156, 0.00606330716982, 0.000349053298123, 0.00105628115125, 0.000710871012416],
        "stdev": [0.0312831699848, 0.877985477448, 5.6526517868, 5.31448507309, 17.5552902222, 25.5088024139, 10.2383537292, 24.6820316315, 52.2734870911, 94.59740448, 123.508163452, 89.7096252441, 50.4026527405, 41.2095756531, 55.2366218567, 68.8455352783, 83.8377304077, 69.3441009521, 39.70570755, 34.5480117798, 25.9217796326, 28.3993701935, 13.8200712204, 15.9778623581, 42.5957870483, 14.805642128, 18.2460823059, 15.501001358, 15.7519798279, 16.4968910217, 10.2909393311, 5.95102596283, 3.60885500908, 0.746266543865, 0.125554338098, 0.058127027005, 0.0186809822917, 0.000901775085367, 0.000296792626614, 0.000188542078831]
    },
    "gfcc": {
        "mean": [-66.0224304199, 109.416770935, -86.9572143555, 26.1142120361, -35.3709831238, -12.4248762131, -22.4261474609, -5.92433309555, -6.62743377686, -12.6382188797, 2.25245308876, -17.1441173553, -10.4408807755],
        "cov": [[8914.02929688, 1133.24621582, -2342.41821289, -45.438533783, -782.152160645, 60.6722145081, -794.770263672, 605.534240723, -427.197753906, -67.2714996338, -228.149856567, -250.90071106, -620.080505371], [1133.24621582, 3615.30273438, 34.3865814209, -1420.13427734, 406.591644287, -534.714355469, -125.040565491, 26.9282684326, -34.0917663574, -657.424865723, 17.059720993, -186.087081909, -171.290725708], [-2342.41821289, 34.3865814209, 1282.2833252, 173.276092529, 142.056411743, -27.8793830872, 137.606704712, -188.792617798, 101.5417099, -72.947479248, 2.16726756096, 119.277763367, 188.818191528], [-45.438533783, -1420.13427734, 173.276092529, 1240.16662598, -34.5147819519, -28.9119205475, -219.91758728, -123.651481628, 31.6349754333, 252.249908447, -21.1283836365, 73.2986679077, 103.689666748], [-782.152160645, 406.591644287, 142.056411743, -34.5147819519, 510.829742432, -149.971984863, -136.062347412, -121.191925049, 75.52293396, -32.7002182007, 38.1334953308, -47.5688095093, 55.792842865], [60.6722145081, -534.714355469, -27.8793830872, -28.9119205475, -149.971984863, 438.715209961, 139.836807251, 21.0702495575, -10.6788406372, 128.998031616, -28.3080234528, 16.9940319061, -14.7215147018], [-794.770263672, -125.040565491, 137.606704712, -219.91758728, -136.062347412, 139.836807251, 470.983825684, 41.7976036072, -41.2164764404, 13.5857534409, 41.8409233093, 21.2548408508, 29.44896698], [605.534240723, 26.9282684326, -188.792617798, -123.651481628, -121.191925049, 21.0702495575, 41.7976036072, 241.277694702, -47.4790687561, -29.712228775, -6.33746767044, -16.6629257202, -47.3002929688], [-427.197753906, -34.0917663574, 101.5417099, 31.6349754333, 75.52293396, -10.6788406372, -41.2164764404, -47.4790687561, 165.945953369, 11.139591217, -8.66454029083, 34.4082336426, 37.6194152832], [-67.2714996338, -657.424865723, -72.947479248, 252.249908447, -32.7002182007, 128.998031616, 13.5857534409, -29.712228775, 11.139591217, 287.740661621, 16.406463623, -29.3300304413, 26.5999774933], [-228.149856567, 17.059720993, 2.16726756096, -21.1283836365, 38.1334953308, -28.3080234528, 41.8409233093, -6.33746767044, -8.66454029083, 16.406463623, 110.477233887, -17.249956131, 3.13108158112], [-250.90071106, -186.087081909, 119.277763367, 73.2986679077, -47.5688095093, 16.9940319061, 21.2548408508, -16.6629257202, 34.4082336426, -29.3300304413, -17.249956131, 166.527664185, 25.5999622345], [-620.080505371, -171.290725708, 188.818191528, 103.689666748, 55.792842865, -14.7215147018, 29.44896698, -47.3002929688, 37.6194152832, 26.5999774933, 3.13108158112, 25.5999622345, 143.102493286]],
        "icov": [[0.00173443579115, -0.00230311020277, 0.00243971170858, -0.00252845231444, 0.00241117249243, -0.0021624637302, 0.00198843050748, -0.00207501417026, 0.00173614395317, -0.00140358263161, 0.00134257518221, -0.000771747727413, 0.0010273020016], [-0.00230311020277, 0.00437660468742, -0.00353646092117, 0.00464275572449, -0.00351917673834, 0.00387446116656, -0.00216528074816, 0.00313969817944, -0.00213362416252, 0.003214181168, -0.00157957454212, 0.00202783988789, -0.000549544231035], [0.00243971170858, -0.00353646092117, 0.00473411288112, -0.00408316636458, 0.00325257726945, -0.00337213161401, 0.00216120691039, -0.00236757495441, 0.00209970469587, -0.00157221127301, 0.00190375233069, -0.00165389012545, 0.000202752140467], [-0.00252845231444, 0.00464275572449, -0.00408316636458, 0.00636783521622, -0.00340326409787, 0.00452370243147, -0.00158074125648, 0.0037018225994, -0.00196770415641, 0.00187914259732, -0.00167156907264, 0.00140775565524, -0.00133142038248], [0.00241117249243, -0.00351917673834, 0.00325257726945, -0.00340326409787, 0.0065471897833, -0.0026803012006, 0.00357303139754, -0.00187422661111, 0.00153435918037, -0.00224697892554, 0.000799423432909, -0.000303968554363, 0.00027787531144], [-0.0021624637302, 0.00387446116656, -0.00337213161401, 0.00452370243147, -0.0026803012006, 0.00686986558139, -0.00283179921098, 0.00297637865879, -0.00207179947756, 0.000811755133327, -0.000291867443593, 0.001238866942, -6.41780352453e-05], [0.00198843050748, -0.00216528074816, 0.00216120691039, -0.00158074125648, 0.00357303139754, -0.00283179921098, 0.00594010110945, -0.00249981344678, 0.00283408584073, -0.00164369004779, 6.28604029771e-05, -0.000889804388862, 0.00030330568552], [-0.00207501417026, 0.00313969817944, -0.00236757495441, 0.0037018225994, -0.00187422661111, 0.00297637865879, -0.00249981344678, 0.00819600746036, -0.00155885063577, 0.00263575441204, -0.00144190504216, 0.00151636940427, -0.000850933196489], [0.00173614395317, -0.00213362416252, 0.00209970469587, -0.00196770415641, 0.00153435918037, -0.00207179947756, 0.00283408584073, -0.00155885063577, 0.0092996135354, -0.00212057773024, 0.00194623693824, -0.0023747687228, 4.61721210741e-05], [-0.00140358263161, 0.003214181168, -0.00157221127301, 0.00187914259732, -0.00224697892554, 0.000811755133327, -0.00164369004779, 0.00263575441204, -0.00212057773024, 0.00882499758154, -0.00215733796358, 0.00344836409204, -0.00100529962219], [0.00134257518221, -0.00157957454212, 0.00190375233069, -0.00167156907264, 0.000799423432909, -0.000291867443593, 6.28604029771e-05, -0.00144190504216, 0.00194623693824, -0.00215733796358, 0.0116770407185, -5.80428859394e-05, 0.00143910886254], [-0.000771747727413, 0.00202783988789, -0.00165389012545, 0.00140775565524, -0.000303968554363, 0.001238866942, -0.000889804388862, 0.00151636940427, -0.0023747687228, 0.00344836409204, -5.80428859394e-05, 0.00888324249536, -0.000428873405326], [0.0010273020016, -0.000549544231035, 0.000202752140467, -0.00133142038248, 0.00027787531144, -6.41780352453e-05, 0.00030330568552, -0.000850933196489, 4.61721210741e-05, -0.00100529962219, 0.00143910886254, -0.000428873405326, 0.0112401731312]]
    },
    "melbands": {
        "mean": [0.000495166634209, 0.00261895405129, 0.00105610734317, 0.00123946194071, 0.000301240856061, 0.000322304666042, 0.000457878108136, 0.000573074445128, 0.000521927664522, 0.000220338712097, 9.485015471e-05, 6.49474895908e-05, 6.9855923357e-05, 8.33117883303e-05, 7.26913203835e-05, 6.53325332678e-05, 4.22619887104e-05, 2.15082163777e-05, 1.68534043041e-05, 1.81536179298e-05, 1.49789584611e-05, 1.71115134435e-05, 8.66184564075e-06, 3.97048506784e-06, 5.93908544033e-06, 1.69831346284e-05, 1.22160472529e-05, 3.94543985749e-06, 3.20866706716e-06, 3.36415996571e-06, 2.1734888378e-06, 2.36835967371e-06, 2.35325956055e-06, 2.33484843193e-06, 1.54179554102e-06, 1.05176229681e-06, 7.3479253615e-07, 6.44034457764e-07, 3.19347691402e-07, 1.12379289874e-07],
        "stdev": [0.000483275129227, 0.00219479645602, 0.00101679703221, 0.00162463798188, 0.000443437573267, 0.00052581820637, 0.000837403000332, 0.00103982037399, 0.00102412689012, 0.000521969981492, 0.000241873422056, 0.000165540681337, 0.00017156265676, 0.000205227886909, 0.000187217519851, 0.000193035317352, 0.000130813321448, 7.0693276939e-05, 5.51659104531e-05, 4.59416369267e-05, 2.97243495879e-05, 3.32059971697e-05, 2.10176149267e-05, 8.90754927241e-06, 1.26486520458e-05, 3.36431876349e-05, 2.2524222004e-05, 9.15986947803e-06, 1.0737770026e-05, 1.24778662212e-05, 8.5174533524e-06, 9.02575357031e-06, 9.27524797589e-06, 9.80723052635e-06, 6.45997306492e-06, 4.82154882775e-06, 3.24887241732e-06, 2.89177569357e-06, 1.43832164667e-06, 3.86318532719e-07]
    },
    "melbands128": {
        "mean": [1.61866009876e-05, 6.46220869385e-05, 0.000309094844852, 0.00200048345141, 0.00353506789543, 0.00225591263734, 0.000710393069312, 0.000692608417012, 0.00160276528914, 0.00174542726018, 0.000898400554433, 0.000275630212855, 0.000205498712603, 0.000268594332738, 0.00032125695725, 0.000340952072293, 0.000386071449611, 0.00046412050142, 0.000554420985281, 0.000595410878304, 0.000570193165913, 0.000551341741811, 0.000570444564801, 0.000448569539003, 0.000260078086285, 0.000125532242237, 0.000128154992126, 9.73910209723e-05, 6.40576763544e-05, 6.23254745733e-05, 6.9783294748e-05, 5.96176505496e-05, 6.80885495967e-05, 7.71992781665e-05, 8.22599686217e-05, 9.10163507797e-05, 7.18777155271e-05, 7.2790440754e-05, 7.4349467468e-05, 6.48448622087e-05, 6.94271948305e-05, 5.75797930651e-05, 4.50392071798e-05, 3.36791672453e-05, 2.41812740569e-05, 2.08616093005e-05, 1.59407773026e-05, 1.66943518707e-05, 1.63454151334e-05, 1.87328241736e-05, 1.99178393814e-05, 1.65168185049e-05, 1.27050670926e-05, 1.48773979163e-05, 1.85960852832e-05, 1.8951292077e-05, 1.47356440721e-05, 1.04589698822e-05, 6.61656986267e-06, 4.6332461352e-06, 3.51523317477e-06, 3.42940143128e-06, 4.75086017104e-06, 6.05896366324e-06, 8.64087905939e-06, 1.66639474628e-05, 2.43184658757e-05, 1.70855619217e-05, 9.05382330529e-06, 5.66250946576e-06, 3.76394132218e-06, 3.24815368913e-06, 2.83537769974e-06, 3.13132090923e-06, 3.65687742487e-06, 3.98526481149e-06, 3.07576442538e-06, 1.99621013053e-06, 1.98113298211e-06, 2.45488354267e-06, 2.22263133764e-06, 2.49894947046e-06, 2.33644641412e-06, 2.36492087424e-06, 2.27010718845e-06, 2.51543769991e-06, 2.38749726122e-06, 1.92322318071e-06, 1.55567124693e-06, 1.17397348731e-06, 1.1935388784e-06, 1.00919567103e-06, 8.50796595842e-07, 7.35288097076e-07, 6.16604324932e-07, 7.48650279547e-07, 6.36022150502e-07, 5.5096035112e-07, 3.35584957156e-07, 2.02619801826e-07, 1.37514945209e-07, 1.03749663083e-07, 7.2553028474e-08, 5.03019492726e-08, 3.78209819019e-08, 3.0256046557e-08, 2.89835053735e-08, 3.28272484751e-08, 3.93488264194e-08, 3.92268830751e-08, 3.33082788018e-08, 2.60168580013e-08, 1.78792998184e-08, 1.10711448897e-08, 4.43267422767e-09, 7.69829922032e-10, 1.15532791667e-10, 1.44498735893e-11, 6.80001497819e-12, 3.44685030518e-10, 6.41563424608e-09, 8.79043504654e-09, 3.09707701263e-07, 5.87984175127e-07, 4.0496752618e-09, 3.03495228948e-09, 1.42576991879e-10, 4.02833539095e-12],
        "stdev": [8.91064701136e-05, 0.000277889514109, 0.000427110673627, 0.00196986761875, 0.00316058890894, 0.0025856748689, 0.00126293394715, 0.00116550747771, 0.00228459923528, 0.00284002348781, 0.00222162832506, 0.000684717728291, 0.000361776677892, 0.000582237495109, 0.000741903088056, 0.000691413937602, 0.000901081832126, 0.0011510795448, 0.00144606840331, 0.0014152697986, 0.00143062206917, 0.00130103842821, 0.0014423027169, 0.00125815230422, 0.000788493489381, 0.000405794766266, 0.000496138702147, 0.000288667652057, 0.000167609789059, 0.000209069767152, 0.000210462647374, 0.000181182927918, 0.000195404019905, 0.000246112467721, 0.000246747629717, 0.00028163427487, 0.000204059426324, 0.000214660482015, 0.000259382475633, 0.000214328916627, 0.000264441187028, 0.000192092687939, 0.000161021613167, 0.000131846216391, 9.6877804026e-05, 8.21976136649e-05, 5.7748198742e-05, 7.73090869188e-05, 5.76743041165e-05, 5.86503265367e-05, 5.68856739847e-05, 4.56790003227e-05, 3.3017462556e-05, 3.40787046298e-05, 4.1346756916e-05, 4.38421266153e-05, 3.62658756785e-05, 3.08671442326e-05, 1.79954095074e-05, 1.23451272884e-05, 9.43189934333e-06, 7.58070882512e-06, 1.18446960187e-05, 1.47456876221e-05, 2.02596020245e-05, 3.7885572965e-05, 5.32080593985e-05, 3.56198070222e-05, 1.92955430975e-05, 1.33952325996e-05, 9.54340885073e-06, 1.09101110866e-05, 9.75473540166e-06, 1.14484764708e-05, 1.43870911415e-05, 1.59599603649e-05, 1.24182106447e-05, 8.15217208583e-06, 9.02670217329e-06, 1.0606448086e-05, 9.07664343686e-06, 1.03843212855e-05, 9.9013768704e-06, 1.09567972686e-05, 9.54846836976e-06, 1.1605434338e-05, 1.10736636998e-05, 8.26686027722e-06, 7.23880975784e-06, 5.43554142496e-06, 5.81005087952e-06, 5.29442240804e-06, 4.05483615395e-06, 3.45985495187e-06, 2.87345255856e-06, 3.5310590647e-06, 3.05697540171e-06, 2.78065817838e-06, 1.64650373335e-06, 8.40085704112e-07, 4.88307421165e-07, 3.75375549311e-07, 2.28760796972e-07, 1.64731360996e-07, 1.21739276437e-07, 9.90324551253e-08, 8.94613236824e-08, 9.55593009166e-08, 1.16657105309e-07, 1.27596777588e-07, 1.12585972545e-07, 9.04483172803e-08, 5.94123825692e-08, 3.86263536711e-08, 1.7632153515e-08, 3.1340883222e-09, 2.98902014251e-10, 6.07456585033e-11, 3.27775966091e-11, 9.47951606101e-10, 1.10488240779e-08, 1.30817765509e-08, 8.62753424258e-08, 1.64466740671e-07, 7.75761144212e-09, 6.48808562431e-09, 4.53350246232e-10, 8.28467329461e-12]
    },
    "mfcc": {
        "mean": [-724.16394043, 151.525161743, 10.8049898148, 36.9372520447, 11.3891563416, 0.530988574028, -1.08490467072, 4.61906051636, -10.4678907394, 9.67520332336, -0.0683250725269, 0.865839123726, 8.93348503113],
        "cov": [[9614.01757812, 364.539764404, -1823.03234863, -363.901153564, -279.434143066, -709.810668945, -283.611755371, 88.5935516357, -490.768371582, 434.697906494, -104.288330078, -124.968894958, 204.962097168], [364.539764404, 4651.30322266, -416.707458496, -857.378295898, 225.621627808, -743.709289551, -79.1679000854, 399.667053223, -280.612365723, 12.9390335083, -263.982116699, -303.095153809, 311.932006836], [-1823.03234863, -416.707458496, 1084.41894531, 222.042449951, -60.9093666077, 239.004333496, 38.0686340332, 38.8133010864, 146.906555176, -114.989830017, -49.9646835327, 27.3468170166, -26.5299263], [-363.901153564, -857.378295898, 222.042449951, 904.185546875, 269.49810791, 89.306930542, -155.381576538, -185.504455566, -18.5358905792, -75.2197647095, -33.7865791321, -33.4359550476, -47.1149139404], [-279.434143066, 225.621627808, -60.9093666077, 269.49810791, 619.038085938, 3.02020812035, -199.652908325, -119.190887451, -64.2154159546, 4.92378759384, -60.1414871216, -62.7146759033, -10.0876626968], [-709.810668945, -743.709289551, 239.004333496, 89.306930542, 3.02020812035, 465.295013428, 37.032749176, -133.038986206, 115.138397217, -51.2292900085, 84.5907363892, 101.113830566, -91.0751419067], [-283.611755371, -79.1679000854, 38.0686340332, -155.381576538, -199.652908325, 37.032749176, 348.478027344, 3.06199097633, 45.7595672607, 50.4844894409, 49.470249176, 74.0425186157, -21.5998744965], [88.5935516357, 399.667053223, 38.8133010864, -185.504455566, -119.190887451, -133.038986206, 3.06199097633, 320.190917969, -27.2430877686, -33.3847618103, -29.9833755493, -69.4859008789, 56.823551178], [-490.768371582, -280.612365723, 146.906555176, -18.5358905792, -64.2154159546, 115.138397217, 45.7595672607, -27.2430877686, 219.221282959, -23.8918457031, 15.8460683823, 67.4042129517, -35.5634880066], [434.697906494, 12.9390335083, -114.989830017, -75.2197647095, 4.92378759384, -51.2292900085, 50.4844894409, -33.3847618103, -23.8918457031, 209.057434082, -1.99315607548, -0.346564382315, 14.0454683304], [-104.288330078, -263.982116699, -49.9646835327, -33.7865791321, -60.1414871216, 84.5907363892, 49.470249176, -29.9833755493, 15.8460683823, -1.99315607548, 169.540512085, 45.3417167664, -58.8316688538], [-124.968894958, -303.095153809, 27.3468170166, -33.4359550476, -62.7146759033, 101.113830566, 74.0425186157, -69.4859008789, 67.4042129517, -0.346564382315, 45.3417167664, 186.414978027, -20.8382492065], [204.962097168, 311.932006836, -26.5299263, -47.1149139404, -10.0876626968, -91.0751419067, -21.5998744965, 56.823551178, -35.5634880066, 14.0454683304, -58.8316688538, -20.8382492065, 162.342529297]],
        "icov": [[0.000208259589272, 4.80850976601e-05, 0.000301286985632, 3.77377227778e-06, 0.000225021169172, 7.51400730223e-05, 0.000255334482063, -3.02213138639e-05, 0.000257773092017, -0.000287538219709, 0.000226141288294, -5.76178863412e-05, -4.84059310111e-05], [4.80850976601e-05, 0.000494946725667, 1.8092814571e-05, 0.000557292427402, -0.000339979480486, 0.000514422426932, -7.25701029296e-05, 8.56189308251e-06, 0.000255654420471, 0.000292722892482, 0.000304390210658, 0.000361707352567, -0.000404794845963], [0.000301286985632, 1.8092814571e-05, 0.00179477327038, -0.0004758509167, 0.000506444775965, -0.000683098274749, 0.00011561170686, -0.000631308939774, -0.000227016658755, -0.000132948247483, 0.00103642907925, -3.25497640006e-05, -4.21592558268e-05], [3.77377227778e-06, 0.000557292427402, -0.0004758509167, 0.00229852460325, -0.000824347895104, 0.000683990190737, 0.000231865153182, 0.00103987369221, 0.000523771450389, 0.000899709353689, 0.000356119970093, 0.000738283444662, -0.000226167903747], [0.000225021169172, -0.000339979480486, 0.000506444775965, -0.000824347895104, 0.00297338725068, -0.000506614800543, 0.00141968694516, 0.00063674163539, 0.000511691556312, -0.000870472518727, 0.000720017123967, 2.20159781747e-05, 0.000530400080606], [7.51400730223e-05, 0.000514422426932, -0.000683098274749, 0.000683990190737, -0.000506614800543, 0.00420094840229, 1.73616317625e-05, 0.00116739841178, -0.000522775168065, 0.000814569124486, -0.00100610952359, -0.000440538249677, 0.000316397228744], [0.000255334482063, -7.25701029296e-05, 0.00011561170686, 0.000231865153182, 0.00141968694516, 1.73616317625e-05, 0.00445205811411, 0.000142543314723, 0.000200030903216, -0.00147500575986, -0.000216265965719, -0.0011367831612, 0.000490815436933], [-3.02213138639e-05, 8.56189308251e-06, -0.000631308939774, 0.00103987369221, 0.00063674163539, 0.00116739841178, 0.000142543314723, 0.00513445446268, 0.000157637128723, 0.00121803116053, -0.000180801769602, 0.00161164428573, -0.000792897888459], [0.000257773092017, 0.000255654420471, -0.000227016658755, 0.000523771450389, 0.000511691556312, -0.000522775168065, 0.000200030903216, 0.000157637128723, 0.00652282265946, 6.00417406531e-05, 0.00097667297814, -0.0013771498343, 0.000609083857853], [-0.000287538219709, 0.000292722892482, -0.000132948247483, 0.000899709353689, -0.000870472518727, 0.000814569124486, -0.00147500575986, 0.00121803116053, 6.00417406531e-05, 0.0064349649474, 1.83375395864e-05, 0.000684764352627, -0.000628782261629], [0.000226141288294, 0.000304390210658, 0.00103642907925, 0.000356119970093, 0.000720017123967, -0.00100610952359, -0.000216265965719, -0.000180801769602, 0.00097667297814, 1.83375395864e-05, 0.00854218844324, -0.000829180295113, 0.00211872137152], [-5.76178863412e-05, 0.000361707352567, -3.25497640006e-05, 0.000738283444662, 2.20159781747e-05, -0.000440538249677, -0.0011367831612, 0.00161164428573, -0.0013771498343, 0.000684764352627, -0.000829180295113, 0.00793688278645, -0.00101709109731], [-4.84059310111e-05, -0.000404794845963, -4.21592558268e-05, -0.000226167903747, 0.000530400080606, 0.000316397228744, 0.000490815436933, -0.000792897888459, 0.000609083857853, -0.000628782261629, 0.00211872137152, -0.00101709109731, 0.00830456987023]]
    },
    "spectral_contrast_coeffs": {
        "mean": [-0.674701690674, -0.736648023129, -0.807543873787, -0.807035624981, -0.759297430515, -0.778401970863],
        "stdev": [0.114413119853, 0.0920890495181, 0.0734524279833, 0.061481885612, 0.0760229080915, 0.0533571690321]
    },
    "spectral_contrast_valleys": {
        "mean": [-7.10446310043, -7.05173921585, -8.0503692627, -8.29845333099, -8.47472381592, -11.406080246],
        "stdev": [0.99385035038, 1.29350161552, 1.34396576881, 1.25509881973, 1.21122896671, 1.18897402287]
    }
},
"rhythm": {
    "beats_count": 114,
    "beats_loudness": {
        "mean": 0.0395966470242,
        "stdev": 0.0198672208935
    },
    "bpm": 117.124092102,
    "bpm_histogram_first_peak_bpm": 117,
    "bpm_histogram_first_peak_weight": 0.513513445854,
    "bpm_histogram_second_peak_bpm": 105,
    "bpm_histogram_second_peak_spread": 0.633333325386,
    "bpm_histogram_second_peak_weight": 0.097345136106,
    "danceability": 1.40942931175,
    "onset_rate": 5.65477085114,
    "beats_loudness_band_ratio": {
        "mean": [0.422170609236, 0.17288634181, 0.265136778355, 0.0903081744909, 0.0352906920016, 0.0754109174013],
        "stdev": [0.192678242922, 0.125561162829, 0.185544610023, 0.0747500583529, 0.0464973971248, 0.160675987601]
    },
    "beats_position": [0.615328788757, 1.25387752056, 1.89242625237, 2.54258489609, 3.14630389214, 3.76163268089, 4.3653512001, 4.87619018555, 5.39863920212, 5.94430828094, 6.47836732864, 7.01242637634, 7.53487491608, 8.05732440948, 8.59138298035, 9.11383247375, 9.65950107574, 10.1935596466, 10.7043991089, 11.2152376175, 11.7260770798, 12.3065757751, 12.8986845016, 13.479183197, 14.0712919235, 14.6517915726, 15.2090702057, 15.7779588699, 16.3700675964, 16.9273471832, 17.5078449249, 18.0651245117, 18.6224040985, 19.1912918091, 19.6905212402, 20.2013607025, 20.7354183197, 21.1765975952, 21.6293869019, 22.0705661774, 22.523355484, 22.9645347595, 23.4289340973, 23.8585033417, 24.2880725861, 24.7176418304, 25.158821106, 25.6464385986, 26.1224479675, 26.5868473053, 27.0280265808, 27.4459857941, 27.8871650696, 28.316734314, 28.7579135895, 29.199092865, 29.6402721405, 30.081451416, 30.5110206604, 30.9521980286, 31.4514274597, 31.962266922, 32.4614944458, 32.9723358154, 33.4831733704, 33.99401474, 34.5164604187, 35.0156898499, 35.5381393433, 36.1534690857, 36.7455787659, 37.2680282593, 37.7788658142, 38.3013153076, 38.8005447388, 39.3229942322, 39.8222198486, 40.3330612183, 40.8438987732, 41.3547401428, 41.8771858215, 42.3996353149, 42.9336967468, 43.467754364, 44.0018119812, 44.5474815369, 45.0583229065, 45.5691604614, 46.0799980164, 46.590839386, 47.0900688171, 47.6009063721, 48.1233558655, 48.6574134827, 49.2263031006, 49.78358078, 50.3408622742, 50.9097480774, 51.4670295715, 52.0359191895, 52.6048049927, 53.1853065491, 53.7658042908, 54.3346939087, 54.9035835266, 55.4724693298, 56.0529708862, 56.6218566895, 57.2023582458, 57.7712478638, 58.3749656677, 58.9902954102, 59.6056213379, 60.2209510803],
    "bpm_histogram": [0, 0, 0, 0, 0, 0, 0, 0, 0, 0, 0, 0, 0, 0, 0, 0, 0, 0, 0, 0, 0, 0, 0, 0, 0, 0, 0, 0, 0, 0, 0, 0, 0, 0, 0, 0, 0, 0, 0, 0, 0, 0, 0, 0, 0, 0, 0, 0, 0, 0, 0, 0, 0, 0, 0, 0, 0, 0, 0, 0, 0, 0, 0, 0, 0, 0, 0, 0, 0, 0, 0, 0, 0, 0, 0, 0, 0, 0, 0, 0, 0, 0, 0, 0, 0, 0, 0, 0, 0, 0, 0, 0, 0.00884955748916, 0, 0.0176991149783, 0, 0, 0, 0.0442477874458, 0.0265486724675, 0, 0.0353982299566, 0, 0.0707964599133, 0, 0.097345136106, 0, 0, 0.0619469024241, 0, 0.0265486724675, 0, 0.0796460211277, 0, 0, 0.10619468987, 0, 0.159292042255, 0, 0, 0.0619469024241, 0, 0, 0.00884955748916, 0, 0, 0.00884955748916, 0, 0, 0.0176991149783, 0, 0, 0, 0.0176991149783, 0, 0, 0.097345136106, 0, 0, 0, 0.0442477874458, 0, 0, 0, 0.00884955748916, 0, 0, 0, 0, 0, 0, 0, 0, 0, 0, 0, 0, 0, 0, 0, 0, 0, 0, 0, 0, 0, 0, 0, 0, 0, 0, 0, 0, 0, 0, 0, 0, 0, 0, 0, 0, 0, 0, 0, 0, 0, 0, 0, 0, 0, 0, 0, 0, 0, 0, 0, 0, 0, 0, 0, 0, 0, 0, 0, 0, 0, 0, 0, 0, 0, 0, 0, 0, 0, 0, 0, 0, 0, 0, 0, 0, 0, 0, 0, 0, 0, 0, 0, 0, 0, 0, 0, 0, 0, 0, 0, 0, 0, 0, 0, 0, 0, 0, 0, 0, 0, 0, 0, 0, 0]
},
"tonal": {
    "chords_changes_rate": 0.215209126472,
    "chords_number_rate": 0.0121673000976,
    "chords_strength": {
        "mean": 0.437400519848,
        "stdev": 0.101040482521
    },
    "hpcp_crest": {
        "mean": 11.95266819,
        "stdev": 5.24255895615
    },
    "hpcp_entropy": {
        "mean": 2.22586727142,
        "stdev": 0.747559726238
    },
    "key_edma": {
        "strength": 0.334193408489,
        "key": "G",
        "scale": "minor"
    },
    "key_krumhansl": {
        "strength": 0.333591461182,
        "key": "G",
        "scale": "minor"
    },
    "key_temperley": {
        "strength": 0.330290496349,
        "key": "G",
        "scale": "minor"
    },
    "tuning_diatonic_strength": 0.57673728466,
    "tuning_equal_tempered_deviation": 0.227460220456,
    "tuning_frequency": 435.952270508,
    "tuning_nontempered_energy_ratio": 0.891742229462,
    "hpcp": {
        "mean": [0.138735815883, 0.109872236848, 0.11184784025, 0.108978398144, 0.100508764386, 0.0832408964634, 0.0782473385334, 0.0841308161616, 0.0772431492805, 0.0727276727557, 0.0672051385045, 0.0688262283802, 0.0743039101362, 0.0715131312609, 0.0840258151293, 0.101712688804, 0.104212224483, 0.100569561124, 0.0960934683681, 0.0806380435824, 0.0737990513444, 0.0797859728336, 0.0859642028809, 0.102638840675, 0.113349176943, 0.110995471478, 0.121414378285, 0.144869312644, 0.157592698932, 0.169545814395, 0.185995280743, 0.194745823741, 0.193548262119, 0.179135516286, 0.164614275098, 0.164774179459],
        "stdev": [0.268384605646, 0.230715200305, 0.230995565653, 0.2211586833, 0.209089174867, 0.189565494657, 0.188268139958, 0.193868473172, 0.168979033828, 0.170874089003, 0.157095462084, 0.159224659204, 0.169723019004, 0.153248697519, 0.180588066578, 0.205486744642, 0.210224017501, 0.204523846507, 0.199471414089, 0.168035700917, 0.157399073243, 0.167354986072, 0.177669763565, 0.204602584243, 0.22985380888, 0.229553431273, 0.23938652873, 0.268428176641, 0.284088611603, 0.289410471916, 0.300990909338, 0.307747006416, 0.306700497866, 0.298469305038, 0.288136929274, 0.287762403488]
    },
    "chords_histogram": [4.94296598434, 0, 0.684410631657, 1.29277563095, 1.14068436623, 5.09505701065, 2.28136873245, 18.2509498596, 10.1140680313, 2.5855512619, 5.24714851379, 0.836501896381, 6.08365011215, 2.50950574875, 1.82509505749, 0.608364999294, 0, 0, 0, 9.35361194611, 12.5475282669, 9.5817489624, 4.7908744812, 0.228136882186],
    "thpcp": [1, 0.993850648403, 0.919842660427, 0.845277547836, 0.846098661423, 0.712394297123, 0.564182758331, 0.574327290058, 0.559592962265, 0.516102254391, 0.427433550358, 0.401792138815, 0.432003200054, 0.396635711193, 0.373449206352, 0.345091551542, 0.353415697813, 0.381543010473, 0.36721265316, 0.431464016438, 0.522284328938, 0.535119175911, 0.51641446352, 0.493430197239, 0.414068162441, 0.378950625658, 0.409692853689, 0.441417425871, 0.52704000473, 0.582036495209, 0.569950461388, 0.62345045805, 0.743889212608, 0.809222459793, 0.870600521564, 0.955066859722],
    "chords_key": "G",
    "chords_scale": "major"
}
}