{
"metadata": {
    "version": {
        "essentia": "2.1-dev",
        "essentia_git_sha": "v2.1_beta3-415-gd5473f3",
        "extractor": "music 2.0"
    },
    "audio_properties": {
        "analysis": {
            "equal_loudness": 0,
            "length": 61.8579597473,
            "sample_rate": 44100,
            "start_time": 0,
            "downmix": "mix"
        },
        "bit_rate": 192000,
        "length": 61.8579597473,
        "lossless": 0,
        "number_channels": 2,
        "replay_gain": -5.77113723755,
        "sample_rate": 44100,
        "codec": "mp3",
        "md5_encoded": "4590c3af6431a81334ab98cb1145a089"
    },
    "tags": {
        "file_name": "monologo_hombre_08.mp3",
        "date": ["2004"],
        "engineer": ["rosamerica tamyo"]
    }
},
"lowlevel": {
    "average_loudness": 0.971918821335,
    "barkbands_crest": {
        "mean": 9.54749488831,
        "stdev": 3.60665178299
    },
    "barkbands_flatness_db": {
        "mean": 0.193789511919,
        "stdev": 0.0749519467354
    },
    "barkbands_kurtosis": {
        "mean": 11.8263711929,
        "stdev": 21.4625988007
    },
    "barkbands_skewness": {
        "mean": 1.7314902544,
        "stdev": 2.13659572601
    },
    "barkbands_spread": {
        "mean": 22.8947811127,
        "stdev": 24.4139041901
    },
    "dissonance": {
        "mean": 0.443891137838,
        "stdev": 0.0470226109028
    },
    "dynamic_complexity": 3.66988897324,
    "erbbands_crest": {
        "mean": 9.76578521729,
        "stdev": 3.53793644905
    },
    "erbbands_flatness_db": {
        "mean": 0.196942150593,
        "stdev": 0.0517122149467
    },
    "erbbands_kurtosis": {
        "mean": 2.79156374931,
        "stdev": 5.86606359482
    },
    "erbbands_skewness": {
        "mean": 0.417955607176,
        "stdev": 1.35522592068
    },
    "erbbands_spread": {
        "mean": 31.3182010651,
        "stdev": 19.795135498
    },
    "hfc": {
        "mean": 17.0910739899,
        "stdev": 16.1873970032
    },
    "loudness_ebu128": {
        "integrated": -18.2203273773,
        "loudness_range": 1.28058815002,
        "momentary": {
            "mean": -18.6545085907,
            "stdev": 2.23146104813
        },
        "short_term": {
            "mean": -18.3186531067,
            "stdev": 0.471366286278
        }
    },
    "melbands_crest": {
        "mean": 14.4070005417,
        "stdev": 5.11792898178
    },
    "melbands_flatness_db": {
        "mean": 0.281980961561,
        "stdev": 0.111161924899
    },
    "melbands_kurtosis": {
        "mean": 16.3279190063,
        "stdev": 24.8124599457
    },
    "melbands_skewness": {
        "mean": 2.49998521805,
        "stdev": 1.94951915741
    },
    "melbands_spread": {
        "mean": 27.8791694641,
        "stdev": 42.2800636292
    },
    "pitch_salience": {
        "mean": 0.616336762905,
        "stdev": 0.11622326076
    },
    "silence_rate_20dB": {
        "mean": 1,
        "stdev": 0
    },
    "silence_rate_30dB": {
        "mean": 1,
        "stdev": 0
    },
    "silence_rate_60dB": {
        "mean": 0.15009380877,
        "stdev": 0.357159614563
    },
    "spectral_centroid": {
        "mean": 1335.01940918,
        "stdev": 1222.8236084
    },
    "spectral_complexity": {
        "mean": 12.6630392075,
        "stdev": 9.08652305603
    },
    "spectral_decrease": {
        "mean": -6.91714996393e-09,
        "stdev": 5.44876277431e-09
    },
    "spectral_energy": {
        "mean": 0.0276570934802,
        "stdev": 0.0214613974094
    },
    "spectral_energyband_high": {
        "mean": 0.000627878296655,
        "stdev": 0.00177761632949
    },
    "spectral_energyband_low": {
        "mean": 0.00897692330182,
        "stdev": 0.00676817726344
    },
    "spectral_energyband_middle_high": {
        "mean": 0.0037584877573,
        "stdev": 0.00506256986409
    },
    "spectral_energyband_middle_low": {
        "mean": 0.0148295648396,
        "stdev": 0.0135225113481
    },
    "spectral_entropy": {
        "mean": 7.07717466354,
        "stdev": 0.737940907478
    },
    "spectral_flux": {
        "mean": 0.0940398871899,
        "stdev": 0.05055520311
    },
    "spectral_kurtosis": {
        "mean": 11.4313211441,
        "stdev": 12.7309370041
    },
    "spectral_rms": {
        "mean": 0.00460145389661,
        "stdev": 0.00241022580303
    },
    "spectral_rolloff": {
        "mean": 2158.20727539,
        "stdev": 3579.09838867
    },
    "spectral_skewness": {
        "mean": 2.06621360779,
        "stdev": 1.3286588192
    },
    "spectral_spread": {
        "mean": 3381551.25,
        "stdev": 1543885.25
    },
    "spectral_strongpeak": {
        "mean": 0.825238823891,
        "stdev": 0.940104722977
    },
    "zerocrossingrate": {
        "mean": 0.084096506238,
        "stdev": 0.0866447761655
    },
    "barkbands": {
        "mean": [1.05466360765e-05, 0.00288717099465, 0.00563362287357, 0.00113453075755, 0.00505886320025, 0.00153972674161, 0.00286554475315, 0.00267023150809, 0.00139069289435, 0.000465757009806, 0.000470609549666, 0.000673682952765, 0.000600124592893, 0.000355563097401, 0.00018458510749, 0.000216225613258, 0.000286490772851, 9.79809992714e-05, 0.000359460769687, 0.000191676866962, 0.000150611973368, 0.000153942295583, 0.000154923356604, 6.73241665936e-05, 1.09192678792e-05, 3.80741926165e-06, 2.25143994612e-05],
        "stdev": [3.11878502544e-05, 0.00287745450623, 0.00515825673938, 0.00209830258973, 0.00606440380216, 0.00230606785044, 0.00524727674201, 0.00530664715916, 0.00335649959743, 0.00115976447705, 0.00122295750771, 0.00167219585273, 0.00163827720098, 0.00114778592251, 0.000598063925281, 0.000486547942273, 0.000537142157555, 0.000218500674237, 0.000633417221252, 0.000335374847054, 0.000483483308926, 0.000522803864442, 0.000551978184376, 0.00026675403933, 3.63568033208e-05, 1.15484108392e-05, 6.35885999145e-06]
    },
    "erbbands": {
        "mean": [0.0178741011769, 0.94409686327, 6.37746524811, 4.49928760529, 15.0589437485, 14.4639015198, 8.20602416992, 14.2314739227, 32.3366241455, 53.6829338074, 57.4335250854, 31.601650238, 17.1022644043, 16.3837909698, 21.6919250488, 27.0571212769, 26.992307663, 23.2317428589, 11.1108121872, 10.8829374313, 12.496049881, 15.8203315735, 6.54704189301, 9.06345272064, 21.9036426544, 8.84630489349, 6.59491109848, 5.17401075363, 5.34233045578, 5.82909870148, 3.88449931145, 1.70855212212, 1.03239405155, 0.22934409976, 0.0423455871642, 0.0217986553907, 0.00632906286046, 0.00036861555418, 0.00104867015034, 0.000705024809577],
        "stdev": [0.0180865339935, 0.863722324371, 5.37180233002, 5.77063274384, 18.9166088104, 21.5922317505, 14.9650001526, 22.8565254211, 59.3028259277, 101.939910889, 115.649467468, 72.2846984863, 41.792640686, 40.1395683289, 51.8015403748, 64.7307739258, 70.5160446167, 68.5525970459, 34.5047531128, 29.3420543671, 24.3502025604, 29.9445323944, 13.3422374725, 17.5707950592, 39.0617256165, 14.7852020264, 20.02069664, 16.4775180817, 18.6106090546, 20.4446468353, 14.0019798279, 6.49688243866, 4.39141082764, 0.845585107803, 0.129112169147, 0.0626562535763, 0.020860588178, 0.00108484609518, 0.000304274668451, 0.00019351465744]
    },
    "gfcc": {
        "mean": [-68.0173034668, 108.651535034, -87.56199646, 28.3103103638, -38.2908859253, -13.5670566559, -21.4606685638, -8.16567325592, -6.83345794678, -14.4400110245, 3.89067959785, -17.2980175018, -11.4213705063],
        "cov": [[8497.02539062, 883.701782227, -2329.11450195, 210.568969727, -861.365783691, 49.3601303101, -779.085021973, 601.54486084, -352.970611572, -72.9122467041, -168.600296021, -203.247070312, -599.449707031], [883.701782227, 4131.48291016, 75.1455688477, -1497.33483887, 637.570373535, -721.165710449, -122.66544342, 0.981530845165, -34.6042098999, -754.212585449, 49.6747589111, -224.911087036, -120.423141479], [-2329.11450195, 75.1455688477, 1340.56396484, 142.265304565, 151.613967896, -21.5365276337, 161.44052124, -171.452606201, 77.3182525635, -61.8241004944, -16.569896698, 109.803131104, 178.012145996], [210.568969727, -1497.33483887, 142.265304565, 1241.63891602, -115.061798096, 45.5203666687, -236.023513794, -67.0368041992, 28.5264492035, 267.683044434, -29.5500183105, 66.9655456543, 65.0428695679], [-861.365783691, 637.570373535, 151.613967896, -115.061798096, 607.698791504, -225.3256073, -138.475021362, -117.686470032, 65.3424911499, -70.7118377686, 44.330871582, -74.3556671143, 69.9466705322], [49.3601303101, -721.165710449, -21.5365276337, 45.5203666687, -225.3256073, 450.851593018, 156.753005981, 12.4014081955, -25.5491771698, 160.13269043, -26.8905143738, 30.0194969177, -20.8888111115], [-779.085021973, -122.66544342, 161.44052124, -236.023513794, -138.475021362, 156.753005981, 467.49230957, 41.2559967041, -51.875667572, 8.05127429962, 38.1935958862, 31.8385181427, 21.7746105194], [601.54486084, 0.981530845165, -171.452606201, -67.0368041992, -117.686470032, 12.4014081955, 41.2559967041, 228.986740112, -41.6714553833, -31.3324737549, -3.77792215347, -2.33899855614, -50.8367004395], [-352.970611572, -34.6042098999, 77.3182525635, 28.5264492035, 65.3424911499, -25.5491771698, -51.875667572, -41.6714553833, 149.858047485, 11.7057876587, -16.1269989014, 21.7818241119, 33.7929382324], [-72.9122467041, -754.212585449, -61.8241004944, 267.683044434, -70.7118377686, 160.13269043, 8.05127429962, -31.3324737549, 11.7057876587, 293.154785156, 13.4830951691, -13.6318273544, 11.8813266754], [-168.600296021, 49.6747589111, -16.569896698, -29.5500183105, 44.330871582, -26.8905143738, 38.1935958862, -3.77792215347, -16.1269989014, 13.4830951691, 118.007049561, -21.5088310242, -2.55425167084], [-203.247070312, -224.911087036, 109.803131104, 66.9655456543, -74.3556671143, 30.0194969177, 31.8385181427, -2.33899855614, 21.7818241119, -13.6318273544, -21.5088310242, 165.025421143, 24.509180069], [-599.449707031, -120.423141479, 178.012145996, 65.0428695679, 69.9466705322, -20.8888111115, 21.7746105194, -50.8367004395, 33.7929382324, 11.8813266754, -2.55425167084, 24.509180069, 129.583374023]],
        "icov": [[0.00271796691231, -0.00347943347879, 0.00371783133596, -0.00379160209559, 0.00369098223746, -0.00324879749678, 0.00305650942028, -0.00338177056983, 0.00256768008694, -0.00212826253846, 0.00210788147524, -0.00118661613669, 0.001570834429], [-0.00347943347879, 0.00575314601883, -0.00508857145905, 0.00604217639193, -0.00508714606985, 0.00520691182464, -0.00345068890601, 0.00460983533412, -0.00296896928921, 0.00426012650132, -0.00268686120398, 0.00251802476123, -0.000963769562077], [0.00371783133596, -0.00508857145905, 0.00631990144029, -0.00577960489318, 0.0048774369061, -0.00477186311036, 0.00341922277585, -0.00409772992134, 0.00316959177144, -0.00272041885182, 0.00309065356851, -0.00225921929814, 0.00101591739804], [-0.00379160209559, 0.00604217639193, -0.00577960489318, 0.00779158622026, -0.00502203917131, 0.00575576210395, -0.00285035301931, 0.00495519209653, -0.00291690533049, 0.00294154393487, -0.00293786101975, 0.00207060505636, -0.00179312180262], [0.00369098223746, -0.00508714606985, 0.0048774369061, -0.00502203917131, 0.00796671025455, -0.00383956939913, 0.0048203850165, -0.00381816853769, 0.00286719948053, -0.00334553327411, 0.00193601299543, -0.000795501517132, 0.000687891966663], [-0.00324879749678, 0.00520691182464, -0.00477186311036, 0.00575576210395, -0.00383956939913, 0.00858304556459, -0.00422827340662, 0.00460239220411, -0.00258066295646, 0.00158851826563, -0.00134834344499, 0.00188078021165, -0.000406622275477], [0.00305650942028, -0.00345068890601, 0.00341922277585, -0.00285035301931, 0.0048203850165, -0.00422827340662, 0.00739357806742, -0.00430295197293, 0.00398522568867, -0.00228147557937, 0.000861521693878, -0.00133791763801, 0.000892131589353], [-0.00338177056983, 0.00460983533412, -0.00409772992134, 0.00495519209653, -0.00381816853769, 0.00460239220411, -0.00430295197293, 0.0100127384067, -0.00260156369768, 0.0037088971585, -0.00239639799111, 0.00170343031641, -0.000795095751528], [0.00256768008694, -0.00296896928921, 0.00316959177144, -0.00291690533049, 0.00286719948053, -0.00258066295646, 0.00398522568867, -0.00260156369768, 0.0106465453282, -0.00263702310622, 0.0029672132805, -0.00216556480154, 0.000508393452037], [-0.00212826253846, 0.00426012650132, -0.00272041885182, 0.00294154393487, -0.00334553327411, 0.00158851826563, -0.00228147557937, 0.0037088971585, -0.00263702310622, 0.00978689454496, -0.00288106291555, 0.00337219797075, -0.000629612011835], [0.00210788147524, -0.00268686120398, 0.00309065356851, -0.00293786101975, 0.00193601299543, -0.00134834344499, 0.000861521693878, -0.00239639799111, 0.0029672132805, -0.00288106291555, 0.0116259474307, -0.000414193433244, 0.00193359423429], [-0.00118661613669, 0.00251802476123, -0.00225921929814, 0.00207060505636, -0.000795501517132, 0.00188078021165, -0.00133791763801, 0.00170343031641, -0.00216556480154, 0.00337219797075, -0.000414193433244, 0.00891860388219, -0.00089880003361], [0.001570834429, -0.000963769562077, 0.00101591739804, -0.00179312180262, 0.000687891966663, -0.000406622275477, 0.000892131589353, -0.000795095751528, 0.000508393452037, -0.000629612011835, 0.00193359423429, -0.00089880003361, 0.0128270545974]]
    },
    "melbands": {
        "mean": [0.00044507716666, 0.00264276424423, 0.00107771810144, 0.00126512534916, 0.000305614346871, 0.000321693951264, 0.000525940558873, 0.000591289193835, 0.000454572611488, 0.000176023182576, 8.05006784503e-05, 6.32906812825e-05, 6.72834939905e-05, 7.6233271102e-05, 6.485664926e-05, 5.87941212871e-05, 4.06368089898e-05, 1.75640416273e-05, 1.38941350087e-05, 1.54897170432e-05, 1.43530460264e-05, 1.81665564014e-05, 8.94765798876e-06, 4.08703772337e-06, 6.78484320815e-06, 1.60525505635e-05, 1.25845426737e-05, 4.34614958067e-06, 3.70987163478e-06, 4.22391076427e-06, 2.60397087004e-06, 2.97798487736e-06, 2.99746443488e-06, 3.4169565879e-06, 2.41461157202e-06, 1.5286453845e-06, 8.43812586027e-07, 8.31480178931e-07, 3.92420929529e-07, 1.24497105958e-07],
        "stdev": [0.000445897690952, 0.00211281981319, 0.00106045673601, 0.00158097129315, 0.000530026911292, 0.000497559376527, 0.000957276090048, 0.00110600958578, 0.000936569995247, 0.000419796037022, 0.000203218864044, 0.000157383605256, 0.000163579155924, 0.000193836720427, 0.000171792285983, 0.000168639555341, 0.000127917752252, 5.98129627178e-05, 4.39633586211e-05, 3.98776610382e-05, 2.83632671199e-05, 3.51031158061e-05, 1.97995177587e-05, 9.78043408395e-06, 1.47994005602e-05, 2.99065031868e-05, 2.31161866395e-05, 8.77649563336e-06, 1.1243571862e-05, 1.41292848639e-05, 8.62675642566e-06, 1.05608278318e-05, 1.06659381345e-05, 1.25629676404e-05, 8.86440739123e-06, 6.16267652731e-06, 3.21162633554e-06, 3.65527262147e-06, 1.6359623487e-06, 4.24864964543e-07]
    },
    "melbands128": {
        "mean": [7.23674565961e-06, 2.49233999057e-05, 0.000244221329922, 0.00192557368428, 0.003605827922, 0.00230557541363, 0.000745457073208, 0.000635692442302, 0.00172714341898, 0.00187716691289, 0.000777093111537, 0.000257725827396, 0.00024475864484, 0.000306598318275, 0.000300006940961, 0.00033019829425, 0.000411829765653, 0.00056824774947, 0.000642304657958, 0.000629360089079, 0.000562435714528, 0.000504140742123, 0.000495666346978, 0.000362248014426, 0.000189264275832, 0.000117928953841, 9.76987430477e-05, 8.31512952573e-05, 5.95565797994e-05, 5.44269532838e-05, 7.22416152712e-05, 6.48617569823e-05, 6.23089290457e-05, 7.09463929525e-05, 8.01101850811e-05, 7.89004188846e-05, 6.68635257171e-05, 7.0241643698e-05, 5.72055396333e-05, 5.68151808693e-05, 6.29832356935e-05, 5.79253028263e-05, 4.59001639683e-05, 2.92269924103e-05, 1.93491832761e-05, 1.60410072567e-05, 1.4950147488e-05, 1.28429128381e-05, 1.41748005262e-05, 1.42571043398e-05, 1.67151338246e-05, 1.58748625836e-05, 1.20325366879e-05, 1.37744154927e-05, 1.93233008758e-05, 2.02305254788e-05, 1.65617384482e-05, 1.05468134279e-05, 6.53241477266e-06, 4.63938931716e-06, 3.63146637028e-06, 3.5977616335e-06, 5.47068930246e-06, 7.41681742511e-06, 9.27528344619e-06, 1.53700984811e-05, 2.22089420276e-05, 1.71453066287e-05, 1.02301419247e-05, 6.28297402727e-06, 4.26124142905e-06, 3.32586114382e-06, 3.23067479258e-06, 3.61617912858e-06, 4.3774552978e-06, 5.19053128301e-06, 3.81553581974e-06, 2.45119417741e-06, 2.32297884395e-06, 2.91408241537e-06, 2.71117028205e-06, 3.27007137457e-06, 3.08947551275e-06, 2.62637809101e-06, 3.32754666488e-06, 3.38931909027e-06, 3.61810498362e-06, 3.10861946673e-06, 2.3212708129e-06, 1.95969118977e-06, 1.83617669336e-06, 1.41183204505e-06, 9.90174385151e-07, 7.84054066116e-07, 7.49555510993e-07, 9.11711936169e-07, 8.93156880011e-07, 6.76148431467e-07, 4.18119810774e-07, 2.34509073493e-07, 1.66791323863e-07, 1.09213921462e-07, 7.05067719764e-08, 4.81908166705e-08, 3.65799408542e-08, 3.24961391129e-08, 3.08787733161e-08, 3.37662164895e-08, 4.23837462904e-08, 4.14980121377e-08, 3.43983970197e-08, 2.76612013295e-08, 1.87566939758e-08, 1.06525606114e-08, 5.08932584964e-09, 9.19448017722e-10, 1.29235358526e-10, 1.5507350612e-11, 5.7357161555e-12, 3.37351813151e-10, 6.54444409776e-09, 8.60684501447e-09, 3.0676162055e-07, 5.82961092732e-07, 3.99293753617e-09, 3.26399041128e-09, 1.59732477245e-10, 3.74328823147e-12],
        "stdev": [2.35513471125e-05, 6.95081907907e-05, 0.000373180111637, 0.00193511357065, 0.00308363954537, 0.00236249435693, 0.00141232588794, 0.00109911127947, 0.00251294113696, 0.00285984785296, 0.00174982380122, 0.000757548259571, 0.000642481376417, 0.000629438669421, 0.000658935285173, 0.000680184573866, 0.000916735909414, 0.00142679573037, 0.00162781425752, 0.00155063776765, 0.00148453889415, 0.00128677149769, 0.00128748186398, 0.00105309695937, 0.000575089652557, 0.000417880859459, 0.000315152836265, 0.00026164969313, 0.000191503131646, 0.000152388718561, 0.000229558325373, 0.000218001921894, 0.000180757124326, 0.00021112037939, 0.000263216352323, 0.000240658133407, 0.000194729189388, 0.000223730661673, 0.000188350153621, 0.000187253230251, 0.00022934928711, 0.000206058175536, 0.000170935047208, 0.000111051376734, 8.02993963589e-05, 6.53515962767e-05, 7.02480028849e-05, 4.61973213532e-05, 5.4094070947e-05, 4.74355074402e-05, 5.07248878421e-05, 4.45053556177e-05, 2.84177531285e-05, 3.11714502459e-05, 4.41158954345e-05, 4.52403473901e-05, 4.19716307078e-05, 2.75136226264e-05, 1.69248924067e-05, 1.19001006169e-05, 1.08232470666e-05, 9.65085928328e-06, 1.45154035636e-05, 1.84397504199e-05, 2.10336038435e-05, 3.27055313392e-05, 4.60694463982e-05, 3.67712964362e-05, 2.21824684559e-05, 1.34119864015e-05, 9.96421294985e-06, 8.7119951786e-06, 9.43171744439e-06, 1.2189077097e-05, 1.55703019118e-05, 1.9211174731e-05, 1.30780663312e-05, 8.53222809383e-06, 8.41940163809e-06, 1.08970889414e-05, 1.01187488326e-05, 1.26847880892e-05, 1.31525512188e-05, 1.035420064e-05, 1.26997038024e-05, 1.29706977532e-05, 1.52808788698e-05, 1.23456393339e-05, 8.88178055902e-06, 8.0992376752e-06, 7.81501421443e-06, 6.20760238235e-06, 4.21617414759e-06, 3.14147246172e-06, 2.97143628814e-06, 4.05084574595e-06, 4.61908075522e-06, 3.08893777401e-06, 1.89642378245e-06, 9.11641677703e-07, 6.42314660126e-07, 3.73126567865e-07, 2.26736133868e-07, 1.67363012338e-07, 1.21970273881e-07, 1.05420468799e-07, 9.94419622202e-08, 1.0233429748e-07, 1.26750009599e-07, 1.34547363473e-07, 1.15219471297e-07, 1.02660727919e-07, 6.98743534144e-08, 3.77983404576e-08, 2.32300774172e-08, 4.92238960703e-09, 3.32264799008e-10, 5.46935656487e-11, 1.59121431309e-11, 9.41354993955e-10, 1.13588125572e-08, 1.28751906914e-08, 8.81610446868e-08, 1.68872290374e-07, 7.64879892756e-09, 6.81600997865e-09, 4.90863460989e-10, 5.49100608732e-12]
    },
    "mfcc": {
        "mean": [-724.867980957, 148.320755005, 12.8567495346, 38.3317527771, 8.75833797455, 0.853583395481, -1.21922421455, 5.3573050499, -13.0648555756, 8.81481552124, -0.661571800709, 2.04176712036, 9.27085590363],
        "cov": [[9696.96875, 7.89127874374, -1823.07434082, -171.073699951, -315.656951904, -700.697937012, -326.979095459, 108.453582764, -531.176452637, 418.292572021, -77.8224487305, -71.4521179199, 208.904724121], [7.89127874374, 5213.02050781, -553.213806152, -715.09362793, 370.095214844, -834.983276367, -56.3081550598, 406.220306396, -303.674377441, -0.208396837115, -333.463897705, -364.203063965, 347.12197876], [-1823.07434082, -553.213806152, 1191.73522949, 203.955688477, -98.3596954346, 276.654174805, 65.7788543701, 37.9686698914, 167.287521362, -111.454238892, -37.9887809753, 65.9056625366, -31.1719665527], [-171.073699951, -715.09362793, 203.955688477, 833.658813477, 306.060852051, 48.782661438, -148.403640747, -156.429199219, -19.5351696014, -41.061882019, -44.175617218, -30.7603549957, -23.464630127], [-315.656951904, 370.095214844, -98.3596954346, 306.060852051, 650.559936523, -37.8548736572, -183.14704895, -132.935775757, -60.3199081421, 7.76620435715, -66.7632751465, -67.7710342407, -4.73522567749], [-700.697937012, -834.983276367, 276.654174805, 48.782661438, -37.8548736572, 457.028869629, 47.9257240295, -140.37550354, 125.072509766, -63.7578544617, 100.21987915, 112.658821106, -101.35395813], [-326.979095459, -56.3081550598, 65.7788543701, -148.403640747, -183.14704895, 47.9257240295, 351.051147461, 27.7436161041, 23.6595458984, 56.0911331177, 50.2640762329, 65.8794784546, -21.0230808258], [108.453582764, 406.220306396, 37.9686698914, -156.429199219, -132.935775757, -140.37550354, 27.7436161041, 313.370056152, -20.1225814819, -17.5645141602, -41.2851295471, -73.0846481323, 70.3040237427], [-531.176452637, -303.674377441, 167.287521362, -19.5351696014, -60.3199081421, 125.072509766, 23.6595458984, -20.1225814819, 204.833145142, -32.5488357544, 21.8803806305, 53.1987037659, -47.0221862793], [418.292572021, -0.208396837115, -111.454238892, -41.061882019, 7.76620435715, -63.7578544617, 56.0911331177, -17.5645141602, -32.5488357544, 206.552886963, -5.31905317307, -3.81727910042, 18.5134105682], [-77.8224487305, -333.463897705, -37.9887809753, -44.175617218, -66.7632751465, 100.21987915, 50.2640762329, -41.2851295471, 21.8803806305, -5.31905317307, 178.634292603, 50.8144950867, -66.6956329346], [-71.4521179199, -364.203063965, 65.9056625366, -30.7603549957, -67.7710342407, 112.658821106, 65.8794784546, -73.0846481323, 53.1987037659, -3.81727910042, 50.8144950867, 193.968399048, -23.0492744446], [208.904724121, 347.12197876, -31.1719665527, -23.464630127, -4.73522567749, -101.35395813, -21.0230808258, 70.3040237427, -47.0221862793, 18.5134105682, -66.6956329346, -23.0492744446, 172.504943848]],
        "icov": [[0.000211281731026, 4.74940316053e-05, 0.000281945365714, -4.89964113513e-05, 0.000241650544922, 7.28524246369e-05, 0.000286670634523, -9.26595093915e-05, 0.000342927873135, -0.000301017833408, 0.000167513368069, -0.000172666725121, -1.75358709384e-05], [4.74940316053e-05, 0.000485508353449, 1.77193232958e-05, 0.000559046689887, -0.000443496974185, 0.000593128846958, -0.000172471627593, -1.38855748446e-05, 0.000234346211073, 0.000361410551704, 0.00033139588777, 0.000370377558284, -0.000431569234934], [0.000281945365714, 1.77193232958e-05, 0.00167417898774, -0.000579659885261, 0.000533883343451, -0.000759493559599, 0.000125560254673, -0.000732178625185, -0.000141100172186, -0.000140470729093, 0.000924786843825, -0.000420035881689, 6.74810053169e-06], [-4.89964113513e-05, 0.000559046689887, -0.000579659885261, 0.0024509022478, -0.00122021720745, 0.000810739700682, -3.61314960173e-06, 0.000836751889437, 0.000410393287893, 0.00077239156235, 0.000365153042367, 0.000788872595876, -0.000460019917227], [0.000241650544922, -0.000443496974185, 0.000533883343451, -0.00122021720745, 0.00314293103293, -0.000532980484422, 0.00130438816268, 0.000673936563544, 0.000549949880224, -0.000982529483736, 0.000527945987415, -0.000133730165544, 0.000629312940873], [7.28524246369e-05, 0.000593128846958, -0.000759493559599, 0.000810739700682, -0.000532980484422, 0.0049315537326, -0.000338270969223, 0.0014905288117, -0.000805030867923, 0.00119433028158, -0.00108335749246, -0.000304704561131, 0.000118284522614], [0.000286670634523, -0.000172471627593, 0.000125560254673, -3.61314960173e-06, 0.00130438816268, -0.000338270969223, 0.00442288629711, -0.000448085746029, 0.000650044472422, -0.0018954599509, -0.000360421894584, -0.00132479972672, 0.000645031512249], [-9.26595093915e-05, -1.38855748446e-05, -0.000732178625185, 0.000836751889437, 0.000673936563544, 0.0014905288117, -0.000448085746029, 0.00549356173724, -0.000304353510728, 0.0010806422215, -0.000155035537318, 0.00190615002066, -0.00128177390434], [0.000342927873135, 0.000234346211073, -0.000141100172186, 0.000410393287893, 0.000549949880224, -0.000805030867923, 0.000650044472422, -0.000304353510728, 0.00723737385124, -0.000113117719593, 0.000880872481503, -0.00108728243504, 0.00106907240115], [-0.000301017833408, 0.000361410551704, -0.000140470729093, 0.00077239156235, -0.000982529483736, 0.00119433028158, -0.0018954599509, 0.0010806422215, -0.000113117719593, 0.00661904690787, 0.000113797708764, 0.000779679103289, -0.000872716947924], [0.000167513368069, 0.00033139588777, 0.000924786843825, 0.000365153042367, 0.000527945987415, -0.00108335749246, -0.000360421894584, -0.000155035537318, 0.000880872481503, 0.000113797708764, 0.00837412849069, -0.000879185041413, 0.00209242268465], [-0.000172666725121, 0.000370377558284, -0.000420035881689, 0.000788872595876, -0.000133730165544, -0.000304704561131, -0.00132479972672, 0.00190615002066, -0.00108728243504, 0.000779679103289, -0.000879185041413, 0.00774158956483, -0.00131136167329], [-1.75358709384e-05, -0.000431569234934, 6.74810053169e-06, -0.000460019917227, 0.000629312940873, 0.000118284522614, 0.000645031512249, -0.00128177390434, 0.00106907240115, -0.000872716947924, 0.00209242268465, -0.00131136167329, 0.0083318548277]]
    },
    "spectral_contrast_coeffs": {
        "mean": [-0.668192028999, -0.735567271709, -0.808433592319, -0.806263566017, -0.759782075882, -0.774321079254],
        "stdev": [0.115962333977, 0.0922211706638, 0.0725317075849, 0.06128930673, 0.0739650055766, 0.0542401224375]
    },
    "spectral_contrast_valleys": {
        "mean": [-7.15284776688, -7.08471870422, -8.07198810577, -8.3895072937, -8.44299602509, -11.4085216522],
        "stdev": [0.977662503719, 1.23904800415, 1.29659724236, 1.21019983292, 1.21961474419, 1.25941801071]
    }
},
"rhythm": {
    "beats_count": 120,
    "beats_loudness": {
        "mean": 0.0396101847291,
        "stdev": 0.0180824585259
    },
    "bpm": 126.216835022,
    "bpm_histogram_first_peak_bpm": 126,
    "bpm_histogram_first_peak_weight": 0.54166662693,
    "bpm_histogram_second_peak_bpm": 136,
    "bpm_histogram_second_peak_spread": 0.583333313465,
    "bpm_histogram_second_peak_weight": 0.0840336158872,
    "danceability": 1.48095726967,
    "onset_rate": 5.52775812149,
    "beats_loudness_band_ratio": {
        "mean": [0.426047354937, 0.198960199952, 0.246685951948, 0.0847540646791, 0.032575648278, 0.0827813670039],
        "stdev": [0.20463989675, 0.145974770188, 0.178245976567, 0.0778691098094, 0.038649186492, 0.204341813922]
    },
    "beats_position": [0.696598649025, 1.39319729805, 2.06657600403, 2.76317453384, 3.43655323982, 4.13315200806, 4.71365070343, 5.28253936768, 5.83981847763, 6.40870714188, 6.9543762207, 7.53487491608, 8.12698364258, 8.70748329163, 9.31120204926, 9.93814086914, 10.5650787354, 11.1920175552, 11.8189563751, 12.4226751328, 13.0263938904, 13.4675731659, 13.9203624725, 14.3731517792, 14.8143310547, 15.2555103302, 15.696688652, 16.1610889435, 16.6138763428, 17.0666656494, 17.5310649872, 17.9722442627, 18.4250335693, 18.877822876, 19.3190021515, 19.7717914581, 20.2129707336, 20.642539978, 21.0721092224, 21.5132884979, 21.9776859283, 22.4536952972, 22.9413146973, 23.4173240662, 23.9049434662, 24.40417099, 24.8801803589, 25.3561897278, 25.8321990967, 26.3314285278, 26.8422679901, 27.353105545, 27.8407249451, 28.3980045319, 28.932062149, 29.4661216736, 30.0001811981, 30.5690689087, 31.1379585266, 31.6952381134, 32.264125824, 32.7633552551, 33.2741928101, 33.7618141174, 34.1797714233, 34.5977325439, 35.0156898499, 35.4336509705, 35.8748283386, 36.304397583, 36.7223587036, 37.1287078857, 37.5466651917, 37.9646263123, 38.3825836182, 38.8121528625, 39.2301139832, 39.6596832275, 40.1008605957, 40.4956016541, 40.8903388977, 41.2618598938, 41.7262573242, 42.2022666931, 42.678276062, 43.1310653687, 43.6070747375, 44.0830841064, 44.5358734131, 45.0002708435, 45.4646720886, 45.9406776428, 46.439907074, 46.9391365051, 47.4267578125, 47.9143753052, 48.4136047363, 48.8780021667, 49.3540115356, 49.8532409668, 50.3640823364, 50.8633079529, 51.362537384, 51.8849868774, 52.4074363708, 52.9298858643, 53.5336036682, 54.1373214722, 54.7410430908, 55.3215408325, 55.9020385742, 56.4709281921, 57.0398178101, 57.5970954895, 58.1659851074, 58.7464828491, 59.3269844055, 59.919090271, 60.4995918274, 61.0800895691],
    "bpm_histogram": [0, 0, 0, 0, 0, 0, 0, 0, 0, 0, 0, 0, 0, 0, 0, 0, 0, 0, 0, 0, 0, 0, 0, 0, 0, 0, 0, 0, 0, 0, 0, 0, 0, 0, 0, 0, 0, 0, 0, 0, 0, 0, 0, 0, 0, 0, 0, 0, 0, 0, 0, 0, 0, 0, 0, 0, 0, 0, 0, 0, 0, 0, 0, 0, 0, 0, 0, 0, 0, 0, 0, 0, 0, 0, 0, 0, 0, 0, 0, 0, 0, 0, 0, 0, 0, 0, 0.0252100843936, 0, 0, 0.01680672355, 0, 0, 0, 0, 0, 0, 0.0336134470999, 0, 0, 0.0504201687872, 0, 0.01680672355, 0, 0.0756302550435, 0, 0.0672268941998, 0, 0, 0.0336134470999, 0, 0.00840336177498, 0, 0.0252100843936, 0, 0, 0.0252100843936, 0, 0.0336134470999, 0, 0, 0.0756302550435, 0, 0, 0.0504201687872, 0, 0, 0.0924369767308, 0, 0, 0.0588235296309, 0, 0, 0, 0.0756302550435, 0, 0, 0.0840336158872, 0, 0, 0, 0.0420168079436, 0, 0, 0, 0.0756302550435, 0, 0, 0, 0.00840336177498, 0, 0, 0, 0.01680672355, 0, 0, 0, 0, 0, 0, 0, 0, 0.00840336177498, 0, 0, 0, 0, 0, 0, 0, 0, 0, 0, 0, 0, 0, 0, 0, 0, 0, 0, 0, 0, 0, 0, 0, 0, 0, 0, 0, 0, 0, 0, 0, 0, 0, 0, 0, 0, 0, 0, 0, 0, 0, 0, 0, 0, 0, 0, 0, 0, 0, 0, 0, 0, 0, 0, 0, 0, 0, 0, 0, 0, 0, 0, 0, 0, 0, 0, 0, 0, 0, 0, 0, 0, 0, 0, 0, 0, 0, 0, 0, 0, 0, 0, 0, 0, 0, 0, 0, 0]
},
"tonal": {
    "chords_changes_rate": 0.159789949656,
    "chords_number_rate": 0.00975243840367,
    "chords_strength": {
        "mean": 0.458429604769,
        "stdev": 0.0837011486292
    },
    "hpcp_crest": {
        "mean": 12.1693754196,
        "stdev": 5.60256004333
    },
    "hpcp_entropy": {
        "mean": 2.20838427544,
        "stdev": 0.762560069561
    },
    "key_edma": {
        "strength": 0.381083011627,
        "key": "G",
        "scale": "minor"
    },
    "key_krumhansl": {
        "strength": 0.38382589817,
        "key": "G",
        "scale": "minor"
    },
    "key_temperley": {
        "strength": 0.384373545647,
        "key": "G",
        "scale": "minor"
    },
    "tuning_diatonic_strength": 0.610737144947,
    "tuning_equal_tempered_deviation": 0.206170484424,
    "tuning_frequency": 436.960693359,
    "tuning_nontempered_energy_ratio": 0.889833390713,
    "hpcp": {
        "mean": [0.156867876649, 0.122408226132, 0.109456121922, 0.106377229095, 0.101953186095, 0.0839819088578, 0.0676829144359, 0.0716493204236, 0.0836201757193, 0.0754740536213, 0.057615339756, 0.0616307295859, 0.074706248939, 0.0718533024192, 0.082980223, 0.0985802263021, 0.10117507726, 0.102793760598, 0.0935353189707, 0.0799639001489, 0.0703841149807, 0.075461268425, 0.0853797867894, 0.088846296072, 0.0852603986859, 0.0897428765893, 0.0980839878321, 0.101616702974, 0.125928491354, 0.16990506649, 0.199952363968, 0.198856368661, 0.193181678653, 0.183612719178, 0.172801822424, 0.177810758352],
        "stdev": [0.278564691544, 0.247062936425, 0.229843989015, 0.215976506472, 0.211099684238, 0.2002389431, 0.16894929111, 0.164877593517, 0.193089619279, 0.18327319622, 0.133617088199, 0.143773362041, 0.174795031548, 0.164520561695, 0.186757132411, 0.209073632956, 0.2082041502, 0.214904859662, 0.198499843478, 0.170623898506, 0.153013855219, 0.160827249289, 0.179975375533, 0.186696365476, 0.193224519491, 0.20448641479, 0.212798014283, 0.211585283279, 0.246886625886, 0.298058688641, 0.317459255457, 0.314992934465, 0.311609208584, 0.298971414566, 0.292652308941, 0.303194910288]
    },
    "chords_histogram": [3.22580647469, 0.150037512183, 0, 0, 0.300075024366, 2.40060019493, 0, 27.2318077087, 1.80045008659, 0.0750187560916, 3.67591905594, 0.975243806839, 2.92573142052, 1.20030009747, 2.7006752491, 0, 0, 0, 1.20030009747, 11.027756691, 8.92723178864, 20.7051753998, 11.2528133392, 0.225056260824],
    "thpcp": [1, 0.994518697262, 0.966138482094, 0.918282330036, 0.86421495676, 0.889265596867, 0.784526228905, 0.612186968327, 0.547410964966, 0.532012879848, 0.509887397289, 0.420009583235, 0.338495194912, 0.358331948519, 0.418200492859, 0.377460181713, 0.288145333529, 0.308227062225, 0.37362024188, 0.359352111816, 0.414999961853, 0.493018567562, 0.505995929241, 0.514091253281, 0.467788010836, 0.399914741516, 0.352004408836, 0.377396225929, 0.427000641823, 0.444337308407, 0.426403552294, 0.448821276426, 0.490536779165, 0.508204579353, 0.629792451859, 0.849727749825],
    "chords_key": "G",
    "chords_scale": "major"
}
}