{
"metadata": {
    "version": {
        "essentia": "2.1-dev",
        "essentia_git_sha": "v2.1_beta3-415-gd5473f3",
        "extractor": "music 2.0"
    },
    "audio_properties": {
        "analysis": {
            "equal_loudness": 0,
            "length": 60.5257148743,
            "sample_rate": 44100,
            "start_time": 0,
            "downmix": "mix"
        },
        "bit_rate": 192000,
        "length": 60.5257148743,
        "lossless": 0,
        "number_channels": 2,
        "replay_gain": -6.25568962097,
        "sample_rate": 44100,
        "codec": "mp3",
        "md5_encoded": "0271d19d46e54b7b4326dd1a5b2e1077"
    },
    "tags": {
        "file_name": "monologo_mujer_05.mp3",
        "date": ["2004"],
        "engineer": ["rosamerica tamyo"]
    }
},
"lowlevel": {
    "average_loudness": 0.982522964478,
    "barkbands_crest": {
        "mean": 13.3158712387,
        "stdev": 5.45035076141
    },
    "barkbands_flatness_db": {
        "mean": 0.196637868881,
        "stdev": 0.0756352618337
    },
    "barkbands_kurtosis": {
        "mean": 19.9972000122,
        "stdev": 46.5152130127
    },
    "barkbands_skewness": {
        "mean": 2.34053564072,
        "stdev": 3.13637733459
    },
    "barkbands_spread": {
        "mean": 20.4372367859,
        "stdev": 24.3419628143
    },
    "dissonance": {
        "mean": 0.409219563007,
        "stdev": 0.0695497021079
    },
    "dynamic_complexity": 3.2243039608,
    "erbbands_crest": {
        "mean": 12.2674608231,
        "stdev": 4.88787508011
    },
    "erbbands_flatness_db": {
        "mean": 0.208743840456,
        "stdev": 0.0588705688715
    },
    "erbbands_kurtosis": {
        "mean": 3.34799551964,
        "stdev": 6.76632118225
    },
    "erbbands_skewness": {
        "mean": 0.666282474995,
        "stdev": 1.45593893528
    },
    "erbbands_spread": {
        "mean": 31.1236515045,
        "stdev": 22.7894611359
    },
    "hfc": {
        "mean": 16.3952674866,
        "stdev": 14.6695365906
    },
    "loudness_ebu128": {
        "integrated": -18.3780384064,
        "loudness_range": 0.917505264282,
        "momentary": {
            "mean": -18.669878006,
            "stdev": 1.82593429089
        },
        "short_term": {
            "mean": -18.4038486481,
            "stdev": 0.374182254076
        }
    },
    "melbands_crest": {
        "mean": 17.3264389038,
        "stdev": 6.89432287216
    },
    "melbands_flatness_db": {
        "mean": 0.256096959114,
        "stdev": 0.101478375494
    },
    "melbands_kurtosis": {
        "mean": 24.7771472931,
        "stdev": 47.4173088074
    },
    "melbands_skewness": {
        "mean": 2.93082928658,
        "stdev": 2.69157028198
    },
    "melbands_spread": {
        "mean": 28.0780353546,
        "stdev": 43.5105476379
    },
    "pitch_salience": {
        "mean": 0.54310297966,
        "stdev": 0.167570367455
    },
    "silence_rate_20dB": {
        "mean": 1,
        "stdev": 0
    },
    "silence_rate_30dB": {
        "mean": 1,
        "stdev": 0
    },
    "silence_rate_60dB": {
        "mean": 0.167177915573,
        "stdev": 0.373138844967
    },
    "spectral_centroid": {
        "mean": 1306.76342773,
        "stdev": 1215.96057129
    },
    "spectral_complexity": {
        "mean": 7.98082828522,
        "stdev": 5.73143911362
    },
    "spectral_decrease": {
        "mean": -5.53735857167e-09,
        "stdev": 4.59733007219e-09
    },
    "spectral_energy": {
        "mean": 0.0223863683641,
        "stdev": 0.0183465853333
    },
    "spectral_energyband_high": {
        "mean": 0.000550286960788,
        "stdev": 0.0012408423936
    },
    "spectral_energyband_low": {
        "mean": 0.000332047347911,
        "stdev": 0.000924289633986
    },
    "spectral_energyband_middle_high": {
        "mean": 0.00347367092036,
        "stdev": 0.0058243367821
    },
    "spectral_energyband_middle_low": {
        "mean": 0.0182769782841,
        "stdev": 0.0153580224141
    },
    "spectral_entropy": {
        "mean": 6.99268913269,
        "stdev": 0.83869189024
    },
    "spectral_flux": {
        "mean": 0.0920111462474,
        "stdev": 0.0513604469597
    },
    "spectral_kurtosis": {
        "mean": 7.92274522781,
        "stdev": 7.56259298325
    },
    "spectral_rms": {
        "mean": 0.00410660915077,
        "stdev": 0.00223072129302
    },
    "spectral_rolloff": {
        "mean": 2379.04711914,
        "stdev": 3855.54736328
    },
    "spectral_skewness": {
        "mean": 1.86455416679,
        "stdev": 0.969423830509
    },
    "spectral_spread": {
        "mean": 4093556.25,
        "stdev": 1495370.25
    },
    "spectral_strongpeak": {
        "mean": 1.29489338398,
        "stdev": 1.20683646202
    },
    "zerocrossingrate": {
        "mean": 0.093354023993,
        "stdev": 0.0909010544419
    },
    "barkbands": {
        "mean": [1.95061729755e-05, 0.000159037328558, 3.70841880795e-05, 0.000700211094227, 0.00821851752698, 0.000493786414154, 0.00307502225041, 0.00155729346443, 0.00400713225827, 0.000844650377985, 0.000417897041189, 0.000271601660643, 0.000377324584406, 0.000458695081761, 0.000383948616218, 0.000129685955471, 0.000144783945871, 0.00035455764737, 0.000143979559653, 9.08665679162e-05, 0.000152002321556, 0.000141252123285, 8.94218537724e-05, 8.08386830613e-05, 1.47149339682e-05, 3.51859739567e-06, 1.90434839169e-05],
        "stdev": [5.24208517163e-05, 0.000501282280311, 0.000145286467159, 0.00181304488797, 0.00813595950603, 0.00137685600203, 0.00531168049201, 0.00433391146362, 0.00812838599086, 0.00232374179177, 0.00144825433381, 0.000789737037849, 0.00108823180199, 0.00110059790313, 0.00096449314151, 0.000339942140272, 0.000357488635927, 0.00066935014911, 0.000257213192526, 0.000191805651411, 0.000329250382492, 0.000486745702801, 0.000302885484416, 0.000246533280006, 3.86878455174e-05, 8.35285754874e-06, 5.72770613871e-06]
    },
    "erbbands": {
        "mean": [0.00661150598899, 0.0282779727131, 0.0605895034969, 1.29632663727, 19.3832302094, 29.2574176788, 4.73277330399, 6.12768793106, 38.5755805969, 33.6081809998, 59.9934043884, 95.3338623047, 30.9481735229, 21.5306816101, 17.1637210846, 11.1778097153, 16.3785247803, 21.229839325, 25.677236557, 13.6147232056, 7.09517383575, 8.52901935577, 16.1933307648, 15.3676548004, 5.05166959763, 4.17709064484, 6.29112195969, 5.36078739166, 4.85609197617, 3.83620333672, 2.5244846344, 1.95532858372, 1.15048217773, 0.266209185123, 0.0682351663709, 0.0255012065172, 0.00433663511649, 0.000242720445385, 0.000879960658494, 0.00059609557502],
        "stdev": [0.0220994818956, 0.0879768803716, 0.143609404564, 2.73270916939, 21.047712326, 37.3391113281, 11.4781942368, 13.9331665039, 66.8082809448, 78.7439422607, 132.995391846, 203.180526733, 76.2855987549, 54.4891166687, 55.1042327881, 30.5906925201, 46.2125358582, 48.1506690979, 63.036819458, 33.9057235718, 17.201921463, 19.4949245453, 32.675907135, 25.7992191315, 9.33460712433, 8.78967475891, 12.7142467499, 13.2589502335, 16.3654880524, 14.0545282364, 8.39850521088, 6.25260829926, 3.42947936058, 0.709134995937, 0.181126654148, 0.063385553658, 0.0100364685059, 0.000445163313998, 0.000267500668997, 0.00017382579972]
    },
    "gfcc": {
        "mean": [-75.0464477539, 74.8080749512, -107.580818176, 14.835858345, -61.7672348022, -20.5613651276, -35.004108429, -9.10594272614, -13.7283582687, -18.0807991028, -7.48028898239, -23.5621566772, -3.60222411156],
        "cov": [[8271.26660156, 731.031860352, -2595.97094727, -561.397033691, -1378.01342773, -220.984054565, -796.364318848, 359.639526367, -439.491699219, -46.7042045593, -312.820373535, -265.774108887, -224.149047852], [731.031860352, 2837.6730957, -274.114196777, -1442.92785645, 4.71535539627, -756.329528809, -130.498474121, -306.610931396, -245.849441528, -374.736694336, 98.7893447876, -272.982879639, -43.9701347351], [-2595.97094727, -274.114196777, 1561.30163574, 551.807922363, 288.314971924, 28.1667633057, 60.5318603516, -107.644287109, 158.098022461, -43.1512680054, 100.966400146, 132.990524292, 20.8747596741], [-561.397033691, -1442.92785645, 551.807922363, 1249.5447998, 10.6491832733, 171.107528687, -43.613155365, 116.673545837, 147.346847534, 114.459785461, -43.4636878967, 164.672088623, 17.8083229065], [-1378.01342773, 4.71535539627, 288.314971924, 10.6491832733, 591.072143555, 144.505859375, 182.037002563, -18.2117443085, 127.643699646, 28.8701515198, 21.5326080322, 29.6700286865, 79.9109573364], [-220.984054565, -756.329528809, 28.1667633057, 171.107528687, 144.505859375, 713.43951416, 285.200134277, 74.0728378296, 108.715415955, 179.293273926, 4.23421525955, 72.1754684448, -17.7164592743], [-796.364318848, -130.498474121, 60.5318603516, -43.613155365, 182.037002563, 285.200134277, 503.862487793, -51.4304199219, -2.11865949631, 78.7227401733, 50.8670959473, 34.4111442566, 26.0121841431], [359.639526367, -306.610931396, -107.644287109, 116.673545837, -18.2117443085, 74.0728378296, -51.4304199219, 262.31048584, 79.2095184326, 28.581193924, -28.9565525055, 48.863117218, 31.0301437378], [-439.491699219, -245.849441528, 158.098022461, 147.346847534, 127.643699646, 108.715415955, -2.11865949631, 79.2095184326, 220.138092041, 70.0941009521, 16.6164112091, 51.9767341614, 39.7881507874], [-46.7042045593, -374.736694336, -43.1512680054, 114.459785461, 28.8701515198, 179.293273926, 78.7227401733, 28.581193924, 70.0941009521, 204.586120605, 12.6492767334, 31.6378479004, 13.9011087418], [-312.820373535, 98.7893447876, 100.966400146, -43.4636878967, 21.5326080322, 4.23421525955, 50.8670959473, -28.9565525055, 16.6164112091, 12.6492767334, 159.272949219, 22.4521198273, -19.54945755], [-265.774108887, -272.982879639, 132.990524292, 164.672088623, 29.6700286865, 72.1754684448, 34.4111442566, 48.863117218, 51.9767341614, 31.6378479004, 22.4521198273, 119.843597412, 30.3349285126], [-224.149047852, -43.9701347351, 20.8747596741, 17.8083229065, 79.9109573364, -17.7164592743, 26.0121841431, 31.0301437378, 39.7881507874, 13.9011087418, -19.54945755, 30.3349285126, 119.066902161]],
        "icov": [[0.00115652591921, -0.00151134061161, 0.0016285678139, -0.00154363550246, 0.00165228697006, -0.0015727909049, 0.00132269051392, -0.00124602811411, 0.000996986869723, -0.000852042809129, 0.000972295121755, -0.000356547679985, 0.000274063902907], [-0.00151134061161, 0.00396616989747, -0.00237473333254, 0.00393803557381, -0.00244130869396, 0.00336710154079, -0.0018283391837, 0.00223161117174, -0.00156245438848, 0.00242319772951, -0.00186399603263, 0.00149669137318, -4.39933210146e-05], [0.0016285678139, -0.00237473333254, 0.00344036193565, -0.00291025685146, 0.00197124108672, -0.00231441180222, 0.00185430550482, -0.00104111409746, 0.00081124791177, -0.000608658127021, 0.000920280988794, -0.00130994513165, 0.000504675379489], [-0.00154363550246, 0.00393803557381, -0.00291025685146, 0.0052376058884, -0.0022699132096, 0.00329999113455, -0.00166951015126, 0.00190258875955, -0.00169080961496, 0.00170605292078, -0.00106449052691, 0.000269036216196, 0.000281029526377], [0.00165228697006, -0.00244130869396, 0.00197124108672, -0.0022699132096, 0.00501645728946, -0.00272104260512, 0.00117321673315, -0.00155961920973, 9.43123013712e-05, -0.00101273495238, 0.00157747440971, -7.14232883183e-05, -0.00105470791459], [-0.0015727909049, 0.00336710154079, -0.00231441180222, 0.00329999113455, -0.00272104260512, 0.00567494705319, -0.00323720579036, 0.00148654880468, -0.00220432761125, 0.000570385833271, -0.000960209814366, 0.000374825904146, 0.00160206633154], [0.00132269051392, -0.0018283391837, 0.00185430550482, -0.00166951015126, 0.00117321673315, -0.00323720579036, 0.00488436874002, -0.000780388945714, 0.00244260206819, -0.00147469271906, 0.000227985525271, -0.00094051862834, -0.000760336581152], [-0.00124602811411, 0.00223161117174, -0.00104111409746, 0.00190258875955, -0.00155961920973, 0.00148654880468, -0.000780388945714, 0.0071303290315, -0.00306563288905, 0.00208754371852, -0.000756394409109, -0.00113310304005, -0.00109826459084], [0.000996986869723, -0.00156245438848, 0.00081124791177, -0.00169080961496, 9.43123013712e-05, -0.00220432761125, 0.00244260206819, -0.00306563288905, 0.00883404072374, -0.00292835896835, -4.84304728161e-05, -0.000837912084535, -0.0011200690642], [-0.000852042809129, 0.00242319772951, -0.000608658127021, 0.00170605292078, -0.00101273495238, 0.000570385833271, -0.00147469271906, 0.00208754371852, -0.00292835896835, 0.00901394709945, -0.00201553967781, 0.000952394271735, -0.000962307327427], [0.000972295121755, -0.00186399603263, 0.000920280988794, -0.00106449052691, 0.00157747440971, -0.000960209814366, 0.000227985525271, -0.000756394409109, -4.84304728161e-05, -0.00201553967781, 0.00897610187531, -0.00299774319865, 0.00257465406321], [-0.000356547679985, 0.00149669137318, -0.00130994513165, 0.000269036216196, -7.14232883183e-05, 0.000374825904146, -0.00094051862834, -0.00113310304005, -0.000837912084535, 0.000952394271735, -0.00299774319865, 0.0140619995072, -0.00323059852235], [0.000274063902907, -4.39933210146e-05, 0.000504675379489, 0.000281029526377, -0.00105470791459, 0.00160206633154, -0.000760336581152, -0.00109826459084, -0.0011200690642, -0.000962307327427, 0.00257465406321, -0.00323059852235, 0.0118988212198]]
    },
    "melbands": {
        "mean": [5.10033714818e-05, 2.64823811449e-05, 0.000588130031247, 0.00213112961501, 0.000319739658153, 0.00014670319797, 0.000607484020293, 0.000320585386362, 0.000605974171776, 0.000547289324459, 0.000139574272907, 9.11990573513e-05, 5.8889239881e-05, 3.31790834025e-05, 3.14597127726e-05, 3.83244077966e-05, 3.91054745705e-05, 4.42984237452e-05, 2.47776260949e-05, 1.09060219984e-05, 7.89577461546e-06, 7.97752818471e-06, 1.13698424684e-05, 1.79153321369e-05, 1.23230920508e-05, 3.87030377169e-06, 2.98036729873e-06, 2.61146783487e-06, 3.70794805349e-06, 3.87672253055e-06, 2.95859467769e-06, 2.64681420958e-06, 2.87662669507e-06, 1.76999174073e-06, 1.44773184729e-06, 1.30639136842e-06, 1.1650805618e-06, 9.53344795107e-07, 3.92815422856e-07, 1.62532288073e-07],
        "stdev": [0.000163404969499, 7.39887473173e-05, 0.000884801032953, 0.0021109378431, 0.00069692498073, 0.000359331344953, 0.00102154456545, 0.000778945104685, 0.00129860581364, 0.00118707597721, 0.000385710038245, 0.000235947096371, 0.00020265072817, 0.000101576144516, 9.26571374293e-05, 0.000115598530101, 9.37753356993e-05, 0.000115235518024, 6.07130095887e-05, 2.89755207632e-05, 2.10668149521e-05, 1.90384780581e-05, 2.90982443403e-05, 3.33955285896e-05, 2.17120577872e-05, 7.30906504032e-06, 7.15246324035e-06, 5.8881419136e-06, 7.40219684303e-06, 8.88940394361e-06, 8.16259034764e-06, 9.02913052414e-06, 1.11797389764e-05, 6.53664665151e-06, 4.97933251609e-06, 4.3559716687e-06, 3.84021495847e-06, 2.91976971312e-06, 1.12540544706e-06, 4.32230507386e-07]
    },
    "melbands128": {
        "mean": [1.64299781318e-05, 5.83487817494e-05, 6.49087378406e-05, 3.91983703594e-05, 1.93201103684e-05, 1.99767255253e-05, 9.38275406952e-05, 0.000483417708892, 0.00197044829838, 0.00322518614121, 0.00194546196144, 0.000419618037995, 6.91207824275e-05, 2.1993964765e-05, 5.09295932716e-05, 0.000213925784919, 0.000517677573953, 0.000741303607356, 0.000662550039124, 0.000338595360518, 0.000151530344738, 0.000250931043411, 0.000662310281768, 0.000993548077531, 0.000785165699199, 0.000325372355292, 0.000125216814922, 0.00012229346612, 0.00015469812206, 0.000109139065898, 6.60709993099e-05, 5.54074758838e-05, 6.6283493652e-05, 5.77729042561e-05, 3.79577468266e-05, 2.61122313532e-05, 2.36794185184e-05, 3.24511711369e-05, 3.58355027856e-05, 3.44912223227e-05, 3.99435484724e-05, 4.21739568992e-05, 3.68806540791e-05, 3.67236316379e-05, 4.77725589008e-05, 4.95025815326e-05, 3.74430819647e-05, 2.29421093536e-05, 2.16070220631e-05, 1.83061620191e-05, 7.23445236872e-06, 5.97185635343e-06, 9.27057499212e-06, 7.57178258937e-06, 7.600855497e-06, 7.34500326871e-06, 8.65111633175e-06, 1.08440008262e-05, 1.14749318527e-05, 1.45969788719e-05, 1.67102462001e-05, 2.37814419961e-05, 1.65819401445e-05, 9.08107176656e-06, 4.92246181238e-06, 3.77636229132e-06, 2.92794470624e-06, 3.20663707498e-06, 3.02149965137e-06, 2.63397100753e-06, 2.51719939115e-06, 2.48862556873e-06, 3.26287909047e-06, 3.70893894797e-06, 4.44330316896e-06, 4.8879555834e-06, 2.96550615531e-06, 2.76101854979e-06, 3.13572945743e-06, 2.96294683721e-06, 2.67439486379e-06, 2.31120816352e-06, 2.97748783851e-06, 3.16654995913e-06, 2.64285699814e-06, 2.03653871722e-06, 1.31883950871e-06, 1.46421791669e-06, 1.50387620579e-06, 1.39419262268e-06, 1.42389080793e-06, 1.2348675682e-06, 1.19770595575e-06, 1.17329227578e-06, 1.14566353204e-06, 1.10909900286e-06, 9.81748939921e-07, 6.43304019832e-07, 3.90330654909e-07, 2.64444963705e-07, 2.0038362436e-07, 1.45677006458e-07, 1.18255449877e-07, 8.97705234593e-08, 6.51279137287e-08, 5.607385134e-08, 4.87014837347e-08, 4.67095233603e-08, 4.69434517925e-08, 4.33006945855e-08, 2.75173430708e-08, 1.70277019151e-08, 9.18158793439e-09, 5.16041387399e-09, 3.12471581942e-09, 5.30209709471e-10, 9.3502060261e-11, 3.2066065081e-11, 4.45298572321e-12, 2.85959117496e-10, 4.87897766632e-09, 6.54625154084e-09, 2.61103082266e-07, 4.92900426252e-07, 3.51313600433e-09, 2.54760057494e-09, 1.30005423093e-10, 3.23900953801e-12],
        "stdev": [4.71203493362e-05, 0.000201918766834, 0.000223523500608, 0.000123427598737, 6.00373568886e-05, 9.12928808248e-05, 0.00046814137022, 0.00118415278848, 0.00270365108736, 0.00378351053223, 0.00324900331907, 0.00136365403887, 0.000320870691212, 9.8164062365e-05, 0.000199071277166, 0.00067964772461, 0.00129491859116, 0.00155338738114, 0.00167540763505, 0.00118641415611, 0.00074663432315, 0.00098751031328, 0.00192537391558, 0.00254589272663, 0.00213568448089, 0.0012126917718, 0.000578813429456, 0.000524067727383, 0.000577075988986, 0.000364615843864, 0.000257580541074, 0.00027780389064, 0.000319003534969, 0.00026057427749, 0.000166971498402, 0.000126107304823, 9.15998098208e-05, 0.000137945462484, 0.000158674010891, 0.000137770708534, 0.000197302855668, 0.000148892111611, 0.000132244240376, 0.000125503676827, 0.000172762083821, 0.000185359633178, 0.000131016946398, 8.07074247859e-05, 7.58228925406e-05, 7.24429773982e-05, 2.30579516938e-05, 2.28159588005e-05, 3.5076187487e-05, 2.55650447798e-05, 2.51907204074e-05, 2.33856499108e-05, 2.82868113572e-05, 4.0600203647e-05, 3.7375397369e-05, 4.08796076954e-05, 3.68201181118e-05, 5.81341919315e-05, 3.67764114344e-05, 2.23443639698e-05, 1.05210265247e-05, 8.14030499896e-06, 7.4367058005e-06, 8.71735210239e-06, 8.6401205408e-06, 6.7081036832e-06, 6.94316941008e-06, 5.98330052526e-06, 7.36382799005e-06, 8.28186239232e-06, 1.09764168883e-05, 1.30136622829e-05, 7.64535707276e-06, 7.58107580623e-06, 9.45727697399e-06, 9.86234408629e-06, 9.51261426962e-06, 8.9285613285e-06, 1.16061582958e-05, 1.35642558234e-05, 1.10683749881e-05, 8.3355453171e-06, 4.96343318446e-06, 5.56147460884e-06, 5.59063892069e-06, 4.90272987008e-06, 5.29356611878e-06, 4.23021174356e-06, 4.20975402449e-06, 4.10821758123e-06, 4.13869520344e-06, 3.61103934665e-06, 3.12428460347e-06, 2.0615059384e-06, 1.1703536984e-06, 7.88696809195e-07, 5.5057245163e-07, 4.19769833115e-07, 3.62298237633e-07, 2.62371116833e-07, 1.86486715847e-07, 1.71285705619e-07, 1.27975084752e-07, 1.12968493227e-07, 1.30842153112e-07, 1.20138537341e-07, 6.79571812157e-08, 4.28034283573e-08, 2.41964457359e-08, 1.46361252007e-08, 9.57284473913e-09, 1.75040670847e-09, 2.40317349354e-10, 1.00172002637e-10, 9.77375645694e-12, 8.02775124153e-10, 8.70109051476e-09, 1.08031725787e-08, 7.96620227561e-08, 1.51699225626e-07, 6.47507203411e-09, 5.4402766736e-09, 4.08875044933e-10, 7.61178793607e-12]
    },
    "mfcc": {
        "mean": [-727.441040039, 114.226730347, 0.785557866096, 21.5552558899, -5.45888757706, -13.9084730148, -10.4320859909, -7.51998901367, -7.87248134613, 0.39881747961, -4.73588418961, -0.622761428356, -22.7800064087],
        "cov": [[9090.56738281, 22.0630683899, -1885.93225098, -877.119750977, -891.51776123, -881.47076416, -392.293518066, -268.558746338, -295.455688477, 194.675842285, -191.515029907, -74.7675704956, -693.271362305], [22.0630683899, 3697.53881836, -646.186218262, -819.901245117, -246.265625, -609.645141602, 16.7550067902, -296.684326172, -338.655487061, -220.579406738, -161.095901489, 23.5405769348, -538.186401367], [-1885.93225098, -646.186218262, 1315.79724121, 507.66229248, 260.664733887, 215.314041138, -72.5762252808, 116.207649231, -15.2243719101, -107.18359375, 65.0690002441, 56.2953033447, 249.465332031], [-877.119750977, -819.901245117, 507.66229248, 820.600036621, 224.3828125, 2.98087382317, -100.498474121, 5.47123289108, 86.4133071899, -141.901138306, -8.90310764313, 54.0535087585, 177.24520874], [-891.51776123, -246.265625, 260.664733887, 224.3828125, 528.530029297, 49.0265388489, -126.104560852, 74.1378097534, 100.808639526, 24.6631908417, 20.6978378296, -5.49165153503, 121.17666626], [-881.47076416, -609.645141602, 215.314041138, 2.98087382317, 49.0265388489, 669.210327148, 230.854690552, 139.311248779, 117.250694275, 165.280212402, 127.18359375, -59.3005180359, 196.055282593], [-392.293518066, 16.7550067902, -72.5762252808, -100.498474121, -126.104560852, 230.854690552, 352.161102295, 87.8193206787, 25.2749481201, 69.2394790649, 29.0543136597, -9.91788578033, 41.5521011353], [-268.558746338, -296.684326172, 116.207649231, 5.47123289108, 74.1378097534, 139.311248779, 87.8193206787, 252.415344238, 76.9014892578, 69.8782806396, 29.8892498016, -11.7728261948, 117.157524109], [-295.455688477, -338.655487061, -15.2243719101, 86.4133071899, 100.808639526, 117.250694275, 25.2749481201, 76.9014892578, 272.112945557, 75.686706543, 1.37152183056, -17.4578037262, 77.9630661011], [194.675842285, -220.579406738, -107.18359375, -141.901138306, 24.6631908417, 165.280212402, 69.2394790649, 69.8782806396, 75.686706543, 243.766235352, 67.3533554077, -54.9614562988, 51.1289787292], [-191.515029907, -161.095901489, 65.0690002441, -8.90310764313, 20.6978378296, 127.18359375, 29.0543136597, 29.8892498016, 1.37152183056, 67.3533554077, 154.215591431, 4.12514591217, 57.1805038452], [-74.7675704956, 23.5405769348, 56.2953033447, 54.0535087585, -5.49165153503, -59.3005180359, -9.91788578033, -11.7728261948, -17.4578037262, -54.9614562988, 4.12514591217, 163.882263184, 10.9760780334], [-693.271362305, -538.186401367, 249.465332031, 177.24520874, 121.17666626, 196.055282593, 41.5521011353, 117.157524109, 77.9630661011, 51.1289787292, 57.1805038452, 10.9760780334, 267.355712891]],
        "icov": [[0.000321374682244, 0.000204994546948, 0.000329235714162, 8.39587155497e-05, 0.000393475551391, 0.000201194299734, 0.000481399096316, -0.000222411064897, 0.000342050770996, -0.000411590968724, 0.000198879730306, -6.58383069094e-05, 0.000519035791513], [0.000204994546948, 0.000708491716068, 0.000166492318385, 0.000661551603116, -6.80731027387e-05, 0.000482136005303, -0.000158116075909, 0.000193164567463, 0.000376481795684, 0.000273871584795, 0.000152338951011, -3.17831108987e-05, 0.000787613855209], [0.000329235714162, 0.000166492318385, 0.00168670655694, -0.000524377042893, 0.000188227495528, -0.000384280196158, 0.000955913041253, -0.000764841563068, 0.000983660807833, 0.000133017252665, 2.65229646175e-05, -0.000263851339696, 3.86355859519e-05], [8.39587155497e-05, 0.000661551603116, -0.000524377042893, 0.00292448070832, -0.00063214765396, 0.000703191559296, -0.000366505119018, 0.000986907165498, -0.000651336915325, 0.00173451087903, 6.09574781265e-05, -4.24800828114e-06, -0.000659390934743], [0.000393475551391, -6.80731027387e-05, 0.000188227495528, -0.00063214765396, 0.0034403107129, -3.19041610055e-05, 0.00205947668292, -0.00104154564906, -0.000252143538091, -0.00124897796195, 0.000231027515838, 3.59026489605e-05, -1.13345422506e-05], [0.000201194299734, 0.000482136005303, -0.000384280196158, 0.000703191559296, -3.19041610055e-05, 0.0036210026592, -0.00178553478327, 0.000411002518376, -0.000472526124213, -0.000707762083039, -0.00123618880752, 0.000940872414503, -0.000659929355606], [0.000481399096316, -0.000158116075909, 0.000955913041253, -0.000366505119018, 0.00205947668292, -0.00178553478327, 0.00591639103368, -0.00203920598142, 0.000637060205918, -0.00109010806773, 0.000782883900683, -0.000682542740833, 0.000514319050126], [-0.000222411064897, 0.000193164567463, -0.000764841563068, 0.000986907165498, -0.00104154564906, 0.000411002518376, -0.00203920598142, 0.00641949754208, -0.00114579661749, 1.57855083671e-05, 3.6082627048e-05, 0.000285378249828, -0.00214229943231], [0.000342050770996, 0.000376481795684, 0.000983660807833, -0.000651336915325, -0.000252143538091, -0.000472526124213, 0.000637060205918, -0.00114579661749, 0.00566987460479, -0.00168700900394, 0.00143795937765, -0.000268742063781, 0.000395397859393], [-0.000411590968724, 0.000273871584795, 0.000133017252665, 0.00173451087903, -0.00124897796195, -0.000707762083039, -0.00109010806773, 1.57855083671e-05, -0.00168700900394, 0.00849180296063, -0.00251853535883, 0.00160437286831, -0.00120163604151], [0.000198879730306, 0.000152338951011, 2.65229646175e-05, 6.09574781265e-05, 0.000231027515838, -0.00123618880752, 0.000782883900683, 3.6082627048e-05, 0.00143795937765, -0.00251853535883, 0.00898033287376, -0.00124163494911, -0.000385843566619], [-6.58383069094e-05, -3.17831108987e-05, -0.000263851339696, -4.24800828114e-06, 3.59026489605e-05, 0.000940872414503, -0.000682542740833, 0.000285378249828, -0.000268742063781, 0.00160437286831, -0.00124163494911, 0.00709467893466, -0.000965056940913], [0.000519035791513, 0.000787613855209, 3.86355859519e-05, -0.000659390934743, -1.13345422506e-05, -0.000659929355606, 0.000514319050126, -0.00214229943231, 0.000395397859393, -0.00120163604151, -0.000385843566619, -0.000965056940913, 0.00865734368563]]
    },
    "spectral_contrast_coeffs": {
        "mean": [-0.555309653282, -0.662480890751, -0.744282841682, -0.76200658083, -0.766524612904, -0.767131626606],
        "stdev": [0.162835240364, 0.15658582747, 0.118385896087, 0.0877206772566, 0.0700219720602, 0.0532114505768]
    },
    "spectral_contrast_valleys": {
        "mean": [-8.52993106842, -7.79240703583, -8.77822685242, -8.78816509247, -8.44015693665, -10.9921751022],
        "stdev": [0.720777332783, 1.0438426733, 1.00523018837, 1.01005363464, 1.04752647877, 1.12702333927]
    }
},
"rhythm": {
    "beats_count": 147,
    "beats_loudness": {
        "mean": 0.0332978405058,
        "stdev": 0.0173909701407
    },
    "bpm": 164.70501709,
    "bpm_histogram_first_peak_bpm": 167,
    "bpm_histogram_first_peak_weight": 0,
    "bpm_histogram_second_peak_bpm": 129,
    "bpm_histogram_second_peak_spread": 0.58333337307,
    "bpm_histogram_second_peak_weight": 0.102739728987,
    "danceability": 1.76207065582,
    "onset_rate": 6.04498720169,
    "beats_loudness_band_ratio": {
        "mean": [0.187216237187, 0.305041611195, 0.396664619446, 0.10964731127, 0.0827502459288, 0.0502839200199],
        "stdev": [0.199933409691, 0.218984916806, 0.243054956198, 0.139467641711, 0.100196890533, 0.138363912702]
    },
    "beats_position": [0.417959183455, 0.882358253002, 1.34675729275, 1.78793644905, 2.24072551727, 2.69351458549, 3.13469386101, 3.5758728981, 4.00544214249, 4.446621418, 4.80653047562, 5.14321994781, 5.46829938889, 5.80498838425, 6.13006782532, 6.45514726639, 6.78022670746, 7.12852573395, 7.4884352684, 7.8251247406, 8.17342376709, 8.52172279358, 8.87002277374, 9.22993183136, 9.58984088898, 9.93814086914, 10.2632198334, 10.6115188599, 10.9482088089, 11.2848978043, 11.6099767685, 11.9350566864, 12.294965744, 12.6548748016, 13.0031747818, 13.3746938705, 13.7462129593, 14.1061220169, 14.4660310745, 14.8143310547, 15.1626300812, 15.5225391388, 15.8824491501, 16.3584575653, 16.8228569031, 17.2872562408, 17.7400455475, 18.2160549164, 18.7036724091, 19.2029018402, 19.6905212402, 20.1781406403, 20.6541500092, 21.1069393158, 21.5713367462, 22.0473461151, 22.5001354218, 22.9877548218, 23.4521541595, 23.8468933105, 24.2300224304, 24.6247615814, 25.0078907013, 25.3910198212, 25.7857589722, 26.1921081543, 26.5984573364, 27.0280265808, 27.4227657318, 27.7942848206, 28.1658039093, 28.537322998, 28.9088420868, 29.291973114, 29.7215423584, 30.1394996643, 30.5690689087, 30.9870281219, 31.3933773041, 31.8113365173, 32.2525177002, 32.7401351929, 33.1929244995, 33.6457138062, 34.1101112366, 34.5745124817, 35.0505218506, 35.5265312195, 36.0141487122, 36.4785499573, 36.9313354492, 37.3725166321, 37.8253059387, 38.2897033691, 38.7541046143, 39.2301139832, 39.6829032898, 40.1473007202, 40.6349182129, 41.1109275818, 41.5869369507, 42.0745582581, 42.5389556885, 43.0149650574, 43.4793624878, 43.9321517944, 44.3965530396, 44.8261222839, 45.2556915283, 45.6736488342, 46.0683898926, 46.4282989502, 46.7882080078, 47.1365089417, 47.4964179993, 47.8563270569, 48.2162361145, 48.5761451721, 48.9476623535, 49.3424034119, 49.7255325317, 50.1086616516, 50.5150108337, 50.9213600159, 51.3160972595, 51.6992263794, 52.1055755615, 52.4770965576, 52.8486175537, 53.2201347351, 53.6148757935, 54.0212249756, 54.4275741577, 54.8339233398, 55.240272522, 55.6466217041, 56.0529708862, 56.4709281921, 56.8656692505, 57.2604064941, 57.643535614, 58.0266647339, 58.4214057922, 58.8161430359, 59.222492218, 59.6288414001, 60.01197052],
    "bpm_histogram": [0, 0, 0, 0, 0, 0, 0, 0, 0, 0, 0, 0, 0, 0, 0, 0, 0, 0, 0, 0, 0, 0, 0, 0, 0, 0, 0, 0, 0, 0, 0, 0, 0, 0, 0, 0, 0, 0, 0, 0, 0, 0, 0, 0, 0, 0, 0, 0, 0, 0, 0, 0, 0, 0, 0, 0, 0, 0, 0, 0, 0, 0, 0, 0, 0, 0, 0, 0, 0, 0, 0, 0, 0, 0, 0, 0, 0, 0, 0, 0, 0, 0, 0, 0, 0, 0, 0, 0, 0, 0, 0, 0, 0, 0, 0, 0, 0, 0, 0, 0, 0, 0, 0, 0, 0, 0, 0, 0, 0, 0, 0, 0, 0, 0, 0, 0, 0, 0, 0, 0, 0.00684931501746, 0, 0, 0.0547945201397, 0, 0, 0.0684931501746, 0, 0, 0.102739728987, 0, 0, 0, 0.0753424689174, 0, 0, 0.0410958901048, 0, 0, 0, 0.0410958901048, 0, 0, 0, 0.0342465750873, 0, 0, 0, 0.0958904102445, 0, 0, 0, 0.0821917802095, 0, 0, 0, 0, 0.0684931501746, 0, 0, 0, 0.0684931501746, 0, 0, 0, 0, 0, 0.109589040279, 0, 0, 0, 0, 0.0684931501746, 0, 0, 0, 0, 0, 0.0342465750873, 0, 0, 0, 0, 0, 0, 0.0479452051222, 0, 0, 0, 0, 0, 0, 0, 0, 0, 0, 0, 0, 0, 0, 0, 0, 0, 0, 0, 0, 0, 0, 0, 0, 0, 0, 0, 0, 0, 0, 0, 0, 0, 0, 0, 0, 0, 0, 0, 0, 0, 0, 0, 0, 0, 0, 0, 0, 0, 0, 0, 0, 0, 0, 0, 0, 0, 0, 0, 0, 0, 0, 0, 0]
},
"tonal": {
    "chords_changes_rate": 0.171647503972,
    "chords_number_rate": 0.0114942528307,
    "chords_strength": {
        "mean": 0.435236603022,
        "stdev": 0.0829624161124
    },
    "hpcp_crest": {
        "mean": 14.5505285263,
        "stdev": 6.34086465836
    },
    "hpcp_entropy": {
        "mean": 1.83833658695,
        "stdev": 0.83135342598
    },
    "key_edma": {
        "strength": 0.38017976284,
        "key": "G#",
        "scale": "minor"
    },
    "key_krumhansl": {
        "strength": 0.383295357227,
        "key": "G#",
        "scale": "minor"
    },
    "key_temperley": {
        "strength": 0.395091146231,
        "key": "G#",
        "scale": "minor"
    },
    "tuning_diatonic_strength": 0.568321347237,
    "tuning_equal_tempered_deviation": 0.229868203402,
    "tuning_frequency": 433.942382812,
    "tuning_nontempered_energy_ratio": 0.883078336716,
    "hpcp": {
        "mean": [0.214819476008, 0.180035799742, 0.159735679626, 0.134075656533, 0.129427656531, 0.12119346112, 0.100603595376, 0.0950802490115, 0.0806624144316, 0.061483155936, 0.0471044741571, 0.037165813148, 0.0396505706012, 0.0442491732538, 0.046211861074, 0.0510389655828, 0.0605004951358, 0.0703605189919, 0.0769120901823, 0.0787044018507, 0.0888068601489, 0.0988009497523, 0.0925688967109, 0.0888082012534, 0.0907098129392, 0.080987662077, 0.081864207983, 0.0911602824926, 0.0817463174462, 0.096497900784, 0.135459065437, 0.153291285038, 0.171058952808, 0.198404759169, 0.207406833768, 0.223911330104],
        "stdev": [0.32753905654, 0.299495130777, 0.297370612621, 0.262939453125, 0.268457353115, 0.25455057621, 0.227142304182, 0.22463144362, 0.200103238225, 0.163072869182, 0.133242368698, 0.107424303889, 0.118916139007, 0.124686680734, 0.121585130692, 0.132835254073, 0.151898041368, 0.178362935781, 0.182374194264, 0.178495585918, 0.191593036056, 0.214608058333, 0.200098693371, 0.202915132046, 0.209546670318, 0.194152206182, 0.193822562695, 0.215339913964, 0.180643737316, 0.208499625325, 0.262643814087, 0.281081885099, 0.291764646769, 0.318349033594, 0.317813396454, 0.330557107925]
    },
    "chords_histogram": [21.9157085419, 0, 2.22222232819, 0.153256699443, 3.60153245926, 1.14942526817, 0.229885056615, 6.97318029404, 0.229885056615, 0.383141756058, 5.82375478745, 0.84291189909, 6.20689678192, 1.14942526817, 10.268198967, 0.0766283497214, 0.0766283497214, 5.13409948349, 2.22222232819, 6.13026809692, 0.0766283497214, 5.13409948349, 5.44061279297, 14.559387207],
    "thpcp": [1, 0.959395289421, 0.804049551487, 0.713388085365, 0.598789095879, 0.578030824661, 0.54125648737, 0.449301034212, 0.424633473158, 0.360242664814, 0.274587064981, 0.210371106863, 0.165984511375, 0.177081570029, 0.197619184852, 0.206384643912, 0.227942749858, 0.270198464394, 0.314233839512, 0.343493521214, 0.351498067379, 0.396616190672, 0.441250324249, 0.41341766715, 0.396622180939, 0.405114889145, 0.361695230007, 0.365609943867, 0.407126694918, 0.365083426237, 0.430964797735, 0.604967474937, 0.684607088566, 0.763958454132, 0.886086285114, 0.926290035248],
    "chords_key": "G#",
    "chords_scale": "minor"
}
}