{
"metadata": {
    "version": {
        "essentia": "2.1-dev",
        "essentia_git_sha": "v2.1_beta3-415-gd5473f3",
        "extractor": "music 2.0"
    },
    "audio_properties": {
        "analysis": {
            "equal_loudness": 0,
            "length": 61.2310218811,
            "sample_rate": 44100,
            "start_time": 0,
            "downmix": "mix"
        },
        "bit_rate": 192000,
        "length": 61.2310218811,
        "lossless": 0,
        "number_channels": 2,
        "replay_gain": -6.20944976807,
        "sample_rate": 44100,
        "codec": "mp3",
        "md5_encoded": "f67f3e91edc9b9ed1747d02a05049d02"
    },
    "tags": {
        "file_name": "monologo_mujer_07.mp3",
        "date": ["2004"],
        "engineer": ["rosamerica tamyo"]
    }
},
"lowlevel": {
    "average_loudness": 0.980158984661,
    "barkbands_crest": {
        "mean": 12.4284343719,
        "stdev": 4.84793186188
    },
    "barkbands_flatness_db": {
        "mean": 0.186872065067,
        "stdev": 0.0681603327394
    },
    "barkbands_kurtosis": {
        "mean": 12.8660831451,
        "stdev": 27.041727066
    },
    "barkbands_skewness": {
        "mean": 1.96795201302,
        "stdev": 2.48440814018
    },
    "barkbands_spread": {
        "mean": 22.588476181,
        "stdev": 24.684419632
    },
    "dissonance": {
        "mean": 0.414689272642,
        "stdev": 0.0689013749361
    },
    "dynamic_complexity": 3.66323113441,
    "erbbands_crest": {
        "mean": 11.318944931,
        "stdev": 4.30088758469
    },
    "erbbands_flatness_db": {
        "mean": 0.205062299967,
        "stdev": 0.0579073391855
    },
    "erbbands_kurtosis": {
        "mean": 3.08866405487,
        "stdev": 6.98517131805
    },
    "erbbands_skewness": {
        "mean": 0.476630330086,
        "stdev": 1.42409336567
    },
    "erbbands_spread": {
        "mean": 30.9305286407,
        "stdev": 20.318605423
    },
    "hfc": {
        "mean": 17.752576828,
        "stdev": 15.9395065308
    },
    "loudness_ebu128": {
        "integrated": -18.343503952,
        "loudness_range": 0.908866882324,
        "momentary": {
            "mean": -18.7614154816,
            "stdev": 2.29692029953
        },
        "short_term": {
            "mean": -18.4004116058,
            "stdev": 0.302468806505
        }
    },
    "melbands_crest": {
        "mean": 16.4643249512,
        "stdev": 6.39238977432
    },
    "melbands_flatness_db": {
        "mean": 0.251541078091,
        "stdev": 0.0928436145186
    },
    "melbands_kurtosis": {
        "mean": 17.5153484344,
        "stdev": 29.9438762665
    },
    "melbands_skewness": {
        "mean": 2.60311722755,
        "stdev": 2.16514325142
    },
    "melbands_spread": {
        "mean": 29.2545642853,
        "stdev": 44.0424232483
    },
    "pitch_salience": {
        "mean": 0.572788536549,
        "stdev": 0.15144187212
    },
    "silence_rate_20dB": {
        "mean": 1,
        "stdev": 0
    },
    "silence_rate_30dB": {
        "mean": 1,
        "stdev": 0
    },
    "silence_rate_60dB": {
        "mean": 0.17096285522,
        "stdev": 0.376482635736
    },
    "spectral_centroid": {
        "mean": 1388.06188965,
        "stdev": 1211.03869629
    },
    "spectral_complexity": {
        "mean": 8.86770248413,
        "stdev": 6.52087783813
    },
    "spectral_decrease": {
        "mean": -5.35644240074e-09,
        "stdev": 4.65585170417e-09
    },
    "spectral_energy": {
        "mean": 0.0218266397715,
        "stdev": 0.0186178851873
    },
    "spectral_energyband_high": {
        "mean": 0.000731659471057,
        "stdev": 0.0014941773843
    },
    "spectral_energyband_low": {
        "mean": 0.00032289075898,
        "stdev": 0.000595637422521
    },
    "spectral_energyband_middle_high": {
        "mean": 0.00419509038329,
        "stdev": 0.0061229695566
    },
    "spectral_energyband_middle_low": {
        "mean": 0.0169971138239,
        "stdev": 0.0152095546946
    },
    "spectral_entropy": {
        "mean": 7.07685947418,
        "stdev": 0.749209284782
    },
    "spectral_flux": {
        "mean": 0.0969767645001,
        "stdev": 0.0541622526944
    },
    "spectral_kurtosis": {
        "mean": 8.52714920044,
        "stdev": 9.40888118744
    },
    "spectral_rms": {
        "mean": 0.00402040081099,
        "stdev": 0.0022651006002
    },
    "spectral_rolloff": {
        "mean": 2376.33911133,
        "stdev": 3640.38037109
    },
    "spectral_skewness": {
        "mean": 1.85051894188,
        "stdev": 1.05354762077
    },
    "spectral_spread": {
        "mean": 3918052.25,
        "stdev": 1610223.5
    },
    "spectral_strongpeak": {
        "mean": 1.22762620449,
        "stdev": 1.19065630436
    },
    "zerocrossingrate": {
        "mean": 0.0962606295943,
        "stdev": 0.0881236344576
    },
    "barkbands": {
        "mean": [9.59207409323e-06, 0.000151895335875, 3.17990379699e-05, 0.000734398316126, 0.00658099027351, 0.00141556432936, 0.0035187411122, 0.0018419631524, 0.00237684929743, 0.00124772754498, 0.000400865828851, 0.000414982932853, 0.000443419907242, 0.000680152559653, 0.000341567007126, 0.000125701364595, 0.000175527733518, 0.000373955466785, 0.000181976341992, 0.000159133371199, 0.000218289293116, 0.000164250683156, 0.000116562790936, 7.09439264028e-05, 1.8070670194e-05, 1.11801782623e-05, 2.05559772439e-05],
        "stdev": [1.35536547532e-05, 0.000388203479815, 8.73619428603e-05, 0.00125991355162, 0.00788502953947, 0.00311809917912, 0.00720981135964, 0.00415536668152, 0.00547074200585, 0.00320360646583, 0.000982610275969, 0.00118488084991, 0.00119912624359, 0.00159820355475, 0.000916144344956, 0.000363963277778, 0.000463064236101, 0.000650132948067, 0.000365470419638, 0.00028877708246, 0.000456604582723, 0.000641803315375, 0.00038421942736, 0.000239648798015, 5.32400226803e-05, 4.5847176807e-05, 5.8383097894e-06]
    },
    "erbbands": {
        "mean": [0.00580587657169, 0.0291135460138, 0.0524649210274, 1.25452280045, 15.1344175339, 22.3815937042, 10.6745271683, 13.6356287003, 43.7607727051, 46.205291748, 48.6063117981, 53.296875, 49.0252532959, 23.0877094269, 16.5047302246, 17.5433311462, 20.8419685364, 33.158744812, 25.2577857971, 11.8140506744, 7.11654138565, 10.6125946045, 17.8749027252, 17.09141922, 6.08003664017, 7.34329605103, 10.8205099106, 6.63752126694, 5.74401712418, 4.50458431244, 3.45136284828, 1.80269610882, 1.00048661232, 0.262060523033, 0.110130317509, 0.0738729014993, 0.0137812942266, 0.000818278058432, 0.000971181842033, 0.000640368147288],
        "stdev": [0.0130310403183, 0.0812167227268, 0.0838069170713, 1.83683717251, 18.9690513611, 34.6033058167, 33.7616691589, 26.0554237366, 82.1009521484, 115.424194336, 99.9817886353, 129.894958496, 120.960533142, 49.869758606, 36.6021957397, 47.9975662231, 52.9209098816, 79.8789672852, 57.7159194946, 31.2351608276, 18.0883846283, 26.7798404694, 33.195640564, 29.9330997467, 12.0705938339, 13.695019722, 18.5070381165, 19.8535785675, 22.7442092896, 16.0685901642, 11.6084785461, 6.14026212692, 3.31425857544, 0.789198696613, 0.327674239874, 0.300978660583, 0.0536143556237, 0.00302900350653, 0.000282213150058, 0.000177271678695]
    },
    "gfcc": {
        "mean": [-72.6952209473, 79.431892395, -108.560272217, 13.8452148438, -57.9698677063, -21.8950653076, -29.3992404938, -8.95412445068, -15.1804208755, -14.389046669, 0.152803644538, -18.6145153046, -1.97244524956],
        "cov": [[9114.60253906, 198.758132935, -2958.47412109, -267.956970215, -1812.85290527, -130.217056274, -856.981201172, 272.328033447, -721.341430664, 11.8268928528, -354.324951172, -205.347167969, -335.657409668], [198.758132935, 2933.67602539, -391.005645752, -1328.92895508, 63.9268951416, -745.976318359, 30.0434818268, -258.748535156, -158.440872192, -500.200408936, 364.660186768, -325.301361084, 62.2315597534], [-2958.47412109, -391.005645752, 1755.60620117, 527.409484863, 380.263336182, 95.1719741821, 158.80178833, -109.480010986, 149.267105103, -9.91339206696, 37.1839637756, 201.560562134, 27.2552947998], [-267.956970215, -1328.92895508, 527.409484863, 1153.87512207, 14.1856203079, 102.827262878, -95.6699523926, 79.9888839722, 91.5684051514, 147.444320679, -142.459121704, 173.815414429, -33.949432373], [-1812.85290527, 63.9268951416, 380.263336182, 14.1856203079, 759.542114258, 49.7139701843, 157.752990723, 2.15478420258, 237.896881104, 64.4368515015, 7.84578752518, -9.53898715973, 96.4121704102], [-130.217056274, -745.976318359, 95.1719741821, 102.827262878, 49.7139701843, 610.251586914, 187.290847778, 38.1413459778, 62.1908073425, 138.316955566, -81.3712844849, 60.4220237732, -57.487159729], [-856.981201172, 30.0434818268, 158.80178833, -95.6699523926, 157.752990723, 187.290847778, 424.437438965, -29.3595561981, 43.6725959778, 27.3328380585, 72.0818252563, -11.6027545929, 7.98051261902], [272.328033447, -258.748535156, -109.480010986, 79.9888839722, 2.15478420258, 38.1413459778, -29.3595561981, 173.144638062, 26.764793396, 61.2114982605, -54.967338562, 38.9129219055, 20.3352718353], [-721.341430664, -158.440872192, 149.267105103, 91.5684051514, 237.896881104, 62.1908073425, 43.6725959778, 26.764793396, 232.807266235, 56.7877845764, -20.6716365814, 21.1913719177, 51.7365570068], [11.8268928528, -500.200408936, -9.91339206696, 147.444320679, 64.4368515015, 138.316955566, 27.3328380585, 61.2114982605, 56.7877845764, 283.509124756, -102.737678528, 30.8636226654, -9.95711803436], [-354.324951172, 364.660186768, 37.1839637756, -142.459121704, 7.84578752518, -81.3712844849, 72.0818252563, -54.967338562, -20.6716365814, -102.737678528, 270.408630371, 3.72624659538, 10.0173082352], [-205.347167969, -325.301361084, 201.560562134, 173.815414429, -9.53898715973, 60.4220237732, -11.6027545929, 38.9129219055, 21.1913719177, 30.8636226654, 3.72624659538, 163.03326416, 11.8910579681], [-335.657409668, 62.2315597534, 27.2552947998, -33.949432373, 96.4121704102, -57.487159729, 7.98051261902, 20.3352718353, 51.7365570068, -9.95711803436, 10.0173082352, 11.8910579681, 147.968414307]],
        "icov": [[0.00174213398714, -0.00209592655301, 0.00240468210541, -0.00223235390149, 0.00237655546516, -0.00232038972899, 0.00188457511831, -0.00164077919908, 0.0017275470309, -0.00137922365684, 0.00159182352945, -0.00111682608258, 0.000837299157865], [-0.00209592655301, 0.00492882961407, -0.00308273779228, 0.00478427670896, -0.00328118656762, 0.00494665838778, -0.00261835171841, 0.00277841766365, -0.00203124643303, 0.00335687119514, -0.00250304723158, 0.00274957180955, -0.000458159192931], [0.00240468210541, -0.00308273779228, 0.00435352837667, -0.00364919821732, 0.00283249467611, -0.00332031631842, 0.00231285952032, -0.0013772881357, 0.00233453372493, -0.00170964002609, 0.00233354372904, -0.00284362863749, 0.00118045019917], [-0.00223235390149, 0.00478427670896, -0.00364919821732, 0.00605026632547, -0.00321274972521, 0.00491422461346, -0.00242891162634, 0.00241554691456, -0.00257749157026, 0.00284478324465, -0.00211466103792, 0.00189119309653, -0.000130356347654], [0.00237655546516, -0.00328118656762, 0.00283249467611, -0.00321274972521, 0.00571092637256, -0.00341816572472, 0.00217283866368, -0.00260430085473, 0.000378292519599, -0.00256262929179, 0.00220964034088, -0.000891016679816, 0.000321137718856], [-0.00232038972899, 0.00494665838778, -0.00332031631842, 0.00491422461346, -0.00341816572472, 0.00753158703446, -0.00408365856856, 0.00278155086562, -0.00281814672053, 0.00277454196475, -0.00185130769387, 0.00171093037352, 0.000546153576579], [0.00188457511831, -0.00261835171841, 0.00231285952032, -0.00242891162634, 0.00217283866368, -0.00408365856856, 0.00560403382406, -0.00177370768506, 0.0020741049666, -0.00213434174657, 0.00059458828764, -0.000571172393393, 0.000468980666483], [-0.00164077919908, 0.00277841766365, -0.0013772881357, 0.00241554691456, -0.00260430085473, 0.00278155086562, -0.00177370768506, 0.00969687011093, -0.00202981894836, 0.00115713640116, -0.000721596763469, -0.000838547188323, -0.00163823133335], [0.0017275470309, -0.00203124643303, 0.00233453372493, -0.00257749157026, 0.000378292519599, -0.00281814672053, 0.0020741049666, -0.00202981894836, 0.00881633441895, -0.00182407733519, 0.00151942356024, -0.00110520713497, -0.00064191891579], [-0.00137922365684, 0.00335687119514, -0.00170964002609, 0.00284478324465, -0.00256262929179, 0.00277454196475, -0.00213434174657, 0.00115713640116, -0.00182407733519, 0.00728115299717, -0.000284204463242, 0.00128771970049, 0.000174378990778], [0.00159182352945, -0.00250304723158, 0.00233354372904, -0.00211466103792, 0.00220964034088, -0.00185130769387, 0.00059458828764, -0.000721596763469, 0.00151942356024, -0.000284204463242, 0.00681426329538, -0.00295371538959, 0.000882429420017], [-0.00111682608258, 0.00274957180955, -0.00284362863749, 0.00189119309653, -0.000891016679816, 0.00171093037352, -0.000571172393393, -0.000838547188323, -0.00110520713497, 0.00128771970049, -0.00295371538959, 0.01126803644, -0.00157330546062], [0.000837299157865, -0.000458159192931, 0.00118045019917, -0.000130356347654, 0.000321137718856, 0.000546153576579, 0.000468980666483, -0.00163823133335, -0.00064191891579, 0.000174378990778, 0.000882429420017, -0.00157330546062, 0.00910857040435]]
    },
    "melbands": {
        "mean": [4.713101589e-05, 2.43982594839e-05, 0.000532360689249, 0.00156792986672, 0.000470601487905, 0.000319454062264, 0.000690928660333, 0.000466032855911, 0.000415420247009, 0.00032443983946, 0.000242355105001, 9.78659663815e-05, 5.54774596822e-05, 4.72792853543e-05, 4.65927369078e-05, 4.59721704829e-05, 6.3897583459e-05, 4.35569127148e-05, 2.26950869546e-05, 1.03230295281e-05, 7.74793352321e-06, 1.06010493255e-05, 1.22226956591e-05, 1.92987990886e-05, 1.37522356454e-05, 4.86761746288e-06, 3.34599599228e-06, 5.23292374055e-06, 7.30891088097e-06, 5.33522324986e-06, 3.36247558153e-06, 3.04563945974e-06, 3.44368231708e-06, 2.12173040381e-06, 2.25525900532e-06, 1.27557825635e-06, 1.04781963728e-06, 8.21724142952e-07, 3.70525214066e-07, 1.59884393724e-07],
        "stdev": [0.000115961425763, 5.38256826985e-05, 0.00070338480873, 0.00193956855219, 0.00120332615916, 0.000613652868196, 0.0012873839587, 0.0011167783523, 0.000867735885549, 0.000811844831333, 0.00061252922751, 0.000227254582569, 0.000128998639411, 0.000145811907714, 0.000149206607603, 0.000108832900878, 0.000161520511028, 0.000105058541521, 6.45777763566e-05, 3.03130618704e-05, 2.07796856557e-05, 2.91406777251e-05, 2.65810213023e-05, 3.44930704159e-05, 2.61166005657e-05, 1.09800630526e-05, 7.82404276833e-06, 1.03455276985e-05, 1.25994902191e-05, 1.19881087812e-05, 1.26614722831e-05, 1.26306731545e-05, 1.42155940921e-05, 7.42142401577e-06, 7.80677601142e-06, 4.59370676253e-06, 3.62430455425e-06, 2.85393957711e-06, 1.15957232083e-06, 4.97497524066e-07]
    },
    "melbands128": {
        "mean": [8.27213807497e-06, 4.68431317131e-05, 6.88798827468e-05, 3.89066481148e-05, 1.43402803587e-05, 1.85144290299e-05, 0.000102305835753, 0.0005037849769, 0.00163502874784, 0.00217540259473, 0.0013465762604, 0.000631871225778, 0.000334132986609, 0.000174395070644, 0.00019844295457, 0.00043839373393, 0.000671997026075, 0.000737838679925, 0.000742085801903, 0.000522435351741, 0.000307386362692, 0.000354548916221, 0.0004564402916, 0.000460796465632, 0.00035224322346, 0.000272385834251, 0.000256961298874, 0.000268158823019, 0.000216960324906, 0.000101425575849, 6.32897645119e-05, 6.2742823502e-05, 5.89005067013e-05, 4.60511619167e-05, 4.84040683659e-05, 4.8561974836e-05, 4.29029387305e-05, 4.71965358884e-05, 4.94333035022e-05, 4.31312364526e-05, 3.90093155147e-05, 5.48549141968e-05, 7.86644668551e-05, 5.72060052946e-05, 5.16956642969e-05, 4.34686007793e-05, 3.20047547575e-05, 2.46256349783e-05, 1.9922877982e-05, 9.76927640295e-06, 1.05116441773e-05, 8.79992330738e-06, 6.24162976237e-06, 8.13232963992e-06, 9.01598559722e-06, 1.1459266716e-05, 1.14953791126e-05, 9.88309966488e-06, 1.22556657516e-05, 1.67979924299e-05, 2.05397827813e-05, 2.01473994821e-05, 2.0162171495e-05, 1.03396214399e-05, 6.32038063486e-06, 4.97130122312e-06, 4.01887200496e-06, 2.91002811537e-06, 3.2793061564e-06, 3.60239982911e-06, 4.52877384305e-06, 6.34029584035e-06, 7.73812917032e-06, 7.71175655245e-06, 6.42569148113e-06, 6.36698723611e-06, 4.18712443206e-06, 3.67797156287e-06, 3.18876982419e-06, 3.16942941936e-06, 2.91663218377e-06, 2.84832754005e-06, 3.73031912204e-06, 3.93132177123e-06, 2.8838005619e-06, 1.95750681087e-06, 1.81539178357e-06, 2.38557436205e-06, 2.74205649475e-06, 1.74992442226e-06, 1.4375293631e-06, 1.14526528705e-06, 9.90784428723e-07, 1.06540107936e-06, 1.08070616989e-06, 9.72544626165e-07, 8.1694616938e-07, 5.213556733e-07, 3.81982005138e-07, 2.95241250114e-07, 1.94451843072e-07, 1.35201972284e-07, 1.15768933995e-07, 1.15435874193e-07, 1.22369883115e-07, 1.19068360505e-07, 1.15985933746e-07, 1.4200044518e-07, 1.50489853468e-07, 1.34848633593e-07, 8.63788258698e-08, 4.90825904365e-08, 2.9472609242e-08, 2.30785914823e-08, 1.64859379481e-08, 3.09467051984e-09, 1.48959219959e-10, 3.43832531891e-11, 7.67431691112e-12, 3.74100167511e-10, 6.1249050276e-09, 8.2500628551e-09, 2.80951667264e-07, 5.29627300239e-07, 4.35868008353e-09, 3.38267724942e-09, 1.70942579536e-10, 3.22393002052e-12],
        "stdev": [1.19551605167e-05, 9.38391094678e-05, 0.000197687782929, 0.000110243585368, 3.50765549229e-05, 5.50648983335e-05, 0.000291457632557, 0.000851712829899, 0.00239794235677, 0.00339670735411, 0.00284395786002, 0.00197561853565, 0.00150897959247, 0.000854667217936, 0.000564419431612, 0.00110106763896, 0.00160666892771, 0.00184549705591, 0.00237856153399, 0.00176387804095, 0.0010443784995, 0.00112368131522, 0.00123188167345, 0.00141372508369, 0.0012798452517, 0.00106929289177, 0.000986660365015, 0.000897902180441, 0.000725546386093, 0.000349754700437, 0.000217274166062, 0.000219321562327, 0.000191116036149, 0.00015786588483, 0.000211427046452, 0.000224916220759, 0.000176649773493, 0.000213564344449, 0.000222778617172, 0.00015543185873, 0.00014178926358, 0.00017937841767, 0.000281936605461, 0.000183706404641, 0.000175678200321, 0.000150108215166, 0.000125965292682, 9.2894086265e-05, 8.8591761596e-05, 3.36295343004e-05, 4.14203641412e-05, 3.79002522095e-05, 2.1626776288e-05, 2.83779718302e-05, 3.23261556332e-05, 3.78039912903e-05, 4.12211302319e-05, 2.80248441413e-05, 3.12916745315e-05, 4.33395289292e-05, 4.7240537242e-05, 4.24372447014e-05, 4.86210919917e-05, 2.47262014454e-05, 1.66782247106e-05, 1.40362681122e-05, 1.15369884952e-05, 7.77753120929e-06, 9.29837369767e-06, 1.10836663225e-05, 1.18003463285e-05, 1.39047069752e-05, 1.57804861374e-05, 1.6031521227e-05, 1.34274469019e-05, 1.59102382895e-05, 1.15830171126e-05, 1.64394969033e-05, 1.43933548316e-05, 1.46196443893e-05, 1.30665594043e-05, 1.31001597765e-05, 1.78194441105e-05, 1.70386847458e-05, 1.22674027807e-05, 7.52445430408e-06, 6.84600263412e-06, 8.76012563822e-06, 9.8757482192e-06, 6.87621650286e-06, 5.11923053637e-06, 4.77721596326e-06, 4.16442844653e-06, 3.74594378627e-06, 3.91397270505e-06, 3.47368427356e-06, 3.09035249302e-06, 1.81274651823e-06, 1.24443465666e-06, 9.40586005527e-07, 6.4406515321e-07, 4.38225157495e-07, 4.06727536983e-07, 3.82704314461e-07, 3.92130630189e-07, 3.75901407779e-07, 3.4854880937e-07, 5.37495509434e-07, 7.13745293979e-07, 7.13664576324e-07, 3.63406741144e-07, 1.89900774217e-07, 1.15182380966e-07, 9.14134901109e-08, 7.405490976e-08, 1.60713007347e-08, 3.55504764515e-10, 8.95448645788e-11, 7.37327213174e-11, 9.80174053034e-10, 1.01881898473e-08, 1.2695994478e-08, 8.12010085838e-08, 1.55558652182e-07, 7.42452765934e-09, 6.71933086949e-09, 4.8166043376e-10, 8.84417365732e-12]
    },
    "mfcc": {
        "mean": [-726.283081055, 121.867073059, -3.02360486984, 24.6359081268, -7.27369451523, -12.7285556793, -5.60703372955, -5.17329788208, -13.93983078, 4.63397884369, -9.86200809479, 4.24384784698, -14.7453804016],
        "cov": [[10113.3808594, -376.955810547, -2103.27319336, -758.713684082, -1211.66357422, -845.527954102, -407.065551758, -266.132843018, -599.321655273, 194.527603149, -422.217102051, 147.007507324, -708.800964355], [-376.955810547, 3586.47412109, -714.940002441, -706.592651367, -208.70111084, -683.845397949, 116.741729736, -140.80947876, -419.575134277, -9.7000875473, -276.028961182, 58.9215354919, -290.618103027], [-2103.27319336, -714.940002441, 1501.83642578, 443.742889404, 188.449417114, 306.108825684, 32.1161231995, 124.623291016, 57.8097381592, -248.470016479, 97.6883621216, -97.0403747559, 266.4480896], [-758.713684082, -706.592651367, 443.742889404, 845.111694336, 268.913116455, 11.3662595749, -93.3864212036, -45.2426452637, 138.895065308, -179.994522095, 71.1264190674, -16.2457847595, 154.495193481], [-1211.66357422, -208.70111084, 188.449417114, 268.913116455, 567.661193848, 91.4729690552, -100.008911133, 9.08891201019, 181.056243896, -54.439201355, 64.7540435791, -26.0606536865, 117.623718262], [-845.527954102, -683.845397949, 306.108825684, 11.3662595749, 91.4729690552, 593.223693848, 94.2969207764, 109.951522827, 172.845962524, 135.353805542, 170.949584961, -72.6023025513, 106.751792908], [-407.065551758, 116.741729736, 32.1161231995, -93.3864212036, -100.008911133, 94.2969207764, 301.359466553, 57.787727356, -38.4845542908, 54.2536506653, 27.2947483063, 9.86901760101, 28.3418388367], [-266.132843018, -140.80947876, 124.623291016, -45.2426452637, 9.08891201019, 109.951522827, 57.787727356, 236.93460083, 4.98519611359, 20.058839798, -0.314347118139, -16.1285095215, 64.9084396362], [-599.321655273, -419.575134277, 57.8097381592, 138.895065308, 181.056243896, 172.845962524, -38.4845542908, 4.98519611359, 369.592102051, 59.3496208191, 60.4281959534, -34.283367157, 70.0865249634], [194.527603149, -9.7000875473, -248.470016479, -179.994522095, -54.439201355, 135.353805542, 54.2536506653, 20.058839798, 59.3496208191, 269.30480957, 41.4238777161, -12.0064878464, -50.9817848206], [-422.217102051, -276.028961182, 97.6883621216, 71.1264190674, 64.7540435791, 170.949584961, 27.2947483063, -0.314347118139, 60.4281959534, 41.4238777161, 201.110900879, -5.58736371994, 57.9303131104], [147.007507324, 58.9215354919, -97.0403747559, -16.2457847595, -26.0606536865, -72.6023025513, 9.86901760101, -16.1285095215, -34.283367157, -12.0064878464, -5.58736371994, 143.136199951, -0.428380608559], [-708.800964355, -290.618103027, 266.4480896, 154.495193481, 117.623718262, 106.751792908, 28.3418388367, 64.9084396362, 70.0865249634, -50.9817848206, 57.9303131104, -0.428380608559, 199.620788574]],
        "icov": [[0.000356694072252, 0.000292395212455, 0.000398405158194, 9.10373055376e-05, 0.000500008172821, 0.00022369385988, 0.00042106732144, 4.49576582469e-05, 0.000390145462006, 2.98169579764e-05, 0.000282795226667, 8.24163362267e-05, 0.000390069064451], [0.000292395212455, 0.000751136802137, 0.000334431853844, 0.000466565077659, 0.000134530593641, 0.000707523257006, -2.75981328741e-05, 0.000227023934713, 0.000559875392355, 2.17287106352e-05, 0.000366505119018, 0.000232754551689, 0.000499858928379], [0.000398405158194, 0.000334431853844, 0.00175514630973, -0.000237538421061, 0.000625748827588, -0.000515299499966, 0.000391281675547, -0.0001703829912, 0.000693467969541, 0.00125350209419, 0.000372802605852, 0.000707142346073, -0.000380670215236], [9.10373055376e-05, 0.000466565077659, -0.000237538421061, 0.00226351362653, -0.000477800989756, 0.000792050152086, 4.00615899707e-05, 0.00065035559237, -0.000242259920924, 0.000724604353309, -0.00032602387364, 0.000184333635843, -0.000426335085649], [0.000500008172821, 0.000134530593641, 0.000625748827588, -0.000477800989756, 0.00343463779427, -4.66705059807e-05, 0.00150885304902, -0.000144904668559, -0.000412136054365, 0.000343270454323, 1.1215757695e-05, 0.000211628808756, -0.000430578918895], [0.00022369385988, 0.000707523257006, -0.000515299499966, 0.000792050152086, -4.66705059807e-05, 0.00446181697771, -0.000606248970143, -0.000622801075224, -0.000519360532053, -0.00171188393142, -0.0017721633194, 0.00110892881639, 9.09637383302e-05], [0.00042106732144, -2.75981328741e-05, 0.000391281675547, 4.00615899707e-05, 0.00150885304902, -0.000606248970143, 0.00494264438748, -0.000546534080058, 0.000807686999906, -0.000588437716942, 4.92569088237e-05, -0.000442322809249, -0.00063636363484], [4.49576582469e-05, 0.000227023934713, -0.0001703829912, 0.00065035559237, -0.000144904668559, -0.000622801075224, -0.000546534080058, 0.00559012591839, 0.000558782485314, -0.000432894885307, 0.00136858632322, 0.000289496034384, -0.00181070319377], [0.000390145462006, 0.000559875392355, 0.000693467969541, -0.000242259920924, -0.000412136054365, -0.000519360532053, 0.000807686999906, 0.000558782485314, 0.00464570010081, -0.0010041956557, 0.000747716694605, 0.000536706764251, -0.000416907685576], [2.98169579764e-05, 2.17287106352e-05, 0.00125350209419, 0.000724604353309, 0.000343270454323, -0.00171188393142, -0.000588437716942, -0.000432894885307, -0.0010041956557, 0.00701376376674, -0.00083452265244, 0.000397381489165, 0.00122794299386], [0.000282795226667, 0.000366505119018, 0.000372802605852, -0.00032602387364, 1.1215757695e-05, -0.0017721633194, 4.92569088237e-05, 0.00136858632322, 0.000747716694605, -0.00083452265244, 0.00770105142146, -0.000564684101846, -0.000930203008465], [8.24163362267e-05, 0.000232754551689, 0.000707142346073, 0.000184333635843, 0.000211628808756, 0.00110892881639, -0.000442322809249, 0.000289496034384, 0.000536706764251, 0.000397381489165, -0.000564684101846, 0.00810687337071, -0.00110977748409], [0.000390069064451, 0.000499858928379, -0.000380670215236, -0.000426335085649, -0.000430578918895, 9.09637383302e-05, -0.00063636363484, -0.00181070319377, -0.000416907685576, 0.00122794299386, -0.000930203008465, -0.00110977748409, 0.00957205053419]]
    },
    "spectral_contrast_coeffs": {
        "mean": [-0.584398448467, -0.675163090229, -0.741105616093, -0.773105025291, -0.767891228199, -0.763609230518],
        "stdev": [0.155051440001, 0.153537005186, 0.122643500566, 0.0856031626463, 0.068237029016, 0.0575244128704]
    },
    "spectral_contrast_valleys": {
        "mean": [-8.31739616394, -7.66495227814, -8.53089809418, -8.66696929932, -8.29989910126, -11.2490119934],
        "stdev": [0.680432915688, 1.11405146122, 1.08739459515, 1.09378051758, 1.18093562126, 1.26217365265]
    }
},
"rhythm": {
    "beats_count": 115,
    "beats_loudness": {
        "mean": 0.0316033028066,
        "stdev": 0.0165143422782
    },
    "bpm": 111.218727112,
    "bpm_histogram_first_peak_bpm": 112,
    "bpm_histogram_first_peak_weight": 0.634146332741,
    "bpm_histogram_second_peak_bpm": 103,
    "bpm_histogram_second_peak_spread": 0.629629611969,
    "bpm_histogram_second_peak_weight": 0.0877192988992,
    "danceability": 1.81754124165,
    "onset_rate": 6.00888633728,
    "beats_loudness_band_ratio": {
        "mean": [0.169325590134, 0.295983016491, 0.385094106197, 0.134874492884, 0.0812190100551, 0.0489782206714],
        "stdev": [0.188375174999, 0.207722619176, 0.218444406986, 0.14585737884, 0.0696383491158, 0.107161469758]
    },
    "beats_position": [0.568888902664, 1.16099774837, 1.75310659409, 2.34521532059, 2.92571425438, 3.49460315704, 4.06349182129, 4.6439909935, 5.20126962662, 5.75854873657, 6.33904743195, 6.91954612732, 7.50004529953, 8.10376358032, 8.73070240021, 9.26476192474, 9.78721046448, 10.321269989, 10.8437185287, 11.354557991, 11.8770065308, 12.387845993, 12.933514595, 13.4211339951, 13.8971424103, 14.3847618103, 14.8607711792, 15.3483896255, 15.8360090256, 16.3120174408, 16.7996368408, 17.2872562408, 17.786485672, 18.2973232269, 18.8081626892, 19.2957820892, 19.7834014893, 20.2710208893, 20.8050785065, 21.339138031, 21.8731975555, 22.4072551727, 22.9529247284, 23.4985942841, 24.0326519012, 24.5783214569, 25.1239910126, 25.7044887543, 26.2501583099, 26.8190479279, 27.3763256073, 27.9103851318, 28.4676647186, 29.0365524292, 29.6170520782, 30.2091598511, 30.8128795624, 31.3933773041, 31.9738769531, 32.5543746948, 33.111656189, 33.6573219299, 34.2262115479, 34.7718811035, 35.3059387207, 35.8167800903, 36.3276176453, 36.8268470764, 37.3609046936, 37.883354187, 38.4058036804, 38.9746932983, 39.5435829163, 40.1473007202, 40.7858505249, 41.4011802673, 42.0048980713, 42.6086158752, 43.0962333679, 43.560634613, 44.0250320435, 44.5010414124, 44.9654426575, 45.4414520264, 45.9058494568, 46.3238105774, 46.7533760071, 47.1713371277, 47.6009063721, 48.0536956787, 48.5064849854, 48.9244422913, 49.3424034119, 49.78358078, 50.2015419006, 50.6194992065, 51.0606803894, 51.4902496338, 51.9198188782, 52.4306564331, 52.9647140503, 53.4987754822, 54.0212249756, 54.5436706543, 55.0545120239, 55.5885696411, 56.1342391968, 56.6915168762, 57.2604064941, 57.8176841736, 58.3749656677, 58.9090232849, 59.4546928406, 60.0003623962, 60.5344200134],
    "bpm_histogram": [0, 0, 0, 0, 0, 0, 0, 0, 0, 0, 0, 0, 0, 0, 0, 0, 0, 0, 0, 0, 0, 0, 0, 0, 0, 0, 0, 0, 0, 0, 0, 0, 0, 0, 0, 0, 0, 0, 0, 0, 0, 0, 0, 0, 0, 0, 0, 0, 0, 0, 0, 0, 0, 0, 0, 0, 0, 0, 0, 0, 0, 0, 0, 0, 0, 0, 0, 0, 0, 0, 0, 0, 0, 0, 0, 0, 0, 0, 0, 0, 0, 0, 0, 0, 0, 0, 0, 0, 0, 0, 0, 0, 0, 0, 0.00877192988992, 0, 0.00877192988992, 0, 0.00877192988992, 0.0438596494496, 0, 0.0350877195597, 0, 0.0877192988992, 0, 0.0701754391193, 0, 0, 0.0701754391193, 0, 0.0964912250638, 0, 0.131578952074, 0, 0, 0.0614035092294, 0, 0.0701754391193, 0, 0, 0.0175438597798, 0, 0, 0.0877192988992, 0, 0, 0.0438596494496, 0, 0, 0.0350877195597, 0, 0, 0, 0.0175438597798, 0, 0, 0.0175438597798, 0, 0, 0, 0.0350877195597, 0, 0, 0, 0.0526315793395, 0, 0, 0, 0, 0, 0, 0, 0, 0, 0, 0, 0, 0, 0, 0, 0, 0, 0, 0, 0, 0, 0, 0, 0, 0, 0, 0, 0, 0, 0, 0, 0, 0, 0, 0, 0, 0, 0, 0, 0, 0, 0, 0, 0, 0, 0, 0, 0, 0, 0, 0, 0, 0, 0, 0, 0, 0, 0, 0, 0, 0, 0, 0, 0, 0, 0, 0, 0, 0, 0, 0, 0, 0, 0, 0, 0, 0, 0, 0, 0, 0, 0, 0, 0, 0, 0, 0, 0, 0, 0, 0, 0, 0, 0, 0, 0, 0, 0, 0, 0, 0, 0, 0, 0, 0]
},
"tonal": {
    "chords_changes_rate": 0.168939396739,
    "chords_number_rate": 0.0113636367023,
    "chords_strength": {
        "mean": 0.431514441967,
        "stdev": 0.0883863717318
    },
    "hpcp_crest": {
        "mean": 15.7084350586,
        "stdev": 8.27276515961
    },
    "hpcp_entropy": {
        "mean": 1.82706558704,
        "stdev": 0.918715536594
    },
    "key_edma": {
        "strength": 0.29917344451,
        "key": "G",
        "scale": "minor"
    },
    "key_krumhansl": {
        "strength": 0.30104893446,
        "key": "G",
        "scale": "minor"
    },
    "key_temperley": {
        "strength": 0.298940360546,
        "key": "G",
        "scale": "minor"
    },
    "tuning_diatonic_strength": 0.486712247133,
    "tuning_equal_tempered_deviation": 0.178914532065,
    "tuning_frequency": 452.108886719,
    "tuning_nontempered_energy_ratio": 0.889128267765,
    "hpcp": {
        "mean": [0.105132840574, 0.0945417433977, 0.108299903572, 0.117710538208, 0.101376391947, 0.0927360802889, 0.0937113016844, 0.0831441804767, 0.0682406201959, 0.0585403367877, 0.0604650191963, 0.0614152140915, 0.0573674589396, 0.0623881816864, 0.0705617591739, 0.0716469213367, 0.0749424397945, 0.0800132080913, 0.0831990167499, 0.074473939836, 0.0711151137948, 0.0811902955174, 0.0814569294453, 0.084508061409, 0.0974667742848, 0.114701032639, 0.118640653789, 0.146281331778, 0.170692324638, 0.178972601891, 0.203178331256, 0.192512437701, 0.16576308012, 0.160296946764, 0.142546832561, 0.119084320962],
        "stdev": [0.241002947092, 0.212913170457, 0.234573364258, 0.246566668153, 0.227785438299, 0.220742359757, 0.222086057067, 0.202153235674, 0.174465030432, 0.157567754388, 0.16326649487, 0.160235658288, 0.146471709013, 0.153899133205, 0.167166367173, 0.164402320981, 0.169275105, 0.177711069584, 0.192323982716, 0.179526001215, 0.178572446108, 0.195454016328, 0.195849880576, 0.195607975125, 0.215438008308, 0.241919517517, 0.233424961567, 0.264349907637, 0.286671608686, 0.287108421326, 0.319546341896, 0.301615208387, 0.281965732574, 0.286639302969, 0.271004259586, 0.243804439902]
    },
    "chords_histogram": [8.18181800842, 0.0757575780153, 0.227272734046, 0.833333313465, 0, 2.95454549789, 8.93939399719, 12.2727270126, 7.12121200562, 3.63636374474, 15.9090909958, 0, 0, 0.909090936184, 3.71212124825, 3.10606050491, 4.39393949509, 9.31818199158, 0.378787875175, 4.39393949509, 0.757575750351, 1.59090912342, 5.15151500702, 6.13636350632],
    "thpcp": [1, 0.947504758835, 0.815850198269, 0.788947045803, 0.701584815979, 0.586107373238, 0.517441213131, 0.465314120054, 0.533028781414, 0.579345941544, 0.498952776194, 0.456427007914, 0.461226850748, 0.409217745066, 0.335865646601, 0.288122922182, 0.297595798969, 0.302272468805, 0.28235027194, 0.307061195374, 0.347289800644, 0.352630734444, 0.368850558996, 0.393807768822, 0.409487634897, 0.366544693708, 0.350013285875, 0.39960116148, 0.400913476944, 0.415930479765, 0.479710489511, 0.564533770084, 0.583923757076, 0.719965219498, 0.840110898018, 0.880864620209],
    "chords_key": "F#",
    "chords_scale": "minor"
}
}