{
"metadata": {
    "version": {
        "essentia": "2.1-dev",
        "essentia_git_sha": "v2.1_beta3-415-gd5473f3",
        "extractor": "music 2.0"
    },
    "audio_properties": {
        "analysis": {
            "equal_loudness": 0,
            "length": 61.5967330933,
            "sample_rate": 44100,
            "start_time": 0,
            "downmix": "mix"
        },
        "bit_rate": 192000,
        "length": 61.5967330933,
        "lossless": 0,
        "number_channels": 2,
        "replay_gain": -6.10536384583,
        "sample_rate": 44100,
        "codec": "mp3",
        "md5_encoded": "2558f1156ce6049ac91a84949a5e0def"
    },
    "tags": {
        "file_name": "monologo_hombre_13.mp3",
        "date": ["2004"],
        "engineer": ["rosamerica tamyo"]
    }
},
"lowlevel": {
    "average_loudness": 0.96902179718,
    "barkbands_crest": {
        "mean": 10.1915359497,
        "stdev": 3.91287779808
    },
    "barkbands_flatness_db": {
        "mean": 0.197889059782,
        "stdev": 0.0761993676424
    },
    "barkbands_kurtosis": {
        "mean": 11.2661056519,
        "stdev": 20.4595603943
    },
    "barkbands_skewness": {
        "mean": 1.75212776661,
        "stdev": 2.14305758476
    },
    "barkbands_spread": {
        "mean": 20.5492229462,
        "stdev": 22.517950058
    },
    "dissonance": {
        "mean": 0.426729381084,
        "stdev": 0.0541529357433
    },
    "dynamic_complexity": 3.51190567017,
    "erbbands_crest": {
        "mean": 10.5080013275,
        "stdev": 3.96961688995
    },
    "erbbands_flatness_db": {
        "mean": 0.20556256175,
        "stdev": 0.0559503957629
    },
    "erbbands_kurtosis": {
        "mean": 2.49399447441,
        "stdev": 7.00851869583
    },
    "erbbands_skewness": {
        "mean": 0.489607006311,
        "stdev": 1.26851212978
    },
    "erbbands_spread": {
        "mean": 31.0899963379,
        "stdev": 20.4571533203
    },
    "hfc": {
        "mean": 16.0342121124,
        "stdev": 14.4130191803
    },
    "loudness_ebu128": {
        "integrated": -18.0555057526,
        "loudness_range": 1.22129249573,
        "momentary": {
            "mean": -18.4817180634,
            "stdev": 2.21647405624
        },
        "short_term": {
            "mean": -18.1298847198,
            "stdev": 0.423480212688
        }
    },
    "melbands_crest": {
        "mean": 13.5653171539,
        "stdev": 5.40478277206
    },
    "melbands_flatness_db": {
        "mean": 0.278466999531,
        "stdev": 0.111985847354
    },
    "melbands_kurtosis": {
        "mean": 14.844909668,
        "stdev": 23.50091362
    },
    "melbands_skewness": {
        "mean": 2.36920881271,
        "stdev": 1.92726969719
    },
    "melbands_spread": {
        "mean": 23.7703971863,
        "stdev": 32.5842857361
    },
    "pitch_salience": {
        "mean": 0.644615054131,
        "stdev": 0.122105114162
    },
    "silence_rate_20dB": {
        "mean": 1,
        "stdev": 0
    },
    "silence_rate_30dB": {
        "mean": 1,
        "stdev": 0
    },
    "silence_rate_60dB": {
        "mean": 0.142426520586,
        "stdev": 0.349486678839
    },
    "spectral_centroid": {
        "mean": 1216.42089844,
        "stdev": 1079.56530762
    },
    "spectral_complexity": {
        "mean": 12.4577999115,
        "stdev": 8.5095949173
    },
    "spectral_decrease": {
        "mean": -6.50001830138e-09,
        "stdev": 5.04616393115e-09
    },
    "spectral_energy": {
        "mean": 0.0259868912399,
        "stdev": 0.020057702437
    },
    "spectral_energyband_high": {
        "mean": 0.000379324599635,
        "stdev": 0.00102336099371
    },
    "spectral_energyband_low": {
        "mean": 0.00693990942091,
        "stdev": 0.00613411469385
    },
    "spectral_energyband_middle_high": {
        "mean": 0.00387968728319,
        "stdev": 0.00497760716826
    },
    "spectral_energyband_middle_low": {
        "mean": 0.0158201120794,
        "stdev": 0.0137703670189
    },
    "spectral_entropy": {
        "mean": 7.01106309891,
        "stdev": 0.760208845139
    },
    "spectral_flux": {
        "mean": 0.0895755439997,
        "stdev": 0.04848677665
    },
    "spectral_kurtosis": {
        "mean": 12.8785810471,
        "stdev": 14.5277070999
    },
    "spectral_rms": {
        "mean": 0.00445707933977,
        "stdev": 0.0023425470572
    },
    "spectral_rolloff": {
        "mean": 2629.77978516,
        "stdev": 4686.30078125
    },
    "spectral_skewness": {
        "mean": 2.26348042488,
        "stdev": 1.34479176998
    },
    "spectral_spread": {
        "mean": 3457411.5,
        "stdev": 1750698
    },
    "spectral_strongpeak": {
        "mean": 1.1734688282,
        "stdev": 1.11251091957
    },
    "zerocrossingrate": {
        "mean": 0.0992892533541,
        "stdev": 0.136301189661
    },
    "barkbands": {
        "mean": [3.75633317162e-06, 0.000612163566984, 0.00539997033775, 0.00119337043725, 0.00551834376529, 0.00183348020073, 0.00249015446752, 0.00241724378429, 0.00214994233102, 0.000478414847748, 0.000325676897774, 0.000616700446699, 0.000705028825905, 0.000454289547633, 0.000310061936034, 0.00032609081245, 0.00030251237331, 0.000108611275209, 0.000217460357817, 0.000237219923292, 8.02740905783e-05, 8.77593702171e-05, 3.60336198355e-05, 4.00407152483e-05, 1.40423526318e-05, 5.85056477576e-06, 2.24283721764e-05],
        "stdev": [1.05251883724e-05, 0.000920247694012, 0.00502633256838, 0.00285088713281, 0.00596850784495, 0.00326089980081, 0.00443031033501, 0.00503473589197, 0.00483413645998, 0.0012249321444, 0.000936591357458, 0.0015529046068, 0.00175209331792, 0.00124731764663, 0.000793732877355, 0.000700828386471, 0.000512666883878, 0.000281287560938, 0.000522001006175, 0.000467458856292, 0.000297662219964, 0.00039630633546, 0.000137472641654, 0.000160671712365, 5.91086572967e-05, 2.62983030552e-05, 5.73741954213e-06]
    },
    "erbbands": {
        "mean": [0.0042142062448, 0.286176979542, 4.78949260712, 6.21831274033, 7.51553297043, 25.421913147, 13.872795105, 17.466135025, 28.2471504211, 43.4444694519, 59.6624259949, 51.4647102356, 24.3351154327, 11.9874048233, 15.6015319824, 26.6701965332, 32.0233764648, 27.32538414, 17.8452091217, 16.3183937073, 18.7914886475, 16.6057167053, 7.12113809586, 8.25910282135, 12.4295120239, 11.6358985901, 4.6871676445, 2.71561837196, 3.41659808159, 1.67388665676, 0.941623926163, 0.742144703865, 0.689128577709, 0.222194626927, 0.0766498968005, 0.0355501025915, 0.00930845364928, 0.000518066866789, 0.00104109500535, 0.000700822856743],
        "stdev": [0.00486552715302, 0.327824294567, 4.37412166595, 8.4328994751, 10.1058111191, 30.6464805603, 26.5277786255, 29.7507266998, 49.4139022827, 83.6639556885, 122.529853821, 114.276435852, 59.6988296509, 27.0264778137, 39.2491226196, 63.7101020813, 76.6274414062, 68.4061050415, 44.4764060974, 39.7190361023, 36.0564727783, 27.9477844238, 16.3360042572, 20.3990650177, 25.5177345276, 23.0335044861, 15.5335063934, 10.5673322678, 15.9307374954, 6.75584173203, 3.63252568245, 2.95901536942, 2.75839805603, 0.979275047779, 0.307020455599, 0.160054266453, 0.0430887788534, 0.00228032772429, 0.000276642589597, 0.000174865694134]
    },
    "gfcc": {
        "mean": [-74.6864547729, 107.119468689, -94.2766265869, 15.6629714966, -35.0599975586, -22.3449878693, -33.8332138062, -7.02860784531, -16.7647743225, -13.2274513245, -1.74339902401, -28.2513751984, -2.89583659172],
        "cov": [[10455.6865234, 1788.64135742, -2852.82446289, 7.68778181076, -913.022155762, -55.6503067017, -752.884216309, 730.101501465, -584.205871582, 147.266189575, -172.649551392, -452.062255859, -304.023956299], [1788.64135742, 4388.79736328, -139.641159058, -1398.83520508, 442.732940674, -645.983032227, 43.7569160461, 14.7281427383, -206.645874023, -555.25982666, 222.230514526, -385.594360352, 52.5369911194], [-2852.82446289, -139.641159058, 1573.29394531, 306.847686768, 238.547073364, -6.35959529877, 130.352676392, -235.67326355, 132.291717529, -121.057991028, 13.8725719452, 193.583328247, 70.3792266846], [7.68778181076, -1398.83520508, 306.847686768, 1235.45727539, -38.1745986938, -19.4699935913, -259.785125732, -60.085193634, 87.6778793335, 144.519821167, -118.487998962, 163.883270264, -8.10792160034], [-913.022155762, 442.732940674, 238.547073364, -38.1745986938, 519.648254395, -113.777786255, -83.2683181763, -132.824157715, 91.7292480469, -45.5908088684, 22.608127594, -66.3327484131, 74.8657302856], [-55.6503067017, -645.983032227, -6.35959529877, -19.4699935913, -113.777786255, 498.935058594, 123.116668701, -17.2329730988, 4.0361738205, 118.549613953, -62.9546852112, 43.6365509033, -57.613910675], [-752.884216309, 43.7569160461, 130.352676392, -259.785125732, -83.2683181763, 123.116668701, 462.205657959, -13.7288179398, -69.7099838257, -47.1461906433, 20.7339630127, 75.4010238647, -18.3921394348], [730.101501465, 14.7281427383, -235.67326355, -60.085193634, -132.824157715, -17.2329730988, -13.7288179398, 249.050231934, -61.7490921021, -0.432368129492, 2.63847541809, -36.0040588379, -4.60803604126], [-584.205871582, -206.645874023, 132.291717529, 87.6778793335, 91.7292480469, 4.0361738205, -69.7099838257, -61.7490921021, 186.530227661, 20.4186325073, -27.3985290527, 11.6264610291, 23.3431720734], [147.266189575, -555.25982666, -121.057991028, 144.519821167, -45.5908088684, 118.549613953, -47.1461906433, -0.432368129492, 20.4186325073, 246.442871094, -42.8129501343, -27.8691596985, -25.4002933502], [-172.649551392, 222.230514526, 13.8725719452, -118.487998962, 22.608127594, -62.9546852112, 20.7339630127, 2.63847541809, -27.3985290527, -42.8129501343, 140.918319702, -14.4866037369, -4.87133455276], [-452.062255859, -385.594360352, 193.583328247, 163.883270264, -66.3327484131, 43.6365509033, 75.4010238647, -36.0040588379, 11.6264610291, -27.8691596985, -14.4866037369, 197.120254517, -17.6423721313], [-304.023956299, 52.5369911194, 70.3792266846, -8.10792160034, 74.8657302856, -57.613910675, -18.3921394348, -4.60803604126, 23.3431720734, -25.4002933502, -4.87133455276, -17.6423721313, 105.886047363]],
        "icov": [[0.00186856673099, -0.00235349102877, 0.00255122641101, -0.00256593711674, 0.00253740046173, -0.00220607710071, 0.00232325983234, -0.00180574157275, 0.00204128026962, -0.00150409212802, 0.00180205726065, -0.000666223408189, 0.00113226112444], [-0.00235349102877, 0.00386532512493, -0.00335140991956, 0.00402104854584, -0.00358750112355, 0.0035620003473, -0.00271716038696, 0.00251148641109, -0.00177695788443, 0.00318513112143, -0.00194575462956, 0.00196976959705, -0.000633339397609], [0.00255122641101, -0.00335140991956, 0.00451969448477, -0.00393411563709, 0.00319734332152, -0.00324349082075, 0.00273818010464, -0.00200447300449, 0.00226670037955, -0.00178953795694, 0.00209151371382, -0.00164131307974, 0.00093935453333], [-0.00256593711674, 0.00402104854584, -0.00393411563709, 0.00568202370778, -0.00367480888963, 0.00403023837134, -0.00203954358585, 0.0027287423145, -0.00198439811356, 0.00223566475324, -0.00135866575874, 0.00053610035684, -0.000756330729928], [0.00253740046173, -0.00358750112355, 0.00319734332152, -0.00367480888963, 0.00667958613485, -0.00301296333782, 0.00342565891333, -0.00118106999435, 0.00167429156136, -0.00233876355924, 0.00205823872238, -0.000175000866875, -2.41964480665e-05], [-0.00220607710071, 0.0035620003473, -0.00324349082075, 0.00403023837134, -0.00301296333782, 0.00616717804223, -0.00317692197859, 0.00253046350554, -0.00196136231534, 0.00148767628707, -0.00073088525096, 0.00134836218785, 0.000387463049265], [0.00232325983234, -0.00271716038696, 0.00273818010464, -0.00203954358585, 0.00342565891333, -0.00317692197859, 0.00640846928582, -0.00192594679538, 0.00389583734795, -0.00157850387041, 0.00238578207791, -0.00207563815638, 0.00144767889287], [-0.00180574157275, 0.00251148641109, -0.00200447300449, 0.0027287423145, -0.00118106999435, 0.00253046350554, -0.00192594679538, 0.00738312955946, -0.00083798635751, 0.00215629138984, -0.00161345675588, 0.00167517503724, -0.00178399228025], [0.00204128026962, -0.00177695788443, 0.00226670037955, -0.00198439811356, 0.00167429156136, -0.00196136231534, 0.00389583734795, -0.00083798635751, 0.0100111328065, -0.00114334153477, 0.00330111011863, -0.000430078129284, 0.00107227615081], [-0.00150409212802, 0.00318513112143, -0.00178953795694, 0.00223566475324, -0.00233876355924, 0.00148767628707, -0.00157850387041, 0.00215629138984, -0.00114334153477, 0.00900538824499, -0.000633895106148, 0.00392519449815, 0.000781542854384], [0.00180205726065, -0.00194575462956, 0.00209151371382, -0.00135866575874, 0.00205823872238, -0.00073088525096, 0.00238578207791, -0.00161345675588, 0.00330111011863, -0.000633895106148, 0.0105673708022, -0.000216179920244, 0.00270692352206], [-0.000666223408189, 0.00196976959705, -0.00164131307974, 0.00053610035684, -0.000175000866875, 0.00134836218785, -0.00207563815638, 0.00167517503724, -0.000430078129284, 0.00392519449815, -0.000216179920244, 0.0100061660632, 0.001505175489], [0.00113226112444, -0.000633339397609, 0.00093935453333, -0.000756330729928, -2.41964480665e-05, 0.000387463049265, 0.00144767889287, -0.00178399228025, 0.00107227615081, 0.000781542854384, 0.00270692352206, 0.001505175489, 0.0130552342162]]
    },
    "melbands": {
        "mean": [8.78034261405e-05, 0.0017889974406, 0.0010202836711, 0.00127533113118, 0.000633429444861, 0.000378539902158, 0.00046563349315, 0.000481537019368, 0.000487056269776, 0.000304815504933, 0.000113578156743, 4.64366094093e-05, 4.73092441098e-05, 6.3499515818e-05, 7.48132151784e-05, 6.90115994075e-05, 4.78529327665e-05, 2.87356961053e-05, 2.30573477893e-05, 2.10334947042e-05, 2.24109862756e-05, 1.8761609681e-05, 9.4586830528e-06, 4.65130869998e-06, 6.64039953335e-06, 8.96801975614e-06, 9.73599253484e-06, 7.03690830051e-06, 2.95163067676e-06, 2.00227486857e-06, 1.4607689991e-06, 2.12204895433e-06, 1.39755604778e-06, 7.80502432463e-07, 5.67989104638e-07, 4.3184934384e-07, 4.62831877712e-07, 5.34374578365e-07, 3.36469724971e-07, 1.36649191518e-07],
        "stdev": [0.000132178582135, 0.00161957868841, 0.00122050207574, 0.00149591208901, 0.00092812028015, 0.000639660051093, 0.000790970923845, 0.000905079650693, 0.00100429076701, 0.000697641691659, 0.000288729032036, 0.000106037201476, 0.000130429936689, 0.000159168441314, 0.00018290359003, 0.0001820463076, 0.000126718077809, 7.76640954427e-05, 5.98996957706e-05, 5.14650455443e-05, 4.31393309555e-05, 3.26903755195e-05, 2.08931633097e-05, 1.2727401554e-05, 1.74996239366e-05, 2.33084119827e-05, 1.85199860425e-05, 1.52288766913e-05, 1.03031079561e-05, 7.7754175436e-06, 6.4580713115e-06, 1.0267946891e-05, 6.39048175799e-06, 3.10779978463e-06, 2.22930179916e-06, 1.86261991075e-06, 1.86562306226e-06, 2.11230508285e-06, 1.47586808907e-06, 6.50597769436e-07]
    },
    "melbands128": {
        "mean": [2.11891665458e-06, 4.92021490572e-06, 2.2349304345e-05, 0.000425371632446, 0.00208820891567, 0.00268494314514, 0.00138329074252, 0.000406513165217, 0.00047042479855, 0.00148390117101, 0.00192794855684, 0.000796655658633, 0.000388667976949, 0.000329137255903, 0.000410217122408, 0.000385588646168, 0.000342187238857, 0.000484084710479, 0.000622790015768, 0.000469600519864, 0.00039042183198, 0.000534012331627, 0.000527013326064, 0.000416522205342, 0.000347271852661, 0.00028201736859, 0.000153501168825, 0.000103815786133, 6.900774315e-05, 4.18872441514e-05, 4.21658951382e-05, 4.52667045465e-05, 4.61699637526e-05, 4.90574966534e-05, 5.53449390281e-05, 6.69838555041e-05, 7.57250163588e-05, 7.8046003182e-05, 7.4051808042e-05, 6.76739291521e-05, 7.20662646927e-05, 6.64234394208e-05, 4.89464473503e-05, 3.99491764256e-05, 3.04323402815e-05, 2.72103225143e-05, 2.58068321273e-05, 2.30159166676e-05, 2.19148514589e-05, 2.16878179344e-05, 2.04298703466e-05, 2.0900321033e-05, 2.30331588682e-05, 2.27912023547e-05, 2.14925730688e-05, 1.91909657588e-05, 1.62959622685e-05, 1.15998664114e-05, 6.9503416853e-06, 4.97867449667e-06, 4.48786067864e-06, 4.06963135902e-06, 5.5903460634e-06, 7.17003149475e-06, 8.66598111315e-06, 9.51877336774e-06, 8.84862311068e-06, 8.56535916682e-06, 1.02261574284e-05, 1.10620940177e-05, 8.09648281574e-06, 4.53807297163e-06, 3.02261128127e-06, 2.84884026769e-06, 2.65395851784e-06, 2.19466255658e-06, 1.78117079486e-06, 1.03750312519e-06, 1.2008495105e-06, 2.12736335925e-06, 2.18479704017e-06, 2.18557511289e-06, 1.87040677702e-06, 1.42393241731e-06, 8.88123167897e-07, 7.5398008903e-07, 7.76743718234e-07, 7.47197134388e-07, 5.68937821299e-07, 4.21448902443e-07, 4.43535526529e-07, 4.3994191401e-07, 4.05815399063e-07, 4.29855759876e-07, 5.17308592407e-07, 5.68365749132e-07, 5.38288816188e-07, 4.92140941333e-07, 3.827748003e-07, 2.30768335996e-07, 1.73152344018e-07, 1.22550289916e-07, 8.85756961111e-08, 8.94945770824e-08, 8.63806945972e-08, 7.77768036642e-08, 7.03472764485e-08, 6.45417159717e-08, 6.30290628578e-08, 5.67414524255e-08, 5.22576719675e-08, 4.0541191737e-08, 2.57293972794e-08, 1.73575713802e-08, 7.80949704904e-09, 1.28793098408e-09, 1.36454250677e-10, 2.25373209678e-11, 1.19771857363e-11, 3.85120296764e-10, 5.96787552709e-09, 8.05969779805e-09, 3.05664428879e-07, 5.81985659664e-07, 3.89619403407e-09, 2.98747138139e-09, 1.89037244192e-10, 4.05052814206e-12],
        "stdev": [6.97091536495e-06, 1.81732175406e-05, 5.87006943533e-05, 0.000640442769509, 0.00210955971852, 0.00263492064551, 0.0021216776222, 0.00108918442857, 0.00104159559123, 0.00237732334062, 0.00279830093496, 0.0015374297509, 0.00115291611291, 0.00109749543481, 0.000844491529278, 0.000921069644392, 0.000884907669388, 0.00111990654841, 0.00147278397344, 0.00126035849098, 0.00122480187565, 0.00139868247788, 0.00145730888471, 0.00129695632495, 0.00101464113686, 0.000931290269364, 0.000512900180183, 0.00036886887392, 0.000185448152479, 0.000107971231046, 0.000130569038447, 0.000176027606358, 0.000180995339178, 0.000164093013154, 0.00017492765619, 0.00021441259014, 0.000231488491409, 0.000254556740401, 0.00022071308922, 0.000230222576647, 0.000260150438407, 0.000222755523282, 0.000157519403729, 0.000136734553962, 0.000100592616946, 8.77373095136e-05, 8.402732783e-05, 7.03015975887e-05, 6.51793379802e-05, 7.11799511919e-05, 5.55579426873e-05, 5.70395786781e-05, 5.51599696337e-05, 4.71625171485e-05, 4.72717219964e-05, 3.91416833736e-05, 3.35142394761e-05, 2.9362823625e-05, 2.16830958379e-05, 1.6479036276e-05, 1.40955780807e-05, 1.18938914966e-05, 1.68846254383e-05, 2.04730222322e-05, 2.61277673417e-05, 3.196553007e-05, 2.24708492169e-05, 1.812697883e-05, 2.29119777941e-05, 2.43520153163e-05, 1.88139274542e-05, 1.35682648761e-05, 1.19815549624e-05, 1.15445554911e-05, 1.15321417979e-05, 8.89457078301e-06, 7.86932650954e-06, 4.5518963816e-06, 5.98666520091e-06, 1.13183177746e-05, 1.08537105916e-05, 1.21741550174e-05, 9.43836948863e-06, 6.94421032676e-06, 4.1239559323e-06, 3.2522402762e-06, 3.22742675962e-06, 3.12382326229e-06, 2.36728919845e-06, 1.81071925454e-06, 2.16498096961e-06, 2.0990730718e-06, 1.85359067473e-06, 1.76683965947e-06, 2.17151341531e-06, 2.27255941354e-06, 2.12019472201e-06, 2.25885196414e-06, 1.82285032224e-06, 9.96355424832e-07, 8.95955679425e-07, 6.695798902e-07, 3.75940686581e-07, 3.67331409734e-07, 3.55936464302e-07, 3.41745305832e-07, 3.27690599988e-07, 2.86879554778e-07, 3.23419044435e-07, 2.91605914526e-07, 2.59307569195e-07, 2.00012578944e-07, 1.2486825085e-07, 9.48680920487e-08, 4.74107544335e-08, 7.8318223018e-09, 3.22579352119e-10, 6.36727615078e-11, 9.8343118371e-11, 1.04670827561e-09, 1.01195887225e-08, 1.20807808202e-08, 7.97476715775e-08, 1.52968311795e-07, 7.13063563751e-09, 6.42257935723e-09, 5.74903180617e-10, 7.48940839901e-12]
    },
    "mfcc": {
        "mean": [-732.204345703, 153.248275757, 0.504168212414, 32.0334472656, 14.034913063, -12.9467563629, 1.19500815868, -13.1397228241, -6.80471849442, 4.18817663193, -9.44697570801, 0.90062379837, -1.35495567322],
        "cov": [[11078.7646484, 1163.63574219, -2278.21582031, -374.079559326, -432.578308105, -1063.51269531, 7.76899003983, -406.126037598, -198.980728149, 195.311721802, -129.565963745, 69.265953064, -51.186164856], [1163.63574219, 5079.10546875, -608.174377441, -728.991027832, 74.5258255005, -824.929321289, 343.482818604, -60.8097190857, -125.722610474, -203.667434692, -257.693450928, 129.565429688, 69.1054916382], [-2278.21582031, -608.174377441, 1310.60314941, 347.354400635, 70.1705245972, 360.592712402, -51.0383110046, 214.90612793, 22.6464042664, -98.0673599243, 12.1884469986, -33.2249641418, 41.2290992737], [-374.079559326, -728.991027832, 347.354400635, 924.050598145, 285.561920166, 33.0987815857, -196.066192627, -14.3420314789, -41.8333625793, -28.1682758331, -94.9703063965, -60.206111908, 28.9299907684], [-432.578308105, 74.5258255005, 70.1705245972, 285.561920166, 647.239746094, 28.9331951141, -196.94770813, -134.039520264, -23.4786014557, 93.8432312012, -121.894683838, -18.5885448456, -0.784888088703], [-1063.51269531, -824.929321289, 360.592712402, 33.0987815857, 28.9331951141, 632.646850586, -21.7970123291, 37.1433868408, 91.9101333618, -1.95346093178, 136.940536499, -8.38365459442, -52.6386299133], [7.76899003983, 343.482818604, -51.0383110046, -196.066192627, -196.94770813, -21.7970123291, 346.374481201, 63.2783813477, 20.8771266937, -31.5390586853, 60.941822052, 60.0623245239, -10.453868866], [-406.126037598, -60.8097190857, 214.90612793, -14.3420314789, -134.039520264, 37.1433868408, 63.2783813477, 288.220916748, 9.23798942566, -111.380714417, 47.4222068787, -12.7748966217, 4.59978199005], [-198.980728149, -125.722610474, 22.6464042664, -41.8333625793, -23.4786014557, 91.9101333618, 20.8771266937, 9.23798942566, 211.725448608, 10.2695617676, 22.6813697815, 32.0428543091, -44.4586830139], [195.311721802, -203.667434692, -98.0673599243, -28.1682758331, 93.8432312012, -1.95346093178, -31.5390586853, -111.380714417, 10.2695617676, 245.359588623, -19.7043743134, -36.4287490845, 23.4469470978], [-129.565963745, -257.693450928, 12.1884469986, -94.9703063965, -121.894683838, 136.940536499, 60.941822052, 47.4222068787, 22.6813697815, -19.7043743134, 229.666976929, 22.4646854401, -58.1041259766], [69.265953064, 129.565429688, -33.2249641418, -60.206111908, -18.5885448456, -8.38365459442, 60.0623245239, -12.7748966217, 32.0428543091, -36.4287490845, 22.4646854401, 130.717254639, -18.3929843903], [-51.186164856, 69.1054916382, 41.2290992737, 28.9299907684, -0.784888088703, -52.6386299133, -10.453868866, 4.59978199005, -44.4586830139, 23.4469470978, -58.1041259766, -18.3929843903, 163.521194458]],
        "icov": [[0.00016122982197, -8.40898428578e-06, 0.000242019785219, -7.15639471309e-05, 0.000171702340594, 9.78534080787e-05, 9.49556779233e-05, 2.39182936639e-05, 0.000109810614958, -0.000114899266919, 5.67508068343e-05, -0.000114183298138, 9.70367036643e-05], [-8.40898428578e-06, 0.000383178237826, -2.82706259895e-05, 0.000371998205082, -0.000345441600075, 0.000415716785938, -0.000374963827198, 0.000152623455506, 2.80373278656e-05, 0.00054655445274, 0.000230972014833, 4.48060745839e-05, -0.000102987825812], [0.000242019785219, -2.82706259895e-05, 0.00158920791, -0.000508147117216, 0.00018906655896, -0.000586588692386, 0.000152996100951, -0.000844654277898, 0.000197093366296, -7.75958542363e-05, 0.000336837751092, -0.000252907018876, -0.000221509864787], [-7.15639471309e-05, 0.000371998205082, -0.000508147117216, 0.00191577710211, -0.000888479000423, 0.000491045415401, 4.20739852416e-05, 0.000321166269714, 5.2929528465e-05, 0.000997941126116, 0.000334759941325, 0.00051989313215, -0.000194239037228], [0.000171702340594, -0.000345441600075, 0.00018906655896, -0.000888479000423, 0.00292736431584, -0.000545949849766, 0.00127557013184, 0.000396229326725, 0.000431254768046, -0.00136870576534, 0.000902595114894, -0.000811052799691, 0.000760958413593], [9.78534080787e-05, 0.000415716785938, -0.000586588692386, 0.000491045415401, -0.000545949849766, 0.00298934150487, -0.000202001610887, 0.000545746646821, -0.000789057870861, 0.000527371710632, -0.0012555239955, 0.000452359585324, 0.000161977281095], [9.49556779233e-05, -0.000374963827198, 0.000152996100951, 4.20739852416e-05, 0.00127557013184, -0.000202001610887, 0.00445747422054, -0.000774810090661, 7.67102028476e-05, -0.000904974818695, -0.000451324449386, -0.00174333481118, 0.000184182077646], [2.39182936639e-05, 0.000152623455506, -0.000844654277898, 0.000321166269714, 0.000396229326725, 0.000545746646821, -0.000774810090661, 0.00558006390929, -0.000467539444799, 0.00233488925733, -0.000727300124709, 0.00158589310013, -0.000471745413961], [0.000109810614958, 2.80373278656e-05, 0.000197093366296, 5.2929528465e-05, 0.000431254768046, -0.000789057870861, 7.67102028476e-05, -0.000467539444799, 0.00576933613047, -0.000925528176595, 0.000779388763476, -0.00167402939405, 0.0015195296146], [-0.000114899266919, 0.00054655445274, -7.75958542363e-05, 0.000997941126116, -0.00136870576534, 0.000527371710632, -0.000904974818695, 0.00233488925733, -0.000925528176595, 0.00668244343251, -0.000242712107138, 0.00237426743843, -0.00141327478923], [5.67508068343e-05, 0.000230972014833, 0.000336837751092, 0.000334759941325, 0.000902595114894, -0.0012555239955, -0.000451324449386, -0.000727300124709, 0.000779388763476, -0.000242712107138, 0.00674259243533, -0.000985260354355, 0.00189950934146], [-0.000114183298138, 4.48060745839e-05, -0.000252907018876, 0.00051989313215, -0.000811052799691, 0.000452359585324, -0.00174333481118, 0.00158589310013, -0.00167402939405, 0.00237426743843, -0.000985260354355, 0.00993476249278, -0.000125432692585], [9.70367036643e-05, -0.000102987825812, -0.000221509864787, -0.000194239037228, 0.000760958413593, 0.000161977281095, 0.000184182077646, -0.000471745413961, 0.0015195296146, -0.00141327478923, 0.00189950934146, -0.000125432692585, 0.0076369936578]]
    },
    "spectral_contrast_coeffs": {
        "mean": [-0.600603342056, -0.723131537437, -0.786186873913, -0.787548005581, -0.770522475243, -0.800023794174],
        "stdev": [0.135925278068, 0.108616881073, 0.0864944905043, 0.0718996152282, 0.0638531967998, 0.0519480779767]
    },
    "spectral_contrast_valleys": {
        "mean": [-7.71741199493, -7.22060012817, -8.30516815186, -8.31696605682, -8.40200233459, -11.5012636185],
        "stdev": [0.985798954964, 1.28456056118, 1.33219659328, 1.26642429829, 1.25057280064, 1.18505120277]
    }
},
"rhythm": {
    "beats_count": 127,
    "beats_loudness": {
        "mean": 0.0371440909803,
        "stdev": 0.0179546773434
    },
    "bpm": 129.237243652,
    "bpm_histogram_first_peak_bpm": 129,
    "bpm_histogram_first_peak_weight": 0.47058826685,
    "bpm_histogram_second_peak_bpm": 115,
    "bpm_histogram_second_peak_spread": 0.458333313465,
    "bpm_histogram_second_peak_weight": 0.103174604475,
    "danceability": 1.46151793003,
    "onset_rate": 5.87527370453,
    "beats_loudness_band_ratio": {
        "mean": [0.322980821133, 0.249896287918, 0.269598841667, 0.0944654792547, 0.045777708292, 0.0594646558166],
        "stdev": [0.19823859632, 0.159075528383, 0.205068871379, 0.0940233543515, 0.0473586954176, 0.179167717695]
    },
    "beats_position": [0.441179126501, 0.905578196049, 1.35836732388, 1.8111563921, 2.26394557953, 2.71673464775, 3.16952371597, 3.64553284645, 4.1099319458, 4.57433080673, 5.0387301445, 5.50312900543, 5.9675283432, 6.43192720413, 6.90793657303, 7.38394546509, 7.81351470947, 8.25469398499, 8.70748329163, 9.12544155121, 9.52018165588, 9.92653083801, 10.3096599579, 10.7043991089, 11.0991382599, 11.4938774109, 11.900226593, 12.2833557129, 12.6780948639, 13.0728340149, 13.5372333527, 14.0016326904, 14.4660310745, 14.9884805679, 15.5109291077, 16.0449886322, 16.5558280945, 17.0550556183, 17.5310649872, 17.9722442627, 18.4250335693, 18.877822876, 19.3422222137, 19.8066215515, 20.2826309204, 20.758638382, 21.2230377197, 21.6874370575, 22.1518363953, 22.6742858887, 23.219953537, 23.7540130615, 24.3577327728, 24.9382305145, 25.5303401947, 26.1224479675, 26.7145576477, 27.3182754517, 27.9336051941, 28.5837631226, 29.2339229584, 29.8144207001, 30.3949203491, 30.9754180908, 31.5326976776, 32.1015853882, 32.6588668823, 33.204536438, 33.7153739929, 34.2378234863, 34.7486610413, 35.2478904724, 35.7703399658, 36.2927894592, 36.8152389526, 37.3492965698, 37.8717460632, 38.4174156189, 38.9630813599, 39.520362854, 40.0776405334, 40.6233100891, 41.1457595825, 41.6682090759, 42.1790466309, 42.7014961243, 43.2355537415, 43.7696151733, 44.3036727905, 44.8493423462, 45.3717918396, 45.9058494568, 46.4282989502, 46.9739685059, 47.5196380615, 48.076915741, 48.6225852966, 49.1102027893, 49.5978240967, 50.0854415894, 50.573059082, 51.0606803894, 51.5482978821, 52.0359191895, 52.5003166199, 52.9647140503, 53.4291152954, 53.9051246643, 54.3811340332, 54.8687515259, 55.2054405212, 55.5537414551, 55.9136505127, 56.2735595703, 56.6102485657, 56.9585494995, 57.3068466187, 57.6667556763, 58.0034446716, 58.3633537292, 58.7232627869, 59.0715637207, 59.4198646545, 59.7797737122, 60.1396827698, 60.4879798889, 60.8478889465],
    "bpm_histogram": [0, 0, 0, 0, 0, 0, 0, 0, 0, 0, 0, 0, 0, 0, 0, 0, 0, 0, 0, 0, 0, 0, 0, 0, 0, 0, 0, 0, 0, 0, 0, 0, 0, 0, 0, 0, 0, 0, 0, 0, 0, 0, 0, 0, 0, 0, 0, 0, 0, 0, 0, 0, 0, 0, 0, 0, 0, 0, 0, 0, 0, 0, 0, 0, 0, 0, 0, 0, 0, 0, 0, 0, 0, 0, 0, 0, 0, 0, 0, 0, 0, 0, 0, 0, 0, 0, 0, 0, 0, 0, 0, 0, 0.0158730167896, 0, 0, 0, 0, 0, 0.00793650839478, 0.0158730167896, 0, 0.023809524253, 0, 0.0317460335791, 0, 0.00793650839478, 0, 0, 0.0396825410426, 0, 0.0714285746217, 0, 0.0555555559695, 0, 0, 0.103174604475, 0, 0.0317460335791, 0, 0, 0.0158730167896, 0, 0, 0.0634920671582, 0, 0, 0.0634920671582, 0, 0, 0.142857149243, 0, 0, 0, 0.0634920671582, 0, 0, 0.0158730167896, 0, 0, 0, 0.00793650839478, 0, 0, 0, 0.00793650839478, 0, 0, 0, 0.0158730167896, 0, 0, 0, 0.047619048506, 0, 0, 0, 0, 0.0158730167896, 0, 0, 0, 0, 0, 0, 0, 0, 0, 0.0634920671582, 0, 0, 0, 0, 0.047619048506, 0, 0, 0, 0, 0, 0.023809524253, 0, 0, 0, 0, 0, 0, 0, 0, 0, 0, 0, 0, 0, 0, 0, 0, 0, 0, 0, 0, 0, 0, 0, 0, 0, 0, 0, 0, 0, 0, 0, 0, 0, 0, 0, 0, 0, 0, 0, 0, 0, 0, 0, 0, 0, 0, 0, 0, 0, 0, 0, 0, 0, 0, 0, 0, 0, 0, 0, 0, 0, 0, 0, 0, 0, 0, 0, 0, 0, 0, 0]
},
"tonal": {
    "chords_changes_rate": 0.146084338427,
    "chords_number_rate": 0.0112951807678,
    "chords_strength": {
        "mean": 0.478192150593,
        "stdev": 0.11478510499
    },
    "hpcp_crest": {
        "mean": 12.6500377655,
        "stdev": 6.37460374832
    },
    "hpcp_entropy": {
        "mean": 2.16627168655,
        "stdev": 0.83099424839
    },
    "key_edma": {
        "strength": 0.309813827276,
        "key": "A#",
        "scale": "major"
    },
    "key_krumhansl": {
        "strength": 0.318730890751,
        "key": "A#",
        "scale": "major"
    },
    "key_temperley": {
        "strength": 0.33102619648,
        "key": "A#",
        "scale": "major"
    },
    "tuning_diatonic_strength": 0.335688769817,
    "tuning_equal_tempered_deviation": 0.251044332981,
    "tuning_frequency": 438.984558105,
    "tuning_nontempered_energy_ratio": 0.912703454494,
    "hpcp": {
        "mean": [0.185318768024, 0.177947819233, 0.197418391705, 0.225566387177, 0.231565847993, 0.181901618838, 0.140760451555, 0.120989270508, 0.108764357865, 0.107072040439, 0.0999873057008, 0.0929173231125, 0.0965125337243, 0.100301466882, 0.0977971330285, 0.0952830389142, 0.0906248241663, 0.0841045752168, 0.0773534998298, 0.0769342556596, 0.0801539048553, 0.0802355036139, 0.0744807124138, 0.0786718428135, 0.0910490080714, 0.105360046029, 0.0988023504615, 0.0844058319926, 0.0843315273523, 0.0917423218489, 0.106929972768, 0.116649009287, 0.126272916794, 0.129590317607, 0.152001827955, 0.190452799201],
        "stdev": [0.305406361818, 0.297639995813, 0.313965857029, 0.328393578529, 0.34472411871, 0.301655352116, 0.268910557032, 0.244645446539, 0.228758737445, 0.230347245932, 0.219919234514, 0.203635200858, 0.207415416837, 0.203446358442, 0.200373977423, 0.200008645654, 0.187726378441, 0.179021701217, 0.16533382237, 0.171901881695, 0.173868969083, 0.16573689878, 0.152804642916, 0.169058188796, 0.184399947524, 0.207582965493, 0.198948547244, 0.169262900949, 0.177810773253, 0.190156981349, 0.217502936721, 0.224056065083, 0.237943857908, 0.23972658813, 0.271166414022, 0.311817288399]
    },
    "chords_histogram": [9.56325340271, 2.86144566536, 2.25903606415, 3.9156627655, 0, 0.828313231468, 3.68975901604, 1.05421686172, 1.05421686172, 0, 16.0391559601, 0.527108430862, 0.301204830408, 5.34638547897, 0.225903615355, 0, 1.43072283268, 14.6084337234, 5.79819297791, 2.71084332466, 11.6716871262, 0.753012061119, 0.602409660816, 14.7590360641],
    "thpcp": [1, 0.785528719425, 0.607863605022, 0.522483229637, 0.469690829515, 0.46238270402, 0.431787788868, 0.401256591082, 0.416782230139, 0.43314447999, 0.422329694033, 0.411472767591, 0.391356617212, 0.36319938302, 0.334045380354, 0.332234889269, 0.346138715744, 0.346491098404, 0.321639448404, 0.339738547802, 0.393188416958, 0.4549895823, 0.426670640707, 0.3645003438, 0.364179462194, 0.396182447672, 0.461769193411, 0.503740131855, 0.545300245285, 0.559626221657, 0.656408667564, 0.822456359863, 0.80028539896, 0.768454492092, 0.852536737919, 0.974091768265],
    "chords_key": "A",
    "chords_scale": "major"
}
}