{
"metadata": {
    "version": {
        "essentia": "2.1-dev",
        "essentia_git_sha": "v2.1_beta3-415-gd5473f3",
        "extractor": "music 2.0"
    },
    "audio_properties": {
        "analysis": {
            "equal_loudness": 0,
            "length": 61.5444908142,
            "sample_rate": 44100,
            "start_time": 0,
            "downmix": "mix"
        },
        "bit_rate": 192000,
        "length": 61.5444908142,
        "lossless": 0,
        "number_channels": 2,
        "replay_gain": -5.7548084259,
        "sample_rate": 44100,
        "codec": "mp3",
        "md5_encoded": "52518b17278d93212e4e0a25b8a27c7f"
    },
    "tags": {
        "file_name": "monologo_hombre_03.mp3",
        "date": ["2004"],
        "engineer": ["rosamerica tamyo"]
    }
},
"lowlevel": {
    "average_loudness": 0.979048073292,
    "barkbands_crest": {
        "mean": 10.9922580719,
        "stdev": 4.40619087219
    },
    "barkbands_flatness_db": {
        "mean": 0.210323736072,
        "stdev": 0.0618247948587
    },
    "barkbands_kurtosis": {
        "mean": 12.3465747833,
        "stdev": 24.90467453
    },
    "barkbands_skewness": {
        "mean": 1.87139165401,
        "stdev": 2.44396042824
    },
    "barkbands_spread": {
        "mean": 21.5469093323,
        "stdev": 22.1535968781
    },
    "dissonance": {
        "mean": 0.434884935617,
        "stdev": 0.0556528195739
    },
    "dynamic_complexity": 4.31885576248,
    "erbbands_crest": {
        "mean": 10.5165843964,
        "stdev": 4.08178281784
    },
    "erbbands_flatness_db": {
        "mean": 0.230234414339,
        "stdev": 0.0542461127043
    },
    "erbbands_kurtosis": {
        "mean": 2.7452712059,
        "stdev": 8.58353710175
    },
    "erbbands_skewness": {
        "mean": 0.165358006954,
        "stdev": 1.47081768513
    },
    "erbbands_spread": {
        "mean": 32.3986778259,
        "stdev": 20.3104400635
    },
    "hfc": {
        "mean": 14.6232013702,
        "stdev": 14.5521593094
    },
    "loudness_ebu128": {
        "integrated": -18.8550262451,
        "loudness_range": 1.12928771973,
        "momentary": {
            "mean": -19.3674449921,
            "stdev": 2.46830773354
        },
        "short_term": {
            "mean": -18.9754829407,
            "stdev": 0.386058390141
        }
    },
    "melbands_crest": {
        "mean": 15.5429286957,
        "stdev": 6.399497509
    },
    "melbands_flatness_db": {
        "mean": 0.294683814049,
        "stdev": 0.0903750583529
    },
    "melbands_kurtosis": {
        "mean": 18.6722049713,
        "stdev": 36.128868103
    },
    "melbands_skewness": {
        "mean": 2.66568112373,
        "stdev": 2.34620118141
    },
    "melbands_spread": {
        "mean": 24.5882091522,
        "stdev": 32.0920410156
    },
    "pitch_salience": {
        "mean": 0.580105721951,
        "stdev": 0.153295502067
    },
    "silence_rate_20dB": {
        "mean": 1,
        "stdev": 0
    },
    "silence_rate_30dB": {
        "mean": 0.999622941017,
        "stdev": 0.0194145999849
    },
    "silence_rate_60dB": {
        "mean": 0.188536956906,
        "stdev": 0.391145855188
    },
    "spectral_centroid": {
        "mean": 1302.96142578,
        "stdev": 1110.07824707
    },
    "spectral_complexity": {
        "mean": 11.1990947723,
        "stdev": 7.99436378479
    },
    "spectral_decrease": {
        "mean": -5.68405056356e-09,
        "stdev": 5.12775910622e-09
    },
    "spectral_energy": {
        "mean": 0.0227792263031,
        "stdev": 0.0204573664814
    },
    "spectral_energyband_high": {
        "mean": 0.000452785927337,
        "stdev": 0.0010383395711
    },
    "spectral_energyband_low": {
        "mean": 0.00620474247262,
        "stdev": 0.00669375481084
    },
    "spectral_energyband_middle_high": {
        "mean": 0.0036911892239,
        "stdev": 0.0052867596969
    },
    "spectral_energyband_middle_low": {
        "mean": 0.014721699059,
        "stdev": 0.0153632601723
    },
    "spectral_entropy": {
        "mean": 7.02701091766,
        "stdev": 0.587115287781
    },
    "spectral_flux": {
        "mean": 0.0929086059332,
        "stdev": 0.0531101338565
    },
    "spectral_kurtosis": {
        "mean": 10.6375322342,
        "stdev": 9.24517059326
    },
    "spectral_rms": {
        "mean": 0.004060219042,
        "stdev": 0.00239547318779
    },
    "spectral_rolloff": {
        "mean": 2493.58837891,
        "stdev": 4416.58544922
    },
    "spectral_skewness": {
        "mean": 1.69987714291,
        "stdev": 1.16043174267
    },
    "spectral_spread": {
        "mean": 2821329.25,
        "stdev": 1427093.25
    },
    "spectral_strongpeak": {
        "mean": 1.05961084366,
        "stdev": 1.10860931873
    },
    "zerocrossingrate": {
        "mean": 0.0998684316874,
        "stdev": 0.126028850675
    },
    "barkbands": {
        "mean": [8.50433389132e-06, 0.000232887075981, 0.00371600035578, 0.00327416392975, 0.0027817080263, 0.00215805019252, 0.00269411574118, 0.00265543302521, 0.00108879781328, 0.000259718624875, 0.000417686009314, 0.000648640329018, 0.000595717050601, 0.000434518791735, 0.000301256892271, 0.000287740782369, 0.000421613862272, 9.93067078525e-05, 0.000142149830936, 0.000239258282818, 0.00022265361622, 4.96436005051e-05, 2.66655388259e-05, 3.62342831295e-07, 5.8234071787e-08, 7.57680069796e-08, 2.25593521463e-05],
        "stdev": [2.68863095698e-05, 0.000576247985009, 0.00486679654568, 0.00484371650964, 0.00377268204466, 0.00389209669083, 0.00511131854728, 0.00567928142846, 0.00341644440778, 0.00070184172364, 0.00135109643452, 0.00188559282105, 0.00161049957387, 0.00129214511253, 0.000898625119589, 0.00064238574123, 0.000712793611456, 0.000213168081245, 0.000343436637195, 0.000407023500884, 0.000671822112054, 0.000166212121258, 9.44072962739e-05, 8.69263260483e-07, 8.40292813109e-08, 1.26208774986e-07, 4.94064124723e-06]
    },
    "erbbands": {
        "mean": [0.00319519266486, 0.121189586818, 2.85246396065, 9.96839904785, 6.45610332489, 9.19379615784, 19.7950019836, 17.29961586, 33.9466781616, 48.1116943359, 56.5243606567, 26.1188049316, 9.0181760788, 11.1425037384, 20.1253299713, 27.1064853668, 27.977930069, 25.043970108, 16.3854675293, 15.4341096878, 18.8829250336, 23.4112987518, 6.57633590698, 6.6558508873, 8.37456226349, 11.0693378448, 11.5758275986, 5.59806776047, 1.98328828812, 1.32782888412, 0.691254854202, 0.0621078573167, 0.00321379909292, 0.000835438957438, 0.000463973963633, 0.000316801975714, 0.000165494289831, 8.63671666593e-05, 0.00106997299008, 0.000696275325026],
        "stdev": [0.00665262108669, 0.222221046686, 3.83057785034, 11.8345680237, 12.7314596176, 13.1140089035, 31.3413028717, 37.6636924744, 71.1355285645, 95.9786224365, 132.632369995, 78.0300979614, 25.0544662476, 29.9936103821, 59.9024887085, 76.5211257935, 72.0447387695, 68.5090560913, 45.7491416931, 42.8091049194, 36.6983795166, 39.5440368652, 11.6091833115, 17.6238365173, 15.8825445175, 18.8836555481, 30.2954311371, 18.3500766754, 6.54634809494, 4.7537112236, 2.38260126114, 0.190139144659, 0.00710243731737, 0.00146597856656, 0.000467657402623, 0.00038544202107, 0.000331937422743, 5.18324777659e-05, 0.000254485261394, 0.000150381136336]
    },
    "gfcc": {
        "mean": [-105.489089966, 125.076805115, -121.117904663, 26.3613700867, -30.5059185028, -45.2260551453, -8.13341236115, -35.0703163147, 2.35319662094, -18.3882789612, -5.31242895126, -17.4066238403, -12.0510816574],
        "cov": [[8844.47460938, 2748.05541992, -2700.69287109, -214.173065186, -712.59387207, -555.257446289, -466.6512146, -193.503967285, -426.812713623, -200.237579346, -79.1234512329, -228.083877563, -510.05279541], [2748.05541992, 3069.46630859, -303.432739258, -1331.77441406, 28.0378684998, -270.24105835, -413.354919434, -42.9623260498, -371.271942139, -402.228820801, -16.4975891113, -168.974136353, -50.3581619263], [-2700.69287109, -303.432739258, 1607.05993652, 276.450866699, 233.375350952, 163.339523315, 117.058326721, 40.8587379456, 75.9250488281, -35.3045082092, -33.5304412842, 91.2661972046, 189.100097656], [-214.173065186, -1331.77441406, 276.450866699, 1525.26098633, 32.4881668091, -42.4897422791, 93.7190322876, -124.31427002, 191.119857788, 206.538101196, -100.699417114, 121.937278748, -15.8114156723], [-712.59387207, 28.0378684998, 233.375350952, 32.4881668091, 383.593475342, 34.9308204651, -121.149604797, -31.2656135559, 74.1767807007, 26.9733524323, -20.3823108673, -11.4917993546, 94.1202316284], [-555.257446289, -270.24105835, 163.339523315, -42.4897422791, 34.9308204651, 304.57119751, 180.84085083, 57.6882362366, 58.4784584045, 39.0205154419, 37.5586853027, 16.3232955933, -19.4392986298], [-466.6512146, -413.354919434, 117.058326721, 93.7190322876, -121.149604797, 180.84085083, 357.436828613, 113.248046875, 4.51507854462, 31.4556407928, 53.1451530457, 39.3641014099, -51.7279815674], [-193.503967285, -42.9623260498, 40.8587379456, -124.31427002, -31.2656135559, 57.6882362366, 113.248046875, 178.152130127, 12.501657486, -11.1503801346, 34.3330001831, -8.98692893982, -3.5054693222], [-426.812713623, -371.271942139, 75.9250488281, 191.119857788, 74.1767807007, 58.4784584045, 4.51507854462, 12.501657486, 186.046112061, 99.995475769, -31.7318725586, 9.22955036163, 33.3420562744], [-200.237579346, -402.228820801, -35.3045082092, 206.538101196, 26.9733524323, 39.0205154419, 31.4556407928, -11.1503801346, 99.995475769, 197.955963135, 3.81650137901, -46.8411407471, 4.60621500015], [-79.1234512329, -16.4975891113, -33.5304412842, -100.699417114, -20.3823108673, 37.5586853027, 53.1451530457, 34.3330001831, -31.7318725586, 3.81650137901, 105.726325989, 33.051700592, -37.5551719666], [-228.083877563, -168.974136353, 91.2661972046, 121.937278748, -11.4917993546, 16.3232955933, 39.3641014099, -8.98692893982, 9.22955036163, -46.8411407471, 33.051700592, 146.625717163, 20.1231746674], [-510.05279541, -50.3581619263, 189.100097656, -15.8114156723, 94.1202316284, -19.4392986298, -51.7279815674, -3.5054693222, 33.3420562744, 4.60621500015, -37.5551719666, 20.1231746674, 138.996292114]],
        "icov": [[0.0022867359221, -0.00317356619053, 0.00341253727674, -0.00341954478063, 0.00316267251037, -0.00222085579298, 0.00179619726259, -0.00151067762636, 0.000984383630566, -0.000815158826299, 0.000427226303145, 8.23849259177e-05, 0.000282431283267], [-0.00317356619053, 0.0053476896137, -0.00485350703821, 0.00543340342119, -0.00470291916281, 0.00350045063533, -0.00194521492813, 0.00216983421706, -0.000603749416769, 0.00182025216054, 0.00015500675363, 0.000124153346405, 0.000626355817076], [0.00341253727674, -0.00485350703821, 0.00609115604311, -0.00555876316503, 0.00444491626695, -0.00386214675382, 0.00223501678556, -0.00224553165026, 0.0013015314471, -0.000343276857166, 3.05573448713e-05, 0.000567759620026, -0.00130474299658], [-0.00341954478063, 0.00543340342119, -0.00555876316503, 0.00726156681776, -0.00545987859368, 0.00476983841509, -0.00307611376047, 0.00278389919549, -0.00104904943146, -0.000774370855652, 0.00281516555697, -0.00276309857145, 0.00253648520447], [0.00316267251037, -0.00470291916281, 0.00444491626695, -0.00545987859368, 0.00892925821245, -0.00483148498461, 0.00443304330111, -0.00180701818317, -0.000146427773871, -0.000311686657369, -0.00193062238395, 0.00191755755804, -0.00263822730631], [-0.00222085579298, 0.00350045063533, -0.00386214675382, 0.00476983841509, -0.00483148498461, 0.00908188242465, -0.00544466311112, 0.00250437343493, -0.0028921822086, 0.000275218102615, 0.000194095264305, -0.000854924030136, 0.00235512014478], [0.00179619726259, -0.00194521492813, 0.00223501678556, -0.00307611376047, 0.00443304330111, -0.00544466311112, 0.00923040881753, -0.00504639046267, 0.00348266679794, -0.00194019102491, 0.000734524859581, -0.00134723621886, 0.00166287063621], [-0.00151067762636, 0.00216983421706, -0.00224553165026, 0.00278389919549, -0.00180701818317, 0.00250437343493, -0.00504639046267, 0.0105654131621, -0.00437256647274, 0.00392864691094, -0.00435848068446, 0.00363089796156, -0.00220801588148], [0.000984383630566, -0.000603749416769, 0.0013015314471, -0.00104904943146, -0.000146427773871, -0.0028921822086, 0.00348266679794, -0.00437256647274, 0.0130511084571, -0.00708100898191, 0.00723175844178, -0.00500583089888, 0.00216660089791], [-0.000815158826299, 0.00182025216054, -0.000343276857166, -0.000774370855652, -0.000311686657369, 0.000275218102615, -0.00194019102491, 0.00392864691094, -0.00708100898191, 0.0156048433855, -0.00953547190875, 0.0106974812225, -0.00526993535459], [0.000427226303145, 0.00015500675363, 3.05573448713e-05, 0.00281516555697, -0.00193062238395, 0.000194095264305, 0.000734524859581, -0.00435848068446, 0.00723175844178, -0.00953547190875, 0.0229607820511, -0.0121970893815, 0.00995126459748], [8.23849259177e-05, 0.000124153346405, 0.000567759620026, -0.00276309857145, 0.00191755755804, -0.000854924030136, -0.00134723621886, 0.00363089796156, -0.00500583089888, 0.0106974812225, -0.0121970893815, 0.0173812285066, -0.00753286620602], [0.000282431283267, 0.000626355817076, -0.00130474299658, 0.00253648520447, -0.00263822730631, 0.00235512014478, 0.00166287063621, -0.00220801588148, 0.00216660089791, -0.00526993535459, 0.00995126459748, -0.00753286620602, 0.0166345499456]]
    },
    "melbands": {
        "mean": [3.98953125114e-05, 0.0010619572131, 0.00159638142213, 0.000466986966785, 0.000672192894854, 0.000402907084208, 0.00051935313968, 0.000540119188372, 0.000435355235822, 0.000138115807204, 4.06913204642e-05, 4.23279525421e-05, 6.35502292425e-05, 7.08723018761e-05, 6.83940015733e-05, 5.78930339543e-05, 4.49688632216e-05, 2.60115248238e-05, 2.27853724937e-05, 1.82911626325e-05, 2.3284332201e-05, 2.83357385342e-05, 9.40335939958e-06, 4.1931357373e-06, 5.42410680282e-06, 5.46919454791e-06, 7.22241020412e-06, 7.2814127634e-06, 7.51676634536e-06, 6.00367957304e-06, 2.21307004722e-06, 1.03928948647e-06, 9.35037519412e-07, 6.61297860916e-07, 4.84767156195e-07, 1.15128727884e-07, 6.13779649328e-09, 8.43747183232e-10, 6.91333545966e-10, 4.9729736995e-10],
        "stdev": [9.33789488045e-05, 0.00144245591946, 0.00181783200242, 0.000745014694985, 0.000980670447461, 0.000806902418844, 0.00102802971378, 0.00104457931593, 0.00103749975096, 0.000438140676124, 0.000117917421449, 0.000113714151666, 0.000205449745408, 0.000206949654967, 0.000199246962438, 0.000161016752827, 0.000133156267111, 7.98701439635e-05, 7.00859236531e-05, 4.8327157856e-05, 4.58234790131e-05, 5.02721341036e-05, 1.91896815522e-05, 9.34172203415e-06, 1.56810110639e-05, 1.36621165439e-05, 1.29807085614e-05, 1.31003362185e-05, 1.88578214875e-05, 1.96660985239e-05, 7.6622591223e-06, 3.54779899681e-06, 3.28369856106e-06, 2.49418553722e-06, 1.70893940776e-06, 3.72490973177e-07, 1.50254706455e-08, 2.59223154053e-09, 1.69023028906e-09, 1.0318776944e-09]
    },
    "melbands128": {
        "mean": [5.72760018258e-06, 1.36445623866e-05, 2.25461408263e-05, 0.000146210382809, 0.000881664338522, 0.00213816086762, 0.00232606590725, 0.00128269242123, 0.000549456803128, 0.000306493340759, 0.000400244462071, 0.000794111052528, 0.000774220621679, 0.00047863778309, 0.000352058908902, 0.00035218911944, 0.000524013245013, 0.000561482913326, 0.000448985345429, 0.000586549460422, 0.000506843440235, 0.000563070701901, 0.000452760868939, 0.000306902948068, 0.000166691097547, 7.86108503235e-05, 4.60493210994e-05, 3.55620104528e-05, 3.74150004063e-05, 3.74104783987e-05, 4.05239370593e-05, 5.78013969061e-05, 7.01688913978e-05, 6.21864091954e-05, 6.53207607684e-05, 7.71023114794e-05, 7.21654141671e-05, 7.07081926521e-05, 6.31598450127e-05, 6.28938068985e-05, 5.48933167011e-05, 5.34765349585e-05, 5.03247210872e-05, 3.81297904823e-05, 2.9352342608e-05, 2.31715148402e-05, 2.31712510868e-05, 2.31645317399e-05, 2.37762687902e-05, 1.87255900528e-05, 1.73353328137e-05, 1.70901876118e-05, 2.14994634007e-05, 2.47222506005e-05, 3.04016193695e-05, 3.50809314114e-05, 2.07712182601e-05, 1.10549271994e-05, 6.15854742136e-06, 3.52075221599e-06, 3.69494750885e-06, 4.80863673147e-06, 5.50639651919e-06, 5.52956043975e-06, 5.45973352928e-06, 5.46797446077e-06, 5.16636464454e-06, 6.64544586471e-06, 8.08678942121e-06, 7.39059669286e-06, 7.37492428016e-06, 6.92494722898e-06, 7.72675775806e-06, 7.70141559769e-06, 7.03386649548e-06, 7.35972798793e-06, 5.03514047523e-06, 3.27191742144e-06, 1.85283874998e-06, 1.11412771275e-06, 9.5028491387e-07, 1.08726999315e-06, 1.05007848106e-06, 9.63849629443e-07, 7.93535207322e-07, 6.91713694323e-07, 6.11559414665e-07, 5.91963043917e-07, 5.56037548449e-07, 3.66317436828e-07, 1.63944974929e-07, 4.62005758095e-08, 1.39130467147e-08, 4.45030234886e-09, 1.30356891948e-09, 8.85599316103e-10, 7.55581486267e-10, 7.59755314217e-10, 7.2493028247e-10, 6.55803911176e-10, 5.51253487302e-10, 4.81748085868e-10, 4.15922102315e-10, 3.88117871175e-10, 4.81383322093e-10, 4.91914009526e-10, 5.21457266256e-10, 5.34644051253e-10, 5.42614897459e-10, 5.53137757819e-10, 3.46830647535e-10, 3.39157174567e-10, 5.9234800398e-10, 6.2770161291e-10, 3.86023712995e-10, 2.55138604688e-10, 1.88518589628e-10, 3.57248224059e-11, 1.36201648918e-11, 6.13935291494e-10, 8.83247874839e-09, 1.16964073982e-08, 3.04777671545e-07, 5.78014351049e-07, 5.73722935826e-09, 4.71643790689e-09, 3.01277669479e-10, 5.36601145462e-12],
        "stdev": [2.24612376769e-05, 5.56273771508e-05, 7.11082757334e-05, 0.000385618128348, 0.00161665747873, 0.00273994379677, 0.00294023239985, 0.00219796155579, 0.00162109069061, 0.000992826418951, 0.000935404503252, 0.00139047112316, 0.00144538132008, 0.00115547329187, 0.00115099165123, 0.00105727126356, 0.00145530758891, 0.00147137325257, 0.00129622942768, 0.00157000042964, 0.00132419727743, 0.00172742863651, 0.00141818483826, 0.00121107941959, 0.000734304951038, 0.000341677252436, 0.000202992217964, 0.000158202587045, 0.000116445364256, 0.000123460427858, 0.000147513492266, 0.000224232629989, 0.000312354735797, 0.000229169032536, 0.000259051012108, 0.000305413617752, 0.000272070232313, 0.000289050920401, 0.000234419974731, 0.000216661836021, 0.000229264463997, 0.000194141408429, 0.000193534404389, 0.000149512474309, 0.000121199991554, 9.15381315281e-05, 8.8421133114e-05, 8.87625210453e-05, 9.19666854315e-05, 6.19570055278e-05, 6.02300278842e-05, 4.68815196655e-05, 5.47757081222e-05, 5.54062935407e-05, 6.50531655992e-05, 7.51932748244e-05, 4.52928979939e-05, 3.04864915961e-05, 1.71130104718e-05, 8.39497533889e-06, 8.85647477844e-06, 1.32762334033e-05, 1.85785575013e-05, 1.91949602595e-05, 1.77116999112e-05, 1.82805379154e-05, 1.30292146423e-05, 1.4151326468e-05, 1.67906728166e-05, 1.47832188304e-05, 1.47311939145e-05, 1.47042965182e-05, 1.86987053894e-05, 2.22264152399e-05, 2.20706751861e-05, 2.62120101979e-05, 1.7959260731e-05, 1.23968338812e-05, 6.99740439813e-06, 4.01939678341e-06, 3.5600269257e-06, 4.11795417676e-06, 3.73578382096e-06, 3.56802775059e-06, 2.98853728964e-06, 2.78366974271e-06, 2.48057176577e-06, 2.30335626838e-06, 2.04411321647e-06, 1.29916372771e-06, 5.58228464342e-07, 1.39569536373e-07, 3.84561715805e-08, 1.09720073027e-08, 3.88945986529e-09, 3.22109161566e-09, 2.48656939483e-09, 2.14790230046e-09, 1.83620463279e-09, 1.60654090031e-09, 1.30023414258e-09, 1.08092268469e-09, 8.1360201909e-10, 5.66626690013e-10, 4.91524931867e-10, 5.02097308175e-10, 6.04174488217e-10, 6.66029842389e-10, 6.72244260258e-10, 7.51807671673e-10, 7.62005181176e-10, 7.87250487022e-10, 1.59438195979e-09, 1.62384317104e-09, 7.88306253607e-10, 5.24724319551e-10, 5.0525733597e-10, 1.14407344709e-10, 7.08247072101e-11, 1.3264470633e-09, 1.19017276035e-08, 1.33854500817e-08, 6.82430965071e-08, 1.31651844981e-07, 8.67303739938e-09, 7.72808128602e-09, 7.04707125987e-10, 6.3667772443e-11]
    },
    "mfcc": {
        "mean": [-752.971313477, 160.346511841, -26.6979846954, 56.5046730042, -11.5410823822, 6.17550230026, -17.8751277924, -6.66830301285, -11.1439905167, -0.789309978485, -9.76991081238, 1.79062497616, 5.20842552185],
        "cov": [[9648.27050781, 2179.3203125, -2541.94091797, 116.259841919, -1090.86315918, -355.77947998, -594.314575195, -211.791946411, -833.101501465, 1.50279700756, -446.169189453, 30.7701568604, 73.0476913452], [2179.3203125, 3434.16333008, -302.027282715, -1302.56091309, 179.320098877, -780.402282715, 92.7867431641, -187.827346802, -212.006408691, -365.963592529, -363.478057861, -40.7029418945, 73.1326065063], [-2541.94091797, -302.027282715, 1320.39379883, 222.938461304, 249.11177063, 167.23425293, 192.596008301, 157.947692871, 240.565490723, -71.1623840332, 68.6478424072, -6.44899320602, -15.3872451782], [116.259841919, -1302.56091309, 222.938461304, 1263.42224121, 20.2839412689, 397.473602295, -199.658660889, 15.9897356033, 37.9545555115, 108.180953979, 4.27209949493, -45.70936203, 9.16325092316], [-1090.86315918, 179.320098877, 249.11177063, 20.2839412689, 614.751525879, 36.501159668, -52.2546043396, -118.474617004, 134.935165405, -39.9819450378, -48.3771972656, -75.2598571777, 33.2254943848], [-355.77947998, -780.402282715, 167.23425293, 397.473602295, 36.501159668, 459.564117432, -16.3543643951, 40.0714225769, 89.4390106201, 104.34072876, 122.857093811, 42.8613510132, -13.9132671356], [-594.314575195, 92.7867431641, 192.596008301, -199.658660889, -52.2546043396, -16.3543643951, 308.915771484, 121.406806946, 26.9399642944, -7.46032905579, 103.489471436, 73.2873458862, -23.7595005035], [-211.791946411, -187.827346802, 157.947692871, 15.9897356033, -118.474617004, 40.0714225769, 121.406806946, 290.659362793, 17.8660125732, -46.0919761658, 95.3269424438, 34.7456626892, 8.1050491333], [-833.101501465, -212.006408691, 240.565490723, 37.9545555115, 134.935165405, 89.4390106201, 26.9399642944, 17.8660125732, 239.675765991, 71.2152328491, 29.0237674713, 16.8355484009, -17.643661499], [1.50279700756, -365.963592529, -71.1623840332, 108.180953979, -39.9819450378, 104.34072876, -7.46032905579, -46.0919761658, 71.2152328491, 244.897277832, 93.57447052, 34.5656776428, -26.4188137054], [-446.169189453, -363.478057861, 68.6478424072, 4.27209949493, -48.3771972656, 122.857093811, 103.489471436, 95.3269424438, 29.0237674713, 93.57447052, 227.734344482, 86.6558837891, -42.0024833679], [30.7701568604, -40.7029418945, -6.44899320602, -45.70936203, -75.2598571777, 42.8613510132, 73.2873458862, 34.7456626892, 16.8355484009, 34.5656776428, 86.6558837891, 140.571090698, 0.173313990235], [73.0476913452, 73.1326065063, -15.3872451782, 9.16325092316, 33.2254943848, -13.9132671356, -23.7595005035, 8.1050491333, -17.643661499, -26.4188137054, -42.0024833679, 0.173313990235, 104.650650024]],
        "icov": [[0.00234999926761, -0.0031187213026, 0.0033253042493, -0.00280049396679, 0.00289957039058, -0.00248343474232, 0.00240358780138, -0.00255335192196, 0.00242449180223, -0.00251554255374, 0.00216200621799, -0.00149423372932, 0.00140988791827], [-0.0031187213026, 0.00497863814235, -0.00447022961453, 0.0043505365029, -0.00424828613177, 0.00382054317743, -0.00331578287296, 0.00343327131122, -0.00260877492838, 0.00350444857031, -0.00170858518686, 0.0012806551531, -0.00174549547955], [0.0033253042493, -0.00447022961453, 0.00603641662747, -0.00437727384269, 0.00386774889193, -0.00363661628217, 0.00246921763755, -0.00375434197485, 0.0021482813172, -0.00267002754845, 0.00267164083198, -0.0015985944774, 0.00197663600557], [-0.00280049396679, 0.0043505365029, -0.00437727384269, 0.00525039760396, -0.00372795155272, 0.00218014395796, -0.00198443047702, 0.00255555240437, -0.00179120677058, 0.00235770153813, -0.00099034269806, 0.00136855372693, -0.00147038884461], [0.00289957039058, -0.00424828613177, 0.00386774889193, -0.00372795155272, 0.00661373371258, -0.00343037815765, 0.00304126110859, -0.00120544130914, 0.000738106667995, -0.00170142203569, 0.000673894537613, 0.000314159900881, 3.28356254613e-05], [-0.00248343474232, 0.00382054317743, -0.00363661628217, 0.00218014395796, -0.00343037815765, 0.0069659743458, -0.00235003628768, 0.00290109333582, -0.00309220980853, 0.00265114847571, -0.00361920567229, 0.000691126741003, -0.00171082210727], [0.00240358780138, -0.00331578287296, 0.00246921763755, -0.00198443047702, 0.00304126110859, -0.00235003628768, 0.00834037270397, -0.00425451435149, 0.00295980134979, -0.00301118474454, 0.00116124819033, -0.00330288824625, 0.00233169319108], [-0.00255335192196, 0.00343327131122, -0.00375434197485, 0.00255555240437, -0.00120544130914, 0.00290109333582, -0.00425451435149, 0.00958803016692, -0.00468552811071, 0.00599863706157, -0.00630805967376, 0.00350990518928, -0.00414608744904], [0.00242449180223, -0.00260877492838, 0.0021482813172, -0.00179120677058, 0.000738106667995, -0.00309220980853, 0.00295980134979, -0.00468552811071, 0.0108899045736, -0.00627893256024, 0.00586861511692, -0.00419938797131, 0.00360614666715], [-0.00251554255374, 0.00350444857031, -0.00267002754845, 0.00235770153813, -0.00170142203569, 0.00265114847571, -0.00301118474454, 0.00599863706157, -0.00627893256024, 0.0108671048656, -0.00671027088538, 0.00279700662941, -0.00256080948748], [0.00216200621799, -0.00170858518686, 0.00267164083198, -0.00099034269806, 0.000673894537613, -0.00361920567229, 0.00116124819033, -0.00630805967376, 0.00586861511692, -0.00671027088538, 0.0150564434007, -0.00709068588912, 0.00557171320543], [-0.00149423372932, 0.0012806551531, -0.0015985944774, 0.00136855372693, 0.000314159900881, 0.000691126741003, -0.00330288824625, 0.00350990518928, -0.00419938797131, 0.00279700662941, -0.00709068588912, 0.0131866186857, -0.00410605873913], [0.00140988791827, -0.00174549547955, 0.00197663600557, -0.00147038884461, 3.28356254613e-05, -0.00171082210727, 0.00233169319108, -0.00414608744904, 0.00360614666715, -0.00256080948748, 0.00557171320543, -0.00410605873913, 0.0130278375]]
    },
    "spectral_contrast_coeffs": {
        "mean": [-0.595576882362, -0.71125626564, -0.801832735538, -0.796480417252, -0.782962024212, -0.656965970993],
        "stdev": [0.149187773466, 0.114452473819, 0.083461381495, 0.0694413036108, 0.0570488013327, 0.115784719586]
    },
    "spectral_contrast_valleys": {
        "mean": [-8.02235221863, -7.45702886581, -8.41007804871, -8.34810829163, -8.22691059113, -13.2946081161],
        "stdev": [1.04200530052, 1.27011907101, 1.34351992607, 1.25843501091, 1.20077455044, 0.714493513107]
    }
},
"rhythm": {
    "beats_count": 106,
    "beats_loudness": {
        "mean": 0.0373947173357,
        "stdev": 0.0211562681943
    },
    "bpm": 98.41065979,
    "bpm_histogram_first_peak_bpm": 98,
    "bpm_histogram_first_peak_weight": 0.459459483624,
    "bpm_histogram_second_peak_bpm": 103,
    "bpm_histogram_second_peak_spread": 0.421052634716,
    "bpm_histogram_second_peak_weight": 0.104761905968,
    "danceability": 1.61773622036,
    "onset_rate": 5.91330528259,
    "beats_loudness_band_ratio": {
        "mean": [0.31822013855, 0.189738586545, 0.286148190498, 0.098871588707, 0.062083914876, 0.0785688310862],
        "stdev": [0.215365499258, 0.155575171113, 0.201778933406, 0.0920300334692, 0.0739775300026, 0.198045626283]
    },
    "beats_position": [0.568888902664, 1.13777780533, 1.69505667686, 2.2523355484, 2.7863945961, 3.34367346764, 3.92417216301, 4.52789115906, 5.0967798233, 5.66566896439, 6.25777769089, 6.83827638626, 7.41877555847, 7.94122457504, 8.45206356049, 8.96290206909, 9.47374153137, 9.96135997772, 10.4838094711, 11.0294780731, 11.5403175354, 12.0743761063, 12.5619955063, 13.084444046, 13.6881628036, 14.3034915924, 14.90721035, 15.5225391388, 16.1378688812, 16.7067565918, 17.2756462097, 17.8793640137, 18.4598636627, 19.0403633118, 19.6208610535, 20.1781406403, 20.7470283508, 21.3275279999, 21.9196376801, 22.4188652039, 22.8948745728, 23.3592739105, 23.800453186, 24.2532424927, 24.7176418304, 25.158821106, 25.5883903503, 26.0063495636, 26.4243087769, 26.8770961761, 27.3298854828, 27.7826747894, 28.316734314, 28.8624038696, 29.4196815491, 30.0001811981, 30.5922889709, 31.1960086823, 31.7648983002, 32.3453979492, 32.9026756287, 33.4599533081, 34.0172348022, 34.5629005432, 35.1085700989, 35.6426315308, 36.211517334, 36.7920188904, 37.4073448181, 37.9994544983, 38.5915641785, 39.1952819824, 39.7989997864, 40.3911094666, 41.006439209, 41.6333770752, 42.2603149414, 42.8756446838, 43.4909744263, 44.1063041687, 44.7332420349, 45.3485717773, 45.9871177673, 46.532787323, 47.0900688171, 47.6821746826, 48.2742843628, 48.866394043, 49.4817237854, 50.0854415894, 50.6891593933, 51.3160972595, 51.9546470642, 52.5699768066, 53.1969146729, 53.8238525391, 54.4043540955, 55.0777320862, 55.7975502014, 56.5173683167, 57.2371864319, 57.9337844849, 58.6303825378, 59.3269844055, 60.0235824585, 60.7550086975],
    "bpm_histogram": [0, 0, 0, 0, 0, 0, 0, 0, 0, 0, 0, 0, 0, 0, 0, 0, 0, 0, 0, 0, 0, 0, 0, 0, 0, 0, 0, 0, 0, 0, 0, 0, 0, 0, 0, 0, 0, 0, 0, 0, 0, 0, 0, 0, 0, 0, 0, 0, 0, 0, 0, 0, 0, 0, 0, 0, 0, 0, 0, 0, 0, 0, 0, 0, 0, 0, 0, 0, 0, 0, 0, 0, 0, 0, 0, 0, 0, 0, 0, 0, 0, 0, 0.00952380988747, 0.0285714287311, 0, 0, 0.0380952395499, 0, 0, 0.00952380988747, 0, 0, 0, 0, 0.0190476197749, 0, 0.0571428574622, 0, 0.104761905968, 0.0857142880559, 0, 0.0857142880559, 0, 0.104761905968, 0, 0.0761904790998, 0, 0, 0.0857142880559, 0, 0.047619048506, 0, 0.0380952395499, 0, 0, 0.0285714287311, 0, 0.0380952395499, 0, 0, 0.00952380988747, 0, 0, 0.0190476197749, 0, 0, 0.00952380988747, 0, 0, 0.0190476197749, 0, 0, 0, 0.0380952395499, 0, 0, 0.0190476197749, 0, 0, 0, 0.00952380988747, 0, 0, 0, 0.0190476197749, 0, 0, 0, 0, 0, 0, 0, 0, 0, 0, 0, 0, 0, 0, 0, 0, 0, 0, 0, 0, 0, 0, 0, 0, 0, 0, 0, 0, 0, 0, 0, 0, 0, 0, 0, 0, 0, 0, 0, 0, 0, 0, 0, 0, 0, 0, 0, 0, 0, 0, 0, 0, 0, 0, 0, 0, 0, 0, 0, 0, 0, 0, 0, 0, 0, 0, 0, 0, 0, 0, 0, 0, 0, 0, 0, 0, 0, 0, 0, 0, 0, 0, 0, 0, 0, 0, 0, 0, 0, 0, 0, 0, 0, 0, 0, 0, 0, 0, 0, 0, 0, 0, 0, 0, 0]
},
"tonal": {
    "chords_changes_rate": 0.156744539738,
    "chords_number_rate": 0.00828937441111,
    "chords_strength": {
        "mean": 0.44058740139,
        "stdev": 0.0886929854751
    },
    "hpcp_crest": {
        "mean": 14.9519710541,
        "stdev": 7.94488382339
    },
    "hpcp_entropy": {
        "mean": 1.91564822197,
        "stdev": 0.88740670681
    },
    "key_edma": {
        "strength": 0.452825248241,
        "key": "C#",
        "scale": "minor"
    },
    "key_krumhansl": {
        "strength": 0.447241306305,
        "key": "C#",
        "scale": "minor"
    },
    "key_temperley": {
        "strength": 0.431809782982,
        "key": "C#",
        "scale": "minor"
    },
    "tuning_diatonic_strength": 0.330322176218,
    "tuning_equal_tempered_deviation": 0.256366819143,
    "tuning_frequency": 434.695007324,
    "tuning_nontempered_energy_ratio": 0.886874377728,
    "hpcp": {
        "mean": [0.139312878251, 0.100839979947, 0.0873770564795, 0.0870314016938, 0.101581759751, 0.116751201451, 0.121840372682, 0.126567721367, 0.162155851722, 0.165329575539, 0.123903743923, 0.115823537111, 0.145593062043, 0.172962665558, 0.165635555983, 0.154666572809, 0.144684165716, 0.130220204592, 0.116313025355, 0.109302543104, 0.103990867734, 0.0978566035628, 0.0959790349007, 0.0875541195273, 0.0739439725876, 0.0629062354565, 0.0636966750026, 0.0719733685255, 0.0715892240405, 0.0680668130517, 0.0737851336598, 0.080457188189, 0.0898331999779, 0.109311699867, 0.138162627816, 0.161757260561],
        "stdev": [0.254595607519, 0.216967359185, 0.202435255051, 0.200748920441, 0.226777926087, 0.231481596828, 0.24624606967, 0.248113781214, 0.274093419313, 0.285317778587, 0.246172353625, 0.241537883878, 0.264910042286, 0.28941577673, 0.275101929903, 0.274920612574, 0.259977281094, 0.243675604463, 0.216576978564, 0.219962358475, 0.217743963003, 0.217103362083, 0.202608704567, 0.189336523414, 0.172639518976, 0.158014729619, 0.160474702716, 0.17013579607, 0.161945030093, 0.156167313457, 0.166243299842, 0.182719513774, 0.191948473454, 0.21403734386, 0.243026047945, 0.279038399458]
    },
    "chords_histogram": [13.1876411438, 3.01431798935, 19.2916355133, 0.150715902448, 0, 0.753579497337, 1.28108513355, 0.678221523762, 0.0753579512239, 26.1492080688, 1.4318010807, 0, 0.0753579512239, 0.753579497337, 1.4318010807, 0, 5.80256223679, 0.527505636215, 0, 16.0512428284, 6.85757350922, 0, 0, 2.48681235313],
    "thpcp": [1, 0.957637608051, 0.894219398499, 0.836505174637, 0.752880394459, 0.672474741936, 0.631942987442, 0.601233005524, 0.565767228603, 0.554911851883, 0.506202399731, 0.427514076233, 0.363698333502, 0.368268340826, 0.416120827198, 0.413899868727, 0.393534719944, 0.426595717669, 0.465170830488, 0.519379138947, 0.631995916367, 0.798800289631, 0.935214877129, 0.805450558662, 0.583015859127, 0.505178689957, 0.503180265427, 0.587304532528, 0.675008118153, 0.704431653023, 0.731763243675, 0.93751937151, 0.955868542194, 0.716361224651, 0.669644713402, 0.84176003933],
    "chords_key": "G#",
    "chords_scale": "major"
}
}