{
"metadata": {
    "version": {
        "essentia": "2.1-dev",
        "essentia_git_sha": "v2.1_beta3-415-gd5473f3",
        "extractor": "music 2.0"
    },
    "audio_properties": {
        "analysis": {
            "equal_loudness": 0,
            "length": 60.2644882202,
            "sample_rate": 44100,
            "start_time": 0,
            "downmix": "mix"
        },
        "bit_rate": 192000,
        "length": 60.2644882202,
        "lossless": 0,
        "number_channels": 2,
        "replay_gain": -6.44265556335,
        "sample_rate": 44100,
        "codec": "mp3",
        "md5_encoded": "36ee4ecbe3b25b0b7924f62d44b92ccb"
    },
    "tags": {
        "file_name": "monologo_mujer_09.mp3",
        "date": ["2004"],
        "engineer": ["rosamerica tamyo"]
    }
},
"lowlevel": {
    "average_loudness": 0.980789780617,
    "barkbands_crest": {
        "mean": 12.5370864868,
        "stdev": 5.14334583282
    },
    "barkbands_flatness_db": {
        "mean": 0.194042161107,
        "stdev": 0.074465945363
    },
    "barkbands_kurtosis": {
        "mean": 16.242521286,
        "stdev": 37.940990448
    },
    "barkbands_skewness": {
        "mean": 2.09192728996,
        "stdev": 2.84764742851
    },
    "barkbands_spread": {
        "mean": 21.400642395,
        "stdev": 23.9527015686
    },
    "dissonance": {
        "mean": 0.413388133049,
        "stdev": 0.0699013397098
    },
    "dynamic_complexity": 3.63949036598,
    "erbbands_crest": {
        "mean": 11.4563302994,
        "stdev": 4.29740047455
    },
    "erbbands_flatness_db": {
        "mean": 0.211308911443,
        "stdev": 0.0586990341544
    },
    "erbbands_kurtosis": {
        "mean": 3.14443087578,
        "stdev": 6.98729658127
    },
    "erbbands_skewness": {
        "mean": 0.554654896259,
        "stdev": 1.40222728252
    },
    "erbbands_spread": {
        "mean": 31.2741622925,
        "stdev": 21.1809654236
    },
    "hfc": {
        "mean": 17.3990249634,
        "stdev": 15.4493656158
    },
    "loudness_ebu128": {
        "integrated": -18.2085399628,
        "loudness_range": 0.953521728516,
        "momentary": {
            "mean": -18.5912208557,
            "stdev": 2.13737344742
        },
        "short_term": {
            "mean": -18.294303894,
            "stdev": 0.340073376894
        }
    },
    "melbands_crest": {
        "mean": 16.4255428314,
        "stdev": 6.83929109573
    },
    "melbands_flatness_db": {
        "mean": 0.256640225649,
        "stdev": 0.101776525378
    },
    "melbands_kurtosis": {
        "mean": 19.0745677948,
        "stdev": 33.5950698853
    },
    "melbands_skewness": {
        "mean": 2.66275429726,
        "stdev": 2.31299972534
    },
    "melbands_spread": {
        "mean": 28.3414840698,
        "stdev": 40.8499526978
    },
    "pitch_salience": {
        "mean": 0.561275541782,
        "stdev": 0.157728150487
    },
    "silence_rate_20dB": {
        "mean": 1,
        "stdev": 0
    },
    "silence_rate_30dB": {
        "mean": 1,
        "stdev": 0
    },
    "silence_rate_60dB": {
        "mean": 0.163650363684,
        "stdev": 0.369961619377
    },
    "spectral_centroid": {
        "mean": 1395.23974609,
        "stdev": 1219.67236328
    },
    "spectral_complexity": {
        "mean": 8.83249950409,
        "stdev": 6.42021465302
    },
    "spectral_decrease": {
        "mean": -5.23331111779e-09,
        "stdev": 4.40174918737e-09
    },
    "spectral_energy": {
        "mean": 0.0213298723102,
        "stdev": 0.0175980422646
    },
    "spectral_energyband_high": {
        "mean": 0.000767762889154,
        "stdev": 0.00143729976844
    },
    "spectral_energyband_low": {
        "mean": 0.000240433728322,
        "stdev": 0.00047113065375
    },
    "spectral_energyband_middle_high": {
        "mean": 0.00388143025339,
        "stdev": 0.00597823085263
    },
    "spectral_energyband_middle_low": {
        "mean": 0.0168933756649,
        "stdev": 0.0144668910652
    },
    "spectral_entropy": {
        "mean": 7.00426340103,
        "stdev": 0.802207410336
    },
    "spectral_flux": {
        "mean": 0.093692868948,
        "stdev": 0.0529088005424
    },
    "spectral_kurtosis": {
        "mean": 9.01371192932,
        "stdev": 9.9103269577
    },
    "spectral_rms": {
        "mean": 0.00400052033365,
        "stdev": 0.00219214451499
    },
    "spectral_rolloff": {
        "mean": 2670.53466797,
        "stdev": 4165.98583984
    },
    "spectral_skewness": {
        "mean": 1.89447104931,
        "stdev": 1.1147185564
    },
    "spectral_spread": {
        "mean": 3901974.75,
        "stdev": 1410247.75
    },
    "spectral_strongpeak": {
        "mean": 1.29589557648,
        "stdev": 1.141269207
    },
    "zerocrossingrate": {
        "mean": 0.100120969117,
        "stdev": 0.0963813737035
    },
    "barkbands": {
        "mean": [6.01157262281e-06, 5.76010388613e-05, 3.0101820812e-05, 0.000963384110946, 0.00677716732025, 0.0014362615766, 0.00287918746471, 0.00210790056735, 0.00218948000111, 0.00116799247917, 0.000323277374264, 0.000367969711078, 0.000449398037745, 0.000589029688854, 0.000276545470115, 0.00013347233471, 0.000170045110281, 0.000414643058321, 0.000175397566636, 0.000169735169038, 0.000266448769253, 0.000135190100991, 0.000110001121357, 8.10821729829e-05, 2.14251758734e-05, 1.17550107461e-05, 1.94143667613e-05],
        "stdev": [1.16176088341e-05, 8.93629039638e-05, 9.03952604858e-05, 0.00165099068545, 0.00807525403798, 0.00303098163567, 0.00634232722223, 0.00465030129999, 0.0052933730185, 0.00331370043568, 0.000901013205294, 0.00095604773378, 0.0012976275757, 0.00147183157969, 0.000804615090601, 0.000379099481506, 0.000450595864095, 0.000727450067643, 0.000350661634002, 0.000291520816972, 0.000495554239023, 0.00047372415429, 0.000351316150045, 0.000261247012531, 6.4416854002e-05, 3.8916223275e-05, 5.65662594454e-06]
    },
    "erbbands": {
        "mean": [0.00206426763907, 0.0122511172667, 0.0508943200111, 1.52875435352, 16.6798820496, 20.8947849274, 12.9565525055, 13.51674366, 38.0528144836, 39.3190002441, 52.8577194214, 48.6494827271, 48.6809539795, 19.5965938568, 14.0605306625, 15.5443658829, 21.0212745667, 30.3605537415, 20.7178592682, 10.305770874, 7.45487451553, 10.1661634445, 18.9029464722, 18.1218452454, 5.96359872818, 7.56365299225, 13.4701032639, 7.48394107819, 4.70961713791, 3.90089893341, 3.23283147812, 1.93887746334, 1.20985138416, 0.30185353756, 0.137858763337, 0.078811712563, 0.0153996078297, 0.0007897131145, 0.000920806312934, 0.00060572847724],
        "stdev": [0.00288124429062, 0.0199647247791, 0.0815212130547, 2.25565099716, 21.6210136414, 31.6451091766, 40.535861969, 25.2147808075, 78.5635681152, 95.7375488281, 109.747444153, 120.933273315, 121.38533783, 49.9832382202, 33.7441711426, 41.0191879272, 61.3387413025, 77.0314407349, 51.8743591309, 27.3093585968, 19.6611499786, 25.6378440857, 35.4214630127, 31.0408935547, 10.8275594711, 12.6418466568, 23.4424610138, 17.8508892059, 16.4428119659, 13.1048345566, 10.4074430466, 6.27624225616, 3.89124369621, 0.934343993664, 0.410732448101, 0.254940479994, 0.0519150123, 0.00259457784705, 0.000272548641078, 0.000171960607986]
    },
    "gfcc": {
        "mean": [-76.7004928589, 75.4819793701, -108.956016541, 11.4049339294, -61.8660354614, -25.925069809, -31.6597824097, -10.6451921463, -20.1231746674, -15.5501537323, -2.97129869461, -20.5530834198, -3.92284369469],
        "cov": [[8607.09277344, -32.4839820862, -2864.42529297, -129.316772461, -1642.60534668, -121.535209656, -797.494873047, 379.115142822, -659.463500977, 45.8694801331, -442.289855957, -188.077529907, -345.694549561], [-32.4839820862, 3215.19628906, -345.384674072, -1465.7097168, 176.070632935, -821.589050293, 59.3288726807, -319.994476318, -194.16053772, -558.468017578, 356.008850098, -331.930664062, 39.0907783508], [-2864.42529297, -345.384674072, 1738.27893066, 495.654510498, 358.366394043, 119.901504517, 158.619766235, -132.696166992, 129.866134644, 6.72901821136, 54.1098251343, 164.846542358, 38.1427841187], [-129.316772461, -1465.7097168, 495.654510498, 1205.59790039, -34.822971344, 114.159599304, -124.230499268, 113.218910217, 86.6428375244, 185.332870483, -187.248565674, 166.542800903, 3.644053936], [-1642.60534668, 176.070632935, 358.366394043, -34.822971344, 702.45916748, 46.4356536865, 113.227378845, -40.6443901062, 218.212997437, 12.0911130905, 27.0063114166, -5.56221199036, 78.9832687378], [-121.535209656, -821.589050293, 119.901504517, 114.159599304, 46.4356536865, 659.28503418, 171.726974487, 40.0222167969, 81.878944397, 169.186950684, -90.3433685303, 59.6097068787, -98.0286483765], [-797.494873047, 59.3288726807, 158.619766235, -124.230499268, 113.227378845, 171.726974487, 382.894805908, -52.2309455872, 34.1642990112, 0.877021312714, 60.1988754272, -22.4542293549, -10.8539018631], [379.115142822, -319.994476318, -132.696166992, 113.218910217, -40.6443901062, 40.0222167969, -52.2309455872, 192.8540802, 38.2808990479, 67.9608764648, -57.102481842, 41.3129119873, 18.4272670746], [-659.463500977, -194.16053772, 129.866134644, 86.6428375244, 218.212997437, 81.878944397, 34.1642990112, 38.2808990479, 254.714035034, 79.0154647827, -20.0065612793, 33.7164039612, 53.9809608459], [45.8694801331, -558.468017578, 6.72901821136, 185.332870483, 12.0911130905, 169.186950684, 0.877021312714, 67.9608764648, 79.0154647827, 263.487792969, -77.3333587646, 32.5536384583, -7.98355770111], [-442.289855957, 356.008850098, 54.1098251343, -187.248565674, 27.0063114166, -90.3433685303, 60.1988754272, -57.102481842, -20.0065612793, -77.3333587646, 267.965179443, 9.83452510834, 11.7810344696], [-188.077529907, -331.930664062, 164.846542358, 166.542800903, -5.56221199036, 59.6097068787, -22.4542293549, 41.3129119873, 33.7164039612, 32.5536384583, 9.83452510834, 172.119598389, 34.9934463501], [-345.694549561, 39.0907783508, 38.1427841187, 3.644053936, 78.9832687378, -98.0286483765, -10.8539018631, 18.4272670746, 53.9809608459, -7.98355770111, 11.7810344696, 34.9934463501, 176.331420898]],
        "icov": [[0.00206603622064, -0.0024320401717, 0.00279660499655, -0.00257826130837, 0.00278806965798, -0.00272037065588, 0.00229942449369, -0.002044378547, 0.00197466975078, -0.00150399911217, 0.0018352214247, -0.00121991510969, 0.00107878737617], [-0.0024320401717, 0.00544365029782, -0.00357242953032, 0.00545021751896, -0.0038222160656, 0.00556303188205, -0.00284988898784, 0.00339202024043, -0.00238192849793, 0.00363754993305, -0.00229869503528, 0.00277249142528, -0.000542541616596], [0.00279660499655, -0.00357242953032, 0.00477688247338, -0.00421472918242, 0.00342212268151, -0.00396146671847, 0.00280847260728, -0.0020606557373, 0.00264611677267, -0.002058329992, 0.00233588251285, -0.00253927055746, 0.00142611400224], [-0.00257826130837, 0.00545021751896, -0.00421472918242, 0.00689463783056, -0.00376901985146, 0.00576364900917, -0.00269318395294, 0.00304049719125, -0.00267769093625, 0.00302029098384, -0.00163474306464, 0.00199060305022, -0.000414086855017], [0.00278806965798, -0.0038222160656, 0.00342212268151, -0.00376901985146, 0.00622671796009, -0.00420994032174, 0.00292466557585, -0.00269623706117, 0.000780303729698, -0.00223736208864, 0.00250437250361, -0.00128870119806, 0.000731432228349], [-0.00272037065588, 0.00556303188205, -0.00396146671847, 0.00576364900917, -0.00420994032174, 0.00843448098749, -0.00443492317572, 0.00344890216365, -0.00308533967473, 0.00249000266194, -0.00166544306558, 0.00153953884728, 0.000975656381343], [0.00229942449369, -0.00284988898784, 0.00280847260728, -0.00269318395294, 0.00292466557585, -0.00443492317572, 0.00627813255414, -0.00196224474348, 0.00215690117329, -0.00163893285207, 0.00118915725034, -0.000465996330604, 0.000682391982991], [-0.002044378547, 0.00339202024043, -0.0020606557373, 0.00304049719125, -0.00269623706117, 0.00344890216365, -0.00196224474348, 0.00966961402446, -0.00291830184869, 0.00135112344287, -0.00117685785517, 0.000144300618558, -0.00137869408354], [0.00197466975078, -0.00238192849793, 0.00264611677267, -0.00267769093625, 0.000780303729698, -0.00308533967473, 0.00215690117329, -0.00291830184869, 0.00850633624941, -0.00276359030977, 0.00169800198637, -0.00148465961684, -0.000292735203402], [-0.00150399911217, 0.00363754993305, -0.002058329992, 0.00302029098384, -0.00223736208864, 0.00249000266194, -0.00163893285207, 0.00135112344287, -0.00276359030977, 0.00812598131597, -0.000989661202766, 0.00208206521347, -0.000360906124115], [0.0018352214247, -0.00229869503528, 0.00233588251285, -0.00163474306464, 0.00250437250361, -0.00166544306558, 0.00118915725034, -0.00117685785517, 0.00169800198637, -0.000989661202766, 0.00675444537774, -0.00278783892281, 0.00132190529257], [-0.00121991510969, 0.00277249142528, -0.00253927055746, 0.00199060305022, -0.00128870119806, 0.00153953884728, -0.000465996330604, 0.000144300618558, -0.00148465961684, 0.00208206521347, -0.00278783892281, 0.0102032031864, -0.00239857449196], [0.00107878737617, -0.000542541616596, 0.00142611400224, -0.000414086855017, 0.000731432228349, 0.000975656381343, 0.000682391982991, -0.00137869408354, -0.000292735203402, -0.000360906124115, 0.00132190529257, -0.00239857449196, 0.00846824515611]]
    },
    "melbands": {
        "mean": [1.72641266545e-05, 1.49293828144e-05, 0.000650853558909, 0.00154155213386, 0.000533176236786, 0.000309467868647, 0.000593312550336, 0.000422418641392, 0.000436946720583, 0.000298832484987, 0.000241862857365, 8.26401956147e-05, 4.56151865365e-05, 4.48706668976e-05, 3.74638875655e-05, 4.9673821195e-05, 5.71123528061e-05, 3.55866868631e-05, 1.81527939276e-05, 1.02876583696e-05, 8.25998176879e-06, 1.02765579868e-05, 1.17278405014e-05, 2.18030381802e-05, 1.43222450788e-05, 4.93230982102e-06, 3.30529610437e-06, 5.40065047971e-06, 8.7922971943e-06, 6.89995613357e-06, 3.53744644599e-06, 2.50028847404e-06, 2.76653463516e-06, 1.89612524082e-06, 2.02878300115e-06, 1.36742175982e-06, 1.13722194328e-06, 1.00771956113e-06, 4.3488748247e-07, 1.81887415351e-07],
        "stdev": [2.51437177212e-05, 3.00030878861e-05, 0.000878799823113, 0.00189694960136, 0.00142938550562, 0.000580935738981, 0.00123066920787, 0.00098542124033, 0.000932135852054, 0.000767487450503, 0.00061877904227, 0.000230085090152, 0.000123458448797, 0.00012041995069, 0.000103956255771, 0.000136094124173, 0.000150872059749, 9.27002329263e-05, 5.30541256012e-05, 2.97520073218e-05, 2.34514845943e-05, 2.84189900412e-05, 2.6888676075e-05, 4.08095511375e-05, 2.6586729291e-05, 1.05036215245e-05, 7.38218341212e-06, 9.6929998108e-06, 1.55982907017e-05, 1.42058870551e-05, 1.06849684016e-05, 9.44678504311e-06, 9.8464452094e-06, 6.50365291222e-06, 6.68589700581e-06, 4.55397776022e-06, 3.94891912947e-06, 3.34750689035e-06, 1.39840381053e-06, 5.79416621349e-07]
    },
    "melbands128": {
        "mean": [4.41391193817e-06, 1.62627911777e-05, 2.39510918618e-05, 1.7136489987e-05, 1.01550358522e-05, 1.77182118932e-05, 0.000114928516268, 0.000674409675412, 0.00191463797819, 0.00207580951974, 0.00108939444181, 0.000767184479628, 0.00045701651834, 0.00015143789642, 0.000207715231227, 0.000442005839432, 0.000569999916479, 0.000662563426886, 0.000590805429965, 0.000407403189456, 0.00033910680213, 0.000437064183643, 0.000493870757055, 0.000396210700274, 0.000290150055662, 0.000280772452243, 0.00026999678812, 0.00027068037889, 0.000197918474441, 8.31846191431e-05, 5.20355388289e-05, 4.77956818941e-05, 4.90586753585e-05, 3.87779000448e-05, 4.38135466538e-05, 5.20998401043e-05, 3.72045215045e-05, 2.80535023194e-05, 4.2974435928e-05, 5.23138733115e-05, 4.1876497562e-05, 5.88494767726e-05, 6.89571679686e-05, 4.8808309657e-05, 4.08468004025e-05, 3.61448983313e-05, 2.60546003119e-05, 1.90784485312e-05, 1.49411534949e-05, 1.11414292405e-05, 1.01224050013e-05, 9.05066917767e-06, 7.49622586227e-06, 7.83810901339e-06, 9.91734850686e-06, 1.16492683446e-05, 9.10711150937e-06, 1.02706726466e-05, 1.12619718493e-05, 1.68164115166e-05, 2.41546076722e-05, 2.4368546292e-05, 2.00209524337e-05, 1.01259629446e-05, 7.87426415627e-06, 4.60088858745e-06, 3.28087094204e-06, 3.2797613585e-06, 3.08149242301e-06, 3.61543470717e-06, 4.23882647738e-06, 6.66351706968e-06, 9.2259806479e-06, 8.52944685903e-06, 9.76429964794e-06, 7.5850975918e-06, 5.74877640247e-06, 3.86046713174e-06, 3.37334313372e-06, 3.04450327349e-06, 2.44493685386e-06, 2.05571882361e-06, 2.97729116028e-06, 3.04819718622e-06, 2.55844793173e-06, 1.78626544312e-06, 1.65950871178e-06, 1.98276916308e-06, 2.40998565459e-06, 1.69065617683e-06, 1.61935872711e-06, 1.21143079923e-06, 1.06347692963e-06, 1.11819133508e-06, 1.18524553727e-06, 1.22757649024e-06, 1.0114373481e-06, 6.55021665352e-07, 4.43488943347e-07, 3.23556918147e-07, 2.23081499939e-07, 1.51991955022e-07, 1.33827370519e-07, 1.46780564592e-07, 1.57343919227e-07, 1.52894429561e-07, 1.57104039999e-07, 1.59147404588e-07, 1.51117291125e-07, 1.27352137724e-07, 8.91283846727e-08, 5.39664455346e-08, 3.95509864859e-08, 3.07342737926e-08, 1.23875292246e-08, 1.10007691845e-09, 1.34361896609e-10, 3.20707523038e-11, 5.90249247048e-12, 4.05560557359e-10, 5.96052585067e-09, 7.83537679183e-09, 2.65106478992e-07, 4.99820600908e-07, 4.47871606468e-09, 3.20785642494e-09, 1.81494860807e-10, 3.03034377105e-12],
        "stdev": [6.573684459e-06, 2.32652673731e-05, 3.82892103516e-05, 3.26901390508e-05, 2.43460417551e-05, 5.77953942411e-05, 0.00030621906626, 0.00114822620526, 0.00283940997906, 0.00338953500614, 0.00235666288063, 0.00240043969825, 0.00183564273175, 0.000717202608939, 0.000551372824702, 0.00107120315079, 0.0013631322654, 0.00194119545631, 0.00192667322699, 0.00145827385131, 0.00125759630464, 0.00115793757141, 0.00138377083931, 0.00138277059887, 0.00111417938024, 0.00110098801088, 0.000950580229983, 0.000937320117373, 0.000736495188903, 0.000348654430127, 0.00021714635659, 0.000178080139449, 0.000193957312149, 0.000138060684549, 0.000149900792167, 0.000198460300453, 0.000151184809511, 9.50406247284e-05, 0.000185491982847, 0.000229717450566, 0.00016581309319, 0.000212255996303, 0.000243177782977, 0.000178873451659, 0.000136217349791, 0.000136327609653, 0.000114717484394, 7.60589682613e-05, 6.39832142042e-05, 4.75202141388e-05, 3.90730456274e-05, 3.9412323531e-05, 3.01187228615e-05, 3.02380449284e-05, 3.60112426279e-05, 4.24524514528e-05, 3.02854332404e-05, 3.42096354871e-05, 3.32926902047e-05, 4.37918315583e-05, 6.37889534119e-05, 5.567180051e-05, 5.04726012878e-05, 2.76535229204e-05, 2.29813977057e-05, 1.18652333185e-05, 8.37017796584e-06, 8.92546904652e-06, 8.59468764247e-06, 9.24215873965e-06, 9.51484526013e-06, 1.49008992594e-05, 2.03709896596e-05, 1.77681104105e-05, 2.23369261221e-05, 1.80308052222e-05, 1.50501646203e-05, 1.14790218504e-05, 1.18980615298e-05, 1.31067727125e-05, 1.04367900349e-05, 8.59673491505e-06, 1.20101440189e-05, 1.14594522529e-05, 9.69016036834e-06, 7.5258412835e-06, 6.04517390457e-06, 6.90721799401e-06, 8.18622811494e-06, 6.19337743046e-06, 6.33544232187e-06, 3.97293433707e-06, 3.72885142497e-06, 4.36690061179e-06, 4.31987427874e-06, 4.6899458539e-06, 3.37802271133e-06, 2.31473450185e-06, 1.46369586673e-06, 1.1154289723e-06, 7.55864164148e-07, 4.88235400553e-07, 4.58249530766e-07, 4.9946550007e-07, 4.92457218115e-07, 4.76849436382e-07, 4.94208450164e-07, 5.2638483794e-07, 5.52665937903e-07, 4.42623274921e-07, 3.06406661821e-07, 1.93386171077e-07, 1.4043556007e-07, 1.1181717241e-07, 4.95848375692e-08, 6.74468214612e-09, 3.2025382346e-10, 9.12731903946e-11, 4.15870428372e-11, 9.91627557845e-10, 9.88584680783e-09, 1.18597993648e-08, 7.83837137419e-08, 1.50218028239e-07, 7.46130357498e-09, 6.25492058148e-09, 4.99545904642e-10, 5.85209571774e-12]
    },
    "mfcc": {
        "mean": [-731.779968262, 119.332008362, -3.38061833382, 23.7431297302, -10.9371824265, -16.5141620636, -6.17137765884, -8.64396762848, -15.6938400269, 2.14390540123, -12.0746383667, 2.94758677483, -17.0887870789],
        "cov": [[9788.38476562, -658.818237305, -2128.48217773, -594.108947754, -1111.0682373, -825.853515625, -422.738983154, -223.091964722, -416.767669678, 241.554656982, -372.870635986, 191.165817261, -677.280883789], [-658.818237305, 3941.92333984, -752.292541504, -753.377502441, -192.153167725, -695.428771973, 121.036476135, -125.050247192, -496.916351318, -87.0831375122, -267.100982666, 20.2614803314, -314.677520752], [-2128.48217773, -752.292541504, 1472.54956055, 433.187591553, 180.455215454, 356.230316162, 65.352355957, 92.3236923218, 88.6257858276, -184.363265991, 103.262580872, -83.0525054932, 259.545928955], [-594.108947754, -753.377502441, 433.187591553, 838.134216309, 256.026641846, -36.6651000977, -105.527893066, -66.1822967529, 161.167282104, -184.047073364, 9.07295036316, -7.89368247986, 127.976547241], [-1111.0682373, -192.153167725, 180.455215454, 256.026641846, 565.154418945, 101.46245575, -100.753372192, 7.98052358627, 168.929794312, -53.1913337708, 53.7369689941, -21.1007461548, 131.000991821], [-825.853515625, -695.428771973, 356.230316162, -36.6651000977, 101.46245575, 644.133544922, 71.662322998, 128.212219238, 150.350952148, 152.488342285, 182.545837402, -94.0871505737, 112.860870361], [-422.738983154, 121.036476135, 65.352355957, -105.527893066, -100.753372192, 71.662322998, 287.631164551, 39.5455551147, -60.2665519714, 35.2592315674, 17.5330505371, -6.93637228012, 19.4248371124], [-223.091964722, -125.050247192, 92.3236923218, -66.1822967529, 7.98052358627, 128.212219238, 39.5455551147, 228.795425415, 11.6861085892, 31.7871627808, 21.6101989746, -28.6042041779, 58.8404579163], [-416.767669678, -496.916351318, 88.6257858276, 161.167282104, 168.929794312, 150.350952148, -60.2665519714, 11.6861085892, 364.609344482, 40.4900360107, 43.5904388428, -36.4061851501, 76.0184555054], [241.554656982, -87.0831375122, -184.363265991, -184.047073364, -53.1913337708, 152.488342285, 35.2592315674, 31.7871627808, 40.4900360107, 297.889068604, 68.5748291016, -23.1165122986, -45.585193634], [-372.870635986, -267.100982666, 103.262580872, 9.07295036316, 53.7369689941, 182.545837402, 17.5330505371, 21.6101989746, 43.5904388428, 68.5748291016, 202.181671143, -3.72777032852, 53.8666534424], [191.165817261, 20.2614803314, -83.0525054932, -7.89368247986, -21.1007461548, -94.0871505737, -6.93637228012, -28.6042041779, -36.4061851501, -23.1165122986, -3.72777032852, 166.482849121, -0.241677418351], [-677.280883789, -314.677520752, 259.545928955, 127.976547241, 131.000991821, 112.860870361, 19.4248371124, 58.8404579163, 76.0184555054, -45.585193634, 53.8666534424, -0.241677418351, 208.188537598]],
        "icov": [[0.000361170066753, 0.000300153100397, 0.000392528309021, 0.00012152063573, 0.000454337277915, 0.000217644643271, 0.000491022132337, 3.16756595566e-05, 0.000340043043252, -3.93423360947e-05, 0.000330833194312, 3.36871671607e-05, 0.00038760228199], [0.000300153100397, 0.000743046810385, 0.000330928276526, 0.000569483148865, 5.62773821002e-05, 0.000642470084131, 0.000155505316798, 0.000139555006172, 0.000598160666414, 0.00012479943689, 0.000389791734051, 0.000315427576425, 0.000607715744991], [0.000392528309021, 0.000330928276526, 0.00167606805917, -0.000363471568562, 0.000615470518824, -0.000500964291859, 0.000324454245856, -3.63484105037e-05, 0.000624958775006, 0.00074045045767, 0.000305275490973, 0.000375838048058, -0.000369247311028], [0.00012152063573, 0.000569483148865, -0.000363471568562, 0.00249252328649, -0.000565583934076, 0.000959682278335, 0.000259777298197, 0.000672629277688, -0.000272979319561, 0.000754394219257, 3.49434812961e-05, 0.000370996451238, 5.4593609093e-05], [0.000454337277915, 5.62773821002e-05, 0.000615470518824, -0.000565583934076, 0.00336135760881, -0.000247353222221, 0.00149368529674, 4.29437859566e-05, -0.000354744755896, 0.000128100655274, 8.00434791017e-05, 4.82939649373e-05, -0.00085210101679], [0.000217644643271, 0.000642470084131, -0.000500964291859, 0.000959682278335, -0.000247353222221, 0.00402532564476, -0.000291484961053, -0.000713192392141, -0.000342431827448, -0.00116277486086, -0.00156317162327, 0.0013052924769, 0.0001924042881], [0.000491022132337, 0.000155505316798, 0.000324454245856, 0.000259777298197, 0.00149368529674, -0.000291484961053, 0.00503097288311, -0.00015256156621, 0.00094138836721, -0.000473227177281, 0.000472180137876, -5.06018695887e-05, -0.000509491830599], [3.16756595566e-05, 0.000139555006172, -3.63484105037e-05, 0.000672629277688, 4.29437859566e-05, -0.000713192392141, -0.00015256156621, 0.00553653761744, 0.0003357968817, -0.000203077754122, 0.000717605988029, 0.000566673581488, -0.00159722450189], [0.000340043043252, 0.000598160666414, 0.000624958775006, -0.000272979319561, -0.000354744755896, -0.000342431827448, 0.00094138836721, 0.0003357968817, 0.00448908563703, -0.000719635398127, 0.000783006602433, 0.000592734839302, -0.000373491435312], [-3.93423360947e-05, 0.00012479943689, 0.00074045045767, 0.000754394219257, 0.000128100655274, -0.00116277486086, -0.000473227177281, -0.000203077754122, -0.000719635398127, 0.00564796244726, -0.00130517350044, 0.000338957441272, 0.00116264040116], [0.000330833194312, 0.000389791734051, 0.000305275490973, 3.49434812961e-05, 8.00434791017e-05, -0.00156317162327, 0.000472180137876, 0.000717605988029, 0.000783006602433, -0.00130517350044, 0.00764048704877, -0.000843668414745, -0.000736021902412], [3.36871671607e-05, 0.000315427576425, 0.000375838048058, 0.000370996451238, 4.82939649373e-05, 0.0013052924769, -5.06018695887e-05, 0.000566673581488, 0.000592734839302, 0.000338957441272, -0.000843668414745, 0.00713015208021, -0.000919332087506], [0.00038760228199, 0.000607715744991, -0.000369247311028, 5.4593609093e-05, -0.00085210101679, 0.0001924042881, -0.000509491830599, -0.00159722450189, -0.000373491435312, 0.00116264040116, -0.000736021902412, -0.000919332087506, 0.00892078783363]]
    },
    "spectral_contrast_coeffs": {
        "mean": [-0.566944897175, -0.673028230667, -0.737211406231, -0.770960330963, -0.758835852146, -0.762525439262],
        "stdev": [0.15821929276, 0.151584133506, 0.123903423548, 0.0881073698401, 0.0718985944986, 0.0583681426942]
    },
    "spectral_contrast_valleys": {
        "mean": [-8.48472309113, -7.71938991547, -8.59887981415, -8.78238201141, -8.38253974915, -11.2677488327],
        "stdev": [0.574548363686, 1.04639089108, 0.988506197929, 1.03176903725, 1.12125241756, 1.24624443054]
    }
},
"rhythm": {
    "beats_count": 108,
    "beats_loudness": {
        "mean": 0.0294729303569,
        "stdev": 0.0149329686537
    },
    "bpm": 89.6158370972,
    "bpm_histogram_first_peak_bpm": 185,
    "bpm_histogram_first_peak_weight": 0,
    "bpm_histogram_second_peak_bpm": 89,
    "bpm_histogram_second_peak_spread": 0.512820482254,
    "bpm_histogram_second_peak_weight": 0.177570089698,
    "danceability": 1.62019944191,
    "onset_rate": 6.25425052643,
    "beats_loudness_band_ratio": {
        "mean": [0.187639161944, 0.339164465666, 0.362473547459, 0.0904683247209, 0.0772131308913, 0.074224293232],
        "stdev": [0.217474117875, 0.264010608196, 0.24085880816, 0.109184980392, 0.078969411552, 0.185929089785]
    },
    "beats_position": [0.46439909935, 0.9287981987, 1.4164172411, 1.90403628349, 2.38004541397, 2.87927436829, 3.35528349876, 3.84290242195, 4.34213161469, 4.93424034119, 5.52634906769, 6.06040811539, 6.60607719421, 7.17496585846, 7.73224496841, 8.31274318695, 8.93968200684, 9.55501079559, 10.1819496155, 10.774058342, 11.3777770996, 11.9931058884, 12.5852155685, 13.177324295, 13.7578229904, 14.3383216858, 15.0349206924, 15.7431287766, 16.4281177521, 17.1131057739, 17.786485672, 18.4598636627, 19.1564617157, 19.8298416138, 20.5032196045, 21.1765975952, 21.8383674622, 22.5465755463, 23.2547836304, 23.974603653, 24.6944217682, 25.4026298523, 26.0876178741, 26.7609977722, 27.4459857941, 28.142583847, 28.8275737762, 29.5125617981, 30.2091598511, 30.8825397491, 31.5094776154, 32.1364173889, 32.7633552551, 33.4135131836, 34.0520629883, 34.6673927307, 35.3175506592, 35.9909286499, 36.6410865784, 37.3144645691, 37.976234436, 38.6612243652, 39.334602356, 39.9847602844, 40.6465301514, 41.3083000183, 41.9352378845, 42.5737876892, 43.1891136169, 43.8392753601, 44.4894332886, 45.139591217, 45.8129692078, 46.4863471985, 47.1365089417, 47.7170066833, 48.2858963013, 48.866394043, 49.3888435364, 49.8996810913, 50.3873023987, 50.8749198914, 51.3509292603, 51.8269386292, 52.1404075623, 52.4538764954, 52.7789573669, 53.1040344238, 53.4407234192, 53.7774124146, 54.1257133484, 54.45079422, 54.7758712769, 55.1009521484, 55.4260292053, 55.7511100769, 56.0761909485, 56.4012680054, 56.726348877, 57.0514259338, 57.3648986816, 57.6783676147, 58.0034446716, 58.3285255432, 58.6303825378, 58.9438552856, 59.2689323425, 59.6056213379],
    "bpm_histogram": [0, 0, 0, 0, 0, 0, 0, 0, 0, 0, 0, 0, 0, 0, 0, 0, 0, 0, 0, 0, 0, 0, 0, 0, 0, 0, 0, 0, 0, 0, 0, 0, 0, 0, 0, 0, 0, 0, 0, 0, 0, 0, 0, 0, 0, 0, 0, 0, 0, 0, 0, 0, 0, 0, 0, 0, 0, 0, 0, 0, 0, 0, 0, 0, 0, 0, 0, 0, 0, 0, 0, 0, 0, 0, 0, 0, 0, 0, 0, 0, 0, 0, 0, 0.0186915881932, 0, 0.0373831763864, 0.0373831763864, 0, 0.0654205605388, 0.112149529159, 0, 0.0373831763864, 0.0747663527727, 0, 0.0186915881932, 0, 0.0560747645795, 0, 0.0373831763864, 0.00934579409659, 0, 0.0467289723456, 0, 0.0467289723456, 0, 0.0186915881932, 0, 0, 0.00934579409659, 0, 0.00934579409659, 0, 0.00934579409659, 0, 0, 0.00934579409659, 0, 0.00934579409659, 0, 0, 0.0186915881932, 0, 0, 0.0467289723456, 0, 0, 0.0373831763864, 0, 0, 0.00934579409659, 0, 0, 0, 0, 0, 0, 0, 0, 0, 0, 0, 0, 0, 0, 0, 0, 0, 0, 0, 0, 0, 0, 0, 0, 0, 0, 0, 0, 0, 0, 0, 0, 0, 0, 0, 0, 0, 0, 0, 0, 0, 0, 0.00934579409659, 0, 0, 0, 0, 0, 0.0280373822898, 0, 0, 0, 0, 0, 0, 0.130841121078, 0, 0, 0, 0, 0, 0.0467289723456, 0, 0, 0, 0, 0, 0, 0, 0.00934579409659, 0, 0, 0, 0, 0, 0, 0, 0, 0, 0, 0, 0, 0, 0, 0, 0, 0, 0, 0, 0, 0, 0, 0, 0, 0, 0, 0, 0, 0, 0, 0, 0, 0, 0, 0, 0, 0, 0, 0, 0, 0, 0, 0, 0, 0, 0, 0, 0, 0, 0]
},
"tonal": {
    "chords_changes_rate": 0.182448029518,
    "chords_number_rate": 0.0138568133116,
    "chords_strength": {
        "mean": 0.432332158089,
        "stdev": 0.0904938131571
    },
    "hpcp_crest": {
        "mean": 15.6027803421,
        "stdev": 8.22235107422
    },
    "hpcp_entropy": {
        "mean": 1.83791434765,
        "stdev": 0.941033303738
    },
    "key_edma": {
        "strength": 0.334972053766,
        "key": "C",
        "scale": "minor"
    },
    "key_krumhansl": {
        "strength": 0.341130107641,
        "key": "C",
        "scale": "minor"
    },
    "key_temperley": {
        "strength": 0.364214301109,
        "key": "C",
        "scale": "minor"
    },
    "tuning_diatonic_strength": 0.527497470379,
    "tuning_equal_tempered_deviation": 0.223692283034,
    "tuning_frequency": 431.193908691,
    "tuning_nontempered_energy_ratio": 0.892011225224,
    "hpcp": {
        "mean": [0.142336294055, 0.12559260428, 0.103844642639, 0.0862114727497, 0.090200021863, 0.101508535445, 0.0891316756606, 0.0805655419827, 0.0920986458659, 0.099095530808, 0.0931734740734, 0.0909467414021, 0.0847030729055, 0.0820145905018, 0.0924100354314, 0.0929939448833, 0.0887420773506, 0.0863893032074, 0.0804987773299, 0.078537158668, 0.0779626145959, 0.0699561089277, 0.0685418024659, 0.0759910568595, 0.0898764804006, 0.101823352277, 0.106508769095, 0.131909713149, 0.148470982909, 0.147120833397, 0.17862264812, 0.192862957716, 0.187852531672, 0.197686478496, 0.179792553186, 0.153561711311],
        "stdev": [0.270639330149, 0.247740402818, 0.240448668599, 0.211769521236, 0.205825522542, 0.223955452442, 0.202128753066, 0.195948272943, 0.212860107422, 0.228170916438, 0.217470705509, 0.214516505599, 0.198668241501, 0.190174818039, 0.202294066548, 0.200224518776, 0.191085577011, 0.189258724451, 0.183886110783, 0.179771855474, 0.177965387702, 0.168020039797, 0.169196128845, 0.183128803968, 0.210123613477, 0.222660928965, 0.217994555831, 0.252335578203, 0.267810285091, 0.255097121, 0.291644752026, 0.301524996758, 0.300782591105, 0.306153833866, 0.297130554914, 0.273115217686]
    },
    "chords_histogram": [7.5442647934, 1.84757506847, 7.15935325623, 1.53964591026, 0.846805214882, 2.4634335041, 0.307929188013, 6.38953018188, 0.0769822970033, 16.5511932373, 5.85065412521, 12.4711313248, 6.08160114288, 0, 2.38645100594, 1.69361042976, 1.4626635313, 1.3086990118, 0.846805214882, 1.23171675205, 0.0769822970033, 7.15935325623, 10.1616630554, 4.54195547104],
    "thpcp": [1, 0.90948331356, 0.776794195175, 0.720010280609, 0.635312080383, 0.525299668312, 0.436102032661, 0.456278145313, 0.513482451439, 0.450873911381, 0.40754199028, 0.465882360935, 0.501276195049, 0.471319407225, 0.460055440664, 0.428471744061, 0.414872020483, 0.467457532883, 0.470411270857, 0.448903113604, 0.43700158596, 0.407204270363, 0.397281378508, 0.394375056028, 0.353874027729, 0.346719741821, 0.384401887655, 0.454641520977, 0.515074968338, 0.538776218891, 0.667267262936, 0.751042664051, 0.744212925434, 0.903565347195, 0.975600123405, 0.95025485754],
    "chords_key": "G",
    "chords_scale": "major"
}
}