{
"metadata": {
    "version": {
        "essentia": "2.1-dev",
        "essentia_git_sha": "v2.1_beta3-415-gd5473f3",
        "extractor": "music 2.0"
    },
    "audio_properties": {
        "analysis": {
            "equal_loudness": 0,
            "length": 62.3804092407,
            "sample_rate": 44100,
            "start_time": 0,
            "downmix": "mix"
        },
        "bit_rate": 192000,
        "length": 62.3804092407,
        "lossless": 0,
        "number_channels": 2,
        "replay_gain": -6.20775604248,
        "sample_rate": 44100,
        "codec": "mp3",
        "md5_encoded": "2b05f5af4a04fcd2e883d54194f9cc55"
    },
    "tags": {
        "file_name": "monologo_mujer_11.mp3",
        "date": ["2004"],
        "engineer": ["rosamerica tamyo"]
    }
},
"lowlevel": {
    "average_loudness": 0.978579699993,
    "barkbands_crest": {
        "mean": 12.3149995804,
        "stdev": 4.98959779739
    },
    "barkbands_flatness_db": {
        "mean": 0.189077928662,
        "stdev": 0.0702118054032
    },
    "barkbands_kurtosis": {
        "mean": 14.0383663177,
        "stdev": 32.8666000366
    },
    "barkbands_skewness": {
        "mean": 2.02303528786,
        "stdev": 2.6394007206
    },
    "barkbands_spread": {
        "mean": 22.9696216583,
        "stdev": 26.9194011688
    },
    "dissonance": {
        "mean": 0.40989908576,
        "stdev": 0.0711973831058
    },
    "dynamic_complexity": 3.85106825829,
    "erbbands_crest": {
        "mean": 11.3327455521,
        "stdev": 4.40915060043
    },
    "erbbands_flatness_db": {
        "mean": 0.205968588591,
        "stdev": 0.0588611923158
    },
    "erbbands_kurtosis": {
        "mean": 2.71439528465,
        "stdev": 6.13889694214
    },
    "erbbands_skewness": {
        "mean": 0.578304648399,
        "stdev": 1.29844105244
    },
    "erbbands_spread": {
        "mean": 31.5661563873,
        "stdev": 20.5787811279
    },
    "hfc": {
        "mean": 17.7625408173,
        "stdev": 16.0397186279
    },
    "loudness_ebu128": {
        "integrated": -18.3592376709,
        "loudness_range": 1.10766029358,
        "momentary": {
            "mean": -18.7492465973,
            "stdev": 2.19777584076
        },
        "short_term": {
            "mean": -18.4418029785,
            "stdev": 0.384586751461
        }
    },
    "melbands_crest": {
        "mean": 16.1375350952,
        "stdev": 6.38055467606
    },
    "melbands_flatness_db": {
        "mean": 0.252650111914,
        "stdev": 0.0933337286115
    },
    "melbands_kurtosis": {
        "mean": 17.8641967773,
        "stdev": 30.1160926819
    },
    "melbands_skewness": {
        "mean": 2.62175297737,
        "stdev": 2.16945171356
    },
    "melbands_spread": {
        "mean": 26.1641941071,
        "stdev": 37.5871505737
    },
    "pitch_salience": {
        "mean": 0.568992495537,
        "stdev": 0.155494809151
    },
    "silence_rate_20dB": {
        "mean": 1,
        "stdev": 0
    },
    "silence_rate_30dB": {
        "mean": 1,
        "stdev": 0
    },
    "silence_rate_60dB": {
        "mean": 0.160714283586,
        "stdev": 0.367265731096
    },
    "spectral_centroid": {
        "mean": 1310.25317383,
        "stdev": 1113.7520752
    },
    "spectral_complexity": {
        "mean": 8.89471721649,
        "stdev": 6.34098911285
    },
    "spectral_decrease": {
        "mean": -5.35227728804e-09,
        "stdev": 4.60369742328e-09
    },
    "spectral_energy": {
        "mean": 0.0218118168414,
        "stdev": 0.0184531677514
    },
    "spectral_energyband_high": {
        "mean": 0.000715492409654,
        "stdev": 0.00140025466681
    },
    "spectral_energyband_low": {
        "mean": 0.000221144029638,
        "stdev": 0.000441284995759
    },
    "spectral_energyband_middle_high": {
        "mean": 0.00437713507563,
        "stdev": 0.00652420241386
    },
    "spectral_energyband_middle_low": {
        "mean": 0.0169730335474,
        "stdev": 0.0149294994771
    },
    "spectral_entropy": {
        "mean": 7.02316522598,
        "stdev": 0.749067902565
    },
    "spectral_flux": {
        "mean": 0.0948566123843,
        "stdev": 0.0531104393303
    },
    "spectral_kurtosis": {
        "mean": 8.53663825989,
        "stdev": 8.22445774078
    },
    "spectral_rms": {
        "mean": 0.00401508854702,
        "stdev": 0.00227132439613
    },
    "spectral_rolloff": {
        "mean": 2935.15869141,
        "stdev": 4753.77832031
    },
    "spectral_skewness": {
        "mean": 1.91899704933,
        "stdev": 1.00046265125
    },
    "spectral_spread": {
        "mean": 3997958.5,
        "stdev": 1432945.5
    },
    "spectral_strongpeak": {
        "mean": 1.34369111061,
        "stdev": 1.21532773972
    },
    "zerocrossingrate": {
        "mean": 0.104746319354,
        "stdev": 0.107180535793
    },
    "barkbands": {
        "mean": [6.55741541777e-06, 5.9628921008e-05, 2.84874840872e-05, 0.000796428474132, 0.00664565339684, 0.00125340465456, 0.00336929154582, 0.00205907551572, 0.00226508639753, 0.00134278554469, 0.000361793267075, 0.00043042463949, 0.000498086214066, 0.000755882356316, 0.000320409337291, 0.000135552691063, 0.000158039532835, 0.000381845282391, 0.000180477189133, 0.000180201503099, 0.000226466989261, 0.000112290552352, 0.000127103616251, 6.9000016083e-05, 1.78368190973e-05, 9.33814044402e-06, 2.0673720428e-05],
        "stdev": [1.18061079775e-05, 0.000104327373265, 0.000105115243059, 0.00141496793367, 0.00808191578835, 0.00279301288538, 0.00676023541018, 0.00474234344438, 0.00522386282682, 0.00363666331396, 0.000950535701122, 0.000974455673713, 0.00127987319138, 0.00176384067163, 0.00088762154337, 0.000387304200558, 0.000398304779083, 0.00062293629162, 0.000375402596546, 0.000357971293852, 0.000472192361485, 0.000425158214057, 0.000453467102489, 0.000207428587601, 5.00737551192e-05, 2.94220844808e-05, 6.28002271696e-06]
    },
    "erbbands": {
        "mean": [0.00226702960208, 0.0120454188436, 0.0455844029784, 1.31600213051, 15.5635871887, 21.9750881195, 11.2505025864, 11.9685745239, 41.4058151245, 44.82787323, 55.3576850891, 52.0235786438, 49.2333984375, 23.3540668488, 15.8201208115, 18.253074646, 22.6616821289, 38.6859664917, 24.5435619354, 12.0453538895, 6.94612216949, 9.34158039093, 17.0019645691, 17.4981040955, 6.51926088333, 8.11352729797, 12.2927856445, 6.10834884644, 3.87993216515, 3.82060861588, 3.7837266922, 1.8700145483, 0.945427238941, 0.245578125119, 0.112796507776, 0.0626843124628, 0.0123532097787, 0.00067636242602, 0.000973610731307, 0.000643590348773],
        "stdev": [0.00407028477639, 0.020666891709, 0.0829379707575, 1.97144937515, 20.2179813385, 34.1230773926, 36.6689605713, 22.6523761749, 77.1418914795, 112.110588074, 116.378715515, 124.233833313, 124.271659851, 57.2488708496, 34.6509132385, 40.4349479675, 55.1428604126, 91.0602798462, 55.682674408, 31.982875824, 16.7435150146, 22.1151256561, 29.1197566986, 28.8194999695, 15.3829030991, 15.9336471558, 21.9313602448, 17.947101593, 14.7700576782, 14.2441720963, 13.2031002045, 6.06738138199, 2.69040799141, 0.692991435528, 0.324863731861, 0.192904800177, 0.0413992106915, 0.0021603172645, 0.00030068893102, 0.000190916049178]
    },
    "gfcc": {
        "mean": [-75.2632522583, 75.1663818359, -109.787399292, 8.38175296783, -61.6704750061, -23.7048168182, -33.4842605591, -11.6076812744, -19.8263454437, -15.7132072449, -1.80005931854, -21.1818561554, -4.54947137833],
        "cov": [[9750.54492188, 115.959571838, -3188.80639648, -230.305679321, -1849.53735352, -1.2251458168, -899.428833008, 400.812194824, -682.552978516, 45.4526901245, -392.607971191, -226.378982544, -363.095855713], [115.959571838, 2683.24169922, -331.465942383, -1311.18835449, 81.0563278198, -588.262084961, 18.7534217834, -292.879974365, -171.580718994, -442.162872314, 291.453979492, -301.867401123, 42.9191474915], [-3188.80639648, -331.465942383, 1748.52233887, 522.744018555, 480.637878418, 26.1050052643, 184.034179688, -116.320259094, 142.286880493, -7.87002515793, 50.4915161133, 162.477874756, 57.6343917847], [-230.305679321, -1311.18835449, 522.744018555, 1247.06750488, 19.0556278229, 14.0179758072, -100.03679657, 109.274681091, 83.4133377075, 122.463943481, -153.600601196, 159.223846436, -21.6084289551], [-1849.53735352, 81.0563278198, 480.637878418, 19.0556278229, 712.898803711, 28.1065368652, 123.359191895, -27.4060878754, 220.845413208, 43.5955696106, 1.93881654739, 10.5947523117, 90.4572143555], [-1.2251458168, -588.262084961, 26.1050052643, 14.0179758072, 28.1065368652, 569.119873047, 169.783630371, 31.0982704163, 67.8222503662, 119.147773743, -55.5190162659, 47.6015434265, -72.5088119507], [-899.428833008, 18.7534217834, 184.034179688, -100.03679657, 123.359191895, 169.783630371, 390.618103027, -60.07239151, 47.2136077881, 0.518362402916, 80.3471450806, -7.37147808075, -2.01826095581], [400.812194824, -292.879974365, -116.320259094, 109.274681091, -27.4060878754, 31.0982704163, -60.07239151, 194.969451904, 26.7227306366, 82.9774169922, -66.1708602905, 32.6228561401, 16.0269203186], [-682.552978516, -171.580718994, 142.286880493, 83.4133377075, 220.845413208, 67.8222503662, 47.2136077881, 26.7227306366, 232.252700806, 65.0852432251, -27.3722782135, 27.7234897614, 44.1143951416], [45.4526901245, -442.162872314, -7.87002515793, 122.463943481, 43.5955696106, 119.147773743, 0.518362402916, 82.9774169922, 65.0852432251, 255.72102356, -73.7624130249, 36.0639343262, -1.9366890192], [-392.607971191, 291.453979492, 50.4915161133, -153.600601196, 1.93881654739, -55.5190162659, 80.3471450806, -66.1708602905, -27.3722782135, -73.7624130249, 243.75491333, 14.2460002899, 5.92635059357], [-226.378982544, -301.867401123, 162.477874756, 159.223846436, 10.5947523117, 47.6015434265, -7.37147808075, 32.6228561401, 27.7234897614, 36.0639343262, 14.2460002899, 151.518859863, 28.595500946], [-363.095855713, 42.9191474915, 57.6343917847, -21.6084289551, 90.4572143555, -72.5088119507, -2.01826095581, 16.0269203186, 44.1143951416, -1.9366890192, 5.92635059357, 28.595500946, 163.580108643]],
        "icov": [[0.00176346686203, -0.00203404645436, 0.00241774972528, -0.00218616775237, 0.00238168379292, -0.00234893988818, 0.00191023817752, -0.00176948646549, 0.0017375163734, -0.00129681883845, 0.00157063815277, -0.000970781955402, 0.000774960557465], [-0.00203404645436, 0.00474847527221, -0.00295439502224, 0.00461797462776, -0.00324696255848, 0.00463337963447, -0.00215587136336, 0.00281817582436, -0.00187476002611, 0.00319931050763, -0.00226350361481, 0.00266690179706, -0.000403993180953], [0.00241774972528, -0.00295439502224, 0.00435345433652, -0.00357357086614, 0.00265424116515, -0.00327579979785, 0.00227073719725, -0.00179730576929, 0.00253177317791, -0.00173720589373, 0.00213677063584, -0.00229272944853, 0.00104023690801], [-0.00218616775237, 0.00461797462776, -0.00357357086614, 0.00583334406838, -0.00312038953416, 0.00486047193408, -0.00218349951319, 0.00243246671744, -0.00240054843016, 0.00287451245822, -0.00160880479962, 0.00159592390992, 4.08536361647e-05], [0.00238168379292, -0.00324696255848, 0.00265424116515, -0.00312038953416, 0.00591793190688, -0.00346108269878, 0.00232540024444, -0.00246873707511, 0.000282595254248, -0.00233876146376, 0.00230216211639, -0.000913824012969, 0.000227453405387], [-0.00234893988818, 0.00463337963447, -0.00327579979785, 0.00486047193408, -0.00346108269878, 0.00746446382254, -0.00388785544783, 0.0028580178041, -0.00277712219395, 0.00231256010011, -0.00149791280273, 0.00114946009126, 0.000890938157681], [0.00191023817752, -0.00215587136336, 0.00227073719725, -0.00218349951319, 0.00232540024444, -0.00388785544783, 0.00591663783416, -0.00135728111491, 0.00164837448392, -0.00142668944318, 0.000329202943249, -1.94009771803e-05, 0.000444052886451], [-0.00176948646549, 0.00281817582436, -0.00179730576929, 0.00243246671744, -0.00246873707511, 0.0028580178041, -0.00135728111491, 0.00932009052485, -0.00210147676989, 0.000302943895804, -0.000787568569649, 0.000203604329727, -0.00144715828355], [0.0017375163734, -0.00187476002611, 0.00253177317791, -0.00240054843016, 0.000282595254248, -0.00277712219395, 0.00164837448392, -0.00210147676989, 0.00872842036188, -0.00195867801085, 0.00171762669925, -0.00119063491002, -0.0002527050965], [-0.00129681883845, 0.00319931050763, -0.00173720589373, 0.00287451245822, -0.00233876146376, 0.00231256010011, -0.00142668944318, 0.000302943895804, -0.00195867801085, 0.00761789781973, -0.000628760957625, 0.00118935457431, -2.17943488678e-05], [0.00157063815277, -0.00226350361481, 0.00213677063584, -0.00160880479962, 0.00230216211639, -0.00149791280273, 0.000329202943249, -0.000787568569649, 0.00171762669925, -0.000628760957625, 0.00737115181983, -0.00333445658907, 0.00110422319267], [-0.000970781955402, 0.00266690179706, -0.00229272944853, 0.00159592390992, -0.000913824012969, 0.00114946009126, -1.94009771803e-05, 0.000203604329727, -0.00119063491002, 0.00118935457431, -0.00333445658907, 0.0116059975699, -0.00241415388882], [0.000774960557465, -0.000403993180953, 0.00104023690801, 4.08536361647e-05, 0.000227453405387, 0.000890938157681, 0.000444052886451, -0.00144715828355, -0.0002527050965, -2.17943488678e-05, 0.00110422319267, -0.00241415388882, 0.0084445765242]]
    },
    "melbands": {
        "mean": [1.83804804692e-05, 1.41418904605e-05, 0.000567928771488, 0.00155185128096, 0.000491477665491, 0.000281204353087, 0.000656267744489, 0.000459244969534, 0.000472531741252, 0.000306451023789, 0.000243873830186, 9.99368130579e-05, 5.03662849951e-05, 5.09058991156e-05, 4.57247078884e-05, 5.36471961823e-05, 7.49048485886e-05, 4.23241799581e-05, 2.17140022869e-05, 1.15217862913e-05, 7.28761642677e-06, 9.32582315727e-06, 1.07132682388e-05, 2.00026897801e-05, 1.39559933814e-05, 5.26649955646e-06, 3.56591249329e-06, 5.91314710618e-06, 8.42868030304e-06, 5.60596799914e-06, 2.88297201223e-06, 2.00932936423e-06, 2.35705488194e-06, 2.03300078283e-06, 2.45837031798e-06, 1.45600802171e-06, 1.03911008864e-06, 7.74788929903e-07, 3.40905927487e-07, 1.50670729226e-07],
        "stdev": [3.18488237099e-05, 3.19502396451e-05, 0.00078268739162, 0.00190729263704, 0.00133030989673, 0.000535414495971, 0.00121415383182, 0.00110948632937, 0.0010007857345, 0.000760829076171, 0.000636971089989, 0.000260440545389, 0.000120294571389, 0.000121752527775, 0.000124985395814, 0.00012664294627, 0.000186360339285, 0.000100957491668, 6.28632042208e-05, 3.48776375176e-05, 1.92021470866e-05, 2.4069337087e-05, 2.24489449465e-05, 3.44265681633e-05, 2.47193620453e-05, 1.40142974487e-05, 9.81215634965e-06, 1.2170359696e-05, 1.54585941345e-05, 1.28124938783e-05, 1.08208396341e-05, 8.26146424515e-06, 9.36270134844e-06, 8.13179121906e-06, 8.77762613527e-06, 5.07475442646e-06, 3.4633380892e-06, 2.26051088248e-06, 9.6220821888e-07, 4.59034566802e-07]
    },
    "melbands128": {
        "mean": [5.0813478083e-06, 1.85282042366e-05, 2.50522716669e-05, 1.64811699506e-05, 9.00936447579e-06, 1.70450657606e-05, 9.97952811304e-05, 0.000554452301003, 0.0017314349534, 0.00209676520899, 0.00126961863134, 0.000695795635693, 0.000367472617654, 0.000152941298438, 0.00016510594287, 0.000383166363463, 0.000621950544883, 0.000711654487532, 0.000729945546482, 0.000494937121402, 0.000295266945614, 0.000406673032558, 0.000551182602067, 0.000490449776407, 0.000344083993696, 0.000234342296608, 0.00021258990455, 0.000295728561468, 0.000233620783547, 0.000100996767287, 6.79153672536e-05, 5.12907099619e-05, 5.04144409206e-05, 4.71302046208e-05, 5.02683869854e-05, 5.63710418646e-05, 4.35435795225e-05, 4.29229367001e-05, 4.93080406159e-05, 4.73617001262e-05, 4.78364345327e-05, 6.92624744261e-05, 8.90003357199e-05, 7.04810445313e-05, 5.11108846695e-05, 3.91392895835e-05, 2.97563910863e-05, 2.39817109104e-05, 1.81392842933e-05, 1.19006999739e-05, 1.2739667909e-05, 8.42946246848e-06, 6.08240179645e-06, 7.32326452635e-06, 8.52299217513e-06, 9.87357816484e-06, 9.57526299317e-06, 9.40398240346e-06, 1.03467418739e-05, 1.46527181641e-05, 2.03806721402e-05, 2.5479690521e-05, 1.88380108739e-05, 9.88848296402e-06, 7.38368316888e-06, 5.04310446559e-06, 3.88479384128e-06, 4.10637539972e-06, 2.95764380098e-06, 3.62436298929e-06, 5.0622757044e-06, 7.1556301009e-06, 9.56160602072e-06, 8.33842659631e-06, 8.09051380202e-06, 6.1936630118e-06, 4.47095635536e-06, 3.19684204442e-06, 2.80537642539e-06, 2.43559725277e-06, 1.82465998932e-06, 1.68059648331e-06, 2.6397556212e-06, 2.40556323661e-06, 2.34847880165e-06, 1.7360507627e-06, 1.90489561191e-06, 2.54400993072e-06, 2.87286434286e-06, 2.10522262023e-06, 1.68306223713e-06, 1.25480994484e-06, 1.06469758521e-06, 1.03822981146e-06, 1.04924777133e-06, 9.23929917462e-07, 7.60038062708e-07, 4.93320271744e-07, 3.34203434704e-07, 2.79833102468e-07, 1.85254862117e-07, 1.25681040686e-07, 1.05189236876e-07, 1.17040166003e-07, 1.28638376395e-07, 1.26782168763e-07, 1.34873388902e-07, 1.28419401335e-07, 1.18910762126e-07, 9.5628074348e-08, 7.03205955688e-08, 4.2769631392e-08, 3.17052979426e-08, 2.67212740823e-08, 1.10280788945e-08, 9.19176124103e-10, 1.36534505923e-10, 3.44650835649e-11, 6.57430186679e-12, 4.71922556589e-10, 6.15048989516e-09, 8.2703408566e-09, 2.82287828668e-07, 5.32285014287e-07, 4.80823425519e-09, 3.56678442337e-09, 2.35794606063e-10, 3.59366594642e-12],
        "stdev": [9.65334311331e-06, 3.64030602213e-05, 4.4107393478e-05, 3.24546126649e-05, 2.2112579245e-05, 6.80114026181e-05, 0.000278972176602, 0.000980052049272, 0.00263085588813, 0.00328861898743, 0.00268268305808, 0.00226525985636, 0.00161833746824, 0.000828274700325, 0.000494363252074, 0.000919475744013, 0.00149196316488, 0.00176914467011, 0.00222813757136, 0.00175383093301, 0.0011271656258, 0.00124351726845, 0.00150461867452, 0.00150723499246, 0.0012039327994, 0.000952965521719, 0.000764221942518, 0.00102242792491, 0.000838998996187, 0.000357924291166, 0.000284506386379, 0.000202057577553, 0.000181123366929, 0.000162571435794, 0.000170832310687, 0.00019614957273, 0.000138961157063, 0.000157975300681, 0.000228713441174, 0.000164867044077, 0.000170563056599, 0.000227544704103, 0.000303020846331, 0.000240768044023, 0.000185546232387, 0.00013251179189, 0.000127800085465, 9.31295726332e-05, 8.0319972767e-05, 4.65493758384e-05, 5.29582321178e-05, 3.0438961403e-05, 2.18865807255e-05, 2.74515459751e-05, 3.04869117826e-05, 3.28073838318e-05, 3.15345569106e-05, 2.84382931568e-05, 2.57723913819e-05, 3.58974248229e-05, 4.80813723698e-05, 5.49622745893e-05, 4.32387860201e-05, 2.52594709309e-05, 2.29469042097e-05, 1.80956631084e-05, 1.34164429255e-05, 1.34915244416e-05, 9.50812864176e-06, 1.15924549391e-05, 1.29971258502e-05, 1.64359153132e-05, 2.32879610849e-05, 1.73499993252e-05, 1.73873377207e-05, 1.53115925059e-05, 1.3910659618e-05, 1.40700121847e-05, 1.24672023958e-05, 1.07270316221e-05, 8.57878512761e-06, 7.79501715442e-06, 1.24051211969e-05, 9.96411745291e-06, 1.01136492958e-05, 7.89496607467e-06, 8.69500490808e-06, 1.00377937997e-05, 1.08286685645e-05, 7.93043909653e-06, 6.66249934511e-06, 4.45077466793e-06, 3.89625029129e-06, 3.75232957595e-06, 3.82302596336e-06, 2.79242340184e-06, 2.31616218116e-06, 1.56840712862e-06, 9.5332870842e-07, 8.46150783218e-07, 5.85524958296e-07, 4.30644831795e-07, 3.53152387333e-07, 3.69675575485e-07, 4.02654450227e-07, 3.84413709753e-07, 4.46214500016e-07, 3.92785693748e-07, 4.0366572307e-07, 3.11761596095e-07, 2.45781109243e-07, 1.50494642526e-07, 1.18025674567e-07, 1.02102063693e-07, 4.35144720257e-08, 4.38140324022e-09, 3.65682789605e-10, 1.07369585445e-10, 3.21313253782e-11, 1.12205944536e-09, 1.00686072813e-08, 1.24325030271e-08, 8.73403109836e-08, 1.66474521279e-07, 8.02642485809e-09, 6.81120848611e-09, 5.93961768658e-10, 2.22174570408e-11]
    },
    "mfcc": {
        "mean": [-730.274108887, 119.797866821, -4.23149633408, 19.3798732758, -9.33425235748, -15.3635396957, -6.44488668442, -8.82080554962, -17.6393222809, 3.08589673042, -11.996430397, 3.23372006416, -17.3101444244],
        "cov": [[10953.9326172, -544.77722168, -2277.29833984, -848.327697754, -1184.33435059, -875.782775879, -440.513641357, -204.684265137, -558.804443359, 343.440246582, -448.697418213, 180.637969971, -726.849731445], [-544.77722168, 3396.87353516, -635.955871582, -837.323120117, -163.181518555, -528.953857422, 120.028549194, -162.089172363, -383.202941895, -52.127872467, -245.051452637, 57.690284729, -275.769134521], [-2277.29833984, -635.955871582, 1350.38171387, 505.155517578, 212.345809937, 296.119415283, 75.434463501, 99.92993927, 88.4001464844, -201.842254639, 114.071876526, -106.282562256, 262.520690918], [-848.327697754, -837.323120117, 505.155517578, 973.086425781, 297.394042969, -12.1928758621, -95.7170562744, -40.8829040527, 158.605102539, -194.032592773, 69.807182312, -33.7108039856, 136.300018311], [-1184.33435059, -163.181518555, 212.345809937, 297.394042969, 561.140136719, 79.5312805176, -94.6604537964, -8.47069454193, 192.950637817, -63.1027450562, 58.4914627075, -24.5542201996, 110.90045929], [-875.782775879, -528.953857422, 296.119415283, -12.1928758621, 79.5312805176, 562.95892334, 72.2975158691, 135.33883667, 127.967506409, 122.211257935, 163.338790894, -74.8227996826, 108.576164246], [-440.513641357, 120.028549194, 75.434463501, -95.7170562744, -94.6604537964, 72.2975158691, 270.767883301, 40.609249115, -52.9736404419, 29.9911174774, 13.5108537674, 2.79919981956, 29.3682537079], [-204.684265137, -162.089172363, 99.92993927, -40.8829040527, -8.47069454193, 135.33883667, 40.609249115, 216.099639893, -0.452070653439, 39.9567832947, 14.0175266266, -24.1040210724, 56.7465820312], [-558.804443359, -383.202941895, 88.4001464844, 158.605102539, 192.950637817, 127.967506409, -52.9736404419, -0.452070653439, 354.706268311, 40.5605545044, 48.6818809509, -24.9117107391, 69.4119720459], [343.440246582, -52.127872467, -201.842254639, -194.032592773, -63.1027450562, 122.211257935, 29.9911174774, 39.9567832947, 40.5605545044, 276.61895752, 41.3666191101, -4.29923725128, -41.9033813477], [-448.697418213, -245.051452637, 114.071876526, 69.807182312, 58.4914627075, 163.338790894, 13.5108537674, 14.0175266266, 48.6818809509, 41.3666191101, 222.446182251, -7.99624443054, 56.2300186157], [180.637969971, 57.690284729, -106.282562256, -33.7108039856, -24.5542201996, -74.8227996826, 2.79919981956, -24.1040210724, -24.9117107391, -4.29923725128, -7.99624443054, 161.776535034, -8.4473285675], [-726.849731445, -275.769134521, 262.520690918, 136.300018311, 110.90045929, 108.576164246, 29.3682537079, 56.7465820312, 69.4119720459, -41.9033813477, 56.2300186157, -8.4473285675, 191.851867676]],
        "icov": [[0.000327889400069, 0.000287620699964, 0.0003581023484, 0.000127876526676, 0.000367876025848, 0.000274835620075, 0.000423065852374, 5.74222976866e-05, 0.000348704052158, -0.000125559759908, 0.000276546168607, 6.19571801508e-05, 0.000392962014303], [0.000287620699964, 0.000805420218967, 0.000303226843243, 0.000633401796222, -4.07217266911e-05, 0.000647473963909, 3.69532390323e-05, 0.000245635863394, 0.000583064334933, 9.95724549284e-05, 0.000317846890539, 0.000196110704564, 0.000687548716087], [0.0003581023484, 0.000303226843243, 0.00185978051741, -0.000369767541997, 0.000422403536504, -0.000387572712498, 0.000129192805616, -5.97538601141e-05, 0.000556453131139, 0.000762204173952, 0.000301176332869, 0.000599312712438, -0.000613230396993], [0.000127876526676, 0.000633401796222, -0.000369767541997, 0.00226588407531, -0.000588028691709, 0.000932536961045, 0.000198874506168, 0.000391250650864, -9.89269537968e-05, 0.000760246941354, -0.00030892342329, 0.000260811764747, 0.000260969391093], [0.000367876025848, -4.07217266911e-05, 0.000422403536504, -0.000588028691709, 0.00334666366689, -0.000112162444566, 0.0013832784025, 0.000115581948194, -0.000765866250731, 7.29517196305e-05, 0.000103473597846, 6.18803096586e-05, -0.000676619296428], [0.000274835620075, 0.000647473963909, -0.000387572712498, 0.000932536961045, -0.000112162444566, 0.00423988793045, -0.000291034841212, -0.00112191145308, -0.000321381638059, -0.00122427160386, -0.00154416111764, 0.00103734363802, 0.000228593722568], [0.000423065852374, 3.69532390323e-05, 0.000129192805616, 0.000198874506168, 0.0013832784025, -0.000291034841212, 0.00527581153437, -0.000103273669083, 0.00085924542509, -0.000688445579726, 0.000399091775762, -0.000291565462248, -0.000665139348712], [5.74222976866e-05, 0.000245635863394, -5.97538601141e-05, 0.000391250650864, 0.000115581948194, -0.00112191145308, -0.000103273669083, 0.00622017169371, 0.000804251933005, -0.000677145726513, 0.00107505684718, 0.000392270856537, -0.00161815830506], [0.000348704052158, 0.000583064334933, 0.000556453131139, -9.89269537968e-05, -0.000765866250731, -0.000321381638059, 0.00085924542509, 0.000804251933005, 0.00469180708751, -0.0010800313903, 0.000713232671842, 0.000295582198305, -0.000406181410654], [-0.000125559759908, 9.95724549284e-05, 0.000762204173952, 0.000760246941354, 7.29517196305e-05, -0.00122427160386, -0.000688445579726, -0.000677145726513, -0.0010800313903, 0.0060713798739, -0.000961116340477, 0.00012179020996, 0.00104461447336], [0.000276546168607, 0.000317846890539, 0.000301176332869, -0.00030892342329, 0.000103473597846, -0.00154416111764, 0.000399091775762, 0.00107505684718, 0.000713232671842, -0.000961116340477, 0.00653247348964, -0.000460925977677, -0.000655907555483], [6.19571801508e-05, 0.000196110704564, 0.000599312712438, 0.000260811764747, 6.18803096586e-05, 0.00103734363802, -0.000291565462248, 0.000392270856537, 0.000295582198305, 0.00012179020996, -0.000460925977677, 0.00702620577067, -0.000818857748527], [0.000392962014303, 0.000687548716087, -0.000613230396993, 0.000260969391093, -0.000676619296428, 0.000228593722568, -0.000665139348712, -0.00161815830506, -0.000406181410654, 0.00104461447336, -0.000655907555483, -0.000818857748527, 0.00971662346274]]
    },
    "spectral_contrast_coeffs": {
        "mean": [-0.564174473286, -0.667887985706, -0.735532581806, -0.765915751457, -0.761342346668, -0.766867399216],
        "stdev": [0.155599445105, 0.154380127788, 0.125081822276, 0.0917944014072, 0.0725906938314, 0.0591292642057]
    },
    "spectral_contrast_valleys": {
        "mean": [-8.51684951782, -7.73625850677, -8.57789039612, -8.74052524567, -8.40578174591, -11.264793396],
        "stdev": [0.608066499233, 1.06497645378, 1.02884554863, 1.04761874676, 1.14461684227, 1.214884758]
    }
},
"rhythm": {
    "beats_count": 122,
    "beats_loudness": {
        "mean": 0.0323518291116,
        "stdev": 0.0157899279147
    },
    "bpm": 112.376594543,
    "bpm_histogram_first_peak_bpm": 112,
    "bpm_histogram_first_peak_weight": 0.439999997616,
    "bpm_histogram_second_peak_bpm": 129,
    "bpm_histogram_second_peak_spread": 0.592592597008,
    "bpm_histogram_second_peak_weight": 0.0909090936184,
    "danceability": 1.60304820538,
    "onset_rate": 6.04243946075,
    "beats_loudness_band_ratio": {
        "mean": [0.157420501113, 0.270645141602, 0.40116751194, 0.142956078053, 0.0683159306645, 0.0892785415053],
        "stdev": [0.180401086807, 0.193644106388, 0.216811925173, 0.158062785864, 0.0526373907924, 0.204599320889]
    },
    "beats_position": [0.53405892849, 1.06811785698, 1.60217678547, 2.11301589012, 2.61224484444, 3.1811337471, 3.76163268089, 4.34213161469, 4.94585037231, 5.5727891922, 6.21133756638, 6.84988641739, 7.45360517502, 8.05732440948, 8.64943313599, 9.24154186249, 9.84526062012, 10.4257593155, 11.0062580109, 11.5867567062, 12.202085495, 12.8174142838, 13.4327430725, 14.0248527527, 14.6053514481, 15.1974601746, 15.7663488388, 16.3584575653, 16.9273471832, 17.5078449249, 18.088344574, 18.6572322845, 19.1912918091, 19.6440811157, 20.1084804535, 20.5612697601, 21.0140590668, 21.4552383423, 21.8964176178, 22.3143768311, 22.7323360443, 23.1619052887, 23.5914726257, 24.009431839, 24.4273910522, 24.8801803589, 25.3097496033, 25.7509288788, 26.168888092, 26.6100673676, 27.0396366119, 27.4924259186, 27.9336051941, 28.4560546875, 28.9668922424, 29.5125617981, 30.0466213226, 30.5806789398, 31.0915184021, 31.6139678955, 32.1364173889, 32.6704750061, 33.204536438, 33.7153739929, 34.1797714233, 34.6441726685, 35.0853500366, 35.5381393433, 35.9909286499, 36.4437179565, 36.8732872009, 37.3028564453, 37.7324256897, 38.1503829956, 38.5683441162, 39.0559616089, 39.5435829163, 40.0079803467, 40.4723815918, 40.9367790222, 41.4243965149, 41.88879776, 42.3299751282, 42.7943763733, 43.2355537415, 43.6883430481, 44.129524231, 44.5823135376, 45.046710968, 45.5227203369, 45.9987297058, 46.532787323, 47.0668487549, 47.6009063721, 48.111743927, 48.6225852966, 49.1218147278, 49.6210403442, 50.1086616516, 50.6194992065, 51.1303405762, 51.6179580688, 52.1404075623, 52.6628570557, 53.1969146729, 53.7541923523, 54.2882537842, 54.8223114014, 55.367980957, 55.9136505127, 56.4593200684, 56.9817695618, 57.515827179, 57.9918365479, 58.4678459167, 58.9206352234, 59.3966445923, 59.884262085, 60.3486595154, 60.8362808228, 61.3006782532, 61.7882995605],
    "bpm_histogram": [0, 0, 0, 0, 0, 0, 0, 0, 0, 0, 0, 0, 0, 0, 0, 0, 0, 0, 0, 0, 0, 0, 0, 0, 0, 0, 0, 0, 0, 0, 0, 0, 0, 0, 0, 0, 0, 0, 0, 0, 0, 0, 0, 0, 0, 0, 0, 0, 0, 0, 0, 0, 0, 0, 0, 0, 0, 0, 0, 0, 0, 0, 0, 0, 0, 0, 0, 0, 0, 0, 0, 0, 0, 0, 0, 0, 0, 0, 0, 0, 0, 0, 0, 0, 0, 0, 0, 0, 0, 0, 0, 0, 0, 0, 0.0165289249271, 0, 0.00826446246356, 0, 0.024793388322, 0.0330578498542, 0, 0.0413223132491, 0, 0.0661156997085, 0, 0.0330578498542, 0, 0, 0.00826446246356, 0, 0.0330578498542, 0, 0.115702480078, 0, 0, 0.049586776644, 0, 0.0661156997085, 0, 0, 0.024793388322, 0, 0, 0.0661156997085, 0, 0, 0.0413223132491, 0, 0, 0.0909090936184, 0, 0, 0, 0.0909090936184, 0, 0, 0.0743801668286, 0, 0, 0, 0.0578512400389, 0, 0, 0, 0.0578512400389, 0, 0, 0, 0, 0, 0, 0, 0, 0, 0, 0, 0, 0, 0, 0, 0, 0, 0, 0, 0, 0, 0, 0, 0, 0, 0, 0, 0, 0, 0, 0, 0, 0, 0, 0, 0, 0, 0, 0, 0, 0, 0, 0, 0, 0, 0, 0, 0, 0, 0, 0, 0, 0, 0, 0, 0, 0, 0, 0, 0, 0, 0, 0, 0, 0, 0, 0, 0, 0, 0, 0, 0, 0, 0, 0, 0, 0, 0, 0, 0, 0, 0, 0, 0, 0, 0, 0, 0, 0, 0, 0, 0, 0, 0, 0, 0, 0, 0, 0, 0, 0, 0, 0, 0, 0]
},
"tonal": {
    "chords_changes_rate": 0.20000000298,
    "chords_number_rate": 0.014126393944,
    "chords_strength": {
        "mean": 0.429060548544,
        "stdev": 0.0879842713475
    },
    "hpcp_crest": {
        "mean": 16.0722312927,
        "stdev": 8.47601985931
    },
    "hpcp_entropy": {
        "mean": 1.7835534811,
        "stdev": 0.92505389452
    },
    "key_edma": {
        "strength": 0.313145816326,
        "key": "B",
        "scale": "minor"
    },
    "key_krumhansl": {
        "strength": 0.315869450569,
        "key": "B",
        "scale": "minor"
    },
    "key_temperley": {
        "strength": 0.32898080349,
        "key": "B",
        "scale": "minor"
    },
    "tuning_diatonic_strength": 0.423159331083,
    "tuning_equal_tempered_deviation": 0.205877065659,
    "tuning_frequency": 456.306610107,
    "tuning_nontempered_energy_ratio": 0.884301245213,
    "hpcp": {
        "mean": [0.102860555053, 0.0947870984674, 0.103734374046, 0.101720042527, 0.0881354063749, 0.0909128710628, 0.102509841323, 0.0935242623091, 0.0753786191344, 0.0715599581599, 0.0756229385734, 0.0776915848255, 0.07558888942, 0.072382286191, 0.075469955802, 0.082982391119, 0.0853962302208, 0.0828741341829, 0.0821051821113, 0.0801703184843, 0.0809632912278, 0.0895767807961, 0.0924133807421, 0.0932624563575, 0.11315305531, 0.126975104213, 0.132406070828, 0.159765481949, 0.176720738411, 0.184836506844, 0.20580534637, 0.187234342098, 0.15793594718, 0.153916731477, 0.129102140665, 0.111129514873],
        "stdev": [0.23706176877, 0.209928661585, 0.227091297507, 0.22571696341, 0.213678359985, 0.212979406118, 0.238502666354, 0.22219362855, 0.18909779191, 0.179686784744, 0.187693193555, 0.182520255446, 0.173743084073, 0.170182034373, 0.174105614424, 0.183902159333, 0.186864539981, 0.188573345542, 0.191983580589, 0.191145002842, 0.188962236047, 0.209131136537, 0.213869601488, 0.206992805004, 0.231351435184, 0.241790398955, 0.242500126362, 0.271018326283, 0.294389367104, 0.294373571873, 0.323131233454, 0.298716545105, 0.274353295565, 0.281769007444, 0.249086901546, 0.24010142684]
    },
    "chords_histogram": [7.73234224319, 4.75836420059, 11.6728620529, 0, 0.297397762537, 1.71003723145, 0.297397762537, 5.94795560837, 3.7918214798, 7.73234224319, 0.520446121693, 4.98141241074, 5.20446109772, 2.3791821003, 2.67657995224, 2.00743484497, 4.83271360397, 3.49442386627, 1.33828997612, 1.48698890209, 0.297397762537, 7.43494415283, 9.0706319809, 10.3345727921],
    "thpcp": [1, 0.909764230251, 0.76740449667, 0.747875273228, 0.6273021698, 0.539973914623, 0.499795347452, 0.460566759109, 0.504041194916, 0.494253635406, 0.428246438503, 0.441742032766, 0.498091250658, 0.454430669546, 0.366261720657, 0.347707003355, 0.367448866367, 0.377500325441, 0.367283403873, 0.351702660322, 0.36670550704, 0.403208136559, 0.414936900139, 0.402682125568, 0.398945808411, 0.389544397593, 0.393397420645, 0.435250014067, 0.44903293252, 0.453158557415, 0.549806177616, 0.616966962814, 0.643355846405, 0.776294112206, 0.858679056168, 0.898113250732],
    "chords_key": "F#",
    "chords_scale": "minor"
}
}