{
"metadata": {
    "version": {
        "essentia": "2.1-dev",
        "essentia_git_sha": "v2.1_beta3-415-gd5473f3",
        "extractor": "music 2.0"
    },
    "audio_properties": {
        "analysis": {
            "equal_loudness": 0,
            "length": 60.9697952271,
            "sample_rate": 44100,
            "start_time": 0,
            "downmix": "mix"
        },
        "bit_rate": 192000,
        "length": 60.9697952271,
        "lossless": 0,
        "number_channels": 2,
        "replay_gain": -5.70276260376,
        "sample_rate": 44100,
        "codec": "mp3",
        "md5_encoded": "9d0d5ef7f48633cffd4dc09a7d09453b"
    },
    "tags": {
        "file_name": "monologo_mujer_06.mp3",
        "date": ["2004"],
        "engineer": ["rosamerica tamyo"]
    }
},
"lowlevel": {
    "average_loudness": 0.977284431458,
    "barkbands_crest": {
        "mean": 11.3773155212,
        "stdev": 4.76272964478
    },
    "barkbands_flatness_db": {
        "mean": 0.189978092909,
        "stdev": 0.0738807171583
    },
    "barkbands_kurtosis": {
        "mean": 19.9919281006,
        "stdev": 45.3904304504
    },
    "barkbands_skewness": {
        "mean": 2.12473988533,
        "stdev": 3.1238515377
    },
    "barkbands_spread": {
        "mean": 21.4517097473,
        "stdev": 25.9607963562
    },
    "dissonance": {
        "mean": 0.405290544033,
        "stdev": 0.0762141570449
    },
    "dynamic_complexity": 3.93062996864,
    "erbbands_crest": {
        "mean": 10.9261980057,
        "stdev": 4.40460014343
    },
    "erbbands_flatness_db": {
        "mean": 0.205825641751,
        "stdev": 0.0585017539561
    },
    "erbbands_kurtosis": {
        "mean": 3.51454520226,
        "stdev": 7.22259187698
    },
    "erbbands_skewness": {
        "mean": 0.539214670658,
        "stdev": 1.49409866333
    },
    "erbbands_spread": {
        "mean": 28.1125164032,
        "stdev": 19.8717479706
    },
    "hfc": {
        "mean": 17.8946552277,
        "stdev": 17.8046321869
    },
    "loudness_ebu128": {
        "integrated": -18.3604373932,
        "loudness_range": 1.18355369568,
        "momentary": {
            "mean": -19.0863018036,
            "stdev": 3.00795578957
        },
        "short_term": {
            "mean": -18.5383033752,
            "stdev": 0.447074979544
        }
    },
    "melbands_crest": {
        "mean": 15.6789884567,
        "stdev": 6.47766256332
    },
    "melbands_flatness_db": {
        "mean": 0.257790744305,
        "stdev": 0.104274913669
    },
    "melbands_kurtosis": {
        "mean": 20.004776001,
        "stdev": 36.0635643005
    },
    "melbands_skewness": {
        "mean": 2.52354836464,
        "stdev": 2.3255841732
    },
    "melbands_spread": {
        "mean": 28.4915103912,
        "stdev": 42.4794845581
    },
    "pitch_salience": {
        "mean": 0.58478140831,
        "stdev": 0.160982131958
    },
    "silence_rate_20dB": {
        "mean": 1,
        "stdev": 0
    },
    "silence_rate_30dB": {
        "mean": 1,
        "stdev": 0
    },
    "silence_rate_60dB": {
        "mean": 0.171298056841,
        "stdev": 0.376773148775
    },
    "spectral_centroid": {
        "mean": 1274.12744141,
        "stdev": 1254.0670166
    },
    "spectral_complexity": {
        "mean": 8.89417552948,
        "stdev": 6.65105247498
    },
    "spectral_decrease": {
        "mean": -6.21165785475e-09,
        "stdev": 4.9544399694e-09
    },
    "spectral_energy": {
        "mean": 0.0250673126429,
        "stdev": 0.019553694874
    },
    "spectral_energyband_high": {
        "mean": 0.000837569183204,
        "stdev": 0.00213585002348
    },
    "spectral_energyband_low": {
        "mean": 0.00114591070451,
        "stdev": 0.00162708212156
    },
    "spectral_energyband_middle_high": {
        "mean": 0.00399643881246,
        "stdev": 0.00635435571894
    },
    "spectral_energyband_middle_low": {
        "mean": 0.02021920681,
        "stdev": 0.0163163710386
    },
    "spectral_entropy": {
        "mean": 6.99261140823,
        "stdev": 0.79125225544
    },
    "spectral_flux": {
        "mean": 0.0897042006254,
        "stdev": 0.0513935051858
    },
    "spectral_kurtosis": {
        "mean": 9.52870082855,
        "stdev": 8.2963142395
    },
    "spectral_rms": {
        "mean": 0.0043323142454,
        "stdev": 0.00238472758792
    },
    "spectral_rolloff": {
        "mean": 2989.74853516,
        "stdev": 4929.63964844
    },
    "spectral_skewness": {
        "mean": 2.0304684639,
        "stdev": 1.08418762684
    },
    "spectral_spread": {
        "mean": 3789283,
        "stdev": 1525892.375
    },
    "spectral_strongpeak": {
        "mean": 1.27440738678,
        "stdev": 1.24058628082
    },
    "zerocrossingrate": {
        "mean": 0.111580908298,
        "stdev": 0.139122083783
    },
    "barkbands": {
        "mean": [1.94857821043e-05, 0.0001061629373, 6.63862520014e-05, 0.00481443433091, 0.00616497267038, 0.00269842054695, 0.00154523225501, 0.00161478028167, 0.00294846156612, 0.00135685678106, 0.000596161640715, 0.000595415593125, 0.000378772732802, 0.000394028902519, 0.000290998461423, 0.000177768568392, 0.000184018121217, 0.000132198721985, 7.45052457205e-05, 0.000221544207307, 0.000226399366511, 0.000136890274007, 0.000127165680169, 0.000145945276017, 2.50907469308e-05, 2.09717472899e-06, 2.31141111726e-05],
        "stdev": [6.50964502711e-05, 0.000292594020721, 0.000157450282131, 0.00599948735908, 0.00709312688559, 0.00390538317151, 0.00401939777657, 0.00359274353832, 0.00548511696979, 0.00308224698529, 0.00135259644594, 0.00137316703331, 0.00100354116876, 0.000940406287555, 0.000747274258174, 0.000465809367597, 0.00034031222458, 0.000299177190755, 0.000265321665211, 0.000595701800194, 0.000579777173698, 0.000523783906829, 0.000582799839322, 0.000684699683916, 0.000111953791929, 9.97490315058e-06, 6.54559062241e-06]
    },
    "erbbands": {
        "mean": [0.00423406017944, 0.0224128551781, 0.168401956558, 6.62830638885, 29.9992027283, 13.6226892471, 5.27740573883, 30.777765274, 27.393863678, 24.8770618439, 35.8955841064, 68.1551818848, 54.4101524353, 36.9981880188, 26.0019359589, 23.3292617798, 18.249546051, 20.1827068329, 17.5307788849, 13.2162055969, 9.04261302948, 10.3901138306, 8.36049747467, 3.76606249809, 4.97958850861, 10.310795784, 11.0020866394, 7.57500219345, 5.12525272369, 4.26906108856, 3.52475261688, 3.37133312225, 1.95493483543, 0.46997064352, 0.088688954711, 0.0165479276329, 0.00323505606502, 0.000263019057456, 0.0010821800679, 0.000719103612937],
        "stdev": [0.0135041512549, 0.049622040242, 0.199335083365, 8.02825069427, 29.116941452, 24.9016895294, 9.48337459564, 45.2777633667, 61.3408241272, 52.280796051, 79.2895965576, 132.254348755, 114.975814819, 77.1312484741, 56.5248718262, 53.9611549377, 46.3513526917, 46.173374176, 40.6960029602, 34.6350479126, 19.3652553558, 18.8497581482, 18.2866191864, 9.89315509796, 19.2406959534, 27.5306377411, 25.8185558319, 23.3097076416, 19.2365207672, 18.3141136169, 16.8707313538, 16.1746807098, 9.28812408447, 2.09215211868, 0.398954838514, 0.0747283697128, 0.0153019251302, 0.000839160638861, 0.000316514226142, 0.000198495748919]
    },
    "gfcc": {
        "mean": [-75.1482315063, 89.2450561523, -104.245063782, 8.17430973053, -58.5053520203, -17.5084114075, -28.935087204, -16.8989715576, -17.4784660339, -20.2677726746, -10.8765773773, -23.4763641357, 4.73264694214],
        "cov": [[8835.68945312, 1528.96459961, -2381.00390625, -398.344085693, -1397.73449707, 75.4244308472, -874.829589844, 191.587402344, -526.121643066, -238.588729858, -376.927490234, -346.738494873, -296.416473389], [1528.96459961, 3193.76953125, -352.383483887, -1515.42578125, 187.111083984, -551.614257812, -323.38079834, -254.509658813, -230.567565918, -442.923217773, -86.3197479248, -183.482131958, -130.512084961], [-2381.00390625, -352.383483887, 1396.54443359, 520.258728027, 211.079116821, -61.2771034241, 134.779388428, -72.3954162598, 114.375846863, 36.7667160034, 98.4878616333, 153.935394287, 40.5596847534], [-398.344085693, -1515.42578125, 520.258728027, 1389.0748291, -151.89994812, -1.9839451313, 10.3186969757, 64.615272522, 49.1695976257, 179.494842529, 29.2458553314, 96.3855285645, 51.9044837952], [-1397.73449707, 187.111083984, 211.079116821, -151.89994812, 571.354125977, -98.8044281006, 62.7036323547, -49.7155075073, 91.8568649292, 2.72974181175, 19.7495861053, 33.5153846741, 54.6791648865], [75.4244308472, -551.614257812, -61.2771034241, -1.9839451313, -98.8044281006, 537.839599609, 172.030792236, 50.1426734924, 91.3951721191, 65.076713562, -9.16015052795, 29.5102729797, -34.0283889771], [-874.829589844, -323.38079834, 134.779388428, 10.3186969757, 62.7036323547, 172.030792236, 347.738311768, -3.57965540886, 36.1303329468, 46.1651496887, 66.4442977905, 38.4780464172, 11.9127836227], [191.587402344, -254.509658813, -72.3954162598, 64.615272522, -49.7155075073, 50.1426734924, -3.57965540886, 174.128326416, 29.186340332, 45.7646713257, 13.3900728226, 22.7613983154, 15.1632118225], [-526.121643066, -230.567565918, 114.375846863, 49.1695976257, 91.8568649292, 91.3951721191, 36.1303329468, 29.186340332, 191.863128662, 59.8819618225, 4.79846954346, 41.4832763672, 21.3556270599], [-238.588729858, -442.923217773, 36.7667160034, 179.494842529, 2.72974181175, 65.076713562, 46.1651496887, 45.7646713257, 59.8819618225, 177.267486572, 20.4381790161, 16.422460556, 47.6196174622], [-376.927490234, -86.3197479248, 98.4878616333, 29.2458553314, 19.7495861053, -9.16015052795, 66.4442977905, 13.3900728226, 4.79846954346, 20.4381790161, 126.685844421, 35.141708374, 12.3735389709], [-346.738494873, -183.482131958, 153.935394287, 96.3855285645, 33.5153846741, 29.5102729797, 38.4780464172, 22.7613983154, 41.4832763672, 16.422460556, 35.141708374, 104.792861938, 11.7070875168], [-296.416473389, -130.512084961, 40.5596847534, 51.9044837952, 54.6791648865, -34.0283889771, 11.9127836227, 15.1632118225, 21.3556270599, 47.6196174622, 12.3735389709, 11.7070875168, 103.692977905]],
        "icov": [[0.00288107478991, -0.00378752639517, 0.0040715765208, -0.00406454689801, 0.0039148600772, -0.00383122311905, 0.00317883910611, -0.00312195019796, 0.00266025564633, -0.00228828913532, 0.00212598592043, -0.00153408886399, 0.00110281864181], [-0.00378752639517, 0.00670450786129, -0.00570329418406, 0.00704703526571, -0.005103782285, 0.00626878393814, -0.00344834802672, 0.00493010319769, -0.00320137175731, 0.00440474925563, -0.00263401446864, 0.00269427453168, -0.000614696298726], [0.0040715765208, -0.00570329418406, 0.00699147209525, -0.00653258897364, 0.00524413213134, -0.00546747632325, 0.004062844906, -0.00391725031659, 0.00323927029967, -0.00318323960528, 0.00255389814265, -0.00335148209706, 0.00141070003156], [-0.00406454689801, 0.00704703526571, -0.00653258897364, 0.00853337720037, -0.00501040508971, 0.00678752828389, -0.00366059364751, 0.00502906460315, -0.00331410462968, 0.00350408442318, -0.00251612742431, 0.00227527343668, -0.000794109189883], [0.0039148600772, -0.005103782285, 0.00524413213134, -0.00501040508971, 0.00785520020872, -0.00441439123824, 0.00377086410299, -0.00367725430988, 0.00231332308613, -0.00310493027791, 0.00316317821853, -0.00248862989247, 0.000590599724092], [-0.00383122311905, 0.00626878393814, -0.00546747632325, 0.00678752828389, -0.00441439123824, 0.00902071036398, -0.00535920914263, 0.00439655268565, -0.0047242087312, 0.00329715386033, -0.00165845348965, 0.00183824228588, 0.000389252760215], [0.00317883910611, -0.00344834802672, 0.004062844906, -0.00366059364751, 0.00377086410299, -0.00535920914263, 0.00814942736179, -0.00259531103075, 0.00366787961684, -0.00247776019387, 0.000401187629905, -0.00157836638391, 0.0011988732731], [-0.00312195019796, 0.00493010319769, -0.00391725031659, 0.00502906460315, -0.00367725430988, 0.00439655268565, -0.00259531103075, 0.0109058562666, -0.00354623654857, 0.00207282975316, -0.00306178699248, 0.000226408636081, -0.00150079885498], [0.00266025564633, -0.00320137175731, 0.00323927029967, -0.00331410462968, 0.00231332308613, -0.0047242087312, 0.00366787961684, -0.00354623654857, 0.0102286078036, -0.00382364238612, 0.00268549169414, -0.00295649468899, 0.000956804142334], [-0.00228828913532, 0.00440474925563, -0.00318323960528, 0.00350408442318, -0.00310493027791, 0.00329715386033, -0.00247776019387, 0.00207282975316, -0.00382364238612, 0.0118794869632, -0.0026101435069, 0.00303674302995, -0.0035047410056], [0.00212598592043, -0.00263401446864, 0.00255389814265, -0.00251612742431, 0.00316317821853, -0.00165845348965, 0.000401187629905, -0.00306178699248, 0.00268549169414, -0.0026101435069, 0.0117935910821, -0.00374816334806, 0.00087342079496], [-0.00153408886399, 0.00269427453168, -0.00335148209706, 0.00227527343668, -0.00248862989247, 0.00183824228588, -0.00157836638391, 0.000226408636081, -0.00295649468899, 0.00303674302995, -0.00374816334806, 0.0148610481992, -0.000774687738158], [0.00110281864181, -0.000614696298726, 0.00141070003156, -0.000794109189883, 0.000590599724092, 0.000389252760215, 0.0011988732731, -0.00150079885498, 0.000956804142334, -0.0035047410056, 0.00087342079496, -0.000774687738158, 0.0131621165201]]
    },
    "melbands": {
        "mean": [3.3887092286e-05, 2.89355339191e-05, 0.0020826777909, 0.00170692510437, 0.000211154256249, 0.000644915795419, 0.000395902752643, 0.000293281016639, 0.000288585200906, 0.000455311412225, 0.000266681512585, 0.000152970460476, 8.31712168292e-05, 7.00345772202e-05, 5.07705299242e-05, 3.58099641744e-05, 3.79851771868e-05, 2.91599499178e-05, 2.06018175959e-05, 1.44950963659e-05, 9.81796074484e-06, 1.09017228169e-05, 9.70354631136e-06, 5.57662633582e-06, 2.63545916823e-06, 3.02536318486e-06, 4.5687970669e-06, 7.57997167966e-06, 7.46432124288e-06, 5.63754701943e-06, 3.88683065466e-06, 2.97437213703e-06, 2.38788334173e-06, 2.42132250605e-06, 2.1461551114e-06, 1.64886375842e-06, 2.3526847599e-06, 1.62185506269e-06, 7.73723343173e-07, 2.4569411039e-07],
        "stdev": [9.88746542134e-05, 5.55459955649e-05, 0.00221068575047, 0.00181032915134, 0.000443158554845, 0.000924896332435, 0.000889986928087, 0.000611933297478, 0.000648665009066, 0.000884734094143, 0.000577122147661, 0.000334150769049, 0.000180396862561, 0.000165118879522, 0.000125045989989, 8.75647747307e-05, 9.06726127141e-05, 7.09524028935e-05, 5.42725792911e-05, 4.13466477767e-05, 2.08776764339e-05, 2.03593008337e-05, 2.02999926842e-05, 1.36067046697e-05, 7.86817690823e-06, 1.22147675938e-05, 1.94064923562e-05, 2.01318398467e-05, 1.84399195859e-05, 1.59820065164e-05, 1.35263280754e-05, 1.15839457067e-05, 9.53916060098e-06, 1.15377861221e-05, 1.1016721146e-05, 7.9910569184e-06, 1.27662251543e-05, 8.6215986812e-06, 4.08196137869e-06, 1.10026189759e-06]
    },
    "melbands128": {
        "mean": [1.60969975695e-05, 3.5784119973e-05, 4.20466894866e-05, 2.95377030852e-05, 1.77312213054e-05, 4.07267580158e-05, 0.000718735449482, 0.00324540841393, 0.00359129416756, 0.00175955810118, 0.00067352980841, 0.000152685752255, 6.26156033832e-05, 0.000218718399992, 0.000816612795461, 0.000775165681262, 0.000520314904861, 0.000354788731784, 0.000216421816731, 0.000250697281444, 0.000359311379725, 0.000337509496603, 0.000253851467278, 0.000239399596467, 0.000444162549684, 0.000583304499742, 0.000385858322261, 0.000206649987376, 0.000180580827873, 0.000203780567972, 0.000132105138618, 7.87248645793e-05, 7.64161668485e-05, 9.09281952772e-05, 7.98620749265e-05, 6.04123379162e-05, 6.39341305941e-05, 5.14847270097e-05, 4.43735916633e-05, 3.63165308954e-05, 3.33391144522e-05, 3.4902295738e-05, 4.07585430366e-05, 3.91065477743e-05, 3.03618926409e-05, 2.96116450045e-05, 2.44505627052e-05, 2.07661287277e-05, 1.93426512851e-05, 1.69462546182e-05, 1.54090357682e-05, 9.90029911918e-06, 9.07841422304e-06, 9.82971414487e-06, 1.114942188e-05, 1.13846754175e-05, 1.01017194538e-05, 1.07938085421e-05, 9.50786125031e-06, 7.8845077951e-06, 5.76017146159e-06, 3.69230906472e-06, 2.57179704022e-06, 2.36647838392e-06, 2.55270515481e-06, 3.0698813589e-06, 3.06629112856e-06, 3.92823039874e-06, 4.74899525216e-06, 5.71291866436e-06, 7.02985880707e-06, 9.06470359041e-06, 8.8391443569e-06, 7.00784539731e-06, 6.06557296123e-06, 5.94579751123e-06, 5.43862870472e-06, 4.57550640931e-06, 3.63964795724e-06, 3.22612027048e-06, 3.13838950206e-06, 2.85245073428e-06, 2.61474383478e-06, 2.24447671826e-06, 2.33388664128e-06, 2.18531113205e-06, 2.59006355918e-06, 2.67690666078e-06, 2.0063091597e-06, 1.99907140086e-06, 1.52303425693e-06, 1.56158989739e-06, 1.75701131866e-06, 2.33115633819e-06, 2.89379158858e-06, 2.25349936045e-06, 1.20392769531e-06, 9.01355235783e-07, 9.17561351343e-07, 6.58938745346e-07, 3.18506238273e-07, 1.82891440659e-07, 1.27083410462e-07, 1.11685366733e-07, 8.91592080166e-08, 7.97719508228e-08, 5.1618037844e-08, 3.55294993426e-08, 1.88149069658e-08, 1.39934765997e-08, 1.35170230564e-08, 1.20202461318e-08, 1.05026671804e-08, 6.61073906727e-09, 3.5803939813e-09, 6.94062363138e-10, 1.82593329345e-10, 3.20633519735e-11, 8.21342299728e-12, 5.72631664308e-10, 7.22581106061e-09, 9.53376932955e-09, 3.14930133527e-07, 5.94795096731e-07, 5.45693801257e-09, 4.20422319181e-09, 2.91015295195e-10, 3.82852083369e-12],
        "stdev": [5.62321620237e-05, 0.000129792577354, 0.000121441131341, 7.24933197489e-05, 4.34859612142e-05, 0.000101129066024, 0.00114691222552, 0.00398626504466, 0.00396196730435, 0.00301040685736, 0.00203220802359, 0.000795513216872, 0.000305188761558, 0.000484195305035, 0.00136192154605, 0.00145490013529, 0.00132258795202, 0.00132288481109, 0.00090194598306, 0.000755157496314, 0.000996083603241, 0.00102555053309, 0.000882077787537, 0.000931270129513, 0.00120344094466, 0.00148540944792, 0.00113712821621, 0.000759274931625, 0.000627091038041, 0.000589378993027, 0.000378555472707, 0.00027984456392, 0.000239925240749, 0.000301332416711, 0.000288082781481, 0.000209127334529, 0.000221069640247, 0.000170263461769, 0.000199049158255, 0.000130468717543, 0.000116644980153, 0.000122691621073, 0.000132451634272, 0.000132596629555, 0.0001052496591, 0.000102811842225, 8.26238392619e-05, 7.67246237956e-05, 6.82099489495e-05, 6.63381579216e-05, 6.05851455475e-05, 2.91125852527e-05, 2.67573941528e-05, 2.49938238994e-05, 2.72959896392e-05, 2.66577590082e-05, 2.3087262889e-05, 2.76376122201e-05, 2.43258582486e-05, 2.36596988543e-05, 1.75574168679e-05, 1.14992044473e-05, 8.07023934613e-06, 8.93143442227e-06, 1.02669837361e-05, 1.54492172442e-05, 1.2970386706e-05, 1.7912918338e-05, 2.68693984253e-05, 2.20957354031e-05, 2.29767429119e-05, 2.55199265666e-05, 2.84032685158e-05, 1.89285055967e-05, 1.63842541951e-05, 1.80561819434e-05, 1.96047822101e-05, 1.67370944837e-05, 1.45398453242e-05, 1.31637025333e-05, 1.36721491799e-05, 1.1926525076e-05, 1.187502221e-05, 9.42646875046e-06, 1.19113647088e-05, 1.17693762149e-05, 1.31850974867e-05, 1.60240342666e-05, 1.15331431516e-05, 1.48591016114e-05, 8.9440463853e-06, 7.95997493697e-06, 9.35796560952e-06, 1.52946668095e-05, 2.03198087547e-05, 1.58601214935e-05, 6.77747129885e-06, 5.27763859282e-06, 5.69697931496e-06, 3.48497860614e-06, 1.4752191646e-06, 8.99731560366e-07, 7.75422222432e-07, 7.00493160366e-07, 4.00192078587e-07, 3.9663075313e-07, 2.42437693032e-07, 1.81560878332e-07, 1.05784458526e-07, 6.734307334e-08, 6.38787369667e-08, 6.83378615918e-08, 5.9297597943e-08, 3.11945527187e-08, 1.66190528006e-08, 2.69030286937e-09, 5.96984184309e-10, 1.28717980719e-10, 3.35917335614e-11, 1.30078470217e-09, 1.14561533593e-08, 1.42427358796e-08, 9.13308184636e-08, 1.73512603396e-07, 9.06227537456e-09, 7.69170860337e-09, 7.17609360823e-10, 1.24307231175e-11]
    },
    "mfcc": {
        "mean": [-729.43560791, 132.502456665, 0.923749029636, 16.5067310333, -9.89152431488, -7.05747699738, -7.19632673264, -11.1348352432, -1.68924307823, -5.86896324158, -19.5489711761, 0.528232753277, -13.5580291748],
        "cov": [[10291.2128906, 481.224304199, -1532.36999512, -1040.08935547, -792.183837891, -735.886108398, -433.321685791, -244.348754883, -409.634094238, 104.487312317, -439.472106934, -29.0482978821, -478.656188965], [481.224304199, 4142.60107422, -867.953918457, -1007.73010254, 34.7425956726, -578.932189941, -207.427642822, -165.118804932, -282.957519531, -362.681762695, -294.583007812, 15.3056278229, -251.22593689], [-1532.36999512, -867.953918457, 1264.15356445, 550.981384277, 63.9861488342, 244.674865723, 32.915096283, 104.000907898, 40.2295150757, -44.0849075317, 94.4398727417, 41.6561317444, 126.12021637], [-1040.08935547, -1007.73010254, 550.981384277, 1085.06933594, 200.608291626, 12.5948448181, 8.07025051117, -90.6161422729, 61.1914138794, -97.8415222168, 24.1096668243, 40.0599212646, 79.7008132935], [-792.183837891, 34.7425956726, 63.9861488342, 200.608291626, 392.088592529, 9.05596542358, -72.3548202515, -18.372385025, 62.1199264526, -42.5790023804, 26.4400463104, -7.25488185883, 28.7433872223], [-735.886108398, -578.932189941, 244.674865723, 12.5948448181, 9.05596542358, 447.400177002, 82.3581161499, 115.434906006, 88.491607666, 116.779823303, 117.427124023, -42.5428504944, 56.0020179749], [-433.321685791, -207.427642822, 32.915096283, 8.07025051117, -72.3548202515, 82.3581161499, 257.542205811, 47.2793540955, 3.63757061958, 44.3827934265, 45.4042320251, -1.51962327957, 40.8580436707], [-244.348754883, -165.118804932, 104.000907898, -90.6161422729, -18.372385025, 115.434906006, 47.2793540955, 229.428695679, 3.09142374992, 50.8201828003, 65.9490814209, -23.4363746643, 40.4930038452], [-409.634094238, -282.957519531, 40.2295150757, 61.1914138794, 62.1199264526, 88.491607666, 3.63757061958, 3.09142374992, 182.054992676, 51.9588508606, 40.9583511353, 6.50938463211, 36.2283248901], [104.487312317, -362.681762695, -44.0849075317, -97.8415222168, -42.5790023804, 116.779823303, 44.3827934265, 50.8201828003, 51.9588508606, 224.959228516, 63.0186729431, -24.194021225, 29.2758407593], [-439.472106934, -294.583007812, 94.4398727417, 24.1096668243, 26.4400463104, 117.427124023, 45.4042320251, 65.9490814209, 40.9583511353, 63.0186729431, 161.199172974, -5.9458117485, 49.3345031738], [-29.0482978821, 15.3056278229, 41.6561317444, 40.0599212646, -7.25488185883, -42.5428504944, -1.51962327957, -23.4363746643, 6.50938463211, -24.194021225, -5.9458117485, 123.546661377, 3.97395181656], [-478.656188965, -251.22593689, 126.12021637, 79.7008132935, 28.7433872223, 56.0020179749, 40.8580436707, 40.4930038452, 36.2283248901, 29.2758407593, 49.3345031738, 3.97395181656, 136.653091431]],
        "icov": [[0.000236430671066, 0.000159014074598, 0.000172702639247, 0.000161476345966, 0.000306674832245, 0.000241633184487, 0.000401089899242, 3.91993562516e-05, 0.000344523403328, -0.000117980409414, 0.000290308700642, -1.29872580601e-06, 0.000401014724048], [0.000159014074598, 0.000682105019223, 0.000163629170856, 0.000729003688321, -0.000176919114892, 0.000467283593025, 0.000256217375863, 0.000194138250663, 0.000570729549509, 0.00067858863622, 0.000451063970104, -3.93390764657e-05, 0.000487976853037], [0.000172702639247, 0.000163629170856, 0.00148113653995, -0.00050288363127, 0.000415543239797, -0.000542207737453, 0.000574729405344, -0.000517020118423, 0.00052846345352, 0.000450690917205, 0.000122579876916, -0.000492759107146, -0.000318345264532], [0.000161476345966, 0.000729003688321, -0.00050288363127, 0.00228908099234, -0.000783738796599, 0.000719052564818, -6.90351225785e-05, 0.00104010116775, 0.000322087958921, 0.00104899564758, 0.000377947144443, -2.5866622309e-05, 0.000171669817064], [0.000306674832245, -0.000176919114892, 0.000415543239797, -0.000783738796599, 0.00398898497224, 3.45700136677e-05, 0.00157413969282, -0.000127300969325, -0.000742977834307, 0.000149323677761, -0.000494215462822, 0.000498334760778, -0.000134693385917], [0.000241633184487, 0.000467283593025, -0.000542207737453, 0.000719052564818, 3.45700136677e-05, 0.00427312450483, -0.000266667484539, -0.000597016129177, -0.000741102965549, -0.000772424682509, -0.000823430076707, 0.00112436607014, 0.000911198731046], [0.000401089899242, 0.000256217375863, 0.000574729405344, -6.90351225785e-05, 0.00157413969282, -0.000266667484539, 0.00543921953067, -0.000359255442163, 0.000931858259719, -0.000378597876988, -0.000172131869476, -0.000226418866077, -0.000453081738669], [3.91993562516e-05, 0.000194138250663, -0.000517020118423, 0.00104010116775, -0.000127300969325, -0.000597016129177, -0.000359255442163, 0.00612627109513, 0.000828629999887, -3.8336525904e-05, -0.00125008798204, 0.000682963756844, -0.000851742515806], [0.000344523403328, 0.000570729549509, 0.00052846345352, 0.000322087958921, -0.000742977834307, -0.000741102965549, 0.000931858259719, 0.000828629999887, 0.00788407865912, -0.00105056073517, 0.000172030937392, -0.00100305886008, -0.000381775491405], [-0.000117980409414, 0.00067858863622, 0.000450690917205, 0.00104899564758, 0.000149323677761, -0.000772424682509, -0.000378597876988, -3.8336525904e-05, -0.00105056073517, 0.00739076547325, -0.00124129035976, 0.000591050193179, -0.00065768591594], [0.000290308700642, 0.000451063970104, 0.000122579876916, 0.000377947144443, -0.000494215462822, -0.000823430076707, -0.000172131869476, -0.00125008798204, 0.000172030937392, -0.00124129035976, 0.00962041132152, -0.000464700948214, -0.000863482884597], [-1.29872580601e-06, -3.93390764657e-05, -0.000492759107146, -2.5866622309e-05, 0.000498334760778, 0.00112436607014, -0.000226418866077, 0.000682963756844, -0.00100305886008, 0.000591050193179, -0.000464700948214, 0.00897104013711, -0.000261099281488], [0.000401014724048, 0.000487976853037, -0.000318345264532, 0.000171669817064, -0.000134693385917, 0.000911198731046, -0.000453081738669, -0.000851742515806, -0.000381775491405, -0.00065768591594, -0.000863482884597, -0.000261099281488, 0.0104174362496]]
    },
    "spectral_contrast_coeffs": {
        "mean": [-0.562086105347, -0.67538100481, -0.736323833466, -0.788875579834, -0.78574436903, -0.769919514656],
        "stdev": [0.161118492484, 0.145899534225, 0.119797773659, 0.0780464857817, 0.0627137497067, 0.0528281293809]
    },
    "spectral_contrast_valleys": {
        "mean": [-8.33667087555, -7.67418432236, -8.27486801147, -8.57561302185, -8.43371582031, -11.1976623535],
        "stdev": [0.73759996891, 1.08575451374, 1.05675411224, 1.04021203518, 1.03870332241, 1.09896588326]
    }
},
"rhythm": {
    "beats_count": 138,
    "beats_loudness": {
        "mean": 0.0325059145689,
        "stdev": 0.0175203718245
    },
    "bpm": 128.830581665,
    "bpm_histogram_first_peak_bpm": 129,
    "bpm_histogram_first_peak_weight": 0.437499940395,
    "bpm_histogram_second_peak_bpm": 161,
    "bpm_histogram_second_peak_spread": 0.409090876579,
    "bpm_histogram_second_peak_weight": 0.094890512526,
    "danceability": 1.44747889042,
    "onset_rate": 5.93567085266,
    "beats_loudness_band_ratio": {
        "mean": [0.352866262197, 0.235524654388, 0.227331504226, 0.113379441202, 0.0535672307014, 0.123343966901],
        "stdev": [0.246212720871, 0.178327739239, 0.169367924333, 0.126320019364, 0.0676992982626, 0.258661955595]
    },
    "beats_position": [0.290249437094, 0.603718817234, 0.9287981987, 1.26548755169, 1.60217678547, 1.92725622654, 2.2523355484, 2.57741498947, 2.90249419212, 3.22757363319, 3.55265307426, 3.90095233917, 4.22603178024, 4.6439909935, 5.06195020676, 5.46829938889, 5.87464857101, 6.29260778427, 6.6989569664, 7.12852573395, 7.50004529953, 7.87156438828, 8.24308395386, 8.60299301147, 8.95129203796, 9.31120204926, 9.67111110687, 10.0542402267, 10.4257593155, 10.774058342, 11.1455783844, 11.5170974731, 11.8770065308, 12.2485256195, 12.6200447083, 12.9915647507, 13.3514738083, 13.6765527725, 14.0480718613, 14.4195919037, 14.7911109924, 15.2555103302, 15.696688652, 16.1378688812, 16.5906581879, 17.0434455872, 17.5078449249, 17.9374141693, 18.390203476, 18.8546028137, 19.3422222137, 19.8298416138, 20.3406791687, 20.8282985687, 21.3159179688, 21.7803173065, 22.2447166443, 22.7091159821, 23.1735134125, 23.6379127502, 24.0326519012, 24.4506111145, 24.8569602966, 25.2633094788, 25.6580486298, 26.0527877808, 26.4475269318, 26.8422679901, 27.22539711, 27.6085262299, 27.9916553497, 28.3747844696, 28.7695236206, 29.1874828339, 29.593832016, 30.0001811981, 30.383310318, 30.7664394379, 31.1379585266, 31.5326976776, 31.9274368286, 32.322177887, 32.7053070068, 33.0884361267, 33.4831733704, 33.8779144287, 34.3887519836, 34.8995895386, 35.3988189697, 35.8980484009, 36.4088897705, 36.8965072632, 37.3957366943, 37.8949661255, 38.3941955566, 38.8702049255, 39.3578224182, 39.8338317871, 40.309841156, 40.7742385864, 41.2386398315, 41.703037262, 42.1674385071, 42.6318359375, 43.0962333679, 43.5722427368, 44.0366439819, 44.5126533508, 44.9770507812, 45.4182319641, 45.8710212708, 46.3238105774, 46.7649879456, 47.2061653137, 47.6821746826, 48.1581840515, 48.6225852966, 49.0869827271, 49.5629920959, 50.0390014648, 50.5498390198, 51.0606803894, 51.5715179443, 52.1752357483, 52.8021774292, 53.4058952332, 54.0096130371, 54.6133308411, 55.2170524597, 55.8207702637, 56.4244880676, 57.0049858093, 57.5854873657, 58.1659851074, 58.7348747253, 59.3037643433, 59.8726501465, 60.4415397644],
    "bpm_histogram": [0, 0, 0, 0, 0, 0, 0, 0, 0, 0, 0, 0, 0, 0, 0, 0, 0, 0, 0, 0, 0, 0, 0, 0, 0, 0, 0, 0, 0, 0, 0, 0, 0, 0, 0, 0, 0, 0, 0, 0, 0, 0, 0, 0, 0, 0, 0, 0, 0, 0, 0, 0, 0, 0, 0, 0, 0, 0, 0, 0, 0, 0, 0, 0, 0, 0, 0, 0, 0, 0, 0, 0, 0, 0, 0, 0, 0, 0, 0, 0, 0, 0, 0, 0, 0, 0, 0, 0, 0, 0, 0, 0, 0, 0, 0, 0, 0.00729927001521, 0, 0, 0.0510948896408, 0, 0, 0, 0.02189780958, 0, 0.0291970800608, 0, 0, 0, 0, 0, 0, 0, 0, 0, 0, 0, 0.0510948896408, 0, 0, 0.0364963486791, 0, 0, 0.0437956191599, 0, 0, 0.0656934306026, 0, 0, 0.131386861205, 0, 0, 0, 0.0364963486791, 0, 0, 0.0364963486791, 0, 0, 0, 0.0145985400304, 0, 0, 0, 0.0364963486791, 0, 0, 0, 0.0510948896408, 0, 0, 0, 0.0802919715643, 0, 0, 0, 0, 0.0656934306026, 0, 0, 0, 0.094890512526, 0, 0, 0, 0, 0, 0.0364963486791, 0, 0, 0, 0, 0.02189780958, 0, 0, 0, 0, 0, 0.0145985400304, 0, 0, 0, 0, 0, 0, 0.0656934306026, 0, 0, 0, 0, 0, 0.00729927001521, 0, 0, 0, 0, 0, 0, 0, 0, 0, 0, 0, 0, 0, 0, 0, 0, 0, 0, 0, 0, 0, 0, 0, 0, 0, 0, 0, 0, 0, 0, 0, 0, 0, 0, 0, 0, 0, 0, 0, 0, 0, 0, 0, 0, 0, 0, 0, 0, 0, 0, 0, 0, 0, 0, 0, 0, 0, 0]
},
"tonal": {
    "chords_changes_rate": 0.138508364558,
    "chords_number_rate": 0.00989345554262,
    "chords_strength": {
        "mean": 0.508068084717,
        "stdev": 0.109442807734
    },
    "hpcp_crest": {
        "mean": 17.0235328674,
        "stdev": 9.15862464905
    },
    "hpcp_entropy": {
        "mean": 1.71798121929,
        "stdev": 0.998202264309
    },
    "key_edma": {
        "strength": 0.373751282692,
        "key": "F",
        "scale": "minor"
    },
    "key_krumhansl": {
        "strength": 0.380083292723,
        "key": "F",
        "scale": "minor"
    },
    "key_temperley": {
        "strength": 0.378170311451,
        "key": "F",
        "scale": "minor"
    },
    "tuning_diatonic_strength": 0.523035645485,
    "tuning_equal_tempered_deviation": 0.178170338273,
    "tuning_frequency": 436.456176758,
    "tuning_nontempered_energy_ratio": 0.878623187542,
    "hpcp": {
        "mean": [0.108140394092, 0.0931586176157, 0.0812026411295, 0.0753950476646, 0.0733962282538, 0.0696678459644, 0.0685088559985, 0.076379776001, 0.0860060229897, 0.0880260169506, 0.0795124322176, 0.0687841400504, 0.0700605735183, 0.0677374452353, 0.0581276491284, 0.0555856488645, 0.0628949031234, 0.0633844286203, 0.0588351972401, 0.0595123097301, 0.0670633837581, 0.0879759266973, 0.118026606739, 0.182004824281, 0.224945783615, 0.205045476556, 0.198281407356, 0.202398896217, 0.166601538658, 0.14894720912, 0.152382522821, 0.132492512465, 0.123254097998, 0.123419307172, 0.122743196785, 0.120068334043],
        "stdev": [0.223742172122, 0.210386812687, 0.195447742939, 0.184484377503, 0.181717827916, 0.177981480956, 0.174717247486, 0.182164475322, 0.194228172302, 0.188216462731, 0.178976073861, 0.156939893961, 0.163244381547, 0.157256171107, 0.135884806514, 0.131458029151, 0.14359678328, 0.145154997706, 0.141193822026, 0.146192476153, 0.167143344879, 0.20509749651, 0.244258180261, 0.304018229246, 0.344645649195, 0.312387913465, 0.313819140196, 0.328701913357, 0.286870807409, 0.274219125509, 0.284543514252, 0.25829526782, 0.250129163265, 0.253545105457, 0.244082316756, 0.240418612957]
    },
    "chords_histogram": [38.4322662354, 0, 0, 0.684931516647, 0, 0.837138533592, 1.67427706718, 13.5464229584, 0.45662099123, 2.51141548157, 4.49010658264, 0.38051751256, 2.66362261772, 2.28310513496, 8.0669708252, 0.0761035010219, 0.532724499702, 4.18569231033, 1.14155256748, 0.0761035010219, 0.38051751256, 3.19634699821, 1.902587533, 12.4809741974],
    "thpcp": [1, 0.911532878876, 0.881463110447, 0.899767458439, 0.740629732609, 0.662147164345, 0.677418887615, 0.588997542858, 0.547928035259, 0.548662483692, 0.54565680027, 0.533765673637, 0.480739802122, 0.41413807869, 0.360987603664, 0.33516985178, 0.326284080744, 0.309709489346, 0.304557204247, 0.339547485113, 0.382341116667, 0.391321033239, 0.353473752737, 0.305780977011, 0.311455368996, 0.301127880812, 0.258407384157, 0.247106865048, 0.279600262642, 0.281776458025, 0.261552780867, 0.264562904835, 0.2981313169, 0.391098350286, 0.524689137936, 0.809105277061],
    "chords_key": "F",
    "chords_scale": "minor"
}
}