{
"metadata": {
    "version": {
        "essentia": "2.1-dev",
        "essentia_git_sha": "v2.1_beta3-415-gd5473f3",
        "extractor": "music 2.0"
    },
    "audio_properties": {
        "analysis": {
            "equal_loudness": 0,
            "length": 60.316734314,
            "sample_rate": 44100,
            "start_time": 0,
            "downmix": "mix"
        },
        "bit_rate": 192000,
        "length": 60.316734314,
        "lossless": 0,
        "number_channels": 2,
        "replay_gain": -6.49290657043,
        "sample_rate": 44100,
        "codec": "mp3",
        "md5_encoded": "4f5648c811ec29de0c76ba663721b908"
    },
    "tags": {
        "file_name": "monologo_mujer_13.mp3",
        "date": ["2004"],
        "engineer": ["rosamerica tamyo"]
    }
},
"lowlevel": {
    "average_loudness": 0.976790785789,
    "barkbands_crest": {
        "mean": 11.5984773636,
        "stdev": 4.56975221634
    },
    "barkbands_flatness_db": {
        "mean": 0.192946076393,
        "stdev": 0.0747244358063
    },
    "barkbands_kurtosis": {
        "mean": 15.4090919495,
        "stdev": 28.9866027832
    },
    "barkbands_skewness": {
        "mean": 1.84487128258,
        "stdev": 2.69134306908
    },
    "barkbands_spread": {
        "mean": 20.8071651459,
        "stdev": 24.4825706482
    },
    "dissonance": {
        "mean": 0.407164663076,
        "stdev": 0.0742335990071
    },
    "dynamic_complexity": 4.19204568863,
    "erbbands_crest": {
        "mean": 12.0689191818,
        "stdev": 4.64709615707
    },
    "erbbands_flatness_db": {
        "mean": 0.21793423593,
        "stdev": 0.060096077621
    },
    "erbbands_kurtosis": {
        "mean": 4.07968378067,
        "stdev": 7.88805246353
    },
    "erbbands_skewness": {
        "mean": 0.561591148376,
        "stdev": 1.56997907162
    },
    "erbbands_spread": {
        "mean": 27.1284637451,
        "stdev": 19.3558368683
    },
    "hfc": {
        "mean": 16.2796173096,
        "stdev": 15.5744934082
    },
    "loudness_ebu128": {
        "integrated": -18.3242282867,
        "loudness_range": 1.27000236511,
        "momentary": {
            "mean": -18.8235149384,
            "stdev": 2.38374447823
        },
        "short_term": {
            "mean": -18.4406585693,
            "stdev": 0.439097583294
        }
    },
    "melbands_crest": {
        "mean": 14.794213295,
        "stdev": 6.05540275574
    },
    "melbands_flatness_db": {
        "mean": 0.247121840715,
        "stdev": 0.106983818114
    },
    "melbands_kurtosis": {
        "mean": 13.2109251022,
        "stdev": 20.1241416931
    },
    "melbands_skewness": {
        "mean": 2.08183431625,
        "stdev": 1.90296423435
    },
    "melbands_spread": {
        "mean": 28.2613563538,
        "stdev": 38.4099693298
    },
    "pitch_salience": {
        "mean": 0.588728845119,
        "stdev": 0.144642516971
    },
    "silence_rate_20dB": {
        "mean": 1,
        "stdev": 0
    },
    "silence_rate_30dB": {
        "mean": 0.999615252018,
        "stdev": 0.019611556083
    },
    "silence_rate_60dB": {
        "mean": 0.210465565324,
        "stdev": 0.407632559538
    },
    "spectral_centroid": {
        "mean": 1375.11889648,
        "stdev": 1293.0189209
    },
    "spectral_complexity": {
        "mean": 7.96844959259,
        "stdev": 6.01748275757
    },
    "spectral_decrease": {
        "mean": -5.13624609511e-09,
        "stdev": 4.76543560168e-09
    },
    "spectral_energy": {
        "mean": 0.0208619683981,
        "stdev": 0.0190491378307
    },
    "spectral_energyband_high": {
        "mean": 0.000584248860832,
        "stdev": 0.00135298760142
    },
    "spectral_energyband_low": {
        "mean": 0.000282297929516,
        "stdev": 0.000719639589079
    },
    "spectral_energyband_middle_high": {
        "mean": 0.00304134120233,
        "stdev": 0.00527618732303
    },
    "spectral_energyband_middle_low": {
        "mean": 0.0174090489745,
        "stdev": 0.0165571738034
    },
    "spectral_entropy": {
        "mean": 7.00275659561,
        "stdev": 0.823312759399
    },
    "spectral_flux": {
        "mean": 0.0863369256258,
        "stdev": 0.0533732287586
    },
    "spectral_kurtosis": {
        "mean": 9.33133602142,
        "stdev": 10.3064346313
    },
    "spectral_rms": {
        "mean": 0.00386098888703,
        "stdev": 0.00233364710584
    },
    "spectral_rolloff": {
        "mean": 3007.2565918,
        "stdev": 4670.87304688
    },
    "spectral_skewness": {
        "mean": 1.96357560158,
        "stdev": 1.17687308788
    },
    "spectral_spread": {
        "mean": 3868728.75,
        "stdev": 1539684.625
    },
    "spectral_strongpeak": {
        "mean": 1.4837141037,
        "stdev": 1.36177945137
    },
    "zerocrossingrate": {
        "mean": 0.114012636244,
        "stdev": 0.113909319043
    },
    "barkbands": {
        "mean": [2.38652546614e-06, 1.05617464214e-05, 3.72793329007e-05, 0.00159170571715, 0.00489159394056, 0.00176661636215, 0.00160583492834, 0.00408032210544, 0.00291092274711, 0.000852655735798, 0.00033047577017, 0.000210943107959, 0.000195834989427, 0.000451431784313, 0.000483193784021, 0.000216764703509, 0.000154658846441, 0.000320482446114, 0.000131480686832, 7.92173450463e-05, 0.000144994162838, 0.000166452533449, 0.000117464493087, 7.77391032898e-05, 8.93552078196e-06, 1.79855499027e-06, 2.02499722946e-05],
        "stdev": [1.21670018416e-05, 2.01005059353e-05, 0.000105405102659, 0.0024667060934, 0.006323100999, 0.00366401136853, 0.00399396754801, 0.00784860551357, 0.00700030336156, 0.00242262124084, 0.00119294773322, 0.00071814697003, 0.000589387025684, 0.00125529698562, 0.00122602051124, 0.000673565198667, 0.000462761847302, 0.000659294077195, 0.00029326940421, 0.000230319841648, 0.000319572543958, 0.000599053804763, 0.000379754579626, 0.000236944426433, 2.60614342551e-05, 4.90955790156e-06, 5.40271003047e-06]
    },
    "erbbands": {
        "mean": [0.000326159468386, 0.00376554625109, 0.0635331273079, 2.31017327309, 19.1409702301, 10.7932348251, 2.50589847565, 18.8297386169, 31.1325187683, 28.1767807007, 106.580810547, 62.0784568787, 49.5363769531, 14.1173210144, 11.1933984756, 8.88338470459, 8.96619033813, 18.9791049957, 31.0556373596, 17.4169254303, 10.3787002563, 8.77811050415, 14.4481287003, 14.4987316132, 4.14295959473, 3.74207401276, 5.91920614243, 5.37546300888, 5.42916345596, 4.8407664299, 3.31551527977, 2.41680669785, 0.852888524532, 0.177500635386, 0.0358035564423, 0.0105408811942, 0.00326611218043, 0.000266667862888, 0.000946644111536, 0.000628700829111],
        "stdev": [0.000506263633724, 0.00577338505536, 0.105412051082, 3.4074344635, 22.9446811676, 20.1329975128, 7.35403060913, 36.9948158264, 66.5446472168, 56.1677398682, 203.168930054, 158.834960938, 119.965927124, 38.0642356873, 40.4846839905, 30.7140827179, 25.9884796143, 49.9396324158, 80.0978775024, 43.9030532837, 28.266664505, 22.7403793335, 31.2060241699, 27.7110061646, 11.3534708023, 10.718085289, 12.3296489716, 14.4364786148, 19.6744804382, 18.1858539581, 10.3103103638, 7.3417634964, 2.92286324501, 0.527557790279, 0.117615059018, 0.0357315540314, 0.00835973769426, 0.000545661721844, 0.000261841138126, 0.000164811252034]
    },
    "gfcc": {
        "mean": [-87.2126159668, 74.4335098267, -112.810531616, 7.50573825836, -69.3780288696, -29.2876987457, -38.2860031128, -15.314371109, -7.00016450882, -25.0042114258, -12.9015693665, -32.0078773499, -8.99961853027],
        "cov": [[8231.55175781, 466.447021484, -2552.60986328, -183.129928589, -1463.01611328, -52.6826629639, -905.65032959, 457.724700928, -284.577545166, -178.825012207, -317.946868896, -317.843505859, -321.974212646], [466.447021484, 3044.56591797, -6.60332775116, -1458.92163086, 125.859527588, -649.210144043, -60.9199676514, -243.370285034, -225.980392456, -318.128387451, 140.96647644, -409.491821289, -124.660415649], [-2552.60986328, -6.60332775116, 1582.57592773, 348.035919189, 210.772232056, -80.2708129883, 110.093711853, -161.432357788, 92.1835098267, -7.77441644669, 94.3365097046, 146.190475464, 14.8959779739], [-183.129928589, -1458.92163086, 348.035919189, 1203.2734375, -115.886497498, 108.29120636, -72.0656890869, 109.647239685, 141.777893066, 94.4926986694, -85.4182357788, 203.090072632, 21.6776733398], [-1463.01611328, 125.859527588, 210.772232056, -115.886497498, 608.643188477, 28.7565097809, 185.221389771, -69.3038787842, 36.3372573853, 9.82603263855, 29.5046844482, -4.68508863449, 83.0250015259], [-52.6826629639, -649.210144043, -80.2708129883, 108.29120636, 28.7565097809, 471.318511963, 140.124542236, -25.4439048767, 0.966339707375, 104.496520996, -34.4641723633, 58.7872047424, -1.02872359753], [-905.65032959, -60.9199676514, 110.093711853, -72.0656890869, 185.221389771, 140.124542236, 423.974822998, -124.180099487, -76.7933807373, 85.3349227905, 44.0109367371, 18.855430603, 32.3177032471], [457.724700928, -243.370285034, -161.432357788, 109.647239685, -69.3038787842, -25.4439048767, -124.180099487, 223.172241211, 49.0514907837, -38.8319282532, -29.5052623749, 47.29870224, 18.5183563232], [-284.577545166, -225.980392456, 92.1835098267, 141.777893066, 36.3372573853, 0.966339707375, -76.7933807373, 49.0514907837, 191.271865845, 16.1105365753, -14.0251970291, 53.2699317932, 27.789024353], [-178.825012207, -318.128387451, -7.77441644669, 94.4926986694, 9.82603263855, 104.496520996, 85.3349227905, -38.8319282532, 16.1105365753, 171.017303467, -4.55100917816, 16.9159908295, 22.7433128357], [-317.946868896, 140.96647644, 94.3365097046, -85.4182357788, 29.5046844482, -34.4641723633, 44.0109367371, -29.5052623749, -14.0251970291, -4.55100917816, 119.809516907, 6.01713705063, -14.8924922943], [-317.843505859, -409.491821289, 146.190475464, 203.090072632, -4.68508863449, 58.7872047424, 18.855430603, 47.29870224, 53.2699317932, 16.9159908295, 6.01713705063, 165.646972656, 31.691947937], [-321.974212646, -124.660415649, 14.8959779739, 21.6776733398, 83.0250015259, -1.02872359753, 32.3177032471, 18.5183563232, 27.789024353, 22.7433128357, -14.8924922943, 31.691947937, 119.559745789]],
        "icov": [[0.00193220598157, -0.00225988263264, 0.00265945121646, -0.00230166409165, 0.00268049282022, -0.00228598574176, 0.00208538025618, -0.00188571715262, 0.00179533869959, -0.00118549121544, 0.00184891745448, -0.000944077852182, 0.00106920825783], [-0.00225988263264, 0.00559579068795, -0.00366210890934, 0.00540778785944, -0.00322552397847, 0.00532083725557, -0.00245474977419, 0.00366465421394, -0.00180718838237, 0.00362623645924, -0.00195102090947, 0.00360773154534, 0.000136911956361], [0.00265945121646, -0.00366210890934, 0.00475942809135, -0.00401240773499, 0.00343322474509, -0.00333389244042, 0.002822665032, -0.00183007260785, 0.00208225031383, -0.00165004690643, 0.0019433706766, -0.00257781543769, 0.00134103861637], [-0.00230166409165, 0.00540778785944, -0.00401240773499, 0.00660646753386, -0.00306857051328, 0.00511060422286, -0.00237937178463, 0.0030754590407, -0.00216670846567, 0.00266511645168, -0.000966663181316, 0.00227703363635, 0.000356498261681], [0.00268049282022, -0.00322552397847, 0.00343322474509, -0.00306857051328, 0.00610355706885, -0.00341348466463, 0.0018442813307, -0.00256303139031, 0.00150772405323, -0.00112088629976, 0.00238279299811, -0.000638351833913, -5.65052469028e-05], [-0.00228598574176, 0.00532083725557, -0.00333389244042, 0.00511060422286, -0.00341348466463, 0.00806833151728, -0.00332129723392, 0.00374457519501, -0.0019423943013, 0.00212654052302, -0.000874301651493, 0.00203335983679, 0.00103708682582], [0.00208538025618, -0.00245474977419, 0.002822665032, -0.00237937178463, 0.0018442813307, -0.00332129723392, 0.00662852264941, -0.000643806008156, 0.00391805451363, -0.00266350666061, 0.00101342413109, -0.0020837741904, 0.000409470667364], [-0.00188571715262, 0.00366465421394, -0.00183007260785, 0.0030754590407, -0.00256303139031, 0.00374457519501, -0.000643806008156, 0.00993330776691, -0.00239593209699, 0.00389485317282, -0.00159937061835, -0.000165250268765, -0.00147876003757], [0.00179533869959, -0.00180718838237, 0.00208225031383, -0.00216670846567, 0.00150772405323, -0.0019423943013, 0.00391805451363, -0.00239593209699, 0.00912509858608, -0.00225120526738, 0.0018879531417, -0.00208885036409, 0.000428468018072], [-0.00118549121544, 0.00362623645924, -0.00165004690643, 0.00266511645168, -0.00112088629976, 0.00212654052302, -0.00266350666061, 0.00389485317282, -0.00225120526738, 0.0108167827129, -0.00157125329133, 0.00321944290772, -0.00135935016442], [0.00184891745448, -0.00195102090947, 0.0019433706766, -0.000966663181316, 0.00238279299811, -0.000874301651493, 0.00101342413109, -0.00159937061835, 0.0018879531417, -0.00157125329133, 0.012426530011, -0.0026139121037, 0.00329043646343], [-0.000944077852182, 0.00360773154534, -0.00257781543769, 0.00227703363635, -0.000638351833913, 0.00203335983679, -0.0020837741904, -0.000165250268765, -0.00208885036409, 0.00321944290772, -0.0026139121037, 0.0129360053688, -0.00170428445563], [0.00106920825783, 0.000136911956361, 0.00134103861637, 0.000356498261681, -5.65052469028e-05, 0.00103708682582, 0.000409470667364, -0.00147876003757, 0.000428468018072, -0.00135935016442, 0.00329043646343, -0.00170428445563, 0.0123415654525]]
    },
    "melbands": {
        "mean": [2.7675396268e-06, 1.12783618533e-05, 0.000934018287808, 0.00125374365598, 0.000110090993985, 0.000431870168541, 0.000442264805315, 0.000406976032536, 0.000869242299814, 0.000368644279661, 0.000237881657085, 5.2210445574e-05, 4.27509694418e-05, 2.58754917013e-05, 1.85270746442e-05, 2.2431517209e-05, 3.50941190845e-05, 5.21748188476e-05, 3.07144946419e-05, 1.71626816154e-05, 1.14527392725e-05, 8.65855599841e-06, 1.04028340502e-05, 1.57633221534e-05, 1.18389925774e-05, 2.9619882298e-06, 2.3828358735e-06, 2.44946318162e-06, 3.57315752808e-06, 3.46740421264e-06, 3.15765328196e-06, 2.87668058263e-06, 3.50733671439e-06, 2.24010796046e-06, 1.79706216841e-06, 2.03265085474e-06, 1.23071515645e-06, 6.68805569148e-07, 2.85150008494e-07, 9.83373880103e-08],
        "stdev": [5.03223964188e-06, 2.70552318398e-05, 0.00114722840954, 0.0016128399875, 0.000382929865737, 0.000841260887682, 0.000934448384214, 0.000835702521726, 0.00169466191437, 0.00095155875897, 0.000593677104916, 0.000150889594806, 0.000156465961481, 9.32128386921e-05, 5.99659579166e-05, 6.32135779597e-05, 9.52489863266e-05, 0.000143246099469, 7.62632116675e-05, 5.41116824024e-05, 3.5296605347e-05, 2.49022450589e-05, 2.70477121376e-05, 3.22783853335e-05, 2.35372153838e-05, 7.96589938545e-06, 8.40358097776e-06, 7.39138704375e-06, 7.627591458e-06, 7.90366084402e-06, 9.85287260846e-06, 1.08688545879e-05, 1.36239668791e-05, 8.79747585714e-06, 5.82564643992e-06, 6.25203119853e-06, 3.87138470614e-06, 2.42944111051e-06, 9.52261984821e-07, 2.79652368818e-07]
    },
    "melbands128": {
        "mean": [1.22285291582e-06, 1.91599656318e-06, 3.35640584126e-06, 4.50046809419e-06, 7.05635056875e-06, 2.30081022892e-05, 0.000179516122444, 0.00112109433394, 0.00244979048148, 0.00160564482212, 0.000463820353616, 0.000134347646963, 3.7838548451e-05, 3.87209511246e-05, 0.000292549142614, 0.00078112835763, 0.000746298057493, 0.000346356042428, 0.000192319683265, 0.000168196289451, 0.000472514948342, 0.00102845742367, 0.00103032577317, 0.000614797521848, 0.000322624546243, 0.000289796938887, 0.000400847959099, 0.000254477083217, 9.37475124374e-05, 3.7830475776e-05, 4.30775871791e-05, 6.25159445917e-05, 4.79554000776e-05, 2.53819071077e-05, 2.26337724598e-05, 3.09637762257e-05, 2.15352229134e-05, 1.58929124154e-05, 1.88350841199e-05, 1.72350428329e-05, 1.779395825e-05, 3.61787897418e-05, 3.97629301006e-05, 2.73383138847e-05, 4.55888111901e-05, 6.82711688569e-05, 4.58638751297e-05, 3.28404457832e-05, 2.18890036194e-05, 2.23101142183e-05, 1.85374319699e-05, 9.76999490376e-06, 1.06521783891e-05, 1.34787205752e-05, 1.00692386695e-05, 7.78066896601e-06, 7.32674425308e-06, 9.74790600594e-06, 1.11275730887e-05, 1.24638800116e-05, 1.49200122905e-05, 1.9317614715e-05, 1.85518001672e-05, 8.39183576318e-06, 3.4082052025e-06, 2.66711776931e-06, 2.75030674857e-06, 2.47524371844e-06, 2.29233592108e-06, 2.30860359807e-06, 1.98455563805e-06, 2.92495997201e-06, 2.94132678391e-06, 3.71380224351e-06, 4.29343708674e-06, 3.90670629713e-06, 2.94499955089e-06, 2.47890147875e-06, 3.47449395122e-06, 3.62131254406e-06, 2.44631382884e-06, 2.75501406577e-06, 3.29669819621e-06, 3.73040916202e-06, 3.73221564587e-06, 2.5002213988e-06, 1.68327596839e-06, 1.64611299169e-06, 1.86475392638e-06, 1.76363471383e-06, 2.13172029362e-06, 2.2079188966e-06, 1.7584957277e-06, 1.22327503504e-06, 9.03319630652e-07, 7.68961967879e-07, 6.59134400394e-07, 4.66903117058e-07, 2.92064953555e-07, 1.97686517822e-07, 1.21976356127e-07, 8.56332036392e-08, 6.04265935067e-08, 4.58119622238e-08, 3.25573061843e-08, 2.75742841893e-08, 2.55297845086e-08, 2.03668708565e-08, 1.62192836939e-08, 1.33865443175e-08, 1.32941879727e-08, 1.29003936422e-08, 1.08577484781e-08, 8.30183299882e-09, 4.28055679791e-09, 6.60956511744e-10, 1.76666889451e-10, 5.83277384725e-11, 6.46352416034e-12, 4.71545302805e-10, 6.14026518519e-09, 8.35462365956e-09, 2.76941023003e-07, 5.20820606198e-07, 4.4912065178e-09, 3.44024497778e-09, 2.27492330529e-10, 3.36526336311e-12],
        "stdev": [6.3550314735e-06, 4.70307759315e-06, 5.84564850215e-06, 1.06070647234e-05, 1.71391002368e-05, 6.85401028022e-05, 0.000495532818604, 0.00167613092344, 0.00316046923399, 0.00273907463998, 0.0014872594038, 0.000759119691793, 0.000220458081458, 0.000194439548068, 0.000669432047289, 0.00176517828368, 0.00170678971335, 0.00119377695955, 0.000867660797667, 0.000552733254153, 0.00151349941734, 0.00232825567946, 0.00261855521239, 0.00215437938459, 0.00155322114006, 0.00108465715311, 0.00127389945555, 0.000815112376586, 0.000407895306125, 0.000193347674212, 0.000171932246303, 0.00027268298436, 0.000237667612964, 0.000183913187357, 0.000102206300653, 0.000156983573106, 0.000108134496259, 7.87822573329e-05, 7.77815366746e-05, 8.44831229188e-05, 6.64020044496e-05, 0.000142228876939, 0.000157120244694, 9.8579643236e-05, 0.000174570493982, 0.000254384620348, 0.0001603038545, 0.000116203867947, 7.61379269534e-05, 0.000101876590634, 7.86078526289e-05, 3.5862558434e-05, 3.98239317292e-05, 5.87532376812e-05, 4.00550670747e-05, 2.63911988441e-05, 2.52972586168e-05, 3.72073700419e-05, 3.21818442899e-05, 3.50951777364e-05, 3.80465826311e-05, 4.43551944045e-05, 4.80371563754e-05, 2.18527384277e-05, 1.00893948911e-05, 8.10306028143e-06, 1.10262581074e-05, 9.97760889732e-06, 9.25707263377e-06, 8.91894433153e-06, 6.7191836024e-06, 9.485942428e-06, 7.6984279076e-06, 9.03970612853e-06, 1.09248758235e-05, 1.01133909993e-05, 7.85291922512e-06, 7.14888756193e-06, 1.2445714674e-05, 1.34822430482e-05, 1.04889986687e-05, 1.13231708383e-05, 1.49193683683e-05, 1.55648231157e-05, 1.54836889124e-05, 1.15356015158e-05, 7.38343260309e-06, 6.68584607411e-06, 6.17659043201e-06, 5.84843019169e-06, 6.96660481481e-06, 7.00283362676e-06, 5.59081354368e-06, 4.09433050663e-06, 3.21631819133e-06, 2.83348549601e-06, 2.74899525721e-06, 1.80383960924e-06, 1.03854074496e-06, 6.15418684902e-07, 3.38815340228e-07, 2.62881911794e-07, 2.16549437937e-07, 1.7579696987e-07, 1.2485227785e-07, 9.44342204434e-08, 1.8090510423e-07, 1.10879653903e-07, 4.32925375549e-08, 3.77824633802e-08, 4.52729302935e-08, 3.42325598979e-08, 3.06501242164e-08, 2.39843540584e-08, 1.30920847496e-08, 2.35608577093e-09, 4.29597163398e-10, 1.55783538847e-10, 2.17719696438e-11, 1.11412024051e-09, 1.00486499122e-08, 1.2415368289e-08, 7.54149240834e-08, 1.43571028843e-07, 7.74088615429e-09, 6.65229782371e-09, 5.88892878906e-10, 1.00056395461e-11]
    },
    "mfcc": {
        "mean": [-737.620849609, 114.181655884, -1.67596459389, 16.0925884247, -12.5800666809, -20.013502121, -24.9805908203, -10.6066617966, -9.80214595795, 4.44830799103, -9.66787910461, -3.71158838272, -25.8497085571],
        "cov": [[9382.72460938, -578.250610352, -1779.88513184, -769.080505371, -740.633605957, -935.683105469, -609.803833008, -117.222290039, -283.497039795, 242.407501221, -273.861450195, 165.722381592, -819.120178223], [-578.250610352, 3878.28637695, -482.363067627, -854.87713623, -183.549713135, -577.694458008, 134.993118286, -364.082946777, -367.73147583, -100.380805969, -40.5671691895, -42.7860450745, -513.139770508], [-1779.88513184, -482.363067627, 1384.75561523, 473.346374512, 148.404037476, 178.59576416, -107.555297852, 81.0557632446, -29.5573310852, -153.122451782, 68.3500747681, 2.54450273514, 284.651580811], [-769.080505371, -854.87713623, 473.346374512, 807.113952637, 167.116760254, 49.5041694641, -87.9151306152, 54.9063835144, 104.176124573, -90.3740844727, 2.02476215363, 19.5810127258, 239.562210083], [-740.633605957, -183.549713135, 148.404037476, 167.116760254, 450.167144775, -5.80324888229, -110.590553284, 83.1079711914, 83.537979126, -5.92908763885, -5.26524925232, -11.0313491821, 116.882743835], [-935.683105469, -577.694458008, 178.59576416, 49.5041694641, -5.80324888229, 613.219665527, 220.179855347, 47.7620849609, 102.467269897, 65.6655273438, 87.4905700684, -73.1127853394, 166.166259766], [-609.803833008, 134.993118286, -107.555297852, -87.9151306152, -110.590553284, 220.179855347, 400.25479126, -1.08524525166, 7.64654684067, 27.7336902618, 34.1426773071, -54.8796844482, 25.890171051], [-117.222290039, -364.082946777, 81.0557632446, 54.9063835144, 83.1079711914, 47.7620849609, -1.08524525166, 231.5, 46.953327179, -4.7251162529, -15.2049274445, 9.33706474304, 109.731636047], [-283.497039795, -367.73147583, -29.5573310852, 104.176124573, 83.537979126, 102.467269897, 7.64654684067, 46.953327179, 219.77520752, 30.6930179596, -15.3905553818, -4.53259134293, 88.834526062], [242.407501221, -100.380805969, -153.122451782, -90.3740844727, -5.92908763885, 65.6655273438, 27.7336902618, -4.7251162529, 30.6930179596, 148.751449585, 8.99525928497, -17.8562736511, -19.0897026062], [-273.861450195, -40.5671691895, 68.3500747681, 2.02476215363, -5.26524925232, 87.4905700684, 34.1426773071, -15.2049274445, -15.3905553818, 8.99525928497, 123.235687256, 2.30635929108, 17.9496479034], [165.722381592, -42.7860450745, 2.54450273514, 19.5810127258, -11.0313491821, -73.1127853394, -54.8796844482, 9.33706474304, -4.53259134293, -17.8562736511, 2.30635929108, 135.659896851, -0.0819595083594], [-819.120178223, -513.139770508, 284.651580811, 239.562210083, 116.882743835, 166.166259766, 25.890171051, 109.731636047, 88.834526062, -19.0897026062, 17.9496479034, -0.0819595083594, 270.157562256]],
        "icov": [[0.000401884841267, 0.000316230143653, 0.000340570084518, 0.000164393830346, 0.000504148832988, 0.00032737076981, 0.000519187073223, -0.000101402009022, 0.000458936818177, -0.000247864547418, 0.000413389527239, -1.07857385956e-05, 0.000690614047926], [0.000316230143653, 0.00082560494775, 0.000188144098502, 0.000656025251374, 0.000126580038341, 0.000746285251807, -6.7689390562e-05, 0.000548305455595, 0.000656052900013, 0.000306601141347, 0.00036119329161, 0.000179857175681, 0.000798995431978], [0.000340570084518, 0.000188144098502, 0.00158868532162, -0.000308412389131, 0.000413162546465, -0.000224925985094, 0.00103061285336, -0.000137234732392, 0.00113029754721, 0.000669260451104, -3.1805022445e-05, 0.000122904733871, -0.000416121998569], [0.000164393830346, 0.000656025251374, -0.000308412389131, 0.0026218064595, -0.000199216287001, 0.000830909411889, 1.50700986978e-06, 0.00104448245838, -0.00023910443997, 0.00103044358548, 0.00027353304904, 0.000116176866868, -0.000971393717919], [0.000504148832988, 0.000126580038341, 0.000413162546465, -0.000199216287001, 0.00374902458861, 0.00052206631517, 0.00168398453388, -0.00098325626459, -0.000313282653224, -0.000742883130442, 0.000162947588251, 0.000669076573104, -0.000154881854542], [0.00032737076981, 0.000746285251807, -0.000224925985094, 0.000830909411889, 0.00052206631517, 0.0039255390875, -0.00125903042499, 0.000468156911666, -0.000509702716954, -0.000975781527814, -0.0011984182056, 0.00121081457473, -0.000620933424216], [0.000519187073223, -6.7689390562e-05, 0.00103061285336, 1.50700986978e-06, 0.00168398453388, -0.00125903042499, 0.00483913300559, -0.000670262321364, 0.000689554552082, -0.000196014007088, 0.000193971660337, 0.000780919799581, -4.05589635193e-05], [-0.000101402009022, 0.000548305455595, -0.000137234732392, 0.00104448245838, -0.00098325626459, 0.000468156911666, -0.000670262321364, 0.00644581858069, 4.63468641101e-05, 0.000687330379151, 0.000945519423112, -0.000319383107126, -0.00249363714829], [0.000458936818177, 0.000656052900013, 0.00113029754721, -0.00023910443997, -0.000313282653224, -0.000509702716954, 0.000689554552082, 4.63468641101e-05, 0.00731129990891, -0.000927682965994, 0.00184490950778, -0.000274360994808, -0.000569512136281], [-0.000247864547418, 0.000306601141347, 0.000669260451104, 0.00103044358548, -0.000742883130442, -0.000975781527814, -0.000196014007088, 0.000687330379151, -0.000927682965994, 0.00942742731422, -0.000841401517391, 0.000749442435335, -9.95586742647e-05], [0.000413389527239, 0.00036119329161, -3.1805022445e-05, 0.00027353304904, 0.000162947588251, -0.0011984182056, 0.000193971660337, 0.000945519423112, 0.00184490950778, -0.000841401517391, 0.0103079173714, -0.00127316592261, 0.000643022707663], [-1.07857385956e-05, 0.000179857175681, 0.000122904733871, 0.000116176866868, 0.000669076573104, 0.00121081457473, 0.000780919799581, -0.000319383107126, -0.000274360994808, 0.000749442435335, -0.00127316592261, 0.00857777986676, -0.000672555877827], [0.000690614047926, 0.000798995431978, -0.000416121998569, -0.000971393717919, -0.000154881854542, -0.000620933424216, -4.05589635193e-05, -0.00249363714829, -0.000569512136281, -9.95586742647e-05, 0.000643022707663, -0.000672555877827, 0.0102159203961]]
    },
    "spectral_contrast_coeffs": {
        "mean": [-0.561263501644, -0.67283821106, -0.734283566475, -0.763064742088, -0.77691334486, -0.759008228779],
        "stdev": [0.148873597383, 0.154309466481, 0.117035828531, 0.0861643329263, 0.0717504322529, 0.0575585477054]
    },
    "spectral_contrast_valleys": {
        "mean": [-8.80670166016, -7.58298206329, -8.79136753082, -8.77080059052, -8.53158855438, -11.1956110001],
        "stdev": [0.719943761826, 1.07479071617, 0.967960476875, 1.00220429897, 1.10806775093, 1.18816280365]
    }
},
"rhythm": {
    "beats_count": 133,
    "beats_loudness": {
        "mean": 0.0293691996485,
        "stdev": 0.0191274601966
    },
    "bpm": 135.779281616,
    "bpm_histogram_first_peak_bpm": 136,
    "bpm_histogram_first_peak_weight": 0.589743614197,
    "bpm_histogram_second_peak_bpm": 172,
    "bpm_histogram_second_peak_spread": 0,
    "bpm_histogram_second_peak_weight": 0.0833333358169,
    "danceability": 1.63697421551,
    "onset_rate": 5.53557062149,
    "beats_loudness_band_ratio": {
        "mean": [0.212550267577, 0.245471552014, 0.388484239578, 0.0601304769516, 0.0880151391029, 0.129200488329],
        "stdev": [0.192613750696, 0.208422318101, 0.250552475452, 0.0992723703384, 0.106745861471, 0.281066805124]
    },
    "beats_position": [0.615328788757, 1.24226760864, 1.8575963974, 2.46131515503, 3.06503391266, 3.66875267029, 4.26086139679, 4.85297060013, 5.45668935776, 6.06040811539, 6.66412687302, 7.26784563065, 7.85995435715, 8.45206356049, 9.03256225586, 9.61306095123, 10.1935596466, 10.774058342, 11.354557991, 11.8886165619, 12.4226751328, 12.9799547195, 13.5024032593, 14.0364627838, 14.5821313858, 15.1277999878, 15.6618595123, 16.1959171295, 16.7299766541, 17.2524261475, 17.786485672, 18.3089332581, 18.8429927826, 19.3190021515, 19.7717914581, 20.2245807648, 20.6773700714, 21.1069393158, 21.5248966217, 21.9660758972, 22.3956451416, 22.825214386, 23.2663936615, 23.707572937, 24.1255321503, 24.5783214569, 25.0195007324, 25.4722900391, 25.9134693146, 26.3778686523, 26.830657959, 27.2834453583, 27.747844696, 28.2122440338, 28.6766433716, 29.1294326782, 29.5822219849, 30.0117912292, 30.4297504425, 30.8593196869, 31.3004989624, 31.7184581757, 32.1596374512, 32.6124267578, 33.0303840637, 33.4483451843, 33.8546943665, 34.2378234863, 34.6209526062, 34.9924697876, 35.3639907837, 35.7471199036, 36.1418571472, 36.5249862671, 36.8965072632, 37.2680282593, 37.6627655029, 38.0458946228, 38.4174156189, 38.8585929871, 39.3113822937, 39.7525634766, 40.1473007202, 40.5652618408, 40.9832191467, 41.4243965149, 41.88879776, 42.3299751282, 42.771156311, 43.2587738037, 43.7231750488, 44.1759643555, 44.6171417236, 45.0583229065, 45.5111083984, 45.9755096436, 46.4166870117, 46.8462562561, 47.2758255005, 47.7170066833, 48.1465759277, 48.5761451721, 49.0057144165, 49.4236717224, 49.8300209045, 50.2363700867, 50.6427192688, 51.0374603271, 51.4321975708, 51.8269386292, 52.1984558105, 52.5699768066, 52.9298858643, 53.2897949219, 53.6380958557, 53.9863929749, 54.3114738464, 54.6597709656, 55.0080718994, 55.367980957, 55.7278900146, 56.0761909485, 56.4244880676, 56.7495689392, 57.0978660583, 57.4345550537, 57.7712478638, 58.1195449829, 58.4562339783, 58.7929229736, 59.1412239075, 59.4895210266, 59.8378219604],
    "bpm_histogram": [0, 0, 0, 0, 0, 0, 0, 0, 0, 0, 0, 0, 0, 0, 0, 0, 0, 0, 0, 0, 0, 0, 0, 0, 0, 0, 0, 0, 0, 0, 0, 0, 0, 0, 0, 0, 0, 0, 0, 0, 0, 0, 0, 0, 0, 0, 0, 0, 0, 0, 0, 0, 0, 0, 0, 0, 0, 0, 0, 0, 0, 0, 0, 0, 0, 0, 0, 0, 0, 0, 0, 0, 0, 0, 0, 0, 0, 0, 0, 0, 0, 0, 0, 0, 0, 0, 0, 0, 0, 0, 0, 0, 0, 0, 0, 0, 0.00757575780153, 0, 0.00757575780153, 0.0530303046107, 0, 0.0303030312061, 0, 0.0378787890077, 0, 0, 0, 0, 0.00757575780153, 0, 0.0151515156031, 0, 0.0606060624123, 0, 0, 0.0227272734046, 0, 0, 0, 0, 0, 0, 0, 0.00757575780153, 0, 0, 0.00757575780153, 0, 0, 0.0530303046107, 0, 0, 0, 0.0984848514199, 0, 0, 0.121212124825, 0, 0, 0, 0.0757575780153, 0, 0, 0, 0.0681818202138, 0, 0, 0, 0.0303030312061, 0, 0, 0, 0.0454545468092, 0, 0, 0, 0, 0.0378787890077, 0, 0, 0, 0.0530303046107, 0, 0, 0, 0, 0, 0.0303030312061, 0, 0, 0, 0, 0.0833333358169, 0, 0, 0, 0, 0, 0.0303030312061, 0, 0, 0, 0, 0, 0, 0.0151515156031, 0, 0, 0, 0, 0, 0, 0, 0, 0, 0, 0, 0, 0, 0, 0, 0, 0, 0, 0, 0, 0, 0, 0, 0, 0, 0, 0, 0, 0, 0, 0, 0, 0, 0, 0, 0, 0, 0, 0, 0, 0, 0, 0, 0, 0, 0, 0, 0, 0, 0, 0, 0, 0, 0, 0, 0, 0, 0, 0, 0, 0, 0, 0, 0]
},
"tonal": {
    "chords_changes_rate": 0.120769232512,
    "chords_number_rate": 0.0107692303136,
    "chords_strength": {
        "mean": 0.485005170107,
        "stdev": 0.0865314602852
    },
    "hpcp_crest": {
        "mean": 15.0372104645,
        "stdev": 7.04420900345
    },
    "hpcp_entropy": {
        "mean": 1.79868650436,
        "stdev": 0.882913708687
    },
    "key_edma": {
        "strength": 0.448712259531,
        "key": "G",
        "scale": "major"
    },
    "key_krumhansl": {
        "strength": 0.452939331532,
        "key": "G",
        "scale": "major"
    },
    "key_temperley": {
        "strength": 0.457195818424,
        "key": "G",
        "scale": "major"
    },
    "tuning_diatonic_strength": 0.579447627068,
    "tuning_equal_tempered_deviation": 0.234165072441,
    "tuning_frequency": 434.193115234,
    "tuning_nontempered_energy_ratio": 0.890957951546,
    "hpcp": {
        "mean": [0.117405280471, 0.0946982577443, 0.0862662419677, 0.076070331037, 0.0720240399241, 0.072485871613, 0.072304725647, 0.0828593596816, 0.0853656455874, 0.0782628133893, 0.0848604887724, 0.0991866588593, 0.116742059588, 0.136417001486, 0.138202413917, 0.127091810107, 0.122924566269, 0.118698306382, 0.105533666909, 0.0888597369194, 0.0817682370543, 0.0822817310691, 0.086124740541, 0.0937590152025, 0.106513530016, 0.125270709395, 0.156123489141, 0.190674647689, 0.204684451222, 0.235031053424, 0.277926385403, 0.250144571066, 0.195589482784, 0.176845744252, 0.158881574869, 0.140602856874],
        "stdev": [0.226506143808, 0.193377673626, 0.197289854288, 0.172453209758, 0.161787480116, 0.164141967893, 0.163348227739, 0.188428491354, 0.19850204885, 0.180277600884, 0.188914343715, 0.207121223211, 0.219297900796, 0.234455272555, 0.234705165029, 0.226207837462, 0.222375959158, 0.224631533027, 0.207916155457, 0.191427826881, 0.176176384091, 0.186649352312, 0.188187539577, 0.19878052175, 0.224249720573, 0.243348702788, 0.274289697409, 0.299360990524, 0.306321620941, 0.315205395222, 0.349822252989, 0.329909414053, 0.301192015409, 0.29129460454, 0.26650390029, 0.25180926919]
    },
    "chords_histogram": [22.3076915741, 2, 3.15384626389, 28.6923084259, 1.6153845787, 4, 2.30769228935, 3.53846144676, 0, 0, 5.84615373611, 0, 3.6153845787, 2.53846144676, 2.69230771065, 4.69230747223, 0, 11, 0, 0.615384638309, 0.153846159577, 0.153846159577, 0.615384638309, 0.461538463831],
    "thpcp": [1, 0.900038957596, 0.703745663166, 0.6363042593, 0.571667850018, 0.505899608135, 0.422433018684, 0.340731441975, 0.310392409563, 0.273706763983, 0.259147912264, 0.260809600353, 0.260157823563, 0.298134207726, 0.30715200305, 0.281595468521, 0.305334419012, 0.356881052256, 0.420046687126, 0.490838617086, 0.497262656689, 0.457285881042, 0.44229182601, 0.42708542943, 0.379718065262, 0.31972399354, 0.29420825839, 0.296055853367, 0.30988329649, 0.337351977825, 0.38324368, 0.450733423233, 0.56174403429, 0.686061680317, 0.736470043659, 0.845659375191],
    "chords_key": "F#",
    "chords_scale": "minor"
}
}