{
"metadata": {
    "version": {
        "essentia": "2.1-dev",
        "essentia_git_sha": "v2.1_beta3-415-gd5473f3",
        "extractor": "music 2.0"
    },
    "audio_properties": {
        "analysis": {
            "equal_loudness": 0,
            "length": 60.1338768005,
            "sample_rate": 44100,
            "start_time": 0,
            "downmix": "mix"
        },
        "bit_rate": 192000,
        "length": 60.1338768005,
        "lossless": 0,
        "number_channels": 2,
        "replay_gain": -3.70370864868,
        "sample_rate": 44100,
        "codec": "mp3",
        "md5_encoded": "db5e86e3b2d8572dc936c68bc7bc9212"
    },
    "tags": {
        "file_name": "speech_9_catradio.mp3"
    }
},
"lowlevel": {
    "average_loudness": 0.969219386578,
    "barkbands_crest": {
        "mean": 11.9835634232,
        "stdev": 4.21465015411
    },
    "barkbands_flatness_db": {
        "mean": 0.268743127584,
        "stdev": 0.0785045847297
    },
    "barkbands_kurtosis": {
        "mean": 12.7320384979,
        "stdev": 26.8444671631
    },
    "barkbands_skewness": {
        "mean": 2.0517411232,
        "stdev": 2.20293903351
    },
    "barkbands_spread": {
        "mean": 16.0183315277,
        "stdev": 16.9976196289
    },
    "dissonance": {
        "mean": 0.437690109015,
        "stdev": 0.0509129390121
    },
    "dynamic_complexity": 3.48624753952,
    "erbbands_crest": {
        "mean": 9.80075740814,
        "stdev": 3.76968359947
    },
    "erbbands_flatness_db": {
        "mean": 0.251859217882,
        "stdev": 0.048842292279
    },
    "erbbands_kurtosis": {
        "mean": 2.98037528992,
        "stdev": 8.32333660126
    },
    "erbbands_skewness": {
        "mean": 0.203182309866,
        "stdev": 1.48341703415
    },
    "erbbands_spread": {
        "mean": 32.1607971191,
        "stdev": 21.3074302673
    },
    "hfc": {
        "mean": 14.4407968521,
        "stdev": 14.095998764
    },
    "loudness_ebu128": {
        "integrated": -19.9369831085,
        "loudness_range": 1.55701637268,
        "momentary": {
            "mean": -20.304567337,
            "stdev": 2.08089137077
        },
        "short_term": {
            "mean": -19.9631786346,
            "stdev": 0.526260674
        }
    },
    "melbands_crest": {
        "mean": 19.2023735046,
        "stdev": 5.97983646393
    },
    "melbands_flatness_db": {
        "mean": 0.329494178295,
        "stdev": 0.112331338227
    },
    "melbands_kurtosis": {
        "mean": 30.6154327393,
        "stdev": 69.3250274658
    },
    "melbands_skewness": {
        "mean": 3.37333679199,
        "stdev": 2.84202098846
    },
    "melbands_spread": {
        "mean": 21.998134613,
        "stdev": 34.8259773254
    },
    "pitch_salience": {
        "mean": 0.540128111839,
        "stdev": 0.144129484892
    },
    "silence_rate_20dB": {
        "mean": 1,
        "stdev": 0
    },
    "silence_rate_30dB": {
        "mean": 0.993052899837,
        "stdev": 0.0830600708723
    },
    "silence_rate_60dB": {
        "mean": 0.125820145011,
        "stdev": 0.331645071507
    },
    "spectral_centroid": {
        "mean": 1180.52758789,
        "stdev": 1139.95019531
    },
    "spectral_complexity": {
        "mean": 12.307217598,
        "stdev": 8.83515834808
    },
    "spectral_decrease": {
        "mean": -8.6327274218e-09,
        "stdev": 6.7371428436e-09
    },
    "spectral_energy": {
        "mean": 0.0338917598128,
        "stdev": 0.0263965148479
    },
    "spectral_energyband_high": {
        "mean": 0.000317114609061,
        "stdev": 0.00107204366941
    },
    "spectral_energyband_low": {
        "mean": 0.0177947487682,
        "stdev": 0.0137825813144
    },
    "spectral_energyband_middle_high": {
        "mean": 0.00363897415809,
        "stdev": 0.00529257068411
    },
    "spectral_energyband_middle_low": {
        "mean": 0.0133806075901,
        "stdev": 0.014093933627
    },
    "spectral_entropy": {
        "mean": 6.92715024948,
        "stdev": 0.679985940456
    },
    "spectral_flux": {
        "mean": 0.0965610295534,
        "stdev": 0.0533267855644
    },
    "spectral_kurtosis": {
        "mean": 11.055513382,
        "stdev": 12.6126337051
    },
    "spectral_rms": {
        "mean": 0.00509950239211,
        "stdev": 0.00265710242093
    },
    "spectral_rolloff": {
        "mean": 1106.17504883,
        "stdev": 1573.61743164
    },
    "spectral_skewness": {
        "mean": 1.79362082481,
        "stdev": 1.3071283102
    },
    "spectral_spread": {
        "mean": 2600122,
        "stdev": 1722171.375
    },
    "spectral_strongpeak": {
        "mean": 0.652787804604,
        "stdev": 0.684930741787
    },
    "zerocrossingrate": {
        "mean": 0.0368675887585,
        "stdev": 0.0436661504209
    },
    "barkbands": {
        "mean": [0.000114066817332, 0.00424046535045, 0.0122858490795, 0.00168863811996, 0.00335759459995, 0.00235556671396, 0.00241903495044, 0.00187908287626, 0.00149871874601, 0.000549513206352, 0.000535959145054, 0.000642144994345, 0.00047356748837, 0.000268776144367, 0.0001904474193, 0.000251290592132, 0.000364400126273, 0.000172047512024, 0.000227497308515, 0.000129421576275, 0.00017270493845, 5.34928549314e-05, 1.50901141751e-05, 5.88151169723e-06, 5.22647439993e-07, 2.04247685431e-09, 1.13924836231e-09],
        "stdev": [0.000613680051174, 0.00514792650938, 0.0113437697291, 0.00361694185995, 0.0036401450634, 0.0043633216992, 0.00422977935523, 0.00418758857995, 0.00431897910312, 0.00150719704106, 0.00154414516874, 0.0018597135786, 0.00124683219474, 0.000812278711237, 0.000577719300054, 0.00064608536195, 0.000658431265038, 0.000333547097398, 0.000520258385222, 0.000353724957677, 0.000703692727257, 0.000214152940316, 5.62880995858e-05, 1.98142570298e-05, 1.97617259801e-06, 1.236520486e-08, 1.71887981626e-09]
    },
    "erbbands": {
        "mean": [0.0378321930766, 1.43615138531, 12.6786241531, 9.8171672821, 8.36984920502, 11.9423904419, 11.488948822, 22.0129318237, 32.6928710938, 36.7156791687, 42.784526825, 34.056438446, 21.2619953156, 18.7212047577, 23.4607830048, 26.241765976, 22.1605548859, 16.4362373352, 9.9644575119, 11.7276964188, 16.0276145935, 19.948102951, 10.0271482468, 10.8651428223, 10.463145256, 6.17082452774, 8.02767181396, 4.8256483078, 2.1445016861, 1.04672384262, 0.356245875359, 0.159272432327, 0.077317789197, 0.0140383122489, 0.000564053189009, 5.81042622798e-05, 1.75861860043e-05, 4.28580915468e-06, 1.69535669556e-05, 3.83813094231e-05],
        "stdev": [0.0827279314399, 1.53622496128, 11.3639850616, 11.8655071259, 10.2141370773, 16.0432910919, 19.2010307312, 46.6045303345, 57.7393379211, 67.5506439209, 98.2992401123, 94.1587753296, 57.5791931152, 46.7776527405, 69.0342178345, 70.2411956787, 56.9669837952, 46.3361816406, 26.3701057434, 35.5401802063, 35.0539207458, 35.8416023254, 18.0586643219, 26.6926593781, 23.8865604401, 16.6413993835, 32.6284408569, 19.7095565796, 8.56766223907, 4.28129196167, 1.30038368702, 0.554195046425, 0.265968680382, 0.0484299696982, 0.0018299453659, 0.000172237720108, 1.74552460521e-05, 5.15216515851e-06, 1.25537544591e-05, 2.94820383715e-05]
    },
    "gfcc": {
        "mean": [-116.220039368, 171.962097168, -129.811950684, 58.7208480835, -43.6252212524, -11.5420484543, -16.7155170441, -6.7540140152, -2.28006696701, -22.1223506927, 5.84808683395, -17.5986785889, -0.903420865536],
        "cov": [[10792.2490234, 1848.67736816, -2116.36254883, -1248.7064209, -27.2308521271, -835.772277832, -184.255584717, -10.2733163834, -135.160339355, -440.840637207, -5.88651275635, -372.324127197, -452.626556396], [1848.67736816, 3222.83935547, 377.005950928, -1864.78625488, 595.140808105, -796.249206543, -82.7529830933, -117.08001709, -116.508171082, -485.509368896, -103.544555664, 11.3264045715, -158.483291626], [-2116.36254883, 377.005950928, 1443.8203125, 184.018768311, 90.7380371094, -78.137588501, 11.6954278946, -98.4714889526, -52.6129837036, -122.863174438, -33.3932685852, 160.436630249, 130.035217285], [-1248.7064209, -1864.78625488, 184.018768311, 1585.03991699, -227.610092163, 330.976989746, -54.4618225098, -7.91156816483, 83.9758682251, 252.174468994, 84.6423339844, 19.9244232178, 154.282089233], [-27.2308521271, 595.140808105, 90.7380371094, -227.610092163, 536.799682617, -178.828491211, -156.835357666, -10.0716142654, 48.2954559326, -53.5109672546, -43.9422111511, -10.2888431549, 2.98690795898], [-835.772277832, -796.249206543, -78.137588501, 330.976989746, -178.828491211, 568.595275879, 164.22026062, 10.2870044708, 75.1854095459, 176.996154785, 23.5719127655, 9.38832569122, 24.0733833313], [-184.255584717, -82.7529830933, 11.6954278946, -54.4618225098, -156.835357666, 164.22026062, 340.562316895, 44.0702781677, -62.8882789612, 12.6014299393, 22.4510192871, 44.0659408569, -43.6246871948], [-10.2733163834, -117.08001709, -98.4714889526, -7.91156816483, -10.0716142654, 10.2870044708, 44.0702781677, 163.877578735, 10.6799192429, -13.0646781921, 22.7581062317, 9.70239448547, -0.934197425842], [-135.160339355, -116.508171082, -52.6129837036, 83.9758682251, 48.2954559326, 75.1854095459, -62.8882789612, 10.6799192429, 161.70501709, 67.2931976318, -35.5017051697, -6.74293470383, 17.1305503845], [-440.840637207, -485.509368896, -122.863174438, 252.174468994, -53.5109672546, 176.996154785, 12.6014299393, -13.0646781921, 67.2931976318, 240.990875244, 22.2839584351, -69.4252243042, 35.4260559082], [-5.88651275635, -103.544555664, -33.3932685852, 84.6423339844, -43.9422111511, 23.5719127655, 22.4510192871, 22.7581062317, -35.5017051697, 22.2839584351, 127.109100342, 23.6334266663, -35.7084236145], [-372.324127197, 11.3264045715, 160.436630249, 19.9244232178, -10.2888431549, 9.38832569122, 44.0659408569, 9.70239448547, -6.74293470383, -69.4252243042, 23.6334266663, 163.202575684, 24.7082557678], [-452.626556396, -158.483291626, 130.035217285, 154.282089233, 2.98690795898, 24.0733833313, -43.6246871948, -0.934197425842, 17.1305503845, 35.4260559082, -35.7084236145, 24.7082557678, 144.887161255]],
        "icov": [[0.000247669260716, -0.000360977923265, 0.000476841523778, -0.000347854191205, 0.000261068140389, 5.45404400327e-05, 3.97715157305e-05, 2.9041982998e-05, 4.35698602814e-05, 0.000384974293411, 8.72258169693e-05, 0.000288497481961, 0.000192049628822], [-0.000360977923265, 0.00403499603271, -0.00162348151207, 0.00390264601447, -0.00199100049213, 0.00216902582906, -0.00168255239259, 0.00295160198584, -0.00268234149553, 0.00250417646021, -0.00300791929476, 0.00166773516685, -0.00154049298726], [0.000476841523778, -0.00162348151207, 0.00214278534986, -0.00175621116068, 0.000668192689773, -0.000369378627511, 0.000119597942103, -7.05226875652e-06, 0.000845288508572, 0.000498902809341, 0.000910691451281, -0.000519865250681, -0.000164487282746], [-0.000347854191205, 0.00390264601447, -0.00175621116068, 0.00479232985526, -0.00154522038065, 0.00174806138966, -0.00112967635505, 0.00275818724185, -0.00273676542565, 0.00174661783967, -0.00360223581083, 0.00150055089034, -0.00217283749953], [0.000261068140389, -0.00199100049213, 0.000668192689773, -0.00154522038065, 0.00356181315146, -0.000566462636925, 0.00177133898251, -0.00161949289031, 0.000543164787814, -0.00122480094433, 0.00169911491685, -0.000756874564104, 0.00101013272069], [5.45404400327e-05, 0.00216902582906, -0.000369378627511, 0.00174806138966, -0.000566462636925, 0.00470129074529, -0.00271272542886, 0.00228126603179, -0.00319144618697, 0.00064021354774, -0.00195313058794, 0.000987082603388, -0.000987371779047], [3.97715157305e-05, -0.00168255239259, 0.000119597942103, -0.00112967635505, 0.00177133898251, -0.00271272542886, 0.00652468623593, -0.00346987415105, 0.0045401067473, -0.00323065649718, 0.00338633544743, -0.00324828526936, 0.00337743270211], [2.9041982998e-05, 0.00295160198584, -7.05226875652e-06, 0.00275818724185, -0.00161949289031, 0.00228126603179, -0.00346987415105, 0.0102627910674, -0.00459263287485, 0.00486832764, -0.00523118535057, 0.0027701521758, -0.00334464828484], [4.35698602814e-05, -0.00268234149553, 0.000845288508572, -0.00273676542565, 0.000543164787814, -0.00319144618697, 0.0045401067473, -0.00459263287485, 0.013001864776, -0.00628703972325, 0.00735069811344, -0.00472817430273, 0.00383202149533], [0.000384974293411, 0.00250417646021, 0.000498902809341, 0.00174661783967, -0.00122480094433, 0.00064021354774, -0.00323065649718, 0.00486832764, -0.00628703972325, 0.0132697923109, -0.00665645487607, 0.0075479792431, -0.00481722503901], [8.72258169693e-05, -0.00300791929476, 0.000910691451281, -0.00360223581083, 0.00169911491685, -0.00195313058794, 0.00338633544743, -0.00523118535057, 0.00735069811344, -0.00665645487607, 0.0156959034503, -0.00628848560154, 0.00697537558153], [0.000288497481961, 0.00166773516685, -0.000519865250681, 0.00150055089034, -0.000756874564104, 0.000987082603388, -0.00324828526936, 0.0027701521758, -0.00472817430273, 0.0075479792431, -0.00628848560154, 0.0122026009485, -0.00443167379126], [0.000192049628822, -0.00154049298726, -0.000164487282746, -0.00217283749953, 0.00101013272069, -0.000987371779047, 0.00337743270211, -0.00334464828484, 0.00383202149533, -0.00481722503901, 0.00697537558153, -0.00443167379126, 0.0126164369285]]
    },
    "melbands": {
        "mean": [0.000696314091329, 0.00503566674888, 0.0016990324948, 0.000797566841356, 0.000411485118093, 0.000493229017593, 0.00050127558643, 0.000405401340686, 0.000340560509358, 0.000204518102692, 0.000102385412902, 7.35851936042e-05, 7.62664276408e-05, 7.44926073821e-05, 5.96069112362e-05, 4.32555098087e-05, 2.88447208732e-05, 1.57178437803e-05, 1.49317202158e-05, 1.60752133525e-05, 1.97043173102e-05, 2.30109162658e-05, 1.20123768284e-05, 7.48931279304e-06, 8.89434159035e-06, 8.52712582855e-06, 5.4167117014e-06, 3.74934802494e-06, 4.87783972858e-06, 4.75646993436e-06, 2.09891618397e-06, 1.23428685583e-06, 8.7960233941e-07, 4.54790722415e-07, 2.19018247094e-07, 1.14006432739e-07, 8.86858302351e-08, 6.05584489222e-08, 3.00036440137e-08, 5.15274578561e-09],
        "stdev": [0.000922039384022, 0.00434292573482, 0.00173784303479, 0.000932918803301, 0.000595085963141, 0.000963438418694, 0.000851119926665, 0.000751171435695, 0.000795282307081, 0.000585182220675, 0.000285371555947, 0.000189506172319, 0.000226685006055, 0.00022298937256, 0.000166692145285, 0.000110799177492, 8.79066210473e-05, 4.54496366729e-05, 4.78666734125e-05, 4.75874367112e-05, 4.30429827247e-05, 4.29619431088e-05, 2.34494036704e-05, 1.54908502736e-05, 2.42234382313e-05, 1.99953901756e-05, 1.22432238641e-05, 1.2036044609e-05, 2.07523007703e-05, 2.08631554415e-05, 8.50261676533e-06, 5.14602470503e-06, 3.77314700017e-06, 1.87864907275e-06, 8.50318258472e-07, 4.26235601481e-07, 3.10926964175e-07, 2.14754450667e-07, 1.04010190682e-07, 1.83105619556e-08]
    },
    "melbands128": {
        "mean": [8.73368262546e-05, 0.000171959807631, 0.000362552935258, 0.00274038175121, 0.00661811465397, 0.00542061915621, 0.00202571810223, 0.000649648543913, 0.000788737088442, 0.0010574941989, 0.000750700011849, 0.000354496529326, 0.00034748800681, 0.000457986578112, 0.000505335978232, 0.000494636653457, 0.000527655589394, 0.000512334518135, 0.000469341786811, 0.000396727496991, 0.000369453133317, 0.000417540082708, 0.00032679468859, 0.000299225794151, 0.000213555249502, 0.000189281330677, 0.000135164198582, 8.91915042303e-05, 7.70278129494e-05, 7.22410259186e-05, 6.97566720191e-05, 8.07382530184e-05, 7.65710283304e-05, 7.5144074799e-05, 7.15926726116e-05, 8.00615816843e-05, 6.7957349529e-05, 5.95355159021e-05, 5.60729931749e-05, 4.59192997369e-05, 4.21828881372e-05, 3.69621047867e-05, 3.0835999496e-05, 2.45095143327e-05, 1.738762694e-05, 1.45086733028e-05, 1.28433675854e-05, 1.42900498759e-05, 1.62941450981e-05, 1.5822608475e-05, 1.60706222232e-05, 1.60424824571e-05, 1.73739863385e-05, 2.08305591514e-05, 2.62105895672e-05, 2.55160248344e-05, 1.87214736798e-05, 1.35679447339e-05, 1.03319471236e-05, 7.0496380431e-06, 6.68756820232e-06, 7.98964720161e-06, 9.54313145485e-06, 9.17840679904e-06, 7.78123558121e-06, 8.76569993125e-06, 9.28179360926e-06, 6.64174922349e-06, 4.49282924819e-06, 3.61245474778e-06, 3.62492164641e-06, 3.74940395886e-06, 4.28826933785e-06, 5.19841751156e-06, 5.40587734577e-06, 5.5001551118e-06, 4.41978181698e-06, 2.61733566731e-06, 1.84562884442e-06, 1.44841578731e-06, 1.25351232327e-06, 1.20742618037e-06, 1.03278807728e-06, 9.05364856862e-07, 6.94917901001e-07, 5.21891422522e-07, 3.76790069367e-07, 2.86266555349e-07, 2.34122964571e-07, 1.4887180555e-07, 1.18861493092e-07, 1.07300394347e-07, 9.82980949971e-08, 9.07582418108e-08, 8.38921607738e-08, 6.8077362414e-08, 5.72145530953e-08, 4.67305945051e-08, 3.44491724036e-08, 2.00784988635e-08, 8.27167490058e-09, 2.79100431655e-09, 6.31460161937e-10, 7.09246827935e-11, 1.80519488246e-11, 2.16995536123e-11, 3.32365142353e-11, 3.46498142678e-11, 2.84744259421e-11, 1.27199761141e-11, 8.12199613121e-12, 6.55805791616e-12, 6.17455826052e-12, 5.95777940871e-12, 5.77627919454e-12, 5.61915184522e-12, 5.44226989863e-12, 5.27658862784e-12, 5.15223844491e-12, 5.02905486352e-12, 4.92725608578e-12, 4.8386741662e-12, 4.74497784814e-12, 4.6512242842e-12, 4.60006338576e-12, 4.56072939831e-12, 4.53533911815e-12, 4.50030594387e-12],
        "stdev": [0.000549358082935, 0.000861359178089, 0.000682754442096, 0.0033757367637, 0.00629408285022, 0.00528386374936, 0.00294776493683, 0.00140178704169, 0.00131391431205, 0.00161399401259, 0.00142060907092, 0.000741862808354, 0.000787021417636, 0.00109677470755, 0.00137559405994, 0.00134869979229, 0.00124123028945, 0.00116400478873, 0.00119570991956, 0.000962054065894, 0.00103452720214, 0.00124171003699, 0.000959562370554, 0.00114773144014, 0.000739301554859, 0.000800956040621, 0.000513493723702, 0.000271873577731, 0.000296802143566, 0.000228649398196, 0.000196596971364, 0.000284859619569, 0.000299716804875, 0.000290139694698, 0.000313187716529, 0.000276324688457, 0.000220707574044, 0.000193100771867, 0.000221607770072, 0.000140189760714, 0.000125410675537, 0.000121598561236, 0.000116483242891, 9.03734544409e-05, 5.89525443502e-05, 5.02870861965e-05, 4.1398438043e-05, 4.95922649861e-05, 6.71203088132e-05, 5.89368464716e-05, 5.68652685615e-05, 4.75108718092e-05, 4.90132952109e-05, 4.84808842884e-05, 5.47586278117e-05, 5.38579552085e-05, 4.11579858337e-05, 3.07086775138e-05, 2.30717450904e-05, 1.61857096828e-05, 1.5048075511e-05, 1.91901690414e-05, 3.34031356033e-05, 2.7801048418e-05, 2.02059018193e-05, 2.21957761823e-05, 2.66716415354e-05, 1.73883581738e-05, 1.04686369014e-05, 9.43337727222e-06, 1.27666098706e-05, 1.59398023243e-05, 2.04816933547e-05, 2.44807870331e-05, 2.64472182607e-05, 2.61625154963e-05, 2.20693545998e-05, 1.22202154671e-05, 7.68683457864e-06, 6.30266595181e-06, 5.33509091838e-06, 6.03946455158e-06, 4.71103157906e-06, 4.12704730479e-06, 3.29654335474e-06, 2.49616414294e-06, 1.5771214521e-06, 1.1788960137e-06, 1.03737306745e-06, 5.73223928768e-07, 4.73421323477e-07, 4.66719654924e-07, 3.71192925286e-07, 3.41023707051e-07, 3.07438057234e-07, 2.57809148252e-07, 2.19796731926e-07, 1.65871071545e-07, 1.20065891451e-07, 8.07471067787e-08, 2.83312644456e-08, 1.01806589825e-08, 2.34924724118e-09, 3.82704395951e-10, 1.18890133849e-10, 1.74661549113e-10, 3.42683270649e-10, 3.42485706462e-10, 3.34233973831e-10, 6.99652835667e-11, 2.53670400657e-11, 1.04127114917e-11, 9.4805248721e-12, 9.13937155123e-12, 8.82917003397e-12, 8.54180528392e-12, 8.2791898337e-12, 8.03557567708e-12, 7.81420067542e-12, 7.61172201658e-12, 7.42848491053e-12, 7.2700474113e-12, 7.12559785482e-12, 7.00002946233e-12, 6.90277262433e-12, 6.82288036832e-12, 6.76403594593e-12, 6.72651127506e-12]
    },
    "mfcc": {
        "mean": [-743.043151855, 172.864837646, -5.73835039139, 55.0838470459, 6.81365728378, 0.119676478207, 1.70773661137, 8.25012588501, -1.13883173466, -0.917553603649, -1.81800186634, 5.29952144623, 1.36398744583],
        "cov": [[9469.25488281, 1802.5057373, -2525.4519043, -299.030426025, -708.155456543, -590.513122559, -336.169921875, 11.3952503204, -405.117553711, -20.5918712616, 102.090492249, 19.1103458405, -103.95791626], [1802.5057373, 5106.41699219, -601.277099609, -941.887084961, 179.545928955, -911.235107422, -160.966125488, 88.4386978149, -146.89225769, -467.353424072, -192.648605347, -205.260421753, 143.43447876], [-2525.4519043, -601.277099609, 1468.84729004, 316.936920166, 56.1686706543, 234.010284424, 107.280258179, 74.3075790405, 68.3500747681, -94.0874099731, -112.880264282, 4.42086076736, 23.9857769012], [-299.030426025, -941.887084961, 316.936920166, 775.921508789, 189.117996216, 57.6510543823, -29.9534263611, -54.6308517456, -47.2576370239, 52.4014701843, -85.5656967163, -35.0035667419, -9.26022720337], [-708.155456543, 179.545928955, 56.1686706543, 189.117996216, 620.651977539, -8.13267040253, -148.513381958, -63.3847351074, 18.4871711731, 59.2949447632, -76.732208252, -98.0318374634, 43.7409667969], [-590.513122559, -911.235107422, 234.010284424, 57.6510543823, -8.13267040253, 489.907104492, 64.2805404663, -43.8052635193, 107.295402527, 90.4928894043, 96.8498840332, 85.7263793945, -33.2080116272], [-336.169921875, -160.966125488, 107.280258179, -29.9534263611, -148.513381958, 64.2805404663, 283.85925293, 49.1903457642, 2.02366495132, -13.3229341507, 52.9725761414, 85.2046508789, -14.7741928101], [11.3952503204, 88.4386978149, 74.3075790405, -54.6308517456, -63.3847351074, -43.8052635193, 49.1903457642, 299.399627686, -27.9271392822, -79.1950683594, 27.1733570099, -19.6201324463, 34.9605255127], [-405.117553711, -146.89225769, 68.3500747681, -47.2576370239, 18.4871711731, 107.295402527, 2.02366495132, -27.9271392822, 233.973388672, 27.6559333801, -2.79751944542, 36.4644203186, -30.5616436005], [-20.5918712616, -467.353424072, -94.0874099731, 52.4014701843, 59.2949447632, 90.4928894043, -13.3229341507, -79.1950683594, 27.6559333801, 253.14956665, 47.5298805237, -28.1714038849, -15.7828626633], [102.090492249, -192.648605347, -112.880264282, -85.5656967163, -76.732208252, 96.8498840332, 52.9725761414, 27.1733570099, -2.79751944542, 47.5298805237, 226.782196045, 70.1742630005, -34.9774894714], [19.1103458405, -205.260421753, 4.42086076736, -35.0035667419, -98.0318374634, 85.7263793945, 85.2046508789, -19.6201324463, 36.4644203186, -28.1714038849, 70.1742630005, 167.210418701, -16.4892787933], [-103.95791626, 143.43447876, 23.9857769012, -9.26022720337, 43.7409667969, -33.2080116272, -14.7741928101, 34.9605255127, -30.5616436005, -15.7828626633, -34.9774894714, -16.4892787933, 117.691116333]],
        "icov": [[0.00036219478352, -0.000223664901569, 0.000605187611654, -0.000443647644715, 0.000605574692599, -0.000295480975183, 0.000556357088499, -0.000329684320604, 0.000427640596172, -0.000307709298795, 0.000296724145301, -0.000472109706607, 0.000385430874303], [-0.000223664901569, 0.000700310920365, -0.000345632142853, 0.000945449515712, -0.000732108252123, 0.000926620850805, -0.000480348797282, 0.000504697964061, -0.000271872093435, 0.00105902331416, -0.000254543672781, 0.000789543671999, -0.000476508197607], [0.000605187611654, -0.000345632142853, 0.00199385359883, -0.00107249314897, 0.000961565470789, -0.00105358602013, 0.00051135243848, -0.00076155475108, 0.000484144373331, 5.17368243891e-05, 0.000983538338915, -0.000481131311972, 0.000458376278402], [-0.000443647644715, 0.000945449515712, -0.00107249314897, 0.003057355294, -0.00162111653481, 0.00110755930655, -0.000762069947086, 0.000817648426164, 0.000226116171689, 0.000897605612408, 0.000211711492739, 0.000844132853672, -0.000148253733641], [0.000605574692599, -0.000732108252123, 0.000961565470789, -0.00162111653481, 0.0034319399856, -0.00101136660669, 0.00177888560575, -0.000416549271904, 0.000294024706818, -0.00125595508143, 0.000536887149792, -0.000266383925918, -8.00368288765e-05], [-0.000295480975183, 0.000926620850805, -0.00105358602013, 0.00110755930655, -0.00101136660669, 0.00444370880723, -0.000718464783859, 0.000936263299081, -0.00137824250851, 0.000374052702682, -0.00155630661175, -6.50802530799e-06, -0.000598196987994], [0.000556357088499, -0.000480348797282, 0.00051135243848, -0.000762069947086, 0.00177888560575, -0.000718464783859, 0.00580188585445, -0.00141573150177, 0.00109149038326, -0.00126622326206, 0.000413356960053, -0.00306331203319, 0.00100498332176], [-0.000329684320604, 0.000504697964061, -0.00076155475108, 0.000817648426164, -0.000416549271904, 0.000936263299081, -0.00141573150177, 0.00492586195469, -0.000600043800659, 0.00225414102897, -0.0018556707073, 0.0025197560899, -0.00196073297411], [0.000427640596172, -0.000271872093435, 0.000484144373331, 0.000226116171689, 0.000294024706818, -0.00137824250851, 0.00109149038326, -0.000600043800659, 0.00602593272924, -0.00112054019701, 0.00168634124566, -0.00210251915269, 0.00206642551348], [-0.000307709298795, 0.00105902331416, 5.17368243891e-05, 0.000897605612408, -0.00125595508143, 0.000374052702682, -0.00126622326206, 0.00225414102897, -0.00112054019701, 0.00736326025799, -0.0020457347855, 0.00373367359862, -0.00114702503197], [0.000296724145301, -0.000254543672781, 0.000983538338915, 0.000211711492739, 0.000536887149792, -0.00155630661175, 0.000413356960053, -0.0018556707073, 0.00168634124566, -0.0020457347855, 0.0074021955952, -0.00323959277011, 0.00226257205941], [-0.000472109706607, 0.000789543671999, -0.000481131311972, 0.000844132853672, -0.000266383925918, -6.50802530799e-06, -0.00306331203319, 0.0025197560899, -0.00210251915269, 0.00373367359862, -0.00323959277011, 0.0111770704389, -0.00169276772067], [0.000385430874303, -0.000476508197607, 0.000458376278402, -0.000148253733641, -8.00368288765e-05, -0.000598196987994, 0.00100498332176, -0.00196073297411, 0.00206642551348, -0.00114702503197, 0.00226257205941, -0.00169276772067, 0.0107005322352]]
    },
    "spectral_contrast_coeffs": {
        "mean": [-0.646238744259, -0.7358507514, -0.799214661121, -0.805391848087, -0.769727647305, -0.730015993118],
        "stdev": [0.130038663745, 0.103798486292, 0.0812124013901, 0.066465549171, 0.0744065716863, 0.0606847405434]
    },
    "spectral_contrast_valleys": {
        "mean": [-7.22342300415, -7.25993919373, -8.09567642212, -8.48994541168, -8.38708305359, -12.4212617874],
        "stdev": [1.13609063625, 1.47465646267, 1.51146614552, 1.41163575649, 1.29102611542, 1.11378979683]
    }
},
"rhythm": {
    "beats_count": 125,
    "beats_loudness": {
        "mean": 0.0489734485745,
        "stdev": 0.0257901046425
    },
    "bpm": 143.895172119,
    "bpm_histogram_first_peak_bpm": 144,
    "bpm_histogram_first_peak_weight": 0.5,
    "bpm_histogram_second_peak_bpm": 129,
    "bpm_histogram_second_peak_spread": 0.45454543829,
    "bpm_histogram_second_peak_weight": 0.0967741906643,
    "danceability": 1.68729543686,
    "onset_rate": 6.10128211975,
    "beats_loudness_band_ratio": {
        "mean": [0.551659226418, 0.136649623513, 0.180926010013, 0.0752932205796, 0.0409304611385, 0.0479779802263],
        "stdev": [0.223151907325, 0.112626969814, 0.146716713905, 0.0780464336276, 0.0569235533476, 0.166641026735]
    },
    "beats_position": [0.626938760281, 1.26548755169, 1.86920630932, 2.48453521729, 3.03020405769, 3.5758728981, 4.13315200806, 4.66721057892, 5.20126962662, 5.73532867432, 6.26938772202, 6.80344676971, 7.33750534058, 7.87156438828, 8.40562343597, 8.93968200684, 9.46213150024, 9.98458003998, 10.5070295334, 11.0062580109, 11.505487442, 11.9698867798, 12.4691152573, 12.9683446884, 13.4675731659, 13.9551925659, 14.4544210434, 14.8839902878, 15.3251695633, 15.7431287766, 16.1843090057, 16.6254863739, 17.0666656494, 17.5194549561, 17.9722442627, 18.4366436005, 18.9010429382, 19.3422222137, 19.7834014893, 20.2245807648, 20.642539978, 21.0721092224, 21.5016784668, 21.9196376801, 22.3608150482, 22.8136043549, 23.2663936615, 23.6959629059, 24.0907020569, 24.4738311768, 24.8569602966, 25.2633094788, 25.6580486298, 26.0295696259, 26.4243087769, 26.7958278656, 27.1905670166, 27.5853061676, 27.9800453186, 28.3747844696, 28.7695236206, 29.1642627716, 29.5590019226, 30.0234012604, 30.5110206604, 30.9986381531, 31.4630374908, 31.9274368286, 32.4150543213, 32.9026756287, 33.3902931213, 33.8546943665, 34.4584121704, 35.0621299744, 35.6890678406, 36.304397583, 36.9197273254, 37.5466651917, 38.1503829956, 38.765712738, 39.3810424805, 40.0079803467, 40.6465301514, 41.2850799561, 41.8191375732, 42.3299751282, 42.8292045593, 43.3168258667, 43.7928352356, 44.257232666, 44.7448501587, 45.2208595276, 45.6968688965, 46.1844902039, 46.6488876343, 47.1248970032, 47.5892944336, 48.0653038025, 48.5529251099, 49.0173225403, 49.4817237854, 49.9229011536, 50.3989105225, 50.8168716431, 51.2464370728, 51.6643981934, 52.0823554993, 52.5003166199, 52.9182739258, 53.3362350464, 53.7425842285, 54.1721534729, 54.5901107788, 55.0080718994, 55.4144210815, 55.8207702637, 56.2387275696, 56.6450767517, 57.0398178101, 57.4461669922, 57.8641242981, 58.2820854187, 58.6884346008, 59.094783783, 59.4895210266],
    "bpm_histogram": [0, 0, 0, 0, 0, 0, 0, 0, 0, 0, 0, 0, 0, 0, 0, 0, 0, 0, 0, 0, 0, 0, 0, 0, 0, 0, 0, 0, 0, 0, 0, 0, 0, 0, 0, 0, 0, 0, 0, 0, 0, 0, 0, 0, 0, 0, 0, 0, 0, 0, 0, 0, 0, 0, 0, 0, 0, 0, 0, 0, 0, 0, 0, 0, 0, 0, 0, 0, 0, 0, 0, 0, 0, 0, 0, 0, 0, 0, 0, 0, 0, 0, 0, 0, 0, 0, 0, 0, 0, 0, 0, 0, 0, 0, 0.0241935476661, 0, 0.0241935476661, 0, 0.0403225794435, 0.0322580635548, 0, 0, 0, 0, 0, 0, 0, 0, 0.00806451588869, 0, 0.0161290317774, 0, 0.0806451588869, 0, 0, 0.0241935476661, 0, 0.00806451588869, 0, 0, 0.0564516112208, 0, 0, 0.0806451588869, 0, 0, 0.0483870953321, 0, 0, 0.0967741906643, 0, 0, 0, 0.0322580635548, 0, 0, 0.0725806429982, 0, 0, 0, 0.0483870953321, 0, 0, 0, 0.112903222442, 0, 0, 0, 0.0645161271095, 0, 0, 0, 0.0967741906643, 0, 0, 0, 0, 0.0161290317774, 0, 0, 0, 0.0161290317774, 0, 0, 0, 0, 0, 0, 0, 0, 0, 0, 0, 0, 0, 0, 0, 0, 0, 0, 0, 0, 0, 0, 0, 0, 0, 0, 0, 0, 0, 0, 0, 0, 0, 0, 0, 0, 0, 0, 0, 0, 0, 0, 0, 0, 0, 0, 0, 0, 0, 0, 0, 0, 0, 0, 0, 0, 0, 0, 0, 0, 0, 0, 0, 0, 0, 0, 0, 0, 0, 0, 0, 0, 0, 0, 0, 0, 0, 0, 0, 0, 0, 0, 0, 0, 0, 0, 0, 0]
},
"tonal": {
    "chords_changes_rate": 0.1875,
    "chords_number_rate": 0.0123456791043,
    "chords_strength": {
        "mean": 0.434748888016,
        "stdev": 0.0938092246652
    },
    "hpcp_crest": {
        "mean": 12.6118497849,
        "stdev": 6.16575956345
    },
    "hpcp_entropy": {
        "mean": 2.2055978775,
        "stdev": 0.78450024128
    },
    "key_edma": {
        "strength": 0.286613941193,
        "key": "G",
        "scale": "minor"
    },
    "key_krumhansl": {
        "strength": 0.277592539787,
        "key": "G",
        "scale": "minor"
    },
    "key_temperley": {
        "strength": 0.260996222496,
        "key": "G",
        "scale": "minor"
    },
    "tuning_diatonic_strength": 0.44258543849,
    "tuning_equal_tempered_deviation": 0.276324868202,
    "tuning_frequency": 439.238189697,
    "tuning_nontempered_energy_ratio": 0.914053201675,
    "hpcp": {
        "mean": [0.159377023578, 0.129161298275, 0.112217493355, 0.112112998962, 0.113591842353, 0.0953818485141, 0.0806860253215, 0.0722045823932, 0.0695370808244, 0.0627632588148, 0.0535445995629, 0.0523308888078, 0.0561586618423, 0.0643640980124, 0.065031260252, 0.0680253133178, 0.0728121548891, 0.0655159279704, 0.0622057132423, 0.0639998391271, 0.0623270124197, 0.0609165281057, 0.0624586343765, 0.0673943907022, 0.0665241926908, 0.0695344507694, 0.0814785063267, 0.0930898860097, 0.107444763184, 0.130319625139, 0.140754386783, 0.131088107824, 0.13199621439, 0.141168281436, 0.161539182067, 0.180313140154],
        "stdev": [0.298726677895, 0.267193078995, 0.251884788275, 0.252034515142, 0.259935438633, 0.227388948202, 0.20903582871, 0.1926741153, 0.192047819495, 0.173707917333, 0.153011843562, 0.154596939683, 0.157342091203, 0.171634554863, 0.165986597538, 0.168380916119, 0.185215875506, 0.164419680834, 0.154389128089, 0.159385949373, 0.158716499805, 0.155752152205, 0.148150369525, 0.172428458929, 0.171696424484, 0.18093188107, 0.193173334002, 0.217734456062, 0.237521082163, 0.261834710836, 0.279375314713, 0.264402478933, 0.262557417154, 0.273210048676, 0.299136191607, 0.311861604452]
    },
    "chords_histogram": [5.78703689575, 0.925925910473, 0.385802477598, 1.92901229858, 0.308641970158, 0.694444417953, 0.0771604925394, 14.1975307465, 1.85185182095, 2.39197540283, 4.08950614929, 3.78086423874, 6.0956788063, 2.23765420914, 8.95061683655, 0.771604955196, 0.385802477598, 1.85185182095, 0.925925910473, 12.5771608353, 4.62962961197, 18.3641967773, 4.78395080566, 2.00617289543],
    "thpcp": [1, 0.883890211582, 0.716316640377, 0.622347831726, 0.621768295765, 0.629969835281, 0.52897888422, 0.447477221489, 0.400439947844, 0.385646224022, 0.348079234362, 0.29695340991, 0.290222257376, 0.311450749636, 0.356957346201, 0.36065736413, 0.377262085676, 0.40380948782, 0.363345265388, 0.344987124205, 0.354937195778, 0.345659852028, 0.337837427855, 0.34638980031, 0.373763054609, 0.368937015533, 0.385631620884, 0.451872259378, 0.516267895699, 0.595878720284, 0.722740590572, 0.780610799789, 0.727002501488, 0.732038795948, 0.782906234264, 0.895881354809],
    "chords_key": "G#",
    "chords_scale": "major"
}
}