{
"metadata": {
    "version": {
        "essentia": "2.1-dev",
        "essentia_git_sha": "v2.1_beta3-415-gd5473f3",
        "extractor": "music 2.0"
    },
    "audio_properties": {
        "analysis": {
            "equal_loudness": 0,
            "length": 68.4146957397,
            "sample_rate": 44100,
            "start_time": 0,
            "downmix": "mix"
        },
        "bit_rate": 192000,
        "length": 68.4146957397,
        "lossless": 0,
        "number_channels": 2,
        "replay_gain": -11.7180576324,
        "sample_rate": 44100,
        "codec": "mp3",
        "md5_encoded": "d94bd7293fa6ccbffadf14870a329743"
    },
    "tags": {
        "file_name": "speech_26_69-g.mp3"
    }
},
"lowlevel": {
    "average_loudness": 0.976073622704,
    "barkbands_crest": {
        "mean": 11.2460842133,
        "stdev": 4.40340042114
    },
    "barkbands_flatness_db": {
        "mean": 0.244362160563,
        "stdev": 0.0838594064116
    },
    "barkbands_kurtosis": {
        "mean": 12.5274600983,
        "stdev": 21.965669632
    },
    "barkbands_skewness": {
        "mean": 1.91378462315,
        "stdev": 2.08549714088
    },
    "barkbands_spread": {
        "mean": 14.7799158096,
        "stdev": 16.5033187866
    },
    "dissonance": {
        "mean": 0.444896876812,
        "stdev": 0.052140686661
    },
    "dynamic_complexity": 5.58603715897,
    "erbbands_crest": {
        "mean": 10.1308603287,
        "stdev": 4.67824459076
    },
    "erbbands_flatness_db": {
        "mean": 0.230061545968,
        "stdev": 0.0538445934653
    },
    "erbbands_kurtosis": {
        "mean": 4.22402334213,
        "stdev": 11.6782522202
    },
    "erbbands_skewness": {
        "mean": 0.668902873993,
        "stdev": 1.66915988922
    },
    "erbbands_spread": {
        "mean": 30.5960693359,
        "stdev": 19.734834671
    },
    "hfc": {
        "mean": 9.91798114777,
        "stdev": 10.4890260696
    },
    "loudness_ebu128": {
        "integrated": -12.9427318573,
        "loudness_range": 1.13258647919,
        "momentary": {
            "mean": -14.2072677612,
            "stdev": 4.27835416794
        },
        "short_term": {
            "mean": -13.1430425644,
            "stdev": 0.394681990147
        }
    },
    "melbands_crest": {
        "mean": 14.4084558487,
        "stdev": 5.72615098953
    },
    "melbands_flatness_db": {
        "mean": 0.29436904192,
        "stdev": 0.115907333791
    },
    "melbands_kurtosis": {
        "mean": 26.0345115662,
        "stdev": 44.4011802673
    },
    "melbands_skewness": {
        "mean": 3.03989028931,
        "stdev": 2.44419240952
    },
    "melbands_spread": {
        "mean": 22.1341915131,
        "stdev": 33.7919883728
    },
    "pitch_salience": {
        "mean": 0.660720705986,
        "stdev": 0.151086717844
    },
    "silence_rate_20dB": {
        "mean": 1,
        "stdev": 0
    },
    "silence_rate_30dB": {
        "mean": 0.9989823699,
        "stdev": 0.0318837314844
    },
    "silence_rate_60dB": {
        "mean": 0.270352780819,
        "stdev": 0.444144099951
    },
    "spectral_centroid": {
        "mean": 1173.2677002,
        "stdev": 1163.20751953
    },
    "spectral_complexity": {
        "mean": 9.16248321533,
        "stdev": 7.83434200287
    },
    "spectral_decrease": {
        "mean": -6.44880815415e-09,
        "stdev": 6.28679730497e-09
    },
    "spectral_energy": {
        "mean": 0.0252388920635,
        "stdev": 0.024414036423
    },
    "spectral_energyband_high": {
        "mean": 0.000190582271898,
        "stdev": 0.00062163034454
    },
    "spectral_energyband_low": {
        "mean": 0.00696986261755,
        "stdev": 0.00731266662478
    },
    "spectral_energyband_middle_high": {
        "mean": 0.00175150041468,
        "stdev": 0.00272044166923
    },
    "spectral_energyband_middle_low": {
        "mean": 0.0173200089484,
        "stdev": 0.018574507907
    },
    "spectral_entropy": {
        "mean": 6.97517776489,
        "stdev": 0.788797855377
    },
    "spectral_flux": {
        "mean": 0.0801070556045,
        "stdev": 0.053666446358
    },
    "spectral_kurtosis": {
        "mean": 9.64596652985,
        "stdev": 10.4576797485
    },
    "spectral_rms": {
        "mean": 0.00412520300597,
        "stdev": 0.00275790248998
    },
    "spectral_rolloff": {
        "mean": 1155.27294922,
        "stdev": 1674.53881836
    },
    "spectral_skewness": {
        "mean": 1.89401817322,
        "stdev": 1.16017591953
    },
    "spectral_spread": {
        "mean": 3001404.75,
        "stdev": 1685284
    },
    "spectral_strongpeak": {
        "mean": 0.702713310719,
        "stdev": 0.766848564148
    },
    "zerocrossingrate": {
        "mean": 0.0427534282207,
        "stdev": 0.0470126420259
    },
    "barkbands": {
        "mean": [5.05502393935e-05, 0.0022938514594, 0.00368064595386, 0.00257370085455, 0.00917437393218, 0.00266899960116, 0.00118673429824, 0.000728506885935, 0.000886334921233, 0.000270256219665, 0.000192359977518, 0.000172720610863, 0.000203507181141, 0.000208779340028, 0.000108625514258, 0.000128293249873, 0.000120122625958, 0.000117475981824, 0.000188094491023, 0.000165301913512, 6.82609679643e-05, 2.71210719802e-05, 1.30744710987e-05, 8.50456308399e-06, 2.70129817181e-06, 1.49966083995e-08, 7.98815069647e-10],
        "stdev": [0.00068275682861, 0.00372519041412, 0.00479397317395, 0.00399475544691, 0.0116674182937, 0.00460215331987, 0.00274197082035, 0.00195148924831, 0.00254044705071, 0.00072050926974, 0.000548144453205, 0.000621328654233, 0.000545715563931, 0.000570604985114, 0.000283153058263, 0.000309585593641, 0.000332849333063, 0.000623270811047, 0.000898229540326, 0.000515737920068, 0.000318564008921, 0.000143292592838, 4.96197062603e-05, 3.29702961608e-05, 1.07504747575e-05, 7.47318438243e-08, 1.45066825219e-09]
    },
    "erbbands": {
        "mean": [0.0269993953407, 0.684063971043, 3.90156435966, 6.38218355179, 20.0076828003, 32.4049263, 28.461359024, 21.0445690155, 18.6481056213, 14.9071073532, 19.0985221863, 19.8900318146, 11.8219690323, 7.98679733276, 7.56279659271, 7.24655103683, 9.06827354431, 11.2327508926, 7.48742723465, 5.85672903061, 7.17403364182, 6.83013963699, 6.48388051987, 6.45393705368, 11.5485649109, 7.43299150467, 3.78544306755, 2.26317429543, 1.04326450825, 0.581080257893, 0.333344638348, 0.208840712905, 0.120839320123, 0.0515426173806, 0.00780674628913, 0.000472621322842, 2.66623028438e-05, 4.04197544412e-06, 1.26383838506e-05, 2.84794696199e-05],
        "stdev": [0.144979208708, 0.858787894249, 4.46603870392, 7.92498874664, 28.297876358, 51.1819992065, 46.6131973267, 43.2211303711, 42.7770576477, 34.7868156433, 53.085899353, 58.6734848022, 29.6174240112, 21.6354484558, 20.8035106659, 25.6043949127, 23.03565979, 28.2570915222, 19.9581813812, 13.9506206512, 15.8960771561, 18.9859867096, 32.8546485901, 28.9749641418, 49.7050514221, 21.868850708, 16.5903186798, 10.8517065048, 5.11213779449, 2.14663815498, 1.26157665253, 0.796858370304, 0.468167990446, 0.201091855764, 0.032548610121, 0.00197953684255, 6.82374011376e-05, 7.46310251998e-06, 1.14601025416e-05, 2.7016914828e-05]
    },
    "gfcc": {
        "mean": [-132.62210083, 151.50328064, -124.298614502, 62.8805961609, -52.3891410828, 1.21087014675, -32.8749351501, -8.38315391541, -14.4372062683, -17.7828636169, 3.76741552353, -23.7650985718, 7.7867808342],
        "cov": [[12221.6142578, 1545.84631348, -788.87121582, -848.195617676, -428.967163086, -1139.28125, -581.143676758, -222.208770752, -216.540252686, -376.064910889, -70.7532577515, -643.913879395, -327.405273438], [1545.84631348, 2868.44042969, 952.615539551, -1167.44396973, 189.768264771, -700.655639648, -90.2218704224, -433.165679932, -61.7411727905, -513.406066895, 59.1386299133, -247.802368164, -78.9182357788], [-788.87121582, 952.615539551, 1251.4206543, -114.007949829, 155.615600586, -281.70904541, -50.451084137, -212.25604248, -45.346698761, -268.264282227, -29.5247211456, 37.5719146729, 22.6415100098], [-848.195617676, -1167.44396973, -114.007949829, 967.836303711, 111.501960754, 151.880828857, -51.7701911926, 109.551132202, 62.2570838928, 182.741348267, -39.6430931091, 108.046554565, 91.6248550415], [-428.967163086, 189.768264771, 155.615600586, 111.501960754, 358.012481689, -33.9301605225, -54.766658783, -97.356590271, 39.7566642761, -19.7530002594, 0.406181782484, -8.3148021698, 16.4698886871], [-1139.28125, -700.655639648, -281.70904541, 151.880828857, -33.9301605225, 571.343383789, 187.429595947, 135.847473145, 24.3657608032, 180.953765869, -3.38516879082, 85.639251709, 30.657169342], [-581.143676758, -90.2218704224, -50.451084137, -51.7701911926, -54.766658783, 187.429595947, 298.855102539, 76.4330062866, -49.014541626, 22.9903526306, 14.3082733154, 30.6650676727, -1.52080905437], [-222.208770752, -433.165679932, -212.25604248, 109.551132202, -97.356590271, 135.847473145, 76.4330062866, 236.566345215, 11.2885379791, 83.8700561523, 14.2198066711, 31.0561161041, 19.3453330994], [-216.540252686, -61.7411727905, -45.346698761, 62.2570838928, 39.7566642761, 24.3657608032, -49.014541626, 11.2885379791, 131.06628418, 40.6966629028, -8.02361392975, 5.38898611069, 15.7686958313], [-376.064910889, -513.406066895, -268.264282227, 182.741348267, -19.7530002594, 180.953765869, 22.9903526306, 83.8700561523, 40.6966629028, 235.348495483, 25.9088459015, -6.39999294281, 24.0595836639], [-70.7532577515, 59.1386299133, -29.5247211456, -39.6430931091, 0.406181782484, -3.38516879082, 14.3082733154, 14.2198066711, -8.02361392975, 25.9088459015, 101.410247803, -3.37275886536, -19.8893184662], [-643.913879395, -247.802368164, 37.5719146729, 108.046554565, -8.3148021698, 85.639251709, 30.6650676727, 31.0561161041, 5.38898611069, -6.39999294281, -3.37275886536, 167.179138184, 28.1603164673], [-327.405273438, -78.9182357788, 22.6415100098, 91.6248550415, 16.4698886871, 30.657169342, -1.52080905437, 19.3453330994, 15.7686958313, 24.0595836639, -19.8893184662, 28.1603164673, 87.3748550415]],
        "icov": [[0.000181942203199, -0.000141565295053, 0.000249649951002, -0.000120535813039, 0.000229633573326, 0.000147619954078, 0.000287344009848, -5.0002036005e-05, 0.000304098415654, 0.000140359712532, 0.000283109664451, 0.000339335267199, 0.000398145086365], [-0.000141565295053, 0.00297761987895, -0.00110950344242, 0.00261425809003, -0.0012412922224, 0.00109996926039, -0.000977635965683, 0.00156245217659, -0.00146203348413, 0.00237820693292, -0.0023030389566, 0.00219334894791, -0.00243202061392], [0.000249649951002, -0.00110950344242, 0.00188267743215, -0.00103743409272, 0.000379958335543, 7.81830967753e-05, 0.000415858899942, 0.000117845876957, 0.000916771066841, 0.000487864715979, 0.000920404156204, -0.000636604672763, 0.00053037883481], [-0.000120535813039, 0.00261425809003, -0.00103743409272, 0.00394797418267, -0.00178643339314, 0.00111855461728, -0.000409047584981, 0.000656977470499, -0.00106321671046, 0.00066362664802, -0.00111048843246, 0.000874809047673, -0.0026954964269], [0.000229633573326, -0.0012412922224, 0.000379958335543, -0.00178643339314, 0.00444786716253, -0.000630071153864, 0.000699416326825, 0.00104046275374, -0.000331745046424, -0.000133957335493, 0.000174184184289, 0.000219846115215, 0.000744207645766], [0.000147619954078, 0.00109996926039, 7.81830967753e-05, 0.00111855461728, -0.000630071153864, 0.00417382223532, -0.00195206480566, 0.000180541945156, -0.000609371461906, -0.00119403121062, 0.000478659261717, -0.000333549192874, -0.000410989887314], [0.000287344009848, -0.000977635965683, 0.000415858899942, -0.000409047584981, 0.000699416326825, -0.00195206480566, 0.00583208352327, -0.00168993044645, 0.00270414794795, 5.82008360652e-05, 0.000508714234456, -0.000171118008438, 0.00121053890325], [-5.0002036005e-05, 0.00156245217659, 0.000117845876957, 0.000656977470499, 0.00104046275374, 0.000180541945156, -0.00168993044645, 0.00758194923401, -0.00150758947711, 0.00114691315684, -0.00231829821132, 0.000974412483629, -0.00234868377447], [0.000304098415654, -0.00146203348413, 0.000916771066841, -0.00106321671046, -0.000331745046424, -0.000609371461906, 0.00270414794795, -0.00150758947711, 0.0103989578784, -0.00229177996516, 0.00228753150441, -0.000970371242147, 0.000941343023442], [0.000140359712532, 0.00237820693292, 0.000487864715979, 0.00066362664802, -0.000133957335493, -0.00119403121062, 5.82008360652e-05, 0.00114691315684, -0.00229177996516, 0.0115932393819, -0.00474192202091, 0.00490237399936, -0.00339520373382], [0.000283109664451, -0.0023030389566, 0.000920404156204, -0.00111048843246, 0.000174184184289, 0.000478659261717, 0.000508714234456, -0.00231829821132, 0.00228753150441, -0.00474192202091, 0.013808997348, -0.00254472880624, 0.00508449273184], [0.000339335267199, 0.00219334894791, -0.000636604672763, 0.000874809047673, 0.000219846115215, -0.000333549192874, -0.000171118008438, 0.000974412483629, -0.000970371242147, 0.00490237399936, -0.00254472880624, 0.0108020380139, -0.00287840515375], [0.000398145086365, -0.00243202061392, 0.00053037883481, -0.0026954964269, 0.000744207645766, -0.000410989887314, 0.00121053890325, -0.00234868377447, 0.000941343023442, -0.00339520373382, 0.00508449273184, -0.00287840515375, 0.0168244857341]]
    },
    "melbands": {
        "mean": [0.000429303181591, 0.00168861669954, 0.00150939426385, 0.00195793434978, 0.00113147741649, 0.000473428866826, 0.000278430932667, 0.000153942164616, 0.00016331174993, 0.000121509518067, 5.65808259125e-05, 3.18025486195e-05, 2.57356550719e-05, 2.05633295991e-05, 1.78248992597e-05, 2.17225788219e-05, 2.06945551326e-05, 1.28187593873e-05, 7.64699143474e-06, 8.5363699327e-06, 8.34894945001e-06, 7.05263482814e-06, 6.83062762619e-06, 5.04703530169e-06, 4.82955556436e-06, 8.23333175504e-06, 7.69371490605e-06, 4.35528181697e-06, 2.6506049835e-06, 1.61281877809e-06, 1.18219827527e-06, 6.4638470576e-07, 3.64291111055e-07, 3.02221963011e-07, 2.02517824732e-07, 1.35302940407e-07, 1.27614200096e-07, 9.89484547631e-08, 5.00253101166e-08, 4.07529299196e-08],
        "stdev": [0.00106252392288, 0.00177161837928, 0.0017017199425, 0.00259252102114, 0.00175149133429, 0.000922434323002, 0.00062601006357, 0.000362833001418, 0.00046973847202, 0.000360537815141, 0.000144754943904, 8.92136667971e-05, 7.1748130722e-05, 7.4085626693e-05, 5.62446912227e-05, 5.72425051359e-05, 5.41118606634e-05, 3.81242607546e-05, 2.04568314075e-05, 2.2009415261e-05, 1.90470891539e-05, 1.69091836142e-05, 4.55831395811e-05, 2.70892251137e-05, 2.37349649979e-05, 4.69256556244e-05, 2.67066334345e-05, 1.34868705572e-05, 1.22860956253e-05, 8.32049772725e-06, 6.12074927631e-06, 3.9881133489e-06, 1.30582327529e-06, 1.20833317396e-06, 8.07173933026e-07, 5.08151458689e-07, 5.1276464319e-07, 3.98756469622e-07, 1.9316409805e-07, 1.65290487075e-07]
    },
    "melbands128": {
        "mean": [4.440059638e-05, 0.000122868892504, 0.000404490594519, 0.00134283432271, 0.00203261943534, 0.00169802363962, 0.00109414674807, 0.00148102187086, 0.00216601951979, 0.00201897555962, 0.00189866800793, 0.00152927020099, 0.000993545982055, 0.00057549867779, 0.000464237848064, 0.000447718863143, 0.000341216829838, 0.000249750126386, 0.000224198927754, 0.000157329632202, 0.000122108598589, 0.000135630063596, 0.000190271850443, 0.000169481805642, 0.000126286540763, 0.000114712660434, 8.0289086327e-05, 4.87286924908e-05, 3.78848999389e-05, 3.25541186612e-05, 2.96224425256e-05, 3.02335101878e-05, 2.5104609449e-05, 2.40393546846e-05, 2.0563686121e-05, 2.07729717658e-05, 1.81102477654e-05, 1.69272789208e-05, 1.77391684701e-05, 1.99066416826e-05, 2.31113353948e-05, 2.38786287809e-05, 2.21147074626e-05, 1.87662153621e-05, 1.54502995429e-05, 1.17805693662e-05, 9.75847797235e-06, 7.21081232768e-06, 7.04820877218e-06, 7.20854677638e-06, 9.57878364716e-06, 8.66762729856e-06, 8.3759869085e-06, 8.1215521277e-06, 8.30741646496e-06, 7.06264700057e-06, 5.75875992581e-06, 7.35136927688e-06, 7.36422771297e-06, 5.32152171218e-06, 5.02771035826e-06, 4.695935786e-06, 4.62560046799e-06, 4.69277892989e-06, 5.21009360455e-06, 8.64963931235e-06, 9.96408289211e-06, 8.92755360837e-06, 7.64067954151e-06, 5.21789343111e-06, 4.30404770668e-06, 4.01324541599e-06, 3.41372719959e-06, 2.39869382312e-06, 1.72960767486e-06, 1.6534676206e-06, 1.53032090111e-06, 1.48006176914e-06, 1.07059452148e-06, 1.00966224181e-06, 7.56888198339e-07, 4.59892874005e-07, 4.30708325894e-07, 3.42004994991e-07, 3.24847491129e-07, 3.37991281185e-07, 2.92181994155e-07, 2.35235702917e-07, 2.07417230058e-07, 1.72342708993e-07, 1.43189950563e-07, 1.26838457959e-07, 1.16927623139e-07, 1.25580484678e-07, 1.37463715078e-07, 1.25572853449e-07, 9.22216969457e-08, 5.95616107546e-08, 4.3672162775e-08, 4.6757385519e-08, 5.50357910356e-08, 4.15839380707e-08, 2.35175559027e-08, 9.95530324843e-09, 4.67301131124e-09, 3.40242745089e-09, 1.83027792922e-09, 6.33395669247e-10, 1.01390458529e-10, 1.9899044218e-11, 9.37585772909e-12, 5.31882133822e-12, 4.43672399167e-12, 4.23316329906e-12, 4.09202576337e-12, 3.9669942678e-12, 3.83980607727e-12, 3.72643409186e-12, 3.62720595747e-12, 3.53281965314e-12, 3.45160120103e-12, 3.38471741954e-12, 3.31284457332e-12, 3.25688456239e-12, 3.20924255053e-12, 3.17517691827e-12, 3.15173451573e-12, 3.13025798858e-12],
        "stdev": [0.000631014467217, 0.00147073552944, 0.00116603157949, 0.0017866367707, 0.00236764247529, 0.00243877014145, 0.00180740014184, 0.00245739682578, 0.00378785957582, 0.00389196281321, 0.00415662117302, 0.00312868319452, 0.00203789002262, 0.00123634457123, 0.00119265599642, 0.00137185736094, 0.00106956402306, 0.000754966400564, 0.000728113402147, 0.000457229965832, 0.000432136759628, 0.000460570125142, 0.000685259350576, 0.000659336219542, 0.000510744575877, 0.000465189659735, 0.000257514882833, 0.000147099912283, 0.000121370299894, 0.000116515766422, 9.42889382713e-05, 0.000107499494334, 8.0989273556e-05, 8.24993912829e-05, 8.37487823446e-05, 0.000100174816907, 8.16604951979e-05, 6.63726314087e-05, 6.40435537207e-05, 5.90170893702e-05, 8.20714049041e-05, 7.22479016986e-05, 6.46893240628e-05, 6.06637586316e-05, 6.11135255895e-05, 3.98812298954e-05, 2.97055885312e-05, 2.37655913224e-05, 2.24520426855e-05, 1.8822200218e-05, 3.18038510159e-05, 2.30904515774e-05, 2.20047004404e-05, 2.04877032957e-05, 2.10271464312e-05, 1.89825113921e-05, 1.66967929545e-05, 6.2339095166e-05, 6.22777733952e-05, 3.72289650841e-05, 3.45178814314e-05, 2.90389507427e-05, 2.99341827485e-05, 2.53198159044e-05, 2.62359517365e-05, 7.79710171628e-05, 5.99185768806e-05, 3.67044121958e-05, 3.12284755637e-05, 1.79246890184e-05, 1.39324920383e-05, 1.56648675329e-05, 1.55378638738e-05, 1.53282562678e-05, 9.63413367572e-06, 1.02255344245e-05, 9.42204133025e-06, 9.39986512094e-06, 5.15850115335e-06, 8.9132317953e-06, 6.40407051833e-06, 1.80879953859e-06, 1.68850510818e-06, 1.29383840886e-06, 1.37259780786e-06, 1.39585381476e-06, 1.33053492846e-06, 1.0465679452e-06, 8.54928316585e-07, 7.19870854482e-07, 5.53626705369e-07, 5.37913081189e-07, 4.86742010253e-07, 5.17784940257e-07, 6.16206364157e-07, 5.84894735312e-07, 3.47422002278e-07, 2.49239462846e-07, 1.88948817481e-07, 1.79663885547e-07, 2.32449082205e-07, 1.76970331722e-07, 1.03239713667e-07, 4.47577974683e-08, 2.17350422105e-08, 1.56027688547e-08, 8.54570547659e-09, 3.32352256827e-09, 6.72695621429e-10, 1.36991210042e-10, 4.09946139535e-11, 1.30866368089e-11, 8.06114289903e-12, 7.70607709588e-12, 7.44588765644e-12, 7.20693079867e-12, 6.98189509679e-12, 6.7781140943e-12, 6.59204678691e-12, 6.42114009533e-12, 6.26848616417e-12, 6.13441025407e-12, 6.01309063306e-12, 5.91095705368e-12, 5.82508563954e-12, 5.75741711251e-12, 5.70964369534e-12, 5.67700400578e-12]
    },
    "mfcc": {
        "mean": [-760.53112793, 153.00227356, 4.03828859329, 46.983745575, 12.9358558655, 4.81043338776, 4.26350545883, -2.41737413406, -6.06282663345, 4.92178058624, -9.01594352722, -5.85011816025, -0.428678691387],
        "cov": [[10188.7871094, 1229.17224121, -1079.45373535, -57.4917144775, -424.973419189, -817.871887207, -487.154785156, -400.558288574, -509.676452637, 256.329406738, -242.040847778, -140.148880005, -72.9095993042], [1229.17224121, 3971.80688477, 576.145385742, -441.428710938, 54.8337974548, -522.754089355, -155.165924072, -132.474136353, -393.28817749, -189.380096436, -342.661682129, -160.883682251, 78.5555419922], [-1079.45373535, 576.145385742, 866.264831543, 130.248657227, 92.7674636841, -19.3535823822, -2.07010960579, 64.5871353149, -11.4664459229, -147.452331543, -113.64944458, -44.4774703979, 27.6765956879], [-57.4917144775, -441.428710938, 130.248657227, 681.811340332, 233.411437988, -4.03342628479, -94.5012207031, -40.7312431335, 9.48516654968, -31.7537078857, -65.3238601685, -31.7301368713, -7.32107114792], [-424.973419189, 54.8337974548, 92.7674636841, 233.411437988, 427.693939209, 73.881980896, -106.412376404, -53.7936401367, -3.73096990585, -6.6681265831, -48.9853363037, -1.81551539898, -6.0898680687], [-817.871887207, -522.754089355, -19.3535823822, -4.03342628479, 73.881980896, 376.921905518, 93.8864212036, 20.2359848022, 114.498825073, 3.21194458008, 82.392791748, 36.6071357727, -24.6931247711], [-487.154785156, -155.165924072, -2.07010960579, -94.5012207031, -106.412376404, 93.8864212036, 296.151916504, 70.4679107666, 53.9150772095, 19.3927326202, 82.9330749512, 31.6451244354, -7.81312274933], [-400.558288574, -132.474136353, 64.5871353149, -40.7312431335, -53.7936401367, 20.2359848022, 70.4679107666, 210.398544312, 48.1837081909, -73.9013748169, 43.0748023987, -2.98401045799, -2.89024686813], [-509.676452637, -393.28817749, -11.4664459229, 9.48516654968, -3.73096990585, 114.498825073, 53.9150772095, 48.1837081909, 207.639190674, 14.1724433899, 38.7223434448, 32.4225654602, -9.49542999268], [256.329406738, -189.380096436, -147.452331543, -31.7537078857, -6.6681265831, 3.21194458008, 19.3927326202, -73.9013748169, 14.1724433899, 241.142303467, 30.6533241272, -6.25036525726, 6.63620853424], [-242.040847778, -342.661682129, -113.64944458, -65.3238601685, -48.9853363037, 82.392791748, 82.9330749512, 43.0748023987, 38.7223434448, 30.6533241272, 171.383178711, 48.3050880432, -25.0966873169], [-140.148880005, -160.883682251, -44.4774703979, -31.7301368713, -1.81551539898, 36.6071357727, 31.6451244354, -2.98401045799, 32.4225654602, -6.25036525726, 48.3050880432, 111.067550659, 4.31598901749], [-72.9095993042, 78.5555419922, 27.6765956879, -7.32107114792, -6.0898680687, -24.6931247711, -7.81312274933, -2.89024686813, -9.49542999268, 6.63620853424, -25.0966873169, 4.31598901749, 95.4284896851]],
        "icov": [[0.000185832308489, -5.64453148399e-05, 0.000250687211519, -0.000114923554065, 0.000257401377894, 0.000149059967953, 0.000198413952603, 7.14929556125e-05, 0.00021575622668, -0.00013716952526, 0.000185623634025, -4.08623855037e-05, 0.00026200315915], [-5.64453148399e-05, 0.000611937895883, -0.000375092902686, 0.000698502466548, -0.000494071748108, 0.00057718687458, -0.000302271801047, 0.000433359586168, 0.0004208846658, 0.000476063665701, 0.000437279901234, 0.000484578486066, -0.000176433954039], [0.000250687211519, -0.000375092902686, 0.00198212568648, -0.000622274586931, 0.000272602686891, -0.000112117442768, 7.53536141929e-06, -0.000480085116578, 3.18661041092e-05, 0.000318636826705, 0.000861050968524, 4.72472529509e-05, 5.74825062358e-05], [-0.000114923554065, 0.000698502466548, -0.000622274586931, 0.00271995994262, -0.00160437240265, 0.000845910224598, -0.000281525251921, 0.000745823897887, -2.79059004242e-05, 0.000813721620943, 0.00049109722022, 0.00103543826845, -0.000134656496812], [0.000257401377894, -0.000494071748108, 0.000272602686891, -0.00160437240265, 0.00416175741702, -0.00141601217911, 0.00157808209769, -5.13279046572e-05, 0.00040229424485, -0.00085461436538, 0.00053683918668, -0.00108321837615, 0.000717691902537], [0.000149059967953, 0.00057718687458, -0.000112117442768, 0.000845910224598, -0.00141601217911, 0.00478971097618, -0.00115558842663, 0.00119768315926, -0.00122812960763, 0.00088727317052, -0.000875139550772, 0.000754885259084, 0.000378652039217], [0.000198413952603, -0.000302271801047, 7.53536141929e-06, -0.000281525251921, 0.00157808209769, -0.00115558842663, 0.0051814368926, -0.0012750539463, -8.27764142741e-06, -0.00112971186172, -0.00106666912325, -0.000981767312624, 0.000405547965784], [7.14929556125e-05, 0.000433359586168, -0.000480085116578, 0.000745823897887, -5.13279046572e-05, 0.00119768315926, -0.0012750539463, 0.0074606211856, -0.00135947635863, 0.00283117312938, -0.00184760824777, 0.00228991475888, -0.000599079416133], [0.00021575622668, 0.0004208846658, 3.18661041092e-05, -2.79059004242e-05, 0.00040229424485, -0.00122812960763, -8.27764142741e-06, -0.00135947635863, 0.00723679270595, -0.000910833303351, 0.00124408723786, -0.00146624317858, 0.000649942085147], [-0.00013716952526, 0.000476063665701, 0.000318636826705, 0.000813721620943, -0.00085461436538, 0.00088727317052, -0.00112971186172, 0.00283117312938, -0.000910833303351, 0.00619899574667, -0.00126707798336, 0.00218489905819, -0.0013121307129], [0.000185623634025, 0.000437279901234, 0.000861050968524, 0.00049109722022, 0.00053683918668, -0.000875139550772, -0.00106666912325, -0.00184760824777, 0.00124408723786, -0.00126707798336, 0.0104672834277, -0.0031736632809, 0.00234255054966], [-4.08623855037e-05, 0.000484578486066, 4.72472529509e-05, 0.00103543826845, -0.00108321837615, 0.000754885259084, -0.000981767312624, 0.00228991475888, -0.00146624317858, 0.00218489905819, -0.0031736632809, 0.0120494756848, -0.00192664726637], [0.00026200315915, -0.000176433954039, 5.74825062358e-05, -0.000134656496812, 0.000717691902537, 0.000378652039217, 0.000405547965784, -0.000599079416133, 0.000649942085147, -0.0013121307129, 0.00234255054966, -0.00192664726637, 0.0118154259399]]
    },
    "spectral_contrast_coeffs": {
        "mean": [-0.678681015968, -0.777884840965, -0.817544579506, -0.823932349682, -0.7981954813, -0.78005284071],
        "stdev": [0.14089936018, 0.096663326025, 0.0653908476233, 0.0518692843616, 0.0563894100487, 0.0473708100617]
    },
    "spectral_contrast_valleys": {
        "mean": [-7.16681861877, -7.60987186432, -8.40800762177, -8.47740459442, -8.52306556702, -11.8884534836],
        "stdev": [1.36466121674, 1.51956534386, 1.37355494499, 1.31761300564, 1.29563438892, 1.14307975769]
    }
},
"rhythm": {
    "beats_count": 112,
    "beats_loudness": {
        "mean": 0.041661798954,
        "stdev": 0.0246466454118
    },
    "bpm": 96.4479675293,
    "bpm_histogram_first_peak_bpm": 96,
    "bpm_histogram_first_peak_weight": 0.66666662693,
    "bpm_histogram_second_peak_bpm": 103,
    "bpm_histogram_second_peak_spread": 0.421052634716,
    "bpm_histogram_second_peak_weight": 0.0990990996361,
    "danceability": 1.65827584267,
    "onset_rate": 5.59702539444,
    "beats_loudness_band_ratio": {
        "mean": [0.484297782183, 0.362135976553, 0.121049441397, 0.045774590224, 0.0364633686841, 0.0342194996774],
        "stdev": [0.258915096521, 0.222638502717, 0.135793432593, 0.0644477903843, 0.0774291977286, 0.120019517839]
    },
    "beats_position": [0.487619042397, 0.99845802784, 1.50929701328, 2.04335594177, 2.55419492722, 3.01859402657, 3.48299312592, 3.93578219414, 4.38857126236, 4.87619018555, 5.39863920212, 5.89786815643, 6.39709758759, 6.90793657303, 7.45360517502, 7.97605419159, 8.498503685, 9.12544155121, 9.75238037109, 10.379319191, 10.9714279175, 11.5751476288, 12.1672563553, 12.7709751129, 13.3746938705, 13.9551925659, 14.5589113235, 15.1394100189, 15.7315187454, 16.3468475342, 16.9621772766, 17.600725174, 18.2276649475, 18.8313827515, 19.458322525, 20.0736503601, 20.6889801025, 21.2926979065, 21.9196376801, 22.5697956085, 23.1967334747, 23.800453186, 24.4273910522, 25.0427207947, 25.6232185364, 26.1921081543, 26.7726078033, 27.3763256073, 27.9568252563, 28.537322998, 29.1178226471, 29.6983222961, 30.383310318, 31.0915184021, 31.8113365173, 32.5311546326, 33.2509727478, 33.99401474, 34.725440979, 35.4568710327, 36.1650772095, 36.8616790771, 37.5698852539, 38.2780952454, 38.9050331116, 39.55519104, 40.124080658, 40.6349182129, 41.1457595825, 41.6682090759, 42.1906585693, 42.7014961243, 43.2355537415, 43.7812232971, 44.3268928528, 44.8841705322, 45.4414520264, 45.9987297058, 46.5792274475, 47.1597251892, 47.7634468079, 48.355556488, 48.9476623535, 49.5629920959, 50.2015419006, 50.8284797668, 51.4554176331, 52.0359191895, 52.6048049927, 53.1620864868, 53.7077522278, 54.2650337219, 54.8223114014, 55.3795890808, 55.936870575, 56.5754165649, 57.2371864319, 57.8989562988, 58.5375061035, 59.1644439697, 59.7797737122, 60.4183197021, 61.0684814453, 61.7302474976, 62.3920173645, 63.0537872314, 63.7387733459, 64.5050354004, 65.2828979492, 66.049156189, 66.8038101196, 67.5700683594],
    "bpm_histogram": [0, 0, 0, 0, 0, 0, 0, 0, 0, 0, 0, 0, 0, 0, 0, 0, 0, 0, 0, 0, 0, 0, 0, 0, 0, 0, 0, 0, 0, 0, 0, 0, 0, 0, 0, 0, 0, 0, 0, 0, 0, 0, 0, 0, 0, 0, 0, 0, 0, 0, 0, 0, 0, 0, 0, 0, 0, 0, 0, 0, 0, 0, 0, 0, 0, 0, 0, 0, 0, 0, 0, 0, 0, 0, 0, 0, 0, 0.00900900922716, 0.0270270276815, 0, 0.00900900922716, 0.00900900922716, 0.0180180184543, 0.0270270276815, 0, 0.0360360369086, 0.00900900922716, 0, 0.0180180184543, 0, 0, 0.0450450442731, 0.0270270276815, 0, 0.0450450442731, 0, 0.108108110726, 0, 0.0630630627275, 0.0810810774565, 0, 0.0450450442731, 0, 0.0990990996361, 0, 0.0270270276815, 0, 0, 0.0720720738173, 0, 0.0360360369086, 0, 0.0180180184543, 0, 0, 0.0450450442731, 0, 0.0630630627275, 0, 0, 0.0180180184543, 0, 0, 0.00900900922716, 0, 0, 0, 0, 0, 0.0180180184543, 0, 0, 0, 0.0180180184543, 0, 0, 0, 0, 0, 0, 0, 0, 0, 0, 0, 0, 0, 0, 0, 0, 0, 0, 0, 0, 0, 0, 0, 0, 0, 0, 0, 0, 0, 0, 0, 0, 0, 0, 0, 0, 0, 0, 0, 0, 0, 0, 0, 0, 0, 0, 0, 0, 0, 0, 0, 0, 0, 0, 0, 0, 0, 0, 0, 0, 0, 0, 0, 0, 0, 0, 0, 0, 0, 0, 0, 0, 0, 0, 0, 0, 0, 0, 0, 0, 0, 0, 0, 0, 0, 0, 0, 0, 0, 0, 0, 0, 0, 0, 0, 0, 0, 0, 0, 0, 0, 0, 0, 0, 0, 0, 0, 0, 0, 0, 0, 0, 0, 0, 0, 0]
},
"tonal": {
    "chords_changes_rate": 0.172881349921,
    "chords_number_rate": 0.0128813562915,
    "chords_strength": {
        "mean": 0.456214815378,
        "stdev": 0.106325872242
    },
    "hpcp_crest": {
        "mean": 11.2318258286,
        "stdev": 5.9554438591
    },
    "hpcp_entropy": {
        "mean": 2.46734023094,
        "stdev": 0.819822788239
    },
    "key_edma": {
        "strength": 0.441751480103,
        "key": "F",
        "scale": "minor"
    },
    "key_krumhansl": {
        "strength": 0.427452504635,
        "key": "F",
        "scale": "minor"
    },
    "key_temperley": {
        "strength": 0.381016284227,
        "key": "F",
        "scale": "minor"
    },
    "tuning_diatonic_strength": 0.402530401945,
    "tuning_equal_tempered_deviation": 0.247930899262,
    "tuning_frequency": 434.193115234,
    "tuning_nontempered_energy_ratio": 0.88930273056,
    "hpcp": {
        "mean": [0.14007358253, 0.103339985013, 0.094394788146, 0.10061275214, 0.102215439081, 0.107823893428, 0.115816839039, 0.118692338467, 0.116136722267, 0.128663629293, 0.13247475028, 0.109505876899, 0.0895429998636, 0.0884218811989, 0.0924552753568, 0.0938379839063, 0.100760705769, 0.106462754309, 0.103111818433, 0.0987498536706, 0.101476483047, 0.112744696438, 0.116028040648, 0.124105475843, 0.141629248857, 0.139403551817, 0.13177549839, 0.139715999365, 0.1382830441, 0.138850077987, 0.147846639156, 0.138713628054, 0.127463623881, 0.127868637443, 0.134841188788, 0.148813202977],
        "stdev": [0.264305859804, 0.212808445096, 0.210678309202, 0.224289044738, 0.213918954134, 0.223716139793, 0.232449248433, 0.233426585793, 0.230506181717, 0.241316661239, 0.244859173894, 0.216191247106, 0.185802102089, 0.18852968514, 0.189259275794, 0.198041349649, 0.199840039015, 0.218300879002, 0.214121118188, 0.208657950163, 0.208605766296, 0.232464805245, 0.234238684177, 0.241130530834, 0.260605752468, 0.248049810529, 0.240649908781, 0.252423971891, 0.251942932606, 0.254488289356, 0.268475919962, 0.259097933769, 0.247239723802, 0.244610518217, 0.250438123941, 0.269356638193]
    },
    "chords_histogram": [18.9152545929, 11.0508470535, 4.54237270355, 0, 1.55932199955, 2.91525435448, 1.62711858749, 6.10169506073, 7.05084753036, 7.18644046783, 1.22033894062, 2.50847458839, 5.83050870895, 5.83050870895, 4.54237270355, 0, 3.66101694107, 3.38983058929, 1.55932199955, 6.16949129105, 0.813559293747, 0.271186441183, 0, 3.25423717499],
    "thpcp": [1, 0.941271185875, 0.694427549839, 0.634317278862, 0.676100969315, 0.686870753765, 0.724558651447, 0.778269886971, 0.797592818737, 0.78041946888, 0.864598214626, 0.890208303928, 0.735861301422, 0.601714074612, 0.594180345535, 0.621284067631, 0.630575656891, 0.677095174789, 0.715412020683, 0.692894279957, 0.663582623005, 0.681905090809, 0.757625639439, 0.779689133167, 0.833968162537, 0.951725006104, 0.936768710613, 0.885509431362, 0.938868284225, 0.929239094257, 0.933049440384, 0.993504822254, 0.932132542133, 0.856534361839, 0.859256029129, 0.906110405922],
    "chords_key": "F",
    "chords_scale": "minor"
}
}