{
"metadata": {
    "version": {
        "essentia": "2.1-dev",
        "essentia_git_sha": "v2.1_beta3-415-gd5473f3",
        "extractor": "music 2.0"
    },
    "audio_properties": {
        "analysis": {
            "equal_loudness": 0,
            "length": 60.1338768005,
            "sample_rate": 44100,
            "start_time": 0,
            "downmix": "mix"
        },
        "bit_rate": 192000,
        "length": 60.1338768005,
        "lossless": 0,
        "number_channels": 2,
        "replay_gain": -4.75944328308,
        "sample_rate": 44100,
        "codec": "mp3",
        "md5_encoded": "c43f26be3ef391ba444e324887807e0b"
    },
    "tags": {
        "file_name": "speech_7_catinfo.mp3"
    }
},
"lowlevel": {
    "average_loudness": 0.974297821522,
    "barkbands_crest": {
        "mean": 12.5064592361,
        "stdev": 5.18191480637
    },
    "barkbands_flatness_db": {
        "mean": 0.254287183285,
        "stdev": 0.0820946916938
    },
    "barkbands_kurtosis": {
        "mean": 15.0607528687,
        "stdev": 32.1695365906
    },
    "barkbands_skewness": {
        "mean": 1.81281638145,
        "stdev": 2.56742978096
    },
    "barkbands_spread": {
        "mean": 14.6565847397,
        "stdev": 17.4651603699
    },
    "dissonance": {
        "mean": 0.391559243202,
        "stdev": 0.0910448804498
    },
    "dynamic_complexity": 4.84296703339,
    "erbbands_crest": {
        "mean": 12.337061882,
        "stdev": 5.11280107498
    },
    "erbbands_flatness_db": {
        "mean": 0.263567984104,
        "stdev": 0.0638756379485
    },
    "erbbands_kurtosis": {
        "mean": 4.55398035049,
        "stdev": 8.72637462616
    },
    "erbbands_skewness": {
        "mean": 0.638691961765,
        "stdev": 1.61783826351
    },
    "erbbands_spread": {
        "mean": 26.1558361053,
        "stdev": 21.5944232941
    },
    "hfc": {
        "mean": 14.820526123,
        "stdev": 15.6369018555
    },
    "loudness_ebu128": {
        "integrated": -20.2761497498,
        "loudness_range": 1.15587997437,
        "momentary": {
            "mean": -21.0858802795,
            "stdev": 3.50156402588
        },
        "short_term": {
            "mean": -20.3786907196,
            "stdev": 0.436274886131
        }
    },
    "melbands_crest": {
        "mean": 16.6404151917,
        "stdev": 6.77087211609
    },
    "melbands_flatness_db": {
        "mean": 0.288412243128,
        "stdev": 0.111153878272
    },
    "melbands_kurtosis": {
        "mean": 22.5252819061,
        "stdev": 42.7455482483
    },
    "melbands_skewness": {
        "mean": 2.59190273285,
        "stdev": 2.59344363213
    },
    "melbands_spread": {
        "mean": 26.6419944763,
        "stdev": 43.5860023499
    },
    "pitch_salience": {
        "mean": 0.576829314232,
        "stdev": 0.171974480152
    },
    "silence_rate_20dB": {
        "mean": 1,
        "stdev": 0
    },
    "silence_rate_30dB": {
        "mean": 0.999614059925,
        "stdev": 0.019641160965
    },
    "silence_rate_60dB": {
        "mean": 0.215746819973,
        "stdev": 0.411334365606
    },
    "spectral_centroid": {
        "mean": 1256.52124023,
        "stdev": 1288.28930664
    },
    "spectral_complexity": {
        "mean": 7.10922431946,
        "stdev": 5.72273111343
    },
    "spectral_decrease": {
        "mean": -5.19992893189e-09,
        "stdev": 4.92101071004e-09
    },
    "spectral_energy": {
        "mean": 0.0209700129926,
        "stdev": 0.0196960996836
    },
    "spectral_energyband_high": {
        "mean": 0.000543895061128,
        "stdev": 0.0012554069981
    },
    "spectral_energyband_low": {
        "mean": 0.00111250975169,
        "stdev": 0.00248534232378
    },
    "spectral_energyband_middle_high": {
        "mean": 0.00376764102839,
        "stdev": 0.00726055540144
    },
    "spectral_energyband_middle_low": {
        "mean": 0.016343973577,
        "stdev": 0.0159335620701
    },
    "spectral_entropy": {
        "mean": 6.84052753448,
        "stdev": 0.895570874214
    },
    "spectral_flux": {
        "mean": 0.0903721824288,
        "stdev": 0.0594149790704
    },
    "spectral_kurtosis": {
        "mean": 9.54940700531,
        "stdev": 12.2698917389
    },
    "spectral_rms": {
        "mean": 0.00382559467107,
        "stdev": 0.00241316528991
    },
    "spectral_rolloff": {
        "mean": 1593.39233398,
        "stdev": 2280.48535156
    },
    "spectral_skewness": {
        "mean": 1.8794721365,
        "stdev": 1.35119652748
    },
    "spectral_spread": {
        "mean": 3313622,
        "stdev": 1812468.125
    },
    "spectral_strongpeak": {
        "mean": 1.15263223648,
        "stdev": 1.2407181263
    },
    "zerocrossingrate": {
        "mean": 0.0559452325106,
        "stdev": 0.0654155611992
    },
    "barkbands": {
        "mean": [2.52961363003e-05, 0.000157907576067, 0.0003148879332, 0.00206031976268, 0.00496037909761, 0.00152747065295, 0.0016057214234, 0.00262848846614, 0.00309236603789, 0.00124262250029, 0.000745977624319, 0.000557232531719, 0.000497874279972, 0.000346756598447, 0.00022349259234, 9.45225619944e-05, 7.87513054092e-05, 0.000156939393491, 7.59563554311e-05, 9.87457024166e-05, 0.000212868792005, 0.000121723511256, 5.95590136072e-05, 7.53948042984e-05, 8.69681389304e-06, 8.65166711606e-08, 6.71244504424e-10],
        "stdev": [9.39792444115e-05, 0.000943383551203, 0.00121207046323, 0.00330608151853, 0.0071637891233, 0.00321404868737, 0.00430873874575, 0.00580519018695, 0.00714873662218, 0.00359746743925, 0.00242575095035, 0.00148497056216, 0.00142568501178, 0.000943254679441, 0.000692987348884, 0.000287729984848, 0.000283440749627, 0.000385386258131, 0.000178319169208, 0.000255624268902, 0.000492131686769, 0.00043322017882, 0.000259990512859, 0.000271054857876, 3.62146456609e-05, 4.14049878827e-07, 1.03991359968e-09]
    },
    "erbbands": {
        "mean": [0.00494282273576, 0.0378300026059, 0.301130563021, 3.48573827744, 14.4536962509, 15.7667303085, 12.2136917114, 13.1245479584, 18.2036838531, 37.4314804077, 63.7307434082, 68.451713562, 53.6319046021, 37.8994369507, 26.1425609589, 22.6117515564, 21.9572505951, 19.1689128876, 15.4375905991, 7.98998785019, 4.82660627365, 4.79963159561, 7.39167118073, 6.87150526047, 3.12562727928, 4.52077054977, 7.73619937897, 8.13676452637, 4.18013429642, 3.09830331802, 1.70554828644, 1.77883720398, 1.05892276764, 0.21902115643, 0.00902692042291, 0.00114300276618, 7.6713404269e-05, 1.09091060949e-05, 1.29892405312e-05, 2.5139288482e-05],
        "stdev": [0.0390295423567, 0.185321077704, 1.00386536121, 5.5459856987, 19.9169273376, 31.8913631439, 34.1367340088, 24.4156837463, 42.51902771, 90.3142242432, 139.687088013, 164.621109009, 143.160507202, 111.271392822, 74.0043869019, 59.0408439636, 59.7686920166, 51.0535964966, 41.233543396, 23.1976089478, 14.0271530151, 16.3896026611, 19.5831508636, 14.1500711441, 8.0087594986, 11.5932073593, 18.3634395599, 20.2802734375, 14.0357789993, 12.6122913361, 7.58982849121, 6.93854999542, 3.75560665131, 0.828539550304, 0.0347233228385, 0.00485535990447, 0.000255553604802, 2.73819896393e-05, 1.14111089715e-05, 2.24668765441e-05]
    },
    "gfcc": {
        "mean": [-140.674758911, 137.86567688, -137.512863159, 38.5624504089, -78.9939422607, -3.78936171532, -27.8262214661, -13.4773464203, -14.6262140274, -17.8885631561, -0.493758261204, -28.8531627655, 7.03794002533],
        "cov": [[13318.6474609, -350.697387695, -2624.4765625, -1246.60998535, -1405.9987793, -983.427001953, -244.796401978, -101.642372131, -415.407348633, -354.599853516, -124.754600525, -734.122924805, -125.678115845], [-350.697387695, 3522.26147461, -133.786560059, -1743.16137695, 518.037109375, -874.719482422, 200.613494873, -366.255432129, -136.026702881, -344.670227051, 66.6029586792, -350.858215332, -94.6620864868], [-2624.4765625, -133.786560059, 1614.81518555, 666.608459473, 70.2125396729, 111.430335999, -138.175003052, -83.076675415, 58.4462432861, -4.47827148438, -75.2570266724, 199.538650513, -54.8319854736], [-1246.60998535, -1743.16137695, 666.608459473, 1763.20129395, -11.9085197449, 413.582275391, -197.183273315, 142.880599976, 210.299041748, 184.293685913, -104.900360107, 311.421142578, 27.4383049011], [-1405.9987793, 518.037109375, 70.2125396729, -11.9085197449, 575.366821289, 77.6137313843, 0.709298551083, -13.0953121185, 61.4954872131, 4.99187517166, -4.6808218956, 15.4205780029, 7.31987667084], [-983.427001953, -874.719482422, 111.430335999, 413.582275391, 77.6137313843, 859.357910156, 122.665756226, 151.853805542, 71.2453613281, 146.333251953, 67.5508880615, 113.070960999, 10.679101944], [-244.796401978, 200.613494873, -138.175003052, -197.183273315, 0.709298551083, 122.665756226, 365.193145752, -4.76369524002, -79.1651763916, 18.9570636749, 63.6621856689, -22.1272659302, -29.6403923035], [-101.642372131, -366.255432129, -83.076675415, 142.880599976, -13.0953121185, 151.853805542, -4.76369524002, 289.251647949, 46.0487556458, 15.0819997787, 68.7626571655, 48.8664932251, 15.1813421249], [-415.407348633, -136.026702881, 58.4462432861, 210.299041748, 61.4954872131, 71.2453613281, -79.1651763916, 46.0487556458, 227.167175293, 56.8419418335, -48.314868927, 82.4927139282, 38.7398605347], [-354.599853516, -344.670227051, -4.47827148438, 184.293685913, 4.99187517166, 146.333251953, 18.9570636749, 15.0819997787, 56.8419418335, 176.320709229, -7.16424560547, 36.8939361572, 48.0984344482], [-124.754600525, 66.6029586792, -75.2570266724, -104.900360107, -4.6808218956, 67.5508880615, 63.6621856689, 68.7626571655, -48.314868927, -7.16424560547, 198.528427124, 39.8147163391, -27.2265872955], [-734.122924805, -350.858215332, 199.538650513, 311.421142578, 15.4205780029, 113.070960999, -22.1272659302, 48.8664932251, 82.4927139282, 36.8939361572, 39.8147163391, 222.726760864, 50.9518699646], [-125.678115845, -94.6620864868, -54.8319854736, 27.4383049011, 7.31987667084, 10.679101944, -29.6403923035, 15.1813421249, 38.7398605347, 48.0984344482, -27.2265872955, 50.9518699646, 146.839797974]],
        "icov": [[0.000245182221988, 4.51894920843e-05, 0.00038174749352, -2.63073288806e-05, 0.000482843955979, 5.39906577615e-05, 0.000266581133474, 0.00013331262744, 9.43465493037e-05, 0.000379418139346, 0.000115910857858, 0.000358494580723, 0.000146403384861], [4.51894920843e-05, 0.00188766641077, -0.000566545582842, 0.00121154251974, -0.00153148139361, 0.00129263044801, -0.00112059828825, 0.00113185821101, -0.00165812217165, 0.00175765913446, -0.0014520426048, 0.00173529470339, -0.000552885583602], [0.00038174749352, -0.000566545582842, 0.00170114310458, -0.000663300568704, 0.00119601911865, -0.000435956259025, 0.0010488195112, 0.000206243174034, 0.000974859343842, 0.00021651435236, 0.00105412886478, -0.000858540821355, 0.00104839273263], [-2.63073288806e-05, 0.00121154251974, -0.000663300568704, 0.00201246282086, -0.000991777516901, 0.000520594709087, -0.000236077918089, 0.000183195545105, -0.00093514053151, 7.06840655766e-05, 0.000134268848342, -0.000457865942735, 0.000487102748593], [0.000482843955979, -0.00153148139361, 0.00119601911865, -0.000991777516901, 0.00420515844598, -0.00123038794845, 0.00149078050163, -0.000461285118945, 0.000950613175519, -0.000479550479213, 0.0013674274087, -0.000588932540268, 0.00065055617597], [5.39906577615e-05, 0.00129263044801, -0.000435956259025, 0.000520594709087, -0.00123038794845, 0.00266847433522, -0.00144184136298, 0.000121976510854, -0.0012565968791, 0.000208996614674, -0.00136657629628, 0.00116047717165, -0.000209935489693], [0.000266581133474, -0.00112059828825, 0.0010488195112, -0.000236077918089, 0.00149078050163, -0.00144184136298, 0.0047457893379, -0.000374760711566, 0.00241862260737, -0.00155371299479, 0.000990308588371, -0.00148074433673, 0.00153702753596], [0.00013331262744, 0.00113185821101, 0.000206243174034, 0.000183195545105, -0.000461285118945, 0.000121976510854, -0.000374760711566, 0.00547357741743, -0.00204185978509, 0.00226138858125, -0.00283533288166, 0.00163919606712, -0.00103741697967], [9.43465493037e-05, -0.00165812217165, 0.000974859343842, -0.00093514053151, 0.000950613175519, -0.0012565968791, 0.00241862260737, -0.00204185978509, 0.00851644575596, -0.00317048397847, 0.00384838064201, -0.0042119231075, 0.00126062019262], [0.000379418139346, 0.00175765913446, 0.00021651435236, 7.06840655766e-05, -0.000479550479213, 0.000208996614674, -0.00155371299479, 0.00226138858125, -0.00317048397847, 0.0107128387317, -0.00214990251698, 0.00354553083889, -0.00331474933773], [0.000115910857858, -0.0014520426048, 0.00105412886478, 0.000134268848342, 0.0013674274087, -0.00136657629628, 0.000990308588371, -0.00283533288166, 0.00384838064201, -0.00214990251698, 0.00960565172136, -0.00527177285403, 0.00335514405742], [0.000358494580723, 0.00173529470339, -0.000858540821355, -0.000457865942735, -0.000588932540268, 0.00116047717165, -0.00148074433673, 0.00163919606712, -0.0042119231075, 0.00354553083889, -0.00527177285403, 0.0116843041033, -0.0044148969464], [0.000146403384861, -0.000552885583602, 0.00104839273263, 0.000487102748593, 0.00065055617597, -0.000209935489693, 0.00153702753596, -0.00103741697967, 0.00126062019262, -0.00331474933773, 0.00335514405742, -0.0044148969464, 0.0101870503277]]
    },
    "melbands": {
        "mean": [4.35100737377e-05, 0.000107823674625, 0.000956944189966, 0.00115851836745, 0.000479865528177, 0.00029497576179, 0.000294215162285, 0.000448801292805, 0.000518804590683, 0.000436328729847, 0.000259460968664, 0.000151453903527, 9.35157513595e-05, 6.52297458146e-05, 5.61887827644e-05, 4.50359548267e-05, 3.39173675457e-05, 2.61405712081e-05, 1.51674366862e-05, 7.4845652307e-06, 5.01773683936e-06, 4.58767863165e-06, 5.51727634956e-06, 7.93942763266e-06, 5.46044611838e-06, 2.32438969761e-06, 2.19321941586e-06, 3.12349857268e-06, 4.84869451611e-06, 4.88400519316e-06, 4.60012915937e-06, 2.11871451938e-06, 2.51607025348e-06, 1.29491763801e-06, 9.03552006548e-07, 1.08321557946e-06, 1.09446193619e-06, 8.38906260014e-07, 4.45114096692e-07, 8.82066686358e-08],
        "stdev": [0.000294885452604, 0.000407544866903, 0.00129690393806, 0.00167509296443, 0.00117794238031, 0.000553374702577, 0.000704115314875, 0.000990436994471, 0.0011473747436, 0.00108371395618, 0.000713412533514, 0.00045837557991, 0.000278105551843, 0.000179718670552, 0.000160892479471, 0.000126994724269, 9.31652757572e-05, 7.22087643226e-05, 5.25329378434e-05, 2.29391043831e-05, 1.62974665727e-05, 1.67414636962e-05, 1.93701052922e-05, 1.88353023987e-05, 1.18169782581e-05, 6.51906930216e-06, 6.89640864948e-06, 8.5121655502e-06, 1.22788333101e-05, 1.1489996723e-05, 1.24151656564e-05, 7.38932340028e-06, 1.02079575299e-05, 5.63730645808e-06, 4.56461157228e-06, 4.60381897938e-06, 4.30372529081e-06, 3.08493986267e-06, 1.66193524365e-06, 3.68002531559e-07]
    },
    "melbands128": {
        "mean": [1.51954100147e-05, 4.05556638725e-05, 5.03030314576e-05, 5.87802496739e-05, 8.45814647619e-05, 0.000183341835509, 0.000518082932103, 0.00126465363428, 0.00163108913694, 0.00124187220354, 0.000913496071007, 0.000592442811467, 0.000407137675211, 0.000297674007015, 0.000285286427243, 0.00030674674781, 0.000283695466351, 0.000255640421528, 0.000349226058461, 0.000419113173848, 0.00045117145055, 0.000604490749538, 0.000523015507497, 0.00045213859994, 0.000420508848038, 0.000461908435682, 0.000400724180508, 0.000223864393774, 0.00015656441974, 0.000150807667524, 0.000160480369232, 0.000131733511807, 7.91104030213e-05, 7.70812112023e-05, 7.4950097769e-05, 5.9184658312e-05, 5.55386068299e-05, 5.82875873079e-05, 5.91418283875e-05, 4.0958646423e-05, 4.37144954049e-05, 4.73328545922e-05, 3.33964599122e-05, 2.74055964837e-05, 2.93770117423e-05, 2.71310927928e-05, 2.11153546843e-05, 1.79827202373e-05, 1.14727890832e-05, 7.98428663984e-06, 7.2389448178e-06, 6.8322815423e-06, 5.46496767129e-06, 4.30658883488e-06, 3.71970236301e-06, 4.4934295147e-06, 5.55493079446e-06, 5.0199528232e-06, 5.48022580915e-06, 6.424510957e-06, 7.88607940194e-06, 9.94509628072e-06, 6.93356241754e-06, 3.98353040509e-06, 3.2610796552e-06, 2.2150136374e-06, 1.83083466254e-06, 1.865967306e-06, 2.40913391281e-06, 2.41714997173e-06, 2.78197967418e-06, 3.39692815032e-06, 4.80924472868e-06, 5.25804080098e-06, 4.78881702293e-06, 4.42208875029e-06, 5.07425920659e-06, 5.79710967941e-06, 4.91500259159e-06, 3.12892211696e-06, 1.85579813206e-06, 1.75210766429e-06, 2.38163784161e-06, 2.81934535451e-06, 2.57234296441e-06, 1.49020399931e-06, 8.38836342609e-07, 7.74612885834e-07, 1.04187756733e-06, 7.86429950494e-07, 1.08222252493e-06, 1.16623380109e-06, 1.10682867671e-06, 1.10645464702e-06, 1.12650775463e-06, 9.34266267905e-07, 8.16065039544e-07, 6.21639514975e-07, 5.16150976182e-07, 3.28121302573e-07, 1.48479671225e-07, 4.61268321317e-08, 1.01638519823e-08, 1.67902869386e-09, 6.6544980637e-10, 1.4101695367e-09, 2.23654628151e-09, 2.47176967783e-09, 1.7205770142e-09, 6.11643569126e-10, 6.55390811066e-11, 1.00925804172e-11, 4.38136202666e-12, 3.64896741295e-12, 3.43861853054e-12, 3.30430344544e-12, 3.20466873524e-12, 3.10371368363e-12, 3.02564201991e-12, 2.96254947657e-12, 2.90276526774e-12, 2.85652729769e-12, 2.79609191703e-12, 2.74094744297e-12, 2.7110260651e-12, 2.69514727376e-12, 2.67643893159e-12, 2.65327647006e-12],
        "stdev": [7.49463433749e-05, 0.000346025830368, 0.000402015604777, 0.000316123710945, 0.000463859876618, 0.00070092396345, 0.00115103740245, 0.00206326530315, 0.00267368694767, 0.00255075632595, 0.00258579058573, 0.00184244825505, 0.00150818878319, 0.00118134275544, 0.000664285442326, 0.000786487653386, 0.000863662629854, 0.000902953499462, 0.0014316533925, 0.00142070441507, 0.00134638068266, 0.00172912504058, 0.00160688126925, 0.00161555281375, 0.00138250435703, 0.00177545950282, 0.00145582878031, 0.000872825854458, 0.000707940780558, 0.000610349874478, 0.000665237486828, 0.000588072522078, 0.000324142252794, 0.000350990681909, 0.000302129163174, 0.000219336594455, 0.000220388887101, 0.000222415823373, 0.000256771920249, 0.000156592854182, 0.000176792353159, 0.000219104491407, 0.000124378086184, 0.000105196100776, 0.000106441737444, 9.98089308268e-05, 8.99769293028e-05, 9.45971987676e-05, 4.40496332885e-05, 3.42548446497e-05, 2.86264785245e-05, 2.82132932625e-05, 2.22458711505e-05, 1.94117474166e-05, 1.62794367498e-05, 2.00702215807e-05, 2.6677202186e-05, 2.51172914432e-05, 2.23400547839e-05, 2.18835484702e-05, 2.26795091294e-05, 2.68755156867e-05, 1.95125685423e-05, 1.10621067506e-05, 1.19584219647e-05, 7.43242708268e-06, 6.14847749603e-06, 6.94731761541e-06, 8.75954356161e-06, 7.86234159023e-06, 8.91840136319e-06, 1.06946636151e-05, 1.41048294608e-05, 1.45523490573e-05, 1.50095020217e-05, 1.19074948088e-05, 1.33444227686e-05, 1.63146960404e-05, 1.4951085177e-05, 1.02163949123e-05, 7.05954289515e-06, 7.51259312892e-06, 9.90190437733e-06, 1.22827705127e-05, 1.20559279821e-05, 7.09204960003e-06, 4.06010394727e-06, 4.38472170572e-06, 6.15444514551e-06, 3.8153289097e-06, 5.04971558257e-06, 5.283442988e-06, 4.73307136417e-06, 4.78843048768e-06, 4.45921523351e-06, 3.61363436241e-06, 3.30338139065e-06, 2.23931351684e-06, 2.0267450509e-06, 1.39916789976e-06, 6.74353486829e-07, 1.95113500467e-07, 4.43327152766e-08, 8.49377634893e-09, 3.85472143094e-09, 7.25443127791e-09, 1.14020179964e-08, 1.26814221346e-08, 8.65222649082e-09, 2.97641666869e-09, 5.06910680098e-10, 1.40273709315e-10, 2.17274566394e-11, 7.87952515735e-12, 5.67173391586e-12, 5.17085940038e-12, 5.0099295372e-12, 4.86242209691e-12, 4.72613701646e-12, 4.60319933213e-12, 4.49355136434e-12, 4.39934590493e-12, 4.31107927135e-12, 4.23613357933e-12, 4.1763177118e-12, 4.12772637251e-12, 4.09570511187e-12, 4.07153000551e-12]
    },
    "mfcc": {
        "mean": [-765.500610352, 139.613494873, 2.75921416283, 21.6559181213, -14.1899423599, -4.60841608047, 0.693502545357, -12.8898019791, -0.921797990799, -3.46987843513, -7.07953834534, 3.12067341805, -20.1080093384],
        "cov": [[11498.3203125, 122.037811279, -2544.28100586, -657.268066406, -1467.71398926, -1096.90783691, -154.858535767, -536.399780273, -211.599594116, -18.5304222107, -225.822845459, 261.639160156, -948.857543945], [122.037811279, 4722.69189453, -1030.4979248, -895.076721191, -358.591125488, -782.685302734, 113.115119934, -428.518035889, -267.158538818, -246.101638794, -1.23966348171, -132.107467651, -555.698608398], [-2544.28100586, -1030.4979248, 1786.30480957, 536.994445801, 349.226745605, 408.561767578, -150.803527832, 236.191452026, -1.0092676878, -60.6156234741, 9.90287876129, -49.8303337097, 322.513336182], [-657.268066406, -895.076721191, 536.994445801, 949.92376709, 275.139343262, 96.7015228271, -239.544326782, 22.3594150543, 91.3735580444, -146.682693481, -10.0730934143, 52.3114547729, 141.804046631], [-1467.71398926, -358.591125488, 349.226745605, 275.139343262, 694.571594238, 218.575210571, -143.053085327, 125.617546082, 98.6841125488, 1.67930650711, 38.8071746826, -17.5971355438, 155.023208618], [-1096.90783691, -782.685302734, 408.561767578, 96.7015228271, 218.575210571, 645.639221191, 53.8066978455, 133.798400879, 86.6692352295, 117.53302002, 52.8223876953, -95.8012542725, 220.701187134], [-154.858535767, 113.115119934, -150.803527832, -239.544326782, -143.053085327, 53.8066978455, 448.448394775, 82.3943710327, -91.8753051758, 133.242477417, 6.49074411392, -23.5983982086, 55.1417160034], [-536.399780273, -428.518035889, 236.191452026, 22.3594150543, 125.617546082, 133.798400879, 82.3943710327, 324.489105225, -14.5898361206, 68.7218475342, 29.4288845062, 2.48078680038, 190.303100586], [-211.599594116, -267.158538818, -1.0092676878, 91.3735580444, 98.6841125488, 86.6692352295, -91.8753051758, -14.5898361206, 270.03692627, 13.8356370926, -0.255585342646, 3.25564336777, 14.411315918], [-18.5304222107, -246.101638794, -60.6156234741, -146.682693481, 1.67930650711, 117.53302002, 133.242477417, 68.7218475342, 13.8356370926, 250.157775879, 23.3543834686, -34.3059806824, 71.1051254272], [-225.822845459, -1.23966348171, 9.90287876129, -10.0730934143, 38.8071746826, 52.8223876953, 6.49074411392, 29.4288845062, -0.255585342646, 23.3543834686, 145.152236938, 6.41753816605, 10.2328500748], [261.639160156, -132.107467651, -49.8303337097, 52.3114547729, -17.5971355438, -95.8012542725, -23.5983982086, 2.48078680038, 3.25564336777, -34.3059806824, 6.41753816605, 162.887268066, -10.1689224243], [-948.857543945, -555.698608398, 322.513336182, 141.804046631, 155.023208618, 220.701187134, 55.1417160034, 190.303100586, 14.411315918, 71.1051254272, 10.2328500748, -10.1689224243, 311.947692871]],
        "icov": [[0.000263698690105, 0.000152447755681, 0.000313273019856, -7.23030689187e-06, 0.00036719738273, 8.00731868367e-05, 0.000308712886181, -0.000155936839292, 0.000275737140328, -0.000130251806695, 0.000265501264948, -7.63339121477e-05, 0.000560250249691], [0.000152447755681, 0.000535458442755, 0.000227899407037, 0.000368242734112, 2.71910903393e-05, 0.000462381605757, 6.66677078698e-06, 0.000234372491832, 0.00032870049472, 0.000466524012154, -9.99998374027e-05, 0.000535548955668, 0.00042895952356], [0.000313273019856, 0.000227899407037, 0.00129336782265, -0.000294247904094, 0.000373336137272, -0.000264246977167, 0.000626450637355, -0.000502115988638, 0.000683837279212, 0.000187454104889, 0.000394673814299, 0.00018231170543, 0.000271128345048], [-7.23030689187e-06, 0.000368242734112, -0.000294247904094, 0.00202246662229, -0.000474195403513, 0.000382501864806, 0.00026131857885, 0.000701018841937, -0.0001710462966, 0.0012039343128, -0.000154374516569, -1.22145183923e-05, -0.000751831103116], [0.00036719738273, 2.71910903393e-05, 0.000373336137272, -0.000474195403513, 0.00265168072656, -0.000397031719331, 0.00112269120291, -0.000894323980901, -2.7328642318e-05, -0.000462979165604, 0.000132426415803, -0.000149069586769, 0.000402781879529], [8.00731868367e-05, 0.000462381605757, -0.000264246977167, 0.000382501864806, -0.000397031719331, 0.00320192729123, -0.000421063712565, 0.000507639837451, -0.000570422562305, -0.000151929605636, -0.000955304014497, 0.00176972139161, -0.000986724393442], [0.000308712886181, 6.66677078698e-06, 0.000626450637355, 0.00026131857885, 0.00112269120291, -0.000421063712565, 0.003934239503, -0.000916904769838, 0.00125446682796, -0.0014926638687, 0.000570724252611, -0.000284435373032, 4.26183432864e-05], [-0.000155936839292, 0.000234372491832, -0.000502115988638, 0.000701018841937, -0.000894323980901, 0.000507639837451, -0.000916904769838, 0.00571147631854, 0.000189108541235, 0.000151793181431, -0.00102184037678, -8.14944505692e-05, -0.0031057393644], [0.000275737140328, 0.00032870049472, 0.000683837279212, -0.0001710462966, -2.7328642318e-05, -0.000570422562305, 0.00125446682796, 0.000189108541235, 0.00493006920442, -0.000622117135208, 0.000560994201805, -0.0002758812916, 0.000761701900046], [-0.000130251806695, 0.000466524012154, 0.000187454104889, 0.0012039343128, -0.000462979165604, -0.000151929605636, -0.0014926638687, 0.000151793181431, -0.000622117135208, 0.00667098583654, -0.000958128366619, 0.00127960275859, -0.00121609226335], [0.000265501264948, -9.99998374027e-05, 0.000394673814299, -0.000154374516569, 0.000132426415803, -0.000955304014497, 0.000570724252611, -0.00102184037678, 0.000560994201805, -0.000958128366619, 0.00787425599992, -0.00122749619186, 0.00131828989834], [-7.63339121477e-05, 0.000535548955668, 0.00018231170543, -1.22145183923e-05, -0.000149069586769, 0.00176972139161, -0.000284435373032, -8.14944505692e-05, -0.0002758812916, 0.00127960275859, -0.00122749619186, 0.00803181901574, -0.000515933672432], [0.000560250249691, 0.00042895952356, 0.000271128345048, -0.000751831103116, 0.000402781879529, -0.000986724393442, 4.26183432864e-05, -0.0031057393644, 0.000761701900046, -0.00121609226335, 0.00131828989834, -0.000515933672432, 0.00830238405615]]
    },
    "spectral_contrast_coeffs": {
        "mean": [-0.59462839365, -0.693104863167, -0.748424768448, -0.783562958241, -0.789857804775, -0.727913796902],
        "stdev": [0.168137252331, 0.158502921462, 0.131699606776, 0.08983746171, 0.0678393319249, 0.0689565464854]
    },
    "spectral_contrast_valleys": {
        "mean": [-8.37177562714, -7.89843320847, -8.60967159271, -8.98541355133, -8.85732841492, -11.9891233444],
        "stdev": [0.965035438538, 1.31628680229, 1.3108741045, 1.28444302082, 1.36244595051, 1.46476054192]
    }
},
"rhythm": {
    "beats_count": 102,
    "beats_loudness": {
        "mean": 0.0340599380434,
        "stdev": 0.0192147661
    },
    "bpm": 83.7030639648,
    "bpm_histogram_first_peak_bpm": 120,
    "bpm_histogram_first_peak_weight": 0.4375,
    "bpm_histogram_second_peak_bpm": 85,
    "bpm_histogram_second_peak_spread": 0.695652186871,
    "bpm_histogram_second_peak_weight": 0.0693069323897,
    "danceability": 1.62571132183,
    "onset_rate": 5.98490905762,
    "beats_loudness_band_ratio": {
        "mean": [0.222578182817, 0.188579499722, 0.354140251875, 0.171989217401, 0.0467497818172, 0.0852424651384],
        "stdev": [0.242903068662, 0.197549059987, 0.24510204792, 0.192599847913, 0.0762939974666, 0.235571250319]
    },
    "beats_position": [0.53405892849, 1.07972788811, 1.64861679077, 2.21750569344, 2.79800438881, 3.36689329147, 3.9125623703, 4.49306106567, 5.0387301445, 5.59600877762, 6.15328788757, 6.71056699753, 7.2910656929, 7.79029464722, 8.26630401611, 8.75392246246, 9.17188167572, 9.61306095123, 10.0426301956, 10.4489793777, 10.8437185287, 11.261677742, 11.6796369553, 12.0975961685, 12.5155553818, 12.9219045639, 13.3050336838, 13.6997728348, 14.0712919235, 14.4428119659, 14.8259410858, 15.3135595322, 15.8127889633, 16.2887973785, 16.7880268097, 17.2872562408, 17.8097057343, 18.3089332581, 18.7965526581, 19.2957820892, 19.8066215515, 20.3174591064, 20.851518631, 21.3855781555, 21.9196376801, 22.430475235, 22.9761447906, 23.5218143463, 24.0558719635, 24.589931488, 25.1239910126, 25.6928787231, 26.2733783722, 26.8538761139, 27.4227657318, 28.0032653809, 28.5024929047, 29.0017223358, 29.5125617981, 30.0117912292, 30.5342407227, 31.0566883087, 31.66040802, 32.2757377625, 32.8910636902, 33.5063934326, 34.121723175, 34.7370529175, 35.3639907837, 35.9909286499, 36.6062583923, 37.3144645691, 38.0226745605, 38.730884552, 39.4390907288, 40.124080658, 40.8322906494, 41.5172767639, 42.1906585693, 42.8756446838, 43.5838546753, 44.2804527283, 45.0002708435, 45.7200889587, 46.439907074, 47.1945571899, 47.9259872437, 48.6574134827, 49.3888435364, 50.1551017761, 50.8749198914, 51.6179580688, 52.3377761841, 53.0692062378, 53.8006324768, 54.5436706543, 55.333152771, 56.122631073, 56.9237174988, 57.701587677, 58.4794540405, 59.2689323425],
    "bpm_histogram": [0, 0, 0, 0, 0, 0, 0, 0, 0, 0, 0, 0, 0, 0, 0, 0, 0, 0, 0, 0, 0, 0, 0, 0, 0, 0, 0, 0, 0, 0, 0, 0, 0, 0, 0, 0, 0, 0, 0, 0, 0, 0, 0, 0, 0, 0, 0, 0, 0, 0, 0, 0, 0, 0, 0, 0, 0, 0, 0, 0, 0, 0, 0, 0, 0, 0, 0, 0, 0, 0, 0, 0, 0, 0, 0, 0.00990098994225, 0.0297029707581, 0.0198019798845, 0.00990098994225, 0, 0.00990098994225, 0.0198019798845, 0.0495049506426, 0.0495049506426, 0, 0.0594059415162, 0.00990098994225, 0, 0.0297029707581, 0.00990098994225, 0, 0, 0, 0, 0, 0, 0.0198019798845, 0, 0.0594059415162, 0.00990098994225, 0, 0, 0, 0.0594059415162, 0, 0.0495049506426, 0, 0, 0.0297029707581, 0, 0.0495049506426, 0, 0.0594059415162, 0, 0, 0.0297029707581, 0, 0.039603959769, 0, 0, 0.0891089141369, 0, 0, 0.0297029707581, 0, 0, 0.0198019798845, 0, 0, 0, 0, 0, 0, 0, 0, 0, 0.00990098994225, 0, 0, 0, 0.00990098994225, 0, 0, 0, 0.0495049506426, 0, 0, 0, 0.0198019798845, 0, 0, 0, 0.0198019798845, 0, 0, 0, 0, 0.0198019798845, 0, 0, 0, 0.0198019798845, 0, 0, 0, 0, 0, 0, 0, 0, 0, 0, 0, 0, 0, 0, 0, 0, 0, 0, 0, 0, 0, 0, 0, 0, 0, 0, 0, 0, 0, 0, 0, 0, 0, 0, 0, 0, 0, 0, 0, 0, 0, 0, 0, 0, 0, 0, 0, 0, 0, 0, 0, 0, 0, 0, 0, 0, 0, 0, 0, 0, 0, 0, 0, 0, 0, 0, 0, 0, 0, 0, 0, 0, 0, 0, 0, 0, 0, 0, 0, 0, 0, 0, 0, 0, 0, 0, 0, 0]
},
"tonal": {
    "chords_changes_rate": 0.206018522382,
    "chords_number_rate": 0.0162037033588,
    "chords_strength": {
        "mean": 0.433134526014,
        "stdev": 0.0937545076013
    },
    "hpcp_crest": {
        "mean": 15.8230676651,
        "stdev": 8.13424110413
    },
    "hpcp_entropy": {
        "mean": 1.79407513142,
        "stdev": 0.93603259325
    },
    "key_edma": {
        "strength": 0.438437312841,
        "key": "F",
        "scale": "major"
    },
    "key_krumhansl": {
        "strength": 0.438353508711,
        "key": "F",
        "scale": "major"
    },
    "key_temperley": {
        "strength": 0.444989860058,
        "key": "F",
        "scale": "minor"
    },
    "tuning_diatonic_strength": 0.547844409943,
    "tuning_equal_tempered_deviation": 0.221717610955,
    "tuning_frequency": 451.326080322,
    "tuning_nontempered_energy_ratio": 0.895385146141,
    "hpcp": {
        "mean": [0.0762667804956, 0.0755306109786, 0.0900448858738, 0.0938406959176, 0.0869213864207, 0.0882760360837, 0.0900339409709, 0.0904051363468, 0.0928155258298, 0.0919503197074, 0.0992995500565, 0.115875057876, 0.106570571661, 0.0925463363528, 0.0933140441775, 0.0858480483294, 0.0862474814057, 0.0934085696936, 0.0970507860184, 0.102384954691, 0.10943403095, 0.120159558952, 0.131091102958, 0.135833755136, 0.135309413075, 0.134837299585, 0.133674055338, 0.125433892012, 0.120057880878, 0.11447366327, 0.109905183315, 0.112381637096, 0.103452175856, 0.0970412790775, 0.090123668313, 0.0813847929239],
        "stdev": [0.191362291574, 0.18466694653, 0.208593353629, 0.217280328274, 0.20104829967, 0.199513986707, 0.201255470514, 0.202188923955, 0.207704886794, 0.209151372313, 0.204123958945, 0.228360414505, 0.218903422356, 0.197858020663, 0.214854180813, 0.202469453216, 0.201110705733, 0.212514385581, 0.221683636308, 0.228669211268, 0.235394135118, 0.251797914505, 0.261996358633, 0.27307626605, 0.264701634645, 0.270614951849, 0.265428751707, 0.255394071341, 0.246058806777, 0.242584511638, 0.234889745712, 0.241437911987, 0.222550630569, 0.216392889619, 0.208941563964, 0.195937737823]
    },
    "chords_histogram": [6.4043211937, 1.77469134331, 6.71296310425, 0.925925910473, 2.16049385071, 1.00308644772, 1.62037038803, 1.77469134331, 3.39506173134, 15.8179016113, 7.56172847748, 6.4043211937, 3.31790113449, 0.0771604925394, 5.24691343307, 1.92901229858, 6.01851844788, 4.47530841827, 0.385802477598, 6.79012346268, 1.00308644772, 2.31481480598, 7.48456811905, 5.40123462677],
    "thpcp": [1, 0.99613982439, 0.992664158344, 0.984100401402, 0.923436820507, 0.883858978748, 0.84274828434, 0.809115409851, 0.827346920967, 0.761608719826, 0.714412093163, 0.663485050201, 0.599150002003, 0.56147146225, 0.556051850319, 0.662905097008, 0.690849602222, 0.639910042286, 0.649882912636, 0.662824511528, 0.665557205677, 0.683302342892, 0.676932752132, 0.731037378311, 0.853065252304, 0.784566164017, 0.681320607662, 0.686972439289, 0.632008194923, 0.634948790073, 0.687668323517, 0.714482069016, 0.753751933575, 0.805646777153, 0.884607493877, 0.965084850788],
    "chords_key": "C",
    "chords_scale": "major"
}
}