{
"metadata": {
    "version": {
        "essentia": "2.1-dev",
        "essentia_git_sha": "v2.1_beta3-415-gd5473f3",
        "extractor": "music 2.0"
    },
    "audio_properties": {
        "analysis": {
            "equal_loudness": 0,
            "length": 60.1338768005,
            "sample_rate": 44100,
            "start_time": 0,
            "downmix": "mix"
        },
        "bit_rate": 192000,
        "length": 60.1338768005,
        "lossless": 0,
        "number_channels": 2,
        "replay_gain": -6.83410453796,
        "sample_rate": 44100,
        "codec": "mp3",
        "md5_encoded": "7da1677ca4d16ec048dc65c431774c0b"
    },
    "tags": {
        "file_name": "speech_12_ondacero.mp3"
    }
},
"lowlevel": {
    "average_loudness": 0.933597683907,
    "barkbands_crest": {
        "mean": 11.064453125,
        "stdev": 4.54662799835
    },
    "barkbands_flatness_db": {
        "mean": 0.24081709981,
        "stdev": 0.0799221917987
    },
    "barkbands_kurtosis": {
        "mean": 10.5061407089,
        "stdev": 19.4341869354
    },
    "barkbands_skewness": {
        "mean": 1.54915130138,
        "stdev": 2.12724399567
    },
    "barkbands_spread": {
        "mean": 15.1608104706,
        "stdev": 15.4621934891
    },
    "dissonance": {
        "mean": 0.431903600693,
        "stdev": 0.0635589584708
    },
    "dynamic_complexity": 4.40077066422,
    "erbbands_crest": {
        "mean": 11.6156301498,
        "stdev": 4.79907464981
    },
    "erbbands_flatness_db": {
        "mean": 0.258718073368,
        "stdev": 0.0594782866538
    },
    "erbbands_kurtosis": {
        "mean": 3.84914875031,
        "stdev": 9.40099430084
    },
    "erbbands_skewness": {
        "mean": 0.717912912369,
        "stdev": 1.54546403885
    },
    "erbbands_spread": {
        "mean": 28.5146217346,
        "stdev": 20.2019481659
    },
    "hfc": {
        "mean": 15.5951938629,
        "stdev": 16.8913669586
    },
    "loudness_ebu128": {
        "integrated": -18.0319290161,
        "loudness_range": 2.11933135986,
        "momentary": {
            "mean": -18.7515487671,
            "stdev": 3.3583509922
        },
        "short_term": {
            "mean": -18.1516704559,
            "stdev": 0.7547301054
        }
    },
    "melbands_crest": {
        "mean": 14.2000494003,
        "stdev": 6.15896987915
    },
    "melbands_flatness_db": {
        "mean": 0.2609808743,
        "stdev": 0.113221593201
    },
    "melbands_kurtosis": {
        "mean": 18.1558361053,
        "stdev": 33.2509040833
    },
    "melbands_skewness": {
        "mean": 2.32159113884,
        "stdev": 2.28905653954
    },
    "melbands_spread": {
        "mean": 26.0956020355,
        "stdev": 36.0179290771
    },
    "pitch_salience": {
        "mean": 0.640308737755,
        "stdev": 0.148848861456
    },
    "silence_rate_20dB": {
        "mean": 1,
        "stdev": 0
    },
    "silence_rate_30dB": {
        "mean": 1,
        "stdev": 0
    },
    "silence_rate_60dB": {
        "mean": 0.19760710001,
        "stdev": 0.398196697235
    },
    "spectral_centroid": {
        "mean": 1387.94702148,
        "stdev": 1202.36181641
    },
    "spectral_complexity": {
        "mean": 10.3404092789,
        "stdev": 8.40631580353
    },
    "spectral_decrease": {
        "mean": -5.35132738122e-09,
        "stdev": 5.07859443388e-09
    },
    "spectral_energy": {
        "mean": 0.021611707285,
        "stdev": 0.0201643966138
    },
    "spectral_energyband_high": {
        "mean": 0.00059573573526,
        "stdev": 0.00163134967443
    },
    "spectral_energyband_low": {
        "mean": 0.00276344153099,
        "stdev": 0.00503649143502
    },
    "spectral_energyband_middle_high": {
        "mean": 0.00364199862815,
        "stdev": 0.00700017809868
    },
    "spectral_energyband_middle_low": {
        "mean": 0.0152112757787,
        "stdev": 0.0157622881234
    },
    "spectral_entropy": {
        "mean": 7.06426382065,
        "stdev": 0.783079504967
    },
    "spectral_flux": {
        "mean": 0.0911891758442,
        "stdev": 0.058715056628
    },
    "spectral_kurtosis": {
        "mean": 7.27895402908,
        "stdev": 8.16028118134
    },
    "spectral_rms": {
        "mean": 0.00390529562719,
        "stdev": 0.00241520442069
    },
    "spectral_rolloff": {
        "mean": 1702.03857422,
        "stdev": 2063.91870117
    },
    "spectral_skewness": {
        "mean": 1.60913324356,
        "stdev": 1.05149674416
    },
    "spectral_spread": {
        "mean": 3235102.5,
        "stdev": 1550760.625
    },
    "spectral_strongpeak": {
        "mean": 1.0256806612,
        "stdev": 1.03335475922
    },
    "zerocrossingrate": {
        "mean": 0.0602787062526,
        "stdev": 0.0584889166057
    },
    "barkbands": {
        "mean": [1.27995454022e-05, 0.00102545786649, 0.00130466022529, 0.00131345074624, 0.00430568447337, 0.00280604721047, 0.00254684244283, 0.00232079182751, 0.00156947702635, 0.000873568409588, 0.000347368768416, 0.000387833424611, 0.000388684798963, 0.000360063248081, 0.00033939734567, 0.000263858441031, 0.000270676217042, 0.000235336759943, 0.000245177536272, 0.000200991969905, 0.000206768308999, 0.000157510061399, 8.56855258462e-05, 3.91200774175e-05, 4.39385576101e-06, 2.71757603088e-08, 7.15889902914e-10],
        "stdev": [7.05618804204e-05, 0.00236176536418, 0.00310381501913, 0.00232959538698, 0.00682211620733, 0.00529069080949, 0.00584498932585, 0.00536119239405, 0.00426073139533, 0.00314509100281, 0.00136660085991, 0.00133563217241, 0.00119493308011, 0.00119821238331, 0.00101338292006, 0.000699532974977, 0.000664851919282, 0.000721522141248, 0.000589367293287, 0.000498208682984, 0.00067927595228, 0.000545902352314, 0.000310419651214, 0.000155495174113, 1.53559903993e-05, 1.57201370143e-07, 1.1654451848e-09]
    },
    "erbbands": {
        "mean": [0.00888011790812, 0.309333264828, 1.50724244118, 2.7503118515, 9.72427845001, 14.8611373901, 16.4941043854, 26.6123695374, 38.0321617126, 39.4976768494, 49.9276237488, 35.2318916321, 33.5880317688, 18.31275177, 15.4125747681, 15.4378223419, 17.7052249908, 17.984500885, 19.134059906, 15.6123056412, 15.2848701477, 15.5421934128, 12.9851455688, 12.6245365143, 12.2077140808, 9.02896785736, 9.99041557312, 6.51036024094, 5.58798360825, 4.96228504181, 1.71576488018, 1.05583071709, 0.475541830063, 0.109464541078, 0.00496249692515, 0.000461174960947, 4.1709299694e-05, 8.27688018035e-06, 1.29477748487e-05, 2.58790532826e-05],
        "stdev": [0.0232943650335, 0.689260959625, 3.33225512505, 4.48299312592, 14.7329978943, 30.8978099823, 40.9771270752, 51.9301986694, 88.8263320923, 84.2202835083, 114.430404663, 92.5650177002, 109.229370117, 63.7098960876, 54.7349624634, 52.0201148987, 54.3880615234, 58.3353004456, 57.071434021, 45.3814964294, 37.8934707642, 37.1695098877, 38.7571220398, 30.0912017822, 30.3617458344, 22.2252445221, 30.1181983948, 23.1799430847, 20.0953102112, 17.459980011, 6.05652236938, 4.43510913849, 1.75691473484, 0.384925723076, 0.0166799873114, 0.0019510933198, 0.000116401934065, 1.73379758053e-05, 1.11927438411e-05, 2.30499808822e-05]
    },
    "gfcc": {
        "mean": [-130.418228149, 128.344360352, -149.20362854, 50.6650848389, -77.3113327026, -11.9570026398, -37.0957260132, -14.7590084076, -5.72685718536, -21.4832572937, 2.18810486794, -21.9672298431, 1.0098375082],
        "cov": [[14328.65625, 1159.50390625, -2159.29199219, -690.445678711, -260.065887451, -1429.19006348, -179.27507019, -393.818481445, 64.7013549805, -288.252716064, -169.84967041, -557.114257812, -417.078521729], [1159.50390625, 3477.8984375, 610.654907227, -1326.35009766, 295.037963867, -960.205383301, -20.8882751465, -337.215606689, -69.7343521118, -467.171569824, 95.7327423096, -256.830963135, -166.048141479], [-2159.29199219, 610.654907227, 2104.16455078, 705.876220703, 154.048294067, 205.451431274, -163.503479004, 155.170730591, 98.8142623901, -106.453910828, 98.9090957642, 36.5636253357, 13.9811506271], [-690.445678711, -1326.35009766, 705.876220703, 1574.25390625, 209.618911743, 457.146759033, -185.667678833, 275.623565674, 228.843383789, 212.141387939, 14.8666009903, 89.389755249, 92.1020278931], [-260.065887451, 295.037963867, 154.048294067, 209.618911743, 534.162841797, 65.8016815186, -107.593788147, -15.9850292206, 85.5756835938, 5.009329319, 40.6513900757, -24.5888595581, 18.6859951019], [-1429.19006348, -960.205383301, 205.451431274, 457.146759033, 65.8016815186, 1029.4597168, 172.260009766, 206.870986938, 55.6171798706, 177.802154541, 12.4430513382, 103.910125732, 53.8810310364], [-179.27507019, -20.8882751465, -163.503479004, -185.667678833, -107.593788147, 172.260009766, 410.343231201, 60.3415718079, -76.5902633667, 16.7942829132, 8.55164051056, 22.436580658, -21.9206142426], [-393.818481445, -337.215606689, 155.170730591, 275.623565674, -15.9850292206, 206.870986938, 60.3415718079, 343.170043945, 112.93775177, 67.3543167114, 25.7630825043, 24.6682128906, 16.038848877], [64.7013549805, -69.7343521118, 98.8142623901, 228.843383789, 85.5756835938, 55.6171798706, -76.5902633667, 112.93775177, 225.444625854, 70.1441879272, -14.8345155716, -8.00589370728, 6.89603185654], [-288.252716064, -467.171569824, -106.453910828, 212.141387939, 5.009329319, 177.802154541, 16.7942829132, 67.3543167114, 70.1441879272, 233.348968506, 21.9176216125, -13.3698778152, 30.0593929291], [-169.84967041, 95.7327423096, 98.9090957642, 14.8666009903, 40.6513900757, 12.4430513382, 8.55164051056, 25.7630825043, -14.8345155716, 21.9176216125, 126.799308777, 21.6133823395, -12.3069629669], [-557.114257812, -256.830963135, 36.5636253357, 89.389755249, -24.5888595581, 103.910125732, 22.436580658, 24.6682128906, -8.00589370728, -13.3698778152, 21.6133823395, 155.910751343, 47.1562080383], [-417.078521729, -166.048141479, 13.9811506271, 92.1020278931, 18.6859951019, 53.8810310364, -21.9206142426, 16.038848877, 6.89603185654, 30.0593929291, -12.3069629669, 47.1562080383, 141.328186035]],
        "icov": [[0.000137212642585, -0.000100858502265, 0.000243095419137, -0.000224822040764, 0.000181633673492, 3.00797673844e-05, 2.81358443317e-05, 7.79309630161e-05, -0.000140306525282, 0.000278524326859, -8.99356091395e-05, 0.000360413920134, 0.000188452744624], [-0.000100858502265, 0.00194852089044, -0.00118018360808, 0.00177255598828, -0.00132461322937, 0.000901283114217, -0.000857334176544, 0.000637922610622, -0.00148961739615, 0.00156840740237, -0.00139705534093, 0.00168491154909, -0.000365312735084], [0.000243095419137, -0.00118018360808, 0.00167732720729, -0.00162362691481, 0.00105514319148, -0.000622258288786, 0.000625654181931, -0.000249269010965, 0.00038535008207, 0.000518880784512, -0.000183575291885, -9.6439389381e-06, 0.000304087036056], [-0.000224822040764, 0.00177255598828, -0.00162362691481, 0.00301456125453, -0.00165667233523, 0.000570420175791, -0.000204567288165, -0.000137836803333, -0.00123119633645, -6.51311129332e-05, -0.000440931034973, 0.000312680494972, -0.000468135724077], [0.000181633673492, -0.00132461322937, 0.00105514319148, -0.00165667233523, 0.00347603601404, -0.000946130952798, 0.000819471664727, 0.000471490522614, -0.000393160938984, 0.000254732731264, -0.000734535802621, 0.000345151813235, -0.000284434645437], [3.00797673844e-05, 0.000901283114217, -0.000622258288786, 0.000570420175791, -0.000946130952798, 0.00206641899422, -0.0010701866122, -0.000184277218068, -0.00037136071478, -0.000289393326966, 8.13827409729e-06, -1.17098716146e-05, 0.000114006637887], [2.81358443317e-05, -0.000857334176544, 0.000625654181931, -0.000204567288165, 0.000819471664727, -0.0010701866122, 0.00393967796117, -0.00137747416738, 0.0019817436114, -0.0011449221056, 0.000793493934907, -0.00120590778533, 0.000832489458844], [7.79309630161e-05, 0.000637922610622, -0.000249269010965, -0.000137836803333, 0.000471490522614, -0.000184277218068, -0.00137747416738, 0.00509520294145, -0.00326647376642, 0.00148372945841, -0.00218410859816, 0.00147853733506, -0.000529720506165], [-0.000140306525282, -0.00148961739615, 0.00038535008207, -0.00123119633645, -0.000393160938984, -0.00037136071478, 0.0019817436114, -0.00326647376642, 0.0090592764318, -0.00415201997384, 0.00381966703571, -0.00268842442892, 0.00114235503133], [0.000278524326859, 0.00156840740237, 0.000518880784512, -6.51311129332e-05, 0.000254732731264, -0.000289393326966, -0.0011449221056, 0.00148372945841, -0.00415201997384, 0.0101965358481, -0.00486077787355, 0.00555398594588, -0.00185607408639], [-8.99356091395e-05, -0.00139705534093, -0.000183575291885, -0.000440931034973, -0.000734535802621, 8.13827409729e-06, 0.000793493934907, -0.00218410859816, 0.00381966703571, -0.00486077787355, 0.0119768055156, -0.00481138657779, 0.00235944753513], [0.000360413920134, 0.00168491154909, -9.6439389381e-06, 0.000312680494972, 0.000345151813235, -1.17098716146e-05, -0.00120590778533, 0.00147853733506, -0.00268842442892, 0.00555398594588, -0.00481138657779, 0.0122484844178, -0.00311154359952], [0.000188452744624, -0.000365312735084, 0.000304087036056, -0.000468135724077, -0.000284434645437, 0.000114006637887, 0.000832489458844, -0.000529720506165, 0.00114235503133, -0.00185607408639, 0.00235944753513, -0.00311154359952, 0.00924375280738]]
    },
    "melbands": {
        "mean": [0.000178136251634, 0.000673255592119, 0.000697023584507, 0.000905123713892, 0.000615131284576, 0.000592786585912, 0.000566445523873, 0.000454404129414, 0.000389080494642, 0.00021302656387, 0.000166439494933, 7.66336961533e-05, 4.92731523991e-05, 4.45506557298e-05, 3.95777387894e-05, 3.74761366402e-05, 3.29733193212e-05, 3.13454074785e-05, 2.50959874393e-05, 1.75207096618e-05, 1.79597263923e-05, 1.65255951288e-05, 1.29321188069e-05, 1.09296524897e-05, 1.00936313174e-05, 9.20561979001e-06, 7.75697117206e-06, 5.53144309379e-06, 6.49414732834e-06, 5.07548293172e-06, 3.34287551595e-06, 3.15890133606e-06, 3.04141622109e-06, 2.68561529992e-06, 1.015949465e-06, 6.53124345718e-07, 6.18143303655e-07, 3.51267914311e-07, 2.15073256982e-07, 4.78381565472e-08],
        "stdev": [0.000412630732171, 0.00141301483382, 0.000981350312941, 0.00144447106868, 0.00137803459074, 0.00111405109055, 0.00127861171495, 0.000977512565441, 0.000890975992661, 0.000593585369643, 0.000555976235773, 0.000282287743175, 0.000180344257387, 0.000163593198522, 0.000122381155961, 0.000123026155052, 0.000113513895485, 0.00010036531603, 7.79913825681e-05, 5.1920338592e-05, 4.66560231871e-05, 4.1285140469e-05, 3.99158307118e-05, 3.33698153554e-05, 2.5836065106e-05, 2.41636844294e-05, 2.12486756936e-05, 1.48666840687e-05, 1.93289270101e-05, 1.75632303581e-05, 1.27773591885e-05, 1.2124785826e-05, 1.06326087916e-05, 9.96197650238e-06, 3.8676503209e-06, 2.57661804426e-06, 2.75750426226e-06, 1.32398406549e-06, 8.23763116387e-07, 1.63128177633e-07]
    },
    "melbands128": {
        "mean": [7.54557640903e-06, 2.0884348487e-05, 0.000161168398336, 0.000633686489891, 0.000837210565805, 0.000569817551877, 0.00043265891145, 0.000790230347775, 0.00106820592191, 0.000896491925232, 0.000840063788928, 0.000749155355152, 0.000549689459149, 0.000427482940722, 0.000584541528951, 0.000682657177094, 0.000677036994603, 0.00056492985459, 0.000418021343648, 0.000412879977375, 0.000479611364426, 0.000518279208336, 0.000364712497685, 0.000301348831272, 0.000206780721783, 0.000194904292584, 0.000186731180293, 0.000175529392436, 0.000146195234265, 8.15301682451e-05, 5.6364446209e-05, 5.12594306201e-05, 4.51317828265e-05, 5.24479110027e-05, 5.01422109664e-05, 4.12710833189e-05, 3.6939902202e-05, 4.08290143241e-05, 3.87041800423e-05, 4.09218155255e-05, 3.77382129955e-05, 3.26639601553e-05, 3.14766584779e-05, 3.47540153598e-05, 3.31476803694e-05, 3.0136841815e-05, 2.96229554806e-05, 2.74978810921e-05, 2.25574240176e-05, 1.91464168893e-05, 1.59266237461e-05, 1.65663605003e-05, 1.93506093638e-05, 1.75833356479e-05, 1.6929472622e-05, 1.73378302861e-05, 1.54438967002e-05, 1.35273639899e-05, 1.23503377836e-05, 1.11361841846e-05, 1.09120064735e-05, 1.06631632661e-05, 1.0368619769e-05, 1.04218988781e-05, 8.83041411726e-06, 9.19623471418e-06, 9.32503371587e-06, 9.06793593458e-06, 7.6620190157e-06, 5.5343848544e-06, 5.11116240887e-06, 5.63432422496e-06, 6.34379284747e-06, 6.83032249071e-06, 6.62886714053e-06, 5.3234753068e-06, 4.51534697277e-06, 3.49085325979e-06, 3.09369374918e-06, 3.25619134856e-06, 3.3146475289e-06, 3.02834291688e-06, 3.0050885016e-06, 3.17062676913e-06, 2.90840353045e-06, 3.01234695144e-06, 2.83302620119e-06, 1.60725392107e-06, 8.63011564434e-07, 5.77617242925e-07, 5.96832592237e-07, 6.64840285935e-07, 7.72529119786e-07, 6.63940738832e-07, 5.1883944252e-07, 3.80349263196e-07, 3.11634011041e-07, 3.08608093746e-07, 2.49371112204e-07, 1.5893743921e-07, 7.79910109827e-08, 2.89779009677e-08, 7.79202125045e-09, 1.40504230473e-09, 4.13248157916e-10, 6.83396617074e-10, 8.70038818768e-10, 7.63022589556e-10, 5.16976239595e-10, 1.90001417377e-10, 2.09072845841e-11, 6.89764001124e-12, 5.41977443827e-12, 3.92630632867e-12, 3.65816058001e-12, 3.54492672196e-12, 3.43413752296e-12, 3.32786337549e-12, 3.24080389261e-12, 3.16563095182e-12, 3.0953449439e-12, 3.03585303597e-12, 2.9741122759e-12, 2.919725876e-12, 2.88240633618e-12, 2.85637442518e-12, 2.83736684321e-12, 2.8178355916e-12],
        "stdev": [6.63848040858e-05, 0.000148374601849, 0.000440845964476, 0.00148134655319, 0.00191318464931, 0.00140184874181, 0.000956148549449, 0.00143816648051, 0.00192232010886, 0.0019608354196, 0.00244080554694, 0.00209161825478, 0.00184165686369, 0.00137746403925, 0.00144745840225, 0.00171109405346, 0.00190067838412, 0.0018206203822, 0.00123782234732, 0.00120528053958, 0.00140717404429, 0.00152135512326, 0.00107656035107, 0.00106167700142, 0.000726478348952, 0.000808468554169, 0.000854858895764, 0.000752363645006, 0.000739566225093, 0.000416203198256, 0.000282487686491, 0.000277395534795, 0.000220148111111, 0.00027378872619, 0.000242441150476, 0.000231610480114, 0.000186264893273, 0.000168290091096, 0.000155807167175, 0.000181442912435, 0.000170655534021, 0.000133283014293, 0.000146481121192, 0.000160588024301, 0.000139988624142, 0.000126873230329, 0.000124127211166, 0.000107471561932, 9.56978619797e-05, 8.21519861347e-05, 5.72455464862e-05, 6.09116468695e-05, 6.19236598141e-05, 5.13790037076e-05, 5.25493778696e-05, 5.35260733159e-05, 4.678667392e-05, 4.61884737888e-05, 5.71736745769e-05, 4.11498294852e-05, 4.16567236243e-05, 3.76080679416e-05, 3.03397118842e-05, 3.22946762026e-05, 2.64345308096e-05, 2.8996835681e-05, 2.80338917946e-05, 2.82786004391e-05, 2.3554530344e-05, 1.52528300532e-05, 1.6479718397e-05, 1.7042597392e-05, 1.95925167645e-05, 2.26463926083e-05, 2.53787038673e-05, 1.87256737263e-05, 1.83793708857e-05, 1.46590600707e-05, 1.3048414985e-05, 1.34769679789e-05, 1.3700285308e-05, 1.25857141029e-05, 1.1663969417e-05, 1.16456312753e-05, 1.09171387521e-05, 1.19191217891e-05, 1.15356087917e-05, 6.9883803917e-06, 3.47552645508e-06, 2.17500360122e-06, 2.41097836806e-06, 2.86047588816e-06, 4.09521908296e-06, 3.19250170833e-06, 2.28465069085e-06, 1.58236298375e-06, 1.18644618397e-06, 1.30609168991e-06, 1.02964543203e-06, 6.03144883371e-07, 2.79161724848e-07, 9.77464722496e-08, 2.68701487727e-08, 6.03065286597e-09, 2.7916875478e-09, 4.18309609174e-09, 4.78227368816e-09, 4.52667370254e-09, 3.37287686669e-09, 1.43800449326e-09, 1.40225081546e-10, 3.72354959366e-11, 3.04440500587e-11, 6.91211324289e-12, 6.00402973866e-12, 5.79734957956e-12, 5.61595691825e-12, 5.45216215925e-12, 5.29732507859e-12, 5.16127071637e-12, 5.03569408394e-12, 4.92662074331e-12, 4.83114936944e-12, 4.74532132339e-12, 4.67710722582e-12, 4.62215465555e-12, 4.57976582005e-12, 4.55574770616e-12]
    },
    "mfcc": {
        "mean": [-750.237487793, 127.173294067, -8.74492359161, 34.1466178894, -8.82968330383, -6.54488039017, -16.3636112213, -5.98738718033, -10.6449270248, -2.68449616432, -6.55360746384, -1.44732129574, -4.46568727493],
        "cov": [[13158.8203125, 806.869750977, -2463.6809082, 196.842697144, -971.756835938, -573.115905762, -758.741455078, -332.256408691, -362.227355957, 127.550109863, -35.2914466858, -117.479377747, -223.378601074], [806.869750977, 4571.83251953, -160.196243286, -465.348114014, -220.377075195, -772.421630859, -170.474868774, -213.661010742, -426.050476074, -320.656524658, -133.702453613, -143.380905151, -120.861351013], [-2463.6809082, -160.196243286, 2105.72290039, 505.778900146, 605.608337402, 202.989013672, 133.741378784, 282.98034668, 119.407226562, 121.944450378, -20.5765113831, 107.342796326, 287.871887207], [196.842697144, -465.348114014, 505.778900146, 958.984680176, 454.504486084, -25.0246734619, -142.645019531, -1.42210698128, 44.9812965393, 107.717178345, -69.0115661621, 95.6000747681, 149.791534424], [-971.756835938, -220.377075195, 605.608337402, 454.504486084, 972.271789551, 230.867401123, -57.2135505676, 95.3750457764, 79.2319564819, 179.342849731, -45.8941421509, 85.1120223999, 209.4793396], [-573.115905762, -772.421630859, 202.989013672, -25.0246734619, 230.867401123, 599.444519043, 201.428253174, 111.042289734, 131.779556274, 125.837608337, 70.123588562, -5.05972719193, 79.405090332], [-758.741455078, -170.474868774, 133.741378784, -142.645019531, -57.2135505676, 201.428253174, 413.200286865, 134.621810913, 48.8508262634, 65.8193817139, 65.6938171387, -6.28115558624, 68.6241912842], [-332.256408691, -213.661010742, 282.98034668, -1.42210698128, 95.3750457764, 111.042289734, 134.621810913, 339.194732666, 97.9039382935, 39.0077896118, 63.0738601685, 22.3406276703, 98.4173965454], [-362.227355957, -426.050476074, 119.407226562, 44.9812965393, 79.2319564819, 131.779556274, 48.8508262634, 97.9039382935, 254.567367554, 118.258003235, 30.4329490662, 31.5803050995, 73.4732589722], [127.550109863, -320.656524658, 121.944450378, 107.717178345, 179.342849731, 125.837608337, 65.8193817139, 39.0077896118, 118.258003235, 348.512481689, 58.815612793, 2.74197077751, 141.779708862], [-35.2914466858, -133.702453613, -20.5765113831, -69.0115661621, -45.8941421509, 70.123588562, 65.6938171387, 63.0738601685, 30.4329490662, 58.815612793, 217.611938477, 27.6389293671, 10.5545167923], [-117.479377747, -143.380905151, 107.342796326, 95.6000747681, 85.1120223999, -5.05972719193, -6.28115558624, 22.3406276703, 31.5803050995, 2.74197077751, 27.6389293671, 173.614578247, 26.8924655914], [-223.378601074, -120.861351013, 287.871887207, 149.791534424, 209.4793396, 79.405090332, 68.6241912842, 98.4173965454, 73.4732589722, 141.779708862, 10.5545167923, 26.8924655914, 252.884246826]],
        "icov": [[0.000147071885294, -4.65377306682e-05, 0.000179733920959, -0.000173101841938, 0.000231796031585, -0.000139939264045, 0.000314351607813, -0.000211952647078, 0.00024750555167, -0.000284789828584, 7.26459329599e-05, -7.77784516686e-05, -5.2287348808e-05], [-4.65377306682e-05, 0.000378046330297, -0.000119390882901, 0.000316724326694, -0.000252715020906, 0.000542488705833, -0.000175960565684, 0.000190524122445, 0.000222893533646, 0.000233334634686, -3.89149718103e-05, 0.000269844051218, -0.000122174809803], [0.000179733920959, -0.000119390882901, 0.000941040692851, -0.000492263352498, 7.15718779247e-05, -0.00027984243934, 0.000197214292712, -0.00064997683512, 0.000254937942373, -0.000213928695302, 0.000195994434762, -0.000254752318142, -0.000385148334317], [-0.000173101841938, 0.000316724326694, -0.000492263352498, 0.00201377156191, -0.000871929223649, 0.000736476795282, 2.60924298345e-05, 0.000566974515095, -0.000142717748531, 0.000216091735638, 0.000175915105501, -0.000221383015742, -0.000434186367784], [0.000231796031585, -0.000252715020906, 7.15718779247e-05, -0.000871929223649, 0.00241837766953, -0.00132331764325, 0.00128704553936, -0.000707786704879, 0.000699548108969, -0.00107218476478, 0.000694679387379, -0.000816998828668, -0.000686843763106], [-0.000139939264045, 0.000542488705833, -0.00027984243934, 0.000736476795282, -0.00132331764325, 0.00347646954469, -0.00161077466328, 0.000515290885232, -0.000854510406498, 0.000404295831686, -0.000667628773954, 0.000969787943177, 0.00020546693122], [0.000314351607813, -0.000175960565684, 0.000197214292712, 2.60924298345e-05, 0.00128704553936, -0.00161077466328, 0.0044999201782, -0.00148589897435, 0.00101197941694, -0.00111804984044, 9.12330870051e-05, -0.000438371876953, -0.000873956247233], [-0.000211952647078, 0.000190524122445, -0.00064997683512, 0.000566974515095, -0.000707786704879, 0.000515290885232, -0.00148589897435, 0.00484927650541, -0.0016650770558, 0.00141998881008, -0.001225125161, 0.000427237944677, -0.00105825904757], [0.00024750555167, 0.000222893533646, 0.000254937942373, -0.000142717748531, 0.000699548108969, -0.000854510406498, 0.00101197941694, -0.0016650770558, 0.00636648526415, -0.00205997168086, 0.000569493684452, -0.000993850757368, -0.000431165128248], [-0.000284789828584, 0.000233334634686, -0.000213928695302, 0.000216091735638, -0.00107218476478, 0.000404295831686, -0.00111804984044, 0.00141998881008, -0.00205997168086, 0.00541818980128, -0.00151217461098, 0.00116917549167, -0.00201296317391], [7.26459329599e-05, -3.89149718103e-05, 0.000195994434762, 0.000175915105501, 0.000694679387379, -0.000667628773954, 9.12330870051e-05, -0.001225125161, 0.000569493684452, -0.00151217461098, 0.0058433660306, -0.00147192389704, 0.000399472075514], [-7.77784516686e-05, 0.000269844051218, -0.000254752318142, -0.000221383015742, -0.000816998828668, 0.000969787943177, -0.000438371876953, 0.000427237944677, -0.000993850757368, 0.00116917549167, -0.00147192389704, 0.00700183724985, -0.000243568312726], [-5.2287348808e-05, -0.000122174809803, -0.000385148334317, -0.000434186367784, -0.000686843763106, 0.00020546693122, -0.000873956247233, -0.00105825904757, -0.000431165128248, -0.00201296317391, 0.000399472075514, -0.000243568312726, 0.00696194078773]]
    },
    "spectral_contrast_coeffs": {
        "mean": [-0.61407494545, -0.719493567944, -0.786351263523, -0.794310986996, -0.785012185574, -0.736488819122],
        "stdev": [0.161999851465, 0.134199678898, 0.0951527059078, 0.0732467919588, 0.06614343822, 0.070631146431]
    },
    "spectral_contrast_valleys": {
        "mean": [-8.36883068085, -7.58026409149, -8.51305484772, -8.58771419525, -8.38607406616, -11.7498884201],
        "stdev": [1.49301505089, 1.53675866127, 1.44228434563, 1.43613982201, 1.43281519413, 1.23085689545]
    }
},
"rhythm": {
    "beats_count": 126,
    "beats_loudness": {
        "mean": 0.0309071782976,
        "stdev": 0.0177382286638
    },
    "bpm": 124.256637573,
    "bpm_histogram_first_peak_bpm": 123,
    "bpm_histogram_first_peak_weight": 0.533333301544,
    "bpm_histogram_second_peak_bpm": 129,
    "bpm_histogram_second_peak_spread": 0.480000019073,
    "bpm_histogram_second_peak_weight": 0.104000002146,
    "danceability": 1.38534009457,
    "onset_rate": 5.58591508865,
    "beats_loudness_band_ratio": {
        "mean": [0.213790282607, 0.27078333497, 0.305796146393, 0.12585555017, 0.0774770453572, 0.082510150969],
        "stdev": [0.210719287395, 0.227925986052, 0.255633801222, 0.20884154737, 0.10164296627, 0.188602074981]
    },
    "beats_position": [0.510838985443, 1.02167797089, 1.53251695633, 2.02013611794, 2.49614500999, 2.97215414047, 3.45977306366, 3.92417216301, 4.41179132462, 4.8994102478, 5.3754196167, 5.85142850876, 6.2229475975, 6.59446716309, 6.96598625183, 7.33750534058, 7.70902490616, 8.08054447174, 8.44045352936, 8.82358264923, 9.2067117691, 9.58984088898, 9.97297000885, 10.3560991287, 10.7508392334, 11.1455783844, 11.5519275665, 11.9814968109, 12.4226751328, 12.8522443771, 13.3166437149, 13.7926530838, 14.268661499, 14.7446708679, 15.1974601746, 15.6502494812, 16.114648819, 16.5674381256, 17.0202255249, 17.4614048004, 17.9258041382, 18.390203476, 18.8546028137, 19.3073921204, 19.7717914581, 20.2129707336, 20.6657600403, 21.1069393158, 21.548116684, 21.9892959595, 22.4536952972, 22.918094635, 23.3824939728, 23.8701133728, 24.3461227417, 24.8105201721, 25.2633094788, 25.7044887543, 26.1572780609, 26.6100673676, 27.0512466431, 27.4692058563, 27.8987751007, 28.3399543762, 28.7695236206, 29.199092865, 29.6402721405, 30.0698413849, 30.5110206604, 30.9638080597, 31.3701572418, 31.776506424, 32.171245575, 32.5659866333, 32.9375038147, 33.3206329346, 33.6921539307, 34.0636711121, 34.5280723572, 35.0156898499, 35.514919281, 35.9677085876, 36.4437179565, 36.8965072632, 37.3841247559, 37.8717460632, 38.3593635559, 38.8353729248, 39.3229942322, 39.8106117249, 40.2982292175, 40.7742385864, 41.2618598938, 41.761089325, 42.2254867554, 42.7014961243, 43.1775054932, 43.6535148621, 44.1411323547, 44.6519737244, 45.1744194031, 45.6968688965, 46.2077102661, 46.7417678833, 47.2642173767, 47.7866668701, 48.3207244873, 48.8547821045, 49.4120635986, 49.9693412781, 50.5498390198, 51.1535606384, 51.7572784424, 52.3377761841, 52.9182739258, 53.4871635437, 54.0676651001, 54.6597709656, 55.275100708, 55.8672103882, 56.4709281921, 57.0514259338, 57.643535614, 58.2240333557, 58.8161430359, 59.4430847168],
    "bpm_histogram": [0, 0, 0, 0, 0, 0, 0, 0, 0, 0, 0, 0, 0, 0, 0, 0, 0, 0, 0, 0, 0, 0, 0, 0, 0, 0, 0, 0, 0, 0, 0, 0, 0, 0, 0, 0, 0, 0, 0, 0, 0, 0, 0, 0, 0, 0, 0, 0, 0, 0, 0, 0, 0, 0, 0, 0, 0, 0, 0, 0, 0, 0, 0, 0, 0, 0, 0, 0, 0, 0, 0, 0, 0, 0, 0, 0, 0, 0, 0, 0, 0, 0, 0, 0, 0, 0, 0, 0, 0, 0, 0, 0, 0, 0, 0, 0, 0.00800000037998, 0, 0.00800000037998, 0.0240000002086, 0, 0.0320000015199, 0, 0.0480000004172, 0, 0.00800000037998, 0, 0, 0.01600000076, 0, 0, 0, 0.0240000002086, 0, 0, 0.0320000015199, 0, 0.0320000015199, 0, 0, 0.01600000076, 0, 0, 0.112000003457, 0, 0, 0.112000003457, 0, 0, 0.104000002146, 0, 0, 0, 0.0960000008345, 0, 0, 0.0879999995232, 0, 0, 0, 0.0480000004172, 0, 0, 0, 0.00800000037998, 0, 0, 0, 0.0240000002086, 0, 0, 0, 0.0320000015199, 0, 0, 0, 0, 0.0480000004172, 0, 0, 0, 0.0719999969006, 0, 0, 0, 0, 0, 0.00800000037998, 0, 0, 0, 0, 0, 0, 0, 0, 0, 0, 0, 0, 0, 0, 0, 0, 0, 0, 0, 0, 0, 0, 0, 0, 0, 0, 0, 0, 0, 0, 0, 0, 0, 0, 0, 0, 0, 0, 0, 0, 0, 0, 0, 0, 0, 0, 0, 0, 0, 0, 0, 0, 0, 0, 0, 0, 0, 0, 0, 0, 0, 0, 0, 0, 0, 0, 0, 0, 0, 0, 0, 0, 0, 0, 0, 0, 0, 0, 0, 0, 0, 0]
},
"tonal": {
    "chords_changes_rate": 0.179783955216,
    "chords_number_rate": 0.0146604934707,
    "chords_strength": {
        "mean": 0.429997324944,
        "stdev": 0.0921889469028
    },
    "hpcp_crest": {
        "mean": 13.3965511322,
        "stdev": 7.26069831848
    },
    "hpcp_entropy": {
        "mean": 2.10162377357,
        "stdev": 0.904976904392
    },
    "key_edma": {
        "strength": 0.35198661685,
        "key": "F#",
        "scale": "minor"
    },
    "key_krumhansl": {
        "strength": 0.339752137661,
        "key": "F#",
        "scale": "minor"
    },
    "key_temperley": {
        "strength": 0.327445983887,
        "key": "F#",
        "scale": "minor"
    },
    "tuning_diatonic_strength": 0.526578962803,
    "tuning_equal_tempered_deviation": 0.240617692471,
    "tuning_frequency": 435.448913574,
    "tuning_nontempered_energy_ratio": 0.891875803471,
    "hpcp": {
        "mean": [0.155004858971, 0.116031125188, 0.104134783149, 0.104725979269, 0.113171420991, 0.124301217496, 0.126522645354, 0.119813486934, 0.117779567838, 0.121536396444, 0.117566682398, 0.1139677912, 0.122078344226, 0.135196968913, 0.1311840415, 0.109910681844, 0.106077969074, 0.114280983806, 0.119386836886, 0.124780982733, 0.133974611759, 0.136047393084, 0.123779579997, 0.142234310508, 0.169078856707, 0.159395232797, 0.144943550229, 0.151008188725, 0.157665535808, 0.159252911806, 0.15994182229, 0.15360814333, 0.157672852278, 0.159671008587, 0.158768281341, 0.172968700528],
        "stdev": [0.268494486809, 0.220975607634, 0.209634453058, 0.210351318121, 0.217958733439, 0.235207289457, 0.234553024173, 0.233800694346, 0.219516202807, 0.228664040565, 0.215664848685, 0.214081957936, 0.214175805449, 0.232655674219, 0.234292879701, 0.203886061907, 0.199278220534, 0.215145915747, 0.218756407499, 0.220775812864, 0.234382525086, 0.242972955108, 0.222806543112, 0.23962405324, 0.280879467726, 0.268281728029, 0.251363694668, 0.264731019735, 0.259844839573, 0.26564180851, 0.271397590637, 0.26423317194, 0.264300733805, 0.273412227631, 0.270261108875, 0.2919498384]
    },
    "chords_histogram": [10.8796300888, 3.85802459717, 9.4135799408, 5.86419773102, 4.47530841827, 1.69753086567, 0.0771604925394, 4.01234579086, 3.24074077606, 15.5864200592, 10.1851854324, 6.79012346268, 1.54320991039, 0, 1.62037038803, 0.231481477618, 5.63271617889, 2.16049385071, 0, 4.24382734299, 1.62037038803, 4.55246925354, 1.62037038803, 0.694444417953],
    "thpcp": [1, 0.896143972874, 0.670821487904, 0.60204410553, 0.605462014675, 0.65428841114, 0.718634188175, 0.731477081776, 0.692688822746, 0.68092995882, 0.702649652958, 0.67969918251, 0.658892571926, 0.705782830715, 0.78162676096, 0.758426487446, 0.635436832905, 0.613278388977, 0.660703241825, 0.690222203732, 0.72140789032, 0.774559855461, 0.786543428898, 0.715618371964, 0.822312414646, 0.977511286736, 0.921526432037, 0.837975621223, 0.87303763628, 0.911526381969, 0.920703649521, 0.924686491489, 0.888069033623, 0.911568701267, 0.92312079668, 0.917901813984],
    "chords_key": "C#",
    "chords_scale": "major"
}
}