{
"metadata": {
    "version": {
        "essentia": "2.1-dev",
        "essentia_git_sha": "v2.1_beta3-415-gd5473f3",
        "extractor": "music 2.0"
    },
    "audio_properties": {
        "analysis": {
            "equal_loudness": 0,
            "length": 60.1338768005,
            "sample_rate": 44100,
            "start_time": 0,
            "downmix": "mix"
        },
        "bit_rate": 192000,
        "length": 60.1338768005,
        "lossless": 0,
        "number_channels": 2,
        "replay_gain": -8.55867958069,
        "sample_rate": 44100,
        "codec": "mp3",
        "md5_encoded": "7a0ea7d124f1c55e119e4809b04d4e96"
    },
    "tags": {
        "file_name": "speech_16_ondarambla.mp3"
    }
},
"lowlevel": {
    "average_loudness": 0.963685452938,
    "barkbands_crest": {
        "mean": 9.68381881714,
        "stdev": 3.6454102993
    },
    "barkbands_flatness_db": {
        "mean": 0.223197042942,
        "stdev": 0.0558958053589
    },
    "barkbands_kurtosis": {
        "mean": 5.81805276871,
        "stdev": 16.7621192932
    },
    "barkbands_skewness": {
        "mean": 1.28724884987,
        "stdev": 1.69884395599
    },
    "barkbands_spread": {
        "mean": 18.1882076263,
        "stdev": 15.3087463379
    },
    "dissonance": {
        "mean": 0.434273540974,
        "stdev": 0.0514974035323
    },
    "dynamic_complexity": 2.89737486839,
    "erbbands_crest": {
        "mean": 10.185379982,
        "stdev": 3.70118069649
    },
    "erbbands_flatness_db": {
        "mean": 0.252713918686,
        "stdev": 0.0474453791976
    },
    "erbbands_kurtosis": {
        "mean": 1.33471977711,
        "stdev": 4.63929510117
    },
    "erbbands_skewness": {
        "mean": 0.288649171591,
        "stdev": 1.1458568573
    },
    "erbbands_spread": {
        "mean": 32.2332305908,
        "stdev": 19.1013717651
    },
    "hfc": {
        "mean": 15.9068317413,
        "stdev": 15.2542743683
    },
    "loudness_ebu128": {
        "integrated": -16.4717235565,
        "loudness_range": 1.7208404541,
        "momentary": {
            "mean": -16.7642307281,
            "stdev": 1.72046279907
        },
        "short_term": {
            "mean": -16.5615882874,
            "stdev": 0.654119253159
        }
    },
    "melbands_crest": {
        "mean": 13.1992969513,
        "stdev": 5.26098680496
    },
    "melbands_flatness_db": {
        "mean": 0.25051894784,
        "stdev": 0.082572042942
    },
    "melbands_kurtosis": {
        "mean": 13.6670789719,
        "stdev": 67.8135986328
    },
    "melbands_skewness": {
        "mean": 2.22665882111,
        "stdev": 2.05914306641
    },
    "melbands_spread": {
        "mean": 27.9604034424,
        "stdev": 35.5969696045
    },
    "pitch_salience": {
        "mean": 0.682689011097,
        "stdev": 0.114203758538
    },
    "silence_rate_20dB": {
        "mean": 1,
        "stdev": 0
    },
    "silence_rate_30dB": {
        "mean": 1,
        "stdev": 0
    },
    "silence_rate_60dB": {
        "mean": 0.137784644961,
        "stdev": 0.344670295715
    },
    "spectral_centroid": {
        "mean": 1404.92456055,
        "stdev": 1060.95837402
    },
    "spectral_complexity": {
        "mean": 13.3546895981,
        "stdev": 8.86923027039
    },
    "spectral_decrease": {
        "mean": -4.99938934695e-09,
        "stdev": 4.18647827516e-09
    },
    "spectral_energy": {
        "mean": 0.0203116517514,
        "stdev": 0.0168097615242
    },
    "spectral_energyband_high": {
        "mean": 0.000469153339509,
        "stdev": 0.00150900532026
    },
    "spectral_energyband_low": {
        "mean": 0.00305542186834,
        "stdev": 0.00340032810345
    },
    "spectral_energyband_middle_high": {
        "mean": 0.00398707808927,
        "stdev": 0.00483471387997
    },
    "spectral_energyband_middle_low": {
        "mean": 0.0136672966182,
        "stdev": 0.0125927720219
    },
    "spectral_entropy": {
        "mean": 7.13429355621,
        "stdev": 0.564203679562
    },
    "spectral_flux": {
        "mean": 0.0915404111147,
        "stdev": 0.045295342803
    },
    "spectral_kurtosis": {
        "mean": 7.56637907028,
        "stdev": 7.33776092529
    },
    "spectral_rms": {
        "mean": 0.0039450279437,
        "stdev": 0.00206228415482
    },
    "spectral_rolloff": {
        "mean": 1748.8145752,
        "stdev": 1914.6907959
    },
    "spectral_skewness": {
        "mean": 1.52883315086,
        "stdev": 0.921700894833
    },
    "spectral_spread": {
        "mean": 2951592.5,
        "stdev": 1598445.625
    },
    "spectral_strongpeak": {
        "mean": 1.00734996796,
        "stdev": 1.00054931641
    },
    "zerocrossingrate": {
        "mean": 0.0577911287546,
        "stdev": 0.0530901663005
    },
    "barkbands": {
        "mean": [1.36416274472e-05, 0.000322889973177, 0.00191873474978, 0.00115730660036, 0.00249189860187, 0.00277177477255, 0.00351833598688, 0.00240438734181, 0.00118756201118, 0.000342884159181, 0.000269126467174, 0.000554857600946, 0.000574691395741, 0.0004050390271, 0.00032751011895, 0.000285402988084, 0.000500075344462, 0.000441505661001, 0.000216552303755, 0.000293641991448, 0.000112650821393, 9.09004447749e-05, 7.58922324167e-05, 3.13779964927e-05, 2.99779185298e-06, 1.80601826827e-08, 7.34178884354e-10],
        "stdev": [6.24075692031e-05, 0.000919230980799, 0.00252044387162, 0.00184331648052, 0.00323529937305, 0.00473046395928, 0.00560826761648, 0.00446723215282, 0.00313894287683, 0.000964357343037, 0.000745919591282, 0.00145864475053, 0.00145489349961, 0.00106294034049, 0.000833202386275, 0.000762055336963, 0.000886215770151, 0.00077126926044, 0.000505671079736, 0.000788770266809, 0.000517684966326, 0.000448069098638, 0.000356781500159, 0.000154433830176, 1.18958769235e-05, 1.1268772937e-07, 1.24578591887e-09]
    },
    "erbbands": {
        "mean": [0.00421705655754, 0.119441121817, 1.64242887497, 3.85255002975, 3.54409837723, 10.2451343536, 14.9022531509, 25.8490505219, 46.4015960693, 53.3708076477, 51.3951301575, 26.5011615753, 14.0744056702, 10.0648078918, 14.3431816101, 22.968421936, 26.5973110199, 22.971818924, 18.9109039307, 15.6652593613, 17.0581436157, 28.985458374, 27.7430171967, 12.2340497971, 12.4550333023, 14.0713500977, 6.94149875641, 3.54517555237, 2.79581427574, 3.53989362717, 1.97581827641, 0.996383190155, 0.340638846159, 0.0728446543217, 0.00356709444895, 0.000325045373756, 3.30568327627e-05, 7.20231037121e-06, 1.2126767615e-05, 2.44194325205e-05],
        "stdev": [0.0176470912993, 0.28297328949, 2.3701210022, 4.68507385254, 5.45635795593, 15.7102384567, 22.0894927979, 49.8098983765, 74.8182907104, 90.5011444092, 101.425819397, 66.5256881714, 39.9022903442, 26.0360507965, 38.5972366333, 57.2105140686, 64.0254135132, 56.253162384, 49.2915153503, 39.0038871765, 40.6482772827, 49.7458267212, 44.662727356, 27.0992355347, 28.2379703522, 37.2374038696, 24.5121002197, 17.9360866547, 13.0455131531, 19.628276825, 9.28625774384, 5.0977473259, 1.52518975735, 0.272612690926, 0.0139093613252, 0.00144818169065, 9.42894330365e-05, 1.59811006597e-05, 9.95315713226e-06, 1.95552547666e-05]
    },
    "gfcc": {
        "mean": [-101.452278137, 142.31477356, -151.345901489, 48.5927200317, -67.4702301025, -14.9223470688, -42.5305633545, -6.24484491348, -7.72879219055, -22.1455993652, 11.3785829544, -25.968460083, -5.28887748718],
        "cov": [[8121.39013672, 1378.84509277, -1762.57263184, -947.24597168, 113.452156067, -1123.06762695, -287.973480225, -141.645675659, -80.1692657471, -236.866195679, 101.074539185, -394.77911377, -272.916503906], [1378.84509277, 3034.53100586, -59.2963371277, -1550.29626465, 339.691711426, -727.165283203, -2.61015129089, -166.243286133, -233.682861328, -405.615264893, 213.415298462, -179.723327637, -86.2247009277], [-1762.57263184, -59.2963371277, 1220.09033203, 456.591888428, -119.609771729, 257.627319336, -10.9785289764, 38.4086112976, -46.327381134, -70.2366104126, -19.1125354767, 136.156219482, 121.739982605], [-947.24597168, -1550.29626465, 456.591888428, 1431.47485352, -97.3446578979, 248.661514282, -106.039573669, 24.9310798645, 142.969024658, 210.475402832, -128.12121582, 110.134750366, 155.459243774], [113.452156067, 339.691711426, -119.609771729, -97.3446578979, 352.195983887, -100.736030579, -123.464179993, 8.43686676025, 26.4947910309, 15.6922655106, 13.7268972397, -64.6561279297, 29.9189128876], [-1123.06762695, -727.165283203, 257.627319336, 248.661514282, -100.736030579, 816.12286377, 194.626052856, 76.5021362305, 61.0393867493, 112.759666443, -69.8741531372, 90.9497528076, -3.7769753933], [-287.973480225, -2.61015129089, -10.9785289764, -106.039573669, -123.464179993, 194.626052856, 424.154693604, 22.7467002869, -87.6104278564, -3.7552921772, 35.2869796753, 41.5429725647, -54.042804718], [-141.645675659, -166.243286133, 38.4086112976, 24.9310798645, 8.43686676025, 76.5021362305, 22.7467002869, 215.826660156, 15.6842393875, 8.72371196747, 7.81970834732, -6.20112991333, 18.166425705], [-80.1692657471, -233.682861328, -46.327381134, 142.969024658, 26.4947910309, 61.0393867493, -87.6104278564, 15.6842393875, 220.387496948, 35.9497413635, -79.446975708, 30.605474472, 20.8321857452], [-236.866195679, -405.615264893, -70.2366104126, 210.475402832, 15.6922655106, 112.759666443, -3.7552921772, 8.72371196747, 35.9497413635, 236.401885986, -13.328537941, -54.4409255981, 22.8442993164], [101.074539185, 213.415298462, -19.1125354767, -128.12121582, 13.7268972397, -69.8741531372, 35.2869796753, 7.81970834732, -79.446975708, -13.328537941, 146.01600647, -0.282740831375, -45.7134170532], [-394.77911377, -179.723327637, 136.156219482, 110.134750366, -64.6561279297, 90.9497528076, 41.5429725647, -6.20112991333, 30.605474472, -54.4409255981, -0.282740831375, 174.761871338, 28.4030323029], [-272.916503906, -86.2247009277, 121.739982605, 155.459243774, 29.9189128876, -3.7769753933, -54.042804718, 18.166425705, 20.8321857452, 22.8442993164, -45.7134170532, 28.4030323029, 133.498046875]],
        "icov": [[0.000266067596385, -0.000232962469454, 0.000480147486087, -0.00027662247885, 0.000317373167491, 2.64907048404e-05, 0.000241700108745, -0.000141423966852, 0.000125144550111, 0.000242948182859, 7.51704792492e-05, 0.000217279724893, 0.00024285967811], [-0.000232962469454, 0.00246926234104, -0.00157665007282, 0.00234687514603, -0.00182257639244, 0.00104470003862, -0.00109921721742, 0.00180415029172, -0.00087231019279, 0.00157356681302, -0.00153968937229, 0.00174776674248, -0.00146126199979], [0.000480147486087, -0.00157665007282, 0.00275143212639, -0.0019664473366, 0.00166030437686, -0.00103109364863, 0.00118477165233, -0.00112166511826, 0.00115075393114, 0.000482211034978, 0.000396509509301, -0.000660665449686, -1.06711268018e-05], [-0.00027662247885, 0.00234687514603, -0.0019664473366, 0.00346568599343, -0.00150512787513, 0.0010280860588, -0.000813272898085, 0.00163503142539, -0.00108096865006, 8.97923455341e-05, -0.000850248790812, 0.000802244758233, -0.00178609031718], [0.000317373167491, -0.00182257639244, 0.00166030437686, -0.00150512787513, 0.0051787882112, -0.000850258802529, 0.00174420617986, -0.0013103291858, -1.18023581308e-05, -0.000729109800886, -0.000156025183969, 0.000262732733972, -0.000572715594899], [2.64907048404e-05, 0.00104470003862, -0.00103109364863, 0.0010280860588, -0.000850258802529, 0.00261822040193, -0.00126011203974, 9.64511345956e-05, -0.000563251087442, -0.000630577618722, 0.000713944842573, -0.000297723017866, 0.000716985028703], [0.000241700108745, -0.00109921721742, 0.00118477165233, -0.000813272898085, 0.00174420617986, -0.00126011203974, 0.00418157083914, -0.00117230124306, 0.00201427261345, -0.000737442343961, 0.000641460588668, -0.0015444108285, 0.00143665855285], [-0.000141423966852, 0.00180415029172, -0.00112166511826, 0.00163503142539, -0.0013103291858, 9.64511345956e-05, -0.00117230124306, 0.00651715137064, -0.00163147109561, 0.00190933968406, -0.00267740036361, 0.00265701208264, -0.00262426678091], [0.000125144550111, -0.00087231019279, 0.00115075393114, -0.00108096865006, -1.18023581308e-05, -0.000563251087442, 0.00201427261345, -0.00163147109561, 0.0078169060871, -0.00161638786085, 0.0045213541016, -0.0033059453126, 0.00223434902728], [0.000242948182859, 0.00157356681302, 0.000482211034978, 8.97923455341e-05, -0.000729109800886, -0.000630577618722, -0.000737442343961, 0.00190933968406, -0.00161638786085, 0.00916737131774, -0.0035079147201, 0.00568482093513, -0.00317127909511], [7.51704792492e-05, -0.00153968937229, 0.000396509509301, -0.000850248790812, -0.000156025183969, 0.000713944842573, 0.000641460588668, -0.00267740036361, 0.0045213541016, -0.0035079147201, 0.012602169998, -0.00464849965647, 0.00566599797457], [0.000217279724893, 0.00174776674248, -0.000660665449686, 0.000802244758233, 0.000262732733972, -0.000297723017866, -0.0015444108285, 0.00265701208264, -0.0033059453126, 0.00568482093513, -0.00464849965647, 0.0117853758857, -0.00436890171841], [0.00024285967811, -0.00146126199979, -1.06711268018e-05, -0.00178609031718, -0.000572715594899, 0.000716985028703, 0.00143665855285, -0.00262426678091, 0.00223434902728, -0.00317127909511, 0.00566599797457, -0.00436890171841, 0.0132841346785]]
    },
    "melbands": {
        "mean": [5.78624167247e-05, 0.000629479356576, 0.000630314229056, 0.000460731447674, 0.000539522035979, 0.00059044820955, 0.000716804293916, 0.000568831223063, 0.000401969853556, 0.000149266255903, 6.66165287839e-05, 3.93081645598e-05, 4.12519002566e-05, 5.73843390157e-05, 6.56581250951e-05, 5.36772568012e-05, 4.09806925745e-05, 3.06164729409e-05, 2.34278631979e-05, 1.87345558516e-05, 2.0077197405e-05, 2.88253322651e-05, 3.17879785143e-05, 1.88574504136e-05, 8.61490207171e-06, 8.47726278153e-06, 9.67323012446e-06, 9.39558503887e-06, 5.01757313032e-06, 2.49214917858e-06, 1.86818044767e-06, 1.37046981763e-06, 2.08178039429e-06, 1.85151350252e-06, 1.18276341254e-06, 8.17089073735e-07, 5.2167922604e-07, 2.5859753805e-07, 1.34171585842e-07, 3.30743041843e-08],
        "stdev": [0.000173501670361, 0.000923071289435, 0.000710127467755, 0.000629855960142, 0.000726864906028, 0.00105310149956, 0.00111682957504, 0.000947513675783, 0.000845027796458, 0.000391390465666, 0.000193923173356, 0.000105569124571, 0.000110833476356, 0.000153119530296, 0.00016972910089, 0.000139353200211, 0.000106734747533, 8.79843282746e-05, 6.23487212579e-05, 5.1394545153e-05, 5.076472371e-05, 5.43140922673e-05, 5.08077791892e-05, 3.69869485439e-05, 2.28751505347e-05, 2.07918674278e-05, 2.42765145231e-05, 2.88761257252e-05, 1.79625712917e-05, 1.29210320665e-05, 9.95105892798e-06, 6.82059817336e-06, 1.10448618216e-05, 1.04737491711e-05, 5.63702133149e-06, 4.28206203651e-06, 2.83032318293e-06, 1.28805197619e-06, 5.11299447226e-07, 1.31791054514e-07]
    },
    "melbands128": {
        "mean": [9.41423604672e-06, 2.4675115128e-05, 3.59941041097e-05, 0.000196209730348, 0.000650333357044, 0.00101705163252, 0.000882101187017, 0.000448157923529, 0.000281592510873, 0.000369334593415, 0.000592873198912, 0.000634332653135, 0.000491244310979, 0.000452707317891, 0.000522965798154, 0.000691394787282, 0.000812012993265, 0.000691178254783, 0.000685204227921, 0.000614674820099, 0.000517799984664, 0.000445367506472, 0.000449232553365, 0.000303566863295, 0.000143384517287, 0.000112571011414, 9.1897083621e-05, 6.3088729803e-05, 4.32245833508e-05, 4.20567048423e-05, 3.79832054023e-05, 3.38755853591e-05, 3.53794348484e-05, 5.04079034727e-05, 5.99456507189e-05, 5.4346248362e-05, 6.10337192484e-05, 7.27534134057e-05, 6.43971579848e-05, 5.68782852497e-05, 5.3851174016e-05, 4.51263185823e-05, 4.45938312623e-05, 3.79673947464e-05, 2.77472991002e-05, 3.47549357684e-05, 2.58796189883e-05, 2.42385704041e-05, 2.17135275307e-05, 2.01234597625e-05, 1.85852059076e-05, 1.69238428498e-05, 1.86372872122e-05, 2.12295926758e-05, 2.36934592976e-05, 2.98924023809e-05, 3.19700448017e-05, 3.51156231773e-05, 3.18101228913e-05, 2.60656197497e-05, 2.0407647753e-05, 1.12875122795e-05, 9.2582185971e-06, 7.71220584284e-06, 7.7725162555e-06, 8.31379293231e-06, 8.95739049156e-06, 9.51783567871e-06, 9.5784334917e-06, 1.02162739495e-05, 1.02413205241e-05, 9.02473857423e-06, 6.45839600111e-06, 4.30371028415e-06, 3.18862134918e-06, 2.59442504102e-06, 2.12660870602e-06, 2.05919423024e-06, 2.00001750272e-06, 1.49547997808e-06, 1.24243490518e-06, 1.36169512643e-06, 1.53758549004e-06, 2.19984895011e-06, 2.55269719673e-06, 2.11399378713e-06, 1.58354600899e-06, 1.31104638967e-06, 1.16895057545e-06, 1.15397983791e-06, 8.37410254917e-07, 7.49334105876e-07, 7.02105239725e-07, 5.30418105882e-07, 4.23752993584e-07, 3.1715862292e-07, 2.13258985582e-07, 1.84395958058e-07, 1.51242602442e-07, 1.080364882e-07, 5.1498002307e-08, 2.13409290239e-08, 6.30804475321e-09, 1.06286635049e-09, 4.00236427334e-10, 6.00964944475e-10, 6.63552490732e-10, 5.45055445222e-10, 2.97593033549e-10, 9.658916722e-11, 2.10138642598e-11, 1.20429109393e-11, 5.6335652289e-12, 4.38782560633e-12, 3.82334441884e-12, 3.65245897763e-12, 3.53055128535e-12, 3.42270634578e-12, 3.33001768521e-12, 3.24825214469e-12, 3.17466083803e-12, 3.10873072076e-12, 3.04714239951e-12, 2.9907491414e-12, 2.95154374032e-12, 2.92018145776e-12, 2.89918609953e-12, 2.88144421517e-12],
        "stdev": [5.77316241106e-05, 0.00016992019664, 0.000156229929416, 0.00058760563843, 0.00125600560568, 0.00127975526266, 0.00116994185373, 0.000815775769297, 0.000691579829436, 0.000775371619966, 0.00120593432803, 0.00117541046347, 0.00092188839335, 0.00117723562289, 0.00145524414256, 0.00157129496802, 0.00175440357998, 0.00160025886726, 0.0016606108984, 0.00139733462129, 0.00132065278012, 0.00113373948261, 0.00125802797265, 0.00106889638118, 0.000522865797393, 0.000417249510065, 0.000348259171005, 0.000256095547229, 0.00014643301256, 0.000143930010381, 0.000132947563543, 0.00010782222671, 0.00011807068222, 0.000189917933312, 0.000222607224714, 0.000186310498975, 0.000210191981751, 0.000242716574576, 0.000206753029488, 0.000180191666004, 0.000178672707989, 0.000160276191309, 0.000145913101733, 0.000121667057101, 9.01826133486e-05, 0.000137403068948, 8.27249241411e-05, 9.24856067286e-05, 6.76935815136e-05, 7.80639529694e-05, 6.14700838923e-05, 5.76270031161e-05, 5.3002317145e-05, 6.53919414617e-05, 5.77915379836e-05, 6.64040489937e-05, 6.48372733849e-05, 6.62702077534e-05, 5.86796813877e-05, 4.88907899125e-05, 5.20534704265e-05, 2.73332352663e-05, 3.06296897179e-05, 2.78885818261e-05, 2.12973136513e-05, 2.36469804804e-05, 2.57394876826e-05, 2.90781572403e-05, 2.74444009847e-05, 2.662861516e-05, 2.85863279714e-05, 5.23679773323e-05, 2.25308704103e-05, 1.77748024726e-05, 1.57655886142e-05, 1.62345368153e-05, 1.20207751024e-05, 1.26639806695e-05, 1.1586808796e-05, 7.65854383644e-06, 6.55028998153e-06, 7.74819454818e-06, 7.69276539359e-06, 1.24877633425e-05, 1.77597048605e-05, 1.45247577166e-05, 8.84185465111e-06, 6.53164124742e-06, 5.92687001699e-06, 7.04135027263e-06, 4.45612204203e-06, 4.22817311119e-06, 4.22899984187e-06, 2.99128601e-06, 2.57617193711e-06, 1.88713465832e-06, 9.889837429e-07, 8.10371375337e-07, 5.90478407503e-07, 4.40451771055e-07, 2.21515378485e-07, 8.69272227533e-08, 2.79293708161e-08, 9.27982846122e-09, 3.81595866017e-09, 3.73014197308e-09, 4.10454648048e-09, 3.75377817718e-09, 2.15770334933e-09, 7.18851922432e-10, 2.78502304552e-10, 1.8047141559e-10, 3.69586722337e-11, 2.43276978423e-11, 6.8458875721e-12, 6.20438943277e-12, 6.00479258331e-12, 5.82835862906e-12, 5.66414840378e-12, 5.51567558987e-12, 5.38334567896e-12, 5.26651292021e-12, 5.16172824969e-12, 5.07239476116e-12, 4.99914823079e-12, 4.93956047939e-12, 4.89577389046e-12, 4.87072318242e-12]
    },
    "mfcc": {
        "mean": [-722.494262695, 145.444488525, -15.0449132919, 36.1158714294, 3.69499897957, -17.3419914246, -10.7074050903, -4.25722455978, -19.1483840942, 1.60941290855, -6.37427854538, 6.10679292679, -1.35953009129],
        "cov": [[7106.3515625, 1199.85424805, -1994.95117188, -140.331039429, -292.280517578, -783.629699707, -382.258209229, -339.674713135, -449.583648682, 134.016983032, -122.57447052, -8.84283638, -89.6650695801], [1199.85424805, 4300.71777344, -753.280822754, -847.576538086, -102.808769226, -886.812133789, 156.38394165, -143.576705933, -442.350738525, -311.04107666, -121.062438965, -31.2472553253, -45.7330284119], [-1994.95117188, -753.280822754, 1434.34118652, 272.233581543, 73.9395751953, 342.697479248, 103.542304993, 224.534500122, 151.931091309, -85.500541687, -53.7412948608, -20.8700428009, 57.6520385742], [-140.331039429, -847.576538086, 272.233581543, 874.980407715, 176.976486206, 7.26924753189, -129.583496094, -122.455131531, 42.133140564, 26.4014720917, -137.084152222, -20.4435844421, 49.4611968994], [-292.280517578, -102.808769226, 73.9395751953, 176.976486206, 574.848815918, -17.4716873169, -154.159759521, -95.6814422607, 87.3397140503, 23.9459152222, -54.561378479, 5.7573723793, -13.2311019897], [-783.629699707, -886.812133789, 342.697479248, 7.26924753189, -17.4716873169, 637.53125, 46.5993804932, 105.204498291, 182.058670044, 71.4495697021, 118.377723694, -6.45479249954, 15.9491510391], [-382.258209229, 156.38394165, 103.542304993, -129.583496094, -154.159759521, 46.5993804932, 436.962341309, 56.5030403137, -31.5380916595, 13.2424955368, 61.8406600952, 74.9076309204, -11.3945903778], [-339.674713135, -143.576705933, 224.534500122, -122.455131531, -95.6814422607, 105.204498291, 56.5030403137, 354.74697876, 50.4084739685, -55.0108528137, 49.9715919495, -17.1058635712, 37.4440078735], [-449.583648682, -442.350738525, 151.931091309, 42.133140564, 87.3397140503, 182.058670044, -31.5380916595, 50.4084739685, 294.213439941, 62.2887001038, 17.5455226898, 8.0120382309, -8.95093727112], [134.016983032, -311.04107666, -85.500541687, 26.4014720917, 23.9459152222, 71.4495697021, 13.2424955368, -55.0108528137, 62.2887001038, 225.368804932, 48.2874412537, -3.07494997978, -9.95291996002], [-122.57447052, -121.062438965, -53.7412948608, -137.084152222, -54.561378479, 118.377723694, 61.8406600952, 49.9715919495, 17.5455226898, 48.2874412537, 221.589141846, 17.0049209595, -23.2385616302], [-8.84283638, -31.2472553253, -20.8700428009, -20.4435844421, 5.7573723793, -6.45479249954, 74.9076309204, -17.1058635712, 8.0120382309, -3.07494997978, 17.0049209595, 140.413772583, -1.90293550491], [-89.6650695801, -45.7330284119, 57.6520385742, 49.4611968994, -13.2311019897, 15.9491510391, -11.3945903778, 37.4440078735, -8.95093727112, -9.95291996002, -23.2385616302, -1.90293550491, 137.395355225]],
        "icov": [[0.000282948894892, -1.42904045788e-05, 0.000333218777087, -6.9585381425e-05, 0.000165246514371, 6.59872312099e-05, 0.000241302550421, -0.000108434993308, 0.000250386685366, -0.000241367553826, 0.000208376295632, -0.000134352580062, 0.000155154048116], [-1.42904045788e-05, 0.000549779157154, 4.98856097693e-05, 0.00055080401944, -0.00014566082973, 0.000550963566639, -0.000307846261421, 0.000292344426271, 0.000173552762135, 0.000571354583371, 0.000149198094732, 0.000422775570769, -0.000144946185173], [0.000333218777087, 4.98856097693e-05, 0.0015063524479, -0.00039246364031, -3.6824378185e-05, -0.000389624736272, -0.000198078065296, -0.00068078469485, 0.000107327854494, 0.00029384685331, 0.000670040317345, 0.000125656515593, 9.7407893918e-05], [-6.9585381425e-05, 0.00055080401944, -0.00039246364031, 0.00212727906182, -0.000359778816346, 0.000532074132934, -3.3300530049e-05, 0.00090407312382, 0.000102478545159, 0.000285241054371, 0.0007438317989, 0.000438209855929, -0.000649535271805], [0.000165246514371, -0.00014566082973, -3.6824378185e-05, -0.000359778816346, 0.00235630525276, 0.000106178253191, 0.000936238036957, 0.000373319198843, -0.000521731679328, -0.000404688937124, 0.000172375104739, -0.000620777194854, 0.000352068600478], [6.59872312099e-05, 0.000550963566639, -0.000389624736272, 0.000532074132934, 0.000106178253191, 0.00307386787608, -0.000248857977567, 0.00024665411911, -0.000931480433792, 7.45779034332e-05, -0.00106896751095, 0.000624042702839, -0.000463491451228], [0.000241302550421, -0.000307846261421, -0.000198078065296, -3.3300530049e-05, 0.000936238036957, -0.000248857977567, 0.00354679557495, -0.000414531998103, 0.000663074839395, -0.00110821216367, -0.000225560172112, -0.00210710265674, 0.000571858719923], [-0.000108434993308, 0.000292344426271, -0.00068078469485, 0.00090407312382, 0.000373319198843, 0.00024665411911, -0.000414531998103, 0.00432732468471, -0.000875711091794, 0.00145029136911, -0.000866489310283, 0.0010020097252, -0.00130429631099], [0.000250386685366, 0.000173552762135, 0.000107327854494, 0.000102478545159, -0.000521731679328, -0.000931480433792, 0.000663074839395, -0.000875711091794, 0.00521534122527, -0.0013555616606, 0.000737011956517, -0.000801649759524, 0.000845898292027], [-0.000241367553826, 0.000571354583371, 0.00029384685331, 0.000285241054371, -0.000404688937124, 7.45779034332e-05, -0.00110821216367, 0.00145029136911, -0.0013555616606, 0.00651282211766, -0.00120140018407, 0.00134336005431, -0.000529220327735], [0.000208376295632, 0.000149198094732, 0.000670040317345, 0.0007438317989, 0.000172375104739, -0.00106896751095, -0.000225560172112, -0.000866489310283, 0.000737011956517, -0.00120140018407, 0.00656739901751, -0.00063660152955, 0.0010578003712], [-0.000134352580062, 0.000422775570769, 0.000125656515593, 0.000438209855929, -0.000620777194854, 0.000624042702839, -0.00210710265674, 0.0010020097252, -0.000801649759524, 0.00134336005431, -0.00063660152955, 0.00873326510191, -0.00067910621874], [0.000155154048116, -0.000144946185173, 9.7407893918e-05, -0.000649535271805, 0.000352068600478, -0.000463491451228, 0.000571858719923, -0.00130429631099, 0.000845898292027, -0.000529220327735, 0.0010578003712, -0.00067910621874, 0.0082010962069]]
    },
    "spectral_contrast_coeffs": {
        "mean": [-0.602853000164, -0.694360256195, -0.795266568661, -0.788532972336, -0.761487483978, -0.775539040565],
        "stdev": [0.130464538932, 0.11879478395, 0.0760791897774, 0.0656200423837, 0.0672574937344, 0.061914473772]
    },
    "spectral_contrast_valleys": {
        "mean": [-8.06587219238, -7.21202278137, -8.15818786621, -8.24299049377, -8.05346012115, -11.6439342499],
        "stdev": [1.05006325245, 1.29348039627, 1.31033873558, 1.26290786266, 1.19430053234, 0.969655036926]
    }
},
"rhythm": {
    "beats_count": 116,
    "beats_loudness": {
        "mean": 0.0273329243064,
        "stdev": 0.0152124846354
    },
    "bpm": 109.552085876,
    "bpm_histogram_first_peak_bpm": 108,
    "bpm_histogram_first_peak_weight": 0.605263113976,
    "bpm_histogram_second_peak_bpm": 115,
    "bpm_histogram_second_peak_spread": 0.3125,
    "bpm_histogram_second_peak_weight": 0.0956521704793,
    "danceability": 1.57508230209,
    "onset_rate": 6.40052747726,
    "beats_loudness_band_ratio": {
        "mean": [0.217674344778, 0.244445711374, 0.34971511364, 0.099492162466, 0.0826962068677, 0.0573971644044],
        "stdev": [0.164664253592, 0.176525607705, 0.197698399425, 0.101152077317, 0.0770557001233, 0.160824254155]
    },
    "beats_position": [0.325079351664, 0.673378646374, 1.03328800201, 1.38158726692, 1.74149656296, 2.11301589012, 2.48453521729, 2.83283448219, 3.15791368484, 3.50621318817, 3.85451245308, 4.19120168686, 4.62077093124, 5.06195020676, 5.47990942001, 5.92108821869, 6.33904743195, 6.78022670746, 7.23301553726, 7.6858048439, 8.12698364258, 8.56816291809, 9.0093421936, 9.45052146912, 9.89170074463, 10.3328800201, 10.774058342, 11.2152376175, 11.6448068619, 12.0975961685, 12.5271654129, 12.9567346573, 13.3630838394, 13.8507022858, 14.3499317169, 14.8491611481, 15.3483896255, 15.870839119, 16.3700675964, 16.8925170898, 17.4149665833, 17.9722442627, 18.5295238495, 19.0868015289, 19.6208610535, 20.154920578, 20.6889801025, 21.2346477509, 21.7919273376, 22.3375968933, 22.8716545105, 23.405714035, 24.0558719635, 24.6944217682, 25.3329696655, 25.9831295013, 26.6332874298, 27.2602272034, 27.8987751007, 28.5257129669, 29.1642627716, 29.7215423584, 30.2439899445, 30.7548294067, 31.2888889313, 31.8229465485, 32.3453979492, 32.8562355042, 33.3786849976, 33.9243545532, 34.4816322327, 35.0156898499, 35.572971344, 36.1070289612, 36.6178665161, 37.1170959473, 37.6163253784, 38.1155548096, 38.638004303, 39.1604537964, 39.7061233521, 40.3330612183, 40.9367790222, 41.5404968262, 42.1674385071, 42.7943763733, 43.432926178, 44.071472168, 44.7100219727, 45.3485717773, 45.9755096436, 46.5095672607, 47.0204086304, 47.5428581238, 48.0653038025, 48.5761451721, 49.1334228516, 49.7139205933, 50.2944221497, 50.8516998291, 51.4089775085, 51.9662590027, 52.5235366821, 53.0924263, 53.6497039795, 54.2069816589, 54.7526512146, 55.2867126465, 55.8207702637, 56.3780479431, 56.912109375, 57.457775116, 58.0034446716, 58.5375061035, 59.0715637207, 59.5940132141],
    "bpm_histogram": [0, 0, 0, 0, 0, 0, 0, 0, 0, 0, 0, 0, 0, 0, 0, 0, 0, 0, 0, 0, 0, 0, 0, 0, 0, 0, 0, 0, 0, 0, 0, 0, 0, 0, 0, 0, 0, 0, 0, 0, 0, 0, 0, 0, 0, 0, 0, 0, 0, 0, 0, 0, 0, 0, 0, 0, 0, 0, 0, 0, 0, 0, 0, 0, 0, 0, 0, 0, 0, 0, 0, 0, 0, 0, 0, 0, 0, 0, 0, 0, 0, 0, 0, 0, 0, 0, 0, 0, 0, 0, 0, 0, 0.0260869562626, 0, 0.0695652142167, 0, 0.0521739125252, 0, 0, 0.0173913035542, 0, 0, 0, 0.0173913035542, 0, 0.00869565177709, 0, 0, 0.130434781313, 0, 0.0608695633709, 0, 0.130434781313, 0, 0, 0.0956521704793, 0, 0.0434782616794, 0, 0, 0.0608695633709, 0, 0, 0.00869565177709, 0, 0, 0, 0, 0, 0, 0, 0, 0, 0.0260869562626, 0, 0, 0.0956521704793, 0, 0, 0, 0.0347826071084, 0, 0, 0, 0.0173913035542, 0, 0, 0, 0.00869565177709, 0, 0, 0, 0, 0, 0, 0, 0, 0, 0, 0, 0, 0.0173913035542, 0, 0, 0, 0, 0, 0.0173913035542, 0, 0, 0, 0, 0.0434782616794, 0, 0, 0, 0, 0, 0.00869565177709, 0, 0, 0, 0, 0, 0, 0.00869565177709, 0, 0, 0, 0, 0, 0, 0, 0, 0, 0, 0, 0, 0, 0, 0, 0, 0, 0, 0, 0, 0, 0, 0, 0, 0, 0, 0, 0, 0, 0, 0, 0, 0, 0, 0, 0, 0, 0, 0, 0, 0, 0, 0, 0, 0, 0, 0, 0, 0, 0, 0, 0, 0, 0, 0, 0, 0, 0, 0, 0, 0, 0, 0, 0]
},
"tonal": {
    "chords_changes_rate": 0.233024686575,
    "chords_number_rate": 0.0146604934707,
    "chords_strength": {
        "mean": 0.412806004286,
        "stdev": 0.093764193356
    },
    "hpcp_crest": {
        "mean": 13.8795604706,
        "stdev": 7.39482021332
    },
    "hpcp_entropy": {
        "mean": 2.05542492867,
        "stdev": 0.874248027802
    },
    "key_edma": {
        "strength": 0.505667507648,
        "key": "C",
        "scale": "minor"
    },
    "key_krumhansl": {
        "strength": 0.502061009407,
        "key": "C",
        "scale": "minor"
    },
    "key_temperley": {
        "strength": 0.500898659229,
        "key": "C",
        "scale": "minor"
    },
    "tuning_diatonic_strength": 0.324160993099,
    "tuning_equal_tempered_deviation": 0.252142310143,
    "tuning_frequency": 433.191070557,
    "tuning_nontempered_energy_ratio": 0.902731001377,
    "hpcp": {
        "mean": [0.139218360186, 0.130546376109, 0.116057746112, 0.11132248491, 0.13195116818, 0.147036880255, 0.143004283309, 0.136405199766, 0.13475716114, 0.143496736884, 0.145302832127, 0.131382808089, 0.121049553156, 0.126305997372, 0.123395651579, 0.119949184358, 0.129245221615, 0.134848818183, 0.141900420189, 0.12971906364, 0.110308580101, 0.104773707688, 0.101104974747, 0.102921918035, 0.108877286315, 0.103631906211, 0.0979654788971, 0.0994860678911, 0.0996180027723, 0.101977363229, 0.116775512695, 0.138974919915, 0.141765624285, 0.130528375506, 0.128688976169, 0.137679561973],
        "stdev": [0.246916934848, 0.244086116552, 0.23147700727, 0.22736954689, 0.255683630705, 0.268597751856, 0.266699016094, 0.260509431362, 0.256857991219, 0.267354130745, 0.269811093807, 0.24914072454, 0.230831220746, 0.241120681167, 0.242744207382, 0.232522860169, 0.243445545435, 0.245950654149, 0.245096534491, 0.235626965761, 0.207498386502, 0.209538474679, 0.18962007761, 0.187421053648, 0.207716614008, 0.193392649293, 0.184126839042, 0.175870761275, 0.177927538753, 0.198448002338, 0.218404993415, 0.243601471186, 0.25058400631, 0.237429738045, 0.240512058139, 0.25358748436]
    },
    "chords_histogram": [11.4197530746, 0, 1.23456788063, 10.5709877014, 2.70061731339, 4.39814805984, 1.31172835827, 3.62654328346, 0.462962955236, 7.09876537323, 4.86111116409, 0.617283940315, 1.77469134331, 3.93518519402, 3.54938268661, 3.47222232819, 5.24691343307, 3.31790113449, 0.308641970158, 0.925925910473, 10.262345314, 5.16975307465, 2.31481480598, 11.4197530746],
    "thpcp": [1, 0.972574234009, 0.927693784237, 0.91648542881, 0.975923418999, 0.988206684589, 0.893536448479, 0.823259830475, 0.859008967876, 0.839215636253, 0.8157761693, 0.878998637199, 0.91710883379, 0.965066850185, 0.882221281528, 0.750210285187, 0.712567508221, 0.687616407871, 0.699973464012, 0.74047601223, 0.704802155495, 0.666264653206, 0.676606237888, 0.677503526211, 0.693549573421, 0.794192016125, 0.945170462132, 0.964150130749, 0.887725412846, 0.875215649605, 0.93636071682, 0.946826100349, 0.887847840786, 0.789310455322, 0.757105886936, 0.897401869297],
    "chords_key": "G#",
    "chords_scale": "major"
}
}