{
"metadata": {
    "version": {
        "essentia": "2.1-dev",
        "essentia_git_sha": "v2.1_beta3-415-gd5473f3",
        "extractor": "music 2.0"
    },
    "audio_properties": {
        "analysis": {
            "equal_loudness": 0,
            "length": 60.1338768005,
            "sample_rate": 44100,
            "start_time": 0,
            "downmix": "mix"
        },
        "bit_rate": 192000,
        "length": 60.1338768005,
        "lossless": 0,
        "number_channels": 2,
        "replay_gain": -7.34520530701,
        "sample_rate": 44100,
        "codec": "mp3",
        "md5_encoded": "573935290673917f6dd569ff6af962ac"
    },
    "tags": {
        "file_name": "tertulia_tlfno_01.mp3",
        "date": ["2004"],
        "engineer": ["rosamerica tamyo"],
        "genre": ["Blues"]
    }
},
"lowlevel": {
    "average_loudness": 0.926492512226,
    "barkbands_crest": {
        "mean": 11.9892396927,
        "stdev": 5.19814062119
    },
    "barkbands_flatness_db": {
        "mean": 0.258210211992,
        "stdev": 0.0619183108211
    },
    "barkbands_kurtosis": {
        "mean": 11.6801242828,
        "stdev": 31.3458862305
    },
    "barkbands_skewness": {
        "mean": 1.97302651405,
        "stdev": 2.30808877945
    },
    "barkbands_spread": {
        "mean": 12.6666717529,
        "stdev": 11.6722459793
    },
    "dissonance": {
        "mean": 0.424020200968,
        "stdev": 0.0675263553858
    },
    "dynamic_complexity": 6.12086439133,
    "erbbands_crest": {
        "mean": 11.5573549271,
        "stdev": 4.99317932129
    },
    "erbbands_flatness_db": {
        "mean": 0.270856767893,
        "stdev": 0.0739271566272
    },
    "erbbands_kurtosis": {
        "mean": 1.82290935516,
        "stdev": 4.30801725388
    },
    "erbbands_skewness": {
        "mean": 0.560434341431,
        "stdev": 1.23124670982
    },
    "erbbands_spread": {
        "mean": 26.6765155792,
        "stdev": 16.2958679199
    },
    "hfc": {
        "mean": 10.9661455154,
        "stdev": 13.2454185486
    },
    "loudness_ebu128": {
        "integrated": -17.9916362762,
        "loudness_range": 3.12460327148,
        "momentary": {
            "mean": -20.3586196899,
            "stdev": 6.00606012344
        },
        "short_term": {
            "mean": -18.5261154175,
            "stdev": 1.09498894215
        }
    },
    "melbands_crest": {
        "mean": 16.445640564,
        "stdev": 7.51783323288
    },
    "melbands_flatness_db": {
        "mean": 0.301804631948,
        "stdev": 0.0772293135524
    },
    "melbands_kurtosis": {
        "mean": 17.7528457642,
        "stdev": 39.3256340027
    },
    "melbands_skewness": {
        "mean": 2.635389328,
        "stdev": 2.27264046669
    },
    "melbands_spread": {
        "mean": 16.0680122375,
        "stdev": 18.6254348755
    },
    "pitch_salience": {
        "mean": 0.594114601612,
        "stdev": 0.186103790998
    },
    "silence_rate_20dB": {
        "mean": 1,
        "stdev": 0
    },
    "silence_rate_30dB": {
        "mean": 0.998456180096,
        "stdev": 0.0392609536648
    },
    "silence_rate_60dB": {
        "mean": 0.271323800087,
        "stdev": 0.444642424583
    },
    "spectral_centroid": {
        "mean": 1027.88354492,
        "stdev": 724.906066895
    },
    "spectral_complexity": {
        "mean": 9.38247776031,
        "stdev": 7.4054274559
    },
    "spectral_decrease": {
        "mean": -4.78038675311e-09,
        "stdev": 4.93069896024e-09
    },
    "spectral_energy": {
        "mean": 0.0190369449556,
        "stdev": 0.0197025202215
    },
    "spectral_energyband_high": {
        "mean": 3.97081566916e-05,
        "stdev": 0.000163512842846
    },
    "spectral_energyband_low": {
        "mean": 0.00342951039784,
        "stdev": 0.0055212280713
    },
    "spectral_energyband_middle_high": {
        "mean": 0.002525835298,
        "stdev": 0.00461020879447
    },
    "spectral_energyband_middle_low": {
        "mean": 0.0137585364282,
        "stdev": 0.0160173326731
    },
    "spectral_entropy": {
        "mean": 6.8883061409,
        "stdev": 0.630103707314
    },
    "spectral_flux": {
        "mean": 0.07446257025,
        "stdev": 0.051754552871
    },
    "spectral_kurtosis": {
        "mean": 13.5374355316,
        "stdev": 13.9878892899
    },
    "spectral_rms": {
        "mean": 0.00361242215149,
        "stdev": 0.00235012127087
    },
    "spectral_rolloff": {
        "mean": 881.224243164,
        "stdev": 1015.16229248
    },
    "spectral_skewness": {
        "mean": 2.12509226799,
        "stdev": 1.20615315437
    },
    "spectral_spread": {
        "mean": 2433217.75,
        "stdev": 1166923.875
    },
    "spectral_strongpeak": {
        "mean": 0.953776955605,
        "stdev": 1.17586457729
    },
    "zerocrossingrate": {
        "mean": 0.0333953462541,
        "stdev": 0.0269112847745
    },
    "barkbands": {
        "mean": [0.000346885237377, 0.000582208158448, 0.00185167393647, 0.00132684782147, 0.00146200531162, 0.00216649146751, 0.00336289149709, 0.00354783493094, 0.00174345646519, 0.000414625421399, 0.000178864444024, 0.000187977871974, 0.00031253110501, 0.000266887858743, 0.00042021353147, 0.000302105938317, 0.000304909073748, 6.61496742396e-05, 0.000123619844089, 3.97778749175e-05, 1.22309620565e-05, 1.0429820577e-05, 3.83748147215e-06, 2.34690855905e-06, 1.51201930976e-07, 8.91399509761e-10, 6.45817899159e-10],
        "stdev": [0.00157090788707, 0.00219765328802, 0.0031028422527, 0.00287854275666, 0.00234010606073, 0.0034327916801, 0.00636415323243, 0.00759869907051, 0.00509735988453, 0.00269220699556, 0.000699042342603, 0.000654434727039, 0.000849775387906, 0.000628194597084, 0.00137663644273, 0.000833283353131, 0.000590222829487, 0.000174680055352, 0.000475782493595, 0.00015102076577, 6.08780646871e-05, 5.80829837418e-05, 2.12260838452e-05, 1.47429436765e-05, 8.06510684015e-07, 6.13020034734e-09, 1.12449127787e-09]
    },
    "erbbands": {
        "mean": [0.0144873531535, 0.16503842175, 1.64985466003, 3.97960424423, 3.6099395752, 5.1065864563, 10.3705148697, 20.4784126282, 38.3559761047, 68.4500579834, 72.9992599487, 41.690120697, 18.286693573, 9.78291034698, 7.46330881119, 8.74601078033, 13.8473339081, 13.5059585571, 19.3670902252, 19.5905990601, 17.5372600555, 16.8961029053, 5.03663349152, 4.36524915695, 6.20313405991, 1.83613443375, 0.672593832016, 0.392604708672, 0.375569939613, 0.25987842679, 0.0911214500666, 0.0690048784018, 0.0247965473682, 0.00400001369417, 0.000181913914275, 2.38579359575e-05, 8.8391434474e-06, 2.32754700846e-06, 9.6391659099e-06, 2.18065215449e-05],
        "stdev": [0.140958920121, 0.329949200153, 2.64244580269, 7.38167095184, 6.94031000137, 8.79765510559, 18.7939968109, 36.2313461304, 70.3790512085, 145.101699829, 161.420608521, 122.107208252, 78.8216705322, 49.9249801636, 30.1136188507, 27.6792564392, 36.9163703918, 30.6355628967, 57.8272819519, 59.70728302, 45.4932823181, 33.042339325, 11.6984319687, 12.998462677, 25.4057426453, 6.77656650543, 2.91915631294, 2.20774388313, 2.16636753082, 1.43662047386, 0.515599906445, 0.453758299351, 0.14218647778, 0.0193611811846, 0.00103435677011, 8.13166261651e-05, 1.05263316073e-05, 2.90853859042e-06, 9.97194092633e-06, 2.26199390454e-05]
    },
    "gfcc": {
        "mean": [-162.376953125, 166.194564819, -152.527908325, 32.4268684387, -55.3163833618, -16.1959056854, -37.8290023804, -9.28868675232, 14.8706684113, -17.1587924957, 9.33201217651, -22.1082439423, 0.175119429827],
        "cov": [[12237.3115234, 2207.80859375, -822.657165527, -1159.02172852, -250.398605347, -1429.98803711, -592.47442627, -255.482391357, 25.3969593048, -401.179534912, -124.175865173, -693.847229004, -941.143798828], [2207.80859375, 1284.37451172, 311.889068604, -491.285095215, 102.231307983, -377.91104126, -117.849411011, -107.733795166, -30.2956752777, -176.58706665, 2.53154587746, -133.892700195, -190.371688843], [-822.657165527, 311.889068604, 1137.96838379, 759.199829102, 80.7518920898, 154.62071228, 40.4182128906, -176.185455322, -221.249832153, -96.5754318237, -12.6707277298, -131.880096436, -38.6875038147], [-1159.02172852, -491.285095215, 759.199829102, 1784.36523438, 238.370193481, 404.459472656, 19.3208618164, -220.251876831, -278.590820312, -7.08548355103, -42.0174484253, -237.731369019, -22.6022777557], [-250.398605347, 102.231307983, 80.7518920898, 238.370193481, 401.958892822, 52.5814781189, -109.552047729, -26.2073173523, 29.9714794159, 8.89026927948, 2.66218233109, -33.5616378784, 33.8443756104], [-1429.98803711, -377.91104126, 154.62071228, 404.459472656, 52.5814781189, 593.820373535, 275.117248535, 8.81000232697, -116.293144226, 22.8055706024, 5.6250243187, -14.0924453735, 58.5851097107], [-592.47442627, -117.849411011, 40.4182128906, 19.3208618164, -109.552047729, 275.117248535, 413.955749512, 71.6135253906, -130.06187439, -16.4035224915, 23.0818691254, 37.7212677002, 14.9305725098], [-255.482391357, -107.733795166, -176.185455322, -220.251876831, -26.2073173523, 8.81000232697, 71.6135253906, 204.756973267, 86.8456954956, 14.2184000015, 21.7944583893, 74.1305084229, 61.0459594727], [25.3969593048, -30.2956752777, -221.249832153, -278.590820312, 29.9714794159, -116.293144226, -130.06187439, 86.8456954956, 264.659973145, 84.8127746582, -14.8681545258, 89.4387817383, 85.3002090454], [-401.179534912, -176.58706665, -96.5754318237, -7.08548355103, 8.89026927948, 22.8055706024, -16.4035224915, 14.2184000015, 84.8127746582, 144.10256958, 33.9314689636, 38.3782043457, 68.1911087036], [-124.175865173, 2.53154587746, -12.6707277298, -42.0174484253, 2.66218233109, 5.6250243187, 23.0818691254, 21.7944583893, -14.8681545258, 33.9314689636, 107.911064148, 31.2511920929, -3.44773769379], [-693.847229004, -133.892700195, -131.880096436, -237.731369019, -33.5616378784, -14.0924453735, 37.7212677002, 74.1305084229, 89.4387817383, 38.3782043457, 31.2511920929, 247.623214722, 149.918930054], [-941.143798828, -190.371688843, -38.6875038147, -22.6022777557, 33.8443756104, 58.5851097107, 14.9305725098, 61.0459594727, 85.3002090454, 68.1911087036, -3.44773769379, 149.918930054, 220.474685669]],
        "icov": [[0.00029627958429, -0.000528892327566, 0.000506262644194, -0.000242633454036, 0.000323094485793, 0.000288144685328, 1.74258530024e-05, 6.25340398983e-05, -0.000167777092429, 0.000170361628989, 0.000125930120703, 0.000321344006807, 0.0005230390816], [-0.000528892327566, 0.00383753888309, -0.00227462942712, 0.00197135074995, -0.00219219480641, 0.0010612384649, -0.00133020628709, 0.0018043887103, -0.000910117407329, 0.00237625325099, -0.00157235155348, 0.00136056076735, -0.000828747870401], [0.000506262644194, -0.00227462942712, 0.00297446269542, -0.00165584264323, 0.00137693120632, -0.000149783285451, 0.000388063839637, 6.02718137088e-05, 0.000253261328908, 0.00025078037288, 0.000161565898452, 6.02198051638e-05, 0.000120715238154], [-0.000242633454036, 0.00197135074995, -0.00165584264323, 0.00224980758503, -0.00150711846072, -2.52536028711e-05, -0.000185755299754, 0.00107987481169, 0.000573761004489, 0.00040978891775, -0.000250223849434, 0.00135951826815, -0.000718907918781], [0.000323094485793, -0.00219219480641, 0.00137693120632, -0.00150711846072, 0.00454345578328, -0.00119080184959, 0.00181475304998, -0.000843981222715, -0.00038441864308, -0.000212191152968, -0.000289302843157, 5.72995559196e-05, -0.00052593689179], [0.000288144685328, 0.0010612384649, -0.000149783285451, -2.52536028711e-05, -0.00119080184959, 0.00454615941271, -0.00316507718526, 0.00127350026742, -0.000814967555925, 0.00115375476889, -0.000543325091712, 0.00189058436081, -0.0003816204553], [1.74258530024e-05, -0.00133020628709, 0.000388063839637, -0.000185755299754, 0.00181475304998, -0.00316507718526, 0.00655699986964, -0.00364195904694, 0.00417020916939, -0.00242472277023, 0.00151028449181, -0.00230986229144, 0.000832474965136], [6.25340398983e-05, 0.0018043887103, 6.02718137088e-05, 0.00107987481169, -0.000843981222715, 0.00127350026742, -0.00364195904694, 0.0102465581149, -0.00518946535885, 0.0053434194997, -0.00412405794486, 0.00267259404063, -0.00237978994846], [-0.000167777092429, -0.000910117407329, 0.000253261328908, 0.000573761004489, -0.00038441864308, -0.000814967555925, 0.00417020916939, -0.00518946535885, 0.0117224575952, -0.00757361762226, 0.00523481657729, -0.0032608367037, 0.000137547438499], [0.000170361628989, 0.00237625325099, 0.00025078037288, 0.00040978891775, -0.000212191152968, 0.00115375476889, -0.00242472277023, 0.0053434194997, -0.00757361762226, 0.016716491431, -0.00817308668047, 0.00498578278348, -0.00448241690174], [0.000125930120703, -0.00157235155348, 0.000161565898452, -0.000250223849434, -0.000289302843157, -0.000543325091712, 0.00151028449181, -0.00412405794486, 0.00523481657729, -0.00817308668047, 0.0147774973884, -0.0049278200604, 0.00449545960873], [0.000321344006807, 0.00136056076735, 6.02198051638e-05, 0.00135951826815, 5.72995559196e-05, 0.00189058436081, -0.00230986229144, 0.00267259404063, -0.0032608367037, 0.00498578278348, -0.0049278200604, 0.0118177654222, -0.00679168337956], [0.0005230390816, -0.000828747870401, 0.000120715238154, -0.000718907918781, -0.00052593689179, -0.0003816204553, 0.000832474965136, -0.00237978994846, 0.000137547438499, -0.00448241690174, 0.00449545960873, -0.00679168337956, 0.0128066390753]]
    },
    "melbands": {
        "mean": [0.000153820568812, 0.000651966664009, 0.00067493802635, 0.000289866875391, 0.000343443243764, 0.000459992385004, 0.000615483499132, 0.000769364123698, 0.000564839865547, 0.000233540064073, 8.56779588503e-05, 4.04999846069e-05, 2.45646770054e-05, 2.068075446e-05, 2.92742570309e-05, 2.89878935291e-05, 2.42818332481e-05, 2.93440352834e-05, 3.13831842504e-05, 2.15466970985e-05, 2.04494590434e-05, 1.96657056222e-05, 7.84708663559e-06, 2.59802550318e-06, 3.40704718838e-06, 5.32025387656e-06, 2.95061477118e-06, 8.17461852876e-07, 4.26682788657e-07, 2.81705752059e-07, 2.08641012023e-07, 2.09214974234e-07, 2.05752513693e-07, 1.16589475851e-07, 4.80399826586e-08, 4.57426274636e-08, 4.08451974465e-08, 1.99805061385e-08, 7.72936648019e-09, 1.49319123732e-09],
        "stdev": [0.000948738656007, 0.00101545464713, 0.0011363197118, 0.000455510715256, 0.000593430188019, 0.000768385594711, 0.00109685922507, 0.0015807794407, 0.00127422087826, 0.000714491412509, 0.000413297588238, 0.00024486600887, 9.88688479993e-05, 7.05785350874e-05, 9.41644466366e-05, 7.62222043704e-05, 5.905110811e-05, 8.74297256814e-05, 0.000106180537841, 6.22325387667e-05, 5.60011321795e-05, 3.9355854824e-05, 1.83693700819e-05, 6.78259993947e-06, 1.03867432699e-05, 2.32320617215e-05, 1.18921598187e-05, 3.37006486006e-06, 1.89771560599e-06, 1.54228780502e-06, 1.27277166939e-06, 1.28749366013e-06, 1.15653244848e-06, 6.68858660902e-07, 2.73519674465e-07, 2.44197991606e-07, 3.11363521632e-07, 1.17860068372e-07, 3.22410222964e-08, 9.36996258361e-09]
    },
    "melbands128": {
        "mean": [0.000156097550644, 0.000130082233227, 0.00010353885591, 0.00028600479709, 0.000687239866238, 0.000966031162534, 0.000887970731128, 0.000561619526707, 0.000330089649651, 0.000252929836279, 0.000267514813459, 0.000318289909046, 0.000345587322954, 0.000382521073334, 0.000450945226476, 0.000488564255647, 0.000562047353014, 0.000604171887971, 0.000694912159815, 0.000823764188681, 0.000786346499808, 0.000698894553352, 0.000568529590964, 0.000406020437367, 0.000277949817246, 0.000168362617842, 0.000115899631055, 7.3589013482e-05, 6.64253675495e-05, 4.8766250984e-05, 3.05872999888e-05, 2.43084832618e-05, 2.61078384938e-05, 2.37698277488e-05, 1.83947067853e-05, 2.13788025576e-05, 2.00647591555e-05, 2.96672023978e-05, 3.54246367351e-05, 3.09004681185e-05, 2.8524598747e-05, 2.49485001405e-05, 2.36136729654e-05, 2.42545011133e-05, 2.47760708589e-05, 2.97334790957e-05, 3.58485813194e-05, 3.33920143021e-05, 2.97793412756e-05, 2.45559749601e-05, 1.97314620891e-05, 1.8947161152e-05, 2.08385390579e-05, 2.06008317036e-05, 2.07764933293e-05, 2.2150343284e-05, 1.69261165865e-05, 9.45668216445e-06, 4.98367444379e-06, 3.31677188115e-06, 2.22367930292e-06, 2.15010686588e-06, 2.73849445875e-06, 3.58239458365e-06, 4.83298890686e-06, 5.82533039051e-06, 5.57639623366e-06, 4.00113049182e-06, 2.42162923314e-06, 1.31705417061e-06, 8.02699503311e-07, 5.63024798339e-07, 4.49581364137e-07, 4.06841593303e-07, 4.03632981261e-07, 3.01550699078e-07, 2.20009525265e-07, 2.16485204874e-07, 2.11786698401e-07, 1.95126389713e-07, 2.00979911824e-07, 2.19357787046e-07, 2.15530477021e-07, 2.20775035586e-07, 1.86118029433e-07, 1.43383175555e-07, 9.2761894166e-08, 5.33897086541e-08, 4.42691607816e-08, 4.44213270612e-08, 4.60228868349e-08, 4.55450148706e-08, 4.72270684782e-08, 4.42457270822e-08, 3.56329579176e-08, 2.58783092733e-08, 1.67588183331e-08, 1.07954711837e-08, 8.66764349183e-09, 5.9990679091e-09, 2.71202571511e-09, 5.24245646893e-10, 1.51411647109e-10, 7.66487151527e-11, 3.70541687611e-11, 1.56057632095e-11, 1.54373892142e-11, 1.53408397097e-11, 7.84415501304e-12, 4.90815981607e-12, 3.93057851891e-12, 3.73069847584e-12, 3.51456082119e-12, 3.39240289506e-12, 3.2851275953e-12, 3.18950421629e-12, 3.09022338968e-12, 2.99882558022e-12, 2.92102344916e-12, 2.85343623729e-12, 2.79318798993e-12, 2.73839523106e-12, 2.683148842e-12, 2.63342624617e-12, 2.60672126245e-12, 2.58226014356e-12, 2.56225227667e-12, 2.54666860516e-12],
        "stdev": [0.00129515398294, 0.0015888606431, 0.0006506415084, 0.000638093333691, 0.0012511840323, 0.00168894242961, 0.0018237963086, 0.00130736408755, 0.000845044618472, 0.000613449490629, 0.00062158255605, 0.00080449966481, 0.000814221566543, 0.000868211733177, 0.00110855407547, 0.00112258538138, 0.00146283651702, 0.00148987642024, 0.00199036952108, 0.00233192928135, 0.00221137353219, 0.00199564406648, 0.00175702176057, 0.00156146904919, 0.0011837168131, 0.000725542427972, 0.00052399962442, 0.000401923607569, 0.000772922416218, 0.000385891966289, 0.00013174675405, 0.000100484219729, 0.000139214636874, 0.00014148063201, 8.6649772129e-05, 9.42065671552e-05, 8.50960495882e-05, 0.000126768325572, 0.000137569149956, 0.0001095514599, 9.41134640016e-05, 8.1506834249e-05, 7.12133842171e-05, 7.70938713686e-05, 7.44986973586e-05, 0.000109498178062, 0.000170125073055, 0.000126998871565, 0.000142794568092, 8.77634884091e-05, 7.39314054954e-05, 6.4852021751e-05, 8.732113929e-05, 5.56046543352e-05, 4.82336472487e-05, 5.25128416484e-05, 4.43648423243e-05, 2.45262381213e-05, 1.59741339303e-05, 1.08766289486e-05, 6.13136853644e-06, 5.98399128648e-06, 8.23023492558e-06, 1.29688814923e-05, 1.73439202626e-05, 3.33398638759e-05, 2.4939472496e-05, 1.82234089152e-05, 1.08206113509e-05, 6.1687642301e-06, 3.60545823241e-06, 2.46868057729e-06, 2.25931125897e-06, 1.90747687157e-06, 2.35185916608e-06, 1.87064722468e-06, 1.35283596592e-06, 1.59001410793e-06, 1.39224141549e-06, 1.27012106077e-06, 1.33404728331e-06, 1.44778096001e-06, 1.30823707423e-06, 1.32380773721e-06, 1.23095162508e-06, 8.11903134945e-07, 5.64830315852e-07, 2.85718499526e-07, 2.46769957357e-07, 3.09672515186e-07, 3.34903546673e-07, 1.74524203089e-07, 2.68328960829e-07, 4.30696616149e-07, 2.80166233324e-07, 1.52693672817e-07, 1.00807376668e-07, 4.65362681723e-08, 3.56212233044e-08, 3.16788550947e-08, 1.45358267645e-08, 8.20766210552e-09, 2.10591921679e-09, 1.08823305922e-09, 4.93172391813e-10, 1.77421119463e-10, 1.76950593067e-10, 2.36796249276e-10, 9.37399394219e-11, 2.77757972872e-11, 8.47102249457e-12, 7.54724061025e-12, 6.20855146807e-12, 5.98342209113e-12, 5.7812582846e-12, 5.58905482659e-12, 5.41534135243e-12, 5.25516696132e-12, 5.10827794994e-12, 4.97988716236e-12, 4.85924755295e-12, 4.75253690568e-12, 4.66184859813e-12, 4.58287834765e-12, 4.51457187606e-12, 4.46058120995e-12, 4.42063573247e-12, 4.39771266278e-12]
    },
    "mfcc": {
        "mean": [-783.647033691, 172.867050171, -20.352897644, 26.5090065002, 10.0234308243, -10.8020029068, -23.2955188751, -4.30500650406, -5.0337896347, 9.68328952789, 1.80375695229, 4.1247959137, 2.57992267609],
        "cov": [[10538.2636719, 2414.61303711, -1301.8963623, 75.4082336426, -580.358154297, -782.195617676, -1006.15783691, -131.908706665, -946.692260742, 335.935241699, -66.9815063477, -70.7420349121, -283.896759033], [2414.61303711, 2058.74584961, -297.84185791, -460.461395264, -127.386054993, -535.273193359, -359.274291992, -45.03383255, -211.842422485, -37.9642601013, -51.2480621338, 24.1951580048, 34.1319122314], [-1301.8963623, -297.84185791, 1190.86413574, 607.368896484, 145.998687744, 384.794311523, 368.264251709, 12.8756351471, -63.3781738281, -33.7905387878, -92.9204483032, -89.6097793579, -48.934047699], [75.4082336426, -460.461395264, 607.368896484, 1047.14611816, 381.463012695, 318.397888184, 151.864639282, -89.0528182983, -163.611068726, 61.7080917358, -101.331237793, -177.756393433, -63.5589294434], [-580.358154297, -127.386054993, 145.998687744, 381.463012695, 627.599304199, 162.191040039, -46.0012435913, -89.1474304199, -3.34116458893, 76.0746383667, -56.1860961914, -93.4918289185, 17.6656532288], [-782.195617676, -535.273193359, 384.794311523, 318.397888184, 162.191040039, 532.841125488, 328.177001953, 10.1062755585, 37.2162475586, 18.1632785797, -9.82780456543, -42.3870429993, -53.9871063232], [-1006.15783691, -359.274291992, 368.264251709, 151.864639282, -46.0012435913, 328.177001953, 594.142272949, 142.96661377, 12.8354625702, -4.23880529404, 11.0660495758, -5.52268981934, -37.9349632263], [-131.908706665, -45.03383255, 12.8756351471, -89.0528182983, -89.1474304199, 10.1062755585, 142.96661377, 210.537094116, 63.5003013611, -34.1247444153, 21.8767299652, 23.0007381439, 0.4965069592], [-946.692260742, -211.842422485, -63.3781738281, -163.611068726, -3.34116458893, 37.2162475586, 12.8354625702, 63.5003013611, 309.304473877, -27.0309505463, 6.62100934982, 34.2732391357, 56.6702651978], [335.935241699, -37.9642601013, -33.7905387878, 61.7080917358, 76.0746383667, 18.1632785797, -4.23880529404, -34.1247444153, -27.0309505463, 212.679458618, 19.0387916565, -51.9679298401, -17.8008956909], [-66.9815063477, -51.2480621338, -92.9204483032, -101.331237793, -56.1860961914, -9.82780456543, 11.0660495758, 21.8767299652, 6.62100934982, 19.0387916565, 133.985137939, 50.5116233826, -17.2653713226], [-70.7420349121, 24.1951580048, -89.6097793579, -177.756393433, -93.4918289185, -42.3870429993, -5.52268981934, 23.0007381439, 34.2732391357, -51.9679298401, 50.5116233826, 146.247085571, 26.5634689331], [-283.896759033, 34.1319122314, -48.934047699, -63.5589294434, 17.6656532288, -53.9871063232, -37.9349632263, 0.4965069592, 56.6702651978, -17.8008956909, -17.2653713226, 26.5634689331, 126.179618835]],
        "icov": [[0.000659288256429, -0.000717717106454, 0.000938865239732, -0.00104366673622, 0.00113224680535, -0.000872982898727, 0.00120659521781, -0.00113300629891, 0.00125896348618, -0.00124704907648, 0.000941953680012, -0.000788886623923, 0.000904681277461], [-0.000717717106454, 0.00160082336515, -0.00119439372793, 0.00163262838032, -0.00143116922118, 0.00156013399828, -0.00119751004968, 0.0011775837047, -0.000671155867167, 0.00142803636845, -0.000588023103774, 0.00099170813337, -0.000971776549704], [0.000938865239732, -0.00119439372793, 0.00291002728045, -0.00229665962979, 0.0017911150353, -0.00175290985499, 0.00111696228851, -0.00152486632578, 0.00166573107708, -0.001413128688, 0.00180757883936, -0.00119042210281, 0.00129866541829], [-0.00104366673622, 0.00163262838032, -0.00229665962979, 0.0041641886346, -0.00270424340852, 0.00118715083227, -0.00176917552017, 0.00195470964536, -0.000691042165272, 0.00202660099603, -0.000952052883804, 0.00256930314936, -0.00131085480098], [0.00113224680535, -0.00143116922118, 0.0017911150353, -0.00270424340852, 0.00449491804466, -0.00244066817686, 0.00268032751046, -0.00167771498673, 0.00170228164643, -0.0027028741315, 0.00172393175308, -0.000955189927481, 0.000697049254086], [-0.000872982898727, 0.00156013399828, -0.00175290985499, 0.00118715083227, -0.00244066817686, 0.00587710971013, -0.00371541781351, 0.00266456720419, -0.00241630058736, 0.00180886895396, -0.00132392696105, 0.000896518991794, 0.000231303376495], [0.00120659521781, -0.00119751004968, 0.00111696228851, -0.00176917552017, 0.00268032751046, -0.00371541781351, 0.0060454136692, -0.00444684782997, 0.00296974857338, -0.00271544908173, 0.00166640523821, -0.00159193750005, 0.00129706389271], [-0.00113300629891, 0.0011775837047, -0.00152486632578, 0.00195470964536, -0.00167771498673, 0.00266456720419, -0.00444684782997, 0.00903106946498, -0.0036246785894, 0.00300736958161, -0.00235962262377, 0.00174483028241, -0.00110997748561], [0.00125896348618, -0.000671155867167, 0.00166573107708, -0.000691042165272, 0.00170228164643, -0.00241630058736, 0.00296974857338, -0.0036246785894, 0.007461856585, -0.00215927371755, 0.00231023645028, -0.00132227200083, -0.000114460992336], [-0.00124704907648, 0.00142803636845, -0.001413128688, 0.00202660099603, -0.0027028741315, 0.00180886895396, -0.00271544908173, 0.00300736958161, -0.00215927371755, 0.00822039786726, -0.00353033468127, 0.00391072034836, -0.00157199788373], [0.000941953680012, -0.000588023103774, 0.00180757883936, -0.000952052883804, 0.00172393175308, -0.00132392696105, 0.00166640523821, -0.00235962262377, 0.00231023645028, -0.00353033468127, 0.0117316478863, -0.0047878883779, 0.00327988970093], [-0.000788886623923, 0.00099170813337, -0.00119042210281, 0.00256930314936, -0.000955189927481, 0.000896518991794, -0.00159193750005, 0.00174483028241, -0.00132227200083, 0.00391072034836, -0.0047878883779, 0.0119348065928, -0.00320091214962], [0.000904681277461, -0.000971776549704, 0.00129866541829, -0.00131085480098, 0.000697049254086, 0.000231303376495, 0.00129706389271, -0.00110997748561, -0.000114460992336, -0.00157199788373, 0.00327988970093, -0.00320091214962, 0.011414879933]]
    },
    "spectral_contrast_coeffs": {
        "mean": [-0.66608530283, -0.718063116074, -0.797494530678, -0.795139431953, -0.771284222603, -0.762511372566],
        "stdev": [0.134579867125, 0.122549325228, 0.0820750147104, 0.0735575482249, 0.08177588135, 0.0475334264338]
    },
    "spectral_contrast_valleys": {
        "mean": [-8.16036987305, -7.2857093811, -8.59311676025, -8.38192653656, -9.04162216187, -12.7970247269],
        "stdev": [1.30132710934, 1.38423204422, 1.20215666294, 1.18513250351, 1.01823353767, 0.788366615772]
    }
},
"rhythm": {
    "beats_count": 151,
    "beats_loudness": {
        "mean": 0.0293194260448,
        "stdev": 0.0238428544253
    },
    "bpm": 172.265579224,
    "bpm_histogram_first_peak_bpm": 172,
    "bpm_histogram_first_peak_weight": 0,
    "bpm_histogram_second_peak_bpm": 178,
    "bpm_histogram_second_peak_spread": 0,
    "bpm_histogram_second_peak_weight": 0.10666666925,
    "danceability": 1.20643663406,
    "onset_rate": 5.02067375183,
    "beats_loudness_band_ratio": {
        "mean": [0.314401805401, 0.189096778631, 0.415036857128, 0.0548474900424, 0.0603684224188, 0.0100540118292],
        "stdev": [0.279279559851, 0.163061529398, 0.292586624622, 0.091218650341, 0.0920024439692, 0.0300992224365]
    },
    "beats_position": [0.46439909935, 0.940408170223, 1.4164172411, 1.88081634045, 2.36843538284, 2.83283448219, 3.29723358154, 3.7732424736, 4.26086139679, 4.76009082794, 5.27092981339, 5.78176879883, 6.25777769089, 6.72217655182, 7.17496585846, 7.63936471939, 8.10376358032, 8.55655288696, 8.99773216248, 9.43891143799, 9.90331077576, 10.379319191, 10.9365987778, 11.4822673798, 11.9234466553, 12.3414058685, 12.782585144, 13.235373497, 13.6881628036, 14.1409521103, 14.5821313858, 15.0233106613, 15.4877090454, 15.9521083832, 16.3700675964, 16.7880268097, 17.1943759918, 17.600725174, 17.9490242004, 18.2973232269, 18.6340141296, 18.9939231873, 19.3422222137, 19.6905212402, 20.0272102356, 20.363899231, 20.7121982574, 21.0604991913, 21.4204082489, 21.7919273376, 22.1518363953, 22.5001354218, 22.8484344482, 23.1851234436, 23.5450344086, 23.9049434662, 24.2764625549, 24.6363716125, 24.984670639, 25.3097496033, 25.6464385986, 25.9831295013, 26.3314285278, 26.6797275543, 27.0280265808, 27.353105545, 27.6781845093, 27.9916553497, 28.3051242828, 28.6302032471, 28.9668922424, 29.2803630829, 29.6054420471, 29.9421310425, 30.2672100067, 30.6038990021, 30.9521980286, 31.3004989624, 31.6487979889, 31.9738769531, 32.2989578247, 32.6356468201, 32.960723877, 33.2974128723, 33.6224937439, 33.9475746155, 34.2958717346, 34.63256073, 34.9808616638, 35.3175506592, 35.6426315308, 35.9677085876, 36.304397583, 36.6410865784, 36.9777755737, 37.3260765076, 37.6859855652, 38.0575065613, 38.4290237427, 38.8121528625, 39.1720619202, 39.5435829163, 39.9151000977, 40.2634010315, 40.6349182129, 41.006439209, 41.3663482666, 41.7262573242, 42.1093864441, 42.5157356262, 42.9104766846, 43.3516540527, 43.7812232971, 44.2107925415, 44.6287536621, 45.0351028442, 45.4414520264, 45.8478012085, 46.2541503906, 46.6488876343, 47.0552368164, 47.4615859985, 47.9027671814, 48.3323364258, 48.7735137939, 49.2030830383, 49.6326522827, 50.0622215271, 50.5033988953, 50.9329681396, 51.362537384, 51.7804985046, 52.210067749, 52.6512451172, 53.0808143616, 53.4987754822, 53.9167327881, 54.3346939087, 54.7642631531, 55.2054405212, 55.6582298279, 56.0994110107, 56.4825401306, 56.854057312, 57.2371864319, 57.6319274902, 58.0266647339, 58.39818573, 58.7580947876, 59.1180038452, 59.5011329651],
    "bpm_histogram": [0, 0, 0, 0, 0, 0, 0, 0, 0, 0, 0, 0, 0, 0, 0, 0, 0, 0, 0, 0, 0, 0, 0, 0, 0, 0, 0, 0, 0, 0, 0, 0, 0, 0, 0, 0, 0, 0, 0, 0, 0, 0, 0, 0, 0, 0, 0, 0, 0, 0, 0, 0, 0, 0, 0, 0, 0, 0, 0, 0, 0, 0, 0, 0, 0, 0, 0, 0, 0, 0, 0, 0, 0, 0, 0, 0, 0, 0, 0, 0, 0, 0, 0, 0, 0, 0, 0, 0, 0, 0, 0, 0, 0, 0, 0, 0, 0, 0, 0, 0, 0, 0, 0, 0, 0, 0, 0, 0, 0.0066666668281, 0, 0.0066666668281, 0, 0, 0, 0, 0, 0, 0.0133333336562, 0, 0, 0.0066666668281, 0, 0, 0.0133333336562, 0, 0, 0.0333333350718, 0, 0, 0.0599999986589, 0, 0, 0, 0.0399999991059, 0, 0, 0.0866666659713, 0, 0, 0, 0.0733333304524, 0, 0, 0, 0.0533333346248, 0, 0, 0, 0.0599999986589, 0, 0, 0, 0.0266666673124, 0, 0, 0, 0, 0.0333333350718, 0, 0, 0, 0.0666666701436, 0, 0, 0, 0, 0, 0.0799999982119, 0, 0, 0, 0, 0.126666665077, 0, 0, 0, 0, 0, 0.10666666925, 0, 0, 0, 0, 0, 0, 0.0866666659713, 0, 0, 0, 0, 0, 0.019999999553, 0, 0, 0, 0, 0, 0, 0, 0, 0, 0, 0, 0, 0, 0, 0, 0, 0, 0, 0, 0, 0, 0, 0, 0, 0, 0, 0, 0, 0, 0, 0, 0, 0, 0, 0, 0, 0, 0, 0, 0, 0, 0, 0, 0, 0, 0, 0, 0, 0, 0, 0, 0, 0, 0, 0, 0, 0, 0]
},
"tonal": {
    "chords_changes_rate": 0.168981477618,
    "chords_number_rate": 0.0146604934707,
    "chords_strength": {
        "mean": 0.428749799728,
        "stdev": 0.0855404287577
    },
    "hpcp_crest": {
        "mean": 12.9954319,
        "stdev": 6.0476398468
    },
    "hpcp_entropy": {
        "mean": 2.0934073925,
        "stdev": 0.815439939499
    },
    "key_edma": {
        "strength": 0.69195997715,
        "key": "A#",
        "scale": "major"
    },
    "key_krumhansl": {
        "strength": 0.677186489105,
        "key": "A#",
        "scale": "major"
    },
    "key_temperley": {
        "strength": 0.650897204876,
        "key": "A#",
        "scale": "major"
    },
    "tuning_diatonic_strength": 0.41227632761,
    "tuning_equal_tempered_deviation": 0.222769707441,
    "tuning_frequency": 434.193115234,
    "tuning_nontempered_energy_ratio": 0.867606043816,
    "hpcp": {
        "mean": [0.114983581007, 0.113555364311, 0.120996817946, 0.130254879594, 0.139589115977, 0.141479253769, 0.125514447689, 0.113049484789, 0.124626986682, 0.136604055762, 0.127483010292, 0.124794892967, 0.125815495849, 0.128437012434, 0.136479228735, 0.12853962183, 0.121476963162, 0.118427231908, 0.106778018177, 0.101417154074, 0.102916225791, 0.101043999195, 0.0971136689186, 0.165905922651, 0.226374641061, 0.155942425132, 0.0961726009846, 0.102078720927, 0.0998360067606, 0.102360010147, 0.109374649823, 0.10913643986, 0.10226329416, 0.0963202491403, 0.104163594544, 0.11261150986],
        "stdev": [0.231132775545, 0.218395486474, 0.238339945674, 0.245223224163, 0.266424179077, 0.259162992239, 0.231557324529, 0.207025513053, 0.231280386448, 0.257477968931, 0.239918604493, 0.235246241093, 0.243629321456, 0.237461328506, 0.248493000865, 0.237661197782, 0.231729134917, 0.223713025451, 0.206223189831, 0.192198008299, 0.208354264498, 0.21234600246, 0.207763135433, 0.257789999247, 0.346279025078, 0.241595849395, 0.206389501691, 0.218758329749, 0.212655559182, 0.21998693049, 0.226549938321, 0.222244277596, 0.212435290217, 0.203160360456, 0.209852233529, 0.224881708622]
    },
    "chords_histogram": [18.4413585663, 5.94135808945, 4.24382734299, 2.31481480598, 1.69753086567, 0.308641970158, 4.78395080566, 3.62654328346, 0.771604955196, 2.08333325386, 4.24382734299, 1.85185182095, 4.78395080566, 2.23765420914, 1.15740740299, 0.617283940315, 0.385802477598, 19.6759262085, 4.55246925354, 5.32407426834, 5.01543188095, 3.39506173134, 2.16049385071, 0.385802477598],
    "thpcp": [1, 0.688868761063, 0.424838215113, 0.450928241014, 0.441021174192, 0.452170819044, 0.48315769434, 0.482105404139, 0.451743602753, 0.42549046874, 0.460138082504, 0.497456371784, 0.50793492794, 0.501625835896, 0.534498095512, 0.575395166874, 0.61662876606, 0.624978363514, 0.554454565048, 0.499391108751, 0.550534248352, 0.603442370892, 0.563150584698, 0.551275968552, 0.555784404278, 0.567364871502, 0.602890968323, 0.567818105221, 0.536619126797, 0.523147106171, 0.471687197685, 0.448005795479, 0.454627901316, 0.446357399225, 0.428995341063, 0.732882082462],
    "chords_key": "A#",
    "chords_scale": "minor"
}
}