{
"metadata": {
    "version": {
        "essentia": "2.1-dev",
        "essentia_git_sha": "v2.1_beta3-415-gd5473f3",
        "extractor": "music 2.0"
    },
    "audio_properties": {
        "analysis": {
            "equal_loudness": 0,
            "length": 66.4032669067,
            "sample_rate": 44100,
            "start_time": 0,
            "downmix": "mix"
        },
        "bit_rate": 192000,
        "length": 66.4032669067,
        "lossless": 0,
        "number_channels": 2,
        "replay_gain": -8.31874847412,
        "sample_rate": 44100,
        "codec": "mp3",
        "md5_encoded": "51b8aeb1a070d10c59462424d34e9b25"
    },
    "tags": {
        "file_name": "tertulia.mp3",
        "date": ["2004"],
        "engineer": ["rosamerica tamyo"]
    }
},
"lowlevel": {
    "average_loudness": 0.955892026424,
    "barkbands_crest": {
        "mean": 10.5506448746,
        "stdev": 4.24309682846
    },
    "barkbands_flatness_db": {
        "mean": 0.174468755722,
        "stdev": 0.0657492503524
    },
    "barkbands_kurtosis": {
        "mean": 9.50809288025,
        "stdev": 18.6851482391
    },
    "barkbands_skewness": {
        "mean": 1.58251881599,
        "stdev": 2.13289260864
    },
    "barkbands_spread": {
        "mean": 22.0710105896,
        "stdev": 22.7658157349
    },
    "dissonance": {
        "mean": 0.437071889639,
        "stdev": 0.0554979480803
    },
    "dynamic_complexity": 4.27483654022,
    "erbbands_crest": {
        "mean": 10.674861908,
        "stdev": 4.21192836761
    },
    "erbbands_flatness_db": {
        "mean": 0.201635345817,
        "stdev": 0.0626203343272
    },
    "erbbands_kurtosis": {
        "mean": 2.23271775246,
        "stdev": 5.86741685867
    },
    "erbbands_skewness": {
        "mean": 0.440255403519,
        "stdev": 1.30938947201
    },
    "erbbands_spread": {
        "mean": 32.583480835,
        "stdev": 20.4763889313
    },
    "hfc": {
        "mean": 13.3525466919,
        "stdev": 15.9246912003
    },
    "loudness_ebu128": {
        "integrated": -17.5331363678,
        "loudness_range": 1.9547958374,
        "momentary": {
            "mean": -18.2201423645,
            "stdev": 2.66560721397
        },
        "short_term": {
            "mean": -17.6060314178,
            "stdev": 0.876252532005
        }
    },
    "melbands_crest": {
        "mean": 13.9233131409,
        "stdev": 5.69149208069
    },
    "melbands_flatness_db": {
        "mean": 0.237092092633,
        "stdev": 0.093280673027
    },
    "melbands_kurtosis": {
        "mean": 15.9139003754,
        "stdev": 27.2970066071
    },
    "melbands_skewness": {
        "mean": 2.36897563934,
        "stdev": 2.12623548508
    },
    "melbands_spread": {
        "mean": 28.533285141,
        "stdev": 37.6457824707
    },
    "pitch_salience": {
        "mean": 0.645438373089,
        "stdev": 0.131560400128
    },
    "silence_rate_20dB": {
        "mean": 1,
        "stdev": 0
    },
    "silence_rate_30dB": {
        "mean": 1,
        "stdev": 0
    },
    "silence_rate_60dB": {
        "mean": 0.255155533552,
        "stdev": 0.435945183039
    },
    "spectral_centroid": {
        "mean": 1438.97644043,
        "stdev": 1164.99731445
    },
    "spectral_complexity": {
        "mean": 10.2694864273,
        "stdev": 8.2941493988
    },
    "spectral_decrease": {
        "mean": -3.96023969174e-09,
        "stdev": 4.46648318331e-09
    },
    "spectral_energy": {
        "mean": 0.016157945618,
        "stdev": 0.017910702154
    },
    "spectral_energyband_high": {
        "mean": 0.00056739221327,
        "stdev": 0.00166455772705
    },
    "spectral_energyband_low": {
        "mean": 0.00124988635071,
        "stdev": 0.00185595382936
    },
    "spectral_energyband_middle_high": {
        "mean": 0.00274805072695,
        "stdev": 0.0042114276439
    },
    "spectral_energyband_middle_low": {
        "mean": 0.0120519232005,
        "stdev": 0.0148807251826
    },
    "spectral_entropy": {
        "mean": 7.23438501358,
        "stdev": 0.651438295841
    },
    "spectral_flux": {
        "mean": 0.0821362733841,
        "stdev": 0.0523902401328
    },
    "spectral_kurtosis": {
        "mean": 8.27409553528,
        "stdev": 6.73655986786
    },
    "spectral_rms": {
        "mean": 0.00330525147729,
        "stdev": 0.00219980860129
    },
    "spectral_rolloff": {
        "mean": 2654.43286133,
        "stdev": 4020.15063477
    },
    "spectral_skewness": {
        "mean": 1.83413290977,
        "stdev": 0.877279222012
    },
    "spectral_spread": {
        "mean": 3876641.5,
        "stdev": 1937281.375
    },
    "spectral_strongpeak": {
        "mean": 0.949725627899,
        "stdev": 1.0001322031
    },
    "zerocrossingrate": {
        "mean": 0.101304449141,
        "stdev": 0.095587477088
    },
    "barkbands": {
        "mean": [5.2961122492e-06, 0.000194230364286, 0.000661858415697, 0.00104722147807, 0.0027343891561, 0.00214182562195, 0.00294054788537, 0.00198315805756, 0.0010596185457, 0.000327097455738, 0.000186958437553, 0.000252630532486, 0.000318724021781, 0.000342887564329, 0.000300052983221, 0.000240924957325, 0.000318898033584, 0.000226810356253, 0.000201609989745, 0.000252746860497, 0.000196222012164, 0.000112201065349, 5.83458968322e-05, 2.3745067665e-05, 1.11063900476e-05, 8.726431588e-06, 1.01195655589e-05],
        "stdev": [2.84682118945e-05, 0.000605959794484, 0.00120477296878, 0.00232230057009, 0.00484589813277, 0.00473408261314, 0.00633145496249, 0.0048331450671, 0.00297394744121, 0.00124738330487, 0.000703174911905, 0.000760702299885, 0.000895178876817, 0.00100815354381, 0.00100018456578, 0.00063425936969, 0.000686407147441, 0.00059758790303, 0.000515171617735, 0.00078726321226, 0.00072747777449, 0.000453221728094, 0.000254161015619, 9.63885104284e-05, 4.1210641939e-05, 6.81675883243e-05, 3.43499868904e-06]
    },
    "erbbands": {
        "mean": [0.00319739268161, 0.0614225566387, 0.610369443893, 2.21321153641, 7.35943031311, 8.80876350403, 9.16765499115, 21.4795188904, 39.2886352539, 43.2626571655, 41.531414032, 24.908323288, 14.7006616592, 7.66475391388, 8.63381767273, 10.6710357666, 14.3813695908, 17.8237934113, 16.6744918823, 13.6398220062, 14.5849637985, 17.8430252075, 13.4349451065, 9.39803886414, 11.4015712738, 12.0478773117, 10.6575775146, 5.46574306488, 4.19809675217, 3.25192785263, 1.21770250797, 0.604427874088, 0.357993274927, 0.135259732604, 0.0748399421573, 0.0549349859357, 0.0122350323945, 0.000546757073607, 0.000664157909341, 0.00030107377097],
        "stdev": [0.0179482046515, 0.14940546453, 1.03346848488, 3.85146093369, 15.5057764053, 18.7595882416, 21.2582645416, 50.1945228577, 83.7252883911, 96.0932693481, 106.954856873, 68.216758728, 51.6312789917, 24.4256896973, 28.5744495392, 30.1755561829, 39.5949478149, 49.5652961731, 53.2768058777, 37.5222396851, 35.5150718689, 37.5031280518, 28.7980213165, 28.5869998932, 28.2728538513, 38.0020027161, 37.3003234863, 20.5977725983, 16.9275054932, 14.4584846497, 4.60362052917, 2.51935052872, 1.40351188183, 0.505294561386, 0.320077776909, 0.37049099803, 0.113635443151, 0.00498203840107, 0.000298499799101, 9.76743176579e-05]
    },
    "gfcc": {
        "mean": [-93.5250473022, 79.1640396118, -109.246955872, 19.259016037, -53.6807022095, -23.9712162018, -38.2296600342, -8.47713661194, -12.3245372772, -11.5265407562, -6.33931732178, -17.056558609, -8.12296676636],
        "cov": [[7713.18457031, 1743.07006836, -2674.3112793, -336.969024658, -834.645385742, -393.165222168, -680.930664062, 88.3035583496, -290.174865723, 129.672775269, -234.897186279, -200.466171265, -285.991119385], [1743.07006836, 3980.6105957, -134.262481689, -1308.67468262, 56.5307693481, -756.190490723, -353.046386719, -277.311523438, -25.2373981476, -557.365539551, 187.435440063, -269.279266357, -58.7897224426], [-2674.3112793, -134.262481689, 1737.23583984, 278.474609375, 289.121185303, 145.189987183, 140.715927124, -49.8129768372, 106.018478394, -119.092102051, 23.4373664856, 114.95790863, 86.4818649292], [-336.969024658, -1308.67468262, 278.474609375, 1193.27600098, 132.401412964, 64.7121276855, 27.8692150116, 76.9019165039, 64.7828292847, 167.051315308, -66.6079788208, 128.576263428, 50.0479507446], [-834.645385742, 56.5307693481, 289.121185303, 132.401412964, 475.199768066, 40.9072608948, -12.016251564, 3.90695500374, 103.916534424, -21.8270168304, 40.9878082275, -2.96882486343, 50.6608924866], [-393.165222168, -756.190490723, 145.189987183, 64.7121276855, 40.9072608948, 655.881713867, 261.596954346, 73.122428894, 55.2011032104, 159.316146851, -14.4882144928, 33.8915596008, -47.5182571411], [-680.930664062, -353.046386719, 140.715927124, 27.8692150116, -12.016251564, 261.596954346, 479.222625732, 69.8531951904, -54.1538505554, 30.6225337982, 62.3173675537, 25.0952110291, -0.537132203579], [88.3035583496, -277.311523438, -49.8129768372, 76.9019165039, 3.90695500374, 73.122428894, 69.8531951904, 219.362609863, 36.2489700317, 39.9748268127, -19.39793396, 31.1156196594, 12.4154825211], [-290.174865723, -25.2373981476, 106.018478394, 64.7828292847, 103.916534424, 55.2011032104, -54.1538505554, 36.2489700317, 258.508300781, 17.5815372467, 16.3827018738, 30.216627121, -3.41692662239], [129.672775269, -557.365539551, -119.092102051, 167.051315308, -21.8270168304, 159.316146851, 30.6225337982, 39.9748268127, 17.5815372467, 232.86555481, -36.9983253479, -15.6125383377, -9.50951194763], [-234.897186279, 187.435440063, 23.4373664856, -66.6079788208, 40.9878082275, -14.4882144928, 62.3173675537, -19.39793396, 16.3827018738, -36.9983253479, 196.996658325, 26.7085437775, -27.7232398987], [-200.466171265, -269.279266357, 114.95790863, 128.576263428, -2.96882486343, 33.8915596008, 25.0952110291, 31.1156196594, 30.216627121, -15.6125383377, 26.7085437775, 198.765991211, -0.957129776478], [-285.991119385, -58.7897224426, 86.4818649292, 50.0479507446, 50.6608924866, -47.5182571411, -0.537132203579, 12.4154825211, -3.41692662239, -9.50951194763, -27.7232398987, -0.957129776478, 132.847595215]],
        "icov": [[0.00186185212806, -0.00220575206913, 0.00239593395963, -0.0021623861976, 0.00213294918649, -0.00200025783852, 0.00205263006501, -0.00197169627063, 0.00189582596067, -0.00181166792754, 0.001722365967, -0.00133104354609, 0.00121957354713], [-0.00220575206913, 0.00341927353293, -0.00286727305502, 0.00318246148527, -0.00273821735755, 0.00293275923468, -0.00230842363089, 0.00260788504966, -0.00248744292185, 0.00318192178383, -0.0023454290349, 0.0022878034506, -0.0010367364157], [0.00239593395963, -0.00286727305502, 0.00388613995165, -0.00298840482719, 0.00243720901199, -0.00283469655551, 0.00240798154846, -0.00214790483005, 0.0022149879951, -0.00172710022889, 0.00235127680935, -0.0020132556092, 0.00116166821681], [-0.0021623861976, 0.00318246148527, -0.00298840482719, 0.0041827163659, -0.00297780684195, 0.00310231139883, -0.00242036744021, 0.00234786234796, -0.00240734498948, 0.00173864909448, -0.00179963361006, 0.00125658884645, -0.00116507057101], [0.00213294918649, -0.00273821735755, 0.00243720901199, -0.00297780684195, 0.00533415144309, -0.00283837504685, 0.00267953518778, -0.00239864527248, 0.00139930448495, -0.00183457974344, 0.00115105789155, -0.000951251480728, 0.000238862005062], [-0.00200025783852, 0.00293275923468, -0.00283469655551, 0.00310231139883, -0.00283837504685, 0.00538150407374, -0.00363349611871, 0.00220670015551, -0.00278371502645, 0.000724828219973, -0.00123033544514, 0.00138812605292, 0.000188274381799], [0.00205263006501, -0.00230842363089, 0.00240798154846, -0.00242036744021, 0.00267953518778, -0.00363349611871, 0.00572041794658, -0.00314733432606, 0.003250697162, -0.00141219072975, 0.000317683879985, -0.00109817262273, 0.000778241956141], [-0.00197169627063, 0.00260788504966, -0.00214790483005, 0.00234786234796, -0.00239864527248, 0.00220670015551, -0.00314733432606, 0.00768922502175, -0.00309223635122, 0.00195704516955, -0.00110313890036, 0.000813072081655, -0.00176790088881], [0.00189582596067, -0.00248744292185, 0.0022149879951, -0.00240734498948, 0.00139930448495, -0.00278371502645, 0.003250697162, -0.00309223635122, 0.00693987775594, -0.00242481916212, 0.00116506475024, -0.00200747093186, 0.00145190604962], [-0.00181166792754, 0.00318192178383, -0.00172710022889, 0.00173864909448, -0.00183457974344, 0.000724828219973, -0.00141219072975, 0.00195704516955, -0.00242481916212, 0.0100563038141, -0.00183537090197, 0.00347925233655, -0.000952888920438], [0.001722365967, -0.0023454290349, 0.00235127680935, -0.00179963361006, 0.00115105789155, -0.00123033544514, 0.000317683879985, -0.00110313890036, 0.00116506475024, -0.00183537090197, 0.00822885427624, -0.00269086845219, 0.00263905036263], [-0.00133104354609, 0.0022878034506, -0.0020132556092, 0.00125658884645, -0.000951251480728, 0.00138812605292, -0.00109817262273, 0.000813072081655, -0.00200747093186, 0.00347925233655, -0.00269086845219, 0.00783744547516, -0.000544612063095], [0.00121957354713, -0.0010367364157, 0.00116166821681, -0.00116507057101, 0.000238862005062, 0.000188274381799, 0.000778241956141, -0.00176790088881, 0.00145190604962, -0.000952888920438, 0.00263905036263, -0.000544612063095, 0.010037352331]]
    },
    "melbands": {
        "mean": [3.89207307308e-05, 0.000235970452195, 0.000538784719538, 0.000619429105427, 0.00033351345337, 0.000475783861475, 0.000611701514572, 0.000468272832222, 0.000318245438393, 0.000144421224832, 7.03127734596e-05, 3.051260137e-05, 2.72635024885e-05, 2.83254430542e-05, 3.01196068904e-05, 3.21203006024e-05, 3.29879694618e-05, 2.67086707026e-05, 2.15786567423e-05, 1.59595492732e-05, 1.75075238076e-05, 1.91273702512e-05, 1.53646851686e-05, 9.652108929e-06, 7.11827533451e-06, 8.33422564028e-06, 7.82257939136e-06, 8.14726172393e-06, 7.16434124115e-06, 4.96241955261e-06, 2.43752288043e-06, 2.2369420094e-06, 2.35548986893e-06, 1.69040390574e-06, 7.47112039789e-07, 4.25247918656e-07, 3.49637417685e-07, 2.62093294623e-07, 1.759738808e-07, 9.16127049777e-08],
        "stdev": [0.000160223033163, 0.000405418744776, 0.000962027173955, 0.00116573052946, 0.000732513552066, 0.00106886681169, 0.00127078988589, 0.00101558247115, 0.000844151421916, 0.000413069268689, 0.000256609433563, 0.000105107450509, 9.90896733128e-05, 8.94228578545e-05, 9.09867521841e-05, 8.76003687154e-05, 9.67684827629e-05, 8.8324486569e-05, 7.21873584553e-05, 4.436866584e-05, 4.46383855888e-05, 4.22914599767e-05, 3.43368192262e-05, 2.73963123618e-05, 2.37937183556e-05, 2.24918003369e-05, 2.00656795641e-05, 2.92417153105e-05, 2.56023085967e-05, 2.00746690098e-05, 9.19200192584e-06, 9.46871750784e-06, 1.00634879345e-05, 8.44809892442e-06, 3.00190595226e-06, 1.6367181388e-06, 1.5823859485e-06, 1.05938931938e-06, 6.90907540957e-07, 3.59392089422e-07]
    },
    "melbands128": {
        "mean": [4.84011843582e-06, 2.03858999157e-05, 3.52348688466e-05, 0.000106409541331, 0.000252451893175, 0.000342029030435, 0.000380776473321, 0.000601451494731, 0.000816822808702, 0.000695240916684, 0.000490500184242, 0.000360997481039, 0.000280731648672, 0.000291607080726, 0.000458440888906, 0.00058383209398, 0.000597362755798, 0.000648900924716, 0.000609403825365, 0.000463128671981, 0.000423399324063, 0.000410821114201, 0.00031721565756, 0.000220602640184, 0.00015385322331, 0.000125239675981, 9.27433793549e-05, 6.85274717398e-05, 4.78923175251e-05, 3.10807117785e-05, 2.45087139774e-05, 2.74451376754e-05, 2.66618226306e-05, 2.78486368188e-05, 2.93540342682e-05, 2.86783706542e-05, 2.59980934061e-05, 2.9235969123e-05, 3.44109721482e-05, 3.04741097352e-05, 3.09341594402e-05, 3.46284796251e-05, 3.71167952835e-05, 2.93836783385e-05, 2.66483002633e-05, 2.69981828751e-05, 2.60372871708e-05, 2.32998518186e-05, 1.94827152882e-05, 1.56697151397e-05, 1.62982432812e-05, 1.49633597175e-05, 1.53828714247e-05, 2.0101411792e-05, 1.9222170522e-05, 2.02614573936e-05, 1.71398642124e-05, 1.72332402144e-05, 1.47771625052e-05, 1.19384085338e-05, 8.7173511929e-06, 9.06037712411e-06, 7.19529271009e-06, 6.36704453427e-06, 7.04727926859e-06, 8.78411083249e-06, 8.94503136806e-06, 8.09420362202e-06, 7.37193204259e-06, 7.61678757044e-06, 8.31948727864e-06, 8.48621584737e-06, 7.62180070524e-06, 7.0802193477e-06, 6.52686139802e-06, 5.26014309798e-06, 4.41188876721e-06, 3.21238348988e-06, 2.05234323403e-06, 1.7107736312e-06, 2.13092675949e-06, 2.38155894294e-06, 2.70440000349e-06, 2.62763251158e-06, 1.82676058103e-06, 1.53361713728e-06, 1.96891846826e-06, 1.33880234898e-06, 5.23771063854e-07, 4.15773882878e-07, 5.40473251931e-07, 4.01795460903e-07, 2.91079231829e-07, 4.10564410913e-07, 3.54292552629e-07, 2.0860206007e-07, 2.88526138092e-07, 2.59806398617e-07, 1.56777090865e-07, 1.67046735555e-07, 9.3857991601e-08, 8.18094463284e-08, 8.14940435134e-08, 6.00897607228e-08, 8.44440037895e-08, 8.28517343621e-08, 1.09636879131e-07, 1.07502764024e-07, 1.05010627749e-07, 9.306447879e-08, 7.07062639549e-08, 5.83826285094e-08, 3.14834842641e-08, 1.48325325355e-08, 7.77672415353e-09, 9.30701071766e-10, 4.35814266619e-11, 8.74746369089e-12, 7.98717255529e-12, 6.2408328505e-10, 1.88761148934e-08, 2.28510774747e-08, 1.20565943007e-07, 2.2322250004e-07, 1.17310232639e-08, 1.30893544892e-08, 4.86404250211e-10, 2.95040120807e-12],
        "stdev": [2.68201401923e-05, 0.000139624447911, 0.000243146263529, 0.000270239950623, 0.000500813359395, 0.000656036776491, 0.000778946618084, 0.0014903038973, 0.00203294167295, 0.00178525724914, 0.00144400703721, 0.00111915450543, 0.000893102143891, 0.000916500634048, 0.00132752920035, 0.00172916043084, 0.00161777902395, 0.00185526057612, 0.00185749353841, 0.00142176600639, 0.00128101173323, 0.00136786384974, 0.00118395721074, 0.000873473181855, 0.000592259690166, 0.00054667214863, 0.000437199982116, 0.000353354116669, 0.00024710377329, 0.000149241925101, 0.00010400859901, 0.000139068361023, 0.000141523196362, 0.000111805791676, 0.00014008115977, 0.000107715852209, 0.000100132449006, 0.000111527668196, 0.000138748073368, 0.00011075164366, 0.000109225758933, 0.000123334248201, 0.000146345279063, 0.000114151080197, 0.000107906009362, 0.000116042981972, 0.000122455967357, 0.000119111369713, 6.96423448971e-05, 5.50388176634e-05, 5.60112639505e-05, 5.20437388332e-05, 4.65285083919e-05, 6.64649996907e-05, 4.9633479648e-05, 5.54218349862e-05, 4.23855053668e-05, 5.0016289606e-05, 4.11758155678e-05, 3.30217917508e-05, 2.43579288508e-05, 4.94601226819e-05, 3.73067668988e-05, 1.94503336388e-05, 2.19930007006e-05, 2.71905828413e-05, 2.74449357676e-05, 2.39901619352e-05, 2.16345524677e-05, 2.57801129919e-05, 3.27193301928e-05, 3.93244590668e-05, 3.29565627908e-05, 2.60891229118e-05, 2.69001957349e-05, 2.29443849094e-05, 2.03795207199e-05, 1.38797940963e-05, 8.07506876299e-06, 7.25239169697e-06, 9.95384016278e-06, 1.08550002551e-05, 1.26433733385e-05, 1.18383932204e-05, 1.0329574252e-05, 8.88722388481e-06, 1.1560890016e-05, 5.72755880057e-06, 2.26673182624e-06, 1.55087718667e-06, 2.08658207157e-06, 1.78489517566e-06, 1.51809763338e-06, 1.88153671843e-06, 1.66793199696e-06, 8.61476564751e-07, 1.20496224554e-06, 1.20253923797e-06, 6.32301862424e-07, 6.86685893925e-07, 4.09106320376e-07, 3.60635112884e-07, 3.10837123152e-07, 2.25578247637e-07, 3.42158784861e-07, 4.76245105574e-07, 6.84148574237e-07, 6.73464569445e-07, 7.23852622286e-07, 8.20542481961e-07, 6.70400879699e-07, 6.70282986448e-07, 3.07919862053e-07, 1.61588090464e-07, 1.0079018864e-07, 1.48408076939e-08, 1.67734465206e-10, 2.83916796323e-11, 3.31448132829e-11, 1.53603929576e-09, 1.9902378412e-08, 2.12190229831e-08, 4.41577299171e-08, 8.3982079957e-08, 1.47916221493e-08, 1.64561555493e-08, 1.11338549491e-09, 9.13837755467e-12]
    },
    "mfcc": {
        "mean": [-745.472839355, 121.785675049, -5.90298080444, 30.7805614471, -1.33313441277, -12.0980224609, -16.1145095825, -8.04485607147, -10.692814827, -3.62266087532, -3.41577863693, 0.31831496954, -3.28243708611],
        "cov": [[9407.96679688, 769.809448242, -2257.62036133, -475.208221436, -715.67755127, -683.001464844, -571.072875977, -498.828857422, -378.160766602, 30.6113605499, -58.8617095947, -143.769363403, -181.783248901], [769.809448242, 4400.16796875, -211.089157104, -749.1640625, 68.4489593506, -726.048583984, -283.617736816, -105.399246216, -394.163452148, -328.143676758, -156.834671021, -70.5960769653, -88.9540710449], [-2257.62036133, -211.089157104, 1284.89880371, 270.731872559, 188.904968262, 285.936981201, 106.569854736, 214.077270508, 109.81439209, -31.5614585876, 12.1903972626, 61.0763778687, 61.2832756042], [-475.208221436, -749.1640625, 270.731872559, 963.447753906, 243.464050293, 21.9056091309, -36.664264679, 15.4778671265, 68.3725204468, -54.5515136719, -55.4498977661, -9.10317707062, 48.9743156433], [-715.67755127, 68.4489593506, 188.904968262, 243.464050293, 619.681213379, 76.5066452026, -146.765304565, 34.3270606995, 47.3038520813, 52.1757049561, -8.69958305359, -3.42493844032, 49.1003837585], [-683.001464844, -726.048583984, 285.936981201, 21.9056091309, 76.5066452026, 547.841796875, 177.067382812, 111.796577454, 109.013175964, 142.854324341, 126.824249268, 37.140953064, 46.9624786377], [-571.072875977, -283.617736816, 106.569854736, -36.664264679, -146.765304565, 177.067382812, 468.531158447, 93.9392929077, 66.1138687134, 70.6782608032, 52.3262939453, 63.3080787659, -9.77657222748], [-498.828857422, -105.399246216, 214.077270508, 15.4778671265, 34.3270606995, 111.796577454, 93.9392929077, 362.841094971, 29.0734214783, 16.1106548309, 108.383575439, 16.2078418732, 93.7459716797], [-378.160766602, -394.163452148, 109.81439209, 68.3725204468, 47.3038520813, 109.013175964, 66.1138687134, 29.0734214783, 297.472564697, 80.4007339478, -16.3701381683, 43.703453064, -34.4152488708], [30.6113605499, -328.143676758, -31.5614585876, -54.5515136719, 52.1757049561, 142.854324341, 70.6782608032, 16.1106548309, 80.4007339478, 293.751586914, 78.0824203491, 8.89641571045, 30.8280410767], [-58.8617095947, -156.834671021, 12.1903972626, -55.4498977661, -8.69958305359, 126.824249268, 52.3262939453, 108.383575439, -16.3701381683, 78.0824203491, 209.02142334, 25.1121730804, 26.9731349945], [-143.769363403, -70.5960769653, 61.0763778687, -9.10317707062, -3.42493844032, 37.140953064, 63.3080787659, 16.2078418732, 43.703453064, 8.89641571045, 25.1121730804, 141.642120361, 15.9414815903], [-181.783248901, -88.9540710449, 61.2832756042, 48.9743156433, 49.1003837585, 46.9624786377, -9.77657222748, 93.7459716797, -34.4152488708, 30.8280410767, 26.9731349945, 15.9414815903, 170.041854858]],
        "icov": [[0.000231599100516, -3.40672595485e-05, 0.000357051496394, -9.77493691607e-05, 0.000279951607808, -7.24175406503e-05, 0.000320033228491, -5.39256034244e-05, 0.000156639027409, -0.000209833597182, 7.78466710472e-05, -0.000123085235828, 0.000185469485587], [-3.40672595485e-05, 0.000440034462372, -0.000161925883731, 0.000436740461737, -0.000355846394086, 0.000541969726328, -0.000112709632958, -2.16724856728e-05, 0.000313677941449, 0.000278378109215, 4.48262690043e-05, 5.28921373188e-05, 8.58329804032e-05], [0.000357051496394, -0.000161925883731, 0.00167324137874, -0.000455676345155, 0.000323134008795, -0.000810694356915, 0.000475629640277, -0.000656291958876, 9.31829636102e-05, -5.14397179359e-05, 0.000535340281203, -0.000544800248463, 0.000339301885106], [-9.77493691607e-05, 0.000436740461737, -0.000455676345155, 0.0017339119222, -0.000891234260052, 0.000651366484817, -0.000352074363036, 0.000234957595239, -0.000133867404656, 0.00074833544204, 4.53271495644e-05, 0.000406099337852, -0.000491541635711], [0.000279951607808, -0.000355846394086, 0.000323134008795, -0.000891234260052, 0.00276964763179, -0.000813525810372, 0.00140058295801, -0.000315903918818, -7.86345699453e-05, -0.00105581281241, 0.000403207232011, -0.000389407097828, 8.10261190054e-05], [-7.24175406503e-05, 0.000541969726328, -0.000810694356915, 0.000651366484817, -0.000813525810372, 0.00376520631835, -0.00108672108036, 0.000349876558175, -0.000441557902377, -0.000214342246181, -0.00156092469115, 0.000520898494869, -0.000601407547947], [0.000320033228491, -0.000112709632958, 0.000475629640277, -0.000352074363036, 0.00140058295801, -0.00108672108036, 0.00362920784391, -0.000996767310426, 0.000285281101242, -0.00103855715133, 0.000642980041448, -0.00141377898399, 0.00114362721797], [-5.39256034244e-05, -2.16724856728e-05, -0.000656291958876, 0.000234957595239, -0.000315903918818, 0.000349876558175, -0.000996767310426, 0.0046965861693, -0.00112585141324, 0.00107320793904, -0.00261810189113, 0.00108489696868, -0.00266097229905], [0.000156639027409, 0.000313677941449, 9.31829636102e-05, -0.000133867404656, -7.86345699453e-05, -0.000441557902377, 0.000285281101242, -0.00112585141324, 0.00526022771373, -0.00160503864754, 0.00193612428848, -0.00174602284096, 0.00233046524227], [-0.000209833597182, 0.000278378109215, -5.14397179359e-05, 0.00074833544204, -0.00105581281241, -0.000214342246181, -0.00103855715133, 0.00107320793904, -0.00160503864754, 0.00544922519475, -0.00193146453239, 0.00105122826062, -0.00166794820689], [7.78466710472e-05, 4.48262690043e-05, 0.000535340281203, 4.53271495644e-05, 0.000403207232011, -0.00156092469115, 0.000642980041448, -0.00261810189113, 0.00193612428848, -0.00193146453239, 0.00788704678416, -0.00172142963856, 0.00134802446701], [-0.000123085235828, 5.28921373188e-05, -0.000544800248463, 0.000406099337852, -0.000389407097828, 0.000520898494869, -0.00141377898399, 0.00108489696868, -0.00174602284096, 0.00105122826062, -0.00172142963856, 0.00856578163803, -0.00180929841008], [0.000185469485587, 8.58329804032e-05, 0.000339301885106, -0.000491541635711, 8.10261190054e-05, -0.000601407547947, 0.00114362721797, -0.00266097229905, 0.00233046524227, -0.00166794820689, 0.00134802446701, -0.00180929841008, 0.00854869931936]]
    },
    "spectral_contrast_coeffs": {
        "mean": [-0.624818086624, -0.716999292374, -0.802396535873, -0.797830224037, -0.778467595577, -0.773822784424],
        "stdev": [0.145272254944, 0.128611907363, 0.0828377828002, 0.0666499435902, 0.0685754865408, 0.063582226634]
    },
    "spectral_contrast_valleys": {
        "mean": [-8.37304973602, -7.49940109253, -8.50912475586, -8.51393508911, -8.33308982849, -11.2769575119],
        "stdev": [1.04848432541, 1.28437530994, 1.23436963558, 1.24097537994, 1.17829084396, 0.941583037376]
    }
},
"rhythm": {
    "beats_count": 138,
    "beats_loudness": {
        "mean": 0.0214194953442,
        "stdev": 0.0174880996346
    },
    "bpm": 136.15838623,
    "bpm_histogram_first_peak_bpm": 136,
    "bpm_histogram_first_peak_weight": 0.379310369492,
    "bpm_histogram_second_peak_bpm": 152,
    "bpm_histogram_second_peak_spread": 0.181818187237,
    "bpm_histogram_second_peak_weight": 0.131386861205,
    "danceability": 1.47716617584,
    "onset_rate": 6.03727674484,
    "beats_loudness_band_ratio": {
        "mean": [0.224500432611, 0.265701919794, 0.34181907773, 0.0783588290215, 0.0775839388371, 0.0925494208932],
        "stdev": [0.188021704555, 0.195520952344, 0.219019636512, 0.10105381906, 0.0780822783709, 0.201645001769]
    },
    "beats_position": [0.603718817234, 1.20743763447, 1.82276642323, 2.46131515503, 3.04181408882, 3.63392281532, 4.23764181137, 4.78331041336, 5.30575942993, 5.80498838425, 6.30421733856, 6.80344676971, 7.30267572403, 7.79029464722, 8.28952407837, 8.80036258698, 9.19510173798, 9.57823085785, 9.94974994659, 10.3328800201, 10.7276191711, 11.1223583221, 11.5170974731, 11.9234466553, 12.3297958374, 12.7245349884, 13.1308841705, 13.5256233215, 13.9203624725, 14.3151016235, 14.7214508057, 15.1161899567, 15.5109291077, 15.9056682587, 16.2887973785, 16.6719264984, 17.0666656494, 17.4614048004, 17.9838542938, 18.4946937561, 19.0171432495, 19.5279808044, 20.0388202667, 20.5380496979, 21.1185474396, 21.733877182, 22.3375968933, 22.9297046661, 23.5218143463, 24.1139221191, 24.7176418304, 25.286529541, 25.8321990967, 26.3662586212, 26.9119262695, 27.4692058563, 28.0264854431, 28.537322998, 29.0365524292, 29.5357818604, 30.0350112915, 30.5458488464, 31.0450782776, 31.5326976776, 32.0435371399, 32.5543746948, 32.9955558777, 33.4135131836, 33.8314743042, 34.2262115479, 34.5977325439, 34.9924697876, 35.3872108459, 35.7703399658, 36.1534690857, 36.5365982056, 36.9197273254, 37.3144645691, 37.7092056274, 38.1271629333, 38.545124054, 39.0907936096, 39.6364631653, 40.1937408447, 40.7277984619, 41.2734680176, 41.8655776978, 42.4112472534, 42.9569168091, 43.4793624878, 44.0018119812, 44.5474815369, 45.0699310303, 45.6039886475, 46.1380500793, 46.6721076965, 47.2177772522, 47.7518348694, 48.297504425, 48.8431739807, 49.3888435364, 49.9461212158, 50.5150108337, 50.9678001404, 51.4089775085, 51.8385467529, 52.2681159973, 52.7092971802, 53.1504745483, 53.5800437927, 54.0096130371, 54.45079422, 54.8919715881, 55.3447608948, 55.7627182007, 56.1922874451, 56.6334686279, 57.0746459961, 57.5042152405, 57.9221763611, 58.3749656677, 58.8393630981, 59.280544281, 59.7217216492, 60.162902832, 60.6273002625, 61.0916976929, 61.5444869995, 61.9856681824, 62.438457489, 62.8796348572, 63.32081604, 63.7387733459, 64.1799545288, 64.621131897, 65.0855331421, 65.5267105103, 65.9678878784],
    "bpm_histogram": [0, 0, 0, 0, 0, 0, 0, 0, 0, 0, 0, 0, 0, 0, 0, 0, 0, 0, 0, 0, 0, 0, 0, 0, 0, 0, 0, 0, 0, 0, 0, 0, 0, 0, 0, 0, 0, 0, 0, 0, 0, 0, 0, 0, 0, 0, 0, 0, 0, 0, 0, 0, 0, 0, 0, 0, 0, 0, 0, 0, 0, 0, 0, 0, 0, 0, 0, 0, 0, 0, 0, 0, 0, 0, 0, 0, 0, 0, 0, 0, 0, 0, 0, 0, 0, 0, 0, 0, 0, 0, 0, 0, 0, 0, 0.00729927001521, 0, 0, 0, 0.0145985400304, 0.0291970800608, 0, 0.0364963486791, 0, 0.0145985400304, 0, 0.0145985400304, 0, 0, 0.0291970800608, 0, 0.094890512526, 0, 0.0437956191599, 0, 0, 0.0437956191599, 0, 0.0583941601217, 0, 0, 0.0729926973581, 0, 0, 0.0145985400304, 0, 0, 0, 0, 0, 0.0291970800608, 0, 0, 0, 0.0364963486791, 0, 0, 0.131386861205, 0, 0, 0, 0.0437956191599, 0, 0, 0, 0.0510948896408, 0, 0, 0, 0.0291970800608, 0, 0, 0, 0.131386861205, 0, 0, 0, 0, 0.0583941601217, 0, 0, 0, 0.0145985400304, 0, 0, 0, 0, 0, 0, 0, 0, 0, 0, 0, 0, 0, 0, 0, 0, 0, 0, 0, 0, 0, 0, 0, 0, 0, 0, 0, 0, 0, 0, 0, 0, 0, 0, 0, 0, 0, 0, 0, 0, 0, 0, 0, 0, 0, 0, 0, 0, 0, 0, 0, 0, 0, 0, 0, 0, 0, 0, 0, 0, 0, 0, 0, 0, 0, 0, 0, 0, 0, 0, 0, 0, 0, 0, 0, 0, 0, 0, 0, 0, 0, 0, 0, 0, 0, 0, 0, 0]
},
"tonal": {
    "chords_changes_rate": 0.197064995766,
    "chords_number_rate": 0.0139762405306,
    "chords_strength": {
        "mean": 0.430969834328,
        "stdev": 0.0927005782723
    },
    "hpcp_crest": {
        "mean": 12.8839511871,
        "stdev": 6.85447502136
    },
    "hpcp_entropy": {
        "mean": 2.18520951271,
        "stdev": 0.888889312744
    },
    "key_edma": {
        "strength": 0.31861269474,
        "key": "F#",
        "scale": "minor"
    },
    "key_krumhansl": {
        "strength": 0.310397267342,
        "key": "F#",
        "scale": "minor"
    },
    "key_temperley": {
        "strength": 0.296586573124,
        "key": "F#",
        "scale": "minor"
    },
    "tuning_diatonic_strength": 0.461523503065,
    "tuning_equal_tempered_deviation": 0.286204695702,
    "tuning_frequency": 446.657836914,
    "tuning_nontempered_energy_ratio": 0.907508671284,
    "hpcp": {
        "mean": [0.133099839091, 0.140971809626, 0.135869562626, 0.122365280986, 0.117032982409, 0.112763956189, 0.104994952679, 0.109233140945, 0.118545092642, 0.108006551862, 0.100257955492, 0.112673476338, 0.123278304935, 0.117688693106, 0.107427485287, 0.107811011374, 0.10954452306, 0.101396754384, 0.105903118849, 0.120724126697, 0.116579934955, 0.115733958781, 0.124901935458, 0.135438889265, 0.143406182528, 0.145721659064, 0.151115119457, 0.158723011613, 0.175309598446, 0.175725132227, 0.159655496478, 0.162075936794, 0.165752723813, 0.170318990946, 0.172642558813, 0.147946357727],
        "stdev": [0.240609064698, 0.247833609581, 0.244313314557, 0.237325683236, 0.239366263151, 0.228060409427, 0.212821945548, 0.222077801824, 0.236282348633, 0.210213467479, 0.191703259945, 0.216085508466, 0.231310844421, 0.216490656137, 0.202190503478, 0.196974158287, 0.206135764718, 0.19102871418, 0.202025070786, 0.220066204667, 0.20389765501, 0.206233814359, 0.230197608471, 0.244458854198, 0.253466576338, 0.253884315491, 0.257733315229, 0.261594057083, 0.274821519852, 0.280557006598, 0.262140631676, 0.264642506838, 0.268353849649, 0.275202900171, 0.288426548243, 0.257707715034]
    },
    "chords_histogram": [9.29419994354, 1.95667362213, 5.59049606323, 2.1663172245, 5.52061510086, 10.5520610809, 1.39762401581, 0.768693208694, 0.698812007904, 11.600279808, 2.86512923241, 7.96645689011, 5.10132789612, 0.838574409485, 2.86512923241, 2.23619842529, 3.77358484268, 1.04821801186, 0.489168405533, 5.52061510086, 5.9399023056, 5.38085269928, 1.95667362213, 4.47239685059],
    "thpcp": [1, 0.908552408218, 0.92232644558, 0.943249940872, 0.969235241413, 0.982457995415, 0.841919183731, 0.757431983948, 0.802229046822, 0.773193657398, 0.696344792843, 0.666000247002, 0.641706466675, 0.597495377064, 0.621613621712, 0.674605250359, 0.614633500576, 0.570538520813, 0.641191601753, 0.701540529728, 0.669731736183, 0.611338198185, 0.613520741463, 0.623385608196, 0.577019095421, 0.602663457394, 0.687005460262, 0.663422107697, 0.658607900143, 0.710780143738, 0.770742833614, 0.81608235836, 0.829259037971, 0.859951674938, 0.903245925903, 0.997635304928],
    "chords_key": "C#",
    "chords_scale": "major"
}
}