{
"metadata": {
    "version": {
        "essentia": "2.1-dev",
        "essentia_git_sha": "v2.1_beta3-415-gd5473f3",
        "extractor": "music 2.0"
    },
    "audio_properties": {
        "analysis": {
            "equal_loudness": 0,
            "length": 60.1861228943,
            "sample_rate": 44100,
            "start_time": 0,
            "downmix": "mix"
        },
        "bit_rate": 192000,
        "length": 60.1861228943,
        "lossless": 0,
        "number_channels": 2,
        "replay_gain": -7.5788192749,
        "sample_rate": 44100,
        "codec": "mp3",
        "md5_encoded": "c99a37c77aba23a84b7277e6e841313b"
    },
    "tags": {
        "file_name": "tertulia_03.mp3",
        "date": ["2004"],
        "engineer": ["rosamerica tamyo"],
        "genre": ["Blues"]
    }
},
"lowlevel": {
    "average_loudness": 0.964698135853,
    "barkbands_crest": {
        "mean": 11.8225307465,
        "stdev": 4.78491926193
    },
    "barkbands_flatness_db": {
        "mean": 0.236299738288,
        "stdev": 0.066429592669
    },
    "barkbands_kurtosis": {
        "mean": 11.9108161926,
        "stdev": 58.162071228
    },
    "barkbands_skewness": {
        "mean": 1.88164484501,
        "stdev": 2.21590685844
    },
    "barkbands_spread": {
        "mean": 15.3454360962,
        "stdev": 14.9332294464
    },
    "dissonance": {
        "mean": 0.420732438564,
        "stdev": 0.0610743463039
    },
    "dynamic_complexity": 4.05184745789,
    "erbbands_crest": {
        "mean": 11.9538574219,
        "stdev": 5.09321022034
    },
    "erbbands_flatness_db": {
        "mean": 0.256408572197,
        "stdev": 0.0511858426034
    },
    "erbbands_kurtosis": {
        "mean": 2.30636334419,
        "stdev": 5.23778676987
    },
    "erbbands_skewness": {
        "mean": 0.699676632881,
        "stdev": 1.32180404663
    },
    "erbbands_spread": {
        "mean": 29.8922557831,
        "stdev": 18.4733695984
    },
    "hfc": {
        "mean": 13.7393331528,
        "stdev": 13.4678726196
    },
    "loudness_ebu128": {
        "integrated": -17.5251293182,
        "loudness_range": 2.40056228638,
        "momentary": {
            "mean": -18.2750644684,
            "stdev": 2.99864006042
        },
        "short_term": {
            "mean": -17.6489963531,
            "stdev": 0.834154367447
        }
    },
    "melbands_crest": {
        "mean": 15.514746666,
        "stdev": 6.54922771454
    },
    "melbands_flatness_db": {
        "mean": 0.265240103006,
        "stdev": 0.0879593938589
    },
    "melbands_kurtosis": {
        "mean": 19.785905838,
        "stdev": 51.4597053528
    },
    "melbands_skewness": {
        "mean": 2.62645459175,
        "stdev": 2.29058337212
    },
    "melbands_spread": {
        "mean": 21.6508293152,
        "stdev": 29.5700111389
    },
    "pitch_salience": {
        "mean": 0.61641728878,
        "stdev": 0.149701058865
    },
    "silence_rate_20dB": {
        "mean": 1,
        "stdev": 0
    },
    "silence_rate_30dB": {
        "mean": 0.999614357948,
        "stdev": 0.0196342244744
    },
    "silence_rate_60dB": {
        "mean": 0.168530657887,
        "stdev": 0.374338001013
    },
    "spectral_centroid": {
        "mean": 1234.25109863,
        "stdev": 963.778564453
    },
    "spectral_complexity": {
        "mean": 10.3895101547,
        "stdev": 7.93690776825
    },
    "spectral_decrease": {
        "mean": -5.17513765175e-09,
        "stdev": 4.51268933332e-09
    },
    "spectral_energy": {
        "mean": 0.0207783728838,
        "stdev": 0.0180856119841
    },
    "spectral_energyband_high": {
        "mean": 0.000281139160506,
        "stdev": 0.00063635664992
    },
    "spectral_energyband_low": {
        "mean": 0.00167893548496,
        "stdev": 0.00397758418694
    },
    "spectral_energyband_middle_high": {
        "mean": 0.00320041179657,
        "stdev": 0.00488309748471
    },
    "spectral_energyband_middle_low": {
        "mean": 0.0161093194038,
        "stdev": 0.0151188373566
    },
    "spectral_entropy": {
        "mean": 6.99640321732,
        "stdev": 0.634640157223
    },
    "spectral_flux": {
        "mean": 0.0882413983345,
        "stdev": 0.0524847842753
    },
    "spectral_kurtosis": {
        "mean": 7.11038637161,
        "stdev": 6.4605884552
    },
    "spectral_rms": {
        "mean": 0.00393495056778,
        "stdev": 0.00218808487989
    },
    "spectral_rolloff": {
        "mean": 1286.35229492,
        "stdev": 1546.71569824
    },
    "spectral_skewness": {
        "mean": 1.52507579327,
        "stdev": 0.863389909267
    },
    "spectral_spread": {
        "mean": 3026734.5,
        "stdev": 1613196.5
    },
    "spectral_strongpeak": {
        "mean": 1.15347290039,
        "stdev": 1.09137606621
    },
    "zerocrossingrate": {
        "mean": 0.0471841990948,
        "stdev": 0.0412384271622
    },
    "barkbands": {
        "mean": [0.000148042294313, 0.000467222678708, 0.000687323452439, 0.00106991839129, 0.0035998208914, 0.0024883064907, 0.0040131509304, 0.00287700071931, 0.00183859490789, 0.000578736769967, 0.000304325396428, 0.000329625996528, 0.000384095183108, 0.000324440712575, 0.000319390674122, 0.000276755919913, 0.000290707132081, 0.000243628601311, 0.000178561313078, 0.000200524053071, 9.27506407606e-05, 3.85159764846e-05, 1.68241422216e-05, 8.74294255482e-06, 1.33344315145e-06, 7.68065611112e-09, 6.92115253997e-10],
        "stdev": [0.00034805588075, 0.00315345148556, 0.00143839896191, 0.00189328938723, 0.0050150458701, 0.00462766643614, 0.0077645778656, 0.00596369151026, 0.00455930829048, 0.00188604625873, 0.000879692612216, 0.00104593974538, 0.00102438998874, 0.000972125970293, 0.000900216749869, 0.000685738748871, 0.000602540909313, 0.000446125661256, 0.000348563742591, 0.000361220911145, 0.000283380300971, 0.000203853996936, 7.42545016692e-05, 3.49283218384e-05, 4.94638698001e-06, 4.70204817304e-08, 1.69905711722e-09]
    },
    "erbbands": {
        "mean": [0.0181422531605, 0.0979764908552, 0.60509210825, 2.42101883888, 8.17466449738, 12.3057422638, 13.7941665649, 23.4550304413, 48.6532440186, 66.2601776123, 59.0968475342, 43.0832481384, 26.3789138794, 13.928768158, 12.3965425491, 14.1558570862, 17.4216461182, 16.305847168, 16.7861938477, 16.5296344757, 15.788187027, 16.3992099762, 14.3104772568, 9.95794296265, 8.50015544891, 9.07049942017, 6.45764970779, 2.59185910225, 1.46226739883, 0.81288933754, 0.425745040178, 0.223004624248, 0.119938261807, 0.0292838588357, 0.00340786203742, 0.000213886567508, 1.95558859559e-05, 4.27454324381e-06, 1.11758336061e-05, 2.42404566961e-05],
        "stdev": [0.143097296357, 0.514604151249, 1.19427633286, 3.88397169113, 13.2905988693, 21.6489276886, 28.9940891266, 45.3701286316, 90.2343139648, 140.007766724, 117.297523499, 106.588897705, 75.6183013916, 37.8759613037, 35.0767745972, 43.6384048462, 43.9485473633, 42.6309890747, 48.1331329346, 43.0430107117, 35.5039901733, 32.1960258484, 25.826215744, 18.4882125854, 15.9450235367, 15.9626178741, 14.6975460052, 11.232632637, 7.65944671631, 3.8748884201, 1.79839086533, 0.921173810959, 0.481107413769, 0.105642475188, 0.013467236422, 0.000898191414308, 4.51991036243e-05, 7.99651752459e-06, 9.38360790315e-06, 2.08849487535e-05]
    },
    "gfcc": {
        "mean": [-118.195030212, 143.019699097, -154.699279785, 43.480091095, -71.8559799194, -19.8927211761, -38.2319030762, -8.56838130951, -8.76933097839, -16.0220737457, 5.05145931244, -27.5004787445, 2.99158334732],
        "cov": [[10591.7558594, 1102.41674805, -1755.94287109, -1170.53930664, -551.43951416, -1382.18457031, -412.262207031, -79.0309295654, -109.555221558, -258.160552979, -39.5308151245, -562.367736816, -183.737792969], [1102.41674805, 1900.3494873, 172.262771606, -878.058227539, 251.101272583, -519.784667969, 57.2442245483, -132.976730347, -59.3863754272, -213.474151611, 123.480987549, -192.40725708, -98.9214782715], [-1755.94287109, 172.262771606, 1053.95739746, 433.827697754, 124.822311401, 150.361877441, -1.12715172768, -115.657974243, 14.1309528351, -16.5286273956, -4.73202180862, 127.554443359, 1.15538406372], [-1170.53930664, -878.058227539, 433.827697754, 1127.56567383, 112.973236084, 254.572021484, -134.049484253, 23.369682312, 107.350982666, 125.178436279, -73.1410827637, 135.34538269, 58.7313652039], [-551.43951416, 251.101272583, 124.822311401, 112.973236084, 402.215332031, 55.1619224548, -3.64847445488, 33.4264602661, 59.3018722534, 7.08504772186, 23.4313201904, -8.4688949585, 2.3092341423], [-1382.18457031, -519.784667969, 150.361877441, 254.572021484, 55.1619224548, 759.921325684, 265.82989502, 85.7450485229, 7.16215467453, 112.438369751, -12.0546731949, 143.19241333, 25.4141769409], [-412.262207031, 57.2442245483, -1.12715172768, -134.049484253, -3.64847445488, 265.82989502, 357.057434082, 81.8141098022, -63.4999923706, 21.337097168, 57.0031280518, 34.2780685425, -6.5965423584], [-79.0309295654, -132.976730347, -115.657974243, 23.369682312, 33.4264602661, 85.7450485229, 81.8141098022, 217.81640625, 67.2176895142, 19.1478805542, 26.465555191, 29.6113491058, 8.62423801422], [-109.555221558, -59.3863754272, 14.1309528351, 107.350982666, 59.3018722534, 7.16215467453, -63.4999923706, 67.2176895142, 173.650375366, 45.2353019714, -19.9207611084, 28.5757293701, 23.4125099182], [-258.160552979, -213.474151611, -16.5286273956, 125.178436279, 7.08504772186, 112.438369751, 21.337097168, 19.1478805542, 45.2353019714, 146.320205688, 16.7793426514, 8.47143363953, 25.4649372101], [-39.5308151245, 123.480987549, -4.73202180862, -73.1410827637, 23.4313201904, -12.0546731949, 57.0031280518, 26.465555191, -19.9207611084, 16.7793426514, 130.344177246, 30.2650260925, -22.6871929169], [-562.367736816, -192.40725708, 127.554443359, 135.34538269, -8.4688949585, 143.19241333, 34.2780685425, 29.6113491058, 28.5757293701, 8.47143363953, 30.2650260925, 164.644332886, 37.7161712646], [-183.737792969, -98.9214782715, 1.15538406372, 58.7313652039, 2.3092341423, 25.4141769409, -6.5965423584, 8.62423801422, 23.4125099182, 25.4649372101, -22.6871929169, 37.7161712646, 105.980201721]],
        "icov": [[0.000216976884985, -0.000277081708191, 0.000420416356064, -0.000219735258725, 0.000384822749766, 8.72798918863e-05, 0.000137406299473, -3.88682856283e-05, 2.7099313229e-05, 5.51734374312e-05, 0.000104798447865, 0.000127635270474, 0.000174902233994], [-0.000277081708191, 0.00299107213505, -0.00174139381852, 0.00212999782525, -0.00222148722969, 0.00105371687096, -0.00138748018071, 0.00135253870394, -0.00158713548444, 0.00185502751265, -0.00192074198276, 0.00178501056507, -0.000392155896407], [0.000420416356064, -0.00174139381852, 0.00286498805508, -0.00187477876898, 0.00116740481462, -0.000349474110408, 0.00026810952113, 0.000641933700535, 0.000304679735564, -2.72738179774e-05, 0.000868644390721, -0.00147556990851, 0.000784322211985], [-0.000219735258725, 0.00212999782525, -0.00187477876898, 0.0032072798349, -0.0019206564175, 0.000446847785497, 0.000145235477248, 0.000144864228787, -0.000553625170141, -0.000326520210365, -0.000163905366207, 0.000180501621799, -0.000116390445328], [0.000384822749766, -0.00222148722969, 0.00116740481462, -0.0019206564175, 0.00495127635077, -0.00124321808107, 0.00120998255443, -0.0010528707644, -0.000387605745345, 7.41563708289e-05, -0.000474112079246, 0.00089852581732, -0.000356930075213], [8.72798918863e-05, 0.00105371687096, -0.000349474110408, 0.000446847785497, -0.00124321808107, 0.00367229105905, -0.00270109158009, 0.000295513658784, 6.87336214469e-05, -0.00147085369099, 0.00179789902177, -0.00186459405813, 0.00123200775124], [0.000137406299473, -0.00138748018071, 0.00026810952113, 0.000145235477248, 0.00120998255443, -0.00270109158009, 0.00672684190795, -0.00306084658951, 0.00317043857649, -0.00127046753187, -0.000702804885805, -0.000198853522306, -0.000325923872879], [-3.88682856283e-05, 0.00135253870394, 0.000641933700535, 0.000144864228787, -0.0010528707644, 0.000295513658784, -0.00306084658951, 0.00839989632368, -0.00489078322425, 0.00285324337892, -0.00272660609335, 0.000926246633753, -0.00033265168895], [2.7099313229e-05, -0.00158713548444, 0.000304679735564, -0.000553625170141, -0.000387605745345, 6.87336214469e-05, 0.00317043857649, -0.00489078322425, 0.0112317567691, -0.0054699187167, 0.00436379155144, -0.00402356311679, 0.000655453419313], [5.51734374312e-05, 0.00185502751265, -2.72738179774e-05, -0.000326520210365, 7.41563708289e-05, -0.00147085369099, -0.00127046753187, 0.00285324337892, -0.0054699187167, 0.0135861514136, -0.006691894494, 0.00597793469205, -0.00356785068288], [0.000104798447865, -0.00192074198276, 0.000868644390721, -0.000163905366207, -0.000474112079246, 0.00179789902177, -0.000702804885805, -0.00272660609335, 0.00436379155144, -0.006691894494, 0.0146797522902, -0.00756588298827, 0.00470651080832], [0.000127635270474, 0.00178501056507, -0.00147556990851, 0.000180501621799, 0.00089852581732, -0.00186459405813, -0.000198853522306, 0.000926246633753, -0.00402356311679, 0.00597793469205, -0.00756588298827, 0.0140668991953, -0.00503000477329], [0.000174902233994, -0.000392155896407, 0.000784322211985, -0.000116390445328, -0.000356930075213, 0.00123200775124, -0.000325923872879, -0.00033265168895, 0.000655453419313, -0.00356785068288, 0.00470651080832, -0.00503000477329, 0.0126580726355]]
    },
    "melbands": {
        "mean": [0.00014866561105, 0.000248169759288, 0.000566629401874, 0.000783674768172, 0.000496473163366, 0.000531755562406, 0.000770871003624, 0.000717474438716, 0.000452087639133, 0.000256844679825, 0.000126480139443, 5.65332775295e-05, 4.13042616856e-05, 3.81663849112e-05, 3.72672111553e-05, 3.74657647626e-05, 2.94267847494e-05, 2.69020438282e-05, 2.50744615187e-05, 1.94038384507e-05, 1.85632361536e-05, 1.77772853931e-05, 1.4024039956e-05, 1.1124188859e-05, 7.70002952777e-06, 6.69225619276e-06, 5.58264628125e-06, 6.27294002697e-06, 5.24214237885e-06, 1.71760359535e-06, 1.40637462209e-06, 8.75714022186e-07, 5.83615928917e-07, 4.03768325441e-07, 2.71724729828e-07, 1.5346918758e-07, 1.27653351001e-07, 9.48307175008e-08, 4.78164423612e-08, 1.63916862306e-08],
        "stdev": [0.00105534482282, 0.000514566316269, 0.000793150509708, 0.00120933447033, 0.00092795753153, 0.000981737975962, 0.00138705107383, 0.00144419330172, 0.000909111346118, 0.000671502843034, 0.00038186457823, 0.000164216136909, 0.000118820440548, 0.000130733926198, 9.8376745882e-05, 0.000103297068563, 8.05023373687e-05, 8.7202010036e-05, 7.21579272067e-05, 5.24694114574e-05, 4.43959797849e-05, 3.75576018996e-05, 2.65560647676e-05, 2.1137373551e-05, 1.60283470905e-05, 1.37121951411e-05, 1.14685553854e-05, 1.17523040899e-05, 1.22081710288e-05, 5.95826622884e-06, 7.31682348487e-06, 4.99857424074e-06, 2.83994904748e-06, 2.02350611289e-06, 1.21922573726e-06, 6.20184437139e-07, 5.46560215753e-07, 4.0975166371e-07, 1.78368921411e-07, 5.95320628349e-08]
    },
    "melbands128": {
        "mean": [6.87985302648e-05, 0.000156587877427, 0.000185271550436, 0.000130292639369, 0.000227357741096, 0.000370305759134, 0.000443156983238, 0.00058084144257, 0.000870680669323, 0.000909194059204, 0.000714182737283, 0.000534156977665, 0.000462088355562, 0.000417758361436, 0.000478636618936, 0.000599536986556, 0.00073878839612, 0.000783560797572, 0.000841233239044, 0.00076593097765, 0.000658894947264, 0.00059017247986, 0.000415558723034, 0.000336753873853, 0.00028428513906, 0.000236380074057, 0.000166966739926, 0.000115947077575, 9.72247944446e-05, 5.2333183703e-05, 4.90244747198e-05, 4.59547409264e-05, 4.21161275881e-05, 3.64691586583e-05, 3.66190142813e-05, 4.17541596107e-05, 3.49555884895e-05, 3.43497522408e-05, 4.12960180256e-05, 3.97149378841e-05, 3.70322050003e-05, 3.49685906258e-05, 2.68804669759e-05, 2.72242941719e-05, 3.26650115312e-05, 2.31293743127e-05, 2.57906376646e-05, 2.73441219178e-05, 2.43573049374e-05, 2.05043761525e-05, 1.92684274225e-05, 1.77960664587e-05, 1.66728532349e-05, 2.03623694688e-05, 1.95923475985e-05, 1.83448391908e-05, 1.56432906806e-05, 1.27808989419e-05, 1.44804171214e-05, 1.44141649798e-05, 1.12603065645e-05, 8.61017633724e-06, 7.47303874959e-06, 7.63281786931e-06, 7.75250555307e-06, 6.92465528118e-06, 5.90509171161e-06, 5.4170718613e-06, 5.62317427466e-06, 5.56404984309e-06, 5.96566405875e-06, 6.56124893794e-06, 7.68759127823e-06, 5.10631480211e-06, 2.44948387262e-06, 1.59251760579e-06, 1.42468775266e-06, 1.50701725943e-06, 1.44806472235e-06, 1.30161106426e-06, 9.36275853292e-07, 6.7328858222e-07, 7.32820410576e-07, 5.78812830554e-07, 4.81183064949e-07, 3.98093476406e-07, 3.9743414959e-07, 3.62945229426e-07, 2.83997451334e-07, 1.93292152062e-07, 1.54055513235e-07, 1.47710551346e-07, 1.38627498814e-07, 1.3098343743e-07, 1.19005811428e-07, 1.09524322056e-07, 9.16517208793e-08, 7.25619671016e-08, 5.09796684867e-08, 3.46819852837e-08, 2.2350169715e-08, 1.36331763656e-08, 8.42235614584e-09, 5.02065766739e-09, 2.2250967735e-09, 1.09106235158e-09, 5.32621668992e-10, 2.54000903643e-10, 1.00887916077e-10, 3.67339457463e-11, 8.47317441904e-12, 5.91448114443e-12, 5.19424607492e-12, 4.62711900046e-12, 4.81057728374e-12, 4.45256158332e-12, 4.20404119503e-12, 3.28795020724e-12, 3.00666826505e-12, 2.93602403674e-12, 2.87354320026e-12, 2.81951783969e-12, 2.76252263252e-12, 2.71038551845e-12, 2.67737199598e-12, 2.65180499087e-12, 2.63299841999e-12, 2.61732974703e-12],
        "stdev": [0.000270280899713, 0.00127656082623, 0.00147856131662, 0.000630501133855, 0.000538010150194, 0.000794665596914, 0.000906463246793, 0.00110335694626, 0.00173458096106, 0.00193983630743, 0.00178526551463, 0.00130463158712, 0.00125930283684, 0.0013291449286, 0.0012846197933, 0.00145917909686, 0.0018716044724, 0.00191556254867, 0.00245574931614, 0.00221356377006, 0.00189031264745, 0.00160568521824, 0.00113339233212, 0.00119097752031, 0.00097410712624, 0.000950024521444, 0.00072593591176, 0.000485057506012, 0.000442892313004, 0.000218473316636, 0.000202288822038, 0.000162277341587, 0.000168829181348, 0.000157398579177, 0.000152977358084, 0.000206253345823, 0.000134138477733, 0.000113775116915, 0.000144115459989, 0.00013384068734, 0.000151057480252, 0.000141830212669, 0.000100768906123, 0.000105647857708, 0.000165734818438, 9.9425415101e-05, 0.000111059722258, 0.000107356718217, 9.79724063654e-05, 7.53293425078e-05, 6.74815964885e-05, 6.15747412667e-05, 5.34901264473e-05, 6.2178754888e-05, 5.40963701496e-05, 4.75948218082e-05, 3.77189535357e-05, 2.93399752991e-05, 3.53857358277e-05, 3.40120168403e-05, 2.82162782241e-05, 2.29980178119e-05, 1.96393921215e-05, 2.13935418287e-05, 1.82009025593e-05, 1.64815901371e-05, 1.46170013977e-05, 1.28753999888e-05, 1.39180456245e-05, 1.21669118016e-05, 1.30894886752e-05, 1.44217328852e-05, 2.06954209716e-05, 1.4256378563e-05, 7.55654218665e-06, 6.1792698034e-06, 6.33693161944e-06, 8.22497077024e-06, 8.41666405904e-06, 8.22851143312e-06, 6.38774463368e-06, 3.74664273295e-06, 4.21954109697e-06, 2.77072058452e-06, 2.62059688794e-06, 2.05593460123e-06, 2.2831750357e-06, 1.85516523743e-06, 1.37983340665e-06, 7.93640651864e-07, 5.92054391291e-07, 6.69349390137e-07, 6.51861910228e-07, 6.03387263709e-07, 5.56107295324e-07, 5.72892304262e-07, 4.04574137747e-07, 2.77782078228e-07, 2.02504580216e-07, 1.38894847623e-07, 8.61391455942e-08, 4.9588042117e-08, 3.52899469647e-08, 2.12259987364e-08, 1.10223057348e-08, 5.62388313696e-09, 2.95661051197e-09, 1.67411506879e-09, 6.94998447681e-10, 3.82655379605e-10, 7.65687582782e-11, 7.42313432944e-11, 7.22337814563e-11, 5.56268538177e-11, 6.95280638618e-11, 5.68097409392e-11, 5.04051834993e-11, 1.09816912508e-11, 4.69858266877e-12, 4.57630808248e-12, 4.46544147145e-12, 4.36775919252e-12, 4.28399243163e-12, 4.20883813912e-12, 4.14672072721e-12, 4.09864763656e-12, 4.06337029996e-12, 4.04164982731e-12]
    },
    "mfcc": {
        "mean": [-739.087280273, 145.983825684, -19.3758926392, 36.8021583557, -6.73954534531, -15.2564191818, -11.2604341507, -12.1823625565, -10.0752096176, 2.53255057335, -7.72682666779, 4.2146115303, -4.01175928116],
        "cov": [[9347.60253906, 1061.54162598, -1756.94555664, -289.535186768, -731.899902344, -1117.97583008, -567.232116699, -412.717071533, -418.546630859, 182.832977295, -261.588012695, 26.328125, -284.179748535], [1061.54162598, 2731.20043945, -303.972167969, -392.620819092, -127.733276367, -510.684509277, 62.8345756531, -147.295532227, -240.785354614, -64.2732696533, -66.4456634521, -0.471614211798, -34.5200691223], [-1756.94555664, -303.972167969, 1015.56420898, 296.764648438, 156.875030518, 361.238586426, 41.8306007385, 100.515182495, 69.2403182983, -143.426956177, 4.43397426605, 31.3345756531, 105.467437744], [-289.535186768, -392.620819092, 296.764648438, 698.159423828, 319.190429688, 19.684633255, -154.303039551, -59.8708114624, 10.154715538, -21.3963623047, -74.0232543945, 30.3267498016, 76.7079925537], [-731.899902344, -127.733276367, 156.875030518, 319.190429688, 500.594268799, 116.711151123, -96.3620834351, 19.3246536255, 65.270324707, 15.2868127823, 13.7264766693, -6.4391283989, 52.8202095032], [-1117.97583008, -510.684509277, 361.238586426, 19.684633255, 116.711151123, 537.873901367, 171.284042358, 103.729301453, 132.392684937, -5.83233976364, 97.8466339111, -29.7191925049, 30.2002372742], [-567.232116699, 62.8345756531, 41.8306007385, -154.303039551, -96.3620834351, 171.284042358, 393.336456299, 136.24395752, 19.3404102325, 52.4780883789, 90.9696807861, -16.9944934845, 15.1263303757], [-412.717071533, -147.295532227, 100.515182495, -59.8708114624, 19.3246536255, 103.729301453, 136.24395752, 272.149719238, 84.0731811523, -14.2412881851, 93.8536987305, 13.229385376, 44.3996620178], [-418.546630859, -240.785354614, 69.2403182983, 10.154715538, 65.270324707, 132.392684937, 19.3404102325, 84.0731811523, 215.098571777, 50.7843132019, 26.6586666107, 4.85584259033, 21.1098194122], [182.832977295, -64.2732696533, -143.426956177, -21.3963623047, 15.2868127823, -5.83233976364, 52.4780883789, -14.2412881851, 50.7843132019, 179.799377441, 51.0923461914, -20.5863227844, -17.0875034332], [-261.588012695, -66.4456634521, 4.43397426605, -74.0232543945, 13.7264766693, 97.8466339111, 90.9696807861, 93.8536987305, 26.6586666107, 51.0923461914, 182.30770874, 25.1532020569, -5.98679924011], [26.328125, -0.471614211798, 31.3345756531, 30.3267498016, -6.4391283989, -29.7191925049, -16.9944934845, 13.229385376, 4.85584259033, -20.5863227844, 25.1532020569, 145.252609253, 50.8626976013], [-284.179748535, -34.5200691223, 105.467437744, 76.7079925537, 52.8202095032, 30.2002372742, 15.1263303757, 44.3996620178, 21.1098194122, -17.0875034332, -5.98679924011, 50.8626976013, 127.163894653]],
        "icov": [[0.000257134524873, -0.000106213788968, 0.000386912986869, -0.000246175244683, 0.00047002240899, -0.000210918486118, 0.000531853700522, -0.000387290725484, 0.000403965212172, -0.000466392113594, 0.000347175518982, -0.000243023023359, 0.000284032343188], [-0.000106213788968, 0.000677511270624, -0.000345495180227, 0.000662583857775, -0.000687923515216, 0.00101408245973, -0.000831956218462, 0.000768365745898, -0.000104304257547, 0.000664356863126, -0.000311549869366, 0.000219336274313, -0.000286797090666], [0.000386912986869, -0.000345495180227, 0.00249925558455, -0.00130496465135, 0.00107181514613, -0.0017585249152, 0.000978943891823, -0.00101403694134, 0.000537877727766, 0.00042055209633, 0.000598361599259, -0.000461667048512, -0.000124701415189], [-0.000246175244683, 0.000662583857775, -0.00130496465135, 0.00342020299286, -0.00236128317192, 0.0013220035471, -0.00064638024196, 0.00123557494953, 7.01844419382e-06, 0.000162728931173, 0.000402463861974, -0.000122290133731, -0.000950209680013], [0.00047002240899, -0.000687923515216, 0.00107181514613, -0.00236128317192, 0.00468332273886, -0.00193083425984, 0.00250741327181, -0.0016701266868, 0.000494202773552, -0.00162679923233, 7.51086918171e-05, 0.000241057612584, -0.000196341963601], [-0.000210918486118, 0.00101408245973, -0.0017585249152, 0.0013220035471, -0.00193083425984, 0.00570633308962, -0.00308634946123, 0.00252698082477, -0.00262757507153, 0.00239349040203, -0.0025803046301, 0.00174187717494, -0.000663782062475], [0.000531853700522, -0.000831956218462, 0.000978943891823, -0.00064638024196, 0.00250741327181, -0.00308634946123, 0.00642774114385, -0.00370962941088, 0.0025728426408, -0.00368795660324, 0.00106063950807, -0.000418192823417, 5.73533070565e-05], [-0.000387290725484, 0.000768365745898, -0.00101403694134, 0.00123557494953, -0.0016701266868, 0.00252698082477, -0.00370962941088, 0.00847207941115, -0.00389172742143, 0.00429045688361, -0.004446498584, 0.00170853023883, -0.00265455874614], [0.000403965212172, -0.000104304257547, 0.000537877727766, 7.01844419382e-06, 0.000494202773552, -0.00262757507153, 0.0025728426408, -0.00389172742143, 0.00859771575779, -0.00459547154605, 0.00291635049507, -0.00173370959237, 0.000681591161992], [-0.000466392113594, 0.000664356863126, 0.00042055209633, 0.000162728931173, -0.00162679923233, 0.00239349040203, -0.00368795660324, 0.00429045688361, -0.00459547154605, 0.011072573252, -0.00472365040332, 0.00253469240852, -0.00124639982823], [0.000347175518982, -0.000311549869366, 0.000598361599259, 0.000402463861974, 7.51086918171e-05, -0.0025803046301, 0.00106063950807, -0.004446498584, 0.00291635049507, -0.00472365040332, 0.0106899682432, -0.00390904815868, 0.00290812179446], [-0.000243023023359, 0.000219336274313, -0.000461667048512, -0.000122290133731, 0.000241057612584, 0.00174187717494, -0.000418192823417, 0.00170853023883, -0.00173370959237, 0.00253469240852, -0.00390904815868, 0.00992661993951, -0.00461355037987], [0.000284032343188, -0.000286797090666, -0.000124701415189, -0.000950209680013, -0.000196341963601, -0.000663782062475, 5.73533070565e-05, -0.00265455874614, 0.000681591161992, -0.00124639982823, 0.00290812179446, -0.00461355037987, 0.0119581865147]]
    },
    "spectral_contrast_coeffs": {
        "mean": [-0.587085902691, -0.672276437283, -0.772533416748, -0.784931182861, -0.780973017216, -0.771022617817],
        "stdev": [0.140496060252, 0.142949670553, 0.104026995599, 0.0790905505419, 0.0652508512139, 0.0450051650405]
    },
    "spectral_contrast_valleys": {
        "mean": [-8.36507415771, -7.47596216202, -8.46234321594, -8.44924545288, -8.22075557709, -11.7762269974],
        "stdev": [1.13998806477, 1.35470426083, 1.22811305523, 1.18023777008, 1.19408392906, 1.02067911625]
    }
},
"rhythm": {
    "beats_count": 119,
    "beats_loudness": {
        "mean": 0.02954900451,
        "stdev": 0.0159605089575
    },
    "bpm": 119.997085571,
    "bpm_histogram_first_peak_bpm": 120,
    "bpm_histogram_first_peak_weight": 0.5,
    "bpm_histogram_second_peak_bpm": 115,
    "bpm_histogram_second_peak_spread": 0.444444477558,
    "bpm_histogram_second_peak_weight": 0.0847457647324,
    "danceability": 1.33448505402,
    "onset_rate": 5.44871044159,
    "beats_loudness_band_ratio": {
        "mean": [0.181367889047, 0.279279828072, 0.423375159502, 0.088519833982, 0.075366653502, 0.0313648842275],
        "stdev": [0.187346637249, 0.200574174523, 0.241913899779, 0.112586818635, 0.087960280478, 0.0861518606544]
    },
    "beats_position": [0.371519267559, 0.754648506641, 1.13777780533, 1.52090704441, 1.90403628349, 2.31038546562, 2.70512461662, 3.06503391266, 3.43655323982, 3.78485250473, 4.14476203918, 4.55111122131, 4.95746040344, 5.36380958557, 5.75854873657, 6.17650794983, 6.57124710083, 6.96598625183, 7.33750534058, 7.67419481277, 8.01088428497, 8.35918331146, 8.6958732605, 9.04417228699, 9.38086128235, 9.72916126251, 10.077460289, 10.5766887665, 11.0759181976, 11.5635375977, 12.0395460129, 12.538775444, 13.0496139526, 13.5372333527, 14.0248527527, 14.512471199, 14.9768705368, 15.4528799057, 15.9521083832, 16.4397277832, 16.904127121, 17.4033565521, 17.9490242004, 18.4714736938, 19.0171432495, 19.5395908356, 20.0736503601, 20.6077098846, 21.1998176575, 21.7803173065, 22.3608150482, 22.9413146973, 23.5218143463, 24.102312088, 24.6944217682, 25.2633094788, 25.7973690033, 26.3546485901, 26.8887062073, 27.4227657318, 27.9800453186, 28.4908847809, 28.9901123047, 29.4893417358, 30.0001811981, 30.4994106293, 31.0102481842, 31.5094776154, 32.0087051392, 32.4963264465, 32.9955558777, 33.4947853088, 33.9824028015, 34.4932403564, 35.0156898499, 35.5497512817, 36.0722007751, 36.5946464539, 37.1170959473, 37.6163253784, 38.1271629333, 38.638004303, 39.1488418579, 39.6480712891, 40.1473007202, 40.6465301514, 41.1457595825, 41.6565971375, 42.1674385071, 42.678276062, 43.1658935547, 43.6651229858, 44.164352417, 44.6868019104, 45.2092514038, 45.7317008972, 46.2657585144, 46.7998161316, 47.322265625, 47.8679351807, 48.4252128601, 49.0057144165, 49.6790924072, 50.3524703979, 51.0258483887, 51.6876182556, 52.3493881226, 53.0111541748, 53.6845359802, 54.3811340332, 54.9848518372, 55.5537414551, 56.1110191345, 56.668296814, 57.2371864319, 57.794467926, 58.3749656677, 58.9554634094, 59.5359611511],
    "bpm_histogram": [0, 0, 0, 0, 0, 0, 0, 0, 0, 0, 0, 0, 0, 0, 0, 0, 0, 0, 0, 0, 0, 0, 0, 0, 0, 0, 0, 0, 0, 0, 0, 0, 0, 0, 0, 0, 0, 0, 0, 0, 0, 0, 0, 0, 0, 0, 0, 0, 0, 0, 0, 0, 0, 0, 0, 0, 0, 0, 0, 0, 0, 0, 0, 0, 0, 0, 0, 0, 0, 0, 0, 0, 0, 0, 0, 0, 0, 0, 0, 0, 0, 0, 0, 0, 0, 0, 0.00847457628697, 0, 0, 0.0338983051479, 0, 0.0254237279296, 0, 0, 0, 0, 0, 0, 0, 0.00847457628697, 0, 0.0169491525739, 0, 0.0762711837888, 0, 0.0254237279296, 0, 0, 0.0508474558592, 0, 0.0254237279296, 0, 0.0677966102958, 0, 0, 0.0847457647324, 0, 0.0932203382254, 0, 0, 0.161016955972, 0, 0, 0.0677966102958, 0, 0, 0.0169491525739, 0, 0, 0.0169491525739, 0, 0, 0, 0, 0, 0, 0, 0, 0, 0, 0, 0, 0, 0, 0.00847457628697, 0, 0, 0, 0.0338983051479, 0, 0, 0, 0.0338983051479, 0, 0, 0, 0, 0.0338983051479, 0, 0, 0, 0.0169491525739, 0, 0, 0, 0, 0, 0.0169491525739, 0, 0, 0, 0, 0.0423728823662, 0, 0, 0, 0, 0, 0.0338983051479, 0, 0, 0, 0, 0, 0, 0, 0, 0, 0, 0, 0, 0, 0, 0, 0, 0, 0, 0, 0, 0, 0, 0, 0, 0, 0, 0, 0, 0, 0, 0, 0, 0, 0, 0, 0, 0, 0, 0, 0, 0, 0, 0, 0, 0, 0, 0, 0, 0, 0, 0, 0, 0, 0, 0, 0, 0, 0, 0, 0, 0, 0, 0, 0, 0, 0, 0, 0, 0, 0, 0]
},
"tonal": {
    "chords_changes_rate": 0.182729378343,
    "chords_number_rate": 0.0146491900086,
    "chords_strength": {
        "mean": 0.451554894447,
        "stdev": 0.106144122779
    },
    "hpcp_crest": {
        "mean": 14.8258543015,
        "stdev": 7.80437707901
    },
    "hpcp_entropy": {
        "mean": 1.91056656837,
        "stdev": 0.92615634203
    },
    "key_edma": {
        "strength": 0.43428504467,
        "key": "C",
        "scale": "major"
    },
    "key_krumhansl": {
        "strength": 0.426914453506,
        "key": "C",
        "scale": "major"
    },
    "key_temperley": {
        "strength": 0.406645417213,
        "key": "C",
        "scale": "major"
    },
    "tuning_diatonic_strength": 0.536505460739,
    "tuning_equal_tempered_deviation": 0.201060533524,
    "tuning_frequency": 454.465301514,
    "tuning_nontempered_energy_ratio": 0.901409327984,
    "hpcp": {
        "mean": [0.11311878264, 0.11228273809, 0.116051770747, 0.119176931679, 0.115344971418, 0.109319850802, 0.107179142535, 0.105151318014, 0.10325794667, 0.110078535974, 0.117283053696, 0.112270101905, 0.108448363841, 0.109816670418, 0.103834733367, 0.0950939878821, 0.0950967296958, 0.0982247367501, 0.100619122386, 0.0961545184255, 0.0914840549231, 0.129863023758, 0.142147913575, 0.1168307513, 0.112322390079, 0.111071199179, 0.106974817812, 0.110473208129, 0.116806961596, 0.114627435803, 0.122898630798, 0.135771781206, 0.145111992955, 0.144438326359, 0.128032907844, 0.115368798375],
        "stdev": [0.237567007542, 0.237147957087, 0.238912031054, 0.246970489621, 0.24248149991, 0.228928387165, 0.232166349888, 0.228605672717, 0.216896086931, 0.233362138271, 0.233027234674, 0.225000008941, 0.220973342657, 0.227419033647, 0.218278765678, 0.200522348285, 0.203123837709, 0.207365319133, 0.213723003864, 0.200732991099, 0.197459742427, 0.235564351082, 0.258741647005, 0.230241030455, 0.228525236249, 0.232616990805, 0.219671085477, 0.224266901612, 0.245069876313, 0.233159705997, 0.247825741768, 0.259653449059, 0.261174976826, 0.265518337488, 0.25150424242, 0.236663430929]
    },
    "chords_histogram": [13.2613725662, 10.0231304169, 8.48111057281, 1.85042405128, 0, 0.616807997227, 5.55127239227, 4.78026199341, 4.4718580246, 1.07941401005, 1.00231301785, 0.154201999307, 4.24055528641, 3.16114115715, 2.77563619614, 6.55358505249, 14.2636852264, 1.69622206688, 0.308403998613, 5.08866596222, 1.77332305908, 0.231303006411, 3.08404016495, 5.55127239227],
    "thpcp": [1, 0.995357632637, 0.882304131985, 0.795032858849, 0.779527425766, 0.773766100407, 0.799739360809, 0.821275532246, 0.794868648052, 0.753348171711, 0.738596022129, 0.724621832371, 0.711574196815, 0.758576393127, 0.808224380016, 0.773679018021, 0.747342526913, 0.756771862507, 0.715548932552, 0.655314445496, 0.655333340168, 0.676889181137, 0.693389415741, 0.66262280941, 0.630437612534, 0.894915878773, 0.979573845863, 0.805107474327, 0.774039328098, 0.765417098999, 0.737187981606, 0.761296212673, 0.804943561554, 0.789923906326, 0.846922636032, 0.935634434223],
    "chords_key": "G#",
    "chords_scale": "major"
}
}