{
"metadata": {
    "version": {
        "essentia": "2.1-dev",
        "essentia_git_sha": "v2.1_beta3-415-gd5473f3",
        "extractor": "music 2.0"
    },
    "audio_properties": {
        "analysis": {
            "equal_loudness": 0,
            "length": 60.2122459412,
            "sample_rate": 44100,
            "start_time": 0,
            "downmix": "mix"
        },
        "bit_rate": 192000,
        "length": 60.2122459412,
        "lossless": 0,
        "number_channels": 2,
        "replay_gain": -7.34207344055,
        "sample_rate": 44100,
        "codec": "mp3",
        "md5_encoded": "67b3da3f1ec9cc77b0cad9dc9b307637"
    },
    "tags": {
        "file_name": "tertulia_02.mp3",
        "date": ["2004"],
        "engineer": ["rosamerica tamyo"],
        "genre": ["Blues"]
    }
},
"lowlevel": {
    "average_loudness": 0.962221443653,
    "barkbands_crest": {
        "mean": 11.0223073959,
        "stdev": 4.30075216293
    },
    "barkbands_flatness_db": {
        "mean": 0.243182227015,
        "stdev": 0.0711985453963
    },
    "barkbands_kurtosis": {
        "mean": 9.79590511322,
        "stdev": 26.2716274261
    },
    "barkbands_skewness": {
        "mean": 1.78718686104,
        "stdev": 1.92130613327
    },
    "barkbands_spread": {
        "mean": 15.5446605682,
        "stdev": 15.5464935303
    },
    "dissonance": {
        "mean": 0.424817532301,
        "stdev": 0.063946813345
    },
    "dynamic_complexity": 4.92255592346,
    "erbbands_crest": {
        "mean": 11.29063797,
        "stdev": 4.75563669205
    },
    "erbbands_flatness_db": {
        "mean": 0.254790276289,
        "stdev": 0.0562008395791
    },
    "erbbands_kurtosis": {
        "mean": 2.36900424957,
        "stdev": 5.4524974823
    },
    "erbbands_skewness": {
        "mean": 0.647415757179,
        "stdev": 1.34644186497
    },
    "erbbands_spread": {
        "mean": 31.1357154846,
        "stdev": 19.3806247711
    },
    "hfc": {
        "mean": 11.6331577301,
        "stdev": 12.7444639206
    },
    "loudness_ebu128": {
        "integrated": -17.9465656281,
        "loudness_range": 2.44039916992,
        "momentary": {
            "mean": -19.1777057648,
            "stdev": 4.17745923996
        },
        "short_term": {
            "mean": -18.2306652069,
            "stdev": 0.914975702763
        }
    },
    "melbands_crest": {
        "mean": 14.5194482803,
        "stdev": 6.30416250229
    },
    "melbands_flatness_db": {
        "mean": 0.28075915575,
        "stdev": 0.0968668684363
    },
    "melbands_kurtosis": {
        "mean": 20.7208690643,
        "stdev": 69.307975769
    },
    "melbands_skewness": {
        "mean": 2.65992379189,
        "stdev": 2.39247870445
    },
    "melbands_spread": {
        "mean": 21.58776474,
        "stdev": 30.3569602966
    },
    "pitch_salience": {
        "mean": 0.644429385662,
        "stdev": 0.14632922411
    },
    "silence_rate_20dB": {
        "mean": 1,
        "stdev": 0
    },
    "silence_rate_30dB": {
        "mean": 0.99884390831,
        "stdev": 0.0339821241796
    },
    "silence_rate_60dB": {
        "mean": 0.2277456671,
        "stdev": 0.419379889965
    },
    "spectral_centroid": {
        "mean": 1221.83398438,
        "stdev": 1029.24804688
    },
    "spectral_complexity": {
        "mean": 9.81926822662,
        "stdev": 7.81198072433
    },
    "spectral_decrease": {
        "mean": -5.01621455484e-09,
        "stdev": 4.77217065864e-09
    },
    "spectral_energy": {
        "mean": 0.0199874974787,
        "stdev": 0.0190073214471
    },
    "spectral_energyband_high": {
        "mean": 0.000178546280949,
        "stdev": 0.000463842327008
    },
    "spectral_energyband_low": {
        "mean": 0.00326289283112,
        "stdev": 0.00592831149697
    },
    "spectral_energyband_middle_high": {
        "mean": 0.00260280352086,
        "stdev": 0.00478299940005
    },
    "spectral_energyband_middle_low": {
        "mean": 0.0144914248958,
        "stdev": 0.0147303706035
    },
    "spectral_entropy": {
        "mean": 6.96980381012,
        "stdev": 0.690378129482
    },
    "spectral_flux": {
        "mean": 0.074724368751,
        "stdev": 0.0530895516276
    },
    "spectral_kurtosis": {
        "mean": 8.27537441254,
        "stdev": 8.89853000641
    },
    "spectral_rms": {
        "mean": 0.00376616534777,
        "stdev": 0.00230565224774
    },
    "spectral_rolloff": {
        "mean": 1264.09313965,
        "stdev": 1654.99597168
    },
    "spectral_skewness": {
        "mean": 1.61923325062,
        "stdev": 1.04570269585
    },
    "spectral_spread": {
        "mean": 2880351.75,
        "stdev": 1403918.75
    },
    "spectral_strongpeak": {
        "mean": 0.993305444717,
        "stdev": 1.00385081768
    },
    "zerocrossingrate": {
        "mean": 0.0468766950071,
        "stdev": 0.0445974059403
    },
    "barkbands": {
        "mean": [7.77077875682e-05, 0.000655860698316, 0.00205479189754, 0.000883826054633, 0.00346611952409, 0.00283783278428, 0.00340170017444, 0.00244971457869, 0.00130131351762, 0.000464171287604, 0.000223323833779, 0.000306345609715, 0.000328941066982, 0.00018292767345, 0.000209339457797, 0.000254672690062, 0.000297167076496, 0.000145873782458, 0.000170363549842, 0.000175081688212, 6.16102915956e-05, 2.22013477469e-05, 1.08761096271e-05, 4.97484325024e-06, 7.51852724079e-07, 3.65027053029e-09, 7.08597958088e-10],
        "stdev": [0.000505359494127, 0.00433438830078, 0.00275793625042, 0.00204689754173, 0.00458257365972, 0.00464791385457, 0.00641119200736, 0.00520641030744, 0.00403045490384, 0.00197789701633, 0.000782271497883, 0.00115049583837, 0.00111184990965, 0.000692646659445, 0.000695989874657, 0.000661410565954, 0.000593014643528, 0.000377333170036, 0.000433485227404, 0.000360531179467, 0.000200703245355, 0.000114460803161, 6.1038583226e-05, 2.01476705115e-05, 2.58774298345e-06, 2.91161832422e-08, 2.76501288532e-09]
    },
    "erbbands": {
        "mean": [0.0190689377487, 0.178035676479, 1.82706618309, 3.11186075211, 5.33913087845, 14.2023239136, 15.3322076797, 27.0580615997, 45.1475028992, 57.1976470947, 45.8812942505, 31.4121265411, 17.5227909088, 11.8129587173, 9.95669460297, 13.2135944366, 15.5503473282, 10.7986946106, 8.96576309204, 12.4135799408, 15.5093402863, 16.67146492, 9.3746213913, 7.32863235474, 9.52290534973, 7.85492324829, 4.18448495865, 1.54192554951, 0.816753864288, 0.597935795784, 0.263872861862, 0.12468046695, 0.0686950534582, 0.0164765417576, 0.00203943345696, 0.000121419034258, 1.48847311721e-05, 3.41753866451e-06, 1.03969541669e-05, 2.30382684094e-05],
        "stdev": [0.210393428802, 0.698451936245, 2.4261944294, 4.70191240311, 9.41178798676, 21.4057312012, 31.5198040009, 44.469543457, 91.6802215576, 113.353652954, 100.087585449, 98.0093078613, 58.4944343567, 48.2180900574, 32.3592185974, 48.6972846985, 52.655834198, 38.0225296021, 28.7561740875, 34.8586120605, 38.1009368896, 33.0143547058, 22.4200439453, 20.5811977386, 20.9201316833, 15.8014059067, 12.3448181152, 6.08465433121, 3.89803504944, 3.49270153046, 1.36564409733, 0.50526624918, 0.283095777035, 0.0590443089604, 0.00748423486948, 0.000462314346805, 5.240579776e-05, 1.11525059765e-05, 9.62749072642e-06, 2.17779343075e-05]
    },
    "gfcc": {
        "mean": [-134.910736084, 152.853515625, -142.241271973, 51.4733276367, -63.2421226501, -20.3955802917, -37.3219528198, -8.22838306427, -7.69448232651, -15.1283311844, 5.76933574677, -24.1607513428, 3.22805643082],
        "cov": [[10784.6728516, 1822.53393555, -1264.54528809, -1094.75231934, -113.439491272, -1626.921875, -246.689071655, -86.5857009888, -138.16229248, -186.893814087, -88.7298812866, -683.03338623, -246.414733887], [1822.53393555, 2450.92944336, 391.796539307, -1171.98376465, 311.867095947, -746.288513184, 53.0478858948, -176.087127686, -103.118217468, -318.09375, 49.9274597168, -199.61706543, -99.6318740845], [-1264.54528809, 391.796539307, 973.443359375, 233.517272949, 110.925559998, 16.9973068237, -28.6851711273, -115.989723206, -35.8743057251, -117.918800354, 12.9964733124, 113.901939392, 38.2683944702], [-1094.75231934, -1171.98376465, 233.517272949, 1279.55517578, 98.3843994141, 295.576141357, -234.340179443, 41.8241195679, 114.173538208, 146.754577637, 9.89929771423, 133.04548645, 108.143707275], [-113.439491272, 311.867095947, 110.925559998, 98.3843994141, 403.882324219, -47.9631309509, -101.868202209, 7.64634561539, 52.1830558777, -19.5578842163, 42.0887184143, -22.2526054382, 0.646826803684], [-1626.921875, -746.288513184, 16.9973068237, 295.576141357, -47.9631309509, 882.620300293, 280.621154785, 78.4384460449, 24.767534256, 119.279205322, 15.3343582153, 150.975509644, -19.0401687622], [-246.689071655, 53.0478858948, -28.6851711273, -234.340179443, -101.868202209, 280.621154785, 415.302825928, 79.7960586548, -68.4015960693, -7.19085645676, 25.2070026398, 34.5889091492, -58.6438293457], [-86.5857009888, -176.087127686, -115.989723206, 41.8241195679, 7.64634561539, 78.4384460449, 79.7960586548, 186.559661865, 35.0152893066, 23.0349330902, 22.9942512512, 17.7160987854, -2.57470393181], [-138.16229248, -103.118217468, -35.8743057251, 114.173538208, 52.1830558777, 24.767534256, -68.4015960693, 35.0152893066, 147.663269043, 65.8170166016, -24.347864151, 5.15470933914, 25.9973526001], [-186.893814087, -318.09375, -117.918800354, 146.754577637, -19.5578842163, 119.279205322, -7.19085645676, 23.0349330902, 65.8170166016, 188.27482605, 13.236287117, -21.2746524811, 26.3830986023], [-88.7298812866, 49.9274597168, 12.9964733124, 9.89929771423, 42.0887184143, 15.3343582153, 25.2070026398, 22.9942512512, -24.347864151, 13.236287117, 120.680549622, 32.2684211731, -24.7090187073], [-683.03338623, -199.61706543, 113.901939392, 133.04548645, -22.2526054382, 150.975509644, 34.5889091492, 17.7160987854, 5.15470933914, -21.2746524811, 32.2684211731, 155.449310303, 25.2285614014], [-246.414733887, -99.6318740845, 38.2683944702, 108.143707275, 0.646826803684, -19.0401687622, -58.6438293457, -2.57470393181, 25.9973526001, 26.3830986023, -24.7090187073, 25.2285614014, 106.165130615]],
        "icov": [[0.000231349331443, -0.000326953537297, 0.000424927013228, -0.000331157119945, 0.000276108679827, 0.000227139229537, -6.48756667943e-06, -4.72663341498e-05, 0.00018128544616, -9.78967273113e-06, 0.000214882398723, 0.000279204541584, 0.000390327215428], [-0.000326953537297, 0.00318498001434, -0.00189055409282, 0.0025453066919, -0.00217786361463, 0.000874612363987, -0.00117245293222, 0.00154100987129, -0.00196792022325, 0.00208351947367, -0.00229741772637, 0.00179290550295, -0.00111795123667], [0.000424927013228, -0.00189055409282, 0.00291285593994, -0.0019963409286, 0.000923802086618, -1.3863616914e-05, 4.78380661662e-06, 0.000417684554122, 0.00106228888035, -9.50072444539e-06, 0.00120282440912, -0.0012602021452, 0.000521944486536], [-0.000331157119945, 0.0025453066919, -0.0019963409286, 0.0035404805094, -0.00187298376113, -2.48533924605e-05, 0.000496922468301, 0.000387158594094, -0.0012457028497, 0.000542183697689, -0.00160565471742, 0.000507085758727, -0.00129988440312], [0.000276108679827, -0.00217786361463, 0.000923802086618, -0.00187298376113, 0.0049551371485, -0.000997553230263, 0.00152813550085, -0.00129206001293, -0.000537121028174, 0.000299848325085, -0.000842203909997, 0.00099689734634, 0.000399702228606], [0.000227139229537, 0.000874612363987, -1.3863616914e-05, -2.48533924605e-05, -0.000997553230263, 0.00333543308079, -0.00246364437044, 0.000858178827912, -0.000361186102964, -0.000980814220384, 0.000764584110584, -0.00129735504743, 0.00146094849333], [-6.48756667943e-06, -0.00117245293222, 4.78380661662e-06, 0.000496922468301, 0.00152813550085, -0.00246364437044, 0.00615968042985, -0.0032265917398, 0.00283023761585, -0.00137018959504, 0.000813504098915, -0.00102020381019, 0.00132905202918], [-4.72663341498e-05, 0.00154100987129, 0.000417684554122, 0.000387158594094, -0.00129206001293, 0.000858178827912, -0.0032265917398, 0.00869285129011, -0.00384141504765, 0.00251411180943, -0.0030077600386, 0.00114522571675, -0.00127446267288], [0.00018128544616, -0.00196792022325, 0.00106228888035, -0.0012457028497, -0.000537121028174, -0.000361186102964, 0.00283023761585, -0.00384141504765, 0.0129877030849, -0.00644540740177, 0.00611694157124, -0.00422197394073, 0.00171698920894], [-9.78967273113e-06, 0.00208351947367, -9.50072444539e-06, 0.000542183697689, 0.000299848325085, -0.000980814220384, -0.00137018959504, 0.00251411180943, -0.00644540740177, 0.0128346038982, -0.00662359874696, 0.00724269961938, -0.00436381530017], [0.000214882398723, -0.00229741772637, 0.00120282440912, -0.00160565471742, -0.000842203909997, 0.000764584110584, 0.000813504098915, -0.0030077600386, 0.00611694157124, -0.00662359874696, 0.0150334080681, -0.00732931960374, 0.00545213511214], [0.000279204541584, 0.00179290550295, -0.0012602021452, 0.000507085758727, 0.00099689734634, -0.00129735504743, -0.00102020381019, 0.00114522571675, -0.00422197394073, 0.00724269961938, -0.00732931960374, 0.0153542421758, -0.00462674256414], [0.000390327215428, -0.00111795123667, 0.000521944486536, -0.00129988440312, 0.000399702228606, 0.00146094849333, 0.00132905202918, -0.00127446267288, 0.00171698920894, -0.00436381530017, 0.00545213511214, -0.00462674256414, 0.0144073050469]]
    },
    "melbands": {
        "mean": [0.000168731145095, 0.000716336246114, 0.000577628845349, 0.000709476764314, 0.000585716101341, 0.000609525712207, 0.000690573418979, 0.000619570433628, 0.000347534572938, 0.000182616888196, 8.41417640913e-05, 4.92870167363e-05, 3.14158241963e-05, 3.2289448427e-05, 3.85583407478e-05, 3.00445244648e-05, 1.8625467419e-05, 1.31584847622e-05, 1.67095477082e-05, 1.66798417922e-05, 1.84097352758e-05, 1.86436882359e-05, 1.11585495688e-05, 6.2522076405e-06, 5.75549665882e-06, 6.71046427669e-06, 7.08329343979e-06, 4.77735738968e-06, 3.15424495057e-06, 1.34449294364e-06, 6.97748362199e-07, 4.33676774492e-07, 4.43305424369e-07, 2.92086411946e-07, 1.71746719957e-07, 8.24026926693e-08, 7.2165001086e-08, 5.59936559341e-08, 2.58464609715e-08, 9.46605904772e-09],
        "stdev": [0.00147271552123, 0.00101272645406, 0.000838385312818, 0.00094151601661, 0.00104204309173, 0.000970075256191, 0.0013233263744, 0.00121979799587, 0.000799605390057, 0.00059827871155, 0.000297775055515, 0.000222025977564, 0.000108919201011, 0.000110709530418, 0.000143069657497, 0.00010346093768, 7.0696885814e-05, 4.64892691525e-05, 5.77028004045e-05, 4.42771088274e-05, 4.61869931314e-05, 3.82934922527e-05, 2.53757716564e-05, 1.72130057763e-05, 1.78362006409e-05, 1.77494403033e-05, 1.5382976926e-05, 1.0812877008e-05, 1.0283046322e-05, 5.08472885485e-06, 3.09035203827e-06, 2.05505830309e-06, 2.7155006137e-06, 1.79512801424e-06, 9.3378469046e-07, 3.64972777334e-07, 2.93526596806e-07, 2.40265052298e-07, 1.0361660685e-07, 3.18680477562e-08]
    },
    "melbands128": {
        "mean": [5.17413209309e-05, 0.000161244766787, 0.000170451225131, 0.000269970740192, 0.000784931646194, 0.00104309222661, 0.00064929225482, 0.000408045918448, 0.000469110324048, 0.000703576195519, 0.000882679596543, 0.000705234124325, 0.000469718826935, 0.000474482425489, 0.000575258571189, 0.000691354915034, 0.000771248072851, 0.000680068624206, 0.000587845745031, 0.00069724622881, 0.000638104393147, 0.0004409585963, 0.000308807182591, 0.000258274289081, 0.00021918467246, 0.000151922737132, 9.90030166577e-05, 7.49510290916e-05, 7.36721121939e-05, 6.20823630015e-05, 3.73153343389e-05, 3.06351212203e-05, 3.04379991576e-05, 3.33977041009e-05, 2.99182793242e-05, 3.17572958011e-05, 3.53358482243e-05, 4.10855791415e-05, 3.89221240766e-05, 3.56170494342e-05, 2.84301604552e-05, 2.19161192945e-05, 2.1445332095e-05, 1.47298742377e-05, 1.29282789203e-05, 1.19450405691e-05, 1.43999577631e-05, 1.70008424902e-05, 1.83161046152e-05, 1.57485919772e-05, 1.59748851729e-05, 1.75927871169e-05, 1.89206639334e-05, 1.77018609975e-05, 1.98664165509e-05, 2.03775070986e-05, 1.6593188775e-05, 1.18511061373e-05, 9.68873973761e-06, 8.61802163854e-06, 5.84128974879e-06, 4.73304407933e-06, 4.97741939398e-06, 6.28638372291e-06, 6.70040753903e-06, 6.36313961877e-06, 6.91427294441e-06, 7.5831067079e-06, 7.44296721678e-06, 6.06917819823e-06, 4.55468671134e-06, 4.27292252425e-06, 4.22997572969e-06, 3.00102988149e-06, 1.88772946785e-06, 1.35080381369e-06, 1.16978412734e-06, 9.04420176084e-07, 6.32333183148e-07, 4.92063691127e-07, 4.15368702988e-07, 4.14096888335e-07, 4.57317923974e-07, 5.04784679833e-07, 3.79518382942e-07, 2.82873827473e-07, 2.90897560262e-07, 2.40994182832e-07, 1.80280650852e-07, 1.08007199628e-07, 8.14557523654e-08, 7.80778677267e-08, 7.78463871143e-08, 7.01354849753e-08, 7.07378831066e-08, 6.92058108598e-08, 5.26205283791e-08, 3.78429696468e-08, 2.84556360697e-08, 1.84476895981e-08, 1.26755281826e-08, 8.21090662129e-09, 5.25244336913e-09, 3.00877855963e-09, 1.37258804322e-09, 6.60997256929e-10, 2.86138501782e-10, 9.36264329954e-11, 4.56065116228e-11, 2.03794741499e-11, 9.65716482476e-12, 7.69852324251e-12, 5.8416257942e-12, 6.26556662456e-12, 5.74183148944e-12, 5.73587011221e-12, 5.01863394592e-12, 3.56970963206e-12, 2.96294499352e-12, 2.89524871092e-12, 2.83199288673e-12, 2.77915863066e-12, 2.72297115411e-12, 2.67253927322e-12, 2.64072119206e-12, 2.61554775234e-12, 2.59722647035e-12, 2.58077738867e-12],
        "stdev": [0.000466876022983, 0.00200341804884, 0.00186029751785, 0.00100189179648, 0.00118475896306, 0.00145878654439, 0.00110609072726, 0.00115760439076, 0.00118105544243, 0.00134643819183, 0.00164445617702, 0.00162935780827, 0.00135209504515, 0.00144371949136, 0.0012206712272, 0.00152876018547, 0.00193978042807, 0.00194616173394, 0.00150349165779, 0.0018644266529, 0.00176925770938, 0.00123999407515, 0.00106553023215, 0.00101066660136, 0.000893798482139, 0.000804112874903, 0.000460304960143, 0.000342824467225, 0.000438492686953, 0.000438541203039, 0.00016186843277, 0.000127772582346, 0.000151154235937, 0.000146888603922, 0.000117153853353, 0.000136405855301, 0.000191376224393, 0.000205289572477, 0.000163725562743, 0.000153855187818, 0.000124402547954, 8.9201668743e-05, 0.000107936983113, 7.50634135329e-05, 6.1047008785e-05, 5.37449486728e-05, 6.66178602842e-05, 8.85832996573e-05, 7.83715076977e-05, 5.97498510615e-05, 5.01741997141e-05, 6.08517875662e-05, 6.83924881741e-05, 4.99909692735e-05, 4.97233559145e-05, 4.88045079692e-05, 3.98932425014e-05, 3.17429658026e-05, 2.79221949313e-05, 2.95742429444e-05, 1.7809908968e-05, 1.71862375282e-05, 1.74373180926e-05, 2.21412792598e-05, 2.43878748734e-05, 1.96630935534e-05, 2.09534009628e-05, 1.83726770047e-05, 1.90184255189e-05, 1.44816649481e-05, 1.00839515653e-05, 1.42940289152e-05, 1.54788740474e-05, 1.08948097477e-05, 6.7727410169e-06, 5.23003200215e-06, 5.50940330868e-06, 4.57486521555e-06, 2.9211716992e-06, 2.66805363935e-06, 1.97159238269e-06, 2.10876055462e-06, 2.53747111856e-06, 3.74386513613e-06, 2.31091871683e-06, 1.6396064666e-06, 2.34820231526e-06, 1.33620551424e-06, 1.05425499441e-06, 5.91851119225e-07, 4.04230547701e-07, 3.43405105241e-07, 3.59025165153e-07, 2.91837125133e-07, 2.90999082608e-07, 3.39651904824e-07, 2.27867076319e-07, 1.61176430424e-07, 1.25944197293e-07, 7.09636367446e-08, 4.61823397302e-08, 2.77606471144e-08, 1.91823641416e-08, 1.1532584665e-08, 6.70404087799e-09, 3.49985218584e-09, 1.62613955634e-09, 5.38683320173e-10, 3.96864596741e-10, 2.8063035229e-10, 2.17382847834e-10, 1.96648614059e-10, 1.11440585926e-10, 1.38786010462e-10, 1.18138873684e-10, 1.22739429731e-10, 8.84840187232e-11, 2.58306692008e-11, 5.27175135143e-12, 5.13600403526e-12, 5.01281091289e-12, 4.90305062176e-12, 4.80663512464e-12, 4.72331332033e-12, 4.65492097992e-12, 4.59950914161e-12, 4.56031263099e-12, 4.5368023574e-12]
    },
    "mfcc": {
        "mean": [-759.012023926, 155.80619812, -11.2237577438, 47.1710662842, 0.474834054708, -12.341835022, -9.93379878998, -11.3109693527, -8.10080242157, -0.682954251766, -8.43229103088, 6.01749181747, 0.62685751915],
        "cov": [[9168.95605469, 1701.88244629, -1600.16601562, 130.3959198, -589.446533203, -1066.42443848, -445.22253418, -539.924133301, -335.746612549, 243.889144897, -283.064453125, 7.70759820938, -92.1183776855], [1701.88244629, 3624.91259766, -221.017776489, -423.257843018, -180.476455688, -709.88494873, 2.18231606483, -183.176773071, -208.842575073, -189.967697144, -165.509857178, -42.3471755981, -32.5633735657], [-1600.16601562, -221.017776489, 909.720336914, 203.539642334, 104.226074219, 278.044586182, 67.2591247559, 125.339065552, 37.6903533936, -156.674362183, -17.5370960236, -15.8797025681, 39.3541564941], [130.3959198, -423.257843018, 203.539642334, 765.717590332, 384.672119141, -60.8114509583, -175.058364868, -108.032936096, -32.3732376099, -12.3091716766, -117.075904846, 4.46402454376, 55.6646461487], [-589.446533203, -180.476455688, 104.226074219, 384.672119141, 620.888061523, 87.965965271, -124.439575195, -35.9999885559, 1.75054037571, 3.92839932442, -12.8323898315, -2.37813878059, 33.1230659485], [-1066.42443848, -709.88494873, 278.044586182, -60.8114509583, 87.965965271, 567.101989746, 154.757980347, 143.503646851, 112.002700806, 34.4924812317, 152.256134033, 1.4163839817, 12.9925003052], [-445.22253418, 2.18231606483, 67.2591247559, -175.058364868, -124.439575195, 154.757980347, 348.16418457, 178.268707275, 0.944821417332, 29.8474445343, 112.13596344, 2.57580018044, 8.39988708496], [-539.924133301, -183.176773071, 125.339065552, -108.032936096, -35.9999885559, 143.503646851, 178.268707275, 328.165557861, 44.5896072388, -36.0016021729, 123.456207275, -4.60581207275, -3.51343202591], [-335.746612549, -208.842575073, 37.6903533936, -32.3732376099, 1.75054037571, 112.002700806, 0.944821417332, 44.5896072388, 189.256469727, 64.6009674072, 20.8104476929, 1.93913555145, 15.0349712372], [243.889144897, -189.967697144, -156.674362183, -12.3091716766, 3.92839932442, 34.4924812317, 29.8474445343, -36.0016021729, 64.6009674072, 206.181335449, 59.484249115, -3.79967975616, 26.2138977051], [-283.064453125, -165.509857178, -17.5370960236, -117.075904846, -12.8323898315, 152.256134033, 112.13596344, 123.456207275, 20.8104476929, 59.484249115, 202.499206543, 20.8644504547, -9.37781524658], [7.70759820938, -42.3471755981, -15.8797025681, 4.46402454376, -2.37813878059, 1.4163839817, 2.57580018044, -4.60581207275, 1.93913555145, -3.79967975616, 20.8644504547, 105.495552063, 22.567609787], [-92.1183776855, -32.5633735657, 39.3541564941, 55.6646461487, 33.1230659485, 12.9925003052, 8.39988708496, -3.51343202591, 15.0349712372, 26.2138977051, -9.37781524658, 22.567609787, 128.620666504]],
        "icov": [[0.000275505182799, -0.000169274309883, 0.000448928243713, -0.000427488586865, 0.000497665372677, -0.000219853129238, 0.000394776085159, -0.000230123157962, 0.000438163871877, -0.000472655636258, 0.000269959215075, -0.000118413881864, 0.000149662650074], [-0.000169274309883, 0.000623902538791, -0.000426650629379, 0.000772751984186, -0.000626341556199, 0.0010006215889, -0.000686775601935, 0.000623277446721, -0.000341052829754, 0.000797536049504, -0.000354764779331, 0.000341717008268, -0.000253570440691], [0.000448928243713, -0.000426650629379, 0.00273741898127, -0.00156665814575, 0.00111044861842, -0.00161245616619, 0.000406258797739, -0.0006789531908, 0.000253100675764, 0.000878019433003, 0.000760680763051, 0.000223493058002, -0.000306493922835], [-0.000427488586865, 0.000772751984186, -0.00156665814575, 0.00367432041094, -0.00241976440884, 0.00154922273941, -0.000458554655779, 0.000701213662978, -8.73043027241e-05, 0.000209918114706, 0.000446909980383, -1.21507619042e-05, -0.000703456695192], [0.000497665372677, -0.000626341556199, 0.00111044861842, -0.00241976440884, 0.0037644484546, -0.00169038027525, 0.0018034116365, -0.000901656108908, 0.00106644327752, -0.00106702093035, 0.000159866802278, -0.000102265148598, 8.6631756858e-05], [-0.000219853129238, 0.0010006215889, -0.00161245616619, 0.00154922273941, -0.00169038027525, 0.00508169550449, -0.00206062640063, 0.00148910272401, -0.00216189492494, 0.00129928812385, -0.00268632103689, 0.000807647360489, -0.000333658012096], [0.000394776085159, -0.000686775601935, 0.000406258797739, -0.000458554655779, 0.0018034116365, -0.00206062640063, 0.00643325503916, -0.00338891218416, 0.00274831987917, -0.00306913536042, 0.000616014294792, -0.000719937204849, -0.000110481691081], [-0.000230123157962, 0.000623277446721, -0.0006789531908, 0.000701213662978, -0.000901656108908, 0.00148910272401, -0.00338891218416, 0.00700539676473, -0.00286606489681, 0.00406461954117, -0.00413813721389, 0.0016490961425, -0.000692726753186], [0.000438163871877, -0.000341052829754, 0.000253100675764, -8.73043027241e-05, 0.00106644327752, -0.00216189492494, 0.00274831987917, -0.00286606489681, 0.00888985767961, -0.00487354537472, 0.00288006942719, -0.00122906826437, 0.000253515434451], [-0.000472655636258, 0.000797536049504, 0.000878019433003, 0.000209918114706, -0.00106702093035, 0.00129928812385, -0.00306913536042, 0.00406461954117, -0.00487354537472, 0.011057080701, -0.00477380026132, 0.0026642747689, -0.00254045566544], [0.000269959215075, -0.000354764779331, 0.000760680763051, 0.000446909980383, 0.000159866802278, -0.00268632103689, 0.000616014294792, -0.00413813721389, 0.00288006942719, -0.00477380026132, 0.011057198979, -0.00300302449614, 0.00172365515027], [-0.000118413881864, 0.000341717008268, 0.000223493058002, -1.21507619042e-05, -0.000102265148598, 0.000807647360489, -0.000719937204849, 0.0016490961425, -0.00122906826437, 0.0026642747689, -0.00300302449614, 0.0109982900321, -0.00257262890227], [0.000149662650074, -0.000253570440691, -0.000306493922835, -0.000703456695192, 8.6631756858e-05, -0.000333658012096, -0.000110481691081, -0.000692726753186, 0.000253515434451, -0.00254045566544, 0.00172365515027, -0.00257262890227, 0.00928089302033]]
    },
    "spectral_contrast_coeffs": {
        "mean": [-0.615410685539, -0.693339824677, -0.799524068832, -0.799334764481, -0.787058293819, -0.76863515377],
        "stdev": [0.14480432868, 0.132048994303, 0.0890182778239, 0.07426469028, 0.0657880976796, 0.0455217845738]
    },
    "spectral_contrast_valleys": {
        "mean": [-8.07948684692, -7.48633718491, -8.58184909821, -8.61215209961, -8.38518047333, -12.0451774597],
        "stdev": [1.17960178852, 1.39696323872, 1.28277349472, 1.18191623688, 1.1753166914, 0.948165178299]
    }
},
"rhythm": {
    "beats_count": 124,
    "beats_loudness": {
        "mean": 0.0303902234882,
        "stdev": 0.0199711229652
    },
    "bpm": 109.778701782,
    "bpm_histogram_first_peak_bpm": 108,
    "bpm_histogram_first_peak_weight": 0.606060564518,
    "bpm_histogram_second_peak_bpm": 144,
    "bpm_histogram_second_peak_spread": 0.388888895512,
    "bpm_histogram_second_peak_weight": 0.0894308909774,
    "danceability": 1.41072595119,
    "onset_rate": 5.06370592117,
    "beats_loudness_band_ratio": {
        "mean": [0.271022558212, 0.32612913847, 0.299192786217, 0.0681385695934, 0.0561140850186, 0.0430684126914],
        "stdev": [0.221856161952, 0.225271463394, 0.235566213727, 0.124981656671, 0.0611357688904, 0.116118751466]
    },
    "beats_position": [0.487619042397, 1.01006805897, 1.55573689938, 2.07818579674, 2.62385487556, 3.16952371597, 3.7151927948, 4.27247142792, 4.73687076569, 5.22448968887, 5.6888885498, 6.15328788757, 6.6176867485, 7.0936961174, 7.51165533066, 7.91800451279, 8.33596324921, 8.76553249359, 9.18349170685, 9.6014509201, 10.0310201645, 10.4489793777, 10.8553285599, 11.2732877731, 11.6796369553, 12.0975961685, 12.5155553818, 12.9567346573, 13.4327430725, 13.9087524414, 14.3963718414, 14.8839902878, 15.3599996567, 15.8360090256, 16.3120174408, 16.7996368408, 17.2872562408, 17.8445339203, 18.390203476, 18.9242630005, 19.458322525, 19.9923801422, 20.549659729, 21.1069393158, 21.6642169952, 22.2098865509, 22.7323360443, 23.2663936615, 23.7888431549, 24.2996826172, 24.8105201721, 25.3329696655, 25.8554191589, 26.3894786835, 26.9351463318, 27.4808158875, 28.0380954742, 28.6766433716, 29.3035831451, 29.9073009491, 30.5574588776, 31.1960086823, 31.8809967041, 32.5543746948, 33.2277526855, 33.8779144287, 34.5164604187, 35.1666221619, 35.7006797791, 36.2579574585, 36.8152389526, 37.3376846313, 37.8717460632, 38.3941955566, 38.9398651123, 39.4971427917, 40.0544204712, 40.5768699646, 41.1109275818, 41.6682090759, 42.2138786316, 42.7479362488, 43.281993866, 43.8392753601, 44.3965530396, 44.8841705322, 45.3950119019, 45.894241333, 46.2773704529, 46.625667572, 46.9739685059, 47.322265625, 47.6705665588, 48.018863678, 48.3671646118, 48.7502937317, 49.1218147278, 49.5049438477, 49.8648529053, 50.2015419006, 50.5614509583, 50.9213600159, 51.2928771973, 51.6760063171, 52.0359191895, 52.4074363708, 52.7673454285, 53.1272544861, 53.4871635437, 53.8470726013, 54.2185935974, 54.5901107788, 54.9616317749, 55.3447608948, 55.7278900146, 56.0994110107, 56.5405883789, 56.9817695618, 57.3997268677, 57.8292961121, 58.2588653564, 58.7000427246, 59.1180038452, 59.5359611511],
    "bpm_histogram": [0, 0, 0, 0, 0, 0, 0, 0, 0, 0, 0, 0, 0, 0, 0, 0, 0, 0, 0, 0, 0, 0, 0, 0, 0, 0, 0, 0, 0, 0, 0, 0, 0, 0, 0, 0, 0, 0, 0, 0, 0, 0, 0, 0, 0, 0, 0, 0, 0, 0, 0, 0, 0, 0, 0, 0, 0, 0, 0, 0, 0, 0, 0, 0, 0, 0, 0, 0, 0, 0, 0, 0, 0, 0, 0, 0, 0, 0, 0, 0, 0, 0, 0, 0, 0, 0, 0, 0, 0.00813008099794, 0.0162601619959, 0, 0, 0.0243902429938, 0, 0.0243902429938, 0, 0.00813008099794, 0, 0, 0.00813008099794, 0, 0, 0, 0, 0, 0, 0, 0, 0.105691060424, 0, 0.0813008099794, 0, 0.0813008099794, 0, 0, 0.0731707289815, 0, 0.0243902429938, 0, 0, 0.00813008099794, 0, 0, 0.0487804859877, 0, 0, 0.0487804859877, 0, 0, 0.0325203239918, 0, 0, 0, 0, 0, 0, 0.0325203239918, 0, 0, 0, 0.0325203239918, 0, 0, 0, 0.0894308909774, 0, 0, 0, 0.0243902429938, 0, 0, 0, 0, 0, 0, 0, 0, 0.0487804859877, 0, 0, 0, 0.0569105707109, 0, 0, 0, 0, 0, 0.0650406479836, 0, 0, 0, 0, 0.0487804859877, 0, 0, 0, 0, 0, 0.00813008099794, 0, 0, 0, 0, 0, 0, 0, 0, 0, 0, 0, 0, 0, 0, 0, 0, 0, 0, 0, 0, 0, 0, 0, 0, 0, 0, 0, 0, 0, 0, 0, 0, 0, 0, 0, 0, 0, 0, 0, 0, 0, 0, 0, 0, 0, 0, 0, 0, 0, 0, 0, 0, 0, 0, 0, 0, 0, 0, 0, 0, 0, 0, 0, 0, 0, 0, 0, 0, 0, 0, 0]
},
"tonal": {
    "chords_changes_rate": 0.18489985168,
    "chords_number_rate": 0.0146379042417,
    "chords_strength": {
        "mean": 0.466137349606,
        "stdev": 0.0890017077327
    },
    "hpcp_crest": {
        "mean": 13.790802002,
        "stdev": 7.75374937057
    },
    "hpcp_entropy": {
        "mean": 2.0733795166,
        "stdev": 0.949142217636
    },
    "key_edma": {
        "strength": 0.395878642797,
        "key": "E",
        "scale": "major"
    },
    "key_krumhansl": {
        "strength": 0.379538923502,
        "key": "E",
        "scale": "major"
    },
    "key_temperley": {
        "strength": 0.346795856953,
        "key": "E",
        "scale": "major"
    },
    "tuning_diatonic_strength": 0.334127575159,
    "tuning_equal_tempered_deviation": 0.234584897757,
    "tuning_frequency": 436.204162598,
    "tuning_nontempered_energy_ratio": 0.894010901451,
    "hpcp": {
        "mean": [0.151218101382, 0.124931514263, 0.121036946774, 0.1278064996, 0.131247222424, 0.138002917171, 0.14532583952, 0.145065113902, 0.144720941782, 0.134384185076, 0.11390414834, 0.102843225002, 0.101271428168, 0.10069283098, 0.0954471379519, 0.0914226174355, 0.091572381556, 0.0946690961719, 0.0987414717674, 0.101418308914, 0.103377610445, 0.103841915727, 0.101354457438, 0.118484340608, 0.12655159831, 0.109204493463, 0.108894191682, 0.11556545645, 0.114641271532, 0.121781438589, 0.130357861519, 0.122642047703, 0.120163492858, 0.125149026513, 0.138627663255, 0.160549297929],
        "stdev": [0.281687647104, 0.251377493143, 0.248040899634, 0.256350010633, 0.255812078714, 0.262070149183, 0.270305931568, 0.266984164715, 0.268146783113, 0.255800634623, 0.228279992938, 0.214540094137, 0.214904934168, 0.214829728007, 0.198704853654, 0.19516775012, 0.19429948926, 0.20154170692, 0.206898272038, 0.200335726142, 0.202992275357, 0.197771161795, 0.204274207354, 0.222688034177, 0.239745333791, 0.208294644952, 0.2099955827, 0.226674258709, 0.22694529593, 0.226736530662, 0.246250465512, 0.230852276087, 0.235603004694, 0.24514080584, 0.262083649635, 0.290986925364]
    },
    "chords_histogram": [1.84899842739, 11.4021568298, 5.00770425797, 0.308166414499, 0.770416021347, 0.69337439537, 6.0862865448, 4.93066263199, 12.7889060974, 8.39753437042, 2.15716481209, 2.00308156013, 8.62865924835, 0.15408320725, 2.61941456795, 1.84899842739, 4.85362100601, 0.847457647324, 2.85053920746, 5.39291238785, 1.84899842739, 4.85362100601, 4.69953775406, 5.00770425797],
    "thpcp": [1, 0.941879570484, 0.778150498867, 0.753892719746, 0.796057641506, 0.817488610744, 0.859567224979, 0.905178904533, 0.903554975986, 0.901411235332, 0.837027549744, 0.709465265274, 0.640570998192, 0.630780875683, 0.627177000046, 0.594503641129, 0.569436430931, 0.570369243622, 0.589657485485, 0.615022778511, 0.631695747375, 0.64389950037, 0.64679145813, 0.631298065186, 0.73799353838, 0.788241386414, 0.680192887783, 0.678260147572, 0.71981292963, 0.714056491852, 0.758529901505, 0.811949133873, 0.763890266418, 0.748452305794, 0.779505312443, 0.863458573818],
    "chords_key": "G#",
    "chords_scale": "major"
}
}