{
"metadata": {
    "version": {
        "essentia": "2.1-dev",
        "essentia_git_sha": "v2.1_beta3-415-gd5473f3",
        "extractor": "music 2.0"
    },
    "audio_properties": {
        "analysis": {
            "equal_loudness": 0,
            "length": 62.3804092407,
            "sample_rate": 44100,
            "start_time": 0,
            "downmix": "mix"
        },
        "bit_rate": 192000,
        "length": 62.3804092407,
        "lossless": 0,
        "number_channels": 2,
        "replay_gain": -6.25970840454,
        "sample_rate": 44100,
        "codec": "mp3",
        "md5_encoded": "de12390b6a2f5a9b4506323718807bfc"
    },
    "tags": {
        "file_name": "tlfno_hombre_01.mp3",
        "date": ["2004"],
        "engineer": ["rosamerica tamyo"]
    }
},
"lowlevel": {
    "average_loudness": 0.966782391071,
    "barkbands_crest": {
        "mean": 12.0330400467,
        "stdev": 4.17715835571
    },
    "barkbands_flatness_db": {
        "mean": 0.291054785252,
        "stdev": 0.0625292211771
    },
    "barkbands_kurtosis": {
        "mean": 10.4263725281,
        "stdev": 14.5861492157
    },
    "barkbands_skewness": {
        "mean": 1.78940331936,
        "stdev": 2.04192280769
    },
    "barkbands_spread": {
        "mean": 17.2105312347,
        "stdev": 18.8769226074
    },
    "dissonance": {
        "mean": 0.420662432909,
        "stdev": 0.0634556263685
    },
    "dynamic_complexity": 5.23108577728,
    "erbbands_crest": {
        "mean": 12.0655574799,
        "stdev": 4.20169830322
    },
    "erbbands_flatness_db": {
        "mean": 0.346836090088,
        "stdev": 0.0728862658143
    },
    "erbbands_kurtosis": {
        "mean": 3.04152131081,
        "stdev": 6.18146038055
    },
    "erbbands_skewness": {
        "mean": 0.615729212761,
        "stdev": 1.51037180424
    },
    "erbbands_spread": {
        "mean": 17.691204071,
        "stdev": 10.8132610321
    },
    "hfc": {
        "mean": 12.6904268265,
        "stdev": 15.2316217422
    },
    "loudness_ebu128": {
        "integrated": -19.7611465454,
        "loudness_range": 1.90342140198,
        "momentary": {
            "mean": -20.7490634918,
            "stdev": 3.43008136749
        },
        "short_term": {
            "mean": -19.9441871643,
            "stdev": 0.719702601433
        }
    },
    "melbands_crest": {
        "mean": 13.9391059875,
        "stdev": 4.67916059494
    },
    "melbands_flatness_db": {
        "mean": 0.357762485743,
        "stdev": 0.0875137671828
    },
    "melbands_kurtosis": {
        "mean": 8.87959480286,
        "stdev": 9.17440032959
    },
    "melbands_skewness": {
        "mean": 1.85868167877,
        "stdev": 1.60842740536
    },
    "melbands_spread": {
        "mean": 15.0594425201,
        "stdev": 14.2556056976
    },
    "pitch_salience": {
        "mean": 0.67475861311,
        "stdev": 0.123992174864
    },
    "silence_rate_20dB": {
        "mean": 1,
        "stdev": 0
    },
    "silence_rate_30dB": {
        "mean": 1,
        "stdev": 0
    },
    "silence_rate_60dB": {
        "mean": 0.364955365658,
        "stdev": 0.48141220212
    },
    "spectral_centroid": {
        "mean": 1218.58032227,
        "stdev": 772.577636719
    },
    "spectral_complexity": {
        "mean": 8.99144363403,
        "stdev": 7.27367210388
    },
    "spectral_decrease": {
        "mean": -3.79863918099e-09,
        "stdev": 4.6459236458e-09
    },
    "spectral_energy": {
        "mean": 0.0154879763722,
        "stdev": 0.0188525747508
    },
    "spectral_energyband_high": {
        "mean": 2.13819148485e-05,
        "stdev": 7.78552475822e-06
    },
    "spectral_energyband_low": {
        "mean": 2.56758676187e-06,
        "stdev": 1.03826678242e-05
    },
    "spectral_energyband_middle_high": {
        "mean": 0.00359210302122,
        "stdev": 0.00518904393539
    },
    "spectral_energyband_middle_low": {
        "mean": 0.0119953472167,
        "stdev": 0.0149033544585
    },
    "spectral_entropy": {
        "mean": 6.65557765961,
        "stdev": 0.460449367762
    },
    "spectral_flux": {
        "mean": 0.0771461650729,
        "stdev": 0.0581304952502
    },
    "spectral_kurtosis": {
        "mean": 33.4413719177,
        "stdev": 16.4316425323
    },
    "spectral_rms": {
        "mean": 0.00304437382147,
        "stdev": 0.00241702259518
    },
    "spectral_rolloff": {
        "mean": 3496.8984375,
        "stdev": 5734.44824219
    },
    "spectral_skewness": {
        "mean": 3.19253349304,
        "stdev": 1.21450912952
    },
    "spectral_spread": {
        "mean": 1797586.875,
        "stdev": 983597.3125
    },
    "spectral_strongpeak": {
        "mean": 1.47581446171,
        "stdev": 1.29003453255
    },
    "zerocrossingrate": {
        "mean": 0.150315597653,
        "stdev": 0.168102160096
    },
    "barkbands": {
        "mean": [4.092207746e-07, 3.27255747834e-07, 1.42368628531e-06, 1.61516049957e-06, 0.000387789536035, 0.00141000456642, 0.00300970277749, 0.00416210386902, 0.00272330641747, 0.000615780940279, 0.000348597357515, 0.000463592412416, 0.000721650780179, 0.00028853706317, 0.0001812587725, 0.000271977158263, 0.000439797760919, 0.000283163884887, 0.000151932661538, 4.09719041272e-06, 4.88089256123e-07, 1.9644414806e-07, 9.94606281779e-08, 3.98861494944e-08, 1.93093931955e-08, 1.80034849251e-08, 2.00446447707e-05],
        "stdev": [1.35265679546e-06, 1.42107705869e-06, 6.72444002703e-06, 5.67998995393e-06, 0.000925856409594, 0.00282819732092, 0.00548299588263, 0.00778928305954, 0.00636483356357, 0.00168406788725, 0.00100161659066, 0.00122391071636, 0.00193357677199, 0.000990252941847, 0.000653724593576, 0.000876792590134, 0.00103074254002, 0.000593531527556, 0.00052834302187, 1.34161482492e-05, 2.68813300863e-06, 1.26467273276e-06, 7.18058117855e-07, 1.82907442081e-07, 1.28431764779e-07, 5.41102167517e-08, 4.47750880994e-06]
    },
    "erbbands": {
        "mean": [1.14850554382e-05, 0.000104748432932, 0.00129122880753, 0.00663399463519, 0.158215031028, 1.66736698151, 5.14776182175, 14.0769023895, 33.3893432617, 70.8653488159, 85.6590423584, 63.3721046448, 31.0381011963, 15.4516954422, 14.048874855, 20.9823455811, 32.463809967, 20.5152778625, 9.76094436646, 11.3707551956, 16.8515472412, 24.834646225, 17.9368877411, 10.2604169846, 4.45991230011, 0.306559085846, 0.0425611361861, 0.0141972200945, 0.00765620172024, 0.00500501552597, 0.00247902679257, 0.00114907009993, 0.000542043533642, 0.000270353484666, 0.000128247105749, 6.84782644385e-05, 4.18636554969e-05, 8.90706287464e-05, 0.00102234887891, 0.000603876484092],
        "stdev": [3.83895894629e-05, 0.000429971085396, 0.00551820732653, 0.0150684453547, 0.229656249285, 3.71249914169, 13.2157526016, 29.2789764404, 62.6371040344, 119.891410828, 159.984954834, 147.632171631, 88.6807556152, 36.4379463196, 34.4219703674, 53.4712219238, 86.493598938, 59.9664573669, 32.9519805908, 36.0579910278, 49.5160484314, 56.7045211792, 34.0624809265, 31.8725147247, 15.1481103897, 0.847037196159, 0.154426902533, 0.0767031610012, 0.046577334404, 0.0364860147238, 0.0170236397535, 0.00535341724753, 0.00262527074665, 0.00164781790227, 0.000733453663997, 0.000304548215354, 9.29790912778e-05, 6.82268146193e-05, 0.000287467002636, 0.000123392339447]
    },
    "gfcc": {
        "mean": [-211.277786255, 114.847007751, -177.812759399, -80.7860717773, -28.0424861908, -97.5774154663, -34.2864074707, -10.8883285522, -9.66918563843, -23.1704292297, 16.2735710144, -16.9420337677, -2.13757395744],
        "cov": [[8388.14550781, 2975.42480469, -2065.07617188, -682.219299316, -841.767333984, 15.3632221222, -447.206176758, 336.047607422, 112.574829102, -188.399032593, -239.316543579, 322.6328125, -554.234130859], [2975.42480469, 2343.22094727, -91.686164856, -767.569030762, -627.253723145, -258.741271973, -248.879333496, 9.29199314117, -166.519805908, -240.432006836, -77.5095672607, 109.178001404, -97.7809829712], [-2065.07617188, -91.686164856, 1298.39123535, 172.751144409, -104.237007141, -138.504928589, -11.3510160446, -222.415664673, -115.84601593, -78.0471343994, -24.5104675293, -60.4002609253, 257.395111084], [-682.219299316, -767.569030762, 172.751144409, 655.153930664, 247.051712036, -74.8265991211, -128.868667603, -54.5698852539, 68.4849472046, 49.2145271301, -39.7722816467, 17.5861415863, 69.1890335083], [-841.767333984, -627.253723145, -104.237007141, 247.051712036, 417.131103516, 4.16864824295, -67.017036438, -41.2671585083, 56.4666786194, 79.1427688599, 32.4976463318, -33.6414642334, 24.6946258545], [15.3632221222, -258.741271973, -138.504928589, -74.8265991211, 4.16864824295, 481.448913574, 217.517211914, -9.00179576874, 82.7721328735, 72.6499710083, -32.1289901733, -43.8323974609, -66.2460250854], [-447.206176758, -248.879333496, -11.3510160446, -128.868667603, -67.017036438, 217.517211914, 388.416137695, 90.7571334839, -77.7625961304, 14.5267534256, 69.405921936, -48.3040542603, -40.2229614258], [336.047607422, 9.29199314117, -222.415664673, -54.5698852539, -41.2671585083, -9.00179576874, 90.7571334839, 182.459136963, 31.7221260071, -11.2356395721, 13.0451555252, 33.6455917358, -40.0470161438], [112.574829102, -166.519805908, -115.84601593, 68.4849472046, 56.4666786194, 82.7721328735, -77.7625961304, 31.7221260071, 197.465042114, 83.1446685791, -60.3270568848, 1.0697851181, 3.43058633804], [-188.399032593, -240.432006836, -78.0471343994, 49.2145271301, 79.1427688599, 72.6499710083, 14.5267534256, -11.2356395721, 83.1446685791, 128.11416626, 28.4498310089, -38.1390647888, -22.8159637451], [-239.316543579, -77.5095672607, -24.5104675293, -39.7722816467, 32.4976463318, -32.1289901733, 69.405921936, 13.0451555252, -60.3270568848, 28.4498310089, 112.983100891, 9.17155265808, -25.2887115479], [322.6328125, 109.178001404, -60.4002609253, 17.5861415863, -33.6414642334, -43.8323974609, -48.3040542603, 33.6455917358, 1.0697851181, -38.1390647888, 9.17155265808, 95.3123855591, 9.73325157166], [-554.234130859, -97.7809829712, 257.395111084, 69.1890335083, 24.6946258545, -66.2460250854, -40.2229614258, -40.0470161438, 3.43058633804, -22.8159637451, -25.2887115479, 9.73325157166, 140.789215088]],
        "icov": [[0.00255916267633, -0.00337200984359, 0.00417673774064, -0.00362202641554, 0.0032695485279, -0.00145450653508, 0.000825427472591, 0.000123184145195, -0.000378813158022, 9.40228419495e-05, 0.000956785632297, -0.00079179048771, 0.00114053918514], [-0.00337200984359, 0.00677832588553, -0.00576567137614, 0.00724237505347, -0.00260807131417, 0.00216919346713, 0.00155279738829, -0.000742269505281, 0.00302178622223, -0.000800649810117, 0.00122008740436, -0.000705318467226, 0.000190317558008], [0.00417673774064, -0.00576567137614, 0.00916006229818, -0.00721306353807, 0.0067968624644, -0.00211870437488, 0.000382863509003, 0.00276935752481, -0.00221836636774, 0.00274507259019, -0.00120754376985, 0.00167549040634, -0.00188987143338], [-0.00362202641554, 0.00724237505347, -0.00721306353807, 0.010752315633, -0.00526635255665, 0.00328488810919, 0.000934173935093, -0.000973650428932, 0.00433458201587, -0.00417710095644, 0.00561474589631, -0.00455269450322, 0.00167451112065], [0.0032695485279, -0.00260807131417, 0.0067968624644, -0.00526635255665, 0.0109537709504, -0.00303131784312, 0.0048551838845, 0.000298583356198, -0.000287055707304, 0.00228438340127, -0.00353410025127, 0.00340086501092, -0.00114684645087], [-0.00145450653508, 0.00216919346713, -0.00211870437488, 0.00328488810919, -0.00303131784312, 0.00822948664427, -0.00790095701814, 0.00644560856745, -0.00445918831974, -0.000934924173634, 0.00534755550325, -0.00424341764301, 0.00323101156391], [0.000825427472591, 0.00155279738829, 0.000382863509003, 0.000934173935093, 0.0048551838845, -0.00790095701814, 0.0160059966147, -0.0111097097397, 0.0105323763564, -0.00208818516694, -0.00359204551205, 0.00516495108604, -0.00158506352454], [0.000123184145195, -0.000742269505281, 0.00276935752481, -0.000973650428932, 0.000298583356198, 0.00644560856745, -0.0111097097397, 0.0180128011853, -0.0122552076355, 0.00733652804047, -0.00119045050815, -0.0035509718582, 0.00183427392039], [-0.000378813158022, 0.00302178622223, -0.00221836636774, 0.00433458201587, -0.000287055707304, -0.00445918831974, 0.0105323763564, -0.0122552076355, 0.0264490433037, -0.0202251765877, 0.0156931597739, -0.00670833373442, -0.000631309871096], [9.40228419495e-05, -0.000800649810117, 0.00274507259019, -0.00417710095644, 0.00228438340127, -0.000934924173634, -0.00208818516694, 0.00733652804047, -0.0202251765877, 0.0319622755051, -0.0222104024142, 0.01518208161, -0.00186860514805], [0.000956785632297, 0.00122008740436, -0.00120754376985, 0.00561474589631, -0.00353410025127, 0.00534755550325, -0.00359204551205, -0.00119045050815, 0.0156931597739, -0.0222104024142, 0.0360961668193, -0.0201563667506, 0.00972884520888], [-0.00079179048771, -0.000705318467226, 0.00167549040634, -0.00455269450322, 0.00340086501092, -0.00424341764301, 0.00516495108604, -0.0035509718582, -0.00670833373442, 0.01518208161, -0.0201563667506, 0.0280615072697, -0.00949696544558], [0.00114053918514, 0.000190317558008, -0.00188987143338, 0.00167451112065, -0.00114684645087, 0.00323101156391, -0.00158506352454, 0.00183427392039, -0.000631309871096, -0.00186860514805, 0.00972884520888, -0.00949696544558, 0.0182640627027]]
    },
    "melbands": {
        "mean": [1.07054226817e-07, 4.61452572154e-07, 1.87398802609e-06, 5.50190779904e-05, 0.00016353612591, 0.000310790986987, 0.000545064744074, 0.000840146734845, 0.000678054813761, 0.00037200684892, 0.000143354889587, 6.0090689658e-05, 4.63086835225e-05, 4.76343629998e-05, 6.46472763037e-05, 7.23031844245e-05, 3.27887755702e-05, 1.50833784573e-05, 1.44934929267e-05, 1.6691037672e-05, 2.0081319235e-05, 2.53206817433e-05, 2.34928083955e-05, 1.13842679639e-05, 8.07373271527e-06, 5.2964983297e-06, 6.97621658219e-07, 5.35354445219e-08, 2.3448681219e-08, 1.12901838989e-08, 6.27477358961e-09, 4.32687397023e-09, 3.27868510119e-09, 2.5192041786e-09, 1.51785239932e-09, 8.82445005956e-10, 5.95279103788e-10, 3.82773091001e-10, 2.78820216915e-10, 1.8814920455e-10],
        "stdev": [3.98212989694e-07, 2.10294251701e-06, 3.25054998029e-06, 0.000113925823825, 0.000383129459806, 0.000623343104962, 0.00101069326047, 0.00142621505074, 0.00126164767426, 0.000902980857063, 0.00042672190466, 0.00014356727479, 0.000122795318021, 0.000121439741633, 0.000166794896359, 0.000204922194825, 0.000105159815575, 5.69323783566e-05, 5.29267017555e-05, 5.7933779317e-05, 6.21399958618e-05, 6.39844874968e-05, 4.6610726713e-05, 2.72392280749e-05, 2.84446687147e-05, 1.87578552868e-05, 2.55636359725e-06, 1.13901549526e-07, 1.04647021715e-07, 6.72069333518e-08, 3.82734626214e-08, 2.75034555131e-08, 2.18150884024e-08, 1.98106491212e-08, 1.13101989996e-08, 4.67916949631e-09, 2.67714828084e-09, 1.95284566296e-09, 1.6335939268e-09, 1.26845878246e-09]
    },
    "melbands128": {
        "mean": [1.71627817735e-07, 9.28385333054e-08, 7.12470082931e-08, 1.47560854202e-07, 4.49075230335e-07, 7.72096143464e-07, 7.01159535765e-07, 9.01554528809e-07, 6.29178111922e-06, 3.32669733325e-05, 8.79727813299e-05, 0.000128809682792, 0.000157967559062, 0.000225259107538, 0.000305757828755, 0.000349896901753, 0.000390702072764, 0.000597221776843, 0.000681570090819, 0.000781493727118, 0.000990203698166, 0.000846726470627, 0.000605810317211, 0.000581654836424, 0.000435397087131, 0.000292936252663, 0.00021366517467, 0.000139251991641, 7.46354271541e-05, 5.50630065845e-05, 6.02288419032e-05, 5.72775643377e-05, 4.03110425395e-05, 4.54245600849e-05, 4.09813801525e-05, 4.6798522817e-05, 6.10995193711e-05, 6.29184141872e-05, 6.48584536975e-05, 8.27648473205e-05, 7.62474082876e-05, 5.87815156905e-05, 3.19477585435e-05, 2.18200166273e-05, 1.72589789145e-05, 1.32144959935e-05, 1.27729854285e-05, 1.55580546561e-05, 1.43478018799e-05, 1.45099284055e-05, 1.69536015164e-05, 1.8509603251e-05, 2.01353814191e-05, 1.96015098481e-05, 2.27302934945e-05, 2.53367306868e-05, 2.82376331597e-05, 2.8582629966e-05, 2.15358359128e-05, 1.40452912092e-05, 1.12776551759e-05, 9.28696135816e-06, 7.21239484847e-06, 8.21144658403e-06, 8.58021849126e-06, 6.03996795689e-06, 3.01971090266e-06, 9.60463694355e-07, 2.62743611756e-07, 8.15345302385e-08, 5.01243384576e-08, 4.06774880446e-08, 2.90663617619e-08, 2.04598098463e-08, 1.64935904934e-08, 1.23382672967e-08, 8.7161522444e-09, 7.21906134871e-09, 5.94561866407e-09, 5.41686029365e-09, 4.53256587818e-09, 3.93735577475e-09, 3.62282492894e-09, 3.26718874177e-09, 2.94580493332e-09, 2.73819544816e-09, 2.46353071276e-09, 1.85254378504e-09, 1.58071988832e-09, 1.17549225909e-09, 9.30246213393e-10, 8.28710988721e-10, 7.39243055659e-10, 6.08787853462e-10, 5.00753161159e-10, 4.35914970787e-10, 3.59559632068e-10, 2.97653762749e-10, 2.88612328481e-10, 2.71154071418e-10, 2.22142818029e-10, 1.74419145793e-10, 1.44544223812e-10, 1.37101149877e-10, 1.25198115764e-10, 1.17199777661e-10, 1.19810245058e-10, 1.0973245923e-10, 1.00209604503e-10, 9.34421637289e-11, 6.93538698693e-11, 7.73052941105e-11, 9.28532598032e-11, 1.07336257937e-10, 1.20020396399e-10, 2.62637245285e-10, 4.37332697834e-10, 9.28770255149e-11, 4.06126521302e-11, 1.32445199252e-09, 1.36388411676e-08, 1.87013924347e-08, 2.6488748972e-07, 4.93429581638e-07, 1.13491704923e-08, 9.17034004289e-09, 8.05879529775e-10, 5.21056028185e-12],
        "stdev": [6.5723327225e-07, 3.68711710053e-07, 3.11183839585e-07, 7.55015776122e-07, 2.26025576922e-06, 3.68119481209e-06, 3.41995587405e-06, 2.74508943221e-06, 1.09134898594e-05, 6.17640107521e-05, 0.000202095281566, 0.00040836687549, 0.00057792046573, 0.000651038310025, 0.000799905508757, 0.00101000757422, 0.00104098592419, 0.0015048008645, 0.00182419084013, 0.00173593254294, 0.00237958249636, 0.00214159651659, 0.0015425037127, 0.00168169836979, 0.00134579068981, 0.0010391556425, 0.000882364460267, 0.000514492450748, 0.00025571079459, 0.000149183048052, 0.000192506267922, 0.000222553004278, 0.000133570429171, 0.000154772496899, 0.000132299523102, 0.000151245752932, 0.000209481746424, 0.000193514235434, 0.000216851418372, 0.000294881174341, 0.000267326046014, 0.000228020100622, 0.000126102997456, 9.62863487075e-05, 8.53415622259e-05, 6.25865795882e-05, 6.08523769188e-05, 7.36678848625e-05, 5.97305661358e-05, 5.80998203077e-05, 7.84064977779e-05, 7.35401408747e-05, 8.11393911135e-05, 6.75406045048e-05, 7.31904947315e-05, 7.81403650763e-05, 7.40017057979e-05, 6.95906783221e-05, 5.00220121467e-05, 3.60029480362e-05, 3.32379058818e-05, 3.35811200785e-05, 2.78383304249e-05, 3.42935527442e-05, 3.5435296013e-05, 2.37932290474e-05, 1.19309979709e-05, 4.04178854296e-06, 1.01410159914e-06, 1.64527520496e-07, 1.07662337712e-07, 1.24698132709e-07, 1.2218556833e-07, 1.03754182135e-07, 9.87582424727e-08, 7.96237955569e-08, 5.30806083532e-08, 4.56167406071e-08, 3.72077728628e-08, 3.60386636089e-08, 2.93836510679e-08, 2.62177639598e-08, 2.31841905673e-08, 2.15021849215e-08, 2.29076775327e-08, 2.28328698171e-08, 1.93305940144e-08, 1.38877132017e-08, 1.37793936261e-08, 7.68796937223e-09, 4.87723061937e-09, 4.58014692839e-09, 3.73290509614e-09, 2.71338707059e-09, 2.53285303842e-09, 2.339220595e-09, 1.92999327631e-09, 1.40338674015e-09, 1.62788871272e-09, 1.92574822755e-09, 1.64488933585e-09, 1.17293963431e-09, 9.24821164094e-10, 1.11854236984e-09, 7.36973759796e-10, 6.28703533678e-10, 9.8554497896e-10, 7.48245299054e-10, 4.72706540577e-10, 3.80810077916e-10, 3.66903979421e-10, 2.63739557971e-10, 3.0919816707e-10, 3.16368514719e-10, 3.17989939935e-10, 6.13222639334e-10, 1.29502397694e-09, 3.31856847557e-10, 2.4871257831e-10, 1.93219973355e-09, 1.38416211826e-08, 1.65553970533e-08, 5.78253036565e-08, 1.07342522426e-07, 1.13507949706e-08, 1.01274508779e-08, 1.17457399362e-09, 1.7654055301e-11]
    },
    "mfcc": {
        "mean": [-838.596374512, 169.350814819, -81.1692352295, -18.3981380463, -14.0203886032, -70.6285247803, -32.6113700867, -15.607629776, -32.1967849731, -11.067741394, -1.21944487095, -4.48070001602, -1.772585392],
        "cov": [[7292.79443359, 3400.81958008, -2054.58227539, -683.421325684, -450.459564209, -822.039978027, -381.240081787, 203.994689941, -208.707763672, -177.812744141, 223.857620239, 136.143188477, -156.495101929], [3400.81958008, 2405.36328125, -372.162963867, -586.78692627, -512.078552246, -576.344421387, -255.762207031, 11.13626194, -186.834213257, -299.799835205, -60.2382698059, 75.8211212158, -87.7928009033], [-2054.58227539, -372.162963867, 1523.54516602, 145.391921997, -254.978713989, 226.102233887, -12.4324731827, -136.355926514, 81.832901001, -170.281021118, -285.955352783, -30.5335216522, 1.53666377068], [-683.421325684, -586.78692627, 145.391921997, 558.986206055, 311.678070068, -51.7773895264, -101.612716675, -76.3848953247, -14.0934762955, -2.3558151722, -97.3109359741, -83.4818115234, 40.7321586609], [-450.459564209, -512.078552246, -254.978713989, 311.678070068, 488.219665527, 73.4759368896, -135.297897339, -104.31565094, 8.00830173492, 52.7256393433, -9.54151535034, -25.517162323, 39.2183151245], [-822.039978027, -576.344421387, 226.102233887, -51.7773895264, 73.4759368896, 526.986572266, 136.459350586, -26.712644577, 151.433547974, 111.948875427, 51.5626144409, 57.3857803345, -13.1315011978], [-381.240081787, -255.762207031, -12.4324731827, -101.612716675, -135.297897339, 136.459350586, 361.683258057, 153.415023804, -29.7839450836, 87.5649032593, 122.103515625, 8.59430789948, -1.60294389725], [203.994689941, 11.13626194, -136.355926514, -76.3848953247, -104.31565094, -26.712644577, 153.415023804, 201.779556274, 40.4035339355, 17.1874961853, 69.9959564209, 15.1925020218, -2.96668958664], [-208.707763672, -186.834213257, 81.832901001, -14.0934762955, 8.00830173492, 151.433547974, -29.7839450836, 40.4035339355, 208.192596436, 86.0457611084, -17.5849285126, 20.2524490356, 13.111284256], [-177.812744141, -299.799835205, -170.281021118, -2.3558151722, 52.7256393433, 111.948875427, 87.5649032593, 17.1874961853, 86.0457611084, 216.131622314, 128.705535889, -11.4937105179, 1.3892635107], [223.857620239, -60.2382698059, -285.955352783, -97.3109359741, -9.54151535034, 51.5626144409, 122.103515625, 69.9959564209, -17.5849285126, 128.705535889, 220.376541138, 61.5360374451, -35.9296760559], [136.143188477, 75.8211212158, -30.5335216522, -83.4818115234, -25.517162323, 57.3857803345, 8.59430789948, 15.1925020218, 20.2524490356, -11.4937105179, 61.5360374451, 118.230133057, 19.490606308], [-156.495101929, -87.7928009033, 1.53666377068, 40.7321586609, 39.2183151245, -13.1315011978, -1.60294389725, -2.96668958664, 13.111284256, 1.3892635107, -35.9296760559, 19.490606308, 95.2457122803]],
        "icov": [[0.0101678902283, -0.0143108386546, 0.0155232641846, -0.0163335464895, 0.017795747146, -0.0179712641984, 0.0183506608009, -0.0169395860285, 0.01462488994, -0.012200714089, 0.00924328621477, -0.00565098319203, 0.00303407898173], [-0.0143108386546, 0.021763427183, -0.0211841389537, 0.0239884927869, -0.023613575846, 0.0261580366641, -0.0246601477265, 0.0239360760897, -0.0196879915893, 0.0172552615404, -0.0113781839609, 0.00635429518297, -0.00284415809438], [0.0155232641846, -0.0211841389537, 0.0260269418359, -0.0262025427073, 0.0300445631146, -0.0277718305588, 0.0268336404115, -0.0223474949598, 0.0198352262378, -0.0153665132821, 0.0143742803484, -0.00837360043079, 0.00495009915903], [-0.0163335464895, 0.0239884927869, -0.0262025427073, 0.0316883064806, -0.0320219919086, 0.0309096034616, -0.0285064261407, 0.0251034721732, -0.0213449019939, 0.0172317884862, -0.0123785948381, 0.00836567208171, -0.00380011927336], [0.017795747146, -0.023613575846, 0.0300445631146, -0.0320219919086, 0.0402244105935, -0.0346020944417, 0.0362514071167, -0.0287972800434, 0.0279187485576, -0.0209883283824, 0.0171804968268, -0.0100945392624, 0.00407276349142], [-0.0179712641984, 0.0261580366641, -0.0277718305588, 0.0309096034616, -0.0346020944417, 0.0410859659314, -0.0422311127186, 0.0418952442706, -0.0401674769819, 0.031530816108, -0.0235098619014, 0.0116678541526, -0.00386775238439], [0.0183506608009, -0.0246601477265, 0.0268336404115, -0.0285064261407, 0.0362514071167, -0.0422311127186, 0.0563719086349, -0.0571818947792, 0.0565163940191, -0.0478866621852, 0.0347564071417, -0.020664062351, 0.00785555783659], [-0.0169395860285, 0.0239360760897, -0.0223474949598, 0.0251034721732, -0.0287972800434, 0.0418952442706, -0.0571818947792, 0.0731775388122, -0.0703357085586, 0.0652933865786, -0.0518639087677, 0.0321098379791, -0.0145998504013], [0.01462488994, -0.0196879915893, 0.0198352262378, -0.0213449019939, 0.0279187485576, -0.0401674769819, 0.0565163940191, -0.0703357085586, 0.0812823176384, -0.074647732079, 0.0618830770254, -0.0400446243584, 0.0178555995226], [-0.012200714089, 0.0172552615404, -0.0153665132821, 0.0172317884862, -0.0209883283824, 0.031530816108, -0.0478866621852, 0.0652933865786, -0.074647732079, 0.0834122076631, -0.0695429965854, 0.0474761724472, -0.0239356737584], [0.00924328621477, -0.0113781839609, 0.0143742803484, -0.0123785948381, 0.0171804968268, -0.0235098619014, 0.0347564071417, -0.0518639087677, 0.0618830770254, -0.0695429965854, 0.0724885910749, -0.0488657131791, 0.0282555948943], [-0.00565098319203, 0.00635429518297, -0.00837360043079, 0.00836567208171, -0.0100945392624, 0.0116678541526, -0.020664062351, 0.0321098379791, -0.0400446243584, 0.0474761724472, -0.0488657131791, 0.0449110902846, -0.0232569463551], [0.00303407898173, -0.00284415809438, 0.00495009915903, -0.00380011927336, 0.00407276349142, -0.00386775238439, 0.00785555783659, -0.0145998504013, 0.0178555995226, -0.0239356737584, 0.0282555948943, -0.0232569463551, 0.0251844860613]]
    },
    "spectral_contrast_coeffs": {
        "mean": [-0.541526317596, -0.722534060478, -0.786144137383, -0.808090031147, -0.699273228645, -0.849020004272],
        "stdev": [0.113983571529, 0.117063656449, 0.0891456753016, 0.0730619728565, 0.103088527918, 0.0417625680566]
    },
    "spectral_contrast_valleys": {
        "mean": [-10.8707485199, -7.15113401413, -8.2769575119, -8.47761535645, -9.44932937622, -14.1010322571],
        "stdev": [0.964664757252, 1.28542053699, 1.28380274773, 1.10536468029, 0.650514960289, 0.768391907215]
    }
},
"rhythm": {
    "beats_count": 106,
    "beats_loudness": {
        "mean": 0.0293473638594,
        "stdev": 0.019943356514
    },
    "bpm": 89.2743530273,
    "bpm_histogram_first_peak_bpm": 101,
    "bpm_histogram_first_peak_weight": 0.6875,
    "bpm_histogram_second_peak_bpm": 89,
    "bpm_histogram_second_peak_spread": 0.566666662693,
    "bpm_histogram_second_peak_weight": 0.123809531331,
    "danceability": 1.54113566875,
    "onset_rate": 5.38530445099,
    "beats_loudness_band_ratio": {
        "mean": [0.00285839522257, 0.154204457998, 0.614848852158, 0.122598566115, 0.120400220156, 0.0198969766498],
        "stdev": [0.00900756567717, 0.18325291574, 0.234977379441, 0.102895483375, 0.149337947369, 0.0671347677708]
    },
    "beats_position": [0.66176867485, 1.33514738083, 1.99691605568, 2.68190479279, 3.35528349876, 4.02866220474, 4.7020406723, 5.38702917099, 6.07201814651, 6.7570066452, 7.41877555847, 8.05732440948, 8.71909236908, 9.38086128235, 10.0310201645, 10.6811790466, 11.3313379288, 12.0395460129, 12.7477550507, 13.4443531036, 14.1525621414, 14.8607711792, 15.5689792633, 16.3004074097, 16.9389572144, 17.5310649872, 18.1463947296, 18.7385025024, 19.3422222137, 19.96916008, 20.5844898224, 21.1998176575, 21.826757431, 22.5001354218, 23.1967334747, 23.8933334351, 24.589931488, 25.286529541, 25.9599094391, 26.6332874298, 27.3066654205, 27.9800453186, 28.5837631226, 29.1410427094, 29.7331504822, 30.3136501312, 30.9057598114, 31.5094776154, 32.1015853882, 32.7053070068, 33.2974128723, 33.8779144287, 34.4584121704, 35.0273017883, 35.6194114685, 36.1418571472, 36.6991386414, 37.244808197, 37.7672538757, 38.2897033691, 38.8469848633, 39.4158706665, 39.9847602844, 40.5188217163, 41.0760993958, 41.6449890137, 42.2022666931, 42.771156311, 43.3052139282, 43.8624954224, 44.4197731018, 45.011882782, 45.6039886475, 46.1844902039, 46.7649879456, 47.3338775635, 47.9259872437, 48.5064849854, 49.0753746033, 49.6442604065, 50.2131500244, 50.7355995178, 51.2464370728, 51.7804985046, 52.2681159973, 52.7673454285, 53.2665748596, 53.7774124146, 54.2650337219, 54.7642631531, 55.2518806458, 55.7511100769, 56.2387275696, 56.6450767517, 57.0282058716, 57.4461669922, 57.8757362366, 58.3285255432, 58.7813148499, 59.2108840942, 59.6288414001, 60.0235824585, 60.4299316406, 60.8246688843, 61.2194099426, 61.6025390625],
    "bpm_histogram": [0, 0, 0, 0, 0, 0, 0, 0, 0, 0, 0, 0, 0, 0, 0, 0, 0, 0, 0, 0, 0, 0, 0, 0, 0, 0, 0, 0, 0, 0, 0, 0, 0, 0, 0, 0, 0, 0, 0, 0, 0, 0, 0, 0, 0, 0, 0, 0, 0, 0, 0, 0, 0, 0, 0, 0, 0, 0, 0, 0, 0, 0, 0, 0, 0, 0, 0, 0, 0, 0, 0, 0, 0, 0, 0, 0, 0, 0, 0, 0, 0, 0, 0.00952380988747, 0, 0, 0.047619048506, 0.047619048506, 0, 0.0380952395499, 0.0857142880559, 0, 0.0380952395499, 0.0285714287311, 0, 0.0190476197749, 0, 0.0190476197749, 0, 0.0285714287311, 0.0380952395499, 0, 0.095238097012, 0, 0.0571428574622, 0, 0.0857142880559, 0, 0, 0.0666666701436, 0, 0.00952380988747, 0, 0.0285714287311, 0, 0, 0.0380952395499, 0, 0.0190476197749, 0, 0, 0.0380952395499, 0, 0, 0.0380952395499, 0, 0, 0, 0, 0, 0, 0, 0, 0, 0.0190476197749, 0, 0, 0, 0, 0, 0, 0.0190476197749, 0, 0, 0, 0.0190476197749, 0, 0, 0, 0.0190476197749, 0, 0, 0, 0.0285714287311, 0, 0, 0, 0, 0.0190476197749, 0, 0, 0, 0, 0, 0, 0, 0, 0, 0, 0, 0, 0, 0, 0, 0, 0, 0, 0, 0, 0, 0, 0, 0, 0, 0, 0, 0, 0, 0, 0, 0, 0, 0, 0, 0, 0, 0, 0, 0, 0, 0, 0, 0, 0, 0, 0, 0, 0, 0, 0, 0, 0, 0, 0, 0, 0, 0, 0, 0, 0, 0, 0, 0, 0, 0, 0, 0, 0, 0, 0, 0, 0, 0, 0, 0, 0, 0, 0, 0, 0, 0, 0, 0, 0, 0, 0, 0, 0, 0, 0, 0]
},
"tonal": {
    "chords_changes_rate": 0.198513016105,
    "chords_number_rate": 0.0133828995749,
    "chords_strength": {
        "mean": 0.444392561913,
        "stdev": 0.105413377285
    },
    "hpcp_crest": {
        "mean": 12.0945520401,
        "stdev": 5.35592317581
    },
    "hpcp_entropy": {
        "mean": 2.13859200478,
        "stdev": 0.76205098629
    },
    "key_edma": {
        "strength": 0.504626214504,
        "key": "F",
        "scale": "minor"
    },
    "key_krumhansl": {
        "strength": 0.509312689304,
        "key": "F",
        "scale": "minor"
    },
    "key_temperley": {
        "strength": 0.522841155529,
        "key": "E",
        "scale": "minor"
    },
    "tuning_diatonic_strength": 0.302505940199,
    "tuning_equal_tempered_deviation": 0.250280082226,
    "tuning_frequency": 442.293365479,
    "tuning_nontempered_energy_ratio": 0.894437611103,
    "hpcp": {
        "mean": [0.143415480852, 0.141757890582, 0.167154490948, 0.170048579574, 0.148365169764, 0.15160728991, 0.16509847343, 0.165905952454, 0.196842327714, 0.19334204495, 0.161203086376, 0.177015349269, 0.181321412325, 0.154271006584, 0.144316196442, 0.144471585751, 0.144485294819, 0.154043972492, 0.168835550547, 0.189521610737, 0.178599774837, 0.150442153215, 0.160156324506, 0.171881571412, 0.17160692811, 0.166210830212, 0.160656377673, 0.160864025354, 0.152659848332, 0.151216819882, 0.15670183301, 0.158554628491, 0.157986447215, 0.154345959425, 0.15566201508, 0.159564971924],
        "stdev": [0.23877620697, 0.239681616426, 0.270536661148, 0.26421263814, 0.258102089167, 0.242775216699, 0.267740398645, 0.252299278975, 0.287395089865, 0.278546601534, 0.257858484983, 0.272364616394, 0.269697844982, 0.238720908761, 0.232345983386, 0.227194577456, 0.225023210049, 0.229713663459, 0.239242315292, 0.256865382195, 0.246115937829, 0.211097553372, 0.225465685129, 0.233874678612, 0.231042385101, 0.231886804104, 0.230234146118, 0.238111317158, 0.229137688875, 0.236991077662, 0.235606446862, 0.243993580341, 0.248807102442, 0.252732634544, 0.254222154617, 0.25089019537]
    },
    "chords_histogram": [2.67657995224, 14.944237709, 2.3791821003, 0.223048329353, 5.72490692139, 6.09665441513, 0.297397762537, 1.18959105015, 10.9293680191, 6.17100381851, 0.743494451046, 3.19702601433, 5.57620811462, 5.72490692139, 4.38661718369, 11.6728620529, 4.83271360397, 0.594795525074, 4.53531599045, 4.75836420059, 0.0743494406343, 1.4126393795, 1.33828997612, 0.520446121693],
    "thpcp": [1, 0.982217848301, 0.818945229053, 0.89927482605, 0.921150505543, 0.783728837967, 0.733156323433, 0.733945727348, 0.734015345573, 0.782575428486, 0.85771971941, 0.962809205055, 0.907324016094, 0.764277458191, 0.813627481461, 0.873194158077, 0.871798932552, 0.844385623932, 0.816167831421, 0.817222714424, 0.775543808937, 0.768212914467, 0.796077907085, 0.805490493774, 0.802604019642, 0.784109592438, 0.790795445442, 0.810623288155, 0.728580474854, 0.720159590244, 0.849179625511, 0.863882184029, 0.75372594595, 0.77019661665, 0.83873462677, 0.842836797237],
    "chords_key": "G",
    "chords_scale": "major"
}
}