{
"metadata": {
    "version": {
        "essentia": "2.1-dev",
        "essentia_git_sha": "v2.1_beta3-415-gd5473f3",
        "extractor": "music 2.0"
    },
    "audio_properties": {
        "analysis": {
            "equal_loudness": 0,
            "length": 63.1118354797,
            "sample_rate": 44100,
            "start_time": 0,
            "downmix": "mix"
        },
        "bit_rate": 192000,
        "length": 63.1118354797,
        "lossless": 0,
        "number_channels": 2,
        "replay_gain": -6.24894332886,
        "sample_rate": 44100,
        "codec": "mp3",
        "md5_encoded": "d7a82d5b7f512733ee39d6e6a8f31e59"
    },
    "tags": {
        "file_name": "tlfno_mujer_03.mp3",
        "date": ["2004"],
        "engineer": ["rosamerica tamyo"]
    }
},
"lowlevel": {
    "average_loudness": 0.970273673534,
    "barkbands_crest": {
        "mean": 12.1584606171,
        "stdev": 4.46172857285
    },
    "barkbands_flatness_db": {
        "mean": 0.309021502733,
        "stdev": 0.0633267834783
    },
    "barkbands_kurtosis": {
        "mean": 6.31462144852,
        "stdev": 19.0744953156
    },
    "barkbands_skewness": {
        "mean": 0.890205025673,
        "stdev": 1.90762341022
    },
    "barkbands_spread": {
        "mean": 16.8492450714,
        "stdev": 16.7264156342
    },
    "dissonance": {
        "mean": 0.418617933989,
        "stdev": 0.0762115046382
    },
    "dynamic_complexity": 4.60677146912,
    "erbbands_crest": {
        "mean": 13.386964798,
        "stdev": 4.85318946838
    },
    "erbbands_flatness_db": {
        "mean": 0.384888499975,
        "stdev": 0.0790051296353
    },
    "erbbands_kurtosis": {
        "mean": 2.82040739059,
        "stdev": 7.17931509018
    },
    "erbbands_skewness": {
        "mean": -0.309859156609,
        "stdev": 1.40120732784
    },
    "erbbands_spread": {
        "mean": 15.1643238068,
        "stdev": 10.1546087265
    },
    "hfc": {
        "mean": 17.2123775482,
        "stdev": 20.4232349396
    },
    "loudness_ebu128": {
        "integrated": -19.012342453,
        "loudness_range": 2.76029205322,
        "momentary": {
            "mean": -19.6999778748,
            "stdev": 2.83932089806
        },
        "short_term": {
            "mean": -19.2277565002,
            "stdev": 1.01106595993
        }
    },
    "melbands_crest": {
        "mean": 14.0589332581,
        "stdev": 5.35327482224
    },
    "melbands_flatness_db": {
        "mean": 0.360405772924,
        "stdev": 0.0854919552803
    },
    "melbands_kurtosis": {
        "mean": 3.96413612366,
        "stdev": 8.4216337204
    },
    "melbands_skewness": {
        "mean": 0.862671196461,
        "stdev": 1.66715455055
    },
    "melbands_spread": {
        "mean": 19.5989055634,
        "stdev": 15.4285078049
    },
    "pitch_salience": {
        "mean": 0.629681408405,
        "stdev": 0.144481316209
    },
    "silence_rate_20dB": {
        "mean": 1,
        "stdev": 0
    },
    "silence_rate_30dB": {
        "mean": 1,
        "stdev": 0
    },
    "silence_rate_60dB": {
        "mean": 0.329900711775,
        "stdev": 0.470175296068
    },
    "spectral_centroid": {
        "mean": 1426.63586426,
        "stdev": 694.148925781
    },
    "spectral_complexity": {
        "mean": 8.46267032623,
        "stdev": 6.35021734238
    },
    "spectral_decrease": {
        "mean": -3.76650666212e-09,
        "stdev": 4.51982185012e-09
    },
    "spectral_energy": {
        "mean": 0.0157768707722,
        "stdev": 0.0187810994685
    },
    "spectral_energyband_high": {
        "mean": 2.1891821234e-05,
        "stdev": 9.72542056843e-06
    },
    "spectral_energyband_low": {
        "mean": 3.05122580357e-06,
        "stdev": 2.05512242246e-05
    },
    "spectral_energyband_middle_high": {
        "mean": 0.00701768416911,
        "stdev": 0.00954131968319
    },
    "spectral_energyband_middle_low": {
        "mean": 0.00899399165064,
        "stdev": 0.0121241407469
    },
    "spectral_entropy": {
        "mean": 6.52604150772,
        "stdev": 0.516820311546
    },
    "spectral_flux": {
        "mean": 0.0892970636487,
        "stdev": 0.062833443284
    },
    "spectral_kurtosis": {
        "mean": 56.2284393311,
        "stdev": 29.940196991
    },
    "spectral_rms": {
        "mean": 0.00310024968348,
        "stdev": 0.00240426370874
    },
    "spectral_rolloff": {
        "mean": 3943.65869141,
        "stdev": 5740.57080078
    },
    "spectral_skewness": {
        "mean": 4.4083442688,
        "stdev": 1.72754597664
    },
    "spectral_spread": {
        "mean": 1671797.75,
        "stdev": 2323872
    },
    "spectral_strongpeak": {
        "mean": 1.77410793304,
        "stdev": 1.684004426
    },
    "zerocrossingrate": {
        "mean": 0.166944235563,
        "stdev": 0.176932647824
    },
    "barkbands": {
        "mean": [6.44427132102e-07, 1.64190555552e-06, 4.91314779083e-07, 2.00328145183e-06, 6.20520877419e-05, 0.000970934634097, 0.00169863807969, 0.00267563760281, 0.0030185924843, 0.00125833728816, 0.000375106901629, 0.000344109837897, 0.000848309427965, 0.00100343185477, 0.0012354569044, 0.0012530653039, 0.000813502236269, 0.000172563668457, 1.95274424186e-05, 1.22284302506e-06, 7.98058863438e-07, 3.44447499856e-07, 1.28043083691e-07, 6.08417849435e-08, 2.27016574428e-08, 1.86258670709e-08, 2.02309984161e-05],
        "stdev": [2.94393271361e-06, 1.55101661221e-05, 3.32366766997e-06, 6.77639127389e-06, 0.000225467796554, 0.00210269144736, 0.00424957601354, 0.00615002866834, 0.00657991040498, 0.00336718815379, 0.00135380146094, 0.000968804815784, 0.00239355699159, 0.00245383218862, 0.00324526289478, 0.00323205720633, 0.0020084916614, 0.000436972564785, 6.97393406881e-05, 6.27102326689e-06, 4.49811386716e-06, 1.63832783073e-06, 5.65099242067e-07, 2.21392198796e-07, 5.70075791018e-08, 3.64810759379e-08, 3.51339826921e-06]
    },
    "erbbands": {
        "mean": [7.36457805033e-05, 0.00027838794631, 0.000539638102055, 0.00423161871731, 0.0511828772724, 0.261938840151, 1.83724594116, 10.308382988, 20.5890541077, 38.0494766235, 63.1033744812, 71.1553497314, 53.8508529663, 25.5159988403, 13.1331167221, 17.2116394043, 37.3829040527, 50.0618286133, 56.9724273682, 72.8743972778, 61.6621818542, 45.1063232422, 14.644244194, 2.69005131721, 0.515193939209, 0.0739391371608, 0.0413259007037, 0.0255052149296, 0.0136586166918, 0.00685387803242, 0.00328878243454, 0.00174751877785, 0.00080205546692, 0.000333603675244, 0.000151111657033, 8.22324145702e-05, 4.34199355368e-05, 8.48623894854e-05, 0.00105973798782, 0.000607882800978],
        "stdev": [0.000678386481013, 0.00264645158313, 0.00337141589262, 0.0132086286321, 0.132581487298, 0.830244660378, 5.01926469803, 21.5653953552, 55.3551445007, 84.0654602051, 143.838226318, 162.198928833, 130.083282471, 72.9447402954, 38.2491378784, 46.3714523315, 103.580215454, 119.593490601, 137.357589722, 174.522644043, 157.080276489, 106.564788818, 32.4133415222, 6.44248819351, 2.00176644325, 0.306004703045, 0.230979397893, 0.134844988585, 0.0656959563494, 0.0324708893895, 0.0138159245253, 0.00654887873679, 0.00283443229273, 0.000994654023089, 0.000298583123367, 0.000130472835735, 8.00833149697e-05, 3.56428536179e-05, 0.000206426018849, 0.000103157603007]
    },
    "gfcc": {
        "mean": [-226.090240479, 96.6500701904, -196.432357788, -99.7546463013, -14.1803770065, -73.1762161255, -46.1029777527, -11.6164312363, 16.7400016785, -21.5755672455, 6.29397726059, -8.95011711121, 1.8101246357],
        "cov": [[11368.4257812, 3433.08105469, -2711.06884766, -741.662719727, -1330.66149902, -56.802280426, -273.942352295, 274.307098389, 143.954803467, 123.12322998, -437.460083008, -27.9245567322, -306.268707275], [3433.08105469, 2310.70776367, -288.3309021, -809.354003906, -706.271728516, -362.411071777, -192.437469482, -13.9508934021, -153.683425903, -90.4702301025, 0.658755242825, 28.2459621429, -176.501724243], [-2711.06884766, -288.3309021, 1546.68640137, 320.362670898, -85.3652420044, -120.39364624, 54.7211112976, -180.032424927, -137.666046143, -101.074501038, 105.316825867, 42.3273010254, 48.6918678284], [-741.662719727, -809.354003906, 320.362670898, 887.850830078, 203.876174927, -27.3490562439, -18.7268390656, 1.5835262537, 20.9592781067, 2.63742494583, -59.7864532471, 12.8200683594, 44.7216835022], [-1330.66149902, -706.271728516, -85.3652420044, 203.876174927, 612.82043457, 20.4511928558, -89.0867843628, -4.70123958588, 39.8558235168, 2.6789560318, 44.8514289856, -22.1158714294, 50.2524642944], [-56.802280426, -362.411071777, -120.39364624, -27.3490562439, 20.4511928558, 706.893188477, 375.568481445, -23.1568031311, 51.6801147461, 118.81111908, -80.978263855, -115.189796448, 3.78266954422], [-273.942352295, -192.437469482, 54.7211112976, -18.7268390656, -89.0867843628, 375.568481445, 442.322570801, 47.9760818481, -91.7327804565, 9.5124540329, 20.3949890137, -79.6104812622, -31.166053772], [274.307098389, -13.9508934021, -180.032424927, 1.5835262537, -4.70123958588, -23.1568031311, 47.9760818481, 160.437606812, 53.6098518372, -3.34423708916, -17.4838523865, 10.6836137772, -6.98054981232], [143.954803467, -153.683425903, -137.666046143, 20.9592781067, 39.8558235168, 51.6801147461, -91.7327804565, 53.6098518372, 205.08694458, 91.1388549805, -78.7747650146, -10.1673736572, 37.7326316833], [123.12322998, -90.4702301025, -101.074501038, 2.63742494583, 2.6789560318, 118.81111908, 9.5124540329, -3.34423708916, 91.1388549805, 126.465888977, -10.8595743179, -37.0077056885, 3.30382275581], [-437.460083008, 0.658755242825, 105.316825867, -59.7864532471, 44.8514289856, -80.978263855, 20.3949890137, -17.4838523865, -78.7747650146, -10.8595743179, 157.394424438, 49.2766914368, -15.7965126038], [-27.9245567322, 28.2459621429, 42.3273010254, 12.8200683594, -22.1158714294, -115.189796448, -79.6104812622, 10.6836137772, -10.1673736572, -37.0077056885, 49.2766914368, 128.990142822, 30.9421901703], [-306.268707275, -176.501724243, 48.6918678284, 44.7216835022, 50.2524642944, 3.78266954422, -31.166053772, -6.98054981232, 37.7326316833, 3.30382275581, -15.7965126038, 30.9421901703, 87.8621292114]],
        "icov": [[0.00130833429284, -0.00190221064258, 0.00234996923245, -0.00190977298189, 0.0018052427331, -0.000961211393587, 0.000597371312324, 0.000257371168118, -0.000837999396026, 0.000744916906115, -0.000130875836476, 0.000136048445711, -8.92711323104e-05], [-0.00190221064258, 0.0044262856245, -0.00335866445675, 0.003834517207, -0.00102966139093, 0.0011365970131, 0.00113818049431, -0.00136181758717, 0.00322909909301, -0.00114731991198, 0.000589749251958, 0.000294366065646, 0.00166486785747], [0.00234996923245, -0.00335866445675, 0.00540284626186, -0.00398864457384, 0.00381490425207, -0.00133395008743, 0.000319852551911, 0.00234911008738, -0.00283270538785, 0.00308664655313, -0.00169292604551, 0.000845247821417, -0.000845506961923], [-0.00190977298189, 0.003834517207, -0.00398864457384, 0.00527700362727, -0.00286504346877, 0.00209682364948, -0.00057487457525, -0.00122214120347, 0.00351357739419, -0.00338514242321, 0.00342041044496, -0.00174118496943, 0.00166423677001], [0.0018052427331, -0.00102966139093, 0.00381490425207, -0.00286504346877, 0.00746418302879, -0.00379778817296, 0.0059012575075, -0.00177454610821, -8.02530703368e-05, 0.00462850974873, -0.00505526969209, 0.00490593770519, -0.00136109639425], [-0.000961211393587, 0.0011365970131, -0.00133395008743, 0.00209682364948, -0.00379778817296, 0.00823909323663, -0.00969836954027, 0.00606506271288, -0.00289616500959, -0.0048117521219, 0.00595686025918, -0.0042422618717, 0.00145342492033], [0.000597371312324, 0.00113818049431, 0.000319852551911, -0.00057487457525, 0.0059012575075, -0.00969836954027, 0.0173874571919, -0.0115210097283, 0.00965759903193, 0.0028424160555, -0.00675476435572, 0.00842331070453, -0.00165650772396], [0.000257371168118, -0.00136181758717, 0.00234911008738, -0.00122214120347, -0.00177454610821, 0.00606506271288, -0.0115210097283, 0.0173237044364, -0.0120398430154, 0.00366067513824, 0.00175890722312, -0.0049254479818, 0.0026088883169], [-0.000837999396026, 0.00322909909301, -0.00283270538785, 0.00351357739419, -8.02530703368e-05, -0.00289616500959, 0.00965759903193, -0.0120398430154, 0.0230054501444, -0.0135364681482, 0.00732757244259, -0.000354356539901, -0.00194169615861], [0.000744916906115, -0.00114731991198, 0.00308664655313, -0.00338514242321, 0.00462850974873, -0.0048117521219, 0.0028424160555, 0.00366067513824, -0.0135364681482, 0.0245070587844, -0.0130796916783, 0.00899600144476, -0.00146464444697], [-0.000130875836476, 0.000589749251958, -0.00169292604551, 0.00342041044496, -0.00505526969209, 0.00595686025918, -0.00675476435572, 0.00175890722312, 0.00732757244259, -0.0130796916783, 0.0212682466954, -0.0125141358003, 0.0058801532723], [0.000136048445711, 0.000294366065646, 0.000845247821417, -0.00174118496943, 0.00490593770519, -0.0042422618717, 0.00842331070453, -0.0049254479818, -0.000354356539901, 0.00899600144476, -0.0125141358003, 0.0194875076413, -0.00784217379987], [-8.92711323104e-05, 0.00166486785747, -0.000845506961923, 0.00166423677001, -0.00136109639425, 0.00145342492033, -0.00165650772396, 0.0026088883169, -0.00194169615861, -0.00146464444697, 0.0058801532723, -0.00784217379987, 0.0190796926618]]
    },
    "melbands": {
        "mean": [5.74207149384e-07, 2.88711504481e-07, 1.40527151871e-06, 9.5422819868e-06, 5.26088551851e-05, 0.000230291523621, 0.000323526008287, 0.000457223999547, 0.000515453750268, 0.000443267694209, 0.000260590517428, 0.000105813545815, 4.77523135487e-05, 3.46356828231e-05, 6.45881591481e-05, 8.74803008628e-05, 9.34034396778e-05, 8.82563690539e-05, 9.61340920185e-05, 9.64951541391e-05, 6.57034834148e-05, 4.97574910696e-05, 2.65253929683e-05, 5.45262491869e-06, 1.68971780568e-06, 5.10754318839e-07, 9.2475936242e-08, 3.15311901034e-08, 2.62753019342e-08, 1.91815807682e-08, 1.29326176435e-08, 8.23708212749e-09, 5.08576691871e-09, 3.19031312479e-09, 1.94944305143e-09, 1.35708688731e-09, 9.09644415348e-10, 5.7348714666e-10, 3.83434978213e-10, 2.21266074907e-10],
        "stdev": [5.10685185873e-06, 2.18804666474e-06, 4.16907232648e-06, 2.9234413887e-05, 0.0001448365947, 0.000495533517096, 0.000827657524496, 0.000979459960945, 0.00116173783317, 0.00103197828867, 0.000648276007269, 0.000312520831358, 0.000160337120178, 0.00010072405712, 0.000183589072549, 0.000244313763687, 0.000234376784647, 0.00022490612173, 0.00025998102501, 0.000246296607656, 0.000181185649126, 0.000129146603285, 6.89917869749e-05, 1.26211944007e-05, 5.06374681208e-06, 2.19811454372e-06, 4.43360079316e-07, 1.75228095145e-07, 1.59567051128e-07, 1.10066196157e-07, 6.81355132315e-08, 4.09200211493e-08, 2.44360709445e-08, 1.56500910009e-08, 8.70618599436e-09, 5.52648327101e-09, 3.40191363968e-09, 2.1542514439e-09, 1.49344314693e-09, 6.20930196149e-10]
    },
    "melbands128": {
        "mean": [3.62141008736e-07, 6.71384214002e-07, 6.78640333263e-07, 3.70369065195e-07, 2.07626683846e-07, 2.69805468633e-07, 4.8961800303e-07, 1.25933991058e-06, 3.92913671021e-06, 9.13230906008e-06, 1.30264925247e-05, 1.73300941242e-05, 3.94980888814e-05, 0.000110660868813, 0.000215248335735, 0.000299139501294, 0.000334094802383, 0.000308892980684, 0.000322828040225, 0.000424213649239, 0.000495822227094, 0.000587993243244, 0.000512918166351, 0.000440923409769, 0.000489157275297, 0.000446332473075, 0.000327581947204, 0.000267966010142, 0.000176956818905, 0.000123428500956, 7.86015443737e-05, 6.88191357767e-05, 4.8723519285e-05, 3.22704581777e-05, 2.59100288531e-05, 3.7253863411e-05, 4.33012719441e-05, 5.91351017647e-05, 8.18081753096e-05, 8.83414104464e-05, 8.36876206449e-05, 9.37142103794e-05, 9.57987285801e-05, 9.38983575907e-05, 8.42945009936e-05, 9.07726862351e-05, 8.71250158525e-05, 9.1712201538e-05, 0.000101594690932, 0.000104702812678, 9.52126429183e-05, 9.67041705735e-05, 6.35744945612e-05, 6.0857826611e-05, 4.88751065859e-05, 5.35748695256e-05, 4.42075470346e-05, 3.77561264031e-05, 1.84953460121e-05, 7.69388861954e-06, 5.11081861987e-06, 3.3786673157e-06, 2.14753436012e-06, 1.26126769828e-06, 7.73611361637e-07, 5.65867139812e-07, 3.12293849447e-07, 1.10123821173e-07, 5.59025643554e-08, 3.56401308466e-08, 3.14651735778e-08, 2.90059158914e-08, 2.79754708288e-08, 2.64930974936e-08, 2.36206183502e-08, 1.98579463984e-08, 1.73447514129e-08, 1.51424632833e-08, 1.24344055052e-08, 1.08763282824e-08, 8.89024054374e-09, 7.41156513939e-09, 5.74015457389e-09, 5.09798869786e-09, 4.32017221996e-09, 3.40803851806e-09, 2.91536728092e-09, 2.4282535982e-09, 1.91712645758e-09, 1.59200008731e-09, 1.44200129615e-09, 1.32670185948e-09, 1.15625575781e-09, 9.28243981679e-10, 7.51474660277e-10, 6.31580232557e-10, 5.43921352403e-10, 4.71946426384e-10, 4.12736483879e-10, 3.30681815264e-10, 2.52156878711e-10, 2.08990019734e-10, 1.73556155558e-10, 1.49882176115e-10, 1.47858017496e-10, 1.4329308573e-10, 1.35926950251e-10, 1.31818958526e-10, 1.29464966525e-10, 1.2136890104e-10, 6.38636157846e-11, 6.76986036674e-11, 9.70818286872e-11, 1.29972893559e-10, 1.39362507645e-10, 1.47428250163e-10, 1.61522489828e-10, 1.19801987775e-10, 2.55934773374e-10, 1.72190239844e-09, 1.56044919208e-08, 2.14814210864e-08, 2.65872188265e-07, 4.93436743909e-07, 1.27524897309e-08, 9.47082323677e-09, 8.3897100378e-10, 1.9262910711e-11],
        "stdev": [1.90499815744e-06, 6.04028855378e-06, 7.05178581484e-06, 3.44806358044e-06, 1.6305986037e-06, 1.80334291144e-06, 2.40383360506e-06, 4.29746114605e-06, 1.25081787701e-05, 3.118927998e-05, 5.15119827469e-05, 9.5499541203e-05, 0.000166527068359, 0.000385186547646, 0.000509013771079, 0.000897747930139, 0.00123784248717, 0.00116025051102, 0.00114646588918, 0.00130887457635, 0.00144801312126, 0.00182253762614, 0.00162137229927, 0.0014783423394, 0.00153564242646, 0.00148134806659, 0.00108086480759, 0.000940654659644, 0.000636686047073, 0.00049170514103, 0.000332639465341, 0.000359189289156, 0.000201984934392, 0.00012412367505, 9.92640052573e-05, 0.000160632727784, 0.000170743340277, 0.000222611110075, 0.00032704975456, 0.000349348702002, 0.00031652598409, 0.000376699870685, 0.000314607779728, 0.000313799799187, 0.000283091067104, 0.000315428012982, 0.000331833114615, 0.000342845800333, 0.000357655750122, 0.000345514767105, 0.000307247129967, 0.000382280355552, 0.000215974709135, 0.000223620168981, 0.000165988079971, 0.000193158630282, 0.000126805360196, 0.000133059395012, 6.35874166619e-05, 2.32875790971e-05, 1.40354723044e-05, 1.02490976133e-05, 7.60309058023e-06, 5.13103213962e-06, 2.99761381939e-06, 2.8085928534e-06, 2.14644660446e-06, 5.56950340069e-07, 3.00957879062e-07, 2.01734948746e-07, 1.84870543762e-07, 1.68123406752e-07, 1.82621221256e-07, 1.66937525137e-07, 1.43013764387e-07, 1.21720404422e-07, 1.00735995545e-07, 8.33665438904e-08, 6.7145684568e-08, 5.72405838284e-08, 4.53317916538e-08, 3.82784399733e-08, 2.74022848856e-08, 2.53661269767e-08, 2.23464731164e-08, 1.65232982852e-08, 1.53667940594e-08, 1.20489493938e-08, 9.16216080782e-09, 6.73355859959e-09, 6.09592953893e-09, 6.07311623213e-09, 4.5949217764e-09, 3.61520280379e-09, 2.89619972449e-09, 2.37421637905e-09, 2.30996488604e-09, 1.76240122496e-09, 1.91010363082e-09, 1.36630307068e-09, 7.88046405908e-10, 5.85965331812e-10, 4.72764882797e-10, 3.96263577507e-10, 3.4505664992e-10, 3.08712805319e-10, 2.59391702562e-10, 2.77900619183e-10, 2.40211961433e-10, 2.20961596242e-10, 1.74103037542e-10, 1.97670227409e-10, 2.92839197336e-10, 3.54570983685e-10, 3.40057620951e-10, 3.22428195254e-10, 3.65046937123e-10, 5.44398304214e-10, 9.12420583532e-10, 1.88845294957e-09, 1.0772608583e-08, 1.19386740494e-08, 4.7478149412e-08, 8.95054199646e-08, 9.03748720305e-09, 8.09009659264e-09, 1.0151699481e-09, 9.02505223332e-11]
    },
    "mfcc": {
        "mean": [-850.396484375, 160.044692993, -102.852142334, -49.7121772766, 4.12598276138, -50.5461235046, -53.7157173157, -10.7990913391, -10.0244779587, -9.67000961304, 3.19085168839, -0.23945723474, -3.32755756378],
        "cov": [[8513.09667969, 3672.53393555, -2231.75708008, -859.548950195, -809.14276123, -644.078308105, -489.579376221, -19.7409420013, 35.647102356, 130.583236694, 162.198898315, 50.3867797852, -236.992370605], [3672.53393555, 2537.3034668, -533.348815918, -756.68939209, -596.799926758, -611.968688965, -334.273651123, -105.295898438, -213.298156738, -171.847717285, 48.9025726318, 44.1748924255, -135.821380615], [-2231.75708008, -533.348815918, 1578.94165039, 370.221466064, -230.715393066, 132.145385742, 137.492538452, -81.4173049927, -113.264007568, -186.755523682, -119.473670959, 35.6716918945, 12.3431797028], [-859.548950195, -756.68939209, 370.221466064, 770.141906738, 303.133911133, -25.99259758, -40.7313613892, 23.6544628143, -7.92443180084, -66.3548736572, -76.5129013062, -21.8178787231, 43.2676239014], [-809.14276123, -596.799926758, -230.715393066, 303.133911133, 594.163635254, 28.6450920105, -157.626602173, -21.3123378754, 25.2408275604, -20.0440807343, -34.9231834412, -26.5619621277, 54.6167602539], [-644.078308105, -611.968688965, 132.145385742, -25.99259758, 28.6450920105, 613.104064941, 314.638977051, -2.46068143845, 176.18913269, 218.257720947, 29.9582633972, -12.4647216797, -19.3564910889], [-489.579376221, -334.273651123, 137.492538452, -40.7313613892, -157.626602173, 314.638977051, 524.271362305, 171.198501587, 0.546374738216, 139.796569824, 83.0968780518, -62.4030418396, -34.1549987793], [-19.7409420013, -105.295898438, -81.4173049927, 23.6544628143, -21.3123378754, -2.46068143845, 171.198501587, 187.789169312, 35.8243598938, 6.38582849503, 23.9176025391, -3.06449508667, 0.483127564192], [35.647102356, -213.298156738, -113.264007568, -7.92443180084, 25.2408275604, 176.18913269, 0.546374738216, 35.8243598938, 255.794906616, 168.521148682, -12.535235405, 5.3968372345, 11.4772148132], [130.583236694, -171.847717285, -186.755523682, -66.3548736572, -20.0440807343, 218.257720947, 139.796569824, 6.38582849503, 168.521148682, 310.926544189, 94.0682220459, -83.3324508667, -29.9255371094], [162.198898315, 48.9025726318, -119.473670959, -76.5129013062, -34.9231834412, 29.9582633972, 83.0968780518, 23.9176025391, -12.535235405, 94.0682220459, 131.985839844, 17.3480968475, -36.3857727051], [50.3867797852, 44.1748924255, 35.6716918945, -21.8178787231, -26.5619621277, -12.4647216797, -62.4030418396, -3.06449508667, 5.3968372345, -83.3324508667, 17.3480968475, 158.124801636, 48.7780838013], [-236.992370605, -135.821380615, 12.3431797028, 43.2676239014, 54.6167602539, -19.3564910889, -34.1549987793, 0.483127564192, 11.4772148132, -29.9255371094, -36.3857727051, 48.7780838013, 112.032318115]],
        "icov": [[0.00813246704638, -0.0116312168539, 0.0125817712396, -0.0136498082429, 0.014320705086, -0.0141480499879, 0.0133257824928, -0.0117857428268, 0.0101921223104, -0.00851523410529, 0.00673779612407, -0.00402642833069, 0.0022980037611], [-0.0116312168539, 0.0180109925568, -0.0175375845283, 0.0202098488808, -0.0193259008229, 0.0210742838681, -0.0185139551759, 0.0171063821763, -0.0137118250132, 0.0118251591921, -0.00877088028938, 0.00507444655523, -0.00179207371548], [0.0125817712396, -0.0175375845283, 0.0209951251745, -0.0219220276922, 0.0235681515187, -0.0218587294221, 0.0196370854974, -0.0159427188337, 0.0146787939593, -0.0107439262792, 0.00979845877737, -0.00551377888769, 0.00350560992956], [-0.0136498082429, 0.0202098488808, -0.0219220276922, 0.025841884315, -0.0254241880029, 0.0249962639064, -0.0220709294081, 0.0183848701417, -0.0153927579522, 0.0115266861394, -0.00829997565597, 0.00472860364243, -0.00213182438165], [0.014320705086, -0.0193259008229, 0.0235681515187, -0.0254241880029, 0.0308296792209, -0.0278304032981, 0.0277403425425, -0.0223013237119, 0.0187101531774, -0.011543456465, 0.00795834418386, -0.0025448766537, 0.00149434793275], [-0.0141480499879, 0.0210742838681, -0.0218587294221, 0.0249962639064, -0.0278304032981, 0.0349336825311, -0.0341273769736, 0.0315423496068, -0.025366153568, 0.0149853369221, -0.00840585120022, 0.0017376113683, 0.00055289833108], [0.0133257824928, -0.0185139551759, 0.0196370854974, -0.0220709294081, 0.0277403425425, -0.0341273769736, 0.0415640361607, -0.0404067859054, 0.0340757258236, -0.0247801840305, 0.0139536000788, -0.00542704900727, 0.00231483904645], [-0.0117857428268, 0.0171063821763, -0.0159427188337, 0.0183848701417, -0.0223013237119, 0.0315423496068, -0.0404067859054, 0.0491354130208, -0.0410863868892, 0.0348794423044, -0.0242280904204, 0.0130823170766, -0.00578410131857], [0.0101921223104, -0.0137118250132, 0.0146787939593, -0.0153927579522, 0.0187101531774, -0.025366153568, 0.0340757258236, -0.0410863868892, 0.0510596558452, -0.0467485673726, 0.0384826101363, -0.0254134368151, 0.0121713038534], [-0.00851523410529, 0.0118251591921, -0.0107439262792, 0.0115266861394, -0.011543456465, 0.0149853369221, -0.0247801840305, 0.0348794423044, -0.0467485673726, 0.0562578476965, -0.0482500977814, 0.0355851240456, -0.0177809800953], [0.00673779612407, -0.00877088028938, 0.00979845877737, -0.00829997565597, 0.00795834418386, -0.00840585120022, 0.0139536000788, -0.0242280904204, 0.0384826101363, -0.0482500977814, 0.0551592484117, -0.0368959493935, 0.0219202376902], [-0.00402642833069, 0.00507444655523, -0.00551377888769, 0.00472860364243, -0.0025448766537, 0.0017376113683, -0.00542704900727, 0.0130823170766, -0.0254134368151, 0.0355851240456, -0.0368959493935, 0.0354574769735, -0.0190664865077], [0.0022980037611, -0.00179207371548, 0.00350560992956, -0.00213182438165, 0.00149434793275, 0.00055289833108, 0.00231483904645, -0.00578410131857, 0.0121713038534, -0.0177809800953, 0.0219202376902, -0.0190664865077, 0.0215735323727]]
    },
    "spectral_contrast_coeffs": {
        "mean": [-0.621067881584, -0.69814991951, -0.757717430592, -0.74999153614, -0.631035506725, -0.850114881992],
        "stdev": [0.116856098175, 0.136767476797, 0.112352229655, 0.0924746468663, 0.100004084408, 0.0454281382263]
    },
    "spectral_contrast_valleys": {
        "mean": [-11.3015604019, -7.80857133865, -8.53346347809, -8.07117176056, -10.5233154297, -13.8247776031],
        "stdev": [1.21384632587, 1.50791978836, 1.42324435711, 1.43769192696, 1.22335839272, 0.884830594063]
    }
},
"rhythm": {
    "beats_count": 104,
    "beats_loudness": {
        "mean": 0.0306284762919,
        "stdev": 0.0197658129036
    },
    "bpm": 79.8128204346,
    "bpm_histogram_first_peak_bpm": 117,
    "bpm_histogram_first_peak_weight": 0.600000023842,
    "bpm_histogram_second_peak_bpm": 80,
    "bpm_histogram_second_peak_spread": 0.600000023842,
    "bpm_histogram_second_peak_weight": 0.0970873758197,
    "danceability": 1.86042070389,
    "onset_rate": 5.89321422577,
    "beats_loudness_band_ratio": {
        "mean": [0.0008023204864, 0.0821701958776, 0.484185487032, 0.195126160979, 0.260934770107, 0.0216909088194],
        "stdev": [0.00150338257663, 0.129440501332, 0.248832970858, 0.185492277145, 0.233050480485, 0.111546702683]
    },
    "beats_position": [0.673378646374, 1.35836732388, 2.06657600403, 2.75156450272, 3.42494320869, 4.1099319458, 4.85297060013, 5.60761880875, 6.3622674942, 7.11691617966, 7.79029464722, 8.45206356049, 9.11383247375, 9.77560043335, 10.4373693466, 11.1223583221, 11.7957363129, 12.3530158997, 12.8870744705, 13.3979139328, 13.9203624725, 14.4428119659, 14.9652605057, 15.5109291077, 16.0682086945, 16.6138763428, 17.1595458984, 17.6819953918, 18.2973232269, 18.9358730316, 19.6208610535, 20.3174591064, 21.0140590668, 21.7222671509, 22.5117454529, 23.2896137238, 24.0790920258, 24.8685703278, 25.6348285675, 26.4126987457, 27.1673469543, 27.9336051941, 28.711473465, 29.4893417358, 30.2788200378, 31.0450782776, 31.7881164551, 32.542766571, 33.2974128723, 34.0520629883, 34.783493042, 35.514919281, 36.2463493347, 36.9893875122, 37.6859855652, 38.3593635559, 39.0559616089, 39.7757797241, 40.4839897156, 41.192199707, 41.7726974487, 42.3415870667, 42.9220848083, 43.50258255, 44.0830841064, 44.5939216614, 45.1279792786, 45.650428772, 46.1728782654, 46.683719635, 47.1829452515, 47.6705665588, 48.1581840515, 48.6690254211, 49.1914749146, 49.7255325317, 50.2363700867, 50.7355995178, 51.2232208252, 51.7340583801, 52.2448959351, 52.7441253662, 53.2317466736, 53.73097229, 54.2418136597, 54.7410430908, 55.2983207703, 55.8555984497, 56.4012680054, 56.8424491882, 57.2487983704, 57.6551475525, 58.0498847961, 58.433013916, 58.8045349121, 59.1760520935, 59.5475730896, 59.9307022095, 60.3254394531, 60.7201805115, 61.1149177551, 61.4864387512, 61.8695678711, 62.252696991],
    "bpm_histogram": [0, 0, 0, 0, 0, 0, 0, 0, 0, 0, 0, 0, 0, 0, 0, 0, 0, 0, 0, 0, 0, 0, 0, 0, 0, 0, 0, 0, 0, 0, 0, 0, 0, 0, 0, 0, 0, 0, 0, 0, 0, 0, 0, 0, 0, 0, 0, 0, 0, 0, 0, 0, 0, 0, 0, 0, 0, 0, 0, 0, 0, 0, 0, 0, 0, 0, 0, 0, 0, 0, 0, 0, 0, 0, 0, 0, 0.038834951818, 0.038834951818, 0.0291262138635, 0, 0.0679611638188, 0.0291262138635, 0.0291262138635, 0.0097087379545, 0, 0.038834951818, 0.038834951818, 0, 0.0485436879098, 0.038834951818, 0, 0.038834951818, 0, 0, 0.0097087379545, 0, 0, 0, 0.0097087379545, 0, 0, 0, 0, 0.038834951818, 0, 0.0097087379545, 0, 0, 0.038834951818, 0, 0.038834951818, 0, 0.0291262138635, 0, 0, 0.0679611638188, 0, 0.077669903636, 0, 0, 0.0485436879098, 0, 0, 0.038834951818, 0, 0, 0, 0, 0, 0, 0, 0, 0, 0, 0, 0, 0.0097087379545, 0, 0, 0, 0, 0, 0, 0, 0, 0, 0, 0, 0.019417475909, 0, 0, 0, 0.038834951818, 0, 0, 0, 0, 0.038834951818, 0, 0, 0, 0.038834951818, 0, 0, 0, 0, 0, 0, 0, 0, 0, 0, 0, 0, 0, 0, 0, 0, 0, 0, 0, 0, 0, 0, 0, 0, 0, 0, 0, 0, 0, 0, 0, 0, 0, 0, 0, 0, 0, 0, 0, 0, 0, 0, 0, 0, 0, 0, 0, 0, 0, 0, 0, 0, 0, 0, 0, 0, 0, 0, 0, 0, 0, 0, 0, 0, 0, 0, 0, 0, 0, 0, 0, 0, 0, 0, 0, 0, 0, 0, 0, 0, 0, 0, 0, 0, 0, 0, 0, 0]
},
"tonal": {
    "chords_changes_rate": 0.177941173315,
    "chords_number_rate": 0.0161764714867,
    "chords_strength": {
        "mean": 0.448569118977,
        "stdev": 0.0976543873549
    },
    "hpcp_crest": {
        "mean": 14.5833368301,
        "stdev": 7.33306026459
    },
    "hpcp_entropy": {
        "mean": 1.9069814682,
        "stdev": 0.871533691883
    },
    "key_edma": {
        "strength": 0.353765547276,
        "key": "E",
        "scale": "minor"
    },
    "key_krumhansl": {
        "strength": 0.356820315123,
        "key": "E",
        "scale": "minor"
    },
    "key_temperley": {
        "strength": 0.377632141113,
        "key": "E",
        "scale": "minor"
    },
    "tuning_diatonic_strength": 0.518880367279,
    "tuning_equal_tempered_deviation": 0.240062296391,
    "tuning_frequency": 432.441040039,
    "tuning_nontempered_energy_ratio": 0.894559144974,
    "hpcp": {
        "mean": [0.146554127336, 0.158921733499, 0.155150800943, 0.14794819057, 0.147856280208, 0.169052109122, 0.193439915776, 0.193410426378, 0.191861003637, 0.199446246028, 0.201819270849, 0.195175662637, 0.195891484618, 0.19600379467, 0.186998069286, 0.180164128542, 0.175404518843, 0.170509517193, 0.171341627836, 0.175684377551, 0.18347504735, 0.184736818075, 0.180937290192, 0.176990777254, 0.17147757113, 0.160679474473, 0.150688976049, 0.155094608665, 0.161355882883, 0.158566698432, 0.154151156545, 0.148471295834, 0.151960343122, 0.157748639584, 0.151286557317, 0.143045932055],
        "stdev": [0.229703277349, 0.248316451907, 0.240782916546, 0.230008661747, 0.227894037962, 0.244663029909, 0.262732505798, 0.25958392024, 0.258621960878, 0.266032516956, 0.271096616983, 0.267256855965, 0.262252151966, 0.265857547522, 0.257697939873, 0.251534879208, 0.246346592903, 0.253744244576, 0.252651959658, 0.254061251879, 0.258147507906, 0.265931397676, 0.261995911598, 0.261375576258, 0.261218219995, 0.254017591476, 0.241578876972, 0.246971666813, 0.250739485025, 0.246622219682, 0.242646545172, 0.233925372362, 0.237414062023, 0.250307619572, 0.241124883294, 0.228635236621]
    },
    "chords_histogram": [13.8235292435, 5.80882358551, 7.64705896378, 2.35294127464, 5.51470565796, 1.25, 1.76470589638, 7.86764717102, 2.20588231087, 9.26470565796, 3.45588231087, 2.5, 4.85294103622, 2.57352948189, 5.80882358551, 0.147058829665, 0.735294103622, 2.72058820724, 2.86764717102, 1.25, 3.67647051811, 6.32352924347, 4.41176462173, 1.17647063732],
    "thpcp": [1, 0.967081427574, 0.970628261566, 0.97118473053, 0.926562011242, 0.892700314522, 0.869116783142, 0.844862401485, 0.848985493183, 0.870503485203, 0.909105718136, 0.915357649326, 0.896531283855, 0.87697660923, 0.849659085274, 0.796155273914, 0.746653079987, 0.768482625484, 0.79950684309, 0.785686612129, 0.763807892799, 0.735664606094, 0.752952575684, 0.781633198261, 0.749614059925, 0.708782315254, 0.726165175438, 0.787445783615, 0.768761098385, 0.733072638512, 0.732617259026, 0.837641060352, 0.958480894566, 0.958334803581, 0.950657486916, 0.98824185133],
    "chords_key": "E",
    "chords_scale": "minor"
}
}