{
"metadata": {
    "version": {
        "essentia": "2.1-dev",
        "essentia_git_sha": "v2.1_beta3-415-gd5473f3",
        "extractor": "music 2.0"
    },
    "audio_properties": {
        "analysis": {
            "equal_loudness": 0,
            "length": 63.6081619263,
            "sample_rate": 44100,
            "start_time": 0,
            "downmix": "mix"
        },
        "bit_rate": 192000,
        "length": 63.6081619263,
        "lossless": 0,
        "number_channels": 2,
        "replay_gain": -6.0040397644,
        "sample_rate": 44100,
        "codec": "mp3",
        "md5_encoded": "4c4bfccc1e06ab651a4da716800ddf4f"
    },
    "tags": {
        "file_name": "tlfno_hombres_07.mp3",
        "date": ["2004"],
        "engineer": ["rosamerica tamyo"]
    }
},
"lowlevel": {
    "average_loudness": 0.970466971397,
    "barkbands_crest": {
        "mean": 12.5303163528,
        "stdev": 5.19720888138
    },
    "barkbands_flatness_db": {
        "mean": 0.3000446558,
        "stdev": 0.0589803569019
    },
    "barkbands_kurtosis": {
        "mean": 8.75075912476,
        "stdev": 19.9478340149
    },
    "barkbands_skewness": {
        "mean": 0.997590720654,
        "stdev": 2.46403932571
    },
    "barkbands_spread": {
        "mean": 17.7906112671,
        "stdev": 17.7524166107
    },
    "dissonance": {
        "mean": 0.429341852665,
        "stdev": 0.0615510009229
    },
    "dynamic_complexity": 5.61865949631,
    "erbbands_crest": {
        "mean": 12.4431886673,
        "stdev": 4.32653903961
    },
    "erbbands_flatness_db": {
        "mean": 0.354097038507,
        "stdev": 0.0843870639801
    },
    "erbbands_kurtosis": {
        "mean": 2.0797932148,
        "stdev": 5.19910907745
    },
    "erbbands_skewness": {
        "mean": 0.190194964409,
        "stdev": 1.29670810699
    },
    "erbbands_spread": {
        "mean": 17.4066467285,
        "stdev": 12.983792305
    },
    "hfc": {
        "mean": 14.0032491684,
        "stdev": 16.0273036957
    },
    "loudness_ebu128": {
        "integrated": -19.5080032349,
        "loudness_range": 1.53641700745,
        "momentary": {
            "mean": -20.3019218445,
            "stdev": 3.0460832119
        },
        "short_term": {
            "mean": -19.6738872528,
            "stdev": 0.51563668251
        }
    },
    "melbands_crest": {
        "mean": 13.6663131714,
        "stdev": 5.26185274124
    },
    "melbands_flatness_db": {
        "mean": 0.351747393608,
        "stdev": 0.100516311824
    },
    "melbands_kurtosis": {
        "mean": 4.89677858353,
        "stdev": 9.45971298218
    },
    "melbands_skewness": {
        "mean": 1.36526334286,
        "stdev": 1.54237496853
    },
    "melbands_spread": {
        "mean": 18.297914505,
        "stdev": 14.6228895187
    },
    "pitch_salience": {
        "mean": 0.625631928444,
        "stdev": 0.157927691936
    },
    "silence_rate_20dB": {
        "mean": 1,
        "stdev": 0
    },
    "silence_rate_30dB": {
        "mean": 1,
        "stdev": 0
    },
    "silence_rate_60dB": {
        "mean": 0.352790951729,
        "stdev": 0.477835506201
    },
    "spectral_centroid": {
        "mean": 1227.17504883,
        "stdev": 746.180419922
    },
    "spectral_complexity": {
        "mean": 9.65377616882,
        "stdev": 8.32315158844
    },
    "spectral_decrease": {
        "mean": -4.09952649605e-09,
        "stdev": 4.85411222328e-09
    },
    "spectral_energy": {
        "mean": 0.0167426429689,
        "stdev": 0.0197190269828
    },
    "spectral_energyband_high": {
        "mean": 2.21473219426e-05,
        "stdev": 5.51533639737e-06
    },
    "spectral_energyband_low": {
        "mean": 1.85342082659e-06,
        "stdev": 8.4694229372e-06
    },
    "spectral_energyband_middle_high": {
        "mean": 0.00489484332502,
        "stdev": 0.00641442695633
    },
    "spectral_energyband_middle_low": {
        "mean": 0.0119444681332,
        "stdev": 0.0149114495143
    },
    "spectral_entropy": {
        "mean": 6.6755027771,
        "stdev": 0.548727989197
    },
    "spectral_flux": {
        "mean": 0.0843678563833,
        "stdev": 0.0624819844961
    },
    "spectral_kurtosis": {
        "mean": 48.9078216553,
        "stdev": 24.810459137
    },
    "spectral_rms": {
        "mean": 0.0031201033853,
        "stdev": 0.00256889569573
    },
    "spectral_rolloff": {
        "mean": 4807.31542969,
        "stdev": 6876.33349609
    },
    "spectral_skewness": {
        "mean": 4.24503326416,
        "stdev": 1.6207318306
    },
    "spectral_spread": {
        "mean": 2106090.75,
        "stdev": 2752126.5
    },
    "spectral_strongpeak": {
        "mean": 1.69078969955,
        "stdev": 1.3168888092
    },
    "zerocrossingrate": {
        "mean": 0.198382914066,
        "stdev": 0.23110896349
    },
    "barkbands": {
        "mean": [3.19309151564e-07, 3.34327324936e-07, 8.70001542808e-07, 1.0629157714e-06, 0.00037077133311, 0.0015386271989, 0.00404516793787, 0.00387558201328, 0.001878701034, 0.000585844740272, 0.000484547403175, 0.000681919394992, 0.000799506728072, 0.000798546301667, 0.000690307351761, 0.000558938889299, 0.000239601082285, 9.97834358714e-05, 6.9355533924e-05, 6.99703548435e-07, 3.44946784026e-07, 1.85785708595e-07, 7.1118051892e-08, 3.16365671438e-08, 1.52830992306e-08, 1.06689972412e-08, 2.1502670279e-05],
        "stdev": [8.32736759548e-07, 1.38932171012e-06, 4.00312683269e-06, 7.03982277628e-06, 0.00119505566545, 0.00331149762496, 0.00738439289853, 0.00765324616805, 0.00497694453225, 0.00211604917422, 0.00157959992066, 0.00181770324707, 0.00181535515003, 0.00195616437122, 0.00189049483743, 0.00131357368082, 0.000457926653326, 0.00024982157629, 0.000221673733904, 2.58644968198e-06, 1.83636382189e-06, 1.10699579636e-06, 2.93980832566e-07, 9.46777163335e-08, 3.53126665686e-08, 1.92351468087e-08, 3.54710186912e-06]
    },
    "erbbands": {
        "mean": [1.26175591504e-05, 9.01877865545e-05, 0.000818420085125, 0.00426467275247, 0.0909672528505, 1.48384821415, 4.94009208679, 15.8641519547, 42.6360015869, 83.7794113159, 76.3566589355, 46.068775177, 23.194070816, 16.9452171326, 21.7143363953, 29.6084938049, 35.743598938, 41.2854652405, 40.9195594788, 32.1648521423, 27.5115756989, 12.7257442474, 5.92763996124, 5.34791040421, 1.33198189735, 0.0727133899927, 0.0193803347647, 0.0121846981347, 0.00731490040198, 0.00391436927021, 0.0018040795112, 0.000906188157387, 0.000436844537035, 0.000218896529987, 0.000106443818368, 5.52791498194e-05, 2.71329081443e-05, 8.04132141639e-05, 0.00112990150228, 0.000644982268568],
        "stdev": [4.59145994682e-05, 0.000346010026988, 0.00316963111982, 0.0171950291842, 0.173439055681, 4.30077075958, 16.3690280914, 32.7113189697, 77.1125106812, 161.01411438, 152.775680542, 120.845191956, 74.3831558228, 56.3401374817, 62.956741333, 74.2926254272, 77.3150100708, 93.1115570068, 105.839698792, 78.789100647, 54.8168029785, 22.840959549, 13.4893531799, 16.5047473907, 3.45748615265, 0.186751484871, 0.0889366418123, 0.0653887167573, 0.0437705852091, 0.0209963023663, 0.00689463876188, 0.00286505627446, 0.00120895821601, 0.000555172679015, 0.000195716740564, 7.03699624864e-05, 4.04856837122e-05, 2.43754857365e-05, 0.000209590099985, 0.000104282938992]
    },
    "gfcc": {
        "mean": [-231.876251221, 107.495185852, -179.11706543, -97.1341552734, -17.5651168823, -75.2285079956, -45.7273101807, -20.9269104004, 6.22013378143, -19.0760326385, 16.1588172913, -10.6413021088, -1.59300088882],
        "cov": [[14864.4453125, 5502.08886719, -3723.99633789, -940.896179199, -1261.05065918, -1069.83361816, -736.347961426, 191.891555786, -165.008102417, 1.18278968334, -243.614578247, -145.152282715, -452.492889404], [5502.08886719, 3202.80834961, -875.843139648, -830.883239746, -665.836853027, -594.196655273, -413.640106201, -55.4233283997, -226.673995972, -101.900970459, -51.9033699036, -8.19264411926, -184.112304688], [-3723.99633789, -875.843139648, 1715.92590332, 253.513977051, 61.9847755432, 232.54258728, 82.6163406372, -219.672119141, -30.8880367279, -65.0185394287, 23.2244224548, 80.1079177856, 159.110137939], [-940.896179199, -830.883239746, 253.513977051, 736.600646973, 246.394256592, -17.1285533905, -69.520904541, -17.5640773773, 7.61703062057, -24.3491325378, -67.9897232056, 10.5873422623, 96.6036605835], [-1261.05065918, -665.836853027, 61.9847755432, 246.394256592, 435.319763184, -13.3030071259, -70.0318527222, -26.5320911407, -9.77182769775, -44.0901298523, 9.61169624329, -14.3812198639, 54.4020080566], [-1069.83361816, -594.196655273, 232.54258728, -17.1285533905, -13.3030071259, 517.695739746, 308.377868652, -3.52768421173, 91.3905181885, 85.0209655762, -17.1158123016, -30.5700721741, -24.010187149], [-736.347961426, -413.640106201, 82.6163406372, -69.520904541, -70.0318527222, 308.377868652, 445.284637451, 173.701843262, -16.7789611816, 0.938377201557, 55.3384361267, 3.10305976868, -39.3600845337], [191.891555786, -55.4233283997, -219.672119141, -17.5640773773, -26.5320911407, -3.52768421173, 173.701843262, 226.192382812, 19.1289138794, -20.4003791809, 20.2797412872, 7.84287118912, -25.6168079376], [-165.008102417, -226.673995972, -30.8880367279, 7.61703062057, -9.77182769775, 91.3905181885, -16.7789611816, 19.1289138794, 209.227600098, 134.99130249, -33.0588035583, -24.0611534119, 2.97400212288], [1.18278968334, -101.900970459, -65.0185394287, -24.3491325378, -44.0901298523, 85.0209655762, 0.938377201557, -20.4003791809, 134.99130249, 182.795822144, 28.7919845581, -33.7608795166, -33.2594146729], [-243.614578247, -51.9033699036, 23.2244224548, -67.9897232056, 9.61169624329, -17.1158123016, 55.3384361267, 20.2797412872, -33.0588035583, 28.7919845581, 128.147415161, 35.2083435059, -23.7432918549], [-145.152282715, -8.19264411926, 80.1079177856, 10.5873422623, -14.3812198639, -30.5700721741, 3.10305976868, 7.84287118912, -24.0611534119, -33.7608795166, 35.2083435059, 86.6553878784, 42.3120994568], [-452.492889404, -184.112304688, 159.110137939, 96.6036605835, 54.4020080566, -24.010187149, -39.3600845337, -25.6168079376, 2.97400212288, -33.2594146729, -23.7432918549, 42.3120994568, 103.766830444]],
        "icov": [[0.0012102999026, -0.00171206891537, 0.00222058524378, -0.00178686715662, 0.00191927095875, -0.000402365083573, -0.000136058981298, 0.00126507075038, -0.00177239498589, 0.00205285311677, -0.0014103311114, 0.0011937848758, -0.000440713833086], [-0.00171206891537, 0.00423464505002, -0.00293843098916, 0.00398873491213, -0.00081995408982, 0.00103099585976, 0.00246568815783, -0.00285057001747, 0.00545990094543, -0.00390338199213, 0.00416589388624, -0.00270458380692, 0.00238837883808], [0.00222058524378, -0.00293843098916, 0.00523324403912, -0.00361363776028, 0.00420070858672, -0.000708067032974, -0.0010273886146, 0.00438764831051, -0.00439561950043, 0.0055705299601, -0.00396293308586, 0.00263657676987, -0.00193365477026], [-0.00178686715662, 0.00398873491213, -0.00361363776028, 0.00608928129077, -0.00282625854015, 0.00109820358921, 0.00239257374778, -0.00413217023015, 0.00685733603314, -0.00645185308531, 0.0066961585544, -0.0039536501281, 0.00166034395806], [0.00191927095875, -0.00081995408982, 0.00420070858672, -0.00282625854015, 0.00944624934345, -0.00188465625979, 0.00408106343821, 0.000803077011369, -0.00164400797803, 0.00666444096714, -0.00563458539546, 0.00566706992686, -0.00195460091345], [-0.000402365083573, 0.00103099585976, -0.000708067032974, 0.00109820358921, -0.00188465625979, 0.009466631338, -0.00966351572424, 0.00741069670767, -0.00319363852032, -0.00202446361072, 0.00594278797507, -0.00319483224303, 0.00358568271622], [-0.000136058981298, 0.00246568815783, -0.0010273886146, 0.00239257374778, 0.00408106343821, -0.00966351572424, 0.0188519544899, -0.0153415761888, 0.0112838950008, -0.00273818988353, -0.00209765997715, 0.00168549164664, -0.000250996468822], [0.00126507075038, -0.00285057001747, 0.00438764831051, -0.00413217023015, 0.000803077011369, 0.00741069670767, -0.0153415761888, 0.0212501976639, -0.0150914974511, 0.0106750857085, -0.00385954487137, 0.000735322828405, 0.000969592481852], [-0.00177239498589, 0.00545990094543, -0.00439561950043, 0.00685733603314, -0.00164400797803, -0.00319363852032, 0.0112838950008, -0.0150914974511, 0.0278959572315, -0.0223185792565, 0.0150336865336, -0.00746629619971, 0.00152339227498], [0.00205285311677, -0.00390338199213, 0.0055705299601, -0.00645185308531, 0.00666444096714, -0.00202446361072, -0.00273818988353, 0.0106750857085, -0.0223185792565, 0.0296827442944, -0.0198159478605, 0.0128734447062, -0.00250452850014], [-0.0014103311114, 0.00416589388624, -0.00396293308586, 0.0066961585544, -0.00563458539546, 0.00594278797507, -0.00209765997715, -0.00385954487137, 0.0150336865336, -0.0198159478605, 0.029239019379, -0.0183640252799, 0.0110609307885], [0.0011937848758, -0.00270458380692, 0.00263657676987, -0.0039536501281, 0.00566706992686, -0.00319483224303, 0.00168549164664, 0.000735322828405, -0.00746629619971, 0.0128734447062, -0.0183640252799, 0.0283946990967, -0.0142845408991], [-0.000440713833086, 0.00238837883808, -0.00193365477026, 0.00166034395806, -0.00195460091345, 0.00358568271622, -0.000250996468822, 0.000969592481852, 0.00152339227498, -0.00250452850014, 0.0110609307885, -0.0142845408991, 0.0228798221797]]
    },
    "melbands": {
        "mean": [1.08449633274e-07, 2.98604561522e-07, 9.68492486209e-07, 4.27887862315e-05, 0.000157146598212, 0.000356683274731, 0.00070628314279, 0.000931430316996, 0.000581472064368, 0.000259238528088, 0.000108830136014, 6.63887840346e-05, 6.8384448241e-05, 7.48711827327e-05, 8.10859928606e-05, 7.81736671343e-05, 7.59867034503e-05, 6.71044763294e-05, 4.87513862026e-05, 4.12910922023e-05, 3.0176837754e-05, 1.49153302118e-05, 5.85497400607e-06, 4.61728495793e-06, 4.547493063e-06, 1.78384152605e-06, 9.46659994838e-08, 1.55839199323e-08, 1.09532152237e-08, 8.34907609715e-09, 6.29286134313e-09, 4.32339897216e-09, 2.92156276949e-09, 1.81461812243e-09, 1.07811970462e-09, 6.94376667276e-10, 4.70473437986e-10, 3.02703834221e-10, 2.25708174373e-10, 1.50191761805e-10],
        "stdev": [3.99246488314e-07, 1.22720382478e-06, 3.09852725877e-06, 0.000120563883684, 0.000483419396915, 0.000726305530407, 0.00123596633784, 0.0017231842503, 0.00117959268391, 0.000713217421435, 0.000367483618902, 0.000233491053223, 0.000208792072954, 0.000205589705729, 0.000194604101125, 0.000179600334377, 0.000184552976862, 0.000182073708856, 0.000135066162329, 0.000112672540126, 5.97649304837e-05, 2.89536837954e-05, 1.34923739097e-05, 1.19334436022e-05, 1.54363533511e-05, 5.13423174198e-06, 1.97096142074e-07, 7.9649268514e-08, 5.69935565409e-08, 4.47121912828e-08, 3.59095864155e-08, 2.63405670609e-08, 1.78979160381e-08, 9.11971298478e-09, 4.32302504905e-09, 2.35859443087e-09, 1.50017520628e-09, 8.82846074024e-10, 6.37795205538e-10, 4.10251249638e-10]
    },
    "melbands128": {
        "mean": [1.37317556437e-07, 1.04166929304e-07, 8.6698854318e-08, 1.32924782292e-07, 2.85021769741e-07, 4.7325079322e-07, 5.16022453212e-07, 5.42839529771e-07, 2.80516860585e-06, 1.54000681505e-05, 6.2759318098e-05, 0.000143580604345, 0.000154583118274, 0.000190081496839, 0.000305609282805, 0.000460231967736, 0.000572527234908, 0.000699393567629, 0.000897300895303, 0.00102474843152, 0.000926055770833, 0.000766577839386, 0.000527867930941, 0.000423887569923, 0.000320941879181, 0.000193723535631, 0.000116308459837, 0.000115024864499, 8.68391798576e-05, 5.87118702242e-05, 6.53276074445e-05, 6.65741245029e-05, 6.63625323796e-05, 7.25262289052e-05, 6.96246570442e-05, 7.61591727496e-05, 8.19180932012e-05, 7.93729777797e-05, 8.67207054398e-05, 7.30347019271e-05, 7.61311966926e-05, 8.4330815298e-05, 7.55787841626e-05, 7.57205416448e-05, 6.45925465506e-05, 6.97425566614e-05, 6.32250666968e-05, 5.40735636605e-05, 3.88782318623e-05, 3.93859118049e-05, 4.66971250717e-05, 3.71188616555e-05, 3.16854602715e-05, 2.8410284358e-05, 2.31137528317e-05, 1.38536333907e-05, 8.00920406618e-06, 5.63744242754e-06, 5.47811941942e-06, 5.23898734173e-06, 4.68817825094e-06, 4.03009744332e-06, 4.20498645326e-06, 5.25371979165e-06, 4.27572604167e-06, 1.57026795478e-06, 4.39969738864e-07, 1.20287239724e-07, 3.36074919005e-08, 1.82324448872e-08, 1.52623602645e-08, 1.48427714564e-08, 1.19576730739e-08, 1.03198321e-08, 9.55610968134e-09, 8.65893756696e-09, 7.80499309627e-09, 7.07510672271e-09, 6.27010843246e-09, 5.35576694105e-09, 4.61639837468e-09, 3.92591825715e-09, 3.41741857035e-09, 2.91466006885e-09, 2.42845943355e-09, 2.05729233649e-09, 1.56865209711e-09, 1.36863809175e-09, 1.08205377991e-09, 8.6054846582e-10, 7.37917726923e-10, 6.6975286428e-10, 5.76167280553e-10, 4.88684814837e-10, 3.94605681464e-10, 3.28793825499e-10, 2.88458784636e-10, 2.51715898125e-10, 2.38393416119e-10, 2.08201386687e-10, 1.75635297972e-10, 1.39981595759e-10, 1.20166099293e-10, 1.08024769685e-10, 1.0260954586e-10, 9.86500742206e-11, 8.83704151522e-11, 8.41074709879e-11, 8.44849190607e-11, 7.66644248085e-11, 3.14874550045e-11, 3.17711586206e-11, 4.28571102218e-11, 6.20238721494e-11, 7.96769455969e-11, 1.00774527612e-10, 1.15665088618e-10, 3.91745004491e-11, 7.8157452732e-11, 1.79576675752e-09, 1.68735354578e-08, 2.35518502478e-08, 2.82563433984e-07, 5.22995946994e-07, 1.40380818081e-08, 1.04283488511e-08, 9.83164660795e-10, 1.00777485315e-11],
        "stdev": [4.2046272597e-07, 4.36486061517e-07, 4.02362587693e-07, 6.03645787578e-07, 1.136218998e-06, 2.36558616962e-06, 3.80288088309e-06, 3.19718037645e-06, 6.97413543094e-06, 3.44438631146e-05, 0.000192981795408, 0.00053971161833, 0.000692429195624, 0.00083581218496, 0.000812738086097, 0.00123293080833, 0.00152924028225, 0.00165970309172, 0.00231511495076, 0.00257544964552, 0.00238477415405, 0.00200551655143, 0.00149023800623, 0.00138019153383, 0.00112016836647, 0.000813969178125, 0.00047184061259, 0.000516480999067, 0.000434626534116, 0.000299185019685, 0.000296699377941, 0.000278827123111, 0.000255538179772, 0.000277341343462, 0.00025017579901, 0.000266730610747, 0.000272624311037, 0.000246365059866, 0.000258151179878, 0.000215170395677, 0.000229125071201, 0.000250400305958, 0.000229991201195, 0.000247899908572, 0.000207464487175, 0.00025228591403, 0.000210966580198, 0.000204160183785, 0.000124313068227, 0.000128725107061, 0.000163327640621, 0.000106530031189, 7.60422408348e-05, 6.16321995039e-05, 5.2818977565e-05, 3.23015374306e-05, 1.85892786249e-05, 1.42284443427e-05, 1.67398484336e-05, 1.46057518577e-05, 1.35755371957e-05, 1.26789900605e-05, 1.5794117644e-05, 2.35694315052e-05, 1.5152956621e-05, 4.33229661212e-06, 9.91105594039e-07, 2.61282792735e-07, 9.54491810035e-08, 8.27109616353e-08, 7.81935014516e-08, 9.72262341747e-08, 6.1512736238e-08, 5.36518776073e-08, 5.51083516598e-08, 4.8075811776e-08, 4.13238154806e-08, 4.08014386721e-08, 3.85162230998e-08, 2.95718489696e-08, 2.84098238268e-08, 2.66047539554e-08, 2.12635029584e-08, 1.77315264693e-08, 1.49477301647e-08, 1.12037596978e-08, 7.10763403688e-09, 6.53133946926e-09, 4.47091297318e-09, 3.16385029286e-09, 2.64942823236e-09, 2.31870678213e-09, 1.94723659419e-09, 1.62402991055e-09, 1.28266863797e-09, 1.01552610765e-09, 8.83226047854e-10, 7.26104620874e-10, 7.1674177704e-10, 6.16764916916e-10, 5.33114496992e-10, 3.86053272683e-10, 3.23162246962e-10, 2.84563539399e-10, 2.1398009753e-10, 1.87396348439e-10, 1.47025919217e-10, 1.27771071501e-10, 1.22335516717e-10, 1.10765903394e-10, 8.12942768658e-11, 9.65395541286e-11, 1.24748003594e-10, 1.6178790252e-10, 1.95530688862e-10, 2.34398001009e-10, 3.33386290796e-10, 1.6418512383e-10, 3.35826866316e-10, 1.88324977834e-09, 1.09603357501e-08, 1.21955006094e-08, 4.75565151703e-08, 8.96321949995e-08, 9.00968100126e-09, 8.31872259965e-09, 1.11399445224e-09, 3.91112593701e-11]
    },
    "mfcc": {
        "mean": [-856.434814453, 168.230133057, -85.0542984009, -42.9198226929, 0.522488713264, -47.5541648865, -44.178943634, -18.5495281219, -26.0429439545, -11.7328128815, 4.01087856293, -5.03055429459, 0.419170171022],
        "cov": [[11411.8564453, 5704.32910156, -3187.67456055, -846.646911621, -569.973693848, -1675.66491699, -879.548278809, -183.746948242, -633.374389648, -161.873382568, 119.464553833, -195.010604858, -50.553730011], [5704.32910156, 3673.57250977, -1134.24853516, -786.6484375, -488.147003174, -985.130004883, -520.497741699, -211.630447388, -450.20993042, -258.598144531, -29.6761722565, -39.6794204712, 16.31300354], [-3187.67456055, -1134.24853516, 1686.63049316, 240.4894104, -158.563156128, 527.434082031, 204.852920532, -76.4870300293, 146.572616577, -99.000328064, -179.630065918, 119.96471405, 37.6796188354], [-846.646911621, -786.6484375, 240.4894104, 606.26385498, 284.186553955, 63.0139198303, -24.3418331146, 22.7974586487, 33.6293869019, -22.5172843933, -97.1398925781, -106.914909363, -27.2253761292], [-569.973693848, -488.147003174, -158.563156128, 284.186553955, 465.585479736, 22.2971172333, -150.718978882, -62.4953536987, -28.45728302, -18.770904541, -52.4626235962, -110.786727905, -34.3164215088], [-1675.66491699, -985.130004883, 527.434082031, 63.0139198303, 22.2971172333, 596.928466797, 220.59526062, -55.7686462402, 189.412506104, 119.98274231, 14.3932170868, 92.7571411133, -11.2738275528], [-879.548278809, -520.497741699, 204.852920532, -24.3418331146, -150.718978882, 220.59526062, 420.462921143, 235.581588745, 84.5866928101, 72.4710922241, 87.9036407471, 65.1110534668, 6.99082803726], [-183.746948242, -211.630447388, -76.4870300293, 22.7974586487, -62.4953536987, -55.7686462402, 235.581588745, 301.75479126, 69.4268875122, 6.98675203323, 43.7156562805, 10.0052614212, 9.80941963196], [-633.374389648, -450.20993042, 146.572616577, 33.6293869019, -28.45728302, 189.412506104, 84.5866928101, 69.4268875122, 231.069656372, 133.933944702, 7.02848911285, 40.2431640625, 15.4770612717], [-161.873382568, -258.598144531, -99.000328064, -22.5172843933, -18.770904541, 119.98274231, 72.4710922241, 6.98675203323, 133.933944702, 222.665603638, 125.537147522, 22.59856987, 1.62682306767], [119.464553833, -29.6761722565, -179.630065918, -97.1398925781, -52.4626235962, 14.3932170868, 87.9036407471, 43.7156562805, 7.02848911285, 125.537147522, 197.910446167, 85.1170578003, -9.36528682709], [-195.010604858, -39.6794204712, 119.96471405, -106.914909363, -110.786727905, 92.7571411133, 65.1110534668, 10.0052614212, 40.2431640625, 22.59856987, 85.1170578003, 164.244140625, 51.9669189453], [-50.553730011, 16.31300354, 37.6796188354, -27.2253761292, -34.3164215088, -11.2738275528, 6.99082803726, 9.80941963196, 15.4770612717, 1.62682306767, -9.36528682709, 51.9669189453, 108.206863403]],
        "icov": [[0.0204133410007, -0.0290339309722, 0.0304112862796, -0.0321599766612, 0.0338241644204, -0.0339182466269, 0.0335989035666, -0.0304328184575, 0.0252975765616, -0.0192663818598, 0.0128818582743, -0.00695217726752, 0.00413896376267], [-0.0290339309722, 0.0428076200187, -0.0425552912056, 0.0465845391154, -0.0465063415468, 0.049644369632, -0.0472308024764, 0.04403366521, -0.0346037708223, 0.0268922690302, -0.0163395423442, 0.00876209512353, -0.00507273804396], [0.0304112862796, -0.0425552912056, 0.0471655614674, -0.0484913364053, 0.0519990921021, -0.0504036918283, 0.0490150116384, -0.0431271530688, 0.0367517583072, -0.0267500057817, 0.020289933309, -0.0112853702158, 0.00630279490724], [-0.0321599766612, 0.0465845391154, -0.0484913364053, 0.0544089898467, -0.0545701086521, 0.0545191057026, -0.0522029325366, 0.0467794425786, -0.0382252186537, 0.0282595735043, -0.0179168507457, 0.0106898527592, -0.00560892280191], [0.0338241644204, -0.0465063415468, 0.0519990921021, -0.0545701086521, 0.0636214762926, -0.0592504777014, 0.061503957957, -0.0531668812037, 0.0454860031605, -0.0311322975904, 0.0208383090794, -0.0088550420478, 0.00584468943998], [-0.0339182466269, 0.049644369632, -0.0504036918283, 0.0545191057026, -0.0592504777014, 0.0697406306863, -0.0691228881478, 0.0660756155849, -0.0530607290566, 0.0368109308183, -0.020790733397, 0.00792627502233, -0.00368073955178], [0.0335989035666, -0.0472308024764, 0.0490150116384, -0.0522029325366, 0.061503957957, -0.0691228881478, 0.0797294527292, -0.0759695768356, 0.0632869377732, -0.0479352548718, 0.0286932215095, -0.0139051247388, 0.00748461391777], [-0.0304328184575, 0.04403366521, -0.0431271530688, 0.0467794425786, -0.0531668812037, 0.0660756155849, -0.0759695768356, 0.081924200058, -0.0706681907177, 0.0591483004391, -0.0391798727214, 0.0213638152927, -0.0109970113263], [0.0252975765616, -0.0346037708223, 0.0367517583072, -0.0382252186537, 0.0454860031605, -0.0530607290566, 0.0632869377732, -0.0706681907177, 0.0801333934069, -0.0713501051068, 0.055326897651, -0.0339013487101, 0.0165159646422], [-0.0192663818598, 0.0268922690302, -0.0267500057817, 0.0282595735043, -0.0311322975904, 0.0368109308183, -0.0479352548718, 0.0591483004391, -0.0713501051068, 0.0788065046072, -0.0638463869691, 0.0416821315885, -0.0214567892253], [0.0128818582743, -0.0163395423442, 0.020289933309, -0.0179168507457, 0.0208383090794, -0.020790733397, 0.0286932215095, -0.0391798727214, 0.055326897651, -0.0638463869691, 0.0663341805339, -0.0448739118874, 0.0233873985708], [-0.00695217726752, 0.00876209512353, -0.0112853702158, 0.0106898527592, -0.0088550420478, 0.00792627502233, -0.0139051247388, 0.0213638152927, -0.0339013487101, 0.0416821315885, -0.0448739118874, 0.0412011817098, -0.0204189885408], [0.00413896376267, -0.00507273804396, 0.00630279490724, -0.00560892280191, 0.00584468943998, -0.00368073955178, 0.00748461391777, -0.0109970113263, 0.0165159646422, -0.0214567892253, 0.0233873985708, -0.0204189885408, 0.0201082676649]]
    },
    "spectral_contrast_coeffs": {
        "mean": [-0.5794531703, -0.730835139751, -0.808849990368, -0.795320212841, -0.655526101589, -0.854910731316],
        "stdev": [0.124530375004, 0.117942482233, 0.0825703367591, 0.0733182802796, 0.103216506541, 0.0401998274028]
    },
    "spectral_contrast_valleys": {
        "mean": [-11.0474481583, -7.43953132629, -8.28585338593, -8.10331535339, -10.7486810684, -13.9129095078],
        "stdev": [1.37408459187, 1.81884384155, 1.70204532146, 1.59483265877, 1.25748610497, 0.836947023869]
    }
},
"rhythm": {
    "beats_count": 141,
    "beats_loudness": {
        "mean": 0.0297897867858,
        "stdev": 0.0206646677107
    },
    "bpm": 129.069976807,
    "bpm_histogram_first_peak_bpm": 129,
    "bpm_histogram_first_peak_weight": 0.400000035763,
    "bpm_histogram_second_peak_bpm": 123,
    "bpm_histogram_second_peak_spread": 0.263157904148,
    "bpm_histogram_second_peak_weight": 0.10000000149,
    "danceability": 1.8117505312,
    "onset_rate": 5.31257104874,
    "beats_loudness_band_ratio": {
        "mean": [0.00107182504144, 0.144080102444, 0.56732738018, 0.160991802812, 0.122345931828, 0.0503972321749],
        "stdev": [0.00250966288149, 0.184409976006, 0.242628723383, 0.121149688959, 0.142308458686, 0.168891325593]
    },
    "beats_position": [0.522448956966, 1.04489791393, 1.55573689938, 2.07818579674, 2.61224484444, 3.15791368484, 3.7151927948, 4.2492518425, 4.79492044449, 5.32897949219, 5.89786815643, 6.47836732864, 7.03564596176, 7.55809497833, 8.09215450287, 8.62621307373, 9.07900238037, 9.55501079559, 10.077460289, 10.5650787354, 11.0526981354, 11.5170974731, 11.9814968109, 12.445895195, 12.933514595, 13.3979139328, 13.8623123169, 14.3267116547, 14.7911109924, 15.1858501434, 15.5573692322, 15.9521083832, 16.3236274719, 16.7183666229, 17.1131057739, 17.5310649872, 17.995464325, 18.4714736938, 18.9126529694, 19.3886623383, 19.8298416138, 20.2826309204, 20.7470283508, 21.2230377197, 21.6642169952, 22.1053962708, 22.5814056396, 23.1038551331, 23.6379127502, 24.1255321503, 24.6131515503, 25.1007709503, 25.5651702881, 26.0295696259, 26.470746994, 26.9351463318, 27.3995456696, 27.8639450073, 28.316734314, 28.7811336517, 29.2571430206, 29.7679805756, 30.2788200378, 30.8012695312, 31.3237190247, 31.8577766418, 32.391834259, 32.8910636902, 33.3902931213, 33.8779144287, 34.3423118591, 34.8067131042, 35.2943305969, 35.7703399658, 36.2463493347, 36.7339668274, 37.244808197, 37.7788658142, 38.3245353699, 38.8121528625, 39.3113822937, 39.7989997864, 40.309841156, 40.8322906494, 41.3315200806, 41.8191375732, 42.2835350037, 42.7479362488, 43.2007255554, 43.6535148621, 44.1063041687, 44.5707015991, 45.0234909058, 45.5111083984, 46.0103378296, 46.4863471985, 46.9739685059, 47.4383659363, 47.9027671814, 48.3671646118, 48.8315620422, 49.2263031006, 49.6326522827, 50.0157814026, 50.4337387085, 50.8284797668, 51.2464370728, 51.6643981934, 52.0126991272, 52.3609962463, 52.6744651794, 53.0343742371, 53.3710632324, 53.696144104, 53.9863929749, 54.2882537842, 54.5901107788, 54.8919715881, 55.2054405212, 55.5073013306, 55.8207702637, 56.1458511353, 56.4709281921, 56.7960090637, 57.1210861206, 57.4345550537, 57.7480278015, 58.0731048584, 58.39818573, 58.7116546631, 59.03673172, 59.4430847168, 59.8378219604, 60.2093429565, 60.6040802002, 61.0104293823, 61.4051704407, 61.7999076843, 62.2062568665, 62.6009979248, 62.9957351685],
    "bpm_histogram": [0, 0, 0, 0, 0, 0, 0, 0, 0, 0, 0, 0, 0, 0, 0, 0, 0, 0, 0, 0, 0, 0, 0, 0, 0, 0, 0, 0, 0, 0, 0, 0, 0, 0, 0, 0, 0, 0, 0, 0, 0, 0, 0, 0, 0, 0, 0, 0, 0, 0, 0, 0, 0, 0, 0, 0, 0, 0, 0, 0, 0, 0, 0, 0, 0, 0, 0, 0, 0, 0, 0, 0, 0, 0, 0, 0, 0, 0, 0, 0, 0, 0, 0, 0, 0, 0, 0, 0, 0, 0, 0, 0, 0, 0, 0, 0, 0, 0, 0, 0, 0, 0, 0, 0.00714285718277, 0, 0.00714285718277, 0, 0, 0.0142857143655, 0, 0.021428572014, 0, 0.0642857179046, 0, 0, 0.0571428574622, 0, 0.0357142873108, 0, 0, 0.0357142873108, 0, 0, 0.10000000149, 0, 0, 0.0642857179046, 0, 0, 0.171428576112, 0, 0, 0, 0.0500000007451, 0, 0, 0.0357142873108, 0, 0, 0, 0, 0, 0, 0, 0.0285714287311, 0, 0, 0, 0.0285714287311, 0, 0, 0, 0.0857142880559, 0, 0, 0, 0, 0.00714285718277, 0, 0, 0, 0.021428572014, 0, 0, 0, 0, 0, 0.00714285718277, 0, 0, 0, 0, 0.0142857143655, 0, 0, 0, 0, 0, 0.00714285718277, 0, 0, 0, 0, 0, 0, 0.0571428574622, 0, 0, 0, 0, 0, 0.0428571440279, 0, 0, 0, 0, 0, 0, 0, 0.0285714287311, 0, 0, 0, 0, 0, 0, 0, 0.00714285718277, 0, 0, 0, 0, 0, 0, 0, 0, 0, 0, 0, 0, 0, 0, 0, 0, 0, 0, 0, 0, 0, 0, 0, 0, 0, 0, 0, 0, 0, 0, 0, 0, 0, 0, 0, 0, 0, 0, 0, 0, 0, 0]
},
"tonal": {
    "chords_changes_rate": 0.189642593265,
    "chords_number_rate": 0.0153172863647,
    "chords_strength": {
        "mean": 0.419625997543,
        "stdev": 0.0894201025367
    },
    "hpcp_crest": {
        "mean": 12.1444044113,
        "stdev": 5.39819335938
    },
    "hpcp_entropy": {
        "mean": 2.17533349991,
        "stdev": 0.806791365147
    },
    "key_edma": {
        "strength": 0.248854577541,
        "key": "C",
        "scale": "major"
    },
    "key_krumhansl": {
        "strength": 0.254766851664,
        "key": "C",
        "scale": "major"
    },
    "key_temperley": {
        "strength": 0.26638674736,
        "key": "C",
        "scale": "major"
    },
    "tuning_diatonic_strength": 0.249170154333,
    "tuning_equal_tempered_deviation": 0.235034659505,
    "tuning_frequency": 433.942382812,
    "tuning_nontempered_energy_ratio": 0.894533932209,
    "hpcp": {
        "mean": [0.190702527761, 0.176563441753, 0.183076605201, 0.200653582811, 0.196354016662, 0.179974973202, 0.177779093385, 0.204687073827, 0.218249902129, 0.214571967721, 0.203246757388, 0.189251899719, 0.19086830318, 0.194140851498, 0.180223107338, 0.168258517981, 0.167862921953, 0.155106157064, 0.138602420688, 0.133164271712, 0.138353124261, 0.147974029183, 0.141851305962, 0.132499873638, 0.13605247438, 0.152999535203, 0.156678587198, 0.149701148272, 0.154563724995, 0.158676832914, 0.173253297806, 0.189978286624, 0.192490562797, 0.18328243494, 0.186297342181, 0.1950211972],
        "stdev": [0.267295747995, 0.249235630035, 0.254656374454, 0.270497262478, 0.268247574568, 0.257260620594, 0.259700387716, 0.278816252947, 0.283095449209, 0.278412818909, 0.272312343121, 0.253701388836, 0.257488876581, 0.25873619318, 0.248700141907, 0.226498678327, 0.233401417732, 0.215768069029, 0.207822754979, 0.201981559396, 0.208552211523, 0.21829675138, 0.220482468605, 0.2083671242, 0.217629179358, 0.233039647341, 0.235692873597, 0.224651053548, 0.225138857961, 0.230670109391, 0.239097952843, 0.248032301664, 0.258275777102, 0.260518699884, 0.258783280849, 0.269261181355]
    },
    "chords_histogram": [2.77169942856, 0.291757851839, 12.7644052505, 2.99051785469, 2.55288100243, 4.95988321304, 2.40700221062, 2.40700221062, 1.75054705143, 7.95040130615, 1.75054705143, 2.91757845879, 8.75273513794, 2.55288100243, 5.03282260895, 2.33406281471, 7.29394578934, 2.40700221062, 5.2516412735, 11.5973739624, 0, 0, 3.57403349876, 5.68927812576],
    "thpcp": [1, 0.983148038387, 0.931257009506, 0.867133975029, 0.874540150166, 0.889534652233, 0.825764894485, 0.770944297314, 0.769131720066, 0.710681438446, 0.635062932968, 0.610145866871, 0.633920669556, 0.678002715111, 0.649949014187, 0.607101619244, 0.623379290104, 0.701029121876, 0.717886149883, 0.685916244984, 0.708196103573, 0.727041959763, 0.793829917908, 0.870462179184, 0.881973206997, 0.839782416821, 0.853596448898, 0.893568336964, 0.873780608177, 0.808996677399, 0.838839352131, 0.919375360012, 0.899675190449, 0.824627995491, 0.814566671848, 0.937856435776],
    "chords_key": "G",
    "chords_scale": "major"
}
}