{
"metadata": {
    "version": {
        "essentia": "2.1-dev",
        "essentia_git_sha": "v2.1_beta3-415-gd5473f3",
        "extractor": "music 2.0"
    },
    "audio_properties": {
        "analysis": {
            "equal_loudness": 0,
            "length": 62.4065322876,
            "sample_rate": 44100,
            "start_time": 0,
            "downmix": "mix"
        },
        "bit_rate": 192000,
        "length": 62.4065322876,
        "lossless": 0,
        "number_channels": 2,
        "replay_gain": -3.9218082428,
        "sample_rate": 44100,
        "codec": "mp3",
        "md5_encoded": "985b9b9b64fc8980972ce139896e2fbd"
    },
    "tags": {
        "file_name": "tlfno_hombre.mp3",
        "date": ["2004"],
        "engineer": ["rosamerica tamyo"]
    }
},
"lowlevel": {
    "average_loudness": 0.918760895729,
    "barkbands_crest": {
        "mean": 12.3143358231,
        "stdev": 5.12815999985
    },
    "barkbands_flatness_db": {
        "mean": 0.287037760019,
        "stdev": 0.0566955469549
    },
    "barkbands_kurtosis": {
        "mean": 10.3759460449,
        "stdev": 16.7999744415
    },
    "barkbands_skewness": {
        "mean": 1.07947301865,
        "stdev": 2.60270524025
    },
    "barkbands_spread": {
        "mean": 18.9160995483,
        "stdev": 19.6594276428
    },
    "dissonance": {
        "mean": 0.438783884048,
        "stdev": 0.0583934150636
    },
    "dynamic_complexity": 6.18227720261,
    "erbbands_crest": {
        "mean": 11.5337076187,
        "stdev": 4.1501159668
    },
    "erbbands_flatness_db": {
        "mean": 0.333776146173,
        "stdev": 0.0886626467109
    },
    "erbbands_kurtosis": {
        "mean": 2.99358582497,
        "stdev": 6.66284561157
    },
    "erbbands_skewness": {
        "mean": 0.317712515593,
        "stdev": 1.38918185234
    },
    "erbbands_spread": {
        "mean": 17.7269115448,
        "stdev": 13.6128721237
    },
    "hfc": {
        "mean": 11.3265800476,
        "stdev": 16.96941185
    },
    "loudness_ebu128": {
        "integrated": -22.6986713409,
        "loudness_range": 2.65754699707,
        "momentary": {
            "mean": -23.7778015137,
            "stdev": 3.34557294846
        },
        "short_term": {
            "mean": -22.9389343262,
            "stdev": 0.917926490307
        }
    },
    "melbands_crest": {
        "mean": 12.8634529114,
        "stdev": 4.98124933243
    },
    "melbands_flatness_db": {
        "mean": 0.33176997304,
        "stdev": 0.103503331542
    },
    "melbands_kurtosis": {
        "mean": 7.26128578186,
        "stdev": 12.7293539047
    },
    "melbands_skewness": {
        "mean": 1.40136086941,
        "stdev": 1.92052316666
    },
    "melbands_spread": {
        "mean": 17.5729465485,
        "stdev": 16.5964756012
    },
    "pitch_salience": {
        "mean": 0.659056782722,
        "stdev": 0.174692615867
    },
    "silence_rate_20dB": {
        "mean": 1,
        "stdev": 0
    },
    "silence_rate_30dB": {
        "mean": 1,
        "stdev": 0
    },
    "silence_rate_60dB": {
        "mean": 0.440312385559,
        "stdev": 0.496422231197
    },
    "spectral_centroid": {
        "mean": 1320.65344238,
        "stdev": 836.082946777
    },
    "spectral_complexity": {
        "mean": 8.52138328552,
        "stdev": 7.69928741455
    },
    "spectral_decrease": {
        "mean": -3.0683893204e-09,
        "stdev": 4.58719373597e-09
    },
    "spectral_energy": {
        "mean": 0.0126081500202,
        "stdev": 0.018660640344
    },
    "spectral_energyband_high": {
        "mean": 3.54210096702e-05,
        "stdev": 6.99772635926e-06
    },
    "spectral_energyband_low": {
        "mean": 7.52706398544e-07,
        "stdev": 5.16277577844e-06
    },
    "spectral_energyband_middle_high": {
        "mean": 0.00336086424068,
        "stdev": 0.00579485436901
    },
    "spectral_energyband_middle_low": {
        "mean": 0.00927955191582,
        "stdev": 0.0144970603287
    },
    "spectral_entropy": {
        "mean": 6.72856283188,
        "stdev": 0.541454911232
    },
    "spectral_flux": {
        "mean": 0.0667249858379,
        "stdev": 0.0556632578373
    },
    "spectral_kurtosis": {
        "mean": 46.2504119873,
        "stdev": 21.8044986725
    },
    "spectral_rms": {
        "mean": 0.00259969197214,
        "stdev": 0.00235419324599
    },
    "spectral_rolloff": {
        "mean": 5344.00634766,
        "stdev": 7273.71630859
    },
    "spectral_skewness": {
        "mean": 4.1665263176,
        "stdev": 1.38809049129
    },
    "spectral_spread": {
        "mean": 2187075,
        "stdev": 2201798
    },
    "spectral_strongpeak": {
        "mean": 1.85987126827,
        "stdev": 1.69798958302
    },
    "zerocrossingrate": {
        "mean": 0.233925208449,
        "stdev": 0.237017899752
    },
    "barkbands": {
        "mean": [2.76979250202e-07, 1.36916071369e-07, 3.10045095375e-07, 6.94588663919e-07, 0.000217752996832, 0.00131466810126, 0.00205314299092, 0.00296100741252, 0.00257517350838, 0.000394870294258, 0.000225503565161, 0.000558186438866, 0.000666377483867, 0.000299276638543, 0.00027406035224, 0.000245949573582, 0.000398121075705, 0.000186833567568, 0.000198438865482, 1.58085094881e-06, 1.67931986539e-07, 7.98332635554e-08, 4.93910725652e-08, 3.8234990285e-08, 1.86828845727e-08, 9.71400293537e-09, 3.5398388718e-05],
        "stdev": [7.65232925914e-07, 7.87123212831e-07, 2.56163343693e-06, 3.77224364456e-06, 0.000794713268988, 0.00335221225396, 0.00415085023269, 0.00615826714784, 0.00630278838798, 0.000992538058199, 0.000656895223074, 0.00157764437608, 0.00168514274992, 0.00100123288576, 0.00104649085552, 0.000635035976302, 0.00134381849784, 0.00139200792182, 0.00128807453439, 8.6122608991e-06, 1.62396202086e-06, 6.29311557532e-07, 4.66505099439e-07, 5.19725347203e-07, 5.70159670588e-08, 2.99992919395e-08, 4.88680143462e-06]
    },
    "erbbands": {
        "mean": [5.5129530665e-06, 3.97476433136e-05, 0.00032945946441, 0.00233836658299, 0.0510798953474, 0.740789234638, 5.42128324509, 12.2319049835, 25.6810207367, 41.4368171692, 72.2961807251, 59.9447174072, 20.9990119934, 10.2903251648, 12.0268182755, 24.8533725739, 30.5245990753, 18.5041236877, 14.324552536, 13.1931419373, 16.1847877502, 21.5479240417, 9.99791526794, 13.6807317734, 5.37179136276, 0.247855305672, 0.0194214694202, 0.00633171526715, 0.00328927091323, 0.00208414718509, 0.00134611083195, 0.00096377893351, 0.000562261790037, 0.00025134999305, 0.000133419787744, 7.21651740605e-05, 2.30827226915e-05, 0.000135628681164, 0.00188861135393, 0.001039826544],
        "stdev": [2.84574744001e-05, 0.000202120427275, 0.00200444250368, 0.00904877111316, 0.0769566074014, 2.17705869675, 15.1888713837, 33.7144126892, 51.2599182129, 83.8011627197, 152.641296387, 148.153121948, 50.9391517639, 27.1401748657, 34.6726264954, 64.9649658203, 75.451210022, 54.8845100403, 50.2512397766, 41.2445526123, 40.2764511108, 72.0347290039, 48.1566543579, 100.180290222, 32.8456687927, 1.3682590723, 0.142608851194, 0.0445248708129, 0.0240265093744, 0.0181239880621, 0.0128065422177, 0.0116676837206, 0.00802862737328, 0.00154680758715, 0.000204966578167, 0.000135222187964, 5.76173588342e-05, 8.47345436341e-05, 0.000293805816909, 0.000143659708556]
    },
    "gfcc": {
        "mean": [-232.675598145, 89.4800415039, -171.455551147, -90.1620864868, -23.553730011, -81.812210083, -42.2129669189, -16.1233654022, 2.61067175865, -25.1087799072, 15.5313253403, -8.72325515747, 3.11348176003],
        "cov": [[9577.97363281, 4688.13671875, -3087.40063477, -1881.77172852, -1029.73657227, -1129.65490723, -685.515197754, 56.5246391296, -91.4654159546, 46.1426391602, 48.6314163208, -54.9417648315, -414.390960693], [4688.13671875, 3491.49438477, -746.13293457, -1574.17260742, -992.244873047, -633.086608887, -483.50668335, -173.358947754, -134.465637207, -106.926551819, -31.4372158051, 26.0482292175, -163.478240967], [-3087.40063477, -746.13293457, 1943.50878906, 470.018798828, -89.6445007324, 206.883132935, 43.6373672485, -203.4271698, -61.2986183167, -156.063156128, -92.1687164307, 89.9071731567, 210.669113159], [-1881.77172852, -1574.17260742, 470.018798828, 1208.99523926, 545.481506348, -39.3880500793, 2.90656542778, 53.9196586609, 2.20952987671, 13.3712682724, 11.6417617798, 11.8411512375, 107.555992126], [-1029.73657227, -992.244873047, -89.6445007324, 545.481506348, 521.701721191, 127.161575317, 22.7415084839, 37.5587539673, 54.1082000732, 60.9100341797, 23.6887245178, -32.5209617615, 29.5532455444], [-1129.65490723, -633.086608887, 206.883132935, -39.3880500793, 127.161575317, 582.137390137, 298.646331787, -7.92077493668, 92.5871429443, 57.2956314087, -44.0849914551, -32.1163253784, 2.51043820381], [-685.515197754, -483.50668335, 43.6373672485, 2.90656542778, 22.7415084839, 298.646331787, 369.586761475, 125.907043457, -17.654378891, 7.89591407776, 24.9121189117, -7.95196247101, -16.3932247162], [56.5246391296, -173.358947754, -203.4271698, 53.9196586609, 37.5587539673, -7.92077493668, 125.907043457, 164.815994263, 17.3792705536, -1.67236840725, 24.1938610077, 0.251253068447, -19.5863018036], [-91.4654159546, -134.465637207, -61.2986183167, 2.20952987671, 54.1082000732, 92.5871429443, -17.654378891, 17.3792705536, 151.313079834, 74.3759994507, -43.0693435669, -31.5398292542, -0.324418067932], [46.1426391602, -106.926551819, -156.063156128, 13.3712682724, 60.9100341797, 57.2956314087, 7.89591407776, -1.67236840725, 74.3759994507, 116.078018188, 20.8267669678, -45.5990371704, -29.890707016], [48.6314163208, -31.4372158051, -92.1687164307, 11.6417617798, 23.6887245178, -44.0849914551, 24.9121189117, 24.1938610077, -43.0693435669, 20.8267669678, 89.9855575562, 21.1528282166, -22.9156360626], [-54.9417648315, 26.0482292175, 89.9071731567, 11.8411512375, -32.5209617615, -32.1163253784, -7.95196247101, 0.251253068447, -31.5398292542, -45.5990371704, 21.1528282166, 76.2357711792, 29.338968277], [-414.390960693, -163.478240967, 210.669113159, 107.555992126, 29.5532455444, 2.51043820381, -16.3932247162, -19.5863018036, -0.324418067932, -29.890707016, -22.9156360626, 29.338968277, 76.564125061]],
        "icov": [[0.00304181757383, -0.00417827581987, 0.00483493413776, -0.00440922379494, 0.00389689859003, -0.00177313969471, 0.000476197252283, 0.000962497200817, -0.00153098825831, 0.00220008962788, -0.00146485923324, 0.000880089122802, -0.000588634400629], [-0.00417827581987, 0.00849863234907, -0.00644977483898, 0.00859752390534, -0.0035027093254, 0.00333147426136, 0.00245223450474, -0.00227319030091, 0.00521418778226, -0.00467276060954, 0.00499857030809, -0.00269443145953, 0.00311374734156], [0.00483493413776, -0.00644977483898, 0.00951168034226, -0.00853712391108, 0.00866960268468, -0.00381367630325, 0.000368842971511, 0.00449130265042, -0.00445527583361, 0.00738866114989, -0.00503653241321, 0.00330324051902, -0.00368307786994], [-0.00440922379494, 0.00859752390534, -0.00853712391108, 0.0125932004303, -0.0089225936681, 0.00620945589617, 0.000945691310335, -0.00429064547643, 0.0075192861259, -0.00956342555583, 0.00952142942697, -0.00588749488816, 0.0040420028381], [0.00389689859003, -0.0035027093254, 0.00866960268468, -0.0089225936681, 0.0157813206315, -0.00791155453771, 0.00746553530917, -0.000136197268148, -0.00151122245006, 0.0071580009535, -0.0085372403264, 0.00708605861291, -0.00445892987773], [-0.00177313969471, 0.00333147426136, -0.00381367630325, 0.00620945589617, -0.00791155453771, 0.0136635499075, -0.0131494766101, 0.010085336864, -0.00619283644482, -0.00177575473208, 0.00719208689407, -0.00553153036162, 0.00521008856595], [0.000476197252283, 0.00245223450474, 0.000368842971511, 0.000945691310335, 0.00746553530917, -0.0131494766101, 0.0251032970846, -0.0211964268237, 0.0181564763188, -0.00835399888456, 0.00135345116723, 0.00155071052723, -0.000401662575314], [0.000962497200817, -0.00227319030091, 0.00449130265042, -0.00429064547643, -0.000136197268148, 0.010085336864, -0.0211964268237, 0.0311103388667, -0.023173648864, 0.0189175698906, -0.00975746661425, 0.0030053537339, 0.000382334168535], [-0.00153098825831, 0.00521418778226, -0.00445527583361, 0.0075192861259, -0.00151122245006, -0.00619283644482, 0.0181564763188, -0.023173648864, 0.0372075997293, -0.0308210793883, 0.0238337144256, -0.0107651352882, 0.00267224712297], [0.00220008962788, -0.00467276060954, 0.00738866114989, -0.00956342555583, 0.0071580009535, -0.00177575473208, -0.00835399888456, 0.0189175698906, -0.0308210793883, 0.0452357828617, -0.0312464442104, 0.0222066938877, -0.00495123956352], [-0.00146485923324, 0.00499857030809, -0.00503653241321, 0.00952142942697, -0.0085372403264, 0.00719208689407, 0.00135345116723, -0.00975746661425, 0.0238337144256, -0.0312464442104, 0.0436399392784, -0.0253602843732, 0.0147620830685], [0.000880089122802, -0.00269443145953, 0.00330324051902, -0.00588749488816, 0.00708605861291, -0.00553153036162, 0.00155071052723, 0.0030053537339, -0.0107651352882, 0.0222066938877, -0.0253602843732, 0.0343190319836, -0.0153783587739], [-0.000588634400629, 0.00311374734156, -0.00368307786994, 0.0040420028381, -0.00445892987773, 0.00521008856595, -0.000401662575314, 0.000382334168535, 0.00267224712297, -0.00495123956352, 0.0147620830685, -0.0153783587739, 0.0309311058372]]
    },
    "melbands": {
        "mean": [4.97193610727e-08, 1.13044329453e-07, 7.4021340879e-07, 1.75049681275e-05, 0.000158728915267, 0.000282239576336, 0.000395896931877, 0.000491932150908, 0.000608385715168, 0.000347305409377, 9.45908323047e-05, 4.05824575864e-05, 3.4228021832e-05, 5.59583531867e-05, 7.82439747127e-05, 5.70113988942e-05, 3.14207645715e-05, 2.23051574721e-05, 2.05283868127e-05, 1.55844336405e-05, 1.99762980628e-05, 2.45530954999e-05, 1.24817925098e-05, 8.26506493468e-06, 1.17666268125e-05, 6.6507259362e-06, 5.83913561059e-07, 1.26851409377e-08, 6.28009377834e-09, 4.21424584118e-09, 2.52986298577e-09, 1.80745041156e-09, 1.30002897336e-09, 1.02667074842e-09, 7.69687813484e-10, 6.50749398812e-10, 5.45037903699e-10, 4.01854632903e-10, 2.81996648255e-10, 1.70698677415e-10],
        "stdev": [2.52255858868e-07, 7.86315183632e-07, 1.76107255356e-06, 4.86780845677e-05, 0.00044522722601, 0.000715417147148, 0.000779780384619, 0.000980826094747, 0.00129647785798, 0.000881898682564, 0.000238306340179, 0.000108968590212, 9.89984400803e-05, 0.0001714714017, 0.000206740325666, 0.000149406041601, 0.000104626822576, 8.07996984804e-05, 7.8490076703e-05, 4.38010538346e-05, 5.27786723978e-05, 7.82842034823e-05, 6.06780195085e-05, 6.46430125926e-05, 8.87362621143e-05, 4.28923995059e-05, 3.37100618708e-06, 1.19310413993e-07, 8.45508978387e-08, 3.92924057735e-08, 1.96835028277e-08, 1.40034801532e-08, 1.15187566152e-08, 9.5849994608e-09, 7.554029402e-09, 7.88635379223e-09, 6.97043578413e-09, 6.13617645584e-09, 3.3566340818e-09, 6.38206154591e-10]
    },
    "melbands128": {
        "mean": [9.41190521075e-08, 4.3742268474e-08, 3.11668628683e-08, 5.96654174956e-08, 1.1457034077e-07, 1.64009691161e-07, 2.02468612542e-07, 4.25722305408e-07, 2.57643046098e-06, 8.60930595081e-06, 2.07135344681e-05, 8.93389296834e-05, 0.00017699089949, 0.000271697237622, 0.000256839208305, 0.000279434927506, 0.000404976482969, 0.000412889290601, 0.000380063895136, 0.000443535565864, 0.000549360294826, 0.000609955342952, 0.000648613320664, 0.000600770814344, 0.000408460502513, 0.000273459096206, 0.000138188930578, 7.5950876635e-05, 5.52348101337e-05, 4.45300720457e-05, 3.58667020919e-05, 3.06537585857e-05, 3.13922391797e-05, 3.63225699402e-05, 5.00311434735e-05, 6.00545899943e-05, 6.54606628814e-05, 8.54144818732e-05, 8.33847443573e-05, 6.62169113639e-05, 5.52712481294e-05, 3.85503444704e-05, 3.30918956024e-05, 2.70508717222e-05, 2.1425774321e-05, 2.14508490899e-05, 2.29100660363e-05, 2.26828233281e-05, 1.91793751583e-05, 1.55210200319e-05, 1.47273876792e-05, 1.54950466822e-05, 1.76594803634e-05, 2.18840086745e-05, 2.58417603618e-05, 2.60958458966e-05, 2.29836659855e-05, 1.61538500834e-05, 8.13893257146e-06, 6.27408644505e-06, 5.89801084061e-06, 1.20389231597e-05, 1.28220017359e-05, 1.14252725325e-05, 1.08025305963e-05, 7.93719846115e-06, 3.32964555128e-06, 7.37096854664e-07, 1.03191524659e-07, 2.0181810001e-08, 1.02021706638e-08, 1.01756869597e-08, 7.41387662373e-09, 5.43762901373e-09, 4.86643880748e-09, 4.59384308371e-09, 3.932468573e-09, 2.95708968423e-09, 2.29364616189e-09, 2.13239159663e-09, 1.97719485229e-09, 1.65676061759e-09, 1.40947054028e-09, 1.2895713386e-09, 1.19448173574e-09, 1.08146458455e-09, 1.00657082669e-09, 8.16351042321e-10, 8.41420433328e-10, 6.28904428535e-10, 6.5917798997e-10, 6.82398471064e-10, 5.96559579513e-10, 5.24520371581e-10, 5.71301284058e-10, 3.84142245791e-10, 4.0548150948e-10, 3.54664242419e-10, 2.94128721379e-10, 2.3850821318e-10, 1.97161287296e-10, 1.56949869767e-10, 1.42802950021e-10, 1.31263791503e-10, 1.34636968241e-10, 1.42360581656e-10, 1.28925259357e-10, 1.22638385558e-10, 1.26365640174e-10, 1.12595356649e-10, 3.29046755121e-11, 1.92597379017e-11, 1.68613283058e-11, 1.80306342773e-11, 2.29982820982e-11, 1.10808390241e-10, 2.67633859519e-10, 1.20057713771e-10, 1.25796636996e-10, 3.27136762124e-09, 3.1049932403e-08, 4.24765929097e-08, 4.60805210878e-07, 8.531791309e-07, 2.54060239513e-08, 1.97214635733e-08, 1.77969428083e-09, 1.4237762011e-11],
        "stdev": [3.96786475676e-07, 2.87673259436e-07, 1.9422769526e-07, 3.66616632164e-07, 7.49038747472e-07, 1.51836513851e-06, 2.01679927159e-06, 1.95410234483e-06, 4.16707462136e-06, 1.71414812939e-05, 6.6559186962e-05, 0.000371444359189, 0.000573582481593, 0.00102306238841, 0.00111261324491, 0.000723587756511, 0.00101249362342, 0.00108003034256, 0.00121355801821, 0.00117581570521, 0.00150704022963, 0.00163375306875, 0.00178858533036, 0.00186062708963, 0.00132366491016, 0.000989866792224, 0.000464891199954, 0.000228644057643, 0.000150351057528, 0.000147564453073, 0.000132260742248, 0.000107194282464, 0.000111611116154, 0.000130882617668, 0.00019965415413, 0.000233065075008, 0.000199043657631, 0.000289434829028, 0.000253768957919, 0.000206894008443, 0.000186151170055, 0.000137670445838, 0.000136463655508, 0.000118522504636, 8.46419352456e-05, 9.48575689108e-05, 0.000118118143291, 0.00010971933807, 8.32990699564e-05, 5.36882580491e-05, 4.68862599519e-05, 4.80858325318e-05, 7.10818567313e-05, 7.07832659828e-05, 8.08698387118e-05, 9.62962658377e-05, 0.000104887563793, 0.000120782999147, 4.03767517128e-05, 4.11769688071e-05, 3.5585337173e-05, 0.0001526621636, 0.000125401318655, 9.26070933929e-05, 8.34233869682e-05, 5.62601562706e-05, 2.22865437536e-05, 4.49395020041e-06, 4.97765654472e-07, 1.2378886538e-07, 8.9136619863e-08, 1.82604622978e-07, 1.06221364149e-07, 6.41960937742e-08, 5.44648344203e-08, 4.49424071292e-08, 3.26238769333e-08, 2.52254661604e-08, 1.84314465912e-08, 1.6106840306e-08, 1.54876307334e-08, 1.31476323162e-08, 1.21654473162e-08, 1.19252643316e-08, 1.09889048971e-08, 1.00430677108e-08, 1.0112900739e-08, 7.49599138317e-09, 9.82645964598e-09, 5.610830911e-09, 7.95090659977e-09, 9.6102654723e-09, 7.18310433356e-09, 5.98267346774e-09, 8.98139607131e-09, 4.43079928303e-09, 7.56055218432e-09, 5.77850522987e-09, 3.74711772722e-09, 1.70893110774e-09, 1.09929310099e-09, 3.98725441553e-10, 2.4573915125e-10, 1.85899018401e-10, 1.99670238676e-10, 1.82510784263e-10, 1.69829136865e-10, 1.80880060929e-10, 3.17663340077e-10, 2.41539149792e-10, 2.49861076274e-10, 1.88022514225e-10, 1.48515019727e-10, 1.40083430966e-10, 1.56127152873e-10, 5.4937721039e-10, 1.59883450923e-09, 7.09356351436e-10, 4.32104380055e-10, 2.95163937736e-09, 1.65516329531e-08, 1.73602625608e-08, 6.60390000462e-08, 1.24679019109e-07, 1.40037714758e-08, 1.3092982698e-08, 1.77293013603e-09, 5.30957153244e-11]
    },
    "mfcc": {
        "mean": [-869.221801758, 160.671569824, -81.2206420898, -34.3053207397, -1.80098807812, -58.5186347961, -41.4468154907, -11.5250797272, -25.8385429382, -14.7433423996, 0.879888176918, -5.9491519928, -0.456899225712],
        "cov": [[9131.54492188, 4977.59765625, -2896.26757812, -1446.59057617, -764.862365723, -1661.24865723, -896.145935059, -430.115966797, -741.513671875, -224.450241089, 128.219406128, 34.5864295959, 86.9843444824], [4977.59765625, 3737.39501953, -751.391723633, -1297.72753906, -856.85925293, -968.435058594, -673.11126709, -379.879150391, -445.031982422, -366.71005249, -116.88483429, 58.7499351501, 58.0011901855], [-2896.26757812, -751.391723633, 1970.38964844, 305.624084473, -180.432678223, 441.119750977, 62.979511261, -14.9121952057, 197.967727661, -203.695358276, -289.669372559, 7.27746868134, -24.564458847], [-1446.59057617, -1297.72753906, 305.624084473, 1006.90325928, 505.306732178, 56.323387146, 70.1968460083, 65.1051635742, 7.47476196289, 31.0784263611, -42.2011604309, -126.304725647, -22.0307331085], [-764.862365723, -856.85925293, -180.432678223, 505.306732178, 541.346374512, 151.190994263, -5.56393051147, -7.79321956635, 18.1288261414, 89.3430328369, 39.4346847534, -74.764831543, -34.7738990784], [-1661.24865723, -968.435058594, 441.119750977, 56.323387146, 151.190994263, 623.134399414, 242.196502686, 46.0331993103, 242.52507019, 129.65927124, 22.5649089813, 54.9388008118, -31.0816612244], [-896.145935059, -673.11126709, 62.979511261, 70.1968460083, -5.56393051147, 242.196502686, 380.44732666, 202.798751831, 86.9229125977, 101.730484009, 73.510887146, 28.6231079102, 21.4449806213], [-430.115966797, -379.879150391, -14.9121952057, 65.1051635742, -7.79321956635, 46.0331993103, 202.798751831, 215.475997925, 83.3634109497, 24.9730510712, 33.7505531311, 17.9983062744, 15.5388708115], [-741.513671875, -445.031982422, 197.967727661, 7.47476196289, 18.1288261414, 242.52507019, 86.9229125977, 83.3634109497, 231.314529419, 105.927017212, 3.43937397003, 29.6781177521, -12.8405122757], [-224.450241089, -366.71005249, -203.695358276, 31.0784263611, 89.3430328369, 129.65927124, 101.730484009, 24.9730510712, 105.927017212, 219.763534546, 121.853515625, -9.37390232086, -13.15604496], [128.219406128, -116.88483429, -289.669372559, -42.2011604309, 39.4346847534, 22.5649089813, 73.510887146, 33.7505531311, 3.43937397003, 121.853515625, 156.645080566, 35.7250671387, -16.9482421875], [34.5864295959, 58.7499351501, 7.27746868134, -126.304725647, -74.764831543, 54.9388008118, 28.6231079102, 17.9983062744, 29.6781177521, -9.37390232086, 35.7250671387, 103.222229004, 27.4257259369], [86.9843444824, 58.0011901855, -24.564458847, -22.0307331085, -34.7738990784, -31.0816612244, 21.4449806213, 15.5388708115, -12.8405122757, -13.15604496, -16.9482421875, 27.4257259369, 79.9177398682]],
        "icov": [[0.0159692447633, -0.0219663083553, 0.0240615922958, -0.0248059220612, 0.0265796165913, -0.0269063897431, 0.0292343944311, -0.0291733834893, 0.028194045648, -0.0250669196248, 0.0210245978087, -0.0140593480319, 0.00773419486359], [-0.0219663083553, 0.0328176617622, -0.0325219556689, 0.0361698567867, -0.0349547937512, 0.0390201434493, -0.0391326285899, 0.0423654578626, -0.038541149348, 0.0360401049256, -0.0283334534615, 0.0196154545993, -0.0107048088685], [0.0240615922958, -0.0325219556689, 0.0384692065418, -0.039096519351, 0.0437802784145, -0.0431203916669, 0.0457218289375, -0.0434557422996, 0.0421141125262, -0.0354011654854, 0.0321852527559, -0.02008260414, 0.0115766366944], [-0.0248059220612, 0.0361698567867, -0.039096519351, 0.0451376773417, -0.0469036735594, 0.0489494092762, -0.0496165566146, 0.0496825389564, -0.0461752749979, 0.0401079393923, -0.0319329239428, 0.0218428280205, -0.0116273378953], [0.0265796165913, -0.0349547937512, 0.0437802784145, -0.0469036735594, 0.0586494170129, -0.0560214221478, 0.0620544031262, -0.0572514496744, 0.0566266849637, -0.0446362458169, 0.0364098139107, -0.0204541850835, 0.0116689410061], [-0.0269063897431, 0.0390201434493, -0.0431203916669, 0.0489494092762, -0.0560214221478, 0.0669387727976, -0.0709983929992, 0.0740183964372, -0.0703536644578, 0.0561287030578, -0.0422642715275, 0.0233302656561, -0.011509780772], [0.0292343944311, -0.0391326285899, 0.0457218289375, -0.0496165566146, 0.0620544031262, -0.0709983929992, 0.0892438814044, -0.0911963582039, 0.087185010314, -0.0727251544595, 0.0538919195533, -0.0317419208586, 0.0144882854074], [-0.0291733834893, 0.0423654578626, -0.0434557422996, 0.0496825389564, -0.0572514496744, 0.0740183964372, -0.0911963582039, 0.108223982155, -0.100629508495, 0.0893562659621, -0.0671861171722, 0.0409859828651, -0.0211226660758], [0.028194045648, -0.038541149348, 0.0421141125262, -0.0461752749979, 0.0566266849637, -0.0703536644578, 0.087185010314, -0.100629508495, 0.109147846699, -0.0957248285413, 0.0760883390903, -0.0483204722404, 0.0254459045827], [-0.0250669196248, 0.0360401049256, -0.0354011654854, 0.0401079393923, -0.0446362458169, 0.0561287030578, -0.0727251544595, 0.0893562659621, -0.0957248285413, 0.100769102573, -0.080963909626, 0.054160874337, -0.0286980308592], [0.0210245978087, -0.0283334534615, 0.0321852527559, -0.0319329239428, 0.0364098139107, -0.0422642715275, 0.0538919195533, -0.0671861171722, 0.0760883390903, -0.080963909626, 0.0816496908665, -0.0523350462317, 0.0309495385736], [-0.0140593480319, 0.0196154545993, -0.02008260414, 0.0218428280205, -0.0204541850835, 0.0233302656561, -0.0317419208586, 0.0409859828651, -0.0483204722404, 0.054160874337, -0.0523350462317, 0.0494409017265, -0.0252764541656], [0.00773419486359, -0.0107048088685, 0.0115766366944, -0.0116273378953, 0.0116689410061, -0.011509780772, 0.0144882854074, -0.0211226660758, 0.0254459045827, -0.0286980308592, 0.0309495385736, -0.0252764541656, 0.0276391319931]]
    },
    "spectral_contrast_coeffs": {
        "mean": [-0.556724727154, -0.768856108189, -0.809670090675, -0.811419963837, -0.661331176758, -0.854371905327],
        "stdev": [0.134017184377, 0.108904659748, 0.0768355354667, 0.0603395774961, 0.102549016476, 0.0274996645749]
    },
    "spectral_contrast_valleys": {
        "mean": [-11.2477321625, -7.47298955917, -8.4120464325, -8.44672489166, -10.4449748993, -13.693860054],
        "stdev": [0.901135265827, 1.75031852722, 1.59193480015, 1.41511929035, 0.832776010036, 0.473068028688]
    }
},
"rhythm": {
    "beats_count": 127,
    "beats_loudness": {
        "mean": 0.0227330960333,
        "stdev": 0.021191958338
    },
    "bpm": 163.452651978,
    "bpm_histogram_first_peak_bpm": 161,
    "bpm_histogram_first_peak_weight": 0.230769217014,
    "bpm_histogram_second_peak_bpm": 105,
    "bpm_histogram_second_peak_spread": 0.679999947548,
    "bpm_histogram_second_peak_weight": 0.0634920671582,
    "danceability": 1.60357654095,
    "onset_rate": 5.25414943695,
    "beats_loudness_band_ratio": {
        "mean": [0.00123138946947, 0.148360878229, 0.525525808334, 0.148336470127, 0.144684642553, 0.0754464864731],
        "stdev": [0.002517626388, 0.186684966087, 0.256183832884, 0.115998335183, 0.202538788319, 0.196695700288]
    },
    "beats_position": [0.394739210606, 0.835918366909, 1.26548755169, 1.71827661991, 2.17106580734, 2.6470746994, 3.08825397491, 3.50621318817, 3.94739222527, 4.41179132462, 4.86458063126, 5.31736946106, 5.75854873657, 6.11845779419, 6.47836732864, 6.83827638626, 7.22140598297, 7.59292507172, 7.96444416046, 8.33596324921, 8.70748329163, 9.05578231812, 9.4040813446, 9.77560043335, 10.1471195221, 10.4954195023, 10.8321084976, 11.1920175552, 11.5635375977, 11.9118366241, 12.2601356506, 12.5852155685, 12.9102945328, 13.2121543884, 13.5488433838, 13.8855323792, 14.2106122971, 14.5356912613, 14.8491611481, 15.2206802368, 15.5921993256, 15.9521083832, 16.3584575653, 16.7648067474, 17.1595458984, 17.5542850494, 17.9258041382, 18.3437633514, 18.7501125336, 19.1680717468, 19.574420929, 19.9923801422, 20.3871192932, 20.7934684753, 21.1998176575, 21.6061668396, 22.0241260529, 22.3375968933, 22.6626758575, 22.9877548218, 23.3360538483, 23.6843528748, 24.0674819946, 24.4506111145, 24.8105201721, 25.2981395721, 25.7973690033, 26.2965984344, 26.9119262695, 27.5388660431, 28.1658039093, 28.8159637451, 29.4196815491, 30.0117912292, 30.6038990021, 31.1960086823, 31.776506424, 32.3337860107, 32.9026756287, 33.4599533081, 34.0056228638, 34.5745124817, 35.1550102234, 35.7471199036, 36.3392295837, 36.8965072632, 37.4305648804, 37.9646263123, 38.4986839294, 39.0095214844, 39.520362854, 40.0312004089, 40.5884780884, 41.134147644, 41.6798171997, 42.2138786316, 42.7479362488, 43.2587738037, 43.7696151733, 44.3036727905, 44.8841705322, 45.4878921509, 46.0683898926, 46.6604995728, 47.229385376, 47.8098869324, 48.3787727356, 48.9360542297, 49.5049438477, 50.0738296509, 50.6427192688, 51.2000007629, 51.7688865662, 52.4770965576, 53.1853065491, 53.8702926636, 54.5668907166, 55.2983207703, 56.029750824, 56.7960090637, 57.5390472412, 58.2588653564, 58.9554634094, 59.6520614624, 60.3718795776, 61.1149177551, 61.8347396851],
    "bpm_histogram": [0, 0, 0, 0, 0, 0, 0, 0, 0, 0, 0, 0, 0, 0, 0, 0, 0, 0, 0, 0, 0, 0, 0, 0, 0, 0, 0, 0, 0, 0, 0, 0, 0, 0, 0, 0, 0, 0, 0, 0, 0, 0, 0, 0, 0, 0, 0, 0, 0, 0, 0, 0, 0, 0, 0, 0, 0, 0, 0, 0, 0, 0, 0, 0, 0, 0, 0, 0, 0, 0, 0, 0, 0, 0, 0, 0, 0, 0, 0.00793650839478, 0, 0, 0.0158730167896, 0.0158730167896, 0.023809524253, 0, 0.0158730167896, 0.023809524253, 0, 0.00793650839478, 0, 0, 0, 0.00793650839478, 0, 0, 0, 0.0158730167896, 0, 0.00793650839478, 0.0158730167896, 0, 0.047619048506, 0, 0.0396825410426, 0, 0.0634920671582, 0, 0, 0.047619048506, 0, 0.023809524253, 0, 0.047619048506, 0, 0, 0, 0, 0.0396825410426, 0, 0, 0.0158730167896, 0, 0, 0.00793650839478, 0, 0, 0.00793650839478, 0, 0, 0.00793650839478, 0, 0, 0, 0.0317460335791, 0, 0, 0.0317460335791, 0, 0, 0, 0.00793650839478, 0, 0, 0, 0.0396825410426, 0, 0, 0, 0.0555555559695, 0, 0, 0, 0.023809524253, 0, 0, 0, 0, 0.023809524253, 0, 0, 0, 0.0793650820851, 0, 0, 0, 0, 0, 0.047619048506, 0, 0, 0, 0, 0.0555555559695, 0, 0, 0, 0, 0, 0.023809524253, 0, 0, 0, 0, 0, 0, 0.047619048506, 0, 0, 0, 0, 0, 0.0158730167896, 0, 0, 0, 0, 0, 0, 0, 0.00793650839478, 0, 0, 0, 0, 0, 0, 0, 0, 0, 0, 0, 0, 0, 0, 0, 0, 0, 0, 0, 0, 0, 0, 0, 0, 0, 0, 0, 0, 0, 0, 0, 0, 0, 0, 0, 0, 0, 0, 0, 0, 0, 0, 0, 0, 0, 0, 0, 0, 0, 0]
},
"tonal": {
    "chords_changes_rate": 0.169516727328,
    "chords_number_rate": 0.0111524164677,
    "chords_strength": {
        "mean": 0.47751942277,
        "stdev": 0.113488435745
    },
    "hpcp_crest": {
        "mean": 11.4667158127,
        "stdev": 5.29356479645
    },
    "hpcp_entropy": {
        "mean": 2.30953907967,
        "stdev": 0.792912900448
    },
    "key_edma": {
        "strength": 0.556820213795,
        "key": "G",
        "scale": "major"
    },
    "key_krumhansl": {
        "strength": 0.559171974659,
        "key": "G",
        "scale": "major"
    },
    "key_temperley": {
        "strength": 0.558245718479,
        "key": "G",
        "scale": "major"
    },
    "tuning_diatonic_strength": 0.667467474937,
    "tuning_equal_tempered_deviation": 0.182975426316,
    "tuning_frequency": 451.84777832,
    "tuning_nontempered_energy_ratio": 0.886744439602,
    "hpcp": {
        "mean": [0.150092884898, 0.14500066638, 0.143211424351, 0.145381271839, 0.136437982321, 0.130845636129, 0.13933673501, 0.150704458356, 0.164021864533, 0.17472833395, 0.182825118303, 0.19390258193, 0.200217455626, 0.20612744987, 0.226668804884, 0.242399007082, 0.25467762351, 0.279542684555, 0.279430299997, 0.235001981258, 0.20235876739, 0.194088146091, 0.184736892581, 0.180971160531, 0.181700274348, 0.175001442432, 0.17387586832, 0.182186990976, 0.180400148034, 0.183457970619, 0.219474703074, 0.235817044973, 0.223533302546, 0.216508150101, 0.18880879879, 0.160144284368],
        "stdev": [0.232786744833, 0.224618643522, 0.215067401528, 0.216735675931, 0.209833800793, 0.195563659072, 0.203182429075, 0.219089910388, 0.233783319592, 0.248571351171, 0.249621540308, 0.264342039824, 0.263583004475, 0.271830022335, 0.27671456337, 0.292713969946, 0.28568276763, 0.308629781008, 0.308578431606, 0.276643753052, 0.256197959185, 0.255045175552, 0.239102289081, 0.239501595497, 0.241032227874, 0.231925800443, 0.228598430753, 0.238802105188, 0.238761216402, 0.243029609323, 0.274502873421, 0.289208471775, 0.283965140581, 0.290801256895, 0.271178901196, 0.239451646805]
    },
    "chords_histogram": [10.4832715988, 2.3791821003, 4.46096658707, 5.05576229095, 4.98141241074, 1.4126393795, 0, 0.297397762537, 0, 0.520446121693, 3.42007446289, 0.520446121693, 1.33828997612, 0, 16.6542758942, 13.1598510742, 8.2527885437, 17.8438663483, 3.34572482109, 3.34572482109, 2.08178448677, 0, 0.148698881269, 0.297397762537],
    "thpcp": [1, 0.999597966671, 0.840665817261, 0.723892211914, 0.694305956364, 0.660853981972, 0.64738291502, 0.649991154671, 0.626027643681, 0.622001111507, 0.651732265949, 0.645340263844, 0.656278908253, 0.785120546818, 0.843581557274, 0.799639225006, 0.774508357048, 0.675420284271, 0.572879552841, 0.536922931671, 0.518706738949, 0.51230609417, 0.520068228245, 0.48807567358, 0.468070328236, 0.498445302248, 0.539110720158, 0.586750686169, 0.625050663948, 0.654015004635, 0.693642139435, 0.716232120991, 0.737373769283, 0.810855805874, 0.867127001286, 0.911050915718],
    "chords_key": "G",
    "chords_scale": "minor"
}
}