{
"metadata": {
    "version": {
        "essentia": "2.1-dev",
        "essentia_git_sha": "v2.1_beta3-415-gd5473f3",
        "extractor": "music 2.0"
    },
    "audio_properties": {
        "analysis": {
            "equal_loudness": 0,
            "length": 62.2236747742,
            "sample_rate": 44100,
            "start_time": 0,
            "downmix": "mix"
        },
        "bit_rate": 192000,
        "length": 62.2236747742,
        "lossless": 0,
        "number_channels": 2,
        "replay_gain": -5.82893562317,
        "sample_rate": 44100,
        "codec": "mp3",
        "md5_encoded": "1bcfcc2b6b15ad4e774ccfcd7dda2012"
    },
    "tags": {
        "file_name": "tlfno_hombre_02.mp3",
        "date": ["2004"],
        "engineer": ["rosamerica tamyo"]
    }
},
"lowlevel": {
    "average_loudness": 0.963752567768,
    "barkbands_crest": {
        "mean": 12.2167701721,
        "stdev": 4.50297784805
    },
    "barkbands_flatness_db": {
        "mean": 0.305715411901,
        "stdev": 0.0646771639585
    },
    "barkbands_kurtosis": {
        "mean": 8.7834186554,
        "stdev": 11.9966640472
    },
    "barkbands_skewness": {
        "mean": 1.49169254303,
        "stdev": 1.91945397854
    },
    "barkbands_spread": {
        "mean": 15.0083837509,
        "stdev": 16.8636016846
    },
    "dissonance": {
        "mean": 0.4171179533,
        "stdev": 0.0708398520947
    },
    "dynamic_complexity": 4.32734823227,
    "erbbands_crest": {
        "mean": 11.9016876221,
        "stdev": 4.20419692993
    },
    "erbbands_flatness_db": {
        "mean": 0.369981825352,
        "stdev": 0.0792996585369
    },
    "erbbands_kurtosis": {
        "mean": 2.4618127346,
        "stdev": 5.1211771965
    },
    "erbbands_skewness": {
        "mean": 0.479179799557,
        "stdev": 1.36376667023
    },
    "erbbands_spread": {
        "mean": 16.3918628693,
        "stdev": 10.4210147858
    },
    "hfc": {
        "mean": 15.1780395508,
        "stdev": 15.4672241211
    },
    "loudness_ebu128": {
        "integrated": -19.3792324066,
        "loudness_range": 2.18364906311,
        "momentary": {
            "mean": -19.9152870178,
            "stdev": 2.41691279411
        },
        "short_term": {
            "mean": -19.5128078461,
            "stdev": 0.766952157021
        }
    },
    "melbands_crest": {
        "mean": 13.8960828781,
        "stdev": 5.31917047501
    },
    "melbands_flatness_db": {
        "mean": 0.362814128399,
        "stdev": 0.0954627767205
    },
    "melbands_kurtosis": {
        "mean": 7.16762876511,
        "stdev": 10.4804410934
    },
    "melbands_skewness": {
        "mean": 1.6698539257,
        "stdev": 1.63458716869
    },
    "melbands_spread": {
        "mean": 15.4579563141,
        "stdev": 14.2343549728
    },
    "pitch_salience": {
        "mean": 0.652267277241,
        "stdev": 0.146104723215
    },
    "silence_rate_20dB": {
        "mean": 1,
        "stdev": 0
    },
    "silence_rate_30dB": {
        "mean": 1,
        "stdev": 0
    },
    "silence_rate_60dB": {
        "mean": 0.315926879644,
        "stdev": 0.464887142181
    },
    "spectral_centroid": {
        "mean": 1257.73535156,
        "stdev": 756.760253906
    },
    "spectral_complexity": {
        "mean": 9.85042858124,
        "stdev": 7.28702306747
    },
    "spectral_decrease": {
        "mean": -4.55387372256e-09,
        "stdev": 4.93124652223e-09
    },
    "spectral_energy": {
        "mean": 0.0185640193522,
        "stdev": 0.0199377313256
    },
    "spectral_energyband_high": {
        "mean": 2.37391468545e-05,
        "stdev": 4.83404755869e-06
    },
    "spectral_energyband_low": {
        "mean": 1.43019656207e-06,
        "stdev": 5.73809029447e-06
    },
    "spectral_energyband_middle_high": {
        "mean": 0.00458444003016,
        "stdev": 0.00540068885311
    },
    "spectral_energyband_middle_low": {
        "mean": 0.0141554893926,
        "stdev": 0.0160459205508
    },
    "spectral_entropy": {
        "mean": 6.63487434387,
        "stdev": 0.502445280552
    },
    "spectral_flux": {
        "mean": 0.0864963680506,
        "stdev": 0.0594864860177
    },
    "spectral_kurtosis": {
        "mean": 37.28723526,
        "stdev": 16.980014801
    },
    "spectral_rms": {
        "mean": 0.00342899630778,
        "stdev": 0.00252056587487
    },
    "spectral_rolloff": {
        "mean": 3409.02978516,
        "stdev": 5524.17236328
    },
    "spectral_skewness": {
        "mean": 3.42693638802,
        "stdev": 1.2254550457
    },
    "spectral_spread": {
        "mean": 1729156.5,
        "stdev": 1066227.625
    },
    "spectral_strongpeak": {
        "mean": 1.64574348927,
        "stdev": 1.29859244823
    },
    "zerocrossingrate": {
        "mean": 0.155930191278,
        "stdev": 0.189565196633
    },
    "barkbands": {
        "mean": [3.55536457164e-07, 3.25248464605e-07, 5.92394144405e-07, 6.3307459186e-07, 0.000107839754492, 0.0020861569792, 0.00364130921662, 0.00443342374638, 0.0034239096567, 0.00100509903859, 0.000577043509111, 0.00061953131808, 0.000703840632923, 0.000399252283387, 0.000281696062302, 0.00030559086008, 0.000397063966375, 0.000409858825151, 0.000144462377648, 2.49125650953e-06, 3.08791129555e-07, 1.6056351626e-07, 7.13940480068e-08, 3.47435467063e-08, 1.58932547123e-08, 9.90801396483e-09, 2.29584675253e-05],
        "stdev": [1.04589435068e-06, 1.4931347323e-06, 2.50878838415e-06, 4.09444146499e-06, 0.000474143918836, 0.00455559836701, 0.00631854031235, 0.00769674265757, 0.00634545460343, 0.00204287888482, 0.00125664763618, 0.00155226443894, 0.00163339392748, 0.00109039328527, 0.000861849926878, 0.000963827420492, 0.00102050369605, 0.00086715829093, 0.000525717856362, 5.68915129406e-06, 1.35685957048e-06, 8.49184004892e-07, 3.4067269894e-07, 1.3267518284e-07, 3.28457865351e-08, 1.75847247874e-08, 3.76178809347e-06]
    },
    "erbbands": {
        "mean": [1.27894245452e-05, 7.95716623543e-05, 0.000565161928535, 0.00193384627346, 0.0104475570843, 0.36622428894, 5.45519447327, 21.0030765533, 44.4348640442, 73.7842178345, 98.3367996216, 80.242225647, 43.9843826294, 25.1194133759, 23.8913002014, 25.6627502441, 31.4201583862, 24.9824542999, 14.8563489914, 16.8850059509, 16.9996395111, 22.8607959747, 24.3888378143, 12.6651172638, 3.53354001045, 0.219709426165, 0.0275441370904, 0.0107083059847, 0.00635191472247, 0.00365443294868, 0.00187162705697, 0.00101038569119, 0.000466854660772, 0.000228769655223, 0.000112461195386, 5.97327234573e-05, 2.76233258774e-05, 8.82454478415e-05, 0.00120547937695, 0.000689753855113],
        "stdev": [5.57015482627e-05, 0.000322417676216, 0.0021662816871, 0.00982751417905, 0.0312305577099, 1.43535804749, 20.0237312317, 45.0542907715, 78.5874786377, 124.647628784, 168.399963379, 150.914657593, 91.3018035889, 45.4717063904, 52.1836128235, 61.3797492981, 70.9655685425, 62.2048072815, 39.4344558716, 52.263759613, 51.6590232849, 53.9506874084, 49.0543327332, 38.2317886353, 11.8160924911, 0.556833922863, 0.0668180063367, 0.0480789802969, 0.0323666334152, 0.0179108977318, 0.00880770385265, 0.00414445297793, 0.00152929034084, 0.000560784188565, 0.000163662654813, 6.82526952005e-05, 4.48740756838e-05, 4.77196845168e-05, 0.000225999334361, 0.000110156739538]
    },
    "gfcc": {
        "mean": [-210.125213623, 100.497398376, -198.28477478, -97.6402359009, -33.3809928894, -91.1918487549, -28.4943256378, -3.23475861549, 1.70534181595, -15.4573020935, 26.959154129, -5.62199306488, 3.87956857681],
        "cov": [[7795.35498047, 3180.73876953, -2059.15478516, -896.788269043, -818.565979004, -279.196075439, -461.299621582, 402.592407227, 209.684860229, -127.055397034, -122.030670166, 147.134735107, -490.537414551], [3180.73876953, 2255.26000977, -364.829742432, -964.873291016, -698.631347656, -247.467208862, -129.570571899, 127.305290222, -62.625, -97.5173187256, 33.7215538025, 104.388549805, -131.748840332], [-2059.15478516, -364.829742432, 1336.09790039, 307.945556641, -121.035934448, 0.166599556804, 51.0882644653, -188.017181396, -97.1692199707, -34.5839271545, -8.31667900085, 44.5100975037, 241.541763306], [-896.788269043, -964.873291016, 307.945556641, 895.41229248, 326.799835205, -5.546895504, -134.861373901, -60.2767791748, 80.632850647, 4.93639230728, -93.488319397, 4.76029443741, 78.1751480103], [-818.565979004, -698.631347656, -121.035934448, 326.799835205, 448.097747803, 94.9287109375, -22.1637878418, -43.0815467834, 49.5696716309, 59.8422279358, -9.73509025574, -64.3079833984, -0.565451800823], [-279.196075439, -247.467208862, 0.166599556804, -5.546895504, 94.9287109375, 376.674438477, 170.029663086, -44.4011573792, 44.9761352539, 44.5795173645, -34.8953666687, -67.2733535767, -56.8716201782], [-461.299621582, -129.570571899, 51.0882644653, -134.861373901, -22.1637878418, 170.029663086, 366.235656738, 89.0981750488, -117.329841614, -13.3601646423, 57.195854187, -55.0802764893, -46.3778991699], [402.592407227, 127.305290222, -188.017181396, -60.2767791748, -43.0815467834, -44.4011573792, 89.0981750488, 176.255371094, 13.0029191971, -34.5607795715, -8.16898441315, -9.66889095306, -54.7853736877], [209.684860229, -62.625, -97.1692199707, 80.632850647, 49.5696716309, 44.9761352539, -117.329841614, 13.0029191971, 189.615997314, 54.5365371704, -80.2633361816, -20.0173053741, -9.88562297821], [-127.055397034, -97.5173187256, -34.5839271545, 4.93639230728, 59.8422279358, 44.5795173645, -13.3601646423, -34.5607795715, 54.5365371704, 91.4357376099, 19.4685726166, -40.5670585632, -23.4072818756], [-122.030670166, 33.7215538025, -8.31667900085, -93.488319397, -9.73509025574, -34.8953666687, 57.195854187, -8.16898441315, -80.2633361816, 19.4685726166, 103.863349915, 14.3204755783, -20.6782951355], [147.134735107, 104.388549805, 44.5100975037, 4.76029443741, -64.3079833984, -67.2733535767, -55.0802764893, -9.66889095306, -20.0173053741, -40.5670585632, 14.3204755783, 88.6476745605, 42.9641342163], [-490.537414551, -131.748840332, 241.541763306, 78.1751480103, -0.565451800823, -56.8716201782, -46.3778991699, -54.7853736877, -9.88562297821, -23.4072818756, -20.6782951355, 42.9641342163, 137.065505981]],
        "icov": [[0.00557578448206, -0.00820870697498, 0.0085259731859, -0.00833523739129, 0.00652961945161, -0.00409827008843, 0.00217858655378, -0.000767973833717, -0.000217957276618, 0.000246725830948, 0.00048815246555, -0.00100866367575, 0.000966732855886], [-0.00820870697498, 0.0141488900408, -0.0128231681883, 0.0141366794705, -0.00811967160553, 0.00593979563564, -0.000876198639162, -0.000472855637781, 0.00243354029953, -0.00139795418363, 0.0014727525413, -9.62232370512e-05, 0.000891626870725], [0.0085259731859, -0.0128231681883, 0.0150294331834, -0.014170402661, 0.0114824296907, -0.00624783989042, 0.00186561862938, 0.00110990460962, -0.00143530790228, 0.00175719789695, -0.00122917175759, 0.000616165169049, -0.00186802132521], [-0.00833523739129, 0.0141366794705, -0.014170402661, 0.0168455541134, -0.0111530544236, 0.00686313956976, -0.00101998634636, -0.000886103487574, 0.00304791796952, -0.00287844240665, 0.00523795094341, -0.00298838247545, 0.00267905462533], [0.00652961945161, -0.00811967160553, 0.0114824296907, -0.0111530544236, 0.0146138761193, -0.00714294379577, 0.00550644658506, -0.00192826869898, 0.000601735897362, 0.00111807440408, -0.00366062531248, 0.00400983029976, -0.0016956476029], [-0.00409827008843, 0.00593979563564, -0.00624783989042, 0.00686313956976, -0.00714294379577, 0.01421856042, -0.0127001758665, 0.0118242129683, -0.00720551563427, 0.00101891474333, 0.00698580872267, -0.00377297075465, 0.00632799323648], [0.00217858655378, -0.000876198639162, 0.00186561862938, -0.00101998634636, 0.00550644658506, -0.0127001758665, 0.0203102119267, -0.0175655987114, 0.0140590043738, -0.00444385036826, -0.00379374879412, 0.00478448485956, -0.00296392594464], [-0.000767973833717, -0.000472855637781, 0.00110990460962, -0.000886103487574, -0.00192826869898, 0.0118242129683, -0.0175655987114, 0.0256325900555, -0.0172854717821, 0.0137114180252, -0.000961460871622, 0.000755391141865, 0.00525956880301], [-0.000217957276618, 0.00243354029953, -0.00143530790228, 0.00304791796952, 0.000601735897362, -0.00720551563427, 0.0140590043738, -0.0172854717821, 0.0311144888401, -0.0264463089406, 0.0205132439733, -0.00892082601786, 0.000829578842968], [0.000246725830948, -0.00139795418363, 0.00175719789695, -0.00287844240665, 0.00111807440408, 0.00101891474333, -0.00444385036826, 0.0137114180252, -0.0264463089406, 0.0450282394886, -0.0302546937019, 0.0218762587756, -0.00315072620288], [0.00048815246555, 0.0014727525413, -0.00122917175759, 0.00523795094341, -0.00366062531248, 0.00698580872267, -0.00379374879412, -0.000961460871622, 0.0205132439733, -0.0302546937019, 0.0464640595019, -0.02603299357, 0.015039539896], [-0.00100866367575, -9.62232370512e-05, 0.000616165169049, -0.00298838247545, 0.00400983029976, -0.00377297075465, 0.00478448485956, 0.000755391141865, -0.00892082601786, 0.0218762587756, -0.02603299357, 0.0353045836091, -0.0146132959053], [0.000966732855886, 0.000891626870725, -0.00186802132521, 0.00267905462533, -0.0016956476029, 0.00632799323648, -0.00296392594464, 0.00525956880301, 0.000829578842968, -0.00315072620288, 0.015039539896, -0.0146132959053, 0.023465866223]]
    },
    "melbands": {
        "mean": [1.12604510605e-07, 2.19805571078e-07, 3.01583185092e-07, 4.83630583403e-06, 0.00014967531024, 0.000468974758405, 0.000707421684638, 0.000856719212607, 0.000804360141046, 0.00046930287499, 0.000206748212804, 9.94152433123e-05, 8.07283722679e-05, 7.19321105862e-05, 6.65640836814e-05, 6.85738996253e-05, 4.28452221968e-05, 2.3125036023e-05, 2.22103844862e-05, 2.22083181143e-05, 1.91385897779e-05, 2.18040877371e-05, 2.75336606137e-05, 1.71702486114e-05, 9.81936955213e-06, 4.0775908019e-06, 4.7273886139e-07, 3.42629888905e-08, 1.39252396281e-08, 7.10514447277e-09, 5.05025266051e-09, 3.66273233965e-09, 2.56725085634e-09, 1.72671810184e-09, 1.10395981245e-09, 7.60352336648e-10, 5.29408017425e-10, 3.23974902461e-10, 2.31225760761e-10, 1.56577986687e-10],
        "stdev": [4.79872767301e-07, 8.62993658757e-07, 1.59559238e-06, 2.94039127766e-05, 0.0005340767093, 0.000978458905593, 0.00122399360407, 0.00143328204285, 0.00137503247242, 0.000897074991371, 0.000443479249952, 0.000184365577297, 0.000177020061528, 0.000191070255823, 0.000155518107931, 0.000162964963238, 0.000114622554975, 6.67028944008e-05, 7.02442484908e-05, 7.2638526035e-05, 6.37998746242e-05, 5.80530868319e-05, 5.78655926802e-05, 3.99974924221e-05, 3.37675737683e-05, 1.46813345054e-05, 1.58185491728e-06, 5.76907197569e-08, 3.98292456794e-08, 3.33668737085e-08, 2.6415975185e-08, 1.97628349241e-08, 1.34453888023e-08, 8.54586623689e-09, 5.49613643486e-09, 3.39284489392e-09, 2.2006949596e-09, 1.15043008453e-09, 7.10758563116e-10, 3.87536863711e-10]
    },
    "melbands128": {
        "mean": [1.57626402597e-07, 1.10510413265e-07, 9.00114969227e-08, 1.2202262667e-07, 2.20767063297e-07, 3.12237261824e-07, 3.49722853343e-07, 2.94343806218e-07, 2.2420928758e-07, 4.49984639772e-07, 3.76509910893e-06, 4.91791906825e-05, 0.000165393372299, 0.0002852792677, 0.000434115849202, 0.00058882770827, 0.000626680906862, 0.000742045172956, 0.000795752799604, 0.000795129162725, 0.000958856195211, 0.000874144083355, 0.000804678536952, 0.000721280637663, 0.000569191295654, 0.000351450697053, 0.000274716177955, 0.000212967352127, 0.000129275998916, 0.000102053134469, 8.69660216267e-05, 9.48837259784e-05, 8.38200285216e-05, 6.48692148388e-05, 7.81410053605e-05, 7.52381311031e-05, 6.02398431511e-05, 6.33919480606e-05, 7.29566745576e-05, 7.12436885806e-05, 6.95455673849e-05, 6.3652638346e-05, 4.667612302e-05, 2.9996081139e-05, 2.58210257016e-05, 2.0816713004e-05, 2.14328647417e-05, 2.2057298338e-05, 2.15577983909e-05, 2.603484063e-05, 2.04051775654e-05, 2.20704150706e-05, 1.80570314114e-05, 1.92698680621e-05, 1.91034996533e-05, 1.96716828214e-05, 2.64461086772e-05, 2.93376106129e-05, 2.83400349872e-05, 2.29920588026e-05, 1.73106855073e-05, 1.22954224935e-05, 1.11971830847e-05, 9.60993020271e-06, 6.74150624036e-06, 4.51271898783e-06, 2.14539568333e-06, 6.4163003799e-07, 1.54246592388e-07, 5.3520082588e-08, 3.22035091926e-08, 2.57069778797e-08, 1.82723169928e-08, 1.16595284538e-08, 8.85956996655e-09, 7.38595185013e-09, 6.39090780297e-09, 5.51503953616e-09, 4.93649920941e-09, 4.5453032449e-09, 3.88915299965e-09, 3.34213079434e-09, 2.8948103914e-09, 2.55854026854e-09, 2.26188912045e-09, 1.87537185781e-09, 1.57271395906e-09, 1.33798827573e-09, 1.09819842109e-09, 9.33099153499e-10, 7.98498600574e-10, 7.29973637092e-10, 6.5540339822e-10, 5.48037837333e-10, 4.46975179091e-10, 3.64208052606e-10, 2.93634810911e-10, 2.68816802151e-10, 2.39550490555e-10, 2.11822878682e-10, 1.80495854374e-10, 1.49425749552e-10, 1.25835439291e-10, 1.09399524162e-10, 1.08354700212e-10, 1.01932101648e-10, 9.57901397092e-11, 8.95422277991e-11, 8.91611159903e-11, 8.30767607485e-11, 3.51376774899e-11, 4.11765586905e-11, 4.46337723725e-11, 4.70090529003e-11, 4.71292380122e-11, 9.4580801524e-11, 2.20472362589e-10, 9.23019161103e-11, 4.96530559724e-11, 1.69253455695e-09, 1.79405379441e-08, 2.52956162683e-08, 3.01508777056e-07, 5.59840714232e-07, 1.42346481269e-08, 1.06631015129e-08, 8.7899465484e-10, 6.84979980722e-12],
        "stdev": [5.5451158687e-07, 5.220958883e-07, 4.9011214287e-07, 5.44158240245e-07, 8.92170078259e-07, 1.37830829772e-06, 2.21911068365e-06, 1.79014796231e-06, 9.359138744e-07, 1.32358854898e-06, 2.28052795137e-05, 0.000221108784899, 0.000821960100438, 0.00115732348058, 0.00114276492968, 0.00167402497027, 0.00166411802638, 0.00176186172757, 0.00202419934794, 0.00179240922444, 0.00234810914844, 0.00200957641937, 0.00189803936519, 0.00177657476161, 0.00149106653407, 0.000942977727391, 0.000787063036114, 0.000611823110376, 0.000309679569909, 0.000243100497755, 0.000211827849853, 0.000257288309513, 0.000227592259762, 0.00019387996872, 0.000253308011452, 0.000273205863778, 0.00018000183627, 0.000189189944649, 0.000204320938792, 0.000215294086956, 0.000216635889956, 0.000209932433791, 0.000156390859047, 0.000100619254226, 9.38165176194e-05, 7.09810046828e-05, 8.02563736215e-05, 8.14368904685e-05, 8.52808225318e-05, 0.000116763243568, 7.81156413723e-05, 9.75636648946e-05, 7.11542306817e-05, 8.64790927153e-05, 7.81817871029e-05, 6.1785147409e-05, 7.59415343055e-05, 7.3745228292e-05, 6.78705328028e-05, 5.71626114834e-05, 4.87302713736e-05, 3.80028905056e-05, 4.43910575996e-05, 4.15005924879e-05, 2.79398263956e-05, 1.74325014086e-05, 8.4950515884e-06, 2.33411788031e-06, 4.17965225097e-07, 9.61638235708e-08, 5.96752371962e-08, 4.65383749315e-08, 4.47953958371e-08, 3.94836661144e-08, 3.73592996539e-08, 3.61258116754e-08, 3.14872394824e-08, 2.91315931378e-08, 2.61125006062e-08, 2.54002525679e-08, 2.12301589642e-08, 1.84688833116e-08, 1.5217834104e-08, 1.37564102332e-08, 1.19614655958e-08, 9.3592662509e-09, 7.8181541241e-09, 6.82107126337e-09, 5.63353541594e-09, 4.76055683762e-09, 3.71463571014e-09, 3.22232840411e-09, 2.90400170577e-09, 2.34011454658e-09, 1.83623427574e-09, 1.40171851903e-09, 1.01190256174e-09, 9.12267705822e-10, 7.63204055509e-10, 6.38522401619e-10, 5.09834952034e-10, 3.79204029288e-10, 2.74467670813e-10, 1.9843167387e-10, 1.86940754543e-10, 1.55076118613e-10, 1.26029700565e-10, 1.12262622809e-10, 1.16883933088e-10, 1.16946868856e-10, 1.17553106138e-10, 1.66585953365e-10, 1.76757372627e-10, 1.52600460046e-10, 1.26280874646e-10, 2.89447771307e-10, 8.8191187686e-10, 4.31854219052e-10, 1.91512056213e-10, 1.94495530792e-09, 1.21279670751e-08, 1.36123450289e-08, 5.07083548484e-08, 9.56700816346e-08, 1.01559098908e-08, 9.29599863753e-09, 1.1235032904e-09, 1.97912103372e-11]
    },
    "mfcc": {
        "mean": [-837.415771484, 163.951477051, -101.445892334, -38.6640396118, -22.0536327362, -74.8087844849, -33.5248565674, -10.5250377655, -28.7289543152, -6.64600372314, 7.8289475441, 1.86465811729, 6.35335445404],
        "cov": [[7141.40576172, 3478.73779297, -2130.76000977, -774.321960449, -504.502838135, -1073.15930176, -542.759216309, 77.2640609741, -262.343475342, -39.267326355, 371.513671875, 76.393699646, -200.302352905], [3478.73779297, 2427.17407227, -556.585083008, -772.552307129, -651.106811523, -672.443359375, -232.5131073, -8.63308525085, -194.04510498, -128.904998779, 123.575569153, 108.879638672, -59.525226593], [-2130.76000977, -556.585083008, 1538.22570801, 245.361358643, -222.871154785, 319.067840576, 66.094909668, -72.0807495117, 120.6847229, -157.900634766, -273.565460205, 45.0019950867, 98.2068099976], [-774.321960449, -772.552307129, 245.361358643, 699.33001709, 381.364532471, 87.2013092041, -72.8397064209, -3.76049923897, 61.7144584656, -7.99739456177, -104.363166809, -85.9371490479, 20.9840698242], [-504.502838135, -651.106811523, -222.871154785, 381.364532471, 543.328369141, 200.724349976, -92.5971069336, -55.9141426086, 57.560962677, 63.2771759033, -5.18063688278, -46.9773674011, -8.5196056366], [-1073.15930176, -672.443359375, 319.067840576, 87.2013092041, 200.724349976, 561.45715332, 142.015625, -36.6805610657, 133.596038818, 58.4943962097, -14.322470665, 31.0955696106, -6.60457801819], [-542.759216309, -232.5131073, 66.094909668, -72.8397064209, -92.5971069336, 142.015625, 400.1355896, 154.915130615, -42.3002929688, 70.2311401367, 81.4092025757, -23.3298454285, -6.69511651993], [77.2640609741, -8.63308525085, -72.0807495117, -3.76049923897, -55.9141426086, -36.6805610657, 154.915130615, 176.749084473, 33.3465843201, 22.9972953796, 40.196975708, -17.9043617249, -12.2954673767], [-262.343475342, -194.04510498, 120.6847229, 61.7144584656, 57.560962677, 133.596038818, -42.3002929688, 33.3465843201, 189.190444946, 58.3981819153, -42.4716186523, 1.77734267712, 1.52547800541], [-39.267326355, -128.904998779, -157.900634766, -7.99739456177, 63.2771759033, 58.4943962097, 70.2311401367, 22.9972953796, 58.3981819153, 174.162750244, 103.554779053, -37.9095726013, -33.1728096008], [371.513671875, 123.575569153, -273.565460205, -104.363166809, -5.18063688278, -14.322470665, 81.4092025757, 40.196975708, -42.4716186523, 103.554779053, 189.932357788, 27.6125202179, -66.7048568726], [76.393699646, 108.879638672, 45.0019950867, -85.9371490479, -46.9773674011, 31.0955696106, -23.3298454285, -17.9043617249, 1.77734267712, -37.9095726013, 27.6125202179, 103.591171265, 19.5559825897], [-200.302352905, -59.525226593, 98.2068099976, 20.9840698242, -8.5196056366, -6.60457801819, -6.69511651993, -12.2954673767, 1.52547800541, -33.1728096008, -66.7048568726, 19.5559825897, 92.4119796753]],
        "icov": [[0.0186558440328, -0.0263962950557, 0.0275807715952, -0.0293456036597, 0.0309762693942, -0.0325135290623, 0.034802429378, -0.0336537584662, 0.0294817946851, -0.0236988570541, 0.0181860029697, -0.0116636734456, 0.00596435368061], [-0.0263962950557, 0.0386717431247, -0.0387403145432, 0.0422349125147, -0.0428145267069, 0.0466082245111, -0.0482918992639, 0.0473983995616, -0.0414820164442, 0.0340292938054, -0.0260511469096, 0.0161899663508, -0.00786353182048], [0.0275807715952, -0.0387403145432, 0.0431980080903, -0.045380987227, 0.0489072836936, -0.0490901023149, 0.0502672530711, -0.0473277941346, 0.0421624742448, -0.0340902619064, 0.0285787321627, -0.0185303799808, 0.00918731559068], [-0.0293456036597, 0.0422349125147, -0.045380987227, 0.051416631788, -0.0530313104391, 0.0529784671962, -0.0533971078694, 0.0504019111395, -0.0458048433065, 0.0379482135177, -0.0297454800457, 0.0207670480013, -0.00960280094296], [0.0309762693942, -0.0428145267069, 0.0489072836936, -0.0530313104391, 0.0609444454312, -0.0586286522448, 0.0614913329482, -0.0566340535879, 0.0518561340868, -0.0415613166988, 0.0320014581084, -0.0202250983566, 0.00958292838186], [-0.0325135290623, 0.0466082245111, -0.0490901023149, 0.0529784671962, -0.0586286522448, 0.0664217919111, -0.0705775469542, 0.0705419406295, -0.0648051649332, 0.0505099184811, -0.0381333567202, 0.0216090902686, -0.00959538575262], [0.034802429378, -0.0482918992639, 0.0502672530711, -0.0533971078694, 0.0614913329482, -0.0705775469542, 0.0858464762568, -0.087615981698, 0.0798795670271, -0.0637480318546, 0.0454469285905, -0.0269589666277, 0.0125278988853], [-0.0336537584662, 0.0473983995616, -0.0473277941346, 0.0504019111395, -0.0566340535879, 0.0705419406295, -0.087615981698, 0.101462766528, -0.0917774811387, 0.0768395811319, -0.0601349920034, 0.0376023203135, -0.0188566017896], [0.0294817946851, -0.0414820164442, 0.0421624742448, -0.0458048433065, 0.0518561340868, -0.0648051649332, 0.0798795670271, -0.0917774811387, 0.0973810851574, -0.0840318128467, 0.0691720992327, -0.0447771809995, 0.0241350512952], [-0.0236988570541, 0.0340292938054, -0.0340902619064, 0.0379482135177, -0.0415613166988, 0.0505099184811, -0.0637480318546, 0.0768395811319, -0.0840318128467, 0.0889915898442, -0.0752308890224, 0.0523579865694, -0.0285043865442], [0.0181860029697, -0.0260511469096, 0.0285787321627, -0.0297454800457, 0.0320014581084, -0.0381333567202, 0.0454469285905, -0.0601349920034, 0.0691720992327, -0.0752308890224, 0.0793102607131, -0.0537905953825, 0.0350213311613], [-0.0116636734456, 0.0161899663508, -0.0185303799808, 0.0207670480013, -0.0202250983566, 0.0216090902686, -0.0269589666277, 0.0376023203135, -0.0447771809995, 0.0523579865694, -0.0537905953825, 0.0506803356111, -0.0271641537547], [0.00596435368061, -0.00786353182048, 0.00918731559068, -0.00960280094296, 0.00958292838186, -0.00959538575262, 0.0125278988853, -0.0188566017896, 0.0241350512952, -0.0285043865442, 0.0350213311613, -0.0271641537547, 0.0300942063332]]
    },
    "spectral_contrast_coeffs": {
        "mean": [-0.593607246876, -0.712985217571, -0.769793629646, -0.800818324089, -0.675922811031, -0.854068636894],
        "stdev": [0.11435662955, 0.131907463074, 0.0999229475856, 0.074021704495, 0.101547457278, 0.0347316376865]
    },
    "spectral_contrast_valleys": {
        "mean": [-11.1106014252, -7.09144449234, -7.97583198547, -8.25830078125, -9.55478191376, -13.7870693207],
        "stdev": [0.954509615898, 1.36604726315, 1.30406141281, 1.10736846924, 0.579916417599, 0.566084444523]
    }
},
"rhythm": {
    "beats_count": 121,
    "beats_loudness": {
        "mean": 0.0342122800648,
        "stdev": 0.017127243802
    },
    "bpm": 140.136978149,
    "bpm_histogram_first_peak_bpm": 140,
    "bpm_histogram_first_peak_weight": 0.631578922272,
    "bpm_histogram_second_peak_bpm": 123,
    "bpm_histogram_second_peak_spread": 0.476190507412,
    "bpm_histogram_second_peak_weight": 0.0916666686535,
    "danceability": 1.58384919167,
    "onset_rate": 5.25376415253,
    "beats_loudness_band_ratio": {
        "mean": [0.000108047228423, 0.145719006658, 0.617921352386, 0.161185950041, 0.0966904014349, 0.0176045205444],
        "stdev": [0.000182273390237, 0.186933994293, 0.230087310076, 0.129470348358, 0.137529700994, 0.054634988308]
    },
    "beats_position": [0.603718817234, 1.20743763447, 1.78793644905, 2.39165520668, 3.00698399544, 3.62231278419, 4.2492518425, 4.87619018555, 5.50312900543, 6.10684776306, 6.73378658295, 7.3491153717, 7.94122457504, 8.51011276245, 9.07900238037, 9.65950107574, 10.2167797089, 10.7508392334, 11.2848978043, 11.8653964996, 12.3762359619, 12.8638544083, 13.3746938705, 13.8855323792, 14.3847618103, 14.8607711792, 15.3251695633, 15.8127889633, 16.3236274719, 16.7996368408, 17.2524261475, 17.693605423, 18.1463947296, 18.6107940674, 19.0635814667, 19.4815406799, 19.9227199554, 20.3871192932, 20.8282985687, 21.246257782, 21.6642169952, 22.0821762085, 22.5001354218, 22.918094635, 23.3592739105, 23.8468933105, 24.3461227417, 24.8221302032, 25.3677997589, 25.9018592834, 26.4243087769, 26.9235363007, 27.4459857941, 27.9568252563, 28.4560546875, 28.9552822113, 29.4429016113, 29.9305210114, 30.4181404114, 30.9057598114, 31.3933773041, 31.8809967041, 32.3686180115, 32.8678436279, 33.3902931213, 33.9127426147, 34.5280723572, 35.1317901611, 35.7471199036, 36.3392295837, 36.9429473877, 37.5466651917, 38.1736030579, 38.765712738, 39.3578224182, 39.9499320984, 40.5420417786, 41.099319458, 41.7146492004, 42.3415870667, 42.9917449951, 43.5722427368, 44.164352417, 44.7564620972, 45.3601799011, 45.9638977051, 46.5792274475, 47.1713371277, 47.6705665588, 48.1814041138, 48.6690254211, 49.0869827271, 49.5049438477, 49.9461212158, 50.3873023987, 50.8284797668, 51.2580490112, 51.6876182556, 52.1171875, 52.5467567444, 52.9879341125, 53.4058952332, 53.8470726013, 54.2766418457, 54.7062110901, 55.1125602722, 55.5421295166, 55.971698761, 56.4012680054, 56.819229126, 57.2720184326, 57.7131958008, 58.1427650452, 58.5607261658, 58.9786834717, 59.4082527161, 59.8378219604, 60.2673912048, 60.6853485107, 61.1033096313, 61.5328788757],
    "bpm_histogram": [0, 0, 0, 0, 0, 0, 0, 0, 0, 0, 0, 0, 0, 0, 0, 0, 0, 0, 0, 0, 0, 0, 0, 0, 0, 0, 0, 0, 0, 0, 0, 0, 0, 0, 0, 0, 0, 0, 0, 0, 0, 0, 0, 0, 0, 0, 0, 0, 0, 0, 0, 0, 0, 0, 0, 0, 0, 0, 0, 0, 0, 0, 0, 0, 0, 0, 0, 0, 0, 0, 0, 0, 0, 0, 0, 0, 0, 0, 0, 0, 0, 0, 0, 0, 0, 0, 0, 0, 0, 0, 0, 0, 0.00833333376795, 0, 0, 0, 0.0500000007451, 0, 0.0583333335817, 0.0666666701436, 0, 0.0750000029802, 0, 0.0333333350718, 0, 0.0166666675359, 0, 0, 0.0166666675359, 0, 0.00833333376795, 0, 0.0250000003725, 0, 0, 0.0333333350718, 0, 0.0500000007451, 0, 0, 0.0583333335817, 0, 0, 0.0916666686535, 0, 0, 0.0250000003725, 0, 0, 0.0250000003725, 0, 0, 0, 0.0333333350718, 0, 0, 0.0833333358169, 0, 0, 0, 0.116666667163, 0, 0, 0, 0.116666667163, 0, 0, 0, 0.00833333376795, 0, 0, 0, 0, 0, 0, 0, 0, 0, 0, 0, 0, 0, 0, 0, 0, 0, 0, 0, 0, 0, 0, 0, 0, 0, 0, 0, 0, 0, 0, 0, 0, 0, 0, 0, 0, 0, 0, 0, 0, 0, 0, 0, 0, 0, 0, 0, 0, 0, 0, 0, 0, 0, 0, 0, 0, 0, 0, 0, 0, 0, 0, 0, 0, 0, 0, 0, 0, 0, 0, 0, 0, 0, 0, 0, 0, 0, 0, 0, 0, 0, 0, 0, 0, 0, 0, 0, 0, 0, 0, 0, 0, 0, 0, 0, 0, 0, 0, 0, 0, 0]
},
"tonal": {
    "chords_changes_rate": 0.205070838332,
    "chords_number_rate": 0.0156599543989,
    "chords_strength": {
        "mean": 0.442965686321,
        "stdev": 0.103247255087
    },
    "hpcp_crest": {
        "mean": 12.2262001038,
        "stdev": 5.45279502869
    },
    "hpcp_entropy": {
        "mean": 2.1658885479,
        "stdev": 0.809932291508
    },
    "key_edma": {
        "strength": 0.270698726177,
        "key": "E",
        "scale": "minor"
    },
    "key_krumhansl": {
        "strength": 0.257432639599,
        "key": "E",
        "scale": "minor"
    },
    "key_temperley": {
        "strength": 0.257684230804,
        "key": "G#",
        "scale": "major"
    },
    "tuning_diatonic_strength": 0.293132662773,
    "tuning_equal_tempered_deviation": 0.225306972861,
    "tuning_frequency": 453.154663086,
    "tuning_nontempered_energy_ratio": 0.899295389652,
    "hpcp": {
        "mean": [0.156611680984, 0.157385468483, 0.164803847671, 0.162164002657, 0.142472580075, 0.129568040371, 0.140445932746, 0.161914765835, 0.164754122496, 0.15620598197, 0.148760855198, 0.145516738296, 0.145118847489, 0.14987835288, 0.160222753882, 0.160760700703, 0.171114385128, 0.190576657653, 0.201266333461, 0.202553138137, 0.20715944469, 0.207629874349, 0.189192891121, 0.189861118793, 0.212184667587, 0.199638456106, 0.18600922823, 0.19701962173, 0.196029886603, 0.194566652179, 0.195939898491, 0.195615634322, 0.192835435271, 0.185120284557, 0.170762613416, 0.159709706903],
        "stdev": [0.235553562641, 0.240137249231, 0.247273936868, 0.246732354164, 0.223057672381, 0.215164706111, 0.22973562777, 0.253125786781, 0.245943382382, 0.244798079133, 0.230878412724, 0.228048875928, 0.229752913117, 0.232174515724, 0.243639752269, 0.232285067439, 0.25140401721, 0.257478952408, 0.259120047092, 0.253318995237, 0.268745958805, 0.265739113092, 0.253207862377, 0.254510223866, 0.279964119196, 0.26711255312, 0.257037937641, 0.268846660852, 0.263582587242, 0.265731185675, 0.269117623568, 0.270232021809, 0.272236853838, 0.260472476482, 0.250837534666, 0.233447432518]
    },
    "chords_histogram": [6.78598070145, 3.05741977692, 11.4839668274, 4.54884433746, 4.32513046265, 5.51827001572, 0.820283353329, 0.894854605198, 3.13199114799, 6.86055183411, 2.83370614052, 2.9082775116, 8.27740478516, 3.87770318985, 4.32513046265, 3.57941842079, 1.04399704933, 8.12826251984, 4.8471288681, 4.47427272797, 0.223713651299, 1.3422819376, 2.60999250412, 4.10141706467],
    "thpcp": [1, 0.940871238708, 0.876638412476, 0.928529024124, 0.923864543438, 0.916968464851, 0.923440396786, 0.921912193298, 0.908809483051, 0.872448921204, 0.804782986641, 0.752692043781, 0.738091409206, 0.741738200188, 0.776700079441, 0.764258801937, 0.671455562115, 0.610638082027, 0.661904275417, 0.763084173203, 0.776465713978, 0.736179411411, 0.701091468334, 0.685802340508, 0.683927118778, 0.706358075142, 0.755109965801, 0.757645249367, 0.806440830231, 0.898164153099, 0.948543250561, 0.954607784748, 0.97631675005, 0.978533804417, 0.8916426301, 0.894791901112],
    "chords_key": "D#",
    "chords_scale": "major"
}
}