{
"metadata": {
    "version": {
        "essentia": "2.1-dev",
        "essentia_git_sha": "v2.1_beta3-415-gd5473f3",
        "extractor": "music 2.0"
    },
    "audio_properties": {
        "analysis": {
            "equal_loudness": 0,
            "length": 62.6155090332,
            "sample_rate": 44100,
            "start_time": 0,
            "downmix": "mix"
        },
        "bit_rate": 192000,
        "length": 62.6155090332,
        "lossless": 0,
        "number_channels": 2,
        "replay_gain": -6.02577781677,
        "sample_rate": 44100,
        "codec": "mp3",
        "md5_encoded": "b4c5a7bebe4755ad780c5918a5f7b0a4"
    },
    "tags": {
        "file_name": "tlfno_mujeres_01.mp3",
        "date": ["2004"],
        "engineer": ["rosamerica tamyo"]
    }
},
"lowlevel": {
    "average_loudness": 0.963708877563,
    "barkbands_crest": {
        "mean": 13.0215044022,
        "stdev": 5.43518352509
    },
    "barkbands_flatness_db": {
        "mean": 0.282216191292,
        "stdev": 0.0840606167912
    },
    "barkbands_kurtosis": {
        "mean": 18.1806545258,
        "stdev": 37.526725769
    },
    "barkbands_skewness": {
        "mean": 1.87272250652,
        "stdev": 3.09664940834
    },
    "barkbands_spread": {
        "mean": 16.4621601105,
        "stdev": 19.3870258331
    },
    "dissonance": {
        "mean": 0.403719246387,
        "stdev": 0.0811166316271
    },
    "dynamic_complexity": 4.88477945328,
    "erbbands_crest": {
        "mean": 13.6583118439,
        "stdev": 5.7855386734
    },
    "erbbands_flatness_db": {
        "mean": 0.333439201117,
        "stdev": 0.0902518108487
    },
    "erbbands_kurtosis": {
        "mean": 3.84923768044,
        "stdev": 8.20991039276
    },
    "erbbands_skewness": {
        "mean": 0.715422093868,
        "stdev": 1.61314153671
    },
    "erbbands_spread": {
        "mean": 18.6318511963,
        "stdev": 15.8910446167
    },
    "hfc": {
        "mean": 14.0471172333,
        "stdev": 15.2649202347
    },
    "loudness_ebu128": {
        "integrated": -19.3722610474,
        "loudness_range": 2.34078979492,
        "momentary": {
            "mean": -20.2571105957,
            "stdev": 3.14849448204
        },
        "short_term": {
            "mean": -19.5362205505,
            "stdev": 0.864141345024
        }
    },
    "melbands_crest": {
        "mean": 15.5013990402,
        "stdev": 6.28387403488
    },
    "melbands_flatness_db": {
        "mean": 0.351709216833,
        "stdev": 0.101152084768
    },
    "melbands_kurtosis": {
        "mean": 11.2446680069,
        "stdev": 17.9526500702
    },
    "melbands_skewness": {
        "mean": 1.91658174992,
        "stdev": 1.84189021587
    },
    "melbands_spread": {
        "mean": 16.8469619751,
        "stdev": 18.9485168457
    },
    "pitch_salience": {
        "mean": 0.595950365067,
        "stdev": 0.162784770131
    },
    "silence_rate_20dB": {
        "mean": 1,
        "stdev": 0
    },
    "silence_rate_30dB": {
        "mean": 1,
        "stdev": 0
    },
    "silence_rate_60dB": {
        "mean": 0.296145290136,
        "stdev": 0.456560611725
    },
    "spectral_centroid": {
        "mean": 1179.42407227,
        "stdev": 781.68762207
    },
    "spectral_complexity": {
        "mean": 8.55670833588,
        "stdev": 6.9305138588
    },
    "spectral_decrease": {
        "mean": -4.25152180128e-09,
        "stdev": 4.54938264838e-09
    },
    "spectral_energy": {
        "mean": 0.0173202902079,
        "stdev": 0.0184603799134
    },
    "spectral_energyband_high": {
        "mean": 2.26537504204e-05,
        "stdev": 6.59091438138e-06
    },
    "spectral_energyband_low": {
        "mean": 9.84417638392e-05,
        "stdev": 0.000306086236378
    },
    "spectral_energyband_middle_high": {
        "mean": 0.00403775367886,
        "stdev": 0.0064650690183
    },
    "spectral_energyband_middle_low": {
        "mean": 0.0132446642965,
        "stdev": 0.0149893164635
    },
    "spectral_entropy": {
        "mean": 6.50539541245,
        "stdev": 0.688526988029
    },
    "spectral_flux": {
        "mean": 0.0752176344395,
        "stdev": 0.0540010668337
    },
    "spectral_kurtosis": {
        "mean": 36.5268630981,
        "stdev": 21.3079967499
    },
    "spectral_rms": {
        "mean": 0.00336344679818,
        "stdev": 0.00236327480525
    },
    "spectral_rolloff": {
        "mean": 2837.63208008,
        "stdev": 4948.93554688
    },
    "spectral_skewness": {
        "mean": 3.45524573326,
        "stdev": 1.57573592663
    },
    "spectral_spread": {
        "mean": 2080608,
        "stdev": 2546121.5
    },
    "spectral_strongpeak": {
        "mean": 1.59409189224,
        "stdev": 1.36113286018
    },
    "zerocrossingrate": {
        "mean": 0.122700840235,
        "stdev": 0.153717413545
    },
    "barkbands": {
        "mean": [7.41611665944e-06, 7.48007005313e-05, 1.20990762298e-05, 1.35057434818e-05, 0.000256770057604, 0.00282775470987, 0.00263506406918, 0.00449208263308, 0.00282435398549, 0.000733867869712, 0.000465138262371, 0.000408889056416, 0.000357359240297, 0.000506159616634, 0.000376567564672, 0.000443208089564, 0.000330801354721, 0.000354797171894, 0.00017204094911, 5.23850530953e-06, 4.91197454267e-07, 2.37922947122e-07, 1.1845468606e-07, 6.77699034668e-08, 5.07806383609e-08, 2.72629439024e-08, 2.14167375816e-05],
        "stdev": [5.21242182003e-05, 0.000251671241131, 2.70420714514e-05, 3.18589191011e-05, 0.0010649044998, 0.00444407667965, 0.0065328637138, 0.00846980139613, 0.00636796606705, 0.0021819411777, 0.00131655740552, 0.00130816898309, 0.00106981210411, 0.00149220810272, 0.00101874058601, 0.00112054380588, 0.000798863766249, 0.00077673769556, 0.00063951703487, 3.88689841202e-05, 2.0875465907e-06, 1.24917448829e-06, 6.68680513627e-07, 4.30037232491e-07, 7.5123938359e-07, 1.45394011497e-07, 3.55496558768e-06]
    },
    "erbbands": {
        "mean": [0.00251099932939, 0.0150877572596, 0.0190033838153, 0.0303051546216, 0.215563073754, 1.1407225132, 3.43868255615, 32.4230461121, 41.6710853577, 58.4115486145, 92.6778335571, 68.1840438843, 31.1805858612, 24.1546363831, 19.1157627106, 15.6908941269, 16.6494827271, 24.2810306549, 23.2103252411, 21.5426025391, 22.9457702637, 19.2222595215, 19.5610542297, 14.2887744904, 4.50965833664, 0.342536389828, 0.0361896567047, 0.0179688241333, 0.00932341907173, 0.00568455876783, 0.00315043190494, 0.00175786286127, 0.00100406305864, 0.00067767011933, 0.00032271631062, 0.000152038512169, 5.12125698151e-05, 8.6312291387e-05, 0.00111347530037, 0.000644684478175],
        "stdev": [0.00989922974259, 0.0499886423349, 0.0443206988275, 0.066474378109, 0.479489684105, 5.01091051102, 7.8892455101, 50.5486946106, 89.7550811768, 109.558982849, 185.602828979, 158.275024414, 72.913848877, 68.0978393555, 52.071975708, 47.3565254211, 48.0101089478, 72.2454223633, 59.5208702087, 51.4055175781, 57.3734359741, 43.4176750183, 41.4660339355, 38.1222839355, 21.8712387085, 1.95155930519, 0.126191720366, 0.0735478997231, 0.0460916608572, 0.029286397621, 0.0182223655283, 0.00976591557264, 0.00862556975335, 0.0106930462644, 0.00384755712003, 0.00105901272036, 0.000195974847884, 5.31043551746e-05, 0.000215923733776, 0.000104349543108]
    },
    "gfcc": {
        "mean": [-188.31401062, 123.171211243, -159.219680786, -67.1669311523, -23.1634712219, -73.3396453857, -28.1065235138, -2.8027150631, 7.44007730484, -18.171169281, 14.8477602005, -11.2816581726, -2.40814495087],
        "cov": [[9291.16015625, 3219.54101562, -2542.17138672, -227.129013062, 89.4082107544, 148.097702026, -186.262496948, 778.007019043, 371.428009033, 300.31552124, 56.5312957764, 360.964538574, -120.301994324], [3219.54101562, 2050.17602539, -452.703979492, -601.137817383, -306.705810547, -181.073028564, -206.011077881, 87.7904205322, 32.400932312, 25.8879947662, 8.61649417877, 69.0439834595, -104.365196228], [-2542.17138672, -452.703979492, 2163.60522461, 762.064758301, -107.927688599, 263.423065186, 112.758712769, -261.126556396, -100.928031921, -10.9219274521, -62.9234199524, -19.7869491577, 77.6218795776], [-227.129013062, -601.137817383, 762.064758301, 1433.31091309, 599.869689941, 323.233764648, 166.242828369, 258.664337158, 124.84336853, 136.932235718, 12.4819660187, 117.9243927, 100.870262146], [89.4082107544, -306.705810547, -107.927688599, 599.869689941, 673.211486816, 315.774017334, 155.445007324, 225.699691772, 138.259719849, 112.983978271, 34.5863761902, 62.2920303345, 82.4650039673], [148.097702026, -181.073028564, 263.423065186, 323.233764648, 315.774017334, 899.509277344, 361.392181396, 40.4436759949, 104.556915283, 174.216888428, -25.6939067841, 91.8431472778, 121.638137817], [-186.262496948, -206.011077881, 112.758712769, 166.242828369, 155.445007324, 361.392181396, 285.828063965, 63.5140037537, -19.6435585022, 58.1977653503, 24.671667099, 13.7227401733, 25.0552062988], [778.007019043, 87.7904205322, -261.126556396, 258.664337158, 225.699691772, 40.4436759949, 63.5140037537, 311.971466064, 153.292160034, 61.1750907898, 22.1844711304, 89.1040267944, 18.9762763977], [371.428009033, 32.400932312, -100.928031921, 124.84336853, 138.259719849, 104.556915283, -19.6435585022, 153.292160034, 232.480438232, 91.9245376587, -17.2673454285, 79.7839508057, 73.9807052612], [300.31552124, 25.8879947662, -10.9219274521, 136.932235718, 112.983978271, 174.216888428, 58.1977653503, 61.1750907898, 91.9245376587, 134.7265625, 43.7068901062, 56.7264785767, 47.0615653992], [56.5312957764, 8.61649417877, -62.9234199524, 12.4819660187, 34.5863761902, -25.6939067841, 24.671667099, 22.1844711304, -17.2673454285, 43.7068901062, 108.846939087, 51.9615364075, 3.57144355774], [360.964538574, 69.0439834595, -19.7869491577, 117.9243927, 62.2920303345, 91.8431472778, 13.7227401733, 89.1040267944, 79.7839508057, 56.7264785767, 51.9615364075, 149.372467041, 80.403175354], [-120.301994324, -104.365196228, 77.6218795776, 100.870262146, 82.4650039673, 121.638137817, 25.0552062988, 18.9762763977, 73.9807052612, 47.0615653992, 3.57144355774, 80.403175354, 132.462844849]],
        "icov": [[0.00262405886315, -0.00390941137448, 0.0039880508557, -0.00410314463079, 0.00341123575345, -0.00263742357492, 0.00171120872255, -0.00143169041257, 0.00103164243046, -0.000984892831184, 0.000681027246173, -0.000443084980361, 0.000294555298751], [-0.00390941137448, 0.00672245630994, -0.00619648490101, 0.00687001273036, -0.00513272546232, 0.00353883136995, -0.00109305372462, 0.000606240762863, -0.000153417509864, -2.01400034712e-05, -0.00015586776135, -0.000331611634465, 0.00050954829203], [0.0039880508557, -0.00619648490101, 0.00731426710263, -0.00771516934037, 0.00623713480309, -0.00398313067853, 0.00140571244992, -3.57960561814e-05, 0.000194484920939, -0.000102147641883, 0.00041452748701, -7.84279618529e-05, -0.000193142594071], [-0.00410314463079, 0.00687001273036, -0.00771516934037, 0.00970626249909, -0.0076638343744, 0.00432209251449, -0.000997555907816, -0.0010293534724, 0.00159253994934, -0.00215815985575, 0.00189716904424, -0.00189153756946, 0.000928711495362], [0.00341123575345, -0.00513272546232, 0.00623713480309, -0.0076638343744, 0.0094286929816, -0.00573994917795, 0.00345749896951, -0.00344619038515, -4.05513819715e-05, 0.00163939443883, -0.00412636995316, 0.00469460058957, -0.00282217771746], [-0.00263742357492, 0.00353883136995, -0.00398313067853, 0.00432209251449, -0.00573994917795, 0.00963419675827, -0.010756063275, 0.00742714945227, -0.00331887928769, -0.00404228689149, 0.00754957227036, -0.00673434743658, 0.00230657448992], [0.00171120872255, -0.00109305372462, 0.00140571244992, -0.000997555907816, 0.00345749896951, -0.010756063275, 0.019906103611, -0.0134619995952, 0.00997103005648, -0.000570103584323, -0.00716875400394, 0.00798808876425, -0.00350492331199], [-0.00143169041257, 0.000606240762863, -3.57960561814e-05, -0.0010293534724, -0.00344619038515, 0.00742714945227, -0.0134619995952, 0.018709378317, -0.0121623445302, 0.00341238104738, 0.003180306172, -0.00791877042502, 0.00547468243167], [0.00103164243046, -0.000153417509864, 0.000194484920939, 0.00159253994934, -4.05513819715e-05, -0.00331887928769, 0.00997103005648, -0.0121623445302, 0.0193698219955, -0.0121796568856, 0.00792926922441, -0.00212208926678, -0.00299796066247], [-0.000984892831184, -2.01400034712e-05, -0.000102147641883, -0.00215815985575, 0.00163939443883, -0.00404228689149, -0.000570103584323, 0.00341238104738, -0.0121796568856, 0.0262298099697, -0.018003532663, 0.00910212658346, -0.00445277895778], [0.000681027246173, -0.00015586776135, 0.00041452748701, 0.00189716904424, -0.00412636995316, 0.00754957227036, -0.00716875400394, 0.003180306172, 0.00792926922441, -0.018003532663, 0.0305952914059, -0.0197938848287, 0.00850223470479], [-0.000443084980361, -0.000331611634465, -7.84279618529e-05, -0.00189153756946, 0.00469460058957, -0.00673434743658, 0.00798808876425, -0.00791877042502, -0.00212208926678, 0.00910212658346, -0.0197938848287, 0.0281557291746, -0.0148975374177], [0.000294555298751, 0.00050954829203, -0.000193142594071, 0.000928711495362, -0.00282217771746, 0.00230657448992, -0.00350492331199, 0.00547468243167, -0.00299796066247, -0.00445277895778, 0.00850223470479, -0.0148975374177, 0.0192114878446]]
    },
    "melbands": {
        "mean": [2.20490383072e-05, 1.36477447086e-05, 8.10414985608e-06, 4.46748999821e-05, 0.000106323372165, 0.000694739632308, 0.000616405450273, 0.000745318306144, 0.000714267836884, 0.000410492095398, 0.000145296449773, 9.7881165857e-05, 6.32557857898e-05, 4.60165065306e-05, 3.84132981708e-05, 3.81986756111e-05, 4.62128846266e-05, 3.91587273043e-05, 2.80375861621e-05, 2.99882303807e-05, 2.60996548604e-05, 1.96030978259e-05, 1.84378623089e-05, 1.65703895618e-05, 1.14257945825e-05, 4.9309392125e-06, 8.58271732795e-07, 4.96823275853e-08, 1.54272505881e-08, 1.28619985773e-08, 8.46418757305e-09, 5.3068336392e-09, 3.87535159518e-09, 2.76916578557e-09, 1.86661863744e-09, 1.34403466134e-09, 9.16081543956e-10, 6.90861534647e-10, 6.12670025824e-10, 5.38658062599e-10],
        "stdev": [7.92420905782e-05, 3.78605582227e-05, 1.56705827976e-05, 0.000170710554812, 0.000271308905212, 0.00106250983663, 0.00133971543983, 0.001352144056, 0.00146459415555, 0.000966003455687, 0.000364987470675, 0.000285626767436, 0.000174844259163, 0.000134807312861, 0.000127247651108, 0.000118959986139, 0.000143743993249, 0.00010633457714, 7.42355550756e-05, 7.90351186879e-05, 7.14482521289e-05, 4.85120435769e-05, 4.11306318711e-05, 3.63291946996e-05, 3.31618866767e-05, 2.35501647694e-05, 6.36182267044e-06, 2.82633635607e-07, 6.66116051207e-08, 5.22724725727e-08, 3.98702724169e-08, 2.77009704064e-08, 2.12935855615e-08, 1.45918335193e-08, 1.10452225144e-08, 8.57412363331e-09, 4.84856732541e-09, 5.74079983551e-09, 7.81192177612e-09, 9.77852376849e-09]
    },
    "melbands128": {
        "mean": [6.57744112686e-06, 2.02750034077e-05, 2.9667518902e-05, 2.37276908592e-05, 1.23572135635e-05, 4.9125114856e-06, 4.52304766441e-06, 7.78660341894e-06, 1.68728911376e-05, 3.36318735208e-05, 6.63248065393e-05, 6.98171352269e-05, 5.31228506588e-05, 0.000130472893943, 0.000743581796996, 0.000994300004095, 0.000791934377048, 0.0005528460606, 0.000427756342106, 0.000552709272597, 0.00101491773967, 0.000998516683467, 0.000651511130854, 0.000465679040644, 0.000446033343906, 0.000433702691225, 0.000210611135117, 9.88125393633e-05, 9.62988997344e-05, 0.000114036818559, 9.83337158686e-05, 6.73948452459e-05, 5.46853989363e-05, 7.04878257238e-05, 5.35010622116e-05, 3.39605285262e-05, 4.14084643126e-05, 4.48343525932e-05, 3.01784639305e-05, 3.45972694049e-05, 4.04590355174e-05, 4.13573470723e-05, 4.90534257551e-05, 4.54539840575e-05, 4.70650265925e-05, 3.70764464606e-05, 3.17768281093e-05, 2.8535077945e-05, 2.43608246819e-05, 3.10758732667e-05, 3.27089073835e-05, 2.56325020018e-05, 2.89001582132e-05, 2.59602529695e-05, 2.04032567126e-05, 1.8908705897e-05, 1.92557999981e-05, 1.77020174306e-05, 1.88511457964e-05, 1.81878731382e-05, 1.75934274012e-05, 1.41675163832e-05, 1.37530969369e-05, 1.05281878859e-05, 8.06852949609e-06, 5.183623216e-06, 3.01996146845e-06, 1.3006952031e-06, 3.90418080087e-07, 1.02687806702e-07, 3.99223196723e-08, 2.40482425085e-08, 1.80601240629e-08, 1.36316780086e-08, 1.22151355697e-08, 1.4515957325e-08, 1.27039578857e-08, 9.801221168e-09, 8.20347612063e-09, 6.739200753e-09, 5.4820588069e-09, 4.87201257116e-09, 4.226694994e-09, 3.95769861328e-09, 3.40719674696e-09, 2.99696711892e-09, 2.60669374974e-09, 2.16521134355e-09, 1.87188020639e-09, 1.64038782557e-09, 1.37250599774e-09, 1.32568778177e-09, 1.1751388751e-09, 9.31819843508e-10, 7.35965843823e-10, 6.96233848352e-10, 7.20010606692e-10, 6.08905592614e-10, 6.14022166445e-10, 6.21046825078e-10, 5.85034465317e-10, 5.38889988189e-10, 4.58788951274e-10, 4.15373541118e-10, 3.25201005014e-10, 2.97068564192e-10, 2.57378035551e-10, 2.46739462195e-10, 2.7362079269e-10, 2.57232152245e-10, 1.26677460188e-10, 1.05782695103e-10, 9.67026736465e-11, 1.22868257235e-10, 1.49451770404e-10, 1.68450239868e-10, 2.61091481768e-10, 6.0805263602e-11, 5.12210135417e-11, 1.30625288364e-09, 1.56263322282e-08, 2.28065317742e-08, 2.82953976694e-07, 5.23597350366e-07, 1.32304283085e-08, 9.00114205393e-09, 6.41436070925e-10, 7.24336562952e-12],
        "stdev": [4.55762019556e-05, 9.17583020055e-05, 0.000106829917058, 7.79098190833e-05, 3.14023491228e-05, 1.13331398097e-05, 1.40090678542e-05, 1.7557411411e-05, 4.16338880314e-05, 0.00010451192793, 0.0003414513194, 0.000403982034186, 0.000310519855702, 0.000337720586685, 0.00134721398354, 0.00185500539374, 0.00199732650071, 0.00194562633988, 0.00184962886851, 0.00150690996088, 0.00237924326211, 0.00251873675734, 0.00197078171186, 0.00179613602813, 0.0015564581845, 0.00126041378826, 0.000693502370268, 0.000407016719691, 0.000491345708724, 0.000422268552938, 0.000400417193305, 0.000283540284727, 0.000217674678424, 0.000257378007518, 0.000234548424487, 0.000129816893605, 0.000180752787855, 0.000208592085983, 0.000122369718156, 0.000137835770147, 0.000186705452506, 0.000164202763699, 0.000233077196754, 0.000182569914614, 0.000175110326381, 0.000142739110743, 0.000124689177028, 0.000107586231024, 8.00752532086e-05, 0.000105094564788, 0.000114345843031, 8.85660701897e-05, 0.000100803546957, 8.83440807229e-05, 7.35953362891e-05, 5.61930792173e-05, 5.52239034732e-05, 4.41909614892e-05, 5.71141026739e-05, 4.62152383989e-05, 4.47939528385e-05, 3.95429160562e-05, 4.54618239019e-05, 3.80499222956e-05, 3.72805989173e-05, 3.02552725771e-05, 2.30255809583e-05, 9.6911799119e-06, 3.10907012135e-06, 7.31975433155e-07, 2.19601375306e-07, 9.69940288087e-08, 8.09914766364e-08, 6.62957049258e-08, 5.42659712721e-08, 5.85111479268e-08, 5.0904123583e-08, 4.37402896125e-08, 3.99813266938e-08, 3.88107288529e-08, 2.83529448808e-08, 2.60897117244e-08, 2.22488907298e-08, 2.34905446206e-08, 1.92358804441e-08, 1.52674868303e-08, 1.42972078621e-08, 1.2451832454e-08, 1.14404157259e-08, 1.03655510841e-08, 9.1831102722e-09, 8.62381543953e-09, 7.25358662024e-09, 5.50601830795e-09, 3.16497317243e-09, 4.3487089485e-09, 8.44108694054e-09, 5.70547964429e-09, 7.66295915611e-09, 9.09365471813e-09, 9.76744285452e-09, 1.07679332118e-08, 8.74188099687e-09, 7.10989978003e-09, 3.23617910247e-09, 2.66368482826e-09, 1.98062588552e-09, 1.95857219332e-09, 2.0042609794e-09, 1.62467250764e-09, 1.13728315654e-09, 8.0755779841e-10, 4.7179338214e-10, 4.68007355092e-10, 4.32784336146e-10, 5.71434066732e-10, 9.04385177858e-10, 2.51341364388e-10, 2.83052303818e-10, 1.69903979774e-09, 1.13548717096e-08, 1.29170603103e-08, 4.80631463518e-08, 8.97279477385e-08, 9.71465929922e-09, 8.57999005177e-09, 9.53402690129e-10, 5.02064882724e-11]
    },
    "mfcc": {
        "mean": [-829.120849609, 184.084716797, -70.3103179932, -16.4735527039, -1.36761403084, -55.7343864441, -30.8139572144, -4.10781908035, -18.3364219666, -4.43773508072, 11.0685443878, -2.38366532326, -1.89531469345],
        "cov": [[7809.54638672, 3222.65332031, -2640.72875977, -401.151733398, 40.3349151611, -520.643005371, -219.239334106, 366.909088135, 231.617218018, 180.113220215, 345.771728516, 256.604400635, 147.57875061], [3222.65332031, 2168.96191406, -590.687194824, -547.038208008, -249.531326294, -345.442108154, -232.30267334, -30.4579391479, -58.1357460022, -73.3941268921, 118.712654114, 81.9561538696, -51.157913208], [-2640.72875977, -590.687194824, 2049.62890625, 433.578186035, -168.487792969, 398.913421631, 54.2889595032, -210.73336792, -48.8274116516, -182.220230103, -194.2734375, 7.8257226944, -59.2037696838], [-401.151733398, -547.038208008, 433.578186035, 1149.40686035, 567.002502441, 166.601516724, 177.098251343, 193.529281616, 180.986175537, 79.8918075562, 4.91019630432, 99.2555618286, 167.620864868], [40.3349151611, -249.531326294, -168.487792969, 567.002502441, 594.629150391, 200.572067261, 134.052032471, 199.457870483, 226.026168823, 135.605224609, 54.7679710388, 82.9623413086, 136.189453125], [-520.643005371, -345.442108154, 398.913421631, 166.601516724, 200.572067261, 785.680358887, 421.099090576, 112.248168945, 290.853851318, 142.777175903, -31.1255378723, 103.759895325, 88.2419433594], [-219.239334106, -232.30267334, 54.2889595032, 177.098251343, 134.052032471, 421.099090576, 485.41708374, 173.6300354, 113.299339294, 122.849494934, 32.3457794189, 46.4399986267, 70.1681289673], [366.909088135, -30.4579391479, -210.73336792, 193.529281616, 199.457870483, 112.248168945, 173.6300354, 255.299530029, 187.71055603, 77.1574630737, 60.7017707825, 86.493057251, 89.5271682739], [231.617218018, -58.1357460022, -48.8274116516, 180.986175537, 226.026168823, 290.853851318, 113.299339294, 187.71055603, 349.286193848, 142.272506714, 3.1895647049, 112.706130981, 125.079566956], [180.113220215, -73.3941268921, -182.220230103, 79.8918075562, 135.605224609, 142.777175903, 122.849494934, 77.1574630737, 142.272506714, 171.525009155, 53.7271842957, 13.3043880463, 50.898815155], [345.771728516, 118.712654114, -194.2734375, 4.91019630432, 54.7679710388, -31.1255378723, 32.3457794189, 60.7017707825, 3.1895647049, 53.7271842957, 128.282745361, 43.2260284424, -14.2037706375], [256.604400635, 81.9561538696, 7.8257226944, 99.2555618286, 82.9623413086, 103.759895325, 46.4399986267, 86.493057251, 112.706130981, 13.3043880463, 43.2260284424, 159.889053345, 106.78263855], [147.57875061, -51.157913208, -59.2037696838, 167.620864868, 136.189453125, 88.2419433594, 70.1681289673, 89.5271682739, 125.079566956, 50.898815155, -14.2037706375, 106.78263855, 181.021392822]],
        "icov": [[0.00554494233802, -0.00783828552812, 0.00834247563034, -0.00899482890964, 0.0098135266453, -0.00976387411356, 0.00984783656895, -0.00924272090197, 0.00742716388777, -0.00620152056217, 0.00412181112915, -0.00288174091838, 0.00108719000127], [-0.00783828552812, 0.0117440717295, -0.0116624431685, 0.0129310665652, -0.0138231059536, 0.0142715852708, -0.0143156507984, 0.0138294324279, -0.0114595927298, 0.00964404176921, -0.00663272803649, 0.00371671351604, -0.00143302837387], [0.00834247563034, -0.0116624431685, 0.0139689911157, -0.014851026237, 0.0161295868456, -0.0157827846706, 0.0149073712528, -0.0124559598044, 0.0103292893618, -0.0074101681821, 0.0059686456807, -0.00427467469126, 0.00209993333556], [-0.00899482890964, 0.0129310665652, -0.014851026237, 0.0178756639361, -0.0192660801113, 0.0178462918848, -0.0172345377505, 0.0143780596554, -0.0117649994791, 0.00894166901708, -0.0056116906926, 0.00341326044872, -0.00189595750999], [0.0098135266453, -0.0138231059536, 0.0161295868456, -0.0192660801113, 0.0238497331738, -0.0204399526119, 0.0200475826859, -0.0177852809429, 0.0129229025915, -0.0101378411055, 0.00431004539132, -0.00205285055563, -0.00027574665728], [-0.00976387411356, 0.0142715852708, -0.0157827846706, 0.0178462918848, -0.0204399526119, 0.0263410117477, -0.0264582410455, 0.0246970523149, -0.0225809775293, 0.0139938015491, -0.00730953458697, 0.00213199504651, 0.000721978081856], [0.00984783656895, -0.0143156507984, 0.0149073712528, -0.0172345377505, 0.0200475826859, -0.0264582410455, 0.0315474420786, -0.0314935818315, 0.0284580737352, -0.0224255565554, 0.0129340793937, -0.00648468686268, 0.00140419474337], [-0.00924272090197, 0.0138294324279, -0.0124559598044, 0.0143780596554, -0.0177852809429, 0.0246970523149, -0.0314935818315, 0.0437339730561, -0.0374694988132, 0.0313630104065, -0.0234957169741, 0.0123258130625, -0.00606697285548], [0.00742716388777, -0.0114595927298, 0.0103292893618, -0.0117649994791, 0.0129229025915, -0.0225809775293, 0.0284580737352, -0.0374694988132, 0.0427663587034, -0.0361727364361, 0.0276446342468, -0.019147368148, 0.0078487014398], [-0.00620152056217, 0.00964404176921, -0.0074101681821, 0.00894166901708, -0.0101378411055, 0.0139938015491, -0.0224255565554, 0.0313630104065, -0.0361727364361, 0.0459697656333, -0.0342906415462, 0.026723401621, -0.0153207415715], [0.00412181112915, -0.00663272803649, 0.0059686456807, -0.0056116906926, 0.00431004539132, -0.00730953458697, 0.0129340793937, -0.0234957169741, 0.0276446342468, -0.0342906415462, 0.0425964482129, -0.0305777154863, 0.0207607373595], [-0.00288174091838, 0.00371671351604, -0.00427467469126, 0.00341326044872, -0.00205285055563, 0.00213199504651, -0.00648468686268, 0.0123258130625, -0.019147368148, 0.026723401621, -0.0305777154863, 0.0364921987057, -0.0224455017596], [0.00108719000127, -0.00143302837387, 0.00209993333556, -0.00189595750999, -0.00027574665728, 0.000721978081856, 0.00140419474337, -0.00606697285548, 0.0078487014398, -0.0153207415715, 0.0207607373595, -0.0224455017596, 0.0227410104126]]
    },
    "spectral_contrast_coeffs": {
        "mean": [-0.659198462963, -0.676559388638, -0.758035480976, -0.788262844086, -0.665960848331, -0.831556737423],
        "stdev": [0.139979228377, 0.153474107385, 0.108323119581, 0.0815157666802, 0.108493894339, 0.0309963617474]
    },
    "spectral_contrast_valleys": {
        "mean": [-9.93298530579, -7.36805772781, -8.44100189209, -8.48480319977, -9.98304653168, -13.5364608765],
        "stdev": [1.4831045866, 1.26982676983, 1.24435853958, 1.26124894619, 0.937817931175, 0.665885806084]
    }
},
"rhythm": {
    "beats_count": 116,
    "beats_loudness": {
        "mean": 0.0320072844625,
        "stdev": 0.0197158940136
    },
    "bpm": 117.485160828,
    "bpm_histogram_first_peak_bpm": 117,
    "bpm_histogram_first_peak_weight": 0.516129016876,
    "bpm_histogram_second_peak_bpm": 133,
    "bpm_histogram_second_peak_spread": 0.571428596973,
    "bpm_histogram_second_peak_weight": 0.10434782505,
    "danceability": 1.45227658749,
    "onset_rate": 4.82152175903,
    "beats_loudness_band_ratio": {
        "mean": [0.0119443470612, 0.198878645897, 0.592973351479, 0.1252938658, 0.0993967503309, 0.0255998056382],
        "stdev": [0.0724872276187, 0.221597552299, 0.256313920021, 0.162177145481, 0.139403387904, 0.131187185645]
    },
    "beats_position": [0.487619042397, 0.99845802784, 1.50929701328, 1.99691605568, 2.48453521729, 2.97215414047, 3.44816327095, 3.94739222527, 4.446621418, 4.95746040344, 5.47990942001, 5.94430828094, 6.38548755646, 6.81505680084, 7.25623559952, 7.70902490616, 8.15020370483, 8.59138298035, 9.04417228699, 9.47374153137, 9.89170074463, 10.3328800201, 10.7624483109, 11.2036275864, 11.6331968307, 12.0743761063, 12.5271654129, 12.9799547195, 13.4675731659, 13.966802597, 14.4776411057, 14.9652605057, 15.4644899368, 15.9869384766, 16.4861679077, 16.9853973389, 17.4614048004, 17.9025840759, 18.3669834137, 18.8313827515, 19.2957820892, 19.7369613647, 20.1897506714, 20.642539978, 21.0953292847, 21.5597267151, 22.0125160217, 22.4769153595, 22.918094635, 23.3708839417, 23.8236732483, 24.2764625549, 24.7292518616, 25.2052612305, 25.7044887543, 26.2037181854, 26.7493877411, 27.2718353271, 27.7942848206, 28.3051242828, 28.8159637451, 29.3268013, 29.8376407623, 30.3484802246, 30.8593196869, 31.3701572418, 31.8926067352, 32.4266662598, 32.9491157532, 33.4599533081, 33.9824028015, 34.5164604187, 35.0505218506, 35.5961914062, 36.1418571472, 36.6875267029, 37.2215881348, 37.755645752, 38.3013153076, 38.8469848633, 39.3810424805, 39.8918800354, 40.4143295288, 40.9251708984, 41.4360084534, 42.0513381958, 42.6666641235, 43.281993866, 43.9089317322, 44.5358734131, 45.1744194031, 45.8129692078, 46.497959137, 47.1829452515, 47.8563270569, 48.5180931091, 49.1798629761, 49.8068008423, 50.4569587708, 51.1187286377, 51.7921066284, 52.5699768066, 53.3594551086, 54.1141014099, 54.8803634644, 55.6350097656, 56.3780479431, 57.0282058716, 57.701587677, 58.3517456055, 59.0019035339, 59.6404533386, 60.3022193909, 60.9291610718, 61.5677070618, 62.2178688049],
    "bpm_histogram": [0, 0, 0, 0, 0, 0, 0, 0, 0, 0, 0, 0, 0, 0, 0, 0, 0, 0, 0, 0, 0, 0, 0, 0, 0, 0, 0, 0, 0, 0, 0, 0, 0, 0, 0, 0, 0, 0, 0, 0, 0, 0, 0, 0, 0, 0, 0, 0, 0, 0, 0, 0, 0, 0, 0, 0, 0, 0, 0, 0, 0, 0, 0, 0, 0, 0, 0, 0, 0, 0, 0, 0, 0, 0, 0, 0, 0.00869565177709, 0.00869565177709, 0.00869565177709, 0, 0.0173913035542, 0.00869565177709, 0, 0, 0, 0, 0, 0, 0.0173913035542, 0.0260869562626, 0, 0.0347826071084, 0.0434782616794, 0, 0.0347826071084, 0, 0.0347826071084, 0, 0.0260869562626, 0, 0, 0, 0, 0, 0, 0, 0, 0, 0, 0, 0.0521739125252, 0, 0.0521739125252, 0, 0, 0.0695652142167, 0, 0.130434781313, 0, 0, 0.0695652142167, 0, 0, 0.0434782616794, 0, 0, 0.0260869562626, 0, 0, 0.0521739125252, 0, 0, 0, 0.10434782505, 0, 0, 0.0869565233588, 0, 0, 0, 0.0347826071084, 0, 0, 0, 0.00869565177709, 0, 0, 0, 0, 0, 0, 0, 0, 0, 0, 0, 0, 0, 0, 0, 0, 0, 0, 0, 0, 0, 0, 0, 0, 0, 0, 0, 0, 0, 0, 0, 0, 0, 0, 0, 0, 0, 0, 0, 0, 0, 0, 0, 0, 0, 0, 0, 0, 0, 0, 0, 0, 0, 0, 0, 0, 0, 0, 0, 0, 0, 0, 0, 0, 0, 0, 0, 0, 0, 0, 0, 0, 0, 0, 0, 0, 0, 0, 0, 0, 0, 0, 0, 0, 0, 0, 0, 0, 0, 0, 0, 0, 0, 0, 0, 0, 0, 0, 0, 0, 0, 0, 0, 0, 0]
},
"tonal": {
    "chords_changes_rate": 0.143703699112,
    "chords_number_rate": 0.0118518518284,
    "chords_strength": {
        "mean": 0.483359158039,
        "stdev": 0.100348763168
    },
    "hpcp_crest": {
        "mean": 14.9148073196,
        "stdev": 7.44624662399
    },
    "hpcp_entropy": {
        "mean": 1.85175693035,
        "stdev": 0.919661343098
    },
    "key_edma": {
        "strength": 0.687816500664,
        "key": "F",
        "scale": "minor"
    },
    "key_krumhansl": {
        "strength": 0.686447501183,
        "key": "F",
        "scale": "minor"
    },
    "key_temperley": {
        "strength": 0.691384792328,
        "key": "F",
        "scale": "minor"
    },
    "tuning_diatonic_strength": 0.62129932642,
    "tuning_equal_tempered_deviation": 0.25214111805,
    "tuning_frequency": 434.193115234,
    "tuning_nontempered_energy_ratio": 0.886169075966,
    "hpcp": {
        "mean": [0.114370696247, 0.0938747525215, 0.099387831986, 0.103538647294, 0.0909290239215, 0.0905973389745, 0.103549614549, 0.11819114536, 0.14395993948, 0.161770433187, 0.174061894417, 0.182822749019, 0.185163557529, 0.174575909972, 0.156467914581, 0.148338392377, 0.139254570007, 0.123705081642, 0.122127301991, 0.122432135046, 0.11858215183, 0.128565385938, 0.145480364561, 0.166211768985, 0.194043189287, 0.213228940964, 0.222433626652, 0.211370170116, 0.182600170374, 0.168618306518, 0.171465098858, 0.191191703081, 0.184562176466, 0.159430399537, 0.152459159493, 0.142435416579],
        "stdev": [0.203320473433, 0.174664720893, 0.194921419024, 0.206402882934, 0.18637304008, 0.18592377007, 0.196442395449, 0.210822209716, 0.233072429895, 0.255314350128, 0.265990585089, 0.27356800437, 0.278689056635, 0.268438220024, 0.250875920057, 0.241203680634, 0.232452228665, 0.21399140358, 0.214596197009, 0.217880308628, 0.215651780367, 0.231313571334, 0.251086503267, 0.260523051023, 0.290118992329, 0.295952618122, 0.300968170166, 0.298707872629, 0.269184976816, 0.26373064518, 0.259707301855, 0.282305747271, 0.277972340584, 0.258943259716, 0.249240458012, 0.242216661572]
    },
    "chords_histogram": [21.1851844788, 0.296296298504, 3.18518519402, 1.18518519402, 3.33333325386, 0, 0.518518507481, 6.29629611969, 2.96296286583, 11.4814815521, 1.40740740299, 7.11111116409, 0.666666686535, 3.62962961197, 5.11111116409, 0.222222223878, 3.18518519402, 0.740740716457, 1.25925922394, 0.148148149252, 0, 4.66666650772, 3.48148155212, 17.9259262085],
    "thpcp": [1, 0.950261771679, 0.820919811726, 0.758061230183, 0.770859599113, 0.859544932842, 0.829740464687, 0.71675491333, 0.685414195061, 0.640350222588, 0.514178991318, 0.42203488946, 0.446820169687, 0.465481102467, 0.408791720867, 0.407300561666, 0.465530395508, 0.531354665756, 0.647204041481, 0.727275073528, 0.782534062862, 0.821920454502, 0.83244407177, 0.78484493494, 0.703436434269, 0.666888356209, 0.626049995422, 0.556143820286, 0.54905050993, 0.550420999527, 0.53311252594, 0.577994406223, 0.654039442539, 0.747242093086, 0.872364461422, 0.958618283272],
    "chords_key": "F",
    "chords_scale": "minor"
}
}