{
"metadata": {
    "version": {
        "essentia": "2.1-dev",
        "essentia_git_sha": "v2.1_beta3-415-gd5473f3",
        "extractor": "music 2.0"
    },
    "audio_properties": {
        "analysis": {
            "equal_loudness": 0,
            "length": 60.9697952271,
            "sample_rate": 44100,
            "start_time": 0,
            "downmix": "mix"
        },
        "bit_rate": 192000,
        "length": 60.9697952271,
        "lossless": 0,
        "number_channels": 2,
        "replay_gain": -6.53618431091,
        "sample_rate": 44100,
        "codec": "mp3",
        "md5_encoded": "aa5716f27bacbf771ad3ac7412a7887b"
    },
    "tags": {
        "file_name": "tlfno_mujer_04.mp3",
        "date": ["2004"],
        "engineer": ["rosamerica tamyo"]
    }
},
"lowlevel": {
    "average_loudness": 0.97455239296,
    "barkbands_crest": {
        "mean": 11.4734287262,
        "stdev": 4.56705713272
    },
    "barkbands_flatness_db": {
        "mean": 0.274658918381,
        "stdev": 0.0687948018312
    },
    "barkbands_kurtosis": {
        "mean": 5.58066987991,
        "stdev": 12.1510391235
    },
    "barkbands_skewness": {
        "mean": 1.30045175552,
        "stdev": 1.69940197468
    },
    "barkbands_spread": {
        "mean": 17.4919948578,
        "stdev": 19.0448322296
    },
    "dissonance": {
        "mean": 0.422134280205,
        "stdev": 0.0640614777803
    },
    "dynamic_complexity": 4.3255443573,
    "erbbands_crest": {
        "mean": 11.8760433197,
        "stdev": 4.74595689774
    },
    "erbbands_flatness_db": {
        "mean": 0.340539067984,
        "stdev": 0.0806204304099
    },
    "erbbands_kurtosis": {
        "mean": 1.31870365143,
        "stdev": 5.06678199768
    },
    "erbbands_skewness": {
        "mean": 0.164211049676,
        "stdev": 1.26662325859
    },
    "erbbands_spread": {
        "mean": 19.8007507324,
        "stdev": 11.2281389236
    },
    "hfc": {
        "mean": 17.3179016113,
        "stdev": 17.1228122711
    },
    "loudness_ebu128": {
        "integrated": -18.3362598419,
        "loudness_range": 1.9353313446,
        "momentary": {
            "mean": -19.0241127014,
            "stdev": 2.93462133408
        },
        "short_term": {
            "mean": -18.4875564575,
            "stdev": 0.767660677433
        }
    },
    "melbands_crest": {
        "mean": 14.4467306137,
        "stdev": 6.2963218689
    },
    "melbands_flatness_db": {
        "mean": 0.340421497822,
        "stdev": 0.0804435536265
    },
    "melbands_kurtosis": {
        "mean": 7.32327461243,
        "stdev": 16.605714798
    },
    "melbands_skewness": {
        "mean": 1.64562344551,
        "stdev": 1.73391199112
    },
    "melbands_spread": {
        "mean": 18.8459339142,
        "stdev": 16.7812252045
    },
    "pitch_salience": {
        "mean": 0.623198211193,
        "stdev": 0.155192762613
    },
    "silence_rate_20dB": {
        "mean": 1,
        "stdev": 0
    },
    "silence_rate_30dB": {
        "mean": 1,
        "stdev": 0
    },
    "silence_rate_60dB": {
        "mean": 0.261515021324,
        "stdev": 0.439458191395
    },
    "spectral_centroid": {
        "mean": 1301.43786621,
        "stdev": 942.308288574
    },
    "spectral_complexity": {
        "mean": 10.2322044373,
        "stdev": 7.19894790649
    },
    "spectral_decrease": {
        "mean": -4.56887194744e-09,
        "stdev": 4.40298064674e-09
    },
    "spectral_energy": {
        "mean": 0.0188147164881,
        "stdev": 0.0180597696453
    },
    "spectral_energyband_high": {
        "mean": 2.06388176593e-05,
        "stdev": 7.70084716351e-06
    },
    "spectral_energyband_low": {
        "mean": 2.08708224818e-05,
        "stdev": 4.65554730908e-05
    },
    "spectral_energyband_middle_high": {
        "mean": 0.00656688958406,
        "stdev": 0.00828824937344
    },
    "spectral_energyband_middle_low": {
        "mean": 0.0124806631356,
        "stdev": 0.0129508702084
    },
    "spectral_entropy": {
        "mean": 6.64842939377,
        "stdev": 0.510669589043
    },
    "spectral_flux": {
        "mean": 0.0880183205009,
        "stdev": 0.0565177351236
    },
    "spectral_kurtosis": {
        "mean": 34.8587265015,
        "stdev": 17.5884952545
    },
    "spectral_rms": {
        "mean": 0.00357049121521,
        "stdev": 0.00236800126731
    },
    "spectral_rolloff": {
        "mean": 2947.28564453,
        "stdev": 4719.53417969
    },
    "spectral_skewness": {
        "mean": 3.19168281555,
        "stdev": 1.30443263054
    },
    "spectral_spread": {
        "mean": 1873655.375,
        "stdev": 2919648.5
    },
    "spectral_strongpeak": {
        "mean": 1.565325737,
        "stdev": 1.4320846796
    },
    "zerocrossingrate": {
        "mean": 0.115558721125,
        "stdev": 0.128053203225
    },
    "barkbands": {
        "mean": [1.47542266404e-06, 1.24270563902e-05, 4.03896683565e-06, 6.27600684311e-06, 0.000716802955139, 0.00279606762342, 0.00248810835183, 0.00370371015742, 0.00223599467427, 0.00149404956028, 0.00042284509982, 0.000628808746114, 0.000753260275815, 0.000847523217089, 0.000697322771885, 0.000624773383606, 0.000771028979216, 0.000453394168289, 0.000134404530399, 2.21301024794e-06, 7.58016881264e-07, 3.81095873081e-07, 1.51172841356e-07, 9.15761759757e-08, 3.31102825157e-08, 2.1238660608e-08, 1.88025715033e-05],
        "stdev": [3.68256723959e-06, 3.51247108483e-05, 9.62937065196e-06, 1.46257216329e-05, 0.00150754256174, 0.00537776947021, 0.00539155583829, 0.00649982970208, 0.0049477876164, 0.0040474422276, 0.00110182992648, 0.00157194049098, 0.00180570955854, 0.00220838980749, 0.00155036593787, 0.0014595069224, 0.00162677944172, 0.000738445552997, 0.000657441618387, 9.13505391509e-06, 2.69758174909e-06, 1.50858124925e-06, 5.56973418497e-07, 1.02879789665e-06, 9.4920252991e-08, 4.21162944519e-08, 3.66719746125e-06]
    },
    "erbbands": {
        "mean": [0.000464061158709, 0.00239563104697, 0.00435494212434, 0.0167929530144, 0.119913227856, 2.28024077415, 13.7333946228, 25.8903312683, 25.2636947632, 70.4187698364, 67.0109634399, 54.0189743042, 51.9586143494, 32.2559013367, 21.16065979, 26.1420402527, 34.8225212097, 41.6761016846, 42.2715072632, 32.5045928955, 38.3725814819, 41.5686264038, 28.9728221893, 12.9195795059, 2.79056620598, 0.183548495173, 0.043155156076, 0.027272105217, 0.0152802197263, 0.00801528152078, 0.00389776634984, 0.00229316181503, 0.00131254759617, 0.000496715714689, 0.00020861523808, 0.000103513331851, 4.84700867673e-05, 7.99524786999e-05, 0.000969602784608, 0.00057153502712],
        "stdev": [0.00139831018168, 0.00661245174706, 0.0093033099547, 0.0354176685214, 0.338467180729, 4.47324562073, 27.5849094391, 56.3373031616, 50.0301437378, 128.871643066, 122.363754272, 120.972076416, 129.602783203, 91.474609375, 50.8228721619, 62.8133850098, 81.6138534546, 111.17842865, 91.0802383423, 70.9292373657, 85.5461807251, 76.2377166748, 44.0859336853, 41.6679039001, 13.6969146729, 0.622478246689, 0.13301704824, 0.0979936867952, 0.0588308796287, 0.0337304361165, 0.014138026163, 0.0152746075764, 0.0189892277122, 0.00240452028811, 0.000401576777222, 0.000221473455895, 7.98844776e-05, 4.69138904009e-05, 0.000211687802221, 0.000107419218693]
    },
    "gfcc": {
        "mean": [-179.514892578, 118.877281189, -182.504943848, -73.5263442993, -19.0124454498, -71.3694992065, -35.7465400696, -8.21781826019, 6.3729300499, -21.8732566833, 14.3179616928, -5.01338100433, 1.73142743111],
        "cov": [[12507.6660156, 2994.55078125, -2782.30810547, -651.691955566, -874.174316406, -422.722106934, -631.215148926, 111.737442017, 69.0899963379, -40.2928009033, -128.375457764, 127.252998352, -144.55758667], [2994.55078125, 1863.62548828, 180.978851318, -165.175247192, -341.576629639, -103.206230164, -140.888061523, -60.1037406921, -74.1316604614, -45.4502716064, 10.2603960037, 59.1708259583, -10.7482652664], [-2782.30810547, 180.978851318, 2728.57836914, 1246.2956543, 57.5274772644, 417.163879395, 255.388259888, -202.869979858, -14.3992958069, 12.6846380234, 0.0889606699347, -22.6801795959, 151.580795288], [-651.691955566, -165.175247192, 1246.2956543, 1253.70056152, 166.052215576, 210.920333862, 43.5727081299, -46.1761322021, 53.1267356873, 40.0318031311, -59.3486480713, -5.72320461273, 85.0034179688], [-874.174316406, -341.576629639, 57.5274772644, 166.052215576, 396.823028564, 10.8574819565, 1.06602108479, 16.9557094574, -0.989591598511, -18.1808261871, 5.68426370621, -31.5214977264, 3.07814025879], [-422.722106934, -103.206230164, 417.163879395, 210.920333862, 10.8574819565, 529.408203125, 253.373779297, -37.4496040344, 32.5079231262, 59.8776016235, -51.4612998962, -45.1454811096, 11.8073911667], [-631.215148926, -140.888061523, 255.388259888, 43.5727081299, 1.06602108479, 253.373779297, 330.787567139, 44.6933288574, -46.493396759, 18.5159454346, 39.4293899536, -43.3162765503, -7.40064573288], [111.737442017, -60.1037406921, -202.869979858, -46.1761322021, 16.9557094574, -37.4496040344, 44.6933288574, 174.368865967, 69.915145874, 3.08734250069, -3.43011474609, 11.929265976, -20.4085693359], [69.0899963379, -74.1316604614, -14.3992958069, 53.1267356873, -0.989591598511, 32.5079231262, -46.493396759, 69.915145874, 199.191802979, 75.931350708, -36.5969619751, -2.60723471642, 12.8830327988], [-40.2928009033, -45.4502716064, 12.6846380234, 40.0318031311, -18.1808261871, 59.8776016235, 18.5159454346, 3.08734250069, 75.931350708, 123.90750885, 38.1991081238, -16.7663326263, -10.8105421066], [-128.375457764, 10.2603960037, 0.0889606699347, -59.3486480713, 5.68426370621, -51.4612998962, 39.4293899536, -3.43011474609, -36.5969619751, 38.1991081238, 133.057891846, 27.4552402496, -8.19538593292], [127.252998352, 59.1708259583, -22.6801795959, -5.72320461273, -31.5214977264, -45.1454811096, -43.3162765503, 11.929265976, -2.60723471642, -16.7663326263, 27.4552402496, 93.241065979, 32.5996437073], [-144.55758667, -10.7482652664, 151.580795288, 85.0034179688, 3.07814025879, 11.8073911667, -7.40064573288, -20.4085693359, 12.8830327988, -10.8105421066, -8.19538593292, 32.5996437073, 88.0060119629]],
        "icov": [[0.000574125209823, -0.00102447683457, 0.00123758427799, -0.00111210544128, 0.0007572384784, -0.000347807188518, 9.44050771068e-06, 0.000536016188562, -0.0008563035517, 0.00110946409404, -0.000689995533321, 0.000534666178282, -9.4907838502e-05], [-0.00102447683457, 0.00258282991126, -0.00244617648423, 0.00218195607886, -0.000699946598615, 0.000318883277941, 0.000888732320163, -0.00150041247252, 0.00207550893538, -0.0018359515816, 0.00092777365353, -0.000834048260003, 0.00031289504841], [0.00123758427799, -0.00244617648423, 0.00374472723342, -0.00341370212846, 0.00171186751686, -0.000658631615806, -0.00117111462168, 0.00270445109345, -0.00294087664224, 0.00350579689257, -0.00219780788757, 0.00138012960088, -0.000716140377335], [-0.00111210544128, 0.00218195607886, -0.00341370212846, 0.00412280391902, -0.0020437547937, 0.000371262809495, 0.00101982767228, -0.00230260565877, 0.00276992190629, -0.00384983420372, 0.00264135282487, -0.00152472918853, -0.000156821377459], [0.0007572384784, -0.000699946598615, 0.00171186751686, -0.0020437547937, 0.00474970368668, -0.00145124876872, 0.00179715780541, -0.000618643185589, -0.000888557406142, 0.00363876041956, -0.00349374813959, 0.0034601399675, -0.000809907098301], [-0.000347807188518, 0.000318883277941, -0.000658631615806, 0.000371262809495, -0.00145124876872, 0.00620663072914, -0.0065735578537, 0.00412583164871, -0.00165876920801, -0.00353150325827, 0.00578638957813, -0.00389678799547, 0.00165683508385], [9.44050771068e-06, 0.000888732320163, -0.00117111462168, 0.00101982767228, 0.00179715780541, -0.0065735578537, 0.0128711163998, -0.00906087458134, 0.0059816786088, 0.000903483538423, -0.00653294008225, 0.00708034355193, -0.00303939706646], [0.000536016188562, -0.00150041247252, 0.00270445109345, -0.00230260565877, -0.000618643185589, 0.00412583164871, -0.00906087458134, 0.015447165817, -0.00970317237079, 0.00401676399633, 0.00188392505515, -0.00538440933451, 0.00463526370004], [-0.0008563035517, 0.00207550893538, -0.00294087664224, 0.00276992190629, -0.000888557406142, -0.00165876920801, 0.0059816786088, -0.00970317237079, 0.0157636310905, -0.0115476651117, 0.00496527180076, 0.000409045664128, -0.00367191410623], [0.00110946409404, -0.0018359515816, 0.00350579689257, -0.00384983420372, 0.00363876041956, -0.00353150325827, 0.000903483538423, 0.00401676399633, -0.0115476651117, 0.0228737127036, -0.0132841719314, 0.00693088723347, 0.0013280743733], [-0.000689995533321, 0.00092777365353, -0.00219780788757, 0.00264135282487, -0.00349374813959, 0.00578638957813, -0.00653294008225, 0.00188392505515, 0.00496527180076, -0.0132841719314, 0.0199244134128, -0.0108244949952, 0.00295397685841], [0.000534666178282, -0.000834048260003, 0.00138012960088, -0.00152472918853, 0.0034601399675, -0.00389678799547, 0.00708034355193, -0.00538440933451, 0.000409045664128, 0.00693088723347, -0.0108244949952, 0.0214605368674, -0.00854552164674], [-9.4907838502e-05, 0.00031289504841, -0.000716140377335, -0.000156821377459, -0.000809907098301, 0.00165683508385, -0.00303939706646, 0.00463526370004, -0.00367191410623, 0.0013280743733, 0.00295397685841, -0.00854552164674, 0.017396710813]]
    },
    "melbands": {
        "mean": [3.83158703698e-06, 2.55855547948e-06, 3.32143304149e-06, 5.05449752382e-05, 0.000413795321947, 0.00055719417287, 0.000423210993176, 0.000824512331747, 0.000488585210405, 0.000337818288244, 0.00025790775544, 0.000138051997055, 6.22887673671e-05, 6.9640824222e-05, 7.23013508832e-05, 7.51247207518e-05, 7.87044045865e-05, 7.03488622094e-05, 4.91366445203e-05, 4.04279708164e-05, 4.66199489892e-05, 4.47241436632e-05, 3.51069247699e-05, 1.90268037841e-05, 9.8289019661e-06, 3.37852270604e-06, 2.90968074523e-07, 4.0637566201e-08, 2.40810464902e-08, 1.77155143888e-08, 1.44812206671e-08, 8.99894736506e-09, 5.80773873438e-09, 3.79375508786e-09, 2.30297958481e-09, 1.63381130847e-09, 1.25671995033e-09, 9.86332682196e-10, 6.00095917402e-10, 3.29165111834e-10],
        "stdev": [1.10487517304e-05, 5.696072094e-06, 8.12864618638e-06, 0.000121401339129, 0.000784563657362, 0.00115545617882, 0.000836269231513, 0.00140616949648, 0.000915045849979, 0.000789605663158, 0.000659366080072, 0.000410254171584, 0.000149681975017, 0.000178603848326, 0.000184796590474, 0.000178206697456, 0.000232243313803, 0.000164916491485, 0.000114838403533, 0.000104494902189, 0.000113097645226, 9.11916577024e-05, 5.74895020691e-05, 3.56123018719e-05, 3.85761377402e-05, 1.90502414625e-05, 1.51067183651e-06, 1.43919251627e-07, 8.79147563637e-08, 6.28919778478e-08, 5.58608626022e-08, 3.4644632052e-08, 2.6393399466e-08, 1.59118904719e-08, 8.91967655292e-09, 5.55559198645e-09, 1.17768381713e-08, 1.64426339211e-08, 6.03622707374e-09, 8.57802828769e-10]
    },
    "melbands128": {
        "mean": [1.11868632757e-06, 3.85757948607e-06, 5.1866099966e-06, 3.46255069417e-06, 1.97609983843e-06, 2.16420403376e-06, 3.04514446725e-06, 3.05238154397e-06, 4.97646078657e-06, 1.56575679284e-05, 5.9076865e-05, 0.000306330854073, 0.000491983257234, 0.000526672811247, 0.000675246526953, 0.000521706126165, 0.000295930978609, 0.000365182670066, 0.000557331659365, 0.000867650611326, 0.000973240414169, 0.000730031111743, 0.000397908996092, 0.000273950630799, 0.000346247805282, 0.000379644479835, 0.000270736636594, 0.000261990004219, 0.000226300020586, 0.000188539415831, 9.839356062e-05, 5.16481741215e-05, 5.27128649992e-05, 7.66156081227e-05, 7.57649904699e-05, 6.24852618785e-05, 7.08241714165e-05, 6.96263741702e-05, 7.35622597858e-05, 8.44171081553e-05, 7.46299701859e-05, 6.28131383564e-05, 8.31306024338e-05, 8.38220075821e-05, 7.40355608286e-05, 7.25988647901e-05, 6.05276145507e-05, 5.11711841682e-05, 4.36358022853e-05, 3.96884279326e-05, 3.96924297092e-05, 4.13411835325e-05, 4.24914069299e-05, 5.15715873917e-05, 5.14938474225e-05, 4.22361226811e-05, 4.07972474932e-05, 4.00706667278e-05, 3.33128773491e-05, 2.53066791629e-05, 1.9906225134e-05, 1.28516103359e-05, 1.05043882286e-05, 1.02144385892e-05, 6.72951091474e-06, 3.35788399752e-06, 1.18726177334e-06, 3.99924573458e-07, 1.22458018836e-07, 5.63844793078e-08, 3.94362622558e-08, 3.34925225332e-08, 2.7441657835e-08, 2.22511005177e-08, 2.04283789884e-08, 1.83034725154e-08, 1.62283999572e-08, 1.57783865973e-08, 1.57388573285e-08, 1.14481428781e-08, 9.52363521378e-09, 8.22691337277e-09, 6.80761536032e-09, 5.66232394306e-09, 4.92358553927e-09, 4.1582923771e-09, 3.47325745942e-09, 2.82603407342e-09, 2.30668106838e-09, 1.87719439992e-09, 1.64638658262e-09, 1.65146563091e-09, 1.48322387705e-09, 1.23558374643e-09, 1.10293119082e-09, 1.11734654862e-09, 9.80460934663e-10, 7.97535870678e-10, 6.30574925609e-10, 4.93978857818e-10, 3.75421943533e-10, 3.15030113107e-10, 2.50362508503e-10, 2.25815310895e-10, 2.1196454314e-10, 1.91132568106e-10, 1.78580011889e-10, 1.70360364704e-10, 1.60675542316e-10, 1.55233215171e-10, 8.45647857295e-11, 9.92966056601e-11, 1.19586257563e-10, 1.16867848732e-10, 1.22839613481e-10, 1.66556157755e-10, 2.96311919445e-10, 1.02938109425e-10, 7.45551398396e-11, 1.15851928051e-09, 1.30538557741e-08, 1.86245063816e-08, 2.48944587611e-07, 4.62225244746e-07, 1.0580337495e-08, 7.72363240031e-09, 5.63960433908e-10, 6.98846145883e-12],
        "stdev": [2.97119458992e-06, 1.19808473755e-05, 1.60689232871e-05, 9.30377063924e-06, 4.63943524665e-06, 5.41139706911e-06, 7.40309724279e-06, 7.90404828876e-06, 2.15302061406e-05, 7.32224070816e-05, 0.000196863853489, 0.000680034805555, 0.00118808320258, 0.00153970264364, 0.00169842503965, 0.00152341846842, 0.000918027420994, 0.00107504636981, 0.00170243706089, 0.00208470388316, 0.00219462928362, 0.00175237283111, 0.00113500095904, 0.000989132677205, 0.00110397103708, 0.00120932981372, 0.000937781704124, 0.0010147333378, 0.000814290950075, 0.000734302971978, 0.000432403350715, 0.00017717629089, 0.000163941280334, 0.000269990705419, 0.000308915652568, 0.000225343261263, 0.000254092767136, 0.000243809321546, 0.000285006448394, 0.000292197568342, 0.000237604341237, 0.000211323553231, 0.000396623305278, 0.000287808856228, 0.000247107673204, 0.000249663746217, 0.000182263102033, 0.000174097061972, 0.000145393467392, 0.000142906268593, 0.000152621534653, 0.000154570589075, 0.000137760769576, 0.000178508344106, 0.000175984518137, 0.000103712460259, 0.000106431798486, 9.0665940661e-05, 6.67076383252e-05, 5.18778833793e-05, 4.91235223308e-05, 4.26985534432e-05, 3.86895226256e-05, 6.00210878474e-05, 4.29350620834e-05, 2.39470227825e-05, 7.3889154919e-06, 2.3700820293e-06, 6.05637751505e-07, 1.83883273053e-07, 1.57177495907e-07, 1.4058321085e-07, 1.04393372169e-07, 8.15812839505e-08, 7.59118563565e-08, 6.65424195745e-08, 5.8247422885e-08, 6.83502818788e-08, 6.46683702143e-08, 4.14891623279e-08, 3.58300979997e-08, 3.51177575908e-08, 3.12541175163e-08, 2.72268074752e-08, 2.39399984281e-08, 1.76185928069e-08, 1.42295100147e-08, 1.21771472905e-08, 9.47269285234e-09, 7.3048735949e-09, 5.72254998943e-09, 5.30069188542e-09, 6.11490280633e-09, 1.18547722749e-08, 1.43445273437e-08, 1.96409555286e-08, 1.77390155898e-08, 1.1932489663e-08, 6.63102239784e-09, 2.82855094902e-09, 1.01011998765e-09, 7.82065689986e-10, 5.88121495948e-10, 4.85265050365e-10, 3.67985808492e-10, 3.06218855828e-10, 6.56757204176e-10, 7.9866524505e-10, 3.05473035755e-10, 2.18035464683e-10, 2.35291647277e-10, 2.78091633055e-10, 3.22837895306e-10, 2.74201272799e-10, 2.41559022784e-10, 3.56312229721e-10, 9.13934483648e-10, 4.25602636467e-10, 4.93681318048e-10, 1.54445656264e-09, 1.04682911228e-08, 1.1710598713e-08, 4.93503407029e-08, 9.24617182818e-08, 8.65581828435e-09, 7.84648790386e-09, 8.34358304669e-10, 5.46280728986e-11]
    },
    "mfcc": {
        "mean": [-813.500183105, 180.745651245, -92.8795166016, -26.244134903, 3.21736645699, -53.0776329041, -35.8099975586, -3.62122416496, -18.8960189819, -12.2149200439, 8.05214881897, -0.901611804962, -5.56125164032],
        "cov": [[7515.37841797, 2807.82470703, -2376.46679688, -519.68939209, -544.425720215, -683.53894043, -548.16015625, -113.37474823, -162.156295776, -52.3386688232, 88.92993927, -25.7732105255, -93.9574050903], [2807.82470703, 2021.0020752, -138.247665405, -158.742080688, -201.919311523, -289.596282959, -112.674423218, -70.5334243774, -130.315109253, -97.6064834595, 21.7242469788, 18.7176609039, -63.6039962769], [-2376.46679688, -138.247665405, 2610.84423828, 980.115966797, 136.708602905, 668.088134766, 394.109100342, -16.3935546875, 184.486999512, 18.1150760651, -141.420074463, 127.998985291, 22.5430183411], [-519.68939209, -158.742080688, 980.115966797, 1017.78265381, 350.202545166, 224.228363037, 118.732139587, -10.145781517, 108.88318634, 32.9600906372, -87.6554489136, 38.6493225098, 42.5136299133], [-544.425720215, -201.919311523, 136.708602905, 350.202545166, 446.400787354, 66.0532531738, -39.7939605713, 16.8626766205, 40.6762771606, 1.47645878792, -7.03241539001, -22.421541214, -4.45479679108], [-683.53894043, -289.596282959, 668.088134766, 224.228363037, 66.0532531738, 553.469421387, 254.776245117, 6.89357089996, 152.305969238, 107.19732666, -14.6182479858, 27.7104911804, -28.3834571838], [-548.16015625, -112.674423218, 394.109100342, 118.732139587, -39.7939605713, 254.776245117, 405.567504883, 103.756713867, 6.53587007523, 81.4872283936, 26.0224075317, -14.5503988266, -2.89944815636], [-113.37474823, -70.5334243774, -16.3935546875, -10.145781517, 16.8626766205, 6.89357089996, 103.756713867, 173.926605225, 60.4745101929, 2.99404120445, 28.5207366943, -4.15379238129, -8.40786552429], [-162.156295776, -130.315109253, 184.486999512, 108.88318634, 40.6762771606, 152.305969238, 6.53587007523, 60.4745101929, 226.676101685, 99.461265564, -21.9869060516, 35.0237121582, 13.1975975037], [-52.3386688232, -97.6064834595, 18.1150760651, 32.9600906372, 1.47645878792, 107.19732666, 81.4872283936, 2.99404120445, 99.461265564, 189.758666992, 65.0252838135, -8.38579940796, 14.1611127853], [88.92993927, 21.7242469788, -141.420074463, -87.6554489136, -7.03241539001, -14.6182479858, 26.0224075317, 28.5207366943, -21.9869060516, 65.0252838135, 139.130508423, 25.9393825531, -23.7782096863], [-25.7732105255, 18.7176609039, 127.998985291, 38.6493225098, -22.421541214, 27.7104911804, -14.5503988266, -4.15379238129, 35.0237121582, -8.38579940796, 25.9393825531, 116.482933044, 55.468547821], [-93.9574050903, -63.6039962769, 22.5430183411, 42.5136299133, -4.45479679108, -28.3834571838, -2.89944815636, -8.40786552429, 13.1975975037, 14.1611127853, -23.7782096863, 55.468547821, 129.280731201]],
        "icov": [[0.00623357482255, -0.00880449078977, 0.00941326189786, -0.0100963357836, 0.0108318170533, -0.0112295523286, 0.0116550493985, -0.0110437469557, 0.00959747191519, -0.00820997171104, 0.00664633885026, -0.0044769262895, 0.00239124987274], [-0.00880449078977, 0.0130407074466, -0.0133479936048, 0.0142520423979, -0.015114475973, 0.0163689106703, -0.0166714768857, 0.0159898605198, -0.0136714763939, 0.0117223234847, -0.00942611321807, 0.00595771381631, -0.00278157065623], [0.00941326189786, -0.0133479936048, 0.015200628899, -0.0160525199026, 0.0166965220124, -0.0176308862865, 0.0170691199601, -0.0163203254342, 0.0142302429304, -0.0118104796857, 0.0103775663301, -0.00748285418376, 0.00388871808536], [-0.0100963357836, 0.0142520423979, -0.0160525199026, 0.018919762224, -0.0195532236248, 0.0190556235611, -0.0195920038968, 0.0182612873614, -0.0155276283622, 0.0120454216376, -0.00900410022587, 0.00591346574947, -0.00341802602634], [0.0108318170533, -0.015114475973, 0.0166965220124, -0.0195532236248, 0.0231330357492, -0.020882897079, 0.0219983384013, -0.0200722664595, 0.0163583178073, -0.0124907651916, 0.00880321860313, -0.00462435558438, 0.00265656597912], [-0.0112295523286, 0.0163689106703, -0.0176308862865, 0.0190556235611, -0.020882897079, 0.0267360862345, -0.0264606066048, 0.0257217288017, -0.0236470568925, 0.0172233246267, -0.0134568475187, 0.0076001426205, -0.00227899639867], [0.0116550493985, -0.0166714768857, 0.0170691199601, -0.0195920038968, 0.0219983384013, -0.0264606066048, 0.033032272011, -0.0327967517078, 0.0305605959147, -0.0259174592793, 0.0190188251436, -0.0113669121638, 0.00538561260328], [-0.0110437469557, 0.0159898605198, -0.0163203254342, 0.0182612873614, -0.0200722664595, 0.0257217288017, -0.0327967517078, 0.0426211282611, -0.0386183932424, 0.0343454554677, -0.0289086773992, 0.0195065103471, -0.00983323156834], [0.00959747191519, -0.0136714763939, 0.0142302429304, -0.0155276283622, 0.0163583178073, -0.0236470568925, 0.0305605959147, -0.0386183932424, 0.0459217131138, -0.040365241468, 0.0344753824174, -0.0257998313755, 0.0135637931526], [-0.00820997171104, 0.0117223234847, -0.0118104796857, 0.0120454216376, -0.0124907651916, 0.0172233246267, -0.0259174592793, 0.0343454554677, -0.040365241468, 0.045878328383, -0.0382437184453, 0.0290585365146, -0.017504375428], [0.00664633885026, -0.00942611321807, 0.0103775663301, -0.00900410022587, 0.00880321860313, -0.0134568475187, 0.0190188251436, -0.0289086773992, 0.0344753824174, -0.0382437184453, 0.0430602766573, -0.0310098659247, 0.0191342364997], [-0.0044769262895, 0.00595771381631, -0.00748285418376, 0.00591346574947, -0.00462435558438, 0.0076001426205, -0.0113669121638, 0.0195065103471, -0.0257998313755, 0.0290585365146, -0.0310098659247, 0.0357734933496, -0.0200410597026], [0.00239124987274, -0.00278157065623, 0.00388871808536, -0.00341802602634, 0.00265656597912, -0.00227899639867, 0.00538561260328, -0.00983323156834, 0.0135637931526, -0.017504375428, 0.0191342364997, -0.0200410597026, 0.0202736444771]]
    },
    "spectral_contrast_coeffs": {
        "mean": [-0.592597961426, -0.687245488167, -0.751432597637, -0.776820540428, -0.62630289793, -0.825600981712],
        "stdev": [0.135192260146, 0.146715328097, 0.111731611192, 0.0792591422796, 0.110792607069, 0.0373485833406]
    },
    "spectral_contrast_valleys": {
        "mean": [-10.1363286972, -7.52394294739, -8.18925762177, -8.07946872711, -9.98682594299, -13.567902565],
        "stdev": [1.84675228596, 1.78810572624, 1.73636674881, 1.75230014324, 1.52448356152, 1.17975592613]
    }
},
"rhythm": {
    "beats_count": 114,
    "beats_loudness": {
        "mean": 0.02937691845,
        "stdev": 0.0165533982217
    },
    "bpm": 113.545066833,
    "bpm_histogram_first_peak_bpm": 115,
    "bpm_histogram_first_peak_weight": 0.560000002384,
    "bpm_histogram_second_peak_bpm": 108,
    "bpm_histogram_second_peak_spread": 0.5,
    "bpm_histogram_second_peak_weight": 0.0530973449349,
    "danceability": 1.59002935886,
    "onset_rate": 5.27979564667,
    "beats_loudness_band_ratio": {
        "mean": [0.00227751419879, 0.185110121965, 0.468055158854, 0.194792568684, 0.159937486053, 0.0217419229448],
        "stdev": [0.00746555440128, 0.222921893001, 0.227888450027, 0.199694469571, 0.147270977497, 0.104959063232]
    },
    "beats_position": [0.53405892849, 1.06811785698, 1.59056687355, 2.13623571396, 2.68190479279, 3.23918366432, 3.79646253586, 4.34213161469, 4.86458063126, 5.38702917099, 5.90947818756, 6.40870714188, 6.91954612732, 7.44199514389, 7.96444416046, 8.498503685, 8.98612213135, 9.45052146912, 9.91492080688, 10.379319191, 10.8437185287, 11.3313379288, 11.8189563751, 12.2833557129, 12.7361450195, 13.1889343262, 13.6417226791, 14.0945119858, 14.5821313858, 15.1626300812, 15.7199087143, 16.3004074097, 16.8809070587, 17.4846248627, 18.1580047607, 18.8081626892, 19.4467124939, 20.1200904846, 20.7818584442, 21.4087982178, 22.0473461151, 22.7091159821, 23.3824939728, 24.0558719635, 24.7292518616, 25.37940979, 26.0295696259, 26.6913375854, 27.353105545, 28.014875412, 28.6650333405, 29.3035831451, 29.9189109802, 30.5342407227, 31.1611785889, 31.7648983002, 32.3686180115, 32.9955558777, 33.6108856201, 34.2029914856, 34.8067131042, 35.4104309082, 36.0025405884, 36.5830383301, 37.151927948, 37.6859855652, 38.2200431824, 38.7773246765, 39.334602356, 39.8802719116, 40.3795013428, 40.8671188354, 41.3779602051, 41.8539657593, 42.3531951904, 42.8640365601, 43.3980941772, 43.9321517944, 44.4894332886, 45.011882782, 45.5343284607, 46.0683898926, 46.6024475098, 47.1248970032, 47.6473464966, 48.1814041138, 48.6922454834, 49.2263031006, 49.7719726562, 50.2944221497, 50.7123794556, 51.1535606384, 51.5715179443, 52.0010871887, 52.4190483093, 52.8486175537, 53.2781867981, 53.696144104, 54.1141014099, 54.5204544067, 54.9035835266, 55.3099327087, 55.7162818909, 56.122631073, 56.5522003174, 56.9817695618, 57.4229469299, 57.8641242981, 58.305305481, 58.7232627869, 59.129611969, 59.5359611511, 59.9307022095, 60.3254394531],
    "bpm_histogram": [0, 0, 0, 0, 0, 0, 0, 0, 0, 0, 0, 0, 0, 0, 0, 0, 0, 0, 0, 0, 0, 0, 0, 0, 0, 0, 0, 0, 0, 0, 0, 0, 0, 0, 0, 0, 0, 0, 0, 0, 0, 0, 0, 0, 0, 0, 0, 0, 0, 0, 0, 0, 0, 0, 0, 0, 0, 0, 0, 0, 0, 0, 0, 0, 0, 0, 0, 0, 0, 0, 0, 0, 0, 0, 0, 0, 0, 0, 0, 0, 0, 0, 0, 0, 0, 0, 0, 0, 0, 0.0442477874458, 0, 0.0442477874458, 0.0353982299566, 0, 0.0265486724675, 0, 0.0265486724675, 0, 0.0265486724675, 0.0442477874458, 0, 0.0176991149783, 0, 0.0353982299566, 0, 0.00884955748916, 0, 0, 0.0530973449349, 0, 0.0442477874458, 0, 0.0884955748916, 0, 0, 0.097345136106, 0, 0.0353982299566, 0, 0, 0.0265486724675, 0, 0, 0.0442477874458, 0, 0, 0.00884955748916, 0, 0, 0.0442477874458, 0, 0, 0, 0.0353982299566, 0, 0, 0.0353982299566, 0, 0, 0, 0.0442477874458, 0, 0, 0, 0.0530973449349, 0, 0, 0, 0.0530973449349, 0, 0, 0, 0.0176991149783, 0, 0, 0, 0, 0.00884955748916, 0, 0, 0, 0, 0, 0, 0, 0, 0, 0, 0, 0, 0, 0, 0, 0, 0, 0, 0, 0, 0, 0, 0, 0, 0, 0, 0, 0, 0, 0, 0, 0, 0, 0, 0, 0, 0, 0, 0, 0, 0, 0, 0, 0, 0, 0, 0, 0, 0, 0, 0, 0, 0, 0, 0, 0, 0, 0, 0, 0, 0, 0, 0, 0, 0, 0, 0, 0, 0, 0, 0, 0, 0, 0, 0, 0, 0, 0, 0, 0, 0, 0, 0, 0, 0, 0, 0, 0, 0, 0, 0, 0]
},
"tonal": {
    "chords_changes_rate": 0.150684937835,
    "chords_number_rate": 0.0167427696288,
    "chords_strength": {
        "mean": 0.453145056963,
        "stdev": 0.105970814824
    },
    "hpcp_crest": {
        "mean": 15.2945604324,
        "stdev": 8.57861042023
    },
    "hpcp_entropy": {
        "mean": 1.88369596004,
        "stdev": 0.976806223392
    },
    "key_edma": {
        "strength": 0.472055107355,
        "key": "F",
        "scale": "minor"
    },
    "key_krumhansl": {
        "strength": 0.484271407127,
        "key": "F",
        "scale": "minor"
    },
    "key_temperley": {
        "strength": 0.523574590683,
        "key": "F",
        "scale": "minor"
    },
    "tuning_diatonic_strength": 0.386617869139,
    "tuning_equal_tempered_deviation": 0.27368465066,
    "tuning_frequency": 453.678466797,
    "tuning_nontempered_energy_ratio": 0.908778905869,
    "hpcp": {
        "mean": [0.12687304616, 0.124825827777, 0.128201603889, 0.144976079464, 0.154383063316, 0.153122887015, 0.162813380361, 0.178392156959, 0.185778155923, 0.182731986046, 0.190581932664, 0.195458397269, 0.189338415861, 0.185795113444, 0.170799762011, 0.151962593198, 0.155169427395, 0.15881717205, 0.151257351041, 0.145582318306, 0.146662831306, 0.166328623891, 0.182370766997, 0.186544269323, 0.180532321334, 0.161709487438, 0.144245401025, 0.14069275558, 0.142785191536, 0.146584868431, 0.146933242679, 0.13731046021, 0.13258869946, 0.131361171603, 0.127115353942, 0.126233562827],
        "stdev": [0.219412222505, 0.221496760845, 0.227121040225, 0.248535081744, 0.260542094707, 0.255314946175, 0.251361876726, 0.262512981892, 0.269267350435, 0.271261811256, 0.277778506279, 0.287147372961, 0.278071135283, 0.282162249088, 0.255839556456, 0.234896764159, 0.24274367094, 0.245281010866, 0.238766595721, 0.223147183657, 0.229163557291, 0.24786759913, 0.263303369284, 0.266201287508, 0.26016753912, 0.240334197879, 0.231540620327, 0.220149606466, 0.227860912681, 0.232513532043, 0.234781503677, 0.222546696663, 0.218514740467, 0.215439632535, 0.206646740437, 0.210999563336]
    },
    "chords_histogram": [3.72907161713, 1.14155256748, 3.42465758324, 0.38051751256, 0.45662099123, 3.42465758324, 1.0654489994, 6.62100458145, 7.83866071701, 6.08828020096, 4.94672775269, 6.92541837692, 7.5342464447, 1.21765601635, 2.05479454994, 7.61035013199, 5.63165903091, 2.73972606659, 1.44596648216, 2.66362261772, 1.0654489994, 3.72907161713, 16.4383563995, 1.82648396492],
    "thpcp": [1, 0.968689084053, 0.950560927391, 0.873842000961, 0.777467727661, 0.793874442577, 0.81253695488, 0.77385956049, 0.744825065136, 0.75035315752, 0.850966870785, 0.933041334152, 0.954393744469, 0.923635542393, 0.827334582806, 0.737985193729, 0.719809234142, 0.730514466763, 0.749954342842, 0.75173664093, 0.702504813671, 0.678347408772, 0.672067165375, 0.650344789028, 0.645833432674, 0.649105131626, 0.638631165028, 0.655902266502, 0.74172347784, 0.789851248264, 0.783403992653, 0.832982301712, 0.912686049938, 0.950474143028, 0.934889435768, 0.975051164627],
    "chords_key": "A#",
    "chords_scale": "minor"
}
}