{
"metadata": {
    "version": {
        "essentia": "2.1-dev",
        "essentia_git_sha": "v2.1_beta3-415-gd5473f3",
        "extractor": "music 2.0"
    },
    "audio_properties": {
        "analysis": {
            "equal_loudness": 0,
            "length": 246.360809326,
            "sample_rate": 44100,
            "start_time": 0,
            "downmix": "mix"
        },
        "bit_rate": 192000,
        "length": 246.360809326,
        "lossless": 0,
        "number_channels": 2,
        "replay_gain": -9.53621101379,
        "sample_rate": 44100,
        "codec": "mp3",
        "md5_encoded": "00f23b8391a1491b5ebb3f25a5533624"
    },
    "tags": {
        "file_name": "a_ha-forever_not_yours.mp3",
        "album": ["Lifelines"],
        "artist": ["a-Ha"],
        "genre": ["Other"],
        "title": ["Forever Not Yours"]
    }
},
"lowlevel": {
    "average_loudness": 0.890846848488,
    "barkbands_crest": {
        "mean": 10.5882892609,
        "stdev": 4.60673999786
    },
    "barkbands_flatness_db": {
        "mean": 0.112011700869,
        "stdev": 0.0422024391592
    },
    "barkbands_kurtosis": {
        "mean": 1.59619677067,
        "stdev": 5.59726190567
    },
    "barkbands_skewness": {
        "mean": 1.03177726269,
        "stdev": 1.01787233353
    },
    "barkbands_spread": {
        "mean": 29.4228363037,
        "stdev": 13.5172967911
    },
    "dissonance": {
        "mean": 0.469166070223,
        "stdev": 0.0244635641575
    },
    "dynamic_complexity": 3.80526995659,
    "erbbands_crest": {
        "mean": 10.4840183258,
        "stdev": 5.40494966507
    },
    "erbbands_flatness_db": {
        "mean": 0.148447170854,
        "stdev": 0.0422888360918
    },
    "erbbands_kurtosis": {
        "mean": 0.865283966064,
        "stdev": 2.54127597809
    },
    "erbbands_skewness": {
        "mean": 0.147332087159,
        "stdev": 0.786923587322
    },
    "erbbands_spread": {
        "mean": 32.6714515686,
        "stdev": 15.1057691574
    },
    "hfc": {
        "mean": 27.6416454315,
        "stdev": 22.9182529449
    },
    "loudness_ebu128": {
        "integrated": -13.3150501251,
        "loudness_range": 4.25449466705,
        "momentary": {
            "mean": -17.4481716156,
            "stdev": 23.4150428772
        },
        "short_term": {
            "mean": -15.4833402634,
            "stdev": 9.0957365036
        }
    },
    "melbands_crest": {
        "mean": 15.5931568146,
        "stdev": 6.10415649414
    },
    "melbands_flatness_db": {
        "mean": 0.175865665078,
        "stdev": 0.0564840398729
    },
    "melbands_kurtosis": {
        "mean": 8.21036052704,
        "stdev": 15.6982498169
    },
    "melbands_skewness": {
        "mean": 2.14361572266,
        "stdev": 1.54058969021
    },
    "melbands_spread": {
        "mean": 31.721660614,
        "stdev": 19.3510971069
    },
    "pitch_salience": {
        "mean": 0.490691542625,
        "stdev": 0.120110109448
    },
    "silence_rate_20dB": {
        "mean": 1,
        "stdev": 0
    },
    "silence_rate_30dB": {
        "mean": 0.999528765678,
        "stdev": 0.0217019580305
    },
    "silence_rate_60dB": {
        "mean": 0.0720007568598,
        "stdev": 0.25849661231
    },
    "spectral_centroid": {
        "mean": 1813.82092285,
        "stdev": 1008.04199219
    },
    "spectral_complexity": {
        "mean": 22.0217704773,
        "stdev": 11.0104036331
    },
    "spectral_decrease": {
        "mean": -7.7991639813e-09,
        "stdev": 5.27685184437e-09
    },
    "spectral_energy": {
        "mean": 0.0319429785013,
        "stdev": 0.021195942536
    },
    "spectral_energyband_high": {
        "mean": 0.00116161280312,
        "stdev": 0.00189031707123
    },
    "spectral_energyband_low": {
        "mean": 0.0141467349604,
        "stdev": 0.0142299290746
    },
    "spectral_energyband_middle_high": {
        "mean": 0.0092433700338,
        "stdev": 0.0088215963915
    },
    "spectral_energyband_middle_low": {
        "mean": 0.00847939122468,
        "stdev": 0.00701106432825
    },
    "spectral_entropy": {
        "mean": 7.76838827133,
        "stdev": 0.390329807997
    },
    "spectral_flux": {
        "mean": 0.0841564387083,
        "stdev": 0.0446305535734
    },
    "spectral_kurtosis": {
        "mean": 3.85329961777,
        "stdev": 2.12110877037
    },
    "spectral_rms": {
        "mean": 0.0051672658883,
        "stdev": 0.0021126314532
    },
    "spectral_rolloff": {
        "mean": 1840.60217285,
        "stdev": 2056.48657227
    },
    "spectral_skewness": {
        "mean": 1.42297124863,
        "stdev": 0.335880488157
    },
    "spectral_spread": {
        "mean": 4914721.5,
        "stdev": 3523029.5
    },
    "spectral_strongpeak": {
        "mean": 1.02026069164,
        "stdev": 1.53304028511
    },
    "zerocrossingrate": {
        "mean": 0.0703619197011,
        "stdev": 0.0524059981108
    },
    "barkbands": {
        "mean": [0.000570477102883, 0.0108672957867, 0.00222416128963, 0.000803655711934, 0.0013980808435, 0.0012845764868, 0.000780392671004, 0.00173233146779, 0.00102656311356, 0.00253048818558, 0.00107362039853, 0.00182715477422, 0.000756580440793, 0.000837289670017, 0.000538513646461, 0.000450871972134, 0.000833809375763, 0.000541793939192, 0.000494815467391, 0.000343484047335, 0.000246451847488, 0.000241361456574, 0.000198555921088, 0.000153078493895, 0.000114764457976, 7.00927630533e-05, 2.69693464361e-06],
        "stdev": [0.000833417696413, 0.0123043507338, 0.00363725074567, 0.00128999422304, 0.00170648342464, 0.00202067778446, 0.0014395051403, 0.00309716304764, 0.00209632283077, 0.00433293962851, 0.00270842690952, 0.00458155293018, 0.0014945724979, 0.00137046386953, 0.000913834257517, 0.000641929917037, 0.001055516419, 0.00070619629696, 0.000635653268546, 0.000546444265638, 0.000458928610897, 0.000429249106674, 0.000352177827153, 0.000282739201793, 0.000240748457145, 0.000165485835169, 7.51931156628e-06]
    },
    "erbbands": {
        "mean": [0.349794834852, 2.22282505035, 3.24807071686, 2.65261530876, 2.9183781147, 4.96525001526, 9.54835033417, 8.8573513031, 12.3161993027, 14.8600320816, 42.8058815002, 28.3887386322, 74.2798843384, 64.7088699341, 39.5901260376, 87.7525177002, 37.0292930603, 53.3059692383, 28.9090003967, 24.7254505157, 32.3209953308, 38.2757301331, 32.9505271912, 23.9902095795, 26.9860782623, 15.0746765137, 10.2995481491, 9.68007659912, 8.78435993195, 7.33434486389, 5.31360864639, 3.65451931953, 2.27760219574, 1.18242442608, 0.888065218925, 0.394305586815, 0.108449757099, 0.0170941594988, 0.000379825622076, 5.21048023074e-05],
        "stdev": [0.473573148251, 2.55254507065, 4.41874170303, 4.22220230103, 3.98329377174, 6.75400447845, 15.2919139862, 16.3532562256, 23.7852859497, 24.4842681885, 80.3519668579, 57.2263069153, 146.019760132, 132.196548462, 88.4029464722, 221.688522339, 61.8938980103, 84.7051239014, 47.3101196289, 35.8920936584, 41.0717048645, 46.2864875793, 42.4374351501, 27.4942493439, 35.5327796936, 24.6660327911, 17.1571426392, 20.3337097168, 15.7516679764, 13.1687669754, 9.46179676056, 6.45785045624, 4.43283510208, 2.35244131088, 2.05344367027, 0.914132416248, 0.259593397379, 0.0435895174742, 0.000905130873434, 4.62252937723e-05]
    },
    "gfcc": {
        "mean": [0.0949397906661, 79.2641372681, -121.899360657, 36.3059425354, -50.3344764709, 23.7324523926, -28.6155376434, 20.3188648224, -19.041639328, 4.79394483566, -14.102394104, 6.23740530014, -12.1241817474],
        "cov": [[27563.7890625, 539.967895508, -1518.1340332, 426.067626953, -833.651916504, 434.21005249, -454.866790771, 375.250976562, -494.660217285, 156.431289673, -362.752655029, 182.589859009, -328.677093506], [539.967895508, 900.877502441, -347.905731201, -122.491233826, 29.437664032, -67.7259521484, 72.1436386108, -25.7678318024, 61.1458129883, -90.7880554199, 118.290397644, -45.9369888306, 37.428730011], [-1518.1340332, -347.905731201, 619.065185547, 132.772186279, 106.955345154, 24.0693206787, 8.43943023682, 31.0714302063, 28.660194397, 77.7234573364, -43.9403343201, 34.8382072449, 9.68486595154], [426.067626953, -122.491233826, 132.772186279, 326.747406006, 59.8853607178, 2.70671081543, -65.5283050537, 37.7664375305, 39.3190994263, 37.4412117004, -25.9175243378, 38.2472496033, 34.1130218506], [-833.651916504, 29.437664032, 106.955345154, 59.8853607178, 225.796966553, 36.576423645, 69.9986419678, 39.4990386963, 47.0415878296, 19.1566047668, 28.4780273438, 26.669342041, 22.2189025879], [434.21005249, -67.7259521484, 24.0693206787, 2.70671081543, 36.576423645, 180.521209717, 99.4370956421, 40.4317970276, -18.2979011536, 22.0156402588, 3.0294110775, 9.04398822784, -17.8726196289], [-454.866790771, 72.1436386108, 8.43943023682, -65.5283050537, 69.9986419678, 99.4370956421, 204.34828186, 53.7416191101, 7.24619293213, -2.69541549683, 49.7120361328, 1.88799071312, 4.47633695602], [375.250976562, -25.7678318024, 31.0714302063, 37.7664375305, 39.4990386963, 40.4317970276, 53.7416191101, 122.508514404, 34.8785362244, 22.1281890869, -8.21664428711, 21.5139408112, 9.28180122375], [-494.660217285, 61.1458129883, 28.660194397, 39.3190994263, 47.0415878296, -18.2979011536, 7.24619293213, 34.8785362244, 125.627532959, 21.8185253143, 20.1308059692, 2.94016671181, 27.970867157], [156.431289673, -90.7880554199, 77.7234573364, 37.4412117004, 19.1566047668, 22.0156402588, -2.69541549683, 22.1281890869, 21.8185253143, 98.6338195801, 10.536948204, 16.1542301178, -16.1861305237], [-362.752655029, 118.290397644, -43.9403343201, -25.9175243378, 28.4780273438, 3.0294110775, 49.7120361328, -8.21664428711, 20.1308059692, 10.536948204, 107.139587402, 25.4097175598, 14.855389595], [182.589859009, -45.9369888306, 34.8382072449, 38.2472496033, 26.669342041, 9.04398822784, 1.88799071312, 21.5139408112, 2.94016671181, 16.1542301178, 25.4097175598, 84.1564102173, 28.7699966431], [-328.677093506, 37.428730011, 9.68486595154, 34.1130218506, 22.2189025879, -17.8726196289, 4.47633695602, 9.28180122375, 27.970867157, -16.1861305237, 14.855389595, 28.7699966431, 86.9019851685]],
        "icov": [[0.000106834813778, -0.000246341223828, 0.000229182274779, -0.000219326248043, 0.000339539867127, -0.000368158420315, 0.000287016795482, -0.000434851885075, 0.000408563879319, -0.000372055306798, 0.000465796940261, -0.000521820737049, 0.000332180061378], [-0.000246341223828, 0.00263198185712, 0.000371112721041, 0.000639112375211, -0.00132418517023, 0.00153557443991, -0.00105158612132, 0.00098025216721, -0.00172349740751, 0.00203581782989, -0.00286720017903, 0.00248358119279, -0.0011518583633], [0.000229182274779, 0.000371112721041, 0.00310859247111, -0.000958671618719, -0.000309389433824, -0.000138071889523, -0.000344442873029, -0.000252821773756, 0.00046414413373, -0.00199953489937, 0.00200584647246, -0.00133910472505, 0.000410920445574], [-0.000219326248043, 0.000639112375211, -0.000958671618719, 0.00499392300844, -0.00178563524969, -0.000257521256572, 0.00202753348276, -0.000358394143404, -0.00135995750315, 0.000262011482846, -0.000717354996596, 0.000556120940018, -0.00219582836144], [0.000339539867127, -0.00132418517023, -0.000309389433824, -0.00178563524969, 0.00750915054232, -0.00147974200081, -0.00111644389108, -0.00138992257416, -0.000155709290993, -0.0011059405515, 0.00117254187353, -0.00289807212539, 0.00117478717584], [-0.000368158420315, 0.00153557443991, -0.000138071889523, -0.000257521256572, -0.00147974200081, 0.0106382574886, -0.00641048094258, 0.00119755417109, 2.28350418183e-05, -0.000392222282244, -0.000154522538651, 0.000935878022574, 0.000467388395919], [0.000287016795482, -0.00105158612132, -0.000344442873029, 0.00202753348276, -0.00111644389108, -0.00641048094258, 0.01256332919, -0.00593441678211, 0.00203873752616, 0.00107070466038, -0.00408254656941, 0.00142814940773, -0.000497000291944], [-0.000434851885075, 0.00098025216721, -0.000252821773756, -0.000358394143404, -0.00138992257416, 0.00119755417109, -0.00593441678211, 0.0147295184433, -0.005234495271, -0.000536454608664, 0.00308678951114, -0.00192324037198, -0.000869952666108], [0.000408563879319, -0.00172349740751, 0.00046414413373, -0.00135995750315, -0.000155709290993, 2.28350418183e-05, 0.00203873752616, -0.005234495271, 0.0133590744808, -0.00429560989141, -0.000207404431421, 0.00109666550998, -0.00215928233229], [-0.000372055306798, 0.00203581782989, -0.00199953489937, 0.000262011482846, -0.0011059405515, -0.000392222282244, 0.00107070466038, -0.000536454608664, -0.00429560989141, 0.0165203232318, -0.00595486722887, 0.000797434477136, 0.00325382640585], [0.000465796940261, -0.00286720017903, 0.00200584647246, -0.000717354996596, 0.00117254187353, -0.000154522538651, -0.00408254656941, 0.00308678951114, -0.000207404431421, -0.00595486722887, 0.0191771890968, -0.00923016946763, 0.00133885489777], [-0.000521820737049, 0.00248358119279, -0.00133910472505, 0.000556120940018, -0.00289807212539, 0.000935878022574, 0.00142814940773, -0.00192324037198, 0.00109666550998, 0.000797434477136, -0.00923016946763, 0.0211715009063, -0.00768275232986], [0.000332180061378, -0.0011518583633, 0.000410920445574, -0.00219582836144, 0.00117478717584, 0.000467388395919, -0.000497000291944, -0.000869952666108, -0.00215928233229, 0.00325382640585, 0.00133885489777, -0.00768275232986, 0.0176057778299]]
    },
    "melbands": {
        "mean": [0.00305715156719, 0.00220164703205, 0.000462081981823, 0.000276105798548, 0.000304865941871, 0.000213729770621, 0.000187873010873, 0.00018785984139, 0.000327660614857, 0.000178298709216, 0.000362438469892, 0.000252633646596, 0.000115730930702, 0.000222871443839, 0.000124944272102, 7.84792209743e-05, 0.000104460465082, 4.12085064454e-05, 3.75856507162e-05, 3.50370064552e-05, 4.07764491683e-05, 4.28496241511e-05, 3.62568134733e-05, 2.37283675233e-05, 1.83898173418e-05, 1.96347336896e-05, 1.67332927958e-05, 8.44425539981e-06, 6.33592298982e-06, 5.96528343522e-06, 5.47027411812e-06, 5.04507306687e-06, 4.50214520242e-06, 3.94708285967e-06, 3.25050382344e-06, 2.49579625233e-06, 2.07675407182e-06, 1.72153647782e-06, 1.14604245027e-06, 9.3716749916e-07],
        "stdev": [0.00369554525241, 0.00247957347892, 0.000676287803799, 0.000367869157344, 0.000445596466307, 0.000382674392313, 0.000350403424818, 0.00030742015224, 0.000613789947238, 0.00038089058944, 0.000721331045497, 0.000540812208783, 0.000284825859126, 0.000543019501492, 0.000263655558228, 0.000158723938512, 0.000173632055521, 7.02266115695e-05, 6.21086655883e-05, 5.18398446729e-05, 5.71052696614e-05, 5.57908497285e-05, 4.93250408908e-05, 3.22860578308e-05, 2.28276858252e-05, 2.78739134956e-05, 2.44628063228e-05, 1.61766001838e-05, 1.05817616713e-05, 1.15953762361e-05, 1.22020464914e-05, 9.50259072852e-06, 8.13660881249e-06, 7.35882258596e-06, 5.9698777477e-06, 4.47119464297e-06, 3.77485935132e-06, 3.43935198543e-06, 2.19655635192e-06, 2.00024123842e-06]
    },
    "melbands128": {
        "mean": [0.000543396861758, 0.00281727174297, 0.00407533394173, 0.00363105069846, 0.00210720300674, 0.000923509593122, 0.000549314136151, 0.000338212092174, 0.000268405274255, 0.000290629570372, 0.000290801079245, 0.000270478602033, 0.000399839656893, 0.000255368591752, 0.00014658847067, 0.000261421315372, 0.00021849705081, 0.000178808288183, 0.000174330736627, 0.000132542860229, 0.00017520225083, 0.000381231366191, 0.000465751538286, 0.000108911488496, 0.000149933766806, 0.000156508991495, 0.000314464123221, 0.000582900596783, 0.000138988500112, 0.00029386242386, 0.000320470397128, 0.000139119656524, 6.89470398356e-05, 0.000146050413605, 6.61454396322e-05, 0.00035589755862, 0.000311904266709, 5.24958559254e-05, 6.96363931638e-05, 7.33870037948e-05, 7.67351011746e-05, 8.78509235918e-05, 0.000123940379126, 0.000116469433124, 1.66497320606e-05, 3.5385004594e-05, 5.77269383939e-05, 4.41845295427e-05, 2.60079850705e-05, 2.48005653702e-05, 4.75396227557e-05, 3.03092620015e-05, 2.27030541282e-05, 5.4690764955e-05, 6.51907612337e-05, 3.35507029376e-05, 2.82007549686e-05, 4.53647990071e-05, 3.59486839443e-05, 3.04804652842e-05, 2.22942453547e-05, 1.64612192748e-05, 2.44378516072e-05, 1.70673902176e-05, 1.32666145873e-05, 1.97088520508e-05, 2.39447290369e-05, 2.02028695639e-05, 1.58325728989e-05, 1.06335301098e-05, 8.42077770358e-06, 7.31356340111e-06, 6.74804641676e-06, 5.96341214987e-06, 6.07960510024e-06, 6.22160405328e-06, 5.74229488848e-06, 5.80907453696e-06, 5.35128538104e-06, 5.23265680386e-06, 5.28005648448e-06, 4.89336480314e-06, 4.63955575469e-06, 4.78193351228e-06, 3.97674148189e-06, 4.01730994781e-06, 3.91962703361e-06, 3.81057839149e-06, 3.5426123759e-06, 2.45935461862e-06, 2.58594172919e-06, 2.43284284807e-06, 2.52359063779e-06, 2.03359581974e-06, 1.92212701222e-06, 1.73380897195e-06, 1.8507129198e-06, 1.39288374612e-06, 1.19161177281e-06, 9.73406599769e-07, 9.04104467736e-07, 1.00851207208e-06, 8.35156470202e-07, 1.00195927644e-06, 1.05463266209e-06, 1.08568133328e-06, 1.00849956652e-06, 8.08458366919e-07, 6.11977611698e-07, 6.21175786364e-07, 3.9559859033e-07, 3.81779443615e-07, 3.09953577471e-07, 3.0992512734e-07, 2.30716054261e-07, 2.13730615428e-07, 1.04804797729e-07, 7.84192977221e-09, 5.22012294502e-12, 4.88218146466e-12, 4.73932525169e-12, 4.62144255156e-12, 4.51344170371e-12, 4.42775330289e-12, 4.35770256685e-12, 4.30644018709e-12, 4.26817739138e-12, 4.23995387411e-12],
        "stdev": [0.000807398755569, 0.00421241577715, 0.0054681408219, 0.00424400670454, 0.00279566948302, 0.00158388447016, 0.000980309792794, 0.000528633187059, 0.000442045129603, 0.000487437209813, 0.000510521291289, 0.000458730995888, 0.00072035798803, 0.000514766667038, 0.000372118578525, 0.00068485486554, 0.000644690997433, 0.000464428041596, 0.000400132965297, 0.000300241808873, 0.000485893833684, 0.000813122431282, 0.000972229288891, 0.000311272073304, 0.000522265327163, 0.000486248580273, 0.000698981981259, 0.00133973883931, 0.000349118752638, 0.000819147157017, 0.000862998480443, 0.000492438324727, 0.00029395200545, 0.000531779078301, 0.000263810739852, 0.00105840945616, 0.000921925762668, 0.000175731649506, 0.00022651256586, 0.00020211028459, 0.000235102139413, 0.000286729104118, 0.000236038962612, 0.000214116589632, 5.53573372599e-05, 8.76623817021e-05, 0.000152884880663, 0.000101525976788, 5.85135421716e-05, 6.3797175244e-05, 8.04652881925e-05, 5.37115411134e-05, 6.11989380559e-05, 9.90347762126e-05, 0.00011750581325, 7.02056568116e-05, 4.84903139295e-05, 8.72690725373e-05, 6.29657297395e-05, 6.38126512058e-05, 4.14007918152e-05, 2.91255382763e-05, 3.52406641468e-05, 2.85246514977e-05, 2.46536947088e-05, 3.6447407183e-05, 4.34317844338e-05, 3.50990048901e-05, 3.34769210895e-05, 2.04688330996e-05, 2.02146657102e-05, 1.46975908137e-05, 1.31314791361e-05, 1.06922198029e-05, 1.16857481771e-05, 1.25320257212e-05, 1.30485386762e-05, 1.60890758707e-05, 1.28627934828e-05, 1.1485863979e-05, 1.11507370093e-05, 9.45309511735e-06, 9.00581289898e-06, 9.46046293393e-06, 8.38513551571e-06, 7.98964447313e-06, 8.07065953268e-06, 7.77255809226e-06, 6.80638095218e-06, 5.28922782905e-06, 5.15014562552e-06, 4.55475083072e-06, 4.82326140627e-06, 3.77807100449e-06, 3.95464621761e-06, 3.61340403288e-06, 3.9353703869e-06, 3.12830297844e-06, 2.41783573074e-06, 1.8699327029e-06, 1.90024911717e-06, 2.5666338388e-06, 1.85593330571e-06, 2.27528403229e-06, 2.92363642984e-06, 2.99342400467e-06, 2.48097376243e-06, 2.00210229195e-06, 1.46259424127e-06, 1.50650396336e-06, 9.08860670279e-07, 1.01293733223e-06, 7.40936570764e-07, 8.07239587175e-07, 6.53697611597e-07, 5.70641248032e-07, 2.79457736951e-07, 2.41252067212e-08, 8.54478293677e-12, 8.01382137733e-12, 7.79363899805e-12, 7.60630013835e-12, 7.44447819362e-12, 7.30928425424e-12, 7.19479250483e-12, 7.10609305773e-12, 7.04159864098e-12, 7.00184701885e-12]
    },
    "mfcc": {
        "mean": [-631.011657715, 105.589820862, -7.23888015747, 21.664024353, 5.68291568756, 7.61939620972, 3.83683347702, 15.1835432053, 3.28569197655, 6.6664648056, 3.93427443504, 3.74945521355, 0.466073721647],
        "cov": [[12824.2470703, 910.643432617, -294.058746338, 139.180358887, -91.4535446167, 81.0715255737, 87.1507339478, 187.623641968, -73.7839050293, 46.534992218, 29.3751068115, -20.703962326, 6.18846464157], [910.643432617, 1002.8338623, -257.745910645, -41.9446907043, -51.1349334717, -38.977268219, 36.5714187622, 72.5865020752, -54.2862739563, 30.1557788849, 34.6573486328, 8.38966274261, -17.7939453125], [-294.058746338, -257.745910645, 384.267913818, 90.9687805176, 56.5234909058, 34.9480781555, -7.58814430237, -30.7178153992, 55.1846313477, -0.542904734612, -1.41186380386, 19.095539093, 7.53285217285], [139.180358887, -41.9446907043, 90.9687805176, 268.676147461, 130.249664307, -1.58329033852, -42.8319702148, 3.23418307304, 49.6450119019, -7.62559652328, -14.0461463928, 20.0328407288, 38.1664543152], [-91.4535446167, -51.1349334717, 56.5234909058, 130.249664307, 173.57522583, 29.2459526062, -28.1274261475, 9.66732692719, 45.1823501587, 1.30343532562, 3.97701239586, 19.4028282166, 16.0265369415], [81.0715255737, -38.977268219, 34.9480781555, -1.58329033852, 29.2459526062, 123.831481934, 63.4221153259, 22.1331176758, 12.7269191742, 11.1111421585, 21.4992008209, 21.0636539459, 9.29626083374], [87.1507339478, 36.5714187622, -7.58814430237, -42.8319702148, -28.1274261475, 63.4221153259, 181.876831055, 62.6383972168, 15.4177961349, 13.6172637939, 23.8276119232, 18.3126392365, 16.1889724731], [187.623641968, 72.5865020752, -30.7178153992, 3.23418307304, 9.66732692719, 22.1331176758, 62.6383972168, 123.153816223, 39.7489509583, 13.5726938248, 12.7924556732, 16.2034893036, 8.13975524902], [-73.7839050293, -54.2862739563, 55.1846313477, 49.6450119019, 45.1823501587, 12.7269191742, 15.4177961349, 39.7489509583, 119.022903442, 33.0586929321, 1.66120457649, 15.9250431061, 9.00988483429], [46.534992218, 30.1557788849, -0.542904734612, -7.62559652328, 1.30343532562, 11.1111421585, 13.6172637939, 13.5726938248, 33.0586929321, 85.267791748, 32.210849762, -2.45908975601, -5.26511764526], [29.3751068115, 34.6573486328, -1.41186380386, -14.0461463928, 3.97701239586, 21.4992008209, 23.8276119232, 12.7924556732, 1.66120457649, 32.210849762, 76.396156311, 37.2980575562, 6.71720790863], [-20.703962326, 8.38966274261, 19.095539093, 20.0328407288, 19.4028282166, 21.0636539459, 18.3126392365, 16.2034893036, 15.9250431061, -2.45908975601, 37.2980575562, 92.41381073, 47.5794868469], [6.18846464157, -17.7939453125, 7.53285217285, 38.1664543152, 16.0265369415, 9.29626083374, 16.1889724731, 8.13975524902, 9.00988483429, -5.26511764526, 6.71720790863, 47.5794868469, 89.5244903564]],
        "icov": [[8.87639907887e-05, -6.6079046519e-05, 2.77190410998e-05, -0.000142857024912, 0.000136661663419, -0.000131754670292, 3.81115169148e-05, -0.000117504612717, 6.98455769452e-05, -3.25458277075e-05, -8.6450818344e-06, 6.02121035627e-05, -7.98597739049e-06], [-6.6079046519e-05, 0.00139382085763, 0.000744131568354, -0.000250555807725, 5.96521640546e-05, 0.000549080607016, -0.000232516031247, -0.00062365049962, 0.00072562857531, -0.000627796340268, -0.000121442390082, -0.000616196077317, 0.000583514454775], [2.77190410998e-05, 0.000744131568354, 0.00372726307251, -0.00118929229211, 0.000272867444437, -0.000784533331171, -0.000264857895672, 0.00118322204798, -0.00126343406737, 0.00016909588885, -0.000149949788465, -0.000773152569309, 0.000871577649377], [-0.000142857024912, -0.000250555807725, -0.00118929229211, 0.00721616949886, -0.00483094528317, 0.00124331342522, 0.000704339414369, -2.42166079261e-05, -0.00104464183096, 0.000475221488159, 0.00103462126572, 0.000348199595464, -0.00253533013165], [0.000136661663419, 5.96521640546e-05, 0.000272867444437, -0.00483094528317, 0.0108766015619, -0.00339952902868, 0.00216426374391, -0.000693008652888, -0.00206969631836, 0.000899455044419, -0.00145878409967, -0.000112279609311, 0.000546859344468], [-0.000131754670292, 0.000549080607016, -0.000784533331171, 0.00124331342522, -0.00339952902868, 0.0118876211345, -0.00425387267023, -4.50773113698e-05, 0.00103617552668, -0.000954254472163, -0.000759445130825, -0.00147829193156, 0.000483948155306], [3.81115169148e-05, -0.000232516031247, -0.000264857895672, 0.000704339414369, 0.00216426374391, -0.00425387267023, 0.00905167870224, -0.00371454027481, -0.000652291462757, 0.000480574730318, -0.0013940326171, 0.000962709076703, -0.00188480888028], [-0.000117504612717, -0.00062365049962, 0.00118322204798, -2.42166079261e-05, -0.000693008652888, -4.50773113698e-05, -0.00371454027481, 0.0123702399433, -0.00443430338055, 0.000825215072837, -0.000456731329905, -0.000709675368853, 0.00037690254976], [6.98455769452e-05, 0.00072562857531, -0.00126343406737, -0.00104464183096, -0.00206969631836, 0.00103617552668, -0.000652291462757, -0.00443430338055, 0.0142705822363, -0.0069055124186, 0.00437827315181, -0.00345464143902, 0.0011402949458], [-3.25458277075e-05, -0.000627796340268, 0.00016909588885, 0.000475221488159, 0.000899455044419, -0.000954254472163, 0.000480574730318, 0.000825215072837, -0.0069055124186, 0.0185688398778, -0.0102695384994, 0.00619865395129, -0.00130001560319], [-8.6450818344e-06, -0.000121442390082, -0.000149949788465, 0.00103462126572, -0.00145878409967, -0.000759445130825, -0.0013940326171, -0.000456731329905, 0.00437827315181, -0.0102695384994, 0.0238547250628, -0.0118921799585, 0.00366746354848], [6.02121035627e-05, -0.000616196077317, -0.000773152569309, 0.000348199595464, -0.000112279609311, -0.00147829193156, 0.000962709076703, -0.000709675368853, -0.00345464143902, 0.00619865395129, -0.0118921799585, 0.0221343468875, -0.0103051727638], [-7.98597739049e-06, 0.000583514454775, 0.000871577649377, -0.00253533013165, 0.000546859344468, 0.000483948155306, -0.00188480888028, 0.00037690254976, 0.0011402949458, -0.00130001560319, 0.00366746354848, -0.0103051727638, 0.0174630954862]]
    },
    "spectral_contrast_coeffs": {
        "mean": [-0.76055598259, -0.755053043365, -0.715829610825, -0.767913043499, -0.776918947697, -0.767010807991],
        "stdev": [0.0675508826971, 0.0755322501063, 0.0891081914306, 0.0563064776361, 0.0472949296236, 0.0368171148002]
    },
    "spectral_contrast_valleys": {
        "mean": [-6.85403394699, -7.09562540054, -7.65287351608, -7.82822418213, -7.55083703995, -10.1263647079],
        "stdev": [2.25022602081, 2.24106502533, 2.20336604118, 2.18115019798, 2.21188020706, 2.06253790855]
    }
},
"rhythm": {
    "beats_count": 717,
    "beats_loudness": {
        "mean": 0.0414541512728,
        "stdev": 0.0218195300549
    },
    "bpm": 178.20526123,
    "bpm_histogram_first_peak_bpm": 178,
    "bpm_histogram_first_peak_weight": 0,
    "bpm_histogram_second_peak_bpm": 172,
    "bpm_histogram_second_peak_spread": 0,
    "bpm_histogram_second_peak_weight": 0.458100557327,
    "danceability": 1.11812722683,
    "onset_rate": 4.40385007858,
    "beats_loudness_band_ratio": {
        "mean": [0.416157603264, 0.0833316594362, 0.16489867866, 0.161078348756, 0.0936891436577, 0.107042863965],
        "stdev": [0.228504255414, 0.0875434651971, 0.15206220746, 0.151765570045, 0.0752394720912, 0.098196439445]
    },
    "beats_position": [0.406349211931, 0.766258478165, 1.11455774307, 1.46285712719, 1.8111563921, 2.14784574509, 2.48453521729, 2.82122445107, 3.16952371597, 3.50621318817, 3.85451245308, 4.20281171799, 4.53950119019, 4.87619018555, 5.22448968887, 5.5727891922, 5.92108821869, 6.25777769089, 6.59446716309, 6.94276618958, 7.2910656929, 7.6277551651, 7.96444416046, 8.31274318695, 8.66104316711, 8.99773216248, 9.33442115784, 9.682721138, 10.0310201645, 10.3677091599, 10.7043991089, 11.0526981354, 11.4009971619, 11.7376871109, 12.0743761063, 12.4226751328, 12.7709751129, 13.1076641083, 13.4443531036, 13.7926530838, 14.1409521103, 14.4776411057, 14.8143310547, 15.15102005, 15.4993190765, 15.8360090256, 16.1843090057, 16.5209980011, 16.8576869965, 17.2059860229, 17.5542850494, 17.9025840759, 18.2392749786, 18.575963974, 18.9242630005, 19.2609519958, 19.5976409912, 19.9459400177, 20.2826309204, 20.6309299469, 20.9676189423, 21.3043079376, 21.640996933, 21.9892959595, 22.3375968933, 22.6742858887, 23.010974884, 23.3592739105, 23.707572937, 24.0442619324, 24.3809528351, 24.7292518616, 25.0775508881, 25.4142398834, 25.7509288788, 26.0992279053, 26.4475269318, 26.7842178345, 27.1209068298, 27.4692058563, 27.8175048828, 28.1541938782, 28.4908847809, 28.8275737762, 29.1758728027, 29.5125617981, 29.8608608246, 30.2091598511, 30.5458488464, 30.8825397491, 31.2192287445, 31.567527771, 31.9042167664, 32.2525177002, 32.6008148193, 32.9491157532, 33.2858047485, 33.6224937439, 33.9591827393, 34.2958717346, 34.6441726685, 34.9924697876, 35.3407707214, 35.6774597168, 36.0141487122, 36.362449646, 36.6991386414, 37.0358276367, 37.3841247559, 37.7324256897, 38.0691146851, 38.4058036804, 38.7541046143, 39.1024017334, 39.427482605, 39.7873916626, 40.124080658, 40.4607696533, 40.8090705872, 41.1457595825, 41.4940567017, 41.830745697, 42.1674385071, 42.5157356262, 42.8640365601, 43.2007255554, 43.5374145508, 43.8857116699, 44.2340126038, 44.5707015991, 44.9073905945, 45.2556915283, 45.6039886475, 45.9406776428, 46.2773704529, 46.625667572, 46.9623565674, 47.2990455627, 47.6473464966, 47.9956436157, 48.3323364258, 48.6690254211, 49.0173225403, 49.3656234741, 49.7023124695, 50.0390014648, 50.3873023987, 50.7355995178, 51.0722885132, 51.4089775085, 51.7572784424, 52.0939674377, 52.4422683716, 52.7789573669, 53.1272544861, 53.4639434814, 53.8006324768, 54.1489334106, 54.4972343445, 54.8455314636, 55.182220459, 55.5189094543, 55.8439903259, 56.1922874451, 56.5405883789, 56.8772773743, 57.2139663696, 57.5622673035, 57.9105644226, 58.247253418, 58.583946228, 58.9322433472, 59.280544281, 59.6288414001, 59.9655303955, 60.3022193909, 60.6505203247, 60.9872093201, 61.3238983154, 61.6721992493, 62.0204963684, 62.3571853638, 62.6938781738, 63.042175293, 63.3904762268, 63.7271652222, 64.0638504028, 64.4121551514, 64.7604522705, 65.0971450806, 65.4338302612, 65.7821273804, 66.1188201904, 66.4555053711, 66.8038101196, 67.1521072388, 67.4888000488, 67.8254852295, 68.1737823486, 68.5220870972, 68.8587722778, 69.1954650879, 69.5321502686, 69.8688430786, 70.2171401978, 70.5654373169, 70.902130127, 71.238822937, 71.5871200562, 71.9354171753, 72.2721099854, 72.608795166, 72.9570999146, 73.2937850952, 73.6304779053, 73.9787750244, 74.3270721436, 74.6637649536, 75.0004501343, 75.3487548828, 75.697052002, 76.0337371826, 76.3704299927, 76.7187271118, 77.0670318604, 77.403717041, 77.7404098511, 78.0887069702, 78.4370040894, 78.7736968994, 79.1103820801, 79.4586868286, 79.8069839478, 80.1436691284, 80.4803619385, 80.8286590576, 81.1769561768, 81.5136489868, 81.8503417969, 82.198638916, 82.5469360352, 82.8836288452, 83.2203140259, 83.5686187744, 83.9053039551, 84.2419967651, 84.5902938843, 84.9385910034, 85.2868881226, 85.6235809326, 85.9602737427, 86.2969589233, 86.6336517334, 86.9819488525, 87.3302459717, 87.6669387817, 88.0036239624, 88.3519287109, 88.6886138916, 89.0253067017, 89.3736038208, 89.7102966309, 90.0469818115, 90.3952789307, 90.7435836792, 91.0918807983, 91.4401779175, 91.788482666, 92.1251678467, 92.4618606567, 92.7985458374, 93.1352386475, 93.4835357666, 93.8202285767, 94.1569137573, 94.5052108765, 94.853515625, 95.1902008057, 95.5268936157, 95.8751907349, 96.2118835449, 96.5601806641, 96.8968658447, 97.2451705933, 97.5934677124, 97.918548584, 98.2668457031, 98.6151428223, 98.9518356323, 99.288520813, 99.6368255615, 99.9851226807, 100.321815491, 100.658500671, 101.006797791, 101.355102539, 101.69178772, 102.02848053, 102.376777649, 102.725074768, 103.061767578, 103.398452759, 103.746757507, 104.095054626, 104.431747437, 104.768432617, 105.116729736, 105.453422546, 105.790107727, 106.138412476, 106.486709595, 106.823402405, 107.160087585, 107.508384705, 107.845077515, 108.193374634, 108.530067444, 108.866752625, 109.203445435, 109.551742554, 109.900039673, 110.236732483, 110.573425293, 110.921722412, 111.270019531, 111.61831665, 111.943397522, 112.291702271, 112.63999939, 112.988296509, 113.31337738, 113.6616745, 114.009971619, 114.346664429, 114.683357239, 115.031654358, 115.379951477, 115.716644287, 116.053329468, 116.401634216, 116.749931335, 117.086616516, 117.423309326, 117.771606445, 118.108299255, 118.444984436, 118.793289185, 119.141586304, 119.478271484, 119.814964294, 120.163261414, 120.511566162, 120.848251343, 121.184944153, 121.533241272, 121.869926453, 122.206619263, 122.554916382, 122.90322113, 123.239906311, 123.576599121, 123.92489624, 124.273193359, 124.609886169, 124.94657135, 125.294876099, 125.631561279, 125.968254089, 126.316551208, 126.664848328, 126.989929199, 127.338226318, 127.686531067, 128.023223877, 128.359909058, 128.708206177, 129.056503296, 129.393188477, 129.729888916, 130.078186035, 130.426483154, 130.763168335, 131.099868774, 131.448165894, 131.796463013, 132.133148193, 132.469833374, 132.818145752, 133.166442871, 133.503128052, 133.839813232, 134.188110352, 134.524810791, 134.861495972, 135.209793091, 135.55809021, 135.906387329, 136.243087769, 136.579772949, 136.928070068, 137.276367188, 137.613052368, 137.949752808, 138.298049927, 138.634735107, 138.971420288, 139.319732666, 139.668029785, 140.004714966, 140.341400146, 140.689697266, 141.026397705, 141.363082886, 141.711380005, 142.059677124, 142.396362305, 142.733062744, 143.081359863, 143.418045044, 143.754730225, 144.103042603, 144.451339722, 144.799636841, 145.136322021, 145.473007202, 145.82131958, 146.158004761, 146.494689941, 146.842987061, 147.179672241, 147.516372681, 147.8646698, 148.212966919, 148.561264038, 148.897949219, 149.234649658, 149.582946777, 149.919631958, 150.256317139, 150.604629517, 150.952926636, 151.289611816, 151.626296997, 151.974594116, 152.322906494, 152.659591675, 152.996276855, 153.344573975, 153.681274414, 154.017959595, 154.366256714, 154.714553833, 155.051239014, 155.387939453, 155.736236572, 156.084533691, 156.421218872, 156.757904053, 157.094604492, 157.431289673, 157.779586792, 158.127883911, 158.487792969, 158.836090088, 159.172790527, 159.521087646, 159.857772827, 160.206069946, 160.542770386, 160.879455566, 161.216140747, 161.552825928, 161.889526367, 162.237823486, 162.586120605, 162.934417725, 163.271102905, 163.607803345, 163.956100464, 164.292785645, 164.629470825, 164.977767944, 165.314468384, 165.651153564, 165.999450684, 166.347747803, 166.696044922, 167.032745361, 167.369430542, 167.706115723, 168.042816162, 168.391113281, 168.7394104, 169.076095581, 169.412780762, 169.761077881, 170.109390259, 170.457687378, 170.78276062, 171.131057739, 171.479354858, 171.816055298, 172.152740479, 172.501037598, 172.849334717, 173.186035156, 173.522720337, 173.871017456, 174.219314575, 174.555999756, 174.892700195, 175.240997314, 175.589294434, 175.925979614, 176.262680054, 176.610977173, 176.947662354, 177.295959473, 177.632644653, 177.980941772, 178.317642212, 178.654327393, 178.991012573, 179.327713013, 179.676010132, 180.024307251, 180.360992432, 180.697677612, 181.04598999, 181.382675171, 181.719360352, 182.067657471, 182.41595459, 182.752655029, 183.08934021, 183.437637329, 183.785934448, 184.122619629, 184.459320068, 184.807617188, 185.155914307, 185.504211426, 185.829299927, 186.177597046, 186.514282227, 186.850967407, 187.199264526, 187.547576904, 187.884262085, 188.220947266, 188.557632446, 188.894332886, 189.242630005, 189.579315186, 189.916000366, 190.264297485, 190.612609863, 190.949295044, 191.285980225, 191.634277344, 191.982574463, 192.330886841, 192.655960083, 193.004257202, 193.352554321, 193.689254761, 194.025939941, 194.374237061, 194.72253418, 195.05921936, 195.3959198, 195.744216919, 196.092514038, 196.429199219, 196.765899658, 197.114196777, 197.450881958, 197.787567139, 198.135864258, 198.472564697, 198.809249878, 199.157546997, 199.494232178, 199.830932617, 200.179229736, 200.527526855, 200.875823975, 201.212509155, 201.549209595, 201.897506714, 202.234191895, 202.570877075, 202.919174194, 203.267486572, 203.604171753, 203.940856934, 204.289154053, 204.625839233, 204.962539673, 205.310836792, 205.659133911, 205.995819092, 206.332519531, 206.68081665, 207.02911377, 207.36579895, 207.702484131, 208.050796509, 208.387481689, 208.72416687, 209.072463989, 209.420761108, 209.757461548, 210.094146729, 210.430831909, 210.76751709, 211.115829468, 211.464126587, 211.812423706, 212.149108887, 212.485794067, 212.822494507, 213.159179688, 213.507476807, 213.855773926, 214.204071045, 214.529159546, 214.877456665, 215.225753784, 215.562438965, 215.899139404, 216.247436523, 216.595733643, 216.932418823, 217.269119263, 217.617416382, 217.954101562, 218.302398682, 218.639083862, 218.975784302, 219.312469482, 219.660766602, 220.009063721, 220.345748901, 220.682449341, 221.03074646, 221.367431641, 221.704116821, 222.052429199, 222.400726318, 222.737411499, 223.07409668, 223.422393799, 223.770706177, 224.107391357, 224.444076538, 224.792373657, 225.129058838, 225.465759277, 225.814056396, 226.162353516, 226.499038696, 226.835739136, 227.184036255, 227.532333374, 227.869018555, 228.205703735, 228.554016113, 228.902313232, 229.238998413, 229.575683594, 229.923980713, 230.260681152, 230.597366333, 230.945663452, 231.293960571, 231.630645752, 231.967346191, 232.315643311, 232.652328491, 232.989013672, 233.325714111, 233.662399292, 234.010696411, 234.35899353, 234.69569397, 235.03237915, 235.38067627, 235.728973389, 236.065658569, 236.402359009, 236.750656128, 237.098953247, 237.435638428, 237.772338867, 238.120635986, 238.457321167, 238.794006348, 239.142303467, 239.490600586, 239.838912964, 240.187210083, 240.547119141, 240.907028198, 241.278549194, 241.65007019, 242.021575928, 242.393096924, 242.76461792, 243.147750854, 243.530883789, 243.914016724, 244.285522461, 244.657043457, 245.075012207, 245.492965698, 245.910919189],
    "bpm_histogram": [0, 0, 0, 0, 0, 0, 0, 0, 0, 0, 0, 0, 0, 0, 0, 0, 0, 0, 0, 0, 0, 0, 0, 0, 0, 0, 0, 0, 0, 0, 0, 0, 0, 0, 0, 0, 0, 0, 0, 0, 0, 0, 0, 0, 0, 0, 0, 0, 0, 0, 0, 0, 0, 0, 0, 0, 0, 0, 0, 0, 0, 0, 0, 0, 0, 0, 0, 0, 0, 0, 0, 0, 0, 0, 0, 0, 0, 0, 0, 0, 0, 0, 0, 0, 0, 0, 0, 0, 0, 0, 0, 0, 0, 0, 0, 0, 0, 0, 0, 0, 0, 0, 0, 0, 0, 0, 0, 0, 0, 0, 0, 0, 0, 0, 0, 0, 0, 0, 0, 0, 0, 0, 0, 0, 0, 0, 0, 0, 0, 0, 0, 0, 0, 0, 0, 0, 0, 0, 0, 0, 0, 0, 0, 0, 0.00418994436041, 0, 0, 0, 0, 0, 0, 0, 0, 0, 0, 0, 0, 0.00418994436041, 0, 0, 0, 0.00698324013501, 0.00279329600744, 0, 0, 0, 0, 0.00698324013501, 0, 0, 0, 0, 0.458100557327, 0, 0, 0, 0, 0, 0.502793312073, 0, 0, 0, 0, 0, 0, 0.01396648027, 0, 0, 0, 0, 0, 0, 0, 0, 0, 0, 0, 0, 0, 0, 0, 0, 0, 0, 0, 0, 0, 0, 0, 0, 0, 0, 0, 0, 0, 0, 0, 0, 0, 0, 0, 0, 0, 0, 0, 0, 0, 0, 0, 0, 0, 0, 0, 0, 0, 0, 0, 0, 0, 0, 0, 0, 0, 0, 0, 0, 0, 0, 0, 0]
},
"tonal": {
    "chords_changes_rate": 0.0667169243097,
    "chords_number_rate": 0.00207312474959,
    "chords_strength": {
        "mean": 0.522248387337,
        "stdev": 0.141670018435
    },
    "hpcp_crest": {
        "mean": 13.9565172195,
        "stdev": 6.56094694138
    },
    "hpcp_entropy": {
        "mean": 1.87407422066,
        "stdev": 0.697262942791
    },
    "key_edma": {
        "strength": 0.748733043671,
        "key": "G",
        "scale": "minor"
    },
    "key_krumhansl": {
        "strength": 0.753004252911,
        "key": "G",
        "scale": "minor"
    },
    "key_temperley": {
        "strength": 0.750243246555,
        "key": "G",
        "scale": "minor"
    },
    "tuning_diatonic_strength": 0.608242094517,
    "tuning_equal_tempered_deviation": 0.179243147373,
    "tuning_frequency": 434.193115234,
    "tuning_nontempered_energy_ratio": 0.909057915211,
    "hpcp": {
