{
"metadata": {
    "version": {
        "essentia": "2.1-dev",
        "essentia_git_sha": "v2.1_beta3-415-gd5473f3",
        "extractor": "music 2.0"
    },
    "audio_properties": {
        "analysis": {
            "equal_loudness": 0,
            "length": 246.961639404,
            "sample_rate": 44100,
            "start_time": 0,
            "downmix": "mix"
        },
        "bit_rate": 192000,
        "length": 246.961639404,
        "lossless": 0,
        "number_channels": 2,
        "replay_gain": -7.73919487,
        "sample_rate": 44100,
        "codec": "mp3",
        "md5_encoded": "46e4b46f45e4567fc3c6ae12f1a63bb8"
    },
    "tags": {
        "file_name": "alishas-pretender_got_my_heart.mp3",
        "album": ["Bridget Jones's Diary"],
        "artist": ["Various Artists"],
        "genre": ["Other"],
        "title": ["Pretender Got My Heart"]
    }
},
"lowlevel": {
    "average_loudness": 0.783451139927,
    "barkbands_crest": {
        "mean": 9.95354652405,
        "stdev": 4.25645494461
    },
    "barkbands_flatness_db": {
        "mean": 0.147494763136,
        "stdev": 0.0608249939978
    },
    "barkbands_kurtosis": {
        "mean": 6.76479578018,
        "stdev": 12.7667274475
    },
    "barkbands_skewness": {
        "mean": 1.86747062206,
        "stdev": 1.46793997288
    },
    "barkbands_spread": {
        "mean": 20.9424419403,
        "stdev": 14.4551639557
    },
    "dissonance": {
        "mean": 0.458444863558,
        "stdev": 0.0316732525826
    },
    "dynamic_complexity": 3.39306282997,
    "erbbands_crest": {
        "mean": 9.54297542572,
        "stdev": 4.6156668663
    },
    "erbbands_flatness_db": {
        "mean": 0.153194859624,
        "stdev": 0.041395585984
    },
    "erbbands_kurtosis": {
        "mean": 0.446868598461,
        "stdev": 2.83005452156
    },
    "erbbands_skewness": {
        "mean": 0.309065401554,
        "stdev": 0.835791110992
    },
    "erbbands_spread": {
        "mean": 41.5965309143,
        "stdev": 18.1013355255
    },
    "hfc": {
        "mean": 18.6980457306,
        "stdev": 20.7192974091
    },
    "loudness_ebu128": {
        "integrated": -15.0365467072,
        "loudness_range": 7.09628295898,
        "momentary": {
            "mean": -17.1171646118,
            "stdev": 13.2559270859
        },
        "short_term": {
            "mean": -16.0273532867,
            "stdev": 3.18505334854
        }
    },
    "melbands_crest": {
        "mean": 14.7138967514,
        "stdev": 5.33735609055
    },
    "melbands_flatness_db": {
        "mean": 0.214864343405,
        "stdev": 0.0776597708464
    },
    "melbands_kurtosis": {
        "mean": 18.3317298889,
        "stdev": 26.8460464478
    },
    "melbands_skewness": {
        "mean": 3.02422428131,
        "stdev": 1.87569642067
    },
    "melbands_spread": {
        "mean": 21.8702297211,
        "stdev": 21.9104328156
    },
    "pitch_salience": {
        "mean": 0.527950823307,
        "stdev": 0.109704487026
    },
    "silence_rate_20dB": {
        "mean": 1,
        "stdev": 0
    },
    "silence_rate_30dB": {
        "mean": 0.991068899632,
        "stdev": 0.094075165689
    },
    "silence_rate_60dB": {
        "mean": 0.0712606906891,
        "stdev": 0.257238179445
    },
    "spectral_centroid": {
        "mean": 1323.28112793,
        "stdev": 950.579406738
    },
    "spectral_complexity": {
        "mean": 16.8099079132,
        "stdev": 10.2410144806
    },
    "spectral_decrease": {
        "mean": -6.73507560833e-09,
        "stdev": 6.10484462982e-09
    },
    "spectral_energy": {
        "mean": 0.0271158013493,
        "stdev": 0.0241051949561
    },
    "spectral_energyband_high": {
        "mean": 0.000798692228273,
        "stdev": 0.00167453067843
    },
    "spectral_energyband_low": {
        "mean": 0.01150458958,
        "stdev": 0.0174773167819
    },
    "spectral_energyband_middle_high": {
        "mean": 0.00539524434134,
        "stdev": 0.00884603988379
    },
    "spectral_energyband_middle_low": {
        "mean": 0.0105275753886,
        "stdev": 0.00884629040956
    },
    "spectral_entropy": {
        "mean": 7.47460365295,
        "stdev": 0.49247393012
    },
    "spectral_flux": {
        "mean": 0.0753652751446,
        "stdev": 0.054828915745
    },
    "spectral_kurtosis": {
        "mean": 4.33258342743,
        "stdev": 3.93081951141
    },
    "spectral_rms": {
        "mean": 0.00470021180809,
        "stdev": 0.00208864430897
    },
    "spectral_rolloff": {
        "mean": 1351.98425293,
        "stdev": 1858.65234375
    },
    "spectral_skewness": {
        "mean": 1.53049886227,
        "stdev": 0.531904041767
    },
    "spectral_spread": {
        "mean": 4816360.5,
        "stdev": 2778081
    },
    "spectral_strongpeak": {
        "mean": 0.851142466068,
        "stdev": 1.41198754311
    },
    "zerocrossingrate": {
        "mean": 0.0559835098684,
        "stdev": 0.0469808615744
    },
    "barkbands": {
        "mean": [0.00129348027986, 0.00567117286846, 0.00360698834993, 0.00200106203556, 0.00289398757741, 0.00189257913735, 0.00143620220479, 0.00103346642572, 0.000939765421208, 0.00131997815333, 0.00064946198836, 0.000792896782514, 0.000315717014018, 0.000395192939322, 0.000466000434244, 0.000369292189134, 0.000334624113748, 0.000346360524418, 0.000450785504654, 0.000274419406196, 0.000171508523636, 0.000135103691719, 0.000110279645014, 0.000112616733531, 8.06231182651e-05, 2.15504151129e-05, 6.80150833432e-07],
        "stdev": [0.00416196882725, 0.0112540852278, 0.00494059734046, 0.00284846569411, 0.00325451255776, 0.00256989174522, 0.00297744502313, 0.00216033868492, 0.0034540691413, 0.00326641090214, 0.0039514247328, 0.00249261944555, 0.000764247670304, 0.00157379172742, 0.00141919008456, 0.00164798111655, 0.000695646216627, 0.000560873479117, 0.000936485535931, 0.000577859347686, 0.000342257786542, 0.000448622799013, 0.000435657566413, 0.000312199699692, 0.000251089775702, 6.59455472487e-05, 2.67137488663e-06]
    },
    "erbbands": {
        "mean": [0.189983412623, 1.19065952301, 4.0590968132, 5.84367704391, 5.84921264648, 8.86864376068, 21.1506309509, 13.1013002396, 22.5028018951, 12.7365074158, 27.3831787109, 26.0108032227, 26.8700942993, 41.4701766968, 32.2508430481, 31.3960170746, 16.2513980865, 17.951292038, 29.2370529175, 16.2278270721, 22.3879451752, 17.1432609558, 22.3808841705, 16.7446632385, 24.00639534, 13.8075408936, 10.3667783737, 4.55669593811, 4.58705329895, 4.54172420502, 3.01874041557, 2.15809607506, 1.97082400322, 1.15422558784, 0.422962963581, 0.124707370996, 0.0366712473333, 0.00424573523924, 0.000112713685667, 3.67183311027e-05],
        "stdev": [0.454592138529, 2.21416068077, 5.84632349014, 7.08664751053, 7.26400136948, 11.7788896561, 27.3596572876, 21.4873180389, 44.0288124084, 29.8808078766, 61.1855239868, 90.2236175537, 89.7140655518, 100.391082764, 179.743606567, 87.3219299316, 34.1215019226, 56.4324150085, 90.0643386841, 45.7173309326, 99.2496261597, 34.9540557861, 32.6434249878, 35.8505859375, 49.9953346252, 28.8067798615, 19.1197090149, 11.2301864624, 15.5134038925, 17.2561016083, 11.5245780945, 6.33209228516, 5.43871116638, 3.79526758194, 1.31795585155, 0.385779678822, 0.11693636328, 0.0135659240186, 0.000307897164021, 3.39632497344e-05]
    },
    "gfcc": {
        "mean": [-18.2203159332, 99.9471664429, -110.387657166, 40.2044525146, -58.3861045837, 14.5184907913, -37.2299385071, 12.4696960449, -28.5399074554, -0.869114816189, -12.1731157303, -3.28517508507, -7.64509439468],
        "cov": [[14031.5019531, -794.465026855, -1408.94506836, 312.162231445, -742.631774902, 262.953460693, -492.668395996, 322.263549805, -458.871856689, 211.88331604, 34.2829589844, 293.707305908, -135.083618164], [-794.465026855, 1193.40942383, 29.6048908234, -42.2797393799, 231.871139526, -93.1388473511, 169.528167725, -16.5668430328, 134.590927124, -89.3848495483, 141.934509277, -109.798057556, 74.9625091553], [-1408.94506836, 29.6048908234, 740.395568848, 139.298049927, 105.01776886, 116.794578552, 72.282989502, 26.7292060852, 77.0139846802, 0.596793115139, -5.86698055267, 30.7836208344, -29.3382587433], [312.162231445, -42.2797393799, 139.298049927, 379.435821533, 89.916343689, 17.1451206207, 21.2008361816, 41.905090332, 41.1814575195, 4.45853900909, 15.6528215408, 23.416601181, -23.6968421936], [-742.631774902, 231.871139526, 105.01776886, 89.916343689, 282.908538818, 45.6602897644, 104.606384277, 17.5206680298, 73.0349502563, 0.977209627628, 23.382226944, -23.8524551392, 13.9815692902], [262.953460693, -93.1388473511, 116.794578552, 17.1451206207, 45.6602897644, 244.665618896, 65.4158554077, 2.59461641312, 14.385468483, 41.2948722839, -13.6534357071, 21.6180095673, -11.9928512573], [-492.668395996, 169.528167725, 72.282989502, 21.2008361816, 104.606384277, 65.4158554077, 194.599578857, 31.8470191956, 51.0508308411, 7.4903087616, 34.5763511658, -24.1316242218, 7.46803808212], [322.263549805, -16.5668430328, 26.7292060852, 41.905090332, 17.5206680298, 2.59461641312, 31.8470191956, 157.096847534, 42.3450622559, 15.059135437, 32.2132949829, 21.481294632, -6.26027822495], [-458.871856689, 134.590927124, 77.0139846802, 41.1814575195, 73.0349502563, 14.385468483, 51.0508308411, 42.3450622559, 149.330078125, 24.0552463531, 15.3707103729, 0.442757248878, 3.00211811066], [211.88331604, -89.3848495483, 0.596793115139, 4.45853900909, 0.977209627628, 41.2948722839, 7.4903087616, 15.059135437, 24.0552463531, 104.867797852, 18.1513748169, 11.9331350327, -8.72906684875], [34.2829589844, 141.934509277, -5.86698055267, 15.6528215408, 23.382226944, -13.6534357071, 34.5763511658, 32.2132949829, 15.3707103729, 18.1513748169, 120.754745483, 18.3896884918, 3.0221157074], [293.707305908, -109.798057556, 30.7836208344, 23.416601181, -23.8524551392, 21.6180095673, -24.1316242218, 21.481294632, 0.442757248878, 11.9331350327, 18.3896884918, 114.159118652, -10.1167201996], [-135.083618164, 74.9625091553, -29.3382587433, -23.6968421936, 13.9815692902, -11.9928512573, 7.46803808212, -6.26027822495, 3.00211811066, -8.72906684875, 3.0221157074, -10.1167201996, 88.6022262573]],
        "icov": [[0.000256380822975, -0.00039934986853, 0.000563974957913, -0.000568969233427, 0.000624427862931, -0.000776476226747, 0.000561199558433, -0.000867013295647, 0.000895153905731, -0.000649366993457, 0.000411751505453, -0.000496362568811, 0.000286102178507], [-0.00039934986853, 0.00257348711602, -0.000916658726055, 0.0013697311515, -0.00187743187416, 0.00172745052259, -0.00146819837391, 0.00216947658919, -0.00295245368034, 0.00295088370331, -0.00309546617791, 0.00212819734588, -0.00117689627223], [0.000563974957913, -0.000916658726055, 0.00292388861999, -0.00168682576623, 0.00116882298607, -0.00237096194178, 0.00104358943645, -0.00186720001511, 0.00137116981205, -0.00100489309989, 0.00116144982167, -0.00150242017116, 0.00107052677777], [-0.000568969233427, 0.0013697311515, -0.00168682576623, 0.00454819062725, -0.00261496845633, 0.00201010494493, -0.00103698321618, 0.00154744356405, -0.00251831882633, 0.00196625106037, -0.00161711149849, 0.000926326611079, -4.70129816676e-05], [0.000624427862931, -0.00187743187416, 0.00116882298607, -0.00261496845633, 0.00721105746925, -0.00257279956713, -0.000279697473161, -0.00204003183171, 0.00126888079103, -0.00194821599871, 0.00162742193788, -0.000915762037039, 0.000226337782806], [-0.000776476226747, 0.00172745052259, -0.00237096194178, 0.00201010494493, -0.00257279956713, 0.00811556726694, -0.00395570090041, 0.00318912928924, -0.00232832576148, 0.000100585508335, -0.00024305874831, 0.000351847877027, -0.000692321686074], [0.000561199558433, -0.00146819837391, 0.00104358943645, -0.00103698321618, -0.000279697473161, -0.00395570090041, 0.00944894179702, -0.00318424077705, 0.00122706766706, -0.00120813061949, -0.000582834007218, 0.00062974327011, 0.000584482273553], [-0.000867013295647, 0.00216947658919, -0.00186720001511, 0.00154744356405, -0.00204003183171, 0.00318912928924, -0.00318424077705, 0.0108857695013, -0.00542766228318, 0.00266577047296, -0.0036728666164, 0.00100741791539, -0.000883795320988], [0.000895153905731, -0.00295245368034, 0.00137116981205, -0.00251831882633, 0.00126888079103, -0.00232832576148, 0.00122706766706, -0.00542766228318, 0.0133671863005, -0.00592351472005, 0.00380718335509, -0.00295431911945, 0.00113719957881], [-0.000649366993457, 0.00295088370331, -0.00100489309989, 0.00196625106037, -0.00194821599871, 0.000100585508335, -0.00120813061949, 0.00266577047296, -0.00592351472005, 0.01493675448, -0.00541974371299, 0.00248003564775, -0.000541974790394], [0.000411751505453, -0.00309546617791, 0.00116144982167, -0.00161711149849, 0.00162742193788, -0.00024305874831, -0.000582834007218, -0.0036728666164, 0.00380718335509, -0.00541974371299, 0.0138865076005, -0.00465795816854, 0.00103023415431], [-0.000496362568811, 0.00212819734588, -0.00150242017116, 0.000926326611079, -0.000915762037039, 0.000351847877027, 0.00062974327011, 0.00100741791539, -0.00295431911945, 0.00248003564775, -0.00465795816854, 0.0124271260574, -0.00067458092235], [0.000286102178507, -0.00117689627223, 0.00107052677777, -4.70129816676e-05, 0.000226337782806, -0.000692321686074, 0.000584482273553, -0.000883795320988, 0.00113719957881, -0.000541974790394, 0.00103023415431, -0.00067458092235, 0.0126149877906]]
    },
    "melbands": {
        "mean": [0.0016869707033, 0.00195248308592, 0.00101013225503, 0.000492347229738, 0.000683138088789, 0.000302234984701, 0.000332603027346, 0.00014444925182, 0.000222233400564, 0.000150084058987, 0.0001320225565, 0.000171832900378, 0.000102352016256, 9.97288880171e-05, 4.75126689707e-05, 3.08692397084e-05, 3.37164565281e-05, 4.74050466437e-05, 2.88106675725e-05, 1.97656536329e-05, 2.74104731943e-05, 1.6488815163e-05, 2.12061404454e-05, 1.75507848326e-05, 1.20939639601e-05, 1.9890780095e-05, 1.09661059469e-05, 9.15962937142e-06, 7.40626637707e-06, 3.88985563404e-06, 2.20106448978e-06, 2.38890243054e-06, 2.97075871458e-06, 2.34519211517e-06, 1.88409319435e-06, 1.19898106732e-06, 1.36819335239e-06, 1.41197472203e-06, 1.26075565277e-06, 8.74663271588e-07],
        "stdev": [0.00356470257975, 0.00289657828398, 0.00112700264435, 0.000678764714394, 0.000844449619763, 0.000466547557153, 0.000656889984384, 0.000304419139866, 0.000539807660971, 0.000563000910915, 0.000459132046672, 0.000420909724198, 0.000626072403975, 0.000339573365636, 0.000138963572681, 7.77889727033e-05, 0.000121889468573, 0.000162226438988, 9.09634036361e-05, 7.51026527723e-05, 0.000133993569762, 3.87219261029e-05, 3.84202394343e-05, 2.92443928629e-05, 3.08053095068e-05, 4.61243471364e-05, 2.27029740927e-05, 2.07523917197e-05, 1.34913370857e-05, 9.00098257262e-06, 6.43164185021e-06, 8.47860701469e-06, 1.04464479591e-05, 9.95161462924e-06, 7.53198128223e-06, 4.2258270696e-06, 3.95318511437e-06, 3.9533429117e-06, 3.95573761125e-06, 3.26702274833e-06]
    },
    "melbands128": {
        "mean": [0.00100727961399, 0.00167508318555, 0.00182033865713, 0.00199622777291, 0.00220288941637, 0.00161372974981, 0.0012516429415, 0.000874153920449, 0.000487050536321, 0.000569957890548, 0.000384987390134, 0.00071723741712, 0.000899472041056, 0.000458404567325, 0.000297723920085, 0.000192349893041, 0.000245918461587, 0.000487007404445, 0.000230508318054, 7.86807286204e-05, 9.68034219113e-05, 0.000271994009381, 0.000250443030382, 0.000128129104269, 0.000216088054003, 0.000118304262287, 8.33677404444e-05, 0.000153021945152, 0.000123703823192, 0.000250470475294, 0.000161348565598, 7.10634340066e-05, 0.000126558355987, 8.94054610399e-05, 0.000105930215796, 0.000108446394734, 9.28644221858e-05, 2.75124639302e-05, 4.06466097047e-05, 3.43126812368e-05, 2.75295606116e-05, 2.719578697e-05, 2.99251605611e-05, 3.95603965444e-05, 4.05072933063e-05, 4.46815756732e-05, 6.81698220433e-05, 2.28368480748e-05, 1.72612581082e-05, 2.06361819437e-05, 1.6409861928e-05, 2.07459415833e-05, 3.58085853804e-05, 2.65675389528e-05, 1.81349860213e-05, 1.53454038809e-05, 9.80306958809e-06, 3.05756293528e-05, 1.44409177665e-05, 2.82747187157e-05, 1.69444592757e-05, 1.20156273624e-05, 1.22308256323e-05, 1.20933491417e-05, 1.18711841424e-05, 2.11249061977e-05, 2.76143582596e-05, 1.11777599159e-05, 8.56248880154e-06, 6.85729037286e-06, 9.12972791411e-06, 1.11085273602e-05, 7.45806255509e-06, 7.83661653259e-06, 5.5446503211e-06, 4.28830708188e-06, 3.10887503474e-06, 2.14654892261e-06, 2.02455498766e-06, 2.32647948906e-06, 2.13029807128e-06, 2.41476936935e-06, 2.9866728255e-06, 3.27874886352e-06, 2.71035332844e-06, 2.47648358709e-06, 2.27782629736e-06, 1.93294567907e-06, 2.10575603887e-06, 1.66286145031e-06, 1.16319381505e-06, 1.04067567008e-06, 1.25579401811e-06, 1.39168298574e-06, 1.42860744745e-06, 1.44044656736e-06, 1.44460489082e-06, 1.32668628794e-06, 1.29664283577e-06, 1.24583220895e-06, 1.02173885352e-06, 8.2956745473e-07, 6.64450169552e-07, 5.67241215776e-07, 4.78855440633e-07, 3.73533140419e-07, 3.02439048028e-07, 2.46519050506e-07, 1.86885941389e-07, 1.64351860121e-07, 1.55877899033e-07, 1.41803624842e-07, 1.19867479498e-07, 8.58819220184e-08, 5.71074281197e-08, 4.0271029178e-08, 2.66337991661e-08, 3.04864156142e-09, 3.9011658487e-12, 3.70468933308e-12, 3.61161252814e-12, 3.53378502675e-12, 3.4550476629e-12, 3.391658265e-12, 3.34359319745e-12, 3.30928210182e-12, 3.28281607627e-12, 3.25819406177e-12],
        "stdev": [0.00334115326405, 0.00455693388358, 0.00373966176994, 0.0038679568097, 0.00351248006336, 0.00205378723331, 0.00169560010545, 0.00124975363724, 0.000755099696107, 0.00114858278539, 0.000849758216646, 0.00109134986997, 0.00130210630596, 0.000733280030545, 0.000686219427735, 0.000503443414345, 0.000699244264979, 0.00111772818491, 0.000636632088572, 0.000425588921644, 0.000275696831523, 0.000546219351236, 0.000894963974133, 0.000636830576696, 0.000949635053985, 0.000756448775064, 0.000470194849186, 0.000748724560253, 0.000542138703167, 0.000657678290736, 0.000543782953173, 0.000433269015048, 0.00109382090159, 0.000978578114882, 0.000532202073373, 0.000399429845857, 0.000354698393494, 0.000173701468157, 0.000121799203043, 9.97027600533e-05, 0.000105758634163, 0.000133716734126, 0.00012866963516, 0.000253703386988, 0.000273803627351, 0.000195097920368, 0.000257933745161, 0.0001367823279, 9.38915836741e-05, 9.07144931261e-05, 9.22761610127e-05, 0.000160914190928, 0.000223252209253, 0.00019915640587, 6.52904127492e-05, 4.56175548607e-05, 4.17665978603e-05, 8.3377417468e-05, 3.13857854053e-05, 5.50320364709e-05, 3.69066583517e-05, 3.44771542586e-05, 4.4969994633e-05, 4.08564228565e-05, 3.23772255797e-05, 6.98476069374e-05, 6.09787348367e-05, 2.99861312669e-05, 2.90970274364e-05, 1.7129119442e-05, 2.62758658209e-05, 2.78171282844e-05, 1.63581280503e-05, 1.61790667335e-05, 1.42627150126e-05, 1.30816706587e-05, 8.7995249487e-06, 6.18377862338e-06, 6.87635565555e-06, 7.77178138378e-06, 9.4091592473e-06, 9.63931415754e-06, 1.22951914818e-05, 1.1598139281e-05, 1.02504181996e-05, 1.08740305222e-05, 1.15523362183e-05, 8.76043668541e-06, 9.03450927581e-06, 6.69621977067e-06, 5.03901401316e-06, 3.66800600204e-06, 4.15185195379e-06, 4.38045981355e-06, 3.96512814405e-06, 5.18156457474e-06, 3.87399222745e-06, 3.83508267987e-06, 4.82669065605e-06, 4.46431704404e-06, 4.03713784181e-06, 3.82658799936e-06, 2.65935773314e-06, 2.10915663956e-06, 1.64692596627e-06, 1.29172417473e-06, 1.06257107291e-06, 9.66895981946e-07, 6.38031963263e-07, 5.33553759396e-07, 5.22612538134e-07, 5.10393419972e-07, 4.38109879042e-07, 3.05795168742e-07, 1.87585015965e-07, 1.40864443665e-07, 1.02781385181e-07, 1.21019088084e-08, 6.89773585472e-12, 6.5535775591e-12, 6.38294885696e-12, 6.23364901364e-12, 6.10386567679e-12, 5.99439595184e-12, 5.90127079148e-12, 5.82912581051e-12, 5.7766677726e-12, 5.74366422479e-12]
    },
    "mfcc": {
        "mean": [-656.929992676, 121.987236023, 8.65076541901, 26.9337253571, 6.76094341278, 0.575700283051, 7.05080223083, 2.88974428177, -1.90482389927, 2.24772000313, -3.83932042122, -2.15716290474, -1.90283107758],
        "cov": [[8042.30078125, -642.636169434, -511.243835449, -116.02331543, -203.277801514, -228.572937012, 60.0558700562, 17.6020488739, -194.449554443, -59.6532249451, 11.915471077, 170.176086426, 47.1999359131], [-642.636169434, 1093.49523926, -47.1823234558, 30.8921051025, 70.9137039185, -16.4225273132, 72.6422271729, 20.1012592316, 18.4919929504, 39.6567802429, 6.50933074951, 38.8275947571, 7.14828491211], [-511.243835449, -47.1823234558, 552.285217285, 60.504699707, 74.1664886475, 95.4806442261, 6.42854309082, 80.7229309082, 27.6565647125, -8.99903964996, 64.423576355, 26.7156181335, 2.83244800568], [-116.02331543, 30.8921051025, 60.504699707, 337.73840332, 96.4918136597, -3.48443078995, 16.1675987244, 50.4875411987, 18.6900100708, 8.78438186646, 36.426776886, 50.7541999817, 12.2798938751], [-203.277801514, 70.9137039185, 74.1664886475, 96.4918136597, 184.374191284, 45.1296310425, 13.3303480148, 45.5620536804, 40.6509971619, 16.9672317505, 30.6141586304, 21.5307769775, 17.021062851], [-228.572937012, -16.4225273132, 95.4806442261, -3.48443078995, 45.1296310425, 252.19480896, 43.3167037964, 26.5122375488, 39.6083374023, 23.4960842133, 38.7872467041, -21.7812480927, 20.031255722], [60.0558700562, 72.6422271729, 6.42854309082, 16.1675987244, 13.3303480148, 43.3167037964, 170.712478638, 27.7802772522, 5.52221488953, 40.2188796997, 5.61800670624, 20.3630561829, 12.1153755188], [17.6020488739, 20.1012592316, 80.7229309082, 50.4875411987, 45.5620536804, 26.5122375488, 27.7802772522, 147.166564941, 36.8465843201, -3.04570102692, 44.7061576843, 45.448223114, 20.2611980438], [-194.449554443, 18.4919929504, 27.6565647125, 18.6900100708, 40.6509971619, 39.6083374023, 5.52221488953, 36.8465843201, 122.279296875, 45.2929191589, 13.9234781265, -5.02426195145, 13.3514642715], [-59.6532249451, 39.6567802429, -8.99903964996, 8.78438186646, 16.9672317505, 23.4960842133, 40.2188796997, -3.04570102692, 45.2929191589, 118.135932922, 19.488910675, -1.27162921429, 12.7211294174], [11.915471077, 6.50933074951, 64.423576355, 36.426776886, 30.6141586304, 38.7872467041, 5.61800670624, 44.7061576843, 13.9234781265, 19.488910675, 122.40737915, 62.2833786011, 26.8465919495], [170.176086426, 38.8275947571, 26.7156181335, 50.7541999817, 21.5307769775, -21.7812480927, 20.3630561829, 45.448223114, -5.02426195145, -1.27162921429, 62.2833786011, 131.055709839, 35.1971969604], [47.1999359131, 7.14828491211, 2.83244800568, 12.2798938751, 17.021062851, 20.031255722, 12.1153755188, 20.2611980438, 13.3514642715, 12.7211294174, 26.8465919495, 35.1971969604, 84.2209396362]],
        "icov": [[0.000156504160259, 0.000107630054117, 0.000149911444169, 4.7815425205e-05, 5.26821131643e-05, 6.8463581556e-05, -8.80929510458e-05, -0.000122675890452, 0.00019453674031, -1.54099070642e-05, -8.04397222964e-06, -0.000205001866561, -3.38786667271e-05], [0.000107630054117, 0.00106223218609, 0.000220031870413, 9.89483232843e-05, -0.00040367609472, 0.000184306685696, -0.000427417340688, -8.20998102427e-05, 9.82771598501e-05, -0.000196052147658, 8.73611134011e-05, -0.000413879344705, 0.000105831102701], [0.000149911444169, 0.000220031870413, 0.0023529662285, -6.3726962253e-05, -0.000443255121354, -0.000586829555687, 3.74376650143e-05, -0.000913704221603, 0.000191006067325, 0.000312157033477, -0.000682577141561, -0.00022999306384, 0.000507318065502], [4.7815425205e-05, 9.89483232843e-05, -6.3726962253e-05, 0.00372193264775, -0.00178306165617, 0.000441231735749, -0.000177549169166, -0.000478018249851, 0.000105113897007, -0.000127604042063, -0.000161132789799, -0.000954122748226, 0.00027293691528], [5.26821131643e-05, -0.00040367609472, -0.000443255121354, -0.00178306165617, 0.00754957878962, -0.000853519013617, 0.000237105428823, -0.000821114808787, -0.00134810456075, -0.000150907580974, -0.000193067782675, -0.000120915239677, -0.000531131227035], [6.8463581556e-05, 0.000184306685696, -0.000586829555687, 0.000441231735749, -0.000853519013617, 0.00545810675249, -0.00163993437309, 6.07027832302e-05, -0.000933718984015, 0.000375801202608, -0.00223021698184, 0.00244212779216, -0.00122140545864], [-8.80929510458e-05, -0.000427417340688, 3.74376650143e-05, -0.000177549169166, 0.000237105428823, -0.00163993437309, 0.00753542548046, -0.00161142426077, 0.00140052579809, -0.00305960467085, 0.00184251542669, -0.00148041255306, 2.75493912341e-05], [-0.000122675890452, -8.20998102427e-05, -0.000913704221603, -0.000478018249851, -0.000821114808787, 6.07027832302e-05, -0.00161142426077, 0.0100444080308, -0.00332209537737, 0.00245232158341, -0.00185307895299, -0.0016419707099, -0.000423802848672], [0.00019453674031, 9.82771598501e-05, 0.000191006067325, 0.000105113897007, -0.00134810456075, -0.000933718984015, 0.00140052579809, -0.00332209537737, 0.0118848150596, -0.00468789692968, 0.000733854656573, 0.000927533605136, -0.000844414578751], [-1.54099070642e-05, -0.000196052147658, 0.000312157033477, -0.000127604042063, -0.000150907580974, 0.000375801202608, -0.00305960467085, 0.00245232158341, -0.00468789692968, 0.0119722122326, -0.00277545745485, 0.00126960582566, -0.000886371708475], [-8.04397222964e-06, 8.73611134011e-05, -0.000682577141561, -0.000161132789799, -0.000193067782675, -0.00223021698184, 0.00184251542669, -0.00185307895299, 0.000733854656573, -0.00277545745485, 0.0134941246361, -0.00602366775274, -0.000687427294906], [-0.000205001866561, -0.000413879344705, -0.00022999306384, -0.000954122748226, -0.000120915239677, 0.00244212779216, -0.00148041255306, -0.0016419707099, 0.000927533605136, 0.00126960582566, -0.00602366775274, 0.0135768838227, -0.00374422571622], [-3.38786667271e-05, 0.000105831102701, 0.000507318065502, 0.00027293691528, -0.000531131227035, -0.00122140545864, 2.75493912341e-05, -0.000423802848672, -0.000844414578751, -0.000886371708475, -0.000687427294906, -0.00374422571622, 0.0143741546199]]
    },
    "spectral_contrast_coeffs": {
        "mean": [-0.706184983253, -0.739691793919, -0.737741649151, -0.786673009396, -0.783169269562, -0.793420433998],
        "stdev": [0.0752335637808, 0.0780100896955, 0.076390452683, 0.0566944405437, 0.0467272996902, 0.0357056073844]
    },
    "spectral_contrast_valleys": {
        "mean": [-6.65557003021, -7.06227397919, -7.81034708023, -8.05644130707, -7.81561279297, -10.3013572693],
        "stdev": [1.65090548992, 1.62568044662, 1.57948958874, 1.58940172195, 1.65777719021, 1.60199737549]
    }
},
"rhythm": {
    "beats_count": 399,
    "beats_loudness": {
        "mean": 0.0455333516002,
        "stdev": 0.03059592098
    },
    "bpm": 96.7977600098,
    "bpm_histogram_first_peak_bpm": 98,
    "bpm_histogram_first_peak_weight": 0.429305911064,
    "bpm_histogram_second_peak_bpm": 108,
    "bpm_histogram_second_peak_spread": 0,
    "bpm_histogram_second_peak_weight": 0.00753768859431,
    "danceability": 1.1490623951,
    "onset_rate": 3.74525690079,
    "beats_loudness_band_ratio": {
        "mean": [0.547110557556, 0.14931550622, 0.12039090693, 0.0867104679346, 0.0641301348805, 0.0663957595825],
        "stdev": [0.266390532255, 0.135520666838, 0.125239983201, 0.121395289898, 0.0837106183171, 0.0836126729846]
    },
    "beats_position": [0.580498874187, 1.17260766029, 1.764716506, 2.36843538284, 2.9837641716, 3.59909296036, 4.21442174911, 4.82975053787, 5.45668935776, 6.07201814651, 6.68734693527, 7.30267572403, 7.91800451279, 8.54494285583, 9.17188167572, 9.79882049561, 10.4141492844, 11.0410881042, 11.6680269241, 12.2833557129, 12.9102945328, 13.5140132904, 14.1293420792, 14.7446708679, 15.3716096878, 15.9869384766, 16.602268219, 17.2059860229, 17.8329238892, 18.4598636627, 19.0751914978, 19.7021312714, 20.3174591064, 20.94439888, 21.5713367462, 22.1866664886, 22.8019943237, 23.4173240662, 24.0442619324, 24.6595916748, 25.286529541, 25.9134693146, 26.5404071808, 27.1557369232, 27.7710647583, 28.3863945007, 28.9901123047, 29.6054420471, 30.2323799133, 30.870929718, 31.4978675842, 32.1131973267, 32.7401351929, 33.3786849976, 33.99401474, 34.6093406677, 35.2246704102, 35.8400001526, 36.455329895, 37.0706558228, 37.6859855652, 38.3129234314, 38.9282531738, 39.5435829163, 40.1589126587, 40.7858505249, 41.4127883911, 42.0281181335, 42.6550559998, 43.281993866, 43.9089317322, 44.5242614746, 45.139591217, 45.7665290833, 46.3934669495, 47.0204086304, 47.6241264343, 48.2394561768, 48.866394043, 49.4933319092, 50.1202697754, 50.7355995178, 51.3509292603, 51.9662590027, 52.5699768066, 53.1853065491, 53.8006324768, 54.4159622192, 55.0312919617, 55.6582298279, 56.2851676941, 56.912109375, 57.5390472412, 58.1659851074, 58.7813148499, 59.3966445923, 60.01197052, 60.6273002625, 61.2542381287, 61.8811798096, 62.4965057373, 63.1118354797, 63.7387733459, 64.3657150269, 64.9810409546, 65.5963668823, 66.2233123779, 66.8502502441, 67.4655761719, 68.0809020996, 68.6962356567, 69.3115615845, 69.9384994507, 70.5538330078, 71.1691589355, 71.7844848633, 72.423034668, 73.0499725342, 73.6653060913, 74.2922439575, 74.9075698853, 75.5229034424, 76.1382293701, 76.7535552979, 77.368888855, 77.9958267212, 78.6227645874, 79.2380905151, 79.8534240723, 80.491973877, 81.1072998047, 81.7342376709, 82.3379592896, 82.9532852173, 83.5802230835, 84.1955566406, 84.8108825684, 85.4262084961, 86.0531539917, 86.6800918579, 87.3070297241, 87.9339675903, 88.5609054565, 89.1878433228, 89.8031692505, 90.4301147461, 91.0454406738, 91.6607666016, 92.2761001587, 92.8914260864, 93.5067520142, 94.1220855713, 94.737411499, 95.3643493652, 95.9912872314, 96.6066207886, 97.2219467163, 97.8488845825, 98.4758224487, 99.0911560059, 99.7064819336, 100.3334198, 100.960357666, 101.587303162, 102.202629089, 102.817955017, 103.444892883, 104.06022644, 104.675552368, 105.302490234, 105.929428101, 106.544761658, 107.160087585, 107.775421143, 108.39074707, 109.017684937, 109.633010864, 110.248344421, 110.863670349, 111.479003906, 112.105941772, 112.7212677, 113.348205566, 113.963539124, 114.578865051, 115.194190979, 115.821128845, 116.448066711, 117.075012207, 117.690338135, 118.305664062, 118.92099762, 119.536323547, 120.151649475, 120.778594971, 121.393920898, 122.009246826, 122.624580383, 123.25151825, 123.866844177, 124.482177734, 125.109115601, 125.736053467, 126.351379395, 126.966712952, 127.593650818, 128.220581055, 128.835922241, 129.451248169, 130.078186035, 130.705123901, 131.332061768, 131.947387695, 132.562713623, 133.17805481, 133.793380737, 134.420318604, 135.04725647, 135.662582397, 136.277908325, 136.904846191, 137.531784058, 138.158721924, 138.77406311, 139.389389038, 140.016326904, 140.643264771, 141.24697876, 141.862304688, 142.477645874, 143.10458374, 143.731521606, 144.358459473, 144.985397339, 145.600723267, 146.216049194, 146.831375122, 147.446716309, 148.073654175, 148.688980103, 149.30430603, 149.931243896, 150.546569824, 151.161895752, 151.788833618, 152.415786743, 153.042724609, 153.658050537, 154.273376465, 154.900314331, 155.515640259, 156.130966187, 156.757904053, 157.373245239, 157.988571167, 158.603897095, 159.219223022, 159.846160889, 160.461486816, 161.076828003, 161.703765869, 162.330703735, 162.957641602, 163.572967529, 164.188293457, 164.815231323, 165.442169189, 166.069107056, 166.684448242, 167.29977417, 167.926712036, 168.530426025, 169.157363892, 169.772689819, 170.388031006, 171.014968872, 171.6302948, 172.245620728, 172.872558594, 173.49949646, 174.114822388, 174.730148315, 175.35710144, 175.984039307, 176.599365234, 177.214691162, 177.841629028, 178.456954956, 179.072280884, 179.69921875, 180.326171875, 180.941497803, 181.55682373, 182.183761597, 182.810699463, 183.437637329, 184.064575195, 184.679901123, 185.29524231, 185.910568237, 186.525894165, 187.141220093, 187.756546021, 188.383483887, 189.010421753, 189.625762939, 190.241088867, 190.868026733, 191.483352661, 192.098678589, 192.725616455, 193.352554321, 193.967880249, 194.583221436, 195.210159302, 195.825485229, 196.440811157, 197.056137085, 197.671463013, 198.298416138, 198.913742065, 199.529067993, 200.156005859, 200.771331787, 201.386657715, 202.013595581, 202.640533447, 203.267486572, 203.894424438, 204.509750366, 205.125076294, 205.75201416, 206.367340088, 206.982666016, 207.609603882, 208.236557007, 208.851882935, 209.467208862, 210.094146729, 210.709472656, 211.324798584, 211.95173645, 212.567077637, 213.182403564, 213.809341431, 214.436279297, 215.063217163, 215.678543091, 216.293869019, 216.909194946, 217.524536133, 218.151473999, 218.766799927, 219.382125854, 220.009063721, 220.636001587, 221.251327515, 221.866668701, 222.493606567, 223.120544434, 223.7474823, 224.374420166, 224.989746094, 225.605072021, 226.232009888, 226.847335815, 227.47428894, 228.089614868, 228.693328857, 229.320266724, 229.94720459, 230.562530518, 231.177871704, 231.80480957, 232.431747437, 233.047073364, 233.662399292, 234.289337158, 234.916275024, 235.531600952, 236.14692688, 236.773880005, 237.389205933, 238.00453186, 238.60824585, 239.235183716, 239.862121582, 240.489059448, 241.115997314, 241.731338501, 242.288604736, 242.84588623, 243.403167725, 243.879180908, 244.366790771, 244.842803955, 245.318817139, 245.806442261, 246.294052124],
    "bpm_histogram": [0, 0, 0, 0, 0, 0, 0, 0, 0, 0, 0, 0, 0, 0, 0, 0, 0, 0, 0, 0, 0, 0, 0, 0, 0, 0, 0, 0, 0, 0, 0, 0, 0, 0, 0, 0, 0, 0, 0, 0, 0, 0, 0, 0, 0, 0, 0, 0, 0, 0, 0, 0, 0, 0, 0, 0, 0, 0, 0, 0, 0, 0, 0, 0, 0, 0, 0, 0, 0, 0, 0, 0, 0, 0, 0, 0, 0, 0, 0, 0, 0, 0, 0, 0, 0, 0, 0, 0, 0, 0, 0, 0, 0, 0, 0.0100502511486, 0, 0.404522627592, 0, 0.530150771141, 0.0276381913573, 0, 0.00502512557432, 0, 0, 0, 0, 0, 0, 0.00753768859431, 0, 0, 0, 0, 0, 0, 0, 0, 0, 0, 0, 0, 0, 0, 0.00753768859431, 0, 0, 0.00753768859431, 0, 0, 0, 0, 0, 0, 0, 0, 0, 0, 0, 0, 0, 0, 0, 0, 0, 0, 0, 0, 0, 0, 0, 0, 0, 0, 0, 0, 0, 0, 0, 0, 0, 0, 0, 0, 0, 0, 0, 0, 0, 0, 0, 0, 0, 0, 0, 0, 0, 0, 0, 0, 0, 0, 0, 0, 0, 0, 0, 0, 0, 0, 0, 0, 0, 0, 0, 0, 0, 0, 0, 0, 0, 0, 0, 0, 0, 0, 0, 0, 0, 0, 0, 0, 0, 0, 0, 0, 0, 0, 0, 0, 0, 0, 0, 0, 0, 0, 0, 0, 0, 0, 0, 0, 0, 0, 0, 0, 0, 0, 0, 0, 0, 0, 0, 0, 0, 0, 0, 0, 0, 0, 0]
},
"tonal": {
    "chords_changes_rate": 0.0272607635707,
    "chords_number_rate": 0.00150404206943,
    "chords_strength": {
        "mean": 0.584844052792,
        "stdev": 0.0862852782011
    },
    "hpcp_crest": {
        "mean": 16.2312698364,
        "stdev": 8.40469169617
    },
    "hpcp_entropy": {
        "mean": 1.72313046455,
        "stdev": 0.820121109486
    },
    "key_edma": {
        "strength": 0.898321688175,
        "key": "D",
        "scale": "minor"
    },
    "key_krumhansl": {
        "strength": 0.896885633469,
        "key": "D",
        "scale": "minor"
    },
    "key_temperley": {
        "strength": 0.894208788872,
        "key": "D",
        "scale": "minor"
    },
    "tuning_diatonic_strength": 0.678801894188,
    "tuning_equal_tempered_deviation": 0.299175202847,
    "tuning_frequency": 434.193115234,
    "tuning_nontempered_energy_ratio": 0.981628894806,
    "hpcp": {
        "mean": [0.293128758669, 0.377153813839, 0.17948538065, 0.0922745019197, 0.115591958165, 0.0744295120239, 0.0478800609708, 0.0631138458848, 0.0478771217167, 0.0417075306177, 0.0482924282551, 0.0487064383924, 0.131925404072, 0.200075060129, 0.130320250988, 0.159151777625, 0.274548172951, 0.193512558937, 0.0651533082128, 0.0439832806587, 0.0423602759838, 0.0982094928622, 0.178526118398, 0.157819271088, 0.144734606147, 0.154731214046, 0.0855549573898, 0.037784434855, 0.0340577811003, 0.0409086793661, 0.101666785777, 0.12714792788, 0.0760359838605, 0.0569781661034, 0.0652969703078, 0.0947493910789],
        "stdev": [0.320940732956, 0.386668324471, 0.230662584305, 0.195303142071, 0.279877454042, 0.181840136647, 0.136739552021, 0.176877960563, 0.142101094127, 0.136685714126, 0.156067296863, 0.143991187215, 0.217974185944, 0.309507995844, 0.21302510798, 0.232959464192, 0.372840762138, 0.291226059198, 0.160650387406, 0.133052200079, 0.131979897618, 0.177978277206, 0.276435494423, 0.248231217265, 0.244474992156, 0.264695644379, 0.170833617449, 0.113020814955, 0.10719845444, 0.12062484771, 0.192947804928, 0.240582600236, 0.174684524536, 0.146036460996, 0.148472011089, 0.181725084782]
    },
    "chords_histogram": [35.8902053833, 2.14326000214, 0.282007902861, 0.488813698292, 1.33483731747, 0, 0, 1.01522839069, 0.376010537148, 40.2707290649, 4.07971429825, 0.0940026342869, 0, 0, 0, 0, 0.0752021074295, 0.376010537148, 0.451212644577, 0, 0.131603688002, 0, 6.78699016571, 6.20417356491],
    "thpcp": [1, 0.475894391537, 0.244660139084, 0.306484937668, 0.197345241904, 0.126951023936, 0.167342454195, 0.126943230629, 0.110584937036, 0.128044381738, 0.129142105579, 0.349792033434, 0.530486643314, 0.345536082983, 0.421981096268, 0.727947473526, 0.513086557388, 0.172749966383, 0.116618946195, 0.112315647304, 0.260396391153, 0.473350942135, 0.418448030949, 0.383754849434, 0.410260230303, 0.226843670011, 0.100183092058, 0.0903021022677, 0.10846683383, 0.26956319809, 0.337124854326, 0.201604709029, 0.151074081659, 0.173130869865, 0.251222133636, 0.777212738991],
    "chords_key": "A",
    "chords_scale": "major"
}
}