{
"metadata": {
    "version": {
        "essentia": "2.1-dev",
        "essentia_git_sha": "v2.1_beta3-415-gd5473f3",
        "extractor": "music 2.0"
    },
    "audio_properties": {
        "analysis": {
            "equal_loudness": 0,
            "length": 233.090606689,
            "sample_rate": 44100,
            "start_time": 0,
            "downmix": "mix"
        },
        "bit_rate": 192000,
        "length": 233.090606689,
        "lossless": 0,
        "number_channels": 2,
        "replay_gain": -13.6329612732,
        "sample_rate": 44100,
        "codec": "mp3",
        "md5_encoded": "e5064012d0272c6ab86157a566e8b487"
    },
    "tags": {
        "file_name": "anabell-senal_de_amor.mp3",
        "album": ["Seguiré esperándote"],
        "artist": ["Anabell"],
        "genre": ["Latin"],
        "title": ["Señal de amor..."]
    }
},
"lowlevel": {
    "average_loudness": 0.743754029274,
    "barkbands_crest": {
        "mean": 9.07769966125,
        "stdev": 3.66056537628
    },
    "barkbands_flatness_db": {
        "mean": 0.125544026494,
        "stdev": 0.0481987670064
    },
    "barkbands_kurtosis": {
        "mean": 3.57199168205,
        "stdev": 7.72744083405
    },
    "barkbands_skewness": {
        "mean": 1.08554935455,
        "stdev": 1.34082853794
    },
    "barkbands_spread": {
        "mean": 24.4464950562,
        "stdev": 15.5437192917
    },
    "dissonance": {
        "mean": 0.458476871252,
        "stdev": 0.0336665846407
    },
    "dynamic_complexity": 4.41271495819,
    "erbbands_crest": {
        "mean": 10.3396024704,
        "stdev": 4.94015550613
    },
    "erbbands_flatness_db": {
        "mean": 0.16192497313,
        "stdev": 0.0452949292958
    },
    "erbbands_kurtosis": {
        "mean": 1.21182084084,
        "stdev": 3.02731156349
    },
    "erbbands_skewness": {
        "mean": 0.302714467049,
        "stdev": 0.954670250416
    },
    "erbbands_spread": {
        "mean": 35.4694786072,
        "stdev": 21.2169704437
    },
    "hfc": {
        "mean": 22.6235809326,
        "stdev": 22.3043823242
    },
    "loudness_ebu128": {
        "integrated": -10.249876976,
        "loudness_range": 6.116355896,
        "momentary": {
            "mean": -15.9866533279,
            "stdev": 31.6273860931
        },
        "short_term": {
            "mean": -12.6657123566,
            "stdev": 9.91364574432
        }
    },
    "melbands_crest": {
        "mean": 11.828253746,
        "stdev": 4.74117279053
    },
    "melbands_flatness_db": {
        "mean": 0.1887563169,
        "stdev": 0.0681368857622
    },
    "melbands_kurtosis": {
        "mean": 10.4267606735,
        "stdev": 18.5569763184
    },
    "melbands_skewness": {
        "mean": 2.03148579597,
        "stdev": 1.71157217026
    },
    "melbands_spread": {
        "mean": 30.8388729095,
        "stdev": 25.8433761597
    },
    "pitch_salience": {
        "mean": 0.570675730705,
        "stdev": 0.10172457248
    },
    "silence_rate_20dB": {
        "mean": 1,
        "stdev": 0
    },
    "silence_rate_30dB": {
        "mean": 1,
        "stdev": 0
    },
    "silence_rate_60dB": {
        "mean": 0.107071712613,
        "stdev": 0.309211522341
    },
    "spectral_centroid": {
        "mean": 1638.44799805,
        "stdev": 1282.77148438
    },
    "spectral_complexity": {
        "mean": 16.4843616486,
        "stdev": 9.39066982269
    },
    "spectral_decrease": {
        "mean": -5.50314682712e-09,
        "stdev": 4.38066605213e-09
    },
    "spectral_energy": {
        "mean": 0.022822137922,
        "stdev": 0.0178364478052
    },
    "spectral_energyband_high": {
        "mean": 0.000803493137937,
        "stdev": 0.00157721631695
    },
    "spectral_energyband_low": {
        "mean": 0.00650278059766,
        "stdev": 0.0103286523372
    },
    "spectral_energyband_middle_high": {
        "mean": 0.00823082402349,
        "stdev": 0.0112717328593
    },
    "spectral_energyband_middle_low": {
        "mean": 0.00802229810506,
        "stdev": 0.00709906313568
    },
    "spectral_entropy": {
        "mean": 7.51024246216,
        "stdev": 0.497005313635
    },
    "spectral_flux": {
        "mean": 0.0861539468169,
        "stdev": 0.0557907484472
    },
    "spectral_kurtosis": {
        "mean": 4.69143342972,
        "stdev": 3.48734402657
    },
    "spectral_rms": {
        "mean": 0.00427997345105,
        "stdev": 0.00198680441827
    },
    "spectral_rolloff": {
        "mean": 1964.31018066,
        "stdev": 2566.59643555
    },
    "spectral_skewness": {
        "mean": 1.57375395298,
        "stdev": 0.524067401886
    },
    "spectral_spread": {
        "mean": 5275640,
        "stdev": 4610919.5
    },
    "spectral_strongpeak": {
        "mean": 1.43684840202,
        "stdev": 2.07467341423
    },
    "zerocrossingrate": {
        "mean": 0.0746481865644,
        "stdev": 0.0649919956923
    },
    "barkbands": {
        "mean": [0.000482627074234, 0.00415878603235, 0.00142463797238, 0.000873061071616, 0.00164851022419, 0.00141243624967, 0.00123439379968, 0.00116574426647, 0.00112314114813, 0.00144178222399, 0.00105264864396, 0.00132233870681, 0.000918672361877, 0.00113641575444, 0.00074661540566, 0.000346962566255, 0.000578303181101, 0.000457233545603, 0.000331932620611, 0.000319186918205, 0.000150201347424, 5.55017140869e-05, 8.63261666382e-05, 0.000217416774831, 0.00010282175208, 3.30280017806e-05, 1.40626036682e-06],
        "stdev": [0.000937985896599, 0.00765450997278, 0.00230988347903, 0.00115384149831, 0.00183974567335, 0.00213486189023, 0.00293580256402, 0.00275076227263, 0.0030874479562, 0.00386363198049, 0.00390657782555, 0.00371263618581, 0.00323742302135, 0.00316566717811, 0.0021256392356, 0.000997535767965, 0.00142932927702, 0.000958078366239, 0.000499864807352, 0.000414471607655, 0.000286354363197, 9.79217220447e-05, 0.000253029138548, 0.000899040838704, 0.00043538751197, 6.7966459028e-05, 2.97760061585e-06]
    },
    "erbbands": {
        "mean": [0.135238155723, 0.860865235329, 1.68241453171, 2.61027097702, 3.77697920799, 5.6611199379, 8.47090816498, 11.5909452438, 17.9321022034, 20.2218742371, 26.7671604156, 26.3621788025, 40.7787284851, 42.8549194336, 45.3521881104, 60.7010765076, 43.9822006226, 62.8338012695, 40.8449478149, 32.3351097107, 23.9774913788, 28.2570838928, 23.6786079407, 22.9629707336, 15.1667051315, 16.6131134033, 9.22259902954, 3.74403476715, 2.04368805885, 1.76660561562, 2.74259281158, 3.79414367676, 3.8942527771, 1.74665284157, 0.431039810181, 0.163832977414, 0.0542671307921, 0.00939304567873, 0.000215190215386, 3.59095683962e-05],
        "stdev": [0.28905120492, 1.53762745857, 2.68070888519, 3.52688503265, 4.71794605255, 7.39796161652, 12.3900651932, 19.6591053009, 37.7270965576, 48.3126068115, 66.0837631226, 72.3984603882, 92.8450393677, 140.269210815, 146.041931152, 161.363388062, 139.727508545, 166.719055176, 124.894439697, 74.3449707031, 59.5257911682, 68.6963119507, 47.262260437, 41.4889831543, 19.5201759338, 22.3659324646, 15.0152311325, 7.28094863892, 3.72583675385, 3.02666378021, 8.49886226654, 14.8237819672, 17.5262546539, 8.0183057785, 1.54522192478, 0.410673797131, 0.103573486209, 0.0219828337431, 0.000434038491221, 3.08795752062e-05]
    },
    "gfcc": {
        "mean": [-31.1301765442, 87.0769271851, -113.22517395, 28.7642307281, -55.1053581238, 14.0167512894, -36.4647674561, 15.7198629379, -27.5517578125, 5.96168422699, -9.91943359375, -1.04679226875, -9.63199901581],
        "cov": [[27296.3847656, 145.893341064, -2004.69384766, 407.900390625, -831.587768555, 475.199768066, -579.351989746, 542.879577637, -647.952941895, 354.067993164, -241.581558228, 79.768119812, -348.476257324], [145.893341064, 1180.25793457, -110.931129456, 100.297943115, 141.690628052, -37.1811790466, 133.532516479, -106.686233521, 39.4267539978, -114.579803467, 59.7093582153, -86.119934082, 46.188873291], [-2004.69384766, -110.931129456, 1396.92700195, 157.445953369, -34.9618110657, 153.851486206, -62.4049568176, 34.4929199219, 105.258926392, -71.4488220215, -40.0527496338, 90.4498672485, -24.5346221924], [407.900390625, 100.297943115, 157.445953369, 381.239929199, 106.442337036, -68.3000335693, -53.9339370728, 41.1901779175, 67.2154693604, -24.2793693542, -50.0826225281, 36.532585144, 27.3749160767], [-831.587768555, 141.690628052, -34.9618110657, 106.442337036, 410.951080322, -13.276140213, 86.8406600952, 10.6712818146, 49.3964614868, -7.62236261368, -32.2020072937, -18.5107097626, 22.1119785309], [475.199768066, -37.1811790466, 153.851486206, -68.3000335693, -13.276140213, 339.336486816, 86.3655776978, -7.33146572113, -39.8302459717, 5.92082691193, 52.3810005188, -39.9551734924, -20.6508178711], [-579.351989746, 133.532516479, -62.4049568176, -53.9339370728, 86.8406600952, 86.3655776978, 285.630310059, -37.936000824, -32.7601127625, 25.7422885895, 30.5276603699, -29.8019123077, -6.76769351959], [542.879577637, -106.686233521, 34.4929199219, 41.1901779175, 10.6712818146, -7.33146572113, -37.936000824, 177.044082642, 45.3590087891, -7.11636400223, -28.1880512238, 9.1254119873, -12.4126691818], [-647.952941895, 39.4267539978, 105.258926392, 67.2154693604, 49.3964614868, -39.8302459717, -32.7601127625, 45.3590087891, 150.608230591, -12.2981910706, -5.01215267181, 0.607732653618, 12.2153863907], [354.067993164, -114.579803467, -71.4488220215, -24.2793693542, -7.62236261368, 5.92082691193, 25.7422885895, -7.11636400223, -12.2981910706, 124.608078003, 8.97628688812, 2.23495221138, -29.7871017456], [-241.581558228, 59.7093582153, -40.0527496338, -50.0826225281, -32.2020072937, 52.3810005188, 30.5276603699, -28.1880512238, -5.01215267181, 8.97628688812, 152.418014526, -9.44207954407, -14.51009655], [79.768119812, -86.119934082, 90.4498672485, 36.532585144, -18.5107097626, -39.9551734924, -29.8019123077, 9.1254119873, 0.607732653618, 2.23495221138, -9.44207954407, 100.274703979, 10.4187841415], [-348.476257324, 46.188873291, -24.5346221924, 27.3749160767, 22.1119785309, -20.6508178711, -6.76769351959, -12.4126691818, 12.2153863907, -29.7871017456, -14.51009655, 10.4187841415, 90.7630996704]],
        "icov": [[0.000122204990475, -0.0002155550319, 0.000269687821856, -0.000293894379865, 0.000258917192696, -0.000487129844259, 0.000375193776563, -0.000471367966384, 0.000481414259411, -0.000377943477361, 0.000367117056157, -0.000416878639953, 0.000447748432634], [-0.0002155550319, 0.00167666876223, -0.000394713773858, 4.34627436334e-05, -0.00058020465076, 0.00117472920101, -0.0012904353207, 0.00158762431238, -0.00118623243179, 0.0019331141375, -0.00119044655003, 0.00172658427618, -0.000865566136781], [0.000269687821856, -0.000394713773858, 0.0016528267879, -0.00101108639501, 0.000754995329771, -0.00189052405767, 0.000869003939442, -0.000698873016518, 0.000113366557343, -9.01822641026e-05, 0.00123802141752, -0.00202987901866, 0.00172926706728], [-0.000293894379865, 4.34627436334e-05, -0.00101108639501, 0.00435108039528, -0.00146823667455, 0.0014850681182, -0.000205230520805, 0.000516377855092, -0.0016706911847, 0.000520071946084, -0.000245753035415, -4.5245844376e-05, -0.00162379350513], [0.000258917192696, -0.00058020465076, 0.000754995329771, -0.00146823667455, 0.00370866130106, -0.00107327487785, -0.000377342454158, -0.00103705842048, 5.91627212998e-05, -0.000759349612053, 0.00146643014159, -0.000524703820702, 0.000656091899145], [-0.000487129844259, 0.00117472920101, -0.00189052405767, 0.0014850681182, -0.00107327487785, 0.00624654814601, -0.00258091161959, 0.00138450041413, -0.000539011787623, 0.00150676921476, -0.00290717929602, 0.00387151353061, -0.00208956957795], [0.000375193776563, -0.0012904353207, 0.000869003939442, -0.000205230520805, -0.000377342454158, -0.00258091161959, 0.00603417865932, -0.00121859100182, 0.00227840221487, -0.00250488705933, 0.000903411884792, -0.00132273614872, 0.00134956929833], [-0.000471367966384, 0.00158762431238, -0.000698873016518, 0.000516377855092, -0.00103705842048, 0.00138450041413, -0.00121859100182, 0.00899443775415, -0.00424917740747, 0.00272069429047, -0.000390688015614, 0.00128872087225, -1.12359612103e-06], [0.000481414259411, -0.00118623243179, 0.000113366557343, -0.0016706911847, 5.91627212998e-05, -0.000539011787623, 0.00227840221487, -0.00424917740747, 0.0111034754664, -0.00226277858019, 0.000181391762453, -5.97651596763e-05, 0.00023715707357], [-0.000377943477361, 0.0019331141375, -9.01822641026e-05, 0.000520071946084, -0.000759349612053, 0.00150676921476, -0.00250488705933, 0.00272069429047, -0.00226277858019, 0.0118174944073, -0.00142007460818, 0.000732958724257, 0.00196876213886], [0.000367117056157, -0.00119044655003, 0.00123802141752, -0.000245753035415, 0.00146643014159, -0.00290717929602, 0.000903411884792, -0.000390688015614, 0.000181391762453, -0.00142007460818, 0.00910809822381, -0.0023124567233, 0.00265040248632], [-0.000416878639953, 0.00172658427618, -0.00202987901866, -4.5245844376e-05, -0.000524703820702, 0.00387151353061, -0.00132273614872, 0.00128872087225, -5.97651596763e-05, 0.000732958724257, -0.0023124567233, 0.0147247454152, -0.00373933231458], [0.000447748432634, -0.000865566136781, 0.00172926706728, -0.00162379350513, 0.000656091899145, -0.00208956957795, 0.00134956929833, -1.12359612103e-06, 0.00023715707357, 0.00196876213886, 0.00265040248632, -0.00373933231458, 0.0150668248534]]
    },
    "melbands": {
        "mean": [0.00120312185027, 0.00100057234522, 0.000480918621179, 0.00033023947617, 0.000293765217066, 0.000273323792499, 0.000270888442174, 0.000221562950173, 0.000216637694393, 0.000163684147992, 0.000202490366064, 0.000171305757249, 0.000148412087583, 0.000154231180204, 0.00012753502233, 8.50448341225e-05, 0.000123779202113, 6.61387748551e-05, 4.71197054139e-05, 3.19121718348e-05, 2.94359797408e-05, 3.14824283123e-05, 2.36221767409e-05, 2.23647166422e-05, 1.83589963854e-05, 1.10584660433e-05, 1.01967707451e-05, 1.09962229544e-05, 6.4656151153e-06, 3.55469342139e-06, 1.73570083462e-06, 1.16965657071e-06, 9.68566382653e-07, 9.64566766015e-07, 1.41895588968e-06, 2.02706974051e-06, 2.42257215177e-06, 2.87179523184e-06, 2.2083404474e-06, 1.2416046502e-06],
        "stdev": [0.00232472131029, 0.00159483135212, 0.000582070148084, 0.000388616899727, 0.000393003516365, 0.000446134014055, 0.000580025778618, 0.000511226477101, 0.000542843539733, 0.000462270982098, 0.000477194291307, 0.000589537317865, 0.000529606011696, 0.000435033725807, 0.000378843891667, 0.000286076508928, 0.000352242903318, 0.000212290076888, 0.000117790375953, 7.90444319136e-05, 7.945051766e-05, 8.53640594869e-05, 6.23688902124e-05, 5.17460830451e-05, 3.55939664587e-05, 1.59025566973e-05, 1.31071146825e-05, 1.55247562361e-05, 1.11247563837e-05, 8.40954362502e-06, 4.35063839177e-06, 2.31231001635e-06, 1.73997159436e-06, 1.77620040631e-06, 4.06535764341e-06, 7.95352843852e-06, 1.0009584912e-05, 1.3283401131e-05, 1.02596513898e-05, 5.95931214775e-06]
    },
    "melbands128": {
        "mean": [0.000395112263504, 0.00110208813567, 0.00155118911061, 0.00139523961116, 0.000941109203268, 0.000681020668708, 0.000553736754227, 0.00038583992864, 0.000406180304708, 0.000297024322208, 0.000301803898765, 0.000322985491948, 0.000310263276333, 0.000237862404902, 0.00021130409732, 0.000345539068803, 0.000359429745004, 0.000237287153141, 0.000200727314223, 0.000243736329139, 0.000215347361518, 0.000215317297261, 0.000250195385888, 0.0001647038589, 0.000168515747646, 0.000144370467751, 0.00019151813467, 0.00025477676536, 0.000145725847688, 0.00020342998323, 0.000156234847964, 0.000153252418386, 0.000161378760822, 0.00014713035489, 9.84004145721e-05, 0.000185949131264, 0.000203814182896, 9.24573978409e-05, 0.000126970699057, 8.09052362456e-05, 6.36137847323e-05, 0.00010326593474, 0.000136150745675, 0.000147614540765, 4.90260208608e-05, 6.46381813567e-05, 6.69096843922e-05, 2.91617143375e-05, 5.18766646564e-05, 5.4601332522e-05, 2.04791831493e-05, 2.08220299101e-05, 2.44125694735e-05, 3.06078363792e-05, 4.79693735542e-05, 2.69706051768e-05, 2.09778536373e-05, 3.36852608598e-05, 2.0002018573e-05, 1.55998895934e-05, 2.2562844606e-05, 2.67510240519e-05, 2.54271508311e-05, 1.4623984498e-05, 9.51509719016e-06, 9.98528594209e-06, 1.47046039274e-05, 7.39897041058e-06, 7.56325789553e-06, 1.62506748893e-05, 1.14530939754e-05, 8.95701487025e-06, 7.31421278033e-06, 6.59349143461e-06, 3.99379632654e-06, 5.23161634192e-06, 2.28880003306e-06, 1.64358937127e-06, 1.90300522718e-06, 1.50876098814e-06, 1.29859779463e-06, 9.06823061086e-07, 1.06048855741e-06, 1.00813770132e-06, 8.580842632e-07, 9.12412190246e-07, 9.72702309809e-07, 1.14427234621e-06, 1.36696189657e-06, 1.68217763985e-06, 1.81683208211e-06, 2.18167065213e-06, 2.28775047617e-06, 2.34654862652e-06, 2.55450936493e-06, 2.68675785264e-06, 3.12581050821e-06, 2.92098798127e-06, 2.28477802011e-06, 1.80312542852e-06, 1.58047782861e-06, 1.17291176593e-06, 8.40845530092e-07, 5.71901011881e-07, 3.7493060745e-07, 3.1558775504e-07, 3.16637084552e-07, 3.26063059219e-07, 2.78893963923e-07, 2.63371219944e-07, 2.04582562446e-07, 1.60340363209e-07, 1.45520402839e-07, 1.92167561863e-07, 1.64655418189e-07, 9.67713589262e-08, 5.56858879008e-08, 7.72179387099e-09, 3.52469247365e-12, 3.30836616783e-12, 3.21159700396e-12, 3.13115484062e-12, 3.05871278826e-12, 3.00034845059e-12, 2.95240264528e-12, 2.91575400976e-12, 2.88918411764e-12, 2.87059286931e-12],
        "stdev": [0.000823110283818, 0.00257766945288, 0.00312416814268, 0.00248442101292, 0.00156679749489, 0.00110227311961, 0.000810787314549, 0.000512408092618, 0.000607533555012, 0.00046496532741, 0.000518915476277, 0.000485963129904, 0.000540531240404, 0.000528544478584, 0.000517564942129, 0.000681976496708, 0.000824779039249, 0.000831317796838, 0.000831911864225, 0.000731040199753, 0.000667842396069, 0.000668950669933, 0.000815562845673, 0.000670944806188, 0.0006769268075, 0.000634063559119, 0.000607413880061, 0.000746980309486, 0.000587332411669, 0.000931699119974, 0.000760335475206, 0.000843196467031, 0.000724462501239, 0.000786629796494, 0.000542596972082, 0.000677734380588, 0.000703858968336, 0.000442384916823, 0.000669423840009, 0.000432270404417, 0.000391633977415, 0.000462073250674, 0.000475666223792, 0.000548628624529, 0.000257099396549, 0.000325189961586, 0.000329351169057, 0.00012339654495, 0.000173338659806, 0.000175554334419, 8.89513175935e-05, 0.00010615845531, 0.000116789611639, 0.000110233289888, 0.000166468817042, 0.000122307406855, 8.65549372975e-05, 0.000144891935633, 5.73254765186e-05, 5.89645205764e-05, 7.22935001249e-05, 0.000101317134977, 6.35232645436e-05, 3.90268978663e-05, 2.38240936596e-05, 2.09395930142e-05, 2.59003663814e-05, 1.38597588375e-05, 1.31063652589e-05, 2.96295911539e-05, 2.12599024962e-05, 1.74822489498e-05, 1.5518247892e-05, 1.63702170539e-05, 1.10856908577e-05, 1.79808266694e-05, 5.63830053579e-06, 4.65151242679e-06, 7.6565602285e-06, 4.16473085352e-06, 3.3001454085e-06, 2.03157628675e-06, 2.71112548944e-06, 2.13558428186e-06, 1.53471637532e-06, 1.73455680397e-06, 2.15180011764e-06, 2.74805347544e-06, 4.06617527915e-06, 6.02814543527e-06, 7.44427507016e-06, 9.701547242e-06, 9.55147515924e-06, 9.99013354885e-06, 1.2086071365e-05, 1.27443790916e-05, 1.5757033907e-05, 1.48378649101e-05, 1.11338731585e-05, 9.06041532289e-06, 8.79788149177e-06, 6.08992741036e-06, 3.71629857909e-06, 2.46372655965e-06, 1.37380811793e-06, 9.56993972068e-07, 9.88468173091e-07, 1.12246152639e-06, 7.47255228362e-07, 5.98080362124e-07, 4.29479001696e-07, 3.19395525139e-07, 2.78854940916e-07, 4.98952374528e-07, 5.72062049287e-07, 2.38255552176e-07, 1.14964365139e-07, 2.54170533509e-08, 5.67093377465e-12, 5.45548372102e-12, 5.30772127638e-12, 5.1800013931e-12, 5.07021074431e-12, 4.97783324976e-12, 4.90001268727e-12, 4.83934550419e-12, 4.79490969499e-12, 4.76805053773e-12]
    },
    "mfcc": {
        "mean": [-666.313476562, 116.887451172, 1.68092119694, 19.1271839142, 5.94938135147, -2.81448841095, 8.12798309326, 0.742136538029, -3.52036428452, 6.67923212051, -3.37943959236, 2.74062228203, -0.869704067707],
        "cov": [[11731.7685547, 313.072967529, -875.444091797, 145.062026978, -79.5520858765, -119.17149353, 270.964599609, -19.7885875702, -30.809337616, 241.496109009, -8.54743099213, 111.261116028, -19.2677001953], [313.072967529, 1068.1015625, -35.9534988403, 116.662391663, 24.3385429382, 88.0867233276, 99.5501022339, 47.7378578186, -16.4517860413, 22.101978302, 20.481842041, -29.8878059387, -25.9980010986], [-875.444091797, -35.9534988403, 1194.0189209, -45.390750885, 137.609176636, 60.2592010498, -84.732711792, 115.478996277, -16.8838863373, -42.4842224121, -12.5880994797, 27.2988529205, 14.8009929657], [145.062026978, 116.662391663, -45.390750885, 490.179412842, 131.722473145, -30.5787220001, -101.223701477, 25.7956199646, 100.760215759, -57.9613189697, -13.4220848083, 5.48941802979, 34.0986824036], [-79.5520858765, 24.3385429382, 137.609176636, 131.722473145, 349.764648438, -17.5904712677, -69.8087921143, 62.9673347473, 62.8867149353, -4.16600608826, -14.5713262558, 25.9103240967, -19.8819999695], [-119.17149353, 88.0867233276, 60.2592010498, -30.5787220001, -17.5904712677, 255.374359131, 121.354370117, 5.45766878128, 4.0427904129, 17.5177230835, 35.4588088989, -30.1735534668, -13.2815504074], [270.964599609, 99.5501022339, -84.732711792, -101.223701477, -69.8087921143, 121.354370117, 260.945983887, 23.6331615448, -29.8843040466, 46.7524795532, 36.4426765442, -8.00342559814, -4.28290319443], [-19.7885875702, 47.7378578186, 115.478996277, 25.7956199646, 62.9673347473, 5.45766878128, 23.6331615448, 142.226409912, 35.9494857788, 6.03070163727, -0.800625443459, 16.0683555603, -4.49461603165], [-30.809337616, -16.4517860413, -16.8838863373, 100.760215759, 62.8867149353, 4.0427904129, -29.8843040466, 35.9494857788, 162.388534546, 7.84056854248, -3.04375576973, -17.9790554047, -10.1008453369], [241.496109009, 22.101978302, -42.4842224121, -57.9613189697, -4.16600608826, 17.5177230835, 46.7524795532, 6.03070163727, 7.84056854248, 122.89907074, 32.2176094055, -1.75999128819, -11.7757568359], [-8.54743099213, 20.481842041, -12.5880994797, -13.4220848083, -14.5713262558, 35.4588088989, 36.4426765442, -0.800625443459, -3.04375576973, 32.2176094055, 104.313301086, 19.2751541138, 2.87343096733], [111.261116028, -29.8878059387, 27.2988529205, 5.48941802979, 25.9103240967, -30.1735534668, -8.00342559814, 16.0683555603, -17.9790554047, -1.75999128819, 19.2751541138, 107.375831604, 26.9863586426], [-19.2677001953, -25.9980010986, 14.8009929657, 34.0986824036, -19.8819999695, -13.2815504074, -4.28290319443, -4.49461603165, -10.1008453369, -11.7757568359, 2.87343096733, 26.9863586426, 94.6017684937]],
        "icov": [[0.0001000613629, -1.49042962221e-05, 5.02176008013e-05, -8.0056823208e-05, 2.0565574232e-05, 7.22105469322e-05, -0.000121600874991, 2.02360060939e-05, 3.55946394848e-05, -0.000208083249163, 0.000118756543088, -0.000148052189616, 6.37248376734e-05], [-1.49042962221e-05, 0.00108649546746, 1.71760530066e-05, -0.000459749338916, -2.3176364266e-05, -0.000202325740247, -0.000334439333528, -0.000367822911358, 0.000491905608214, -0.000173845372046, -9.39242963796e-05, 0.000328622612869, 0.000332674913807], [5.02176008013e-05, 1.71760530066e-05, 0.00112398376223, 0.000306467962218, -0.000334543728968, -0.000600502942689, 0.000698899559211, -0.00102303351741, 0.000397101102863, 0.000216359461774, 5.08321245434e-05, -8.22052606964e-05, -0.000351713621058], [-8.0056823208e-05, -0.000459749338916, 0.000306467962218, 0.00328062823974, -0.000914856616873, -0.000209177349461, 0.00107446988113, -0.000197534740437, -0.00162293401081, 0.00155621720478, -0.000413338013459, 0.000206374214031, -0.00158135034144], [2.0565574232e-05, -2.3176364266e-05, -0.000334543728968, -0.000914856616873, 0.0039621652104, -0.000148648614413, 0.000689654843882, -0.00103495549411, -0.000652635644656, -0.000635545467958, 0.000574521487579, -0.00125343573745, 0.00136512028985], [7.22105469322e-05, -0.000202325740247, -0.000600502942689, -0.000209177349461, -0.000148648614413, 0.00592261599377, -0.00304020335898, 0.000948006054386, -0.000657832657453, 0.000323319487507, -0.0014082796406, 0.00139881845098, 0.000449868297437], [-0.000121600874991, -0.000334439333528, 0.000698899559211, 0.00107446988113, 0.000689654843882, -0.00304020335898, 0.00689175026491, -0.00222526746802, 0.000914871518034, -0.000953208014835, -0.000688142608851, 6.5164436819e-05, -0.000707566563506], [2.02360060939e-05, -0.000367822911358, -0.00102303351741, -0.000197534740437, -0.00103495549411, 0.000948006054386, -0.00222526746802, 0.00960216019303, -0.00229423469864, -0.000187843921594, 0.000575406069402, -0.00157315318938, 0.000568285642657], [3.55946394848e-05, 0.000491905608214, 0.000397101102863, -0.00162293401081, -0.000652635644656, -0.000657832657453, 0.000914871518034, -0.00229423469864, 0.00850278045982, -0.00137677637395, -0.000123582547531, 0.00173535908107, 0.000613386451732], [-0.000208083249163, -0.000173845372046, 0.000216359461774, 0.00155621720478, -0.000635545467958, 0.000323319487507, -0.000953208014835, -0.000187843921594, -0.00137677637395, 0.0106169795617, -0.00307288952172, 0.000665493367705, 0.000252871977864], [0.000118756543088, -9.39242963796e-05, 5.08321245434e-05, -0.000413338013459, 0.000574521487579, -0.0014082796406, -0.000688142608851, 0.000575406069402, -0.000123582547531, -0.00307288952172, 0.0118774874136, -0.00305995740928, 0.000175047418452], [-0.000148052189616, 0.000328622612869, -8.22052606964e-05, 0.000206374214031, -0.00125343573745, 0.00139881845098, 6.5164436819e-05, -0.00157315318938, 0.00173535908107, 0.000665493367705, -0.00305995740928, 0.0121720526367, -0.00325136585161], [6.37248376734e-05, 0.000332674913807, -0.000351713621058, -0.00158135034144, 0.00136512028985, 0.000449868297437, -0.000707566563506, 0.000568285642657, 0.000613386451732, 0.000252871977864, 0.000175047418452, -0.00325136585161, 0.0126642184332]]
    },
    "spectral_contrast_coeffs": {
        "mean": [-0.751590371132, -0.747573077679, -0.736727654934, -0.761528849602, -0.771167993546, -0.797480821609],
        "stdev": [0.0681753605604, 0.0795014575124, 0.0856126099825, 0.0765763521194, 0.0581883303821, 0.0412227585912]
    },
    "spectral_contrast_valleys": {
        "mean": [-7.03753328323, -7.21073436737, -7.94001197815, -8.33428096771, -8.10297012329, -10.5357379913],
        "stdev": [2.58190369606, 2.52039194107, 2.47427415848, 2.43058371544, 2.50151896477, 2.29015827179]
    }
},
"rhythm": {
    "beats_count": 445,
    "beats_loudness": {
        "mean": 0.0274085626006,
        "stdev": 0.0150546031073
    },
    "bpm": 114.875747681,
    "bpm_histogram_first_peak_bpm": 115,
    "bpm_histogram_first_peak_weight": 0.277136206627,
    "bpm_histogram_second_peak_bpm": 110,
    "bpm_histogram_second_peak_spread": 0,
    "bpm_histogram_second_peak_weight": 0.024774774909,
    "danceability": 1.06077528,
    "onset_rate": 3.68932271004,
    "beats_loudness_band_ratio": {
        "mean": [0.395943552256, 0.155695721507, 0.164459586143, 0.154510810971, 0.105074487627, 0.0695727840066],
        "stdev": [0.22288274765, 0.120514243841, 0.133235901594, 0.17354542017, 0.104704387486, 0.0521379597485]
    },
    "beats_position": [0.522448956966, 1.06811785698, 1.6137868166, 2.15945577621, 2.69351458549, 3.21596360207, 3.73841261864, 4.26086139679, 4.78331041336, 5.30575942993, 5.8282084465, 6.35065746307, 6.87310647964, 7.39555549622, 7.91800451279, 8.44045352936, 8.96290206909, 9.49696159363, 10.0078001022, 10.5302495956, 11.0526981354, 11.5751476288, 12.0975961685, 12.6200447083, 13.1308841705, 13.6533327103, 14.1757822037, 14.6982307434, 15.2090702057, 15.7431287766, 16.2539672852, 16.7880268097, 17.3104763031, 17.8329238892, 18.3553733826, 18.877822876, 19.4002723694, 19.9227199554, 20.4335594177, 20.9560089111, 21.4784584045, 22.0009059906, 22.523355484, 23.0574150085, 23.5798625946, 24.102312088, 24.6131515503, 25.1239910126, 25.6348285675, 26.1572780609, 26.6797275543, 27.2137870789, 27.747844696, 28.2702941895, 28.7927436829, 29.3151912689, 29.8376407623, 30.3600902557, 30.870929718, 31.3933773041, 31.9158267975, 32.4382743835, 32.9491157532, 33.4715652466, 33.99401474, 34.5280723572, 35.0505218506, 35.572971344, 36.0838088989, 36.6178665161, 37.1287078857, 37.6511573792, 38.1736030579, 38.6960525513, 39.2185020447, 39.7293434143, 40.2401809692, 40.7858505249, 41.3083000183, 41.8191375732, 42.3415870667, 42.8756446838, 43.3980941772, 43.9205436707, 44.4429931641, 44.9654426575, 45.4762802124, 45.9987297058, 46.5211791992, 47.0436286926, 47.5544662476, 48.0653038025, 48.5993652344, 49.1334228516, 49.655872345, 50.1783218384, 50.7007713318, 51.2232208252, 51.7456665039, 52.2681159973, 52.7905654907, 53.3130149841, 53.8238525391, 54.3463020325, 54.8571434021, 55.3795890808, 55.9136505127, 56.4361000061, 56.9585494995, 57.4926071167, 58.0150566101, 58.5375061035, 59.0599517822, 59.5824012756, 60.0932426453, 60.6273002625, 61.1381378174, 61.6605873108, 62.1714286804, 62.6938781738, 63.2163238525, 63.7503852844, 64.2728347778, 64.7952804565, 65.3177337646, 65.8401794434, 66.3626327515, 66.8850784302, 67.3959197998, 67.9183654785, 68.4408187866, 68.9632644653, 69.474105835, 70.0081634521, 70.5306091309, 71.053062439, 71.5755081177, 72.0979614258, 72.608795166, 73.1312484741, 73.6536941528, 74.1761474609, 74.6985931396, 75.2210388184, 75.731880188, 76.2543258667, 76.7883911133, 77.310836792, 77.8332901001, 78.3557357788, 78.8781814575, 79.4006347656, 79.9230804443, 80.4455337524, 80.9679794312, 81.4904327393, 82.012878418, 82.5353240967, 83.0461654663, 83.5686187744, 84.0794525146, 84.6135101318, 85.1359634399, 85.6584091187, 86.1692504883, 86.691696167, 87.2141494751, 87.7482070923, 88.270652771, 88.7931060791, 89.3039474487, 89.8263931274, 90.3488388062, 90.8712921143, 91.393737793, 91.9161911011, 92.4270248413, 92.9494781494, 93.4835357666, 94.0175933838, 94.5284347534, 95.0508804321, 95.5733337402, 96.0957794189, 96.6182327271, 97.1406784058, 97.6631240845, 98.1739654541, 98.6848068237, 99.2072525024, 99.7297058105, 100.263763428, 100.786209106, 101.308662415, 101.819496155, 102.341949463, 102.864395142, 103.398452759, 103.920906067, 104.443351746, 104.954193115, 105.488250732, 106.02230835, 106.556373596, 107.067207336, 107.578048706, 108.088890076, 108.611335754, 109.133781433, 109.656234741, 110.17868042, 110.712738037, 111.223579407, 111.746032715, 112.268478394, 112.790924072, 113.31337738, 113.847434998, 114.381492615, 114.892333984, 115.403175354, 115.925621033, 116.448066711, 116.97052002, 117.481361389, 118.003807068, 118.526252747, 119.048706055, 119.582763672, 120.10521698, 120.627662659, 121.150108337, 121.672561646, 122.183395386, 122.694236755, 123.216690063, 123.739135742, 124.261581421, 124.784034729, 125.306480408, 125.828933716, 126.351379395, 126.873832703, 127.396278381, 127.91872406, 128.42956543, 128.94039917, 129.474472046, 129.996917725, 130.519363403, 131.041809082, 131.564254761, 132.086715698, 132.609161377, 133.119995117, 133.654052734, 134.164901733, 134.698959351, 135.221405029, 135.743850708, 136.277908325, 136.788757324, 137.311203003, 137.833648682, 138.344482422, 138.878540039, 139.389389038, 139.911834717, 140.434280396, 140.956726074, 141.479187012, 142.00163269, 142.524078369, 143.046524048, 143.568969727, 144.091430664, 144.613876343, 145.136322021, 145.6587677, 146.181228638, 146.703674316, 147.226119995, 147.748565674, 148.271011353, 148.79347229, 149.315917969, 149.838363647, 150.360809326, 150.871658325, 151.394104004, 151.916549683, 152.438995361, 152.96144104, 153.483901978, 154.006347656, 154.528793335, 155.039627075, 155.562088013, 156.084533691, 156.60697937, 157.129425049, 157.651885986, 158.174331665, 158.696777344, 159.219223022, 159.741668701, 160.264129639, 160.798187256, 161.320632935, 161.843078613, 162.365524292, 162.887985229, 163.39881897, 163.90965271, 164.432098389, 164.954559326, 165.477005005, 165.999450684, 166.521896362, 167.0443573, 167.55519104, 168.077636719, 168.611694336, 169.134140015, 169.656600952, 170.179046631, 170.70149231, 171.223937988, 171.746398926, 172.268844604, 172.802902222, 173.3253479, 173.847793579, 174.358642578, 174.881088257, 175.403533936, 175.925979614, 176.448425293, 176.97088623, 177.493331909, 178.015777588, 178.538223267, 179.049072266, 179.571517944, 180.093963623, 180.616409302, 181.138870239, 181.661315918, 182.183761597, 182.706207275, 183.228652954, 183.751113892, 184.261947632, 184.772781372, 185.29524231, 185.817687988, 186.340133667, 186.874191284, 187.396636963, 187.919082642, 188.429931641, 188.963989258, 189.486434937, 190.008880615, 190.531341553, 191.053787231, 191.587844849, 192.098678589, 192.621124268, 193.143585205, 193.654418945, 194.188476562, 194.699310303, 195.22177124, 195.73260498, 196.255050659, 196.777496338, 197.311553955, 197.834014893, 198.356460571, 198.87890625, 199.401351929, 199.935409546, 200.457870483, 200.968704224, 201.479537964, 202.001998901, 202.52444458, 203.046890259, 203.580947876, 204.103393555, 204.625839233, 205.148300171, 205.67074585, 206.193191528, 206.715637207, 207.238098145, 207.748931885, 208.259765625, 208.782211304, 209.304672241, 209.82711792, 210.349563599, 210.872009277, 211.394470215, 211.916915894, 212.439361572, 212.961807251, 213.48425293, 214.006713867, 214.529159546, 215.051605225, 215.574050903, 216.096496582, 216.61895752, 217.141403198, 217.652236938, 218.174682617, 218.697143555, 219.219589233, 219.742034912, 220.264480591, 220.786941528, 221.309387207, 221.831832886, 222.354278564, 222.876724243, 223.399185181, 223.921630859, 224.444076538, 224.966522217, 225.488967896, 226.011428833, 226.533874512, 227.05632019, 227.578765869, 228.112823486, 228.658493042, 229.192550659, 229.738220215, 230.283889771, 230.829559326, 231.375228882, 231.920898438, 232.466567993],
    "bpm_histogram": [0, 0, 0, 0, 0, 0, 0, 0, 0, 0, 0, 0, 0, 0, 0, 0, 0, 0, 0, 0, 0, 0, 0, 0, 0, 0, 0, 0, 0, 0, 0, 0, 0, 0, 0, 0, 0, 0, 0, 0, 0, 0, 0, 0, 0, 0, 0, 0, 0, 0, 0, 0, 0, 0, 0, 0, 0, 0, 0, 0, 0, 0, 0, 0, 0, 0, 0, 0, 0, 0, 0, 0, 0, 0, 0, 0, 0, 0, 0, 0, 0, 0, 0, 0, 0, 0, 0, 0, 0, 0, 0, 0, 0, 0, 0, 0, 0, 0, 0, 0, 0, 0, 0, 0, 0, 0, 0, 0, 0, 0, 0.024774774909, 0, 0.108108110726, 0, 0, 0.704954981804, 0, 0.162162154913, 0, 0, 0, 0, 0, 0, 0, 0, 0, 0, 0, 0, 0, 0, 0, 0, 0, 0, 0, 0, 0, 0, 0, 0, 0, 0, 0, 0, 0, 0, 0, 0, 0, 0, 0, 0, 0, 0, 0, 0, 0, 0, 0, 0, 0, 0, 0, 0, 0, 0, 0, 0, 0, 0, 0, 0, 0, 0, 0, 0, 0, 0, 0, 0, 0, 0, 0, 0, 0, 0, 0, 0, 0, 0, 0, 0, 0, 0, 0, 0, 0, 0, 0, 0, 0, 0, 0, 0, 0, 0, 0, 0, 0, 0, 0, 0, 0, 0, 0, 0, 0, 0, 0, 0, 0, 0, 0, 0, 0, 0, 0, 0, 0, 0, 0, 0, 0, 0, 0, 0, 0, 0, 0, 0, 0, 0, 0, 0, 0, 0, 0, 0]
},
"tonal": {
    "chords_changes_rate": 0.0474009178579,
    "chords_number_rate": 0.00159330805764,
    "chords_strength": {
        "mean": 0.553129076958,
        "stdev": 0.178852319717
    },
    "hpcp_crest": {
        "mean": 12.7991342545,
        "stdev": 6.44101572037
    },
    "hpcp_entropy": {
        "mean": 2.04849123955,
        "stdev": 0.729200780392
    },
    "key_edma": {
        "strength": 0.85909807682,
        "key": "G",
        "scale": "major"
    },
    "key_krumhansl": {
        "strength": 0.871323347092,
        "key": "G",
        "scale": "major"
    },
    "key_temperley": {
        "strength": 0.881398260593,
        "key": "G",
        "scale": "major"
    },
    "tuning_diatonic_strength": 0.739721894264,
    "tuning_equal_tempered_deviation": 0.281061261892,
    "tuning_frequency": 434.193115234,
    "tuning_nontempered_energy_ratio": 0.962048470974,
    "hpcp": {
        "mean": [0.145975753665, 0.166036620736, 0.0996222496033, 0.0603578984737, 0.0580489635468, 0.0783124566078, 0.181253612041, 0.228921949863, 0.159045010805, 0.166996613145, 0.174135386944, 0.119130499661, 0.0890797451138, 0.0831576138735, 0.104565538466, 0.250301361084, 0.335573405027, 0.197497934103, 0.0846598595381, 0.0640834420919, 0.0781555399299, 0.154768958688, 0.187315702438, 0.138993680477, 0.122979737818, 0.105130106211, 0.0762501507998, 0.111285299063, 0.141687214375, 0.142821773887, 0.320503383875, 0.390163004398, 0.200612366199, 0.0955816805363, 0.0781340152025, 0.0840560048819],
        "stdev": [0.237950205803, 0.257208615541, 0.187732636929, 0.156650349498, 0.15046967566, 0.168282493949, 0.248241767287, 0.296396493912, 0.229197412729, 0.260940074921, 0.273802131414, 0.214360624552, 0.184462919831, 0.172435253859, 0.187945023179, 0.273889869452, 0.329334288836, 0.24002584815, 0.174995243549, 0.154177963734, 0.165119886398, 0.238300949335, 0.278824329376, 0.215066030622, 0.206297844648, 0.205441385508, 0.159593358636, 0.189013779163, 0.226093798876, 0.216676056385, 0.320934027433, 0.37471267581, 0.249744713306, 0.1928524822, 0.172518536448, 0.177608266473]
    },
    "chords_histogram": [63.5530776978, 6.53256320953, 3.9633538723, 0.159330815077, 0.995817542076, 0, 0, 0, 0.238996222615, 0, 0, 0, 0, 0.0398327037692, 0, 0.577574193478, 0, 1.27464652061, 0, 2.03146791458, 3.00736904144, 0.179247155786, 10.7946624756, 6.6520614624],
    "thpcp": [1, 0.514175772667, 0.244978845119, 0.200259923935, 0.215438172221, 0.374140441418, 0.425557047129, 0.255334943533, 0.154699191451, 0.148781314492, 0.200717285275, 0.464558690786, 0.586734116077, 0.407637357712, 0.428017556667, 0.446314454079, 0.305335193872, 0.228314176202, 0.213135570288, 0.268004745245, 0.64153021574, 0.860085129738, 0.506193399429, 0.216985866427, 0.164247870445, 0.200315102935, 0.396677702665, 0.480096012354, 0.356245160103, 0.315200924873, 0.269451767206, 0.195431530476, 0.285227715969, 0.363148778677, 0.366056680679, 0.821460187435],
    "chords_key": "G",
    "chords_scale": "major"
}
}