{
"metadata": {
    "version": {
        "essentia": "2.1-dev",
        "essentia_git_sha": "v2.1_beta3-415-gd5473f3",
        "extractor": "music 2.0"
    },
    "audio_properties": {
        "analysis": {
            "equal_loudness": 0,
            "length": 244.427749634,
            "sample_rate": 44100,
            "start_time": 0,
            "downmix": "mix"
        },
        "bit_rate": 192000,
        "length": 244.427749634,
        "lossless": 0,
        "number_channels": 2,
        "replay_gain": -12.3635482788,
        "sample_rate": 44100,
        "codec": "mp3",
        "md5_encoded": "f3b8d9db566263d9a85ee640f2381fda"
    },
    "tags": {
        "file_name": "anastasia-i_m_outta_love.mp3",
        "album": ["Woman II"],
        "artist": ["Woman II -By Stuff-"],
        "genre": ["Other"],
        "title": ["Anastasia-I´m Outta Love"]
    }
},
"lowlevel": {
    "average_loudness": 0.840414166451,
    "barkbands_crest": {
        "mean": 10.7292470932,
        "stdev": 4.73481988907
    },
    "barkbands_flatness_db": {
        "mean": 0.152656838298,
        "stdev": 0.0827450230718
    },
    "barkbands_kurtosis": {
        "mean": 4.25872612,
        "stdev": 13.3541116714
    },
    "barkbands_skewness": {
        "mean": 1.1642780304,
        "stdev": 1.47848522663
    },
    "barkbands_spread": {
        "mean": 24.173582077,
        "stdev": 16.0674610138
    },
    "dissonance": {
        "mean": 0.451892644167,
        "stdev": 0.0498250648379
    },
    "dynamic_complexity": 5.21215391159,
    "erbbands_crest": {
        "mean": 10.6993608475,
        "stdev": 5.58269357681
    },
    "erbbands_flatness_db": {
        "mean": 0.174423500896,
        "stdev": 0.0660052001476
    },
    "erbbands_kurtosis": {
        "mean": 2.16037940979,
        "stdev": 6.79896020889
    },
    "erbbands_skewness": {
        "mean": 0.204160630703,
        "stdev": 1.19025230408
    },
    "erbbands_spread": {
        "mean": 33.2891769409,
        "stdev": 20.6903095245
    },
    "hfc": {
        "mean": 18.5691452026,
        "stdev": 18.7243556976
    },
    "loudness_ebu128": {
        "integrated": -11.4885196686,
        "loudness_range": 7.79114341736,
        "momentary": {
            "mean": -16.8579425812,
            "stdev": 25.9360980988
        },
        "short_term": {
            "mean": -14.2861623764,
            "stdev": 8.57185840607
        }
    },
    "melbands_crest": {
        "mean": 14.6954145432,
        "stdev": 5.76276922226
    },
    "melbands_flatness_db": {
        "mean": 0.221068754792,
        "stdev": 0.106032550335
    },
    "melbands_kurtosis": {
        "mean": 12.0208702087,
        "stdev": 25.9355602264
    },
    "melbands_skewness": {
        "mean": 2.21291780472,
        "stdev": 1.94326090813
    },
    "melbands_spread": {
        "mean": 28.9554405212,
        "stdev": 23.3618030548
    },
    "pitch_salience": {
        "mean": 0.51481372118,
        "stdev": 0.127663388848
    },
    "silence_rate_20dB": {
        "mean": 1,
        "stdev": 0
    },
    "silence_rate_30dB": {
        "mean": 0.999715030193,
        "stdev": 0.0168760977685
    },
    "silence_rate_60dB": {
        "mean": 0.157674774528,
        "stdev": 0.364411234856
    },
    "spectral_centroid": {
        "mean": 1651.83581543,
        "stdev": 1195.24511719
    },
    "spectral_complexity": {
        "mean": 15.8583774567,
        "stdev": 11.8547992706
    },
    "spectral_decrease": {
        "mean": -5.26888754848e-09,
        "stdev": 5.32509636386e-09
    },
    "spectral_energy": {
        "mean": 0.0215702056885,
        "stdev": 0.0211530402303
    },
    "spectral_energyband_high": {
        "mean": 0.000632422161289,
        "stdev": 0.000848384981509
    },
    "spectral_energyband_low": {
        "mean": 0.00897143501788,
        "stdev": 0.0162917897105
    },
    "spectral_energyband_middle_high": {
        "mean": 0.00657157180831,
        "stdev": 0.00905869528651
    },
    "spectral_energyband_middle_low": {
        "mean": 0.00576919363812,
        "stdev": 0.0068219806999
    },
    "spectral_entropy": {
        "mean": 7.32962846756,
        "stdev": 0.769240736961
    },
    "spectral_flux": {
        "mean": 0.0790426284075,
        "stdev": 0.057706322521
    },
    "spectral_kurtosis": {
        "mean": 8.4815568924,
        "stdev": 14.8123378754
    },
    "spectral_rms": {
        "mean": 0.00401294138283,
        "stdev": 0.00222270912491
    },
    "spectral_rolloff": {
        "mean": 1784.34899902,
        "stdev": 2242.54077148
    },
    "spectral_skewness": {
        "mean": 1.88814687729,
        "stdev": 1.21695673466
    },
    "spectral_spread": {
        "mean": 4641292.5,
        "stdev": 3878281.25
    },
    "spectral_strongpeak": {
        "mean": 1.18676161766,
        "stdev": 1.89597868919
    },
    "zerocrossingrate": {
        "mean": 0.0645352602005,
        "stdev": 0.0575473085046
    },
    "barkbands": {
        "mean": [0.000726431200746, 0.00597801012918, 0.00198356620967, 0.000791234197095, 0.00166054593865, 0.000982672558166, 0.000553495483473, 0.000639623263851, 0.00101299816743, 0.000948950415477, 0.000939830380958, 0.000680897850543, 0.000718873168807, 0.000456187000964, 0.000605835986789, 0.000594819546677, 0.000450220773928, 0.000457561895018, 0.000534046674147, 0.00039390969323, 0.000149152634549, 8.85037516127e-05, 5.08100565639e-05, 7.4670992035e-05, 6.87873180141e-05, 2.72950710496e-05, 1.3097160263e-06],
        "stdev": [0.00158783001825, 0.0123875122517, 0.00521283736452, 0.00218633166514, 0.00306708086282, 0.00160483154468, 0.00136851507705, 0.00162890634965, 0.00323238223791, 0.0039730980061, 0.00373686756939, 0.00221679126844, 0.00219653081149, 0.00128442700952, 0.00160099938512, 0.00178971060086, 0.00123444839846, 0.000957867363468, 0.000944461848121, 0.000616602657828, 0.000242370413616, 0.00014463881962, 0.000114606074931, 0.000149338738993, 0.000163984659594, 5.7012814068e-05, 2.85724308924e-06]
    },
    "erbbands": {
        "mean": [0.1718596071, 1.32265555859, 2.57352852821, 2.44292378426, 3.34693169594, 5.97770595551, 9.03665924072, 7.63465499878, 7.44771766663, 10.0805072784, 16.6626205444, 24.201084137, 19.9327087402, 47.3806114197, 26.9483604431, 25.7581691742, 31.9913005829, 23.5732250214, 28.1141281128, 32.8458061218, 33.0061378479, 25.4585838318, 25.5247783661, 28.6370372772, 24.3070411682, 17.3873901367, 8.61381435394, 5.08269691467, 3.66219997406, 1.79960334301, 1.46229660511, 1.40993225574, 1.28260886669, 0.778062701225, 0.489449083805, 0.169548988342, 0.040534902364, 0.00664942478761, 0.000164078883245, 3.17372978316e-05],
        "stdev": [0.361734777689, 2.93304634094, 6.18836641312, 6.22065973282, 9.56440162659, 10.7287597656, 14.7243947983, 13.5071048737, 19.9380493164, 22.6425571442, 42.2039413452, 80.6581420898, 68.1239089966, 179.500015259, 73.6154022217, 80.575012207, 91.5430297852, 63.2343673706, 68.7929534912, 78.9541778564, 91.2016525269, 64.8798065186, 55.4717826843, 54.5428619385, 40.0259895325, 26.1873378754, 13.0867404938, 8.54901027679, 5.84444046021, 3.63992190361, 3.35573482513, 3.11107134819, 2.57931447029, 2.00082230568, 1.12955033779, 0.372368514538, 0.0857798233628, 0.0143989976496, 0.000320848368574, 3.01601394312e-05]
    },
    "gfcc": {
        "mean": [-63.7240524292, 91.888130188, -111.337799072, 31.7778186798, -48.8748474121, 11.4339008331, -35.0197906494, 15.3925037384, -30.347700119, 7.72695493698, -11.7662801743, 1.2422554493, -3.1112883091],
        "cov": [[32748.7890625, -2644.91162109, -3578.90600586, 998.830505371, -495.501281738, 628.468139648, -507.203369141, 1243.9473877, -873.11340332, 540.889587402, -591.386962891, 183.81854248, -527.164978027], [-2644.91162109, 2231.22265625, 524.156188965, -343.840393066, 140.840621948, -142.31854248, 170.624343872, -383.317169189, 124.055130005, -169.585128784, 158.19984436, -132.143600464, 188.316268921], [-3578.90600586, 524.156188965, 1448.56896973, 152.41494751, 21.1292991638, 17.9496822357, 117.454376221, -122.708389282, 165.31652832, -62.644947052, 51.092666626, 28.5499706268, 14.8789396286], [998.830505371, -343.840393066, 152.41494751, 665.46081543, 76.8095016479, 16.8089027405, 35.6667060852, 125.376602173, 54.5420875549, 54.938873291, -61.2067260742, 56.6135177612, -40.0881118774], [-495.501281738, 140.840621948, 21.1292991638, 76.8095016479, 384.99822998, 82.4770736694, 70.9693145752, -42.1987190247, 59.5473251343, 21.3855667114, 9.49125003815, 24.4867515564, 0.239005163312], [628.468139648, -142.31854248, 17.9496822357, 16.8089027405, 82.4770736694, 287.628601074, 77.8556900024, -11.8853740692, -24.8340034485, 35.4561347961, 6.14865541458, 22.4150333405, -47.0969696045], [-507.203369141, 170.624343872, 117.454376221, 35.6667060852, 70.9693145752, 77.8556900024, 297.846130371, 23.6987533569, 14.649348259, 6.58602523804, 29.9561786652, 11.2454471588, -3.87769985199], [1243.9473877, -383.317169189, -122.708389282, 125.376602173, -42.1987190247, -11.8853740692, 23.6987533569, 308.030914307, 2.07419013977, 45.6627502441, -19.0412693024, 19.2196960449, -8.45749473572], [-873.11340332, 124.055130005, 165.31652832, 54.5420875549, 59.5473251343, -24.8340034485, 14.649348259, 2.07419013977, 208.964584351, 33.1046791077, -3.68281269073, 11.3357915878, 26.3781166077], [540.889587402, -169.585128784, -62.644947052, 54.938873291, 21.3855667114, 35.4561347961, 6.58602523804, 45.6627502441, 33.1046791077, 148.478820801, 18.3243503571, 13.723736763, -26.5679321289], [-591.386962891, 158.19984436, 51.092666626, -61.2067260742, 9.49125003815, 6.14865541458, 29.9561786652, -19.0412693024, -3.68281269073, 18.3243503571, 157.488296509, 11.8462324142, 12.6316432953], [183.81854248, -132.143600464, 28.5499706268, 56.6135177612, 24.4867515564, 22.4150333405, 11.2454471588, 19.2196960449, 11.3357915878, 13.723736763, 11.8462324142, 131.69039917, 7.52054834366], [-527.164978027, 188.316268921, 14.8789396286, -40.0881118774, 0.239005163312, -47.0969696045, -3.87769985199, -8.45749473572, 26.3781166077, -26.5679321289, 12.6316432953, 7.52054834366, 130.860931396]],
        "icov": [[9.88157480606e-05, -0.000189384576515, 0.000217606444494, -0.00017156895774, 0.00017157541879, -0.000315954588586, 0.000253179925494, -0.000395196169848, 0.000326692388626, -0.00029458120116, 0.000368564767996, -0.000292121228995, 0.000316794612445], [-0.000189384576515, 0.00142032839358, -0.000604254833888, 0.000569730123971, -0.000652176036965, 0.0011041040998, -0.00114385201596, 0.00170273263939, -0.00102060742211, 0.00118280458264, -0.00145078031346, 0.00154414435383, -0.0015917456476], [0.000217606444494, -0.000604254833888, 0.00143503514118, -0.000731905049179, 0.000689997454174, -0.000908621528652, 0.00035789332469, -0.000595026707742, -4.80872877233e-05, -0.000115000861115, 0.000529411772732, -0.000911960145459, 0.000990321277641], [-0.00017156895774, 0.000569730123971, -0.000731905049179, 0.002341135405, -0.000814417144284, 0.000851220916957, -0.000628105830401, 0.000109245003841, -0.000696353323292, 0.000102718768176, 6.72115565976e-05, 6.58688586554e-05, -0.000263385474682], [0.00017157541879, -0.000652176036965, 0.000689997454174, -0.000814417144284, 0.00361275603063, -0.00152837531641, 6.46410408081e-05, -0.000243650370976, -0.000355629686965, -0.000642606988549, 0.000652663351502, -0.0010744248284, 0.000671230605803], [-0.000315954588586, 0.0011041040998, -0.000908621528652, 0.000851220916957, -0.00152837531641, 0.00569360796362, -0.00208934722468, 0.00196138536558, -0.000302965665469, 0.000180143164471, -0.00123104953673, 0.000716994749382, -0.000205550939427], [0.000253179925494, -0.00114385201596, 0.00035789332469, -0.000628105830401, 6.46410408081e-05, -0.00208934722468, 0.00504459952936, -0.00223051290959, 0.00107294355985, -0.000876233330928, 0.000702159653883, -0.00120846857317, 0.00129362812731], [-0.000395196169848, 0.00170273263939, -0.000595026707742, 0.000109245003841, -0.000243650370976, 0.00196138536558, -0.00223051290959, 0.00649899756536, -0.00179588689934, 0.000835601065774, -0.00189364852849, 0.00166271568742, -0.0022620644886], [0.000326692388626, -0.00102060742211, -4.80872877233e-05, -0.000696353323292, -0.000355629686965, -0.000302965665469, 0.00107294355985, -0.00179588689934, 0.00762492092326, -0.00333677534945, 0.00227823923342, -0.00139744754415, 3.02247826767e-05], [-0.00029458120116, 0.00118280458264, -0.000115000861115, 0.000102718768176, -0.000642606988549, 0.000180143164471, -0.000876233330928, 0.000835601065774, -0.00333677534945, 0.00997907202691, -0.00325911887921, 0.00114975019824, 0.000196882334421], [0.000368564767996, -0.00145078031346, 0.000529411772732, 6.72115565976e-05, 0.000652663351502, -0.00123104953673, 0.000702159653883, -0.00189364852849, 0.00227823923342, -0.00325911887921, 0.00922659691423, -0.00255986908451, 0.00112264719792], [-0.000292121228995, 0.00154414435383, -0.000911960145459, 6.58688586554e-05, -0.0010744248284, 0.000716994749382, -0.00120846857317, 0.00166271568742, -0.00139744754415, 0.00114975019824, -0.00255986908451, 0.0100467223674, -0.00275854370557], [0.000316794612445, -0.0015917456476, 0.000990321277641, -0.000263385474682, 0.000671230605803, -0.000205550939427, 0.00129362812731, -0.0022620644886, 3.02247826767e-05, 0.000196882334421, 0.00112264719792, -0.00275854370557, 0.0109161920846]]
    },
    "melbands": {
        "mean": [0.0016620651586, 0.00154008762911, 0.000457704794826, 0.000326924928231, 0.000317482976243, 0.000172505344381, 0.000112800727948, 0.0001186460795, 0.000146716964082, 0.00014796530013, 9.89090476651e-05, 0.000193061408936, 9.96224625851e-05, 7.49579485273e-05, 6.87987121637e-05, 7.20167445252e-05, 3.99067248509e-05, 4.33822424384e-05, 5.03786286572e-05, 4.11201144743e-05, 3.71428868675e-05, 2.61306668108e-05, 2.42574369622e-05, 2.09166028071e-05, 2.36989526456e-05, 1.92787701963e-05, 1.59099254233e-05, 1.0571610801e-05, 6.19622869635e-06, 3.31938827003e-06, 2.81919233203e-06, 2.25971007239e-06, 1.30060402626e-06, 8.84804023826e-07, 8.40014649839e-07, 7.87255089563e-07, 8.90104388418e-07, 9.33634964895e-07, 7.54448137741e-07, 6.3291065544e-07],
        "stdev": [0.00329960347153, 0.00338404322974, 0.00111986731645, 0.000740486138966, 0.000481735100038, 0.000293494784273, 0.000282774359221, 0.000276053062407, 0.000411815883126, 0.000519086665008, 0.000372833077563, 0.000733695109375, 0.000317581201671, 0.00026026397245, 0.000245781993726, 0.000243834307184, 0.000116584422358, 0.000120384160255, 0.000144990190165, 0.000132449509692, 0.000111568479042, 7.63875141274e-05, 7.6364762208e-05, 4.31532280345e-05, 4.91597747896e-05, 3.57871103915e-05, 2.87540478894e-05, 1.65527198988e-05, 9.74208523985e-06, 5.64535366721e-06, 5.0380385801e-06, 3.61575939678e-06, 2.57298847828e-06, 1.94009749066e-06, 1.9666301796e-06, 1.97197391572e-06, 2.06683284887e-06, 1.97188410311e-06, 1.60136016802e-06, 1.91804610949e-06]
    },
    "melbands128": {
        "mean": [0.000600724772085, 0.00131504889578, 0.00216768612154, 0.00222818157636, 0.00156872882508, 0.000860270461999, 0.000478444533655, 0.000387807347579, 0.000311463838443, 0.000320299935993, 0.000336900615366, 0.000349082809407, 0.000330347160343, 0.000262890040176, 0.000190770282643, 0.000106298044557, 0.000105269253254, 0.000121682554891, 0.000115730006655, 9.50198373175e-05, 0.000141755852383, 0.000130238870042, 0.000135776848765, 0.000194536245544, 0.00015899410937, 0.000162967844517, 4.47610000265e-05, 7.57774687372e-05, 0.00015265334514, 0.000172620682861, 0.000243483591476, 0.000179087219294, 4.770299347e-05, 7.87101889728e-05, 0.000101182471553, 6.21493381914e-05, 5.08938683197e-05, 8.9955086878e-05, 5.95328456257e-05, 6.49932626402e-05, 0.000104718434159, 3.79286429961e-05, 3.14897151839e-05, 4.18647396145e-05, 5.36403313163e-05, 4.05351784138e-05, 3.36513512593e-05, 6.50322981528e-05, 5.02977272845e-05, 3.32711133524e-05, 4.31083499279e-05, 4.51039704785e-05, 4.05216887884e-05, 3.54425210389e-05, 2.5722763894e-05, 2.63472938968e-05, 2.38009361055e-05, 2.468576713e-05, 2.35890674958e-05, 2.61597979261e-05, 1.88359827007e-05, 1.65829351317e-05, 2.68356925517e-05, 2.35298994085e-05, 2.43907161348e-05, 1.93607193069e-05, 1.6004059944e-05, 1.681480353e-05, 1.70620332938e-05, 1.30490079755e-05, 9.32708280743e-06, 1.11583713078e-05, 8.0933496065e-06, 5.02879811393e-06, 4.16092188971e-06, 3.44591376233e-06, 2.93250332106e-06, 2.72710644822e-06, 3.18368415719e-06, 2.42441524279e-06, 2.29055353884e-06, 2.37927383751e-06, 1.65112510331e-06, 1.24330347262e-06, 9.07339085643e-07, 9.4122634664e-07, 8.34415743611e-07, 8.38880055198e-07, 8.64350795382e-07, 8.33806495848e-07, 7.81481730883e-07, 7.31893976536e-07, 8.61692342369e-07, 8.91686511295e-07, 9.32302839374e-07, 9.01189480373e-07, 9.74188083092e-07, 9.05841773147e-07, 8.11543429791e-07, 6.29086798654e-07, 6.15041358287e-07, 6.36481047422e-07, 6.66981634367e-07, 5.68032703541e-07, 5.67617973957e-07, 5.6488829614e-07, 4.70285783649e-07, 3.60255114629e-07, 2.53986513599e-07, 2.25071048021e-07, 1.61273931099e-07, 1.31367997369e-07, 1.23506850969e-07, 1.00206314357e-07, 9.20592029274e-08, 7.13015282372e-08, 5.10369062567e-08, 5.98357807746e-09, 3.07622070178e-12, 2.89508781531e-12, 2.81305599474e-12, 2.74478963863e-12, 2.6824200413e-12, 2.6320573325e-12, 2.59040228504e-12, 2.56055658447e-12, 2.53812444152e-12, 2.52083965681e-12],
        "stdev": [0.00133816909511, 0.00302015175112, 0.00481746578589, 0.00525549752638, 0.00381635827944, 0.00231632404029, 0.00133771891706, 0.00111713178921, 0.00104724720586, 0.000951649912167, 0.000760537339374, 0.000658779230434, 0.000630601367448, 0.000568731746171, 0.000423652702011, 0.000273582176305, 0.000449479644885, 0.000363578787073, 0.000324576569255, 0.000313363503665, 0.000452352513094, 0.00045114159002, 0.000528380798642, 0.0008600835572, 0.000663521350361, 0.000832693767734, 0.000274278369034, 0.000433216366218, 0.000795377534814, 0.00100707961246, 0.00115756818559, 0.000903105945326, 0.000219603462028, 0.000354169023922, 0.000480217218865, 0.000314916251227, 0.000311633193633, 0.000419813295593, 0.000309420051053, 0.000261595327174, 0.000470832252176, 0.000203673174838, 0.000156176713062, 0.000166404061019, 0.000194991051103, 0.000167001548107, 0.000143311510328, 0.000271388911642, 0.000173654785613, 0.000147167622345, 0.000211392078199, 0.000206587399589, 0.000200208436581, 0.000140628471854, 0.000104891390947, 0.000128431449411, 7.53441418055e-05, 0.000144840552821, 9.46766886045e-05, 8.44092428451e-05, 6.01494684815e-05, 4.99929592479e-05, 8.62057277118e-05, 6.86330531607e-05, 7.23577031749e-05, 5.09800920554e-05, 4.02183068218e-05, 4.39831710537e-05, 4.11887776863e-05, 2.91921442113e-05, 1.88303547475e-05, 2.04352545552e-05, 1.53330747708e-05, 1.00280158222e-05, 8.43048655952e-06, 6.50843367112e-06, 6.37237417322e-06, 6.16318493485e-06, 6.77644675307e-06, 4.424198778e-06, 4.32830529462e-06, 4.20350215791e-06, 3.44635395777e-06, 3.06869765154e-06, 2.05270475817e-06, 2.30271552937e-06, 2.02168462238e-06, 2.02349337997e-06, 2.08905066756e-06, 2.29455804401e-06, 2.26642077905e-06, 2.08778510569e-06, 2.09292466025e-06, 2.27066061598e-06, 2.4436512831e-06, 2.34048206949e-06, 2.14156580114e-06, 1.98237057702e-06, 1.85993019386e-06, 1.57809040502e-06, 1.98197926693e-06, 2.35183097175e-06, 2.12757868212e-06, 1.38227699154e-06, 1.38429606977e-06, 1.49239053826e-06, 1.33489015752e-06, 9.19579861147e-07, 6.06547246207e-07, 5.05060086198e-07, 3.57075549573e-07, 2.96127154797e-07, 2.93482742109e-07, 2.45698799972e-07, 2.16257717511e-07, 1.7722933876e-07, 1.1037100478e-07, 1.44510172717e-08, 5.37685651211e-12, 5.14278246724e-12, 4.99365392786e-12, 4.86837003003e-12, 4.761218763e-12, 4.67166409723e-12, 4.59678389103e-12, 4.53940964679e-12, 4.49715178291e-12, 4.47041752574e-12]
    },
    "mfcc": {
        "mean": [-697.945068359, 118.548622131, -0.709294974804, 26.6494102478, 8.07678699493, -0.499175697565, 11.4122257233, -1.25376951694, 1.32676303387, 1.36510396004, -3.25163888931, -0.704372763634, -0.245683297515],
        "cov": [[18221.3300781, -1033.16772461, -2323.63647461, 449.445037842, -228.811157227, -270.220336914, 381.036315918, 217.559539795, 303.802520752, 289.827392578, 117.97278595, 89.7216110229, 16.7635593414], [-1033.16772461, 1845.13122559, 247.090957642, -138.694778442, -10.2040643692, 78.7536773682, 86.0331344604, -68.7546691895, -72.6318130493, -43.4870071411, -41.76953125, -53.3048820496, -66.6023330688], [-2323.63647461, 247.090957642, 1157.26879883, 123.915481567, 74.2312545776, 114.795028687, -57.8981132507, 50.1339302063, -25.144569397, -2.02221608162, -14.2959604263, 7.34629011154, 30.8472270966], [449.445037842, -138.694778442, 123.915481567, 539.247375488, 86.2098312378, 12.1377906799, 12.964756012, 77.0439376831, 104.068466187, 18.5290107727, 37.4642181396, 41.2160377502, 71.3044967651], [-228.811157227, -10.2040643692, 74.2312545776, 86.2098312378, 291.873138428, 82.6378173828, -38.7399406433, 9.9588394165, 15.5658273697, 5.75679111481, -10.9792718887, 37.114566803, 12.6457624435], [-270.220336914, 78.7536773682, 114.795028687, 12.1377906799, 82.6378173828, 389.878967285, 43.6744346619, 45.1329154968, -19.9081516266, 26.6936302185, 43.1501350403, -24.3642520905, 11.3586807251], [381.036315918, 86.0331344604, -57.8981132507, 12.964756012, -38.7399406433, 43.6744346619, 263.562316895, 52.1927490234, -19.2144927979, 26.2390956879, 33.9318733215, 2.20228672028, -12.2731866837], [217.559539795, -68.7546691895, 50.1339302063, 77.0439376831, 9.9588394165, 45.1329154968, 52.1927490234, 190.338027954, 41.8357543945, 14.7764558792, 15.1837415695, 4.51371192932, 32.4117736816], [303.802520752, -72.6318130493, -25.144569397, 104.068466187, 15.5658273697, -19.9081516266, -19.2144927979, 41.8357543945, 189.115600586, 43.3933258057, 3.51207613945, 1.54594635963, 24.491361618], [289.827392578, -43.4870071411, -2.02221608162, 18.5290107727, 5.75679111481, 26.6936302185, 26.2390956879, 14.7764558792, 43.3933258057, 135.173156738, 46.5724754333, 6.26906251907, 4.24041891098], [117.97278595, -41.76953125, -14.2959604263, 37.4642181396, -10.9792718887, 43.1501350403, 33.9318733215, 15.1837415695, 3.51207613945, 46.5724754333, 146.486541748, 24.3533439636, 16.1880130768], [89.7216110229, -53.3048820496, 7.34629011154, 41.2160377502, 37.114566803, -24.3642520905, 2.20228672028, 4.51371192932, 1.54594635963, 6.26906251907, 24.3533439636, 120.509307861, 28.2991142273], [16.7635593414, -66.6023330688, 30.8472270966, 71.3044967651, 12.6457624435, 11.3586807251, -12.2731866837, 32.4117736816, 24.491361618, 4.24041891098, 16.1880130768, 28.2991142273, 122.643096924]],
        "icov": [[8.64425019245e-05, 1.25269361888e-05, 0.000177735564648, -0.000101974575955, 5.77919417992e-05, 1.1379877833e-05, -5.13443119416e-05, -8.50975120557e-05, -1.14048661999e-05, -0.000164662589668, 5.74648147449e-05, -5.68969990127e-05, 3.34238793585e-05], [1.25269361888e-05, 0.00062071881257, -0.000141853204696, 0.000116000228445, -1.80270872079e-05, -8.83329557837e-05, -0.000323158223182, 0.000264262198471, -2.6501582397e-05, 0.000169043516507, 9.92865097942e-05, 0.000151127955178, 0.000162943484611], [0.000177735564648, -0.000141853204696, 0.00137030542828, -0.000494886946399, 8.33241865621e-05, -0.000224593750318, 0.000297385180602, -0.000498768640682, 0.000341594248312, -0.000511530437507, 0.000323541113175, -0.000203081945074, -3.08530579787e-05], [-0.000101974575955, 0.000116000228445, -0.000494886946399, 0.00262729683891, -0.000724286772311, 0.000174579094164, -0.000317522091791, -0.000265703944024, -0.00121393171139, 0.000626282941084, -0.000657771714032, -0.00014244815975, -0.000888687907718], [5.77919417992e-05, -1.80270872079e-05, 8.33241865621e-05, -0.000724286772311, 0.00433476082981, -0.00116030953359, 0.000749744998757, -2.46040417551e-05, -5.53865938855e-05, -0.000387663341826, 0.000994246336631, -0.00166519184131, 0.000401951052481], [1.1379877833e-05, -8.83329557837e-05, -0.000224593750318, 0.000174579094164, -0.00116030953359, 0.00327675859444, -0.000461895164335, -0.000603735388722, 0.00049496704014, -0.000367077678675, -0.00104597047903, 0.00127722905017, -0.000407847634051], [-5.13443119416e-05, -0.000323158223182, 0.000297385180602, -0.000317522091791, 0.000749744998757, -0.000461895164335, 0.00478896033019, -0.00148539373185, 0.000974104332272, -0.000803532195278, -0.000486495438963, -0.000424569036113, 0.000774041342083], [-8.50975120557e-05, 0.000264262198471, -0.000498768640682, -0.000265703944024, -2.46040417551e-05, -0.000603735388722, -0.00148539373185, 0.00669896602631, -0.00131699582562, 0.00043007635395, -2.19231369556e-05, 0.000251669669524, -0.00123255536892], [-1.14048661999e-05, -2.6501582397e-05, 0.000341594248312, -0.00121393171139, -5.53865938855e-05, 0.00049496704014, 0.000974104332272, -0.00131699582562, 0.00707526039332, -0.00247063860297, 0.000687602325343, 0.000564472516999, -0.000536057574209], [-0.000164662589668, 0.000169043516507, -0.000511530437507, 0.000626282941084, -0.000387663341826, -0.000367077678675, -0.000803532195278, 0.00043007635395, -0.00247063860297, 0.00967989582568, -0.00287424703129, 0.00010296387336, 0.000273060344625], [5.74648147449e-05, 9.92865097942e-05, 0.000323541113175, -0.000657771714032, 0.000994246336631, -0.00104597047903, -0.000486495438963, -2.19231369556e-05, 0.000687602325343, -0.00287424703129, 0.0087583065033, -0.00181913399138, -0.000475634646136], [-5.68969990127e-05, 0.000151127955178, -0.000203081945074, -0.00014244815975, -0.00166519184131, 0.00127722905017, -0.000424569036113, 0.000251669669524, 0.000564472516999, 0.00010296387336, -0.00181913399138, 0.010069930926, -0.00203158752993], [3.34238793585e-05, 0.000162943484611, -3.08530579787e-05, -0.000888687907718, 0.000401951052481, -0.000407847634051, 0.000774041342083, -0.00123255536892, -0.000536057574209, 0.000273060344625, -0.000475634646136, -0.00203158752993, 0.00979078933597]]
    },
    "spectral_contrast_coeffs": {
        "mean": [-0.734286904335, -0.75630903244, -0.744735181332, -0.761405944824, -0.771100282669, -0.785643517971],
        "stdev": [0.0852087214589, 0.0825026929379, 0.0885129496455, 0.080460101366, 0.0746563524008, 0.0488088391721]
    },
    "spectral_contrast_valleys": {
        "mean": [-7.25930261612, -7.56990146637, -8.29204082489, -8.58340454102, -8.40346622467, -10.9823474884],
        "stdev": [2.2898042202, 2.27716898918, 2.32937502861, 2.3810031414, 2.48238706589, 2.29189968109]
    }
},
"rhythm": {
    "beats_count": 484,
    "beats_loudness": {
        "mean": 0.042732115835,
        "stdev": 0.0270196571946
    },
    "bpm": 119.4480896,
    "bpm_histogram_first_peak_bpm": 120,
    "bpm_histogram_first_peak_weight": 0.372548997402,
    "bpm_histogram_second_peak_bpm": 115,
    "bpm_histogram_second_peak_spread": 0.300000011921,
    "bpm_histogram_second_peak_weight": 0.0289855077863,
    "danceability": 1.2551856041,
    "onset_rate": 3.48131203651,
    "beats_loudness_band_ratio": {
        "mean": [0.620093226433, 0.089461453259, 0.0672041773796, 0.101972557604, 0.0769998952746, 0.0506053827703],
        "stdev": [0.252251446247, 0.130402877927, 0.100458264351, 0.138025924563, 0.0870563536882, 0.0478884391487]
    },
    "beats_position": [0.53405892849, 1.07972788811, 1.63700675964, 2.19428563118, 2.72834467888, 3.27401351929, 3.79646253586, 4.33052158356, 4.85297060013, 5.3754196167, 5.89786815643, 6.40870714188, 6.93115615845, 7.45360517502, 7.97605419159, 8.48689365387, 9.0093421936, 9.52018165588, 10.0310201645, 10.5418596268, 11.0643081665, 11.5867567062, 12.0975961685, 12.6316547394, 13.1541042328, 13.6765527725, 14.1990022659, 14.6982307434, 15.2322902679, 15.7663488388, 16.3004074097, 16.7996368408, 17.3104763031, 17.8329238892, 18.3437633514, 18.8546028137, 19.365442276, 19.8646717072, 20.363899231, 20.8747386932, 21.3739681244, 21.8731975555, 22.3840351105, 22.8716545105, 23.3824939728, 23.8817234039, 24.3809528351, 24.89179039, 25.4026298523, 25.9018592834, 26.4010887146, 26.8887062073, 27.3995456696, 27.8987751007, 28.3980045319, 28.9088420868, 29.4080715179, 29.9073009491, 30.4181404114, 30.9057598114, 31.4165973663, 31.9158267975, 32.4150543213, 32.9258956909, 33.4251251221, 33.9243545532, 34.4351921082, 34.9228096008, 35.4336509705, 35.9444885254, 36.4437179565, 36.9429473877, 37.4421768188, 37.94140625, 38.4522438049, 38.9514732361, 39.4507026672, 39.9615402222, 40.4607696533, 40.9599990845, 41.4708366394, 41.9584579468, 42.4692955017, 42.9569168091, 43.467754364, 43.9785919189, 44.4778213501, 44.9770507812, 45.4762802124, 45.9755096436, 46.4863471985, 46.9739685059, 47.4848060608, 47.9956436157, 48.4948730469, 48.994102478, 49.4933319092, 49.9925613403, 50.5033988953, 51.0026283264, 51.5018577576, 52.0126991272, 52.5119247437, 53.0111541748, 53.510383606, 54.0096130371, 54.5204544067, 55.0196800232, 55.5189094543, 56.029750824, 56.5289802551, 57.0282058716, 57.5274353027, 58.0266647339, 58.525894165, 59.0251235962, 59.5359611511, 60.0351905823, 60.5344200134, 61.0452613831, 61.5444869995, 62.0437164307, 62.5545578003, 63.0537872314, 63.5530128479, 64.0522460938, 64.5514755249, 65.0623092651, 65.5615386963, 66.0607681274, 66.5716094971, 67.0708389282, 67.5700683594, 68.0809020996, 68.5801315308, 69.0793609619, 69.5785903931, 70.0778198242, 70.5886611938, 71.087890625, 71.5871200562, 72.0979614258, 72.5971832275, 73.0964126587, 73.5956420898, 74.094871521, 74.6057128906, 75.1049423218, 75.6041717529, 76.1034011841, 76.6026306152, 77.1134643555, 77.6126937866, 78.1119232178, 78.6111526489, 79.1103820801, 79.6212234497, 80.1204528809, 80.619682312, 81.1305236816, 81.6297454834, 82.1289749146, 82.6398162842, 83.1390457153, 83.6382751465, 84.1491165161, 84.6483459473, 85.1475753784, 85.6468048096, 86.1460266113, 86.656867981, 87.1560974121, 87.6553268433, 88.1545562744, 88.6537857056, 89.1646270752, 89.6638565063, 90.1630859375, 90.6739196777, 91.1731491089, 91.67237854, 92.1716079712, 92.6708374023, 93.181678772, 93.6925125122, 94.1801376343, 94.6793670654, 95.1785888672, 95.6778182983, 96.1770477295, 96.6878890991, 97.1987304688, 97.6979598999, 98.1971893311, 98.7080230713, 99.2072525024, 99.7064819336, 100.217323303, 100.716552734, 101.215782166, 101.726615906, 102.214241028, 102.725074768, 103.21269989, 103.72353363, 104.234375, 104.733604431, 105.232833862, 105.732063293, 106.231292725, 106.742126465, 107.241355896, 107.740585327, 108.251426697, 108.750656128, 109.249885559, 109.74911499, 110.248344421, 110.759178162, 111.246803284, 111.757637024, 112.256866455, 112.756095886, 113.266937256, 113.766166687, 114.265396118, 114.776237488, 115.27545929, 115.774688721, 116.273918152, 116.773147583, 117.283988953, 117.783218384, 118.282447815, 118.793289185, 119.280906677, 119.791740417, 120.302581787, 120.801811218, 121.301040649, 121.800270081, 122.299499512, 122.798728943, 123.297958374, 123.808792114, 124.319633484, 124.818862915, 125.318092346, 125.817321777, 126.316551208, 126.827392578, 127.315010071, 127.82585144, 128.336685181, 128.835922241, 129.335144043, 129.834381104, 130.345214844, 130.844436646, 131.343673706, 131.842895508, 132.342132568, 132.84135437, 133.340591431, 133.839813232, 134.350662231, 134.861495972, 135.360717773, 135.859954834, 136.370788574, 136.870025635, 137.369247437, 137.880081177, 138.367706299, 138.878540039, 139.3777771, 139.876998901, 140.376235962, 140.875457764, 141.386306763, 141.885528564, 142.384765625, 142.895599365, 143.383224487, 143.894058228, 144.393280029, 144.904129028, 145.40335083, 145.914199829, 146.413421631, 146.912643433, 147.411880493, 147.911102295, 148.421951294, 148.921173096, 149.420410156, 149.919631958, 150.418869019, 150.929702759, 151.428924561, 151.928161621, 152.427383423, 152.938232422, 153.437454224, 153.936691284, 154.435913086, 154.946762085, 155.445983887, 155.945205688, 156.456054688, 156.955276489, 157.45451355, 157.953735352, 158.464584351, 158.975418091, 159.474639893, 159.985488892, 160.496322632, 160.995559692, 161.494781494, 162.005615234, 162.504852295, 163.004074097, 163.503311157, 164.002532959, 164.513381958, 165.01260376, 165.51184082, 165.999450684, 166.498687744, 166.997909546, 167.497146606, 167.996368408, 168.49559021, 168.994827271, 169.505661011, 170.01651001, 170.52734375, 171.026565552, 171.525802612, 172.025024414, 172.524261475, 173.011871338, 173.522720337, 174.021942139, 174.521179199, 175.032012939, 175.53125, 176.030471802, 176.541305542, 177.040542603, 177.539764404, 178.050613403, 178.538223267, 179.049072266, 179.548294067, 180.047531128, 180.558364868, 181.05758667, 181.55682373, 182.056045532, 182.555282593, 183.066116333, 183.553741455, 184.064575195, 184.575408936, 185.074645996, 185.573867798, 186.073104858, 186.57232666, 187.083175659, 187.582397461, 188.081634521, 188.580856323, 189.080093384, 189.590927124, 190.101760864, 190.589385986, 191.100219727, 191.599456787, 192.098678589, 192.609527588, 193.10874939, 193.607971191, 194.107208252, 194.606430054, 195.117279053, 195.616500854, 196.115737915, 196.614959717, 197.114196777, 197.625030518, 198.124252319, 198.62348938, 199.13432312, 199.633560181, 200.132781982, 200.632019043, 201.142852783, 201.642089844, 202.141311646, 202.640533447, 203.151382446, 203.650604248, 204.149841309, 204.660675049, 205.159912109, 205.659133911, 206.158370972, 206.657592773, 207.168426514, 207.667663574, 208.166885376, 208.666122437, 209.165344238, 209.676193237, 210.175415039, 210.6746521, 211.18548584, 211.684707642, 212.183944702, 212.683166504, 213.182403564, 213.693237305, 214.180862427, 214.680084229, 215.179321289, 215.690155029, 216.20098877, 216.711837769, 217.21105957, 217.710296631, 218.197906494, 218.708755493, 219.219589233, 219.718811035, 220.218048096, 220.728881836, 221.228118896, 221.727340698, 222.226577759, 222.725799561, 223.236633301, 223.724258423, 224.235092163, 224.745941162, 225.245162964, 225.744400024, 226.243621826, 226.742858887, 227.253692627, 227.752914429, 228.252151489, 228.762985229, 229.26222229, 229.761444092, 230.260681152, 230.759902954, 231.259140015, 231.758361816, 232.269195557, 232.780044556, 233.279266357, 233.778503418, 234.289337158, 234.788574219, 235.287796021, 235.787017822, 236.286254883, 236.797088623, 237.296325684, 237.795547485, 238.294784546, 238.794006348, 239.304855347, 239.804077148, 240.30329895, 240.814147949, 241.313369751, 241.812606812, 242.323440552, 242.834274292, 243.345123291, 243.855957031],
    "bpm_histogram": [0, 0, 0, 0, 0, 0, 0, 0, 0, 0, 0, 0, 0, 0, 0, 0, 0, 0, 0, 0, 0, 0, 0, 0, 0, 0, 0, 0, 0, 0, 0, 0, 0, 0, 0, 0, 0, 0, 0, 0, 0, 0, 0, 0, 0, 0, 0, 0, 0, 0, 0, 0, 0, 0, 0, 0, 0, 0, 0, 0, 0, 0, 0, 0, 0, 0, 0, 0, 0, 0, 0, 0, 0, 0, 0, 0, 0, 0, 0, 0, 0, 0, 0, 0, 0, 0, 0, 0, 0, 0, 0, 0, 0, 0, 0, 0, 0, 0, 0, 0, 0, 0, 0, 0, 0, 0, 0, 0, 0.00414078682661, 0, 0.00414078682661, 0, 0.0124223604798, 0, 0, 0.0289855077863, 0, 0.306418210268, 0, 0, 0.596273303032, 0, 0, 0.047619048506, 0, 0, 0, 0, 0, 0, 0, 0, 0, 0, 0, 0, 0, 0, 0, 0, 0, 0, 0, 0, 0, 0, 0, 0, 0, 0, 0, 0, 0, 0, 0, 0, 0, 0, 0, 0, 0, 0, 0, 0, 0, 0, 0, 0, 0, 0, 0, 0, 0, 0, 0, 0, 0, 0, 0, 0, 0, 0, 0, 0, 0, 0, 0, 0, 0, 0, 0, 0, 0, 0, 0, 0, 0, 0, 0, 0, 0, 0, 0, 0, 0, 0, 0, 0, 0, 0, 0, 0, 0, 0, 0, 0, 0, 0, 0, 0, 0, 0, 0, 0, 0, 0, 0, 0, 0, 0, 0, 0, 0, 0, 0, 0, 0, 0, 0, 0, 0, 0, 0, 0, 0, 0, 0, 0, 0, 0]
},
"tonal": {
    "chords_changes_rate": 0.0638176649809,
    "chords_number_rate": 0.00227920222096,
    "chords_strength": {
        "mean": 0.502776622772,
        "stdev": 0.161637246609
    },
    "hpcp_crest": {
        "mean": 13.4977207184,
        "stdev": 6.86684083939
    },
    "hpcp_entropy": {
        "mean": 1.97284901142,
        "stdev": 0.79613173008
    },
    "key_edma": {
        "strength": 0.678570628166,
        "key": "A#",
        "scale": "minor"
    },
    "key_krumhansl": {
        "strength": 0.686998128891,
        "key": "A#",
        "scale": "minor"
    },
    "key_temperley": {
        "strength": 0.684070169926,
        "key": "A#",
        "scale": "minor"
    },
    "tuning_diatonic_strength": 0.503552734852,
    "tuning_equal_tempered_deviation": 0.0268692597747,
    "tuning_frequency": 441.527557373,
    "tuning_nontempered_energy_ratio": 0.71607786417,
    "hpcp": {
        "mean": [0.121295250952, 0.109681777656, 0.171725317836, 0.258877813816, 0.199639305472, 0.108574472368, 0.0885822549462, 0.0798159092665, 0.127543777227, 0.172673240304, 0.135942399502, 0.141736477613, 0.177870556712, 0.120521262288, 0.0737116038799, 0.0722204521298, 0.0668434500694, 0.143544360995, 0.209424987435, 0.141021728516, 0.0795499235392, 0.0780249759555, 0.0829197019339, 0.181824326515, 0.2471254915, 0.145042270422, 0.078411065042, 0.0816809237003, 0.0673574507236, 0.0807556957006, 0.100482426584, 0.0904354378581, 0.126485809684, 0.180280208588, 0.148948848248, 0.117148928344],
        "stdev": [0.236240282655, 0.22195187211, 0.259461432695, 0.333716124296, 0.279485970736, 0.223169803619, 0.203821003437, 0.188776299357, 0.216252267361, 0.261727720499, 0.225204259157, 0.232392325997, 0.294991493225, 0.215757071972, 0.171130642295, 0.172317445278, 0.166601359844, 0.233472913504, 0.311025291681, 0.229381561279, 0.183420926332, 0.187733471394, 0.184110060334, 0.258760660887, 0.324663609266, 0.212761133909, 0.172174006701, 0.19456705451, 0.156777054071, 0.168776482344, 0.206601962447, 0.179791331291, 0.212412729859, 0.286946713924, 0.247199967504, 0.217428416014]
    },
    "chords_histogram": [36.8091163635, 3.28585004807, 4.99525165558, 19.2592601776, 2.52611589432, 8.05318164825, 0.303893625736, 3.70370364189, 0.645774006844, 8.56600189209, 1.67141497135, 0.0759734064341, 0, 0.398860394955, 0.037986703217, 0.113960117102, 0, 0.626780629158, 0.873694181442, 0, 2.24121546745, 0.379867047071, 1.72839510441, 3.70370364189],
    "thpcp": [1, 0.771171927452, 0.419404327869, 0.342177867889, 0.308314979076, 0.492679446936, 0.667006731033, 0.525121867657, 0.547503352165, 0.68708306551, 0.465552687645, 0.284735113382, 0.278975039721, 0.258204638958, 0.55448693037, 0.808972299099, 0.544742405415, 0.30728751421, 0.301396906376, 0.320304393768, 0.702355742455, 0.954602837563, 0.560273110867, 0.302888303995, 0.315519213676, 0.26019012928, 0.311945229769, 0.388146162033, 0.349336385727, 0.488592684269, 0.696391105652, 0.575363516808, 0.452525943518, 0.468542486429, 0.423681646585, 0.663345038891],
    "chords_key": "A#",
    "chords_scale": "minor"
}
}