{
"metadata": {
    "version": {
        "essentia": "2.1-dev",
        "essentia_git_sha": "v2.1_beta3-415-gd5473f3",
        "extractor": "music 2.0"
    },
    "audio_properties": {
        "analysis": {
            "equal_loudness": 0,
            "length": 326.45223999,
            "sample_rate": 44100,
            "start_time": 0,
            "downmix": "mix"
        },
        "bit_rate": 192000,
        "length": 326.45223999,
        "lossless": 0,
        "number_channels": 2,
        "replay_gain": -7.38283538818,
        "sample_rate": 44100,
        "codec": "mp3",
        "md5_encoded": "d08b8ef66f7be90b35a26147ffc8325a"
    },
    "tags": {
        "file_name": "angelitos_negros-otro_dia_mas_sin_verte..mp3",
        "album": ["caribe 3"],
        "artist": ["Various Artists"],
        "genre": ["Other"],
        "title": ["ANGELITOS NEGROS 'OTRO DIA MAS SIN VERTE'"]
    }
},
"lowlevel": {
    "average_loudness": 0.872600734234,
    "barkbands_crest": {
        "mean": 11.4804954529,
        "stdev": 5.70881175995
    },
    "barkbands_flatness_db": {
        "mean": 0.112819693983,
        "stdev": 0.0588347353041
    },
    "barkbands_kurtosis": {
        "mean": 6.56007623672,
        "stdev": 24.4161643982
    },
    "barkbands_skewness": {
        "mean": 1.54383504391,
        "stdev": 2.02095389366
    },
    "barkbands_spread": {
        "mean": 29.7419567108,
        "stdev": 16.9836483002
    },
    "dissonance": {
        "mean": 0.471289128065,
        "stdev": 0.0263904668391
    },
    "dynamic_complexity": 4.44870376587,
    "erbbands_crest": {
        "mean": 8.904255867,
        "stdev": 5.11442375183
    },
    "erbbands_flatness_db": {
        "mean": 0.129527017474,
        "stdev": 0.0474618561566
    },
    "erbbands_kurtosis": {
        "mean": 1.16142916679,
        "stdev": 3.37673044205
    },
    "erbbands_skewness": {
        "mean": 0.0990338549018,
        "stdev": 0.824133634567
    },
    "erbbands_spread": {
        "mean": 40.0671272278,
        "stdev": 23.892665863
    },
    "hfc": {
        "mean": 25.4101085663,
        "stdev": 24.2805042267
    },
    "loudness_ebu128": {
        "integrated": -15.9669351578,
        "loudness_range": 4.53291893005,
        "momentary": {
            "mean": -18.3746414185,
            "stdev": 14.773308754
        },
        "short_term": {
            "mean": -17.4113922119,
            "stdev": 6.76545381546
        }
    },
    "melbands_crest": {
        "mean": 16.8794555664,
        "stdev": 7.5599937439
    },
    "melbands_flatness_db": {
        "mean": 0.183927878737,
        "stdev": 0.0807740613818
    },
    "melbands_kurtosis": {
        "mean": 26.6381835938,
        "stdev": 86.8182830811
    },
    "melbands_skewness": {
        "mean": 3.08092188835,
        "stdev": 3.3207449913
    },
    "melbands_spread": {
        "mean": 32.382900238,
        "stdev": 26.5676136017
    },
    "pitch_salience": {
        "mean": 0.48950946331,
        "stdev": 0.147345200181
    },
    "silence_rate_20dB": {
        "mean": 1,
        "stdev": 0
    },
    "silence_rate_30dB": {
        "mean": 0.99473720789,
        "stdev": 0.0723568797112
    },
    "silence_rate_60dB": {
        "mean": 0.105469025671,
        "stdev": 0.307148396969
    },
    "spectral_centroid": {
        "mean": 1755.7598877,
        "stdev": 862.086914062
    },
    "spectral_complexity": {
        "mean": 17.6766223907,
        "stdev": 10.9038982391
    },
    "spectral_decrease": {
        "mean": -7.37540073459e-09,
        "stdev": 7.2029653353e-09
    },
    "spectral_energy": {
        "mean": 0.0301412642002,
        "stdev": 0.028183080256
    },
    "spectral_energyband_high": {
        "mean": 0.00111842644401,
        "stdev": 0.00179733464029
    },
    "spectral_energyband_low": {
        "mean": 0.0158287622035,
        "stdev": 0.022234192118
    },
    "spectral_energyband_middle_high": {
        "mean": 0.00741689885035,
        "stdev": 0.00997027382255
    },
    "spectral_energyband_middle_low": {
        "mean": 0.00704262172803,
        "stdev": 0.0113272015005
    },
    "spectral_entropy": {
        "mean": 7.83303117752,
        "stdev": 0.393210291862
    },
    "spectral_flux": {
        "mean": 0.0964316725731,
        "stdev": 0.0633268430829
    },
    "spectral_kurtosis": {
        "mean": 3.83173346519,
        "stdev": 1.97705209255
    },
    "spectral_rms": {
        "mean": 0.00480089150369,
        "stdev": 0.00252142571844
    },
    "spectral_rolloff": {
        "mean": 2097.59472656,
        "stdev": 2383.65551758
    },
    "spectral_skewness": {
        "mean": 1.58178591728,
        "stdev": 0.368607759476
    },
    "spectral_spread": {
        "mean": 6029863,
        "stdev": 2694388.75
    },
    "spectral_strongpeak": {
        "mean": 1.10373139381,
        "stdev": 1.78771901131
    },
    "zerocrossingrate": {
        "mean": 0.0865718051791,
        "stdev": 0.0568866878748
    },
    "barkbands": {
        "mean": [0.000891526113264, 0.0112827764824, 0.00251268688589, 0.00214169500396, 0.00163863587659, 0.000373456685338, 0.000227935583098, 0.000550017924979, 0.00181096687447, 0.000964790524449, 0.000745488330722, 0.00137985940091, 0.000954332354013, 0.000902425439563, 0.000633024144918, 0.000456212932477, 0.000482788833324, 0.000565282069147, 0.000382060272386, 0.000192863109987, 0.000143333061715, 0.000189835409401, 0.000179098977242, 0.000193738349481, 0.000165190067491, 0.000158892711625, 2.23702045332e-05],
        "stdev": [0.00139651342761, 0.0176137704402, 0.00647342624143, 0.00766245741397, 0.00233289808966, 0.000578980019782, 0.000560859625693, 0.00232440978289, 0.00481221172959, 0.00344739947468, 0.00251482985914, 0.00386926811188, 0.002659072401, 0.00282859592699, 0.00169320439454, 0.00117225060239, 0.000894651282579, 0.000941649079323, 0.000691939378157, 0.00036854823702, 0.000270880642347, 0.000289863557555, 0.000366186199244, 0.000471545092296, 0.000386021682061, 0.000216170097701, 2.9721935789e-05]
    },
    "erbbands": {
        "mean": [0.477246522903, 1.93146419525, 2.69201207161, 5.84686517715, 6.51277017593, 5.13853597641, 3.31739640236, 3.23514914513, 2.95249223709, 6.00156164169, 13.6810417175, 33.2815437317, 50.0359535217, 21.9404163361, 46.7919998169, 45.904914856, 43.9275131226, 49.560459137, 36.8800544739, 27.9068584442, 23.1478538513, 28.7278862, 34.9988517761, 19.546962738, 18.9031162262, 8.54041576385, 5.91477203369, 5.64673948288, 7.38365077972, 5.66050720215, 5.04535865784, 4.20528793335, 3.05391550064, 1.98151016235, 1.09973466396, 0.62405860424, 0.283795297146, 0.0839074924588, 0.00194695335813, 8.39542990434e-05],
        "stdev": [0.845288693905, 2.77785968781, 5.67791461945, 19.8809967041, 16.1838874817, 7.08047580719, 6.75417518616, 4.71509933472, 5.3871588707, 16.993183136, 52.4345664978, 83.116394043, 140.912567139, 55.745765686, 138.40574646, 122.764381409, 111.701148987, 154.05140686, 84.9005126953, 61.7754325867, 42.8751335144, 48.7727622986, 59.809387207, 30.5228347778, 35.2490501404, 15.4310054779, 12.9685201645, 9.37712097168, 10.0516586304, 11.4382257462, 10.3870544434, 9.54989719391, 8.36085128784, 5.66030979156, 2.11915969849, 0.936154007912, 0.384832173586, 0.110571451485, 0.00254509295337, 7.55038563511e-05]
    },
    "gfcc": {
        "mean": [-1.69971466064, 48.0443649292, -105.30418396, 27.2534427643, -39.0698814392, 30.1140937805, -35.2197494507, 14.7095804214, -26.8842449188, 1.14323830605, -22.8446273804, 6.99242830276, -16.0780181885],
        "cov": [[15712.1103516, -5.72178220749, -424.039642334, 97.2291793823, 124.183410645, 332.891082764, 27.0474128723, 257.676605225, -316.242645264, 43.8926200867, -107.125823975, 205.04486084, -130.309188843], [-5.72178220749, 1059.47473145, -77.348449707, 93.714881897, 202.197692871, 110.718582153, 146.615524292, 94.7263793945, 118.365310669, -66.866973877, 70.3416290283, -23.049779892, 41.9704551697], [-424.039642334, -77.348449707, 1055.1003418, 338.986358643, 292.577972412, 221.45223999, 167.896392822, 62.9277877808, 117.748962402, 129.83833313, -39.8896865845, 60.8359680176, 31.6861152649], [97.2291793823, 93.714881897, 338.986358643, 497.274383545, 190.88961792, 168.394317627, 106.85723877, 43.5000724792, 113.893951416, 91.8370742798, 51.0819816589, 28.1846122742, 74.5742645264], [124.183410645, 202.197692871, 292.577972412, 190.88961792, 360.33505249, 183.126327515, 161.013320923, 81.9772033691, 74.6016998291, 52.3519363403, 40.4776992798, 46.0085296631, 28.1745357513], [332.891082764, 110.718582153, 221.45223999, 168.394317627, 183.126327515, 287.599487305, 207.23739624, 74.1191101074, 21.9510822296, 20.2271175385, 46.2930793762, 31.8549194336, 26.923784256], [27.0474128723, 146.615524292, 167.896392822, 106.85723877, 161.013320923, 207.23739624, 319.950469971, 134.45173645, 18.252532959, 9.57581043243, 68.5144042969, 28.229516983, 12.0347414017], [257.676605225, 94.7263793945, 62.9277877808, 43.5000724792, 81.9772033691, 74.1191101074, 134.45173645, 175.657302856, 96.9812774658, 30.5022888184, 21.0577716827, 10.6790266037, 0.546091020107], [-316.242645264, 118.365310669, 117.748962402, 113.893951416, 74.6016998291, 21.9510822296, 18.252532959, 96.9812774658, 219.399124146, 87.1157989502, 7.38757371902, 2.18872404099, 39.5365524292], [43.8926200867, -66.866973877, 129.83833313, 91.8370742798, 52.3519363403, 20.2271175385, 9.57581043243, 30.5022888184, 87.1157989502, 124.518165588, 34.2297439575, 32.2172813416, 22.0812072754], [-107.125823975, 70.3416290283, -39.8896865845, 51.0819816589, 40.4776992798, 46.2930793762, 68.5144042969, 21.0577716827, 7.38757371902, 34.2297439575, 121.329978943, 51.6067199707, 19.3226699829], [205.04486084, -23.049779892, 60.8359680176, 28.1846122742, 46.0085296631, 31.8549194336, 28.229516983, 10.6790266037, 2.18872404099, 32.2172813416, 51.6067199707, 101.607460022, 39.6841049194], [-130.309188843, 41.9704551697, 31.6861152649, 74.5742645264, 28.1745357513, 26.923784256, 12.0347414017, 0.546091020107, 39.5365524292, 22.0812072754, 19.3226699829, 39.6841049194, 94.5574569702]],
        "icov": [[0.000105038423499, -8.8035594672e-05, 0.000158423135872, -0.000149604748003, 3.57126227755e-05, -0.000273479061434, 0.000247519026743, -0.000451253697975, 0.000495304702781, -0.000436643313151, 0.000550088414457, -0.000497353728861, 0.000278249353869], [-8.8035594672e-05, 0.00166025594808, 5.63389876334e-05, 0.000170078972587, -0.00102577637881, 0.000323096668581, -0.000463925942313, 0.000608951842878, -0.00192020868417, 0.00263031455688, -0.00177890458144, 0.00129949848633, -0.000735299894586], [0.000158423135872, 5.63389876334e-05, 0.00222730566747, -0.00104020105209, -0.000669848523103, -0.000773044244852, -0.000698976567946, 0.000339797436027, 0.000161261792528, -0.00190562556963, 0.00343032041565, -0.00235059647821, 0.00143712107092], [-0.000149604748003, 0.000170078972587, -0.00104020105209, 0.00402028625831, -0.000726682599634, -0.00085346942069, 9.52028422034e-05, 0.00107506930362, -0.00140573712997, -0.000106183884782, -0.00254775863141, 0.00270373793319, -0.0026640589349], [3.57126227755e-05, -0.00102577637881, -0.000669848523103, -0.000726682599634, 0.00576048530638, -0.00186385400593, -0.000459115457488, -0.000455181288999, 0.000116527349746, -0.00129790150095, 0.00088245846564, -0.0020191539079, 0.00109889393207], [-0.000273479061434, 0.000323096668581, -0.000773044244852, -0.00085346942069, -0.00186385400593, 0.00923458952457, -0.00493294931948, 0.00169437832665, -0.000796979176812, 0.00185417896137, -0.00149606436025, 0.00117512349971, -0.00133135530632], [0.000247519026743, -0.000463925942313, -0.000698976567946, 9.52028422034e-05, -0.000459115457488, -0.00493294931948, 0.0107708172873, -0.00799146108329, 0.00444561010227, 2.47413208854e-05, -0.00308891641907, 0.00116707163397, -0.000800318084657], [-0.000451253697975, 0.000608951842878, 0.000339797436027, 0.00107506930362, -0.000455181288999, 0.00169437832665, -0.00799146108329, 0.0161966662854, -0.00962920952588, 0.00240570888855, -4.96599823236e-05, -0.000775479828008, 0.0025228522718], [0.000495304702781, -0.00192020868417, 0.000161261792528, -0.00140573712997, 0.000116527349746, -0.000796979176812, 0.00444561010227, -0.00962920952588, 0.0150013379753, -0.00939638447016, 0.00345183862373, 0.000856826605741, -0.00287159485742], [-0.000436643313151, 0.00263031455688, -0.00190562556963, -0.000106183884782, -0.00129790150095, 0.00185417896137, 2.47413208854e-05, 0.00240570888855, -0.00939638447016, 0.020138759166, -0.0085465433076, 0.000769694335759, -0.000555735721719], [0.000550088414457, -0.00177890458144, 0.00343032041565, -0.00254775863141, 0.00088245846564, -0.00149606436025, -0.00308891641907, -4.96599823236e-05, 0.00345183862373, -0.0085465433076, 0.02030271478, -0.0111916474998, 0.00406458741054], [-0.000497353728861, 0.00129949848633, -0.00235059647821, 0.00270373793319, -0.0020191539079, 0.00117512349971, 0.00116707163397, -0.000775479828008, 0.000856826605741, 0.000769694335759, -0.0111916474998, 0.0213010814041, -0.0096745826304], [0.000278249353869, -0.000735299894586, 0.00143712107092, -0.0026640589349, 0.00109889393207, -0.00133135530632, -0.000800318084657, 0.0025228522718, -0.00287159485742, -0.000555735721719, 0.00406458741054, -0.0096745826304, 0.0176039393991]]
    },
    "melbands": {
        "mean": [0.00363090820611, 0.00178512220737, 0.00104240234941, 0.00043054507114, 0.000128867235617, 7.06163555151e-05, 4.65162265755e-05, 8.21330759209e-05, 0.000104309867311, 0.000252595054917, 0.000253802601947, 8.87157875695e-05, 0.00012360981782, 0.000161433839821, 0.000108252970676, 0.00010201427358, 8.8130000222e-05, 5.79700099479e-05, 5.01272261317e-05, 3.25460969179e-05, 2.44596085395e-05, 2.75487655017e-05, 3.26802328345e-05, 2.75042257272e-05, 1.42788203448e-05, 1.49118777699e-05, 1.12799416456e-05, 4.30132558904e-06, 3.80756523555e-06, 3.33676734954e-06, 3.02756598103e-06, 4.53916345577e-06, 3.32478975906e-06, 3.12708152705e-06, 2.97388373838e-06, 2.64302980213e-06, 2.57855526797e-06, 2.24304926633e-06, 1.8356442979e-06, 1.60291904194e-06],
        "stdev": [0.00596895767376, 0.00272430130281, 0.00333980214782, 0.000710894586518, 0.000227693031775, 0.000102201542177, 9.01491002878e-05, 0.000279345957097, 0.000392506655771, 0.000658688717522, 0.000722879602108, 0.000266918941634, 0.000371401256416, 0.000471222010674, 0.000425094418461, 0.000264714355581, 0.000299138162518, 0.00015048973728, 0.000142164994031, 0.000107585976366, 4.35391593783e-05, 4.94761698064e-05, 5.65148147871e-05, 4.99422676512e-05, 2.44455331995e-05, 2.7954691177e-05, 2.38064203586e-05, 9.04924581846e-06, 9.84104372037e-06, 5.97233020017e-06, 5.40883229405e-06, 5.72803128307e-06, 6.4021878643e-06, 6.59206443743e-06, 6.06515686741e-06, 6.37278890281e-06, 5.69701978748e-06, 6.08381378697e-06, 5.78132903684e-06, 4.5338970267e-06]
    },
    "melbands128": {
        "mean": [0.000820457877126, 0.0042025540024, 0.00484559545293, 0.00256858067587, 0.00131241197232, 0.00129718938842, 0.00125044421293, 0.000988747924566, 0.000621668121312, 0.000467700068839, 0.000326300330926, 0.000138383242302, 0.000119273339806, 6.89588050591e-05, 7.42210904718e-05, 7.35954090487e-05, 4.64327531517e-05, 3.82950383937e-05, 5.60888438486e-05, 4.73531326861e-05, 9.31908580242e-05, 0.000155450776219, 8.98745711311e-05, 7.80167974881e-05, 0.000130925691337, 0.000371074827854, 0.000423235556809, 0.000179357666639, 0.000217286447878, 7.39794268156e-05, 6.23466548859e-05, 6.67524509481e-05, 8.37034676806e-05, 0.000196062304894, 0.000253439706285, 0.000115835646284, 6.81258316035e-05, 0.00016475871962, 7.50606850488e-05, 8.19808483357e-05, 0.000109173219244, 0.000126846702187, 9.73797723418e-05, 5.80912856094e-05, 7.45764991734e-05, 5.08102966705e-05, 4.69589722343e-05, 7.95489686425e-05, 3.15311153827e-05, 2.39142991632e-05, 4.3146454118e-05, 2.61639797827e-05, 2.95218160318e-05, 2.0440438675e-05, 1.94380409084e-05, 2.62454850599e-05, 3.73152251996e-05, 3.18572492688e-05, 2.76569098787e-05, 4.23347155447e-05, 2.96147736663e-05, 1.61846055562e-05, 1.31711049107e-05, 1.16283144962e-05, 2.02236496989e-05, 1.35489390232e-05, 1.21086595755e-05, 1.75658969965e-05, 9.59945737122e-06, 6.06077355769e-06, 4.06761000704e-06, 3.29064391735e-06, 4.02060823035e-06, 4.39752739112e-06, 2.80465906144e-06, 3.18634329233e-06, 3.88410626329e-06, 3.07568438984e-06, 2.97415499517e-06, 2.65648122877e-06, 5.00955911775e-06, 5.09315214003e-06, 3.50070172317e-06, 3.39723987963e-06, 3.01746126752e-06, 2.84546786133e-06, 3.22387927554e-06, 3.52695883521e-06, 2.80933613794e-06, 2.72524334832e-06, 2.87210264105e-06, 2.47573780143e-06, 2.57710007645e-06, 2.31645094573e-06, 3.12870338348e-06, 2.17001525016e-06, 2.19882417696e-06, 1.93180267161e-06, 1.78699622211e-06, 1.88010494639e-06, 1.73258172254e-06, 1.61037803537e-06, 1.30817556965e-06, 1.37053302751e-06, 1.41471321058e-06, 9.2719130862e-07, 1.16078933843e-06, 9.22626213651e-07, 1.16784553938e-06, 9.64353262134e-07, 1.39102928642e-06, 8.71563656801e-07, 9.34544573283e-07, 6.59877287035e-07, 7.82927429555e-07, 1.10257519736e-06, 9.00148563687e-07, 9.03393768681e-08, 1.18894815868e-11, 5.27536564779e-12, 5.02683181539e-12, 4.85763989796e-12, 4.71637312538e-12, 4.60885236225e-12, 4.5280793004e-12, 4.4703481368e-12, 4.42777281853e-12, 4.39374665123e-12],
        "stdev": [0.00133645790629, 0.00781056750566, 0.008007472381, 0.00365142524242, 0.00260012317449, 0.00364426430315, 0.00452341977507, 0.00340049783699, 0.001595087233, 0.000752027728595, 0.000541125773452, 0.000320610881317, 0.000300249026623, 0.000174542190507, 0.000123164893012, 0.000138892690302, 0.000102712685475, 9.89823893178e-05, 0.000189313141163, 0.000169015460415, 0.000408971915022, 0.000832538993564, 0.000433630892076, 0.000408934196457, 0.000502617505845, 0.00113631505519, 0.00162270013243, 0.000711451808456, 0.00102972995955, 0.000290421099635, 0.000245288712904, 0.000333082833095, 0.000357171928044, 0.000876748468727, 0.000961328158155, 0.000488616409712, 0.000361609010724, 0.000795385160018, 0.000410766835557, 0.000289973511826, 0.000395876995753, 0.000494769657962, 0.000530364981387, 0.000243990594754, 0.000300824263832, 0.000202984170755, 0.000205668926355, 0.000316779827699, 9.39798774198e-05, 9.22504113987e-05, 0.000208888799534, 9.4720373454e-05, 6.39316713205e-05, 5.01891190652e-05, 6.29303249298e-05, 5.9844514908e-05, 9.34726485866e-05, 9.33584160521e-05, 5.85757152294e-05, 0.000105042163341, 7.5361742347e-05, 2.67545219685e-05, 3.18934180541e-05, 2.64303162112e-05, 5.57004459552e-05, 3.15188808599e-05, 2.93924240395e-05, 5.28573800693e-05, 2.26005777222e-05, 1.38425484693e-05, 9.60983197729e-06, 8.32391197036e-06, 1.09848688226e-05, 1.38258610605e-05, 5.95535539105e-06, 6.43090970698e-06, 7.3370492828e-06, 5.85831003264e-06, 6.21223807684e-06, 5.27614429302e-06, 6.71377711114e-06, 6.95664630257e-06, 6.05579953117e-06, 7.49087575969e-06, 7.5646703408e-06, 6.67415679345e-06, 7.11323718861e-06, 7.37083200875e-06, 6.51987511446e-06, 6.33778427073e-06, 6.99768816048e-06, 6.91082277626e-06, 7.19861782272e-06, 6.79185222907e-06, 5.46533419765e-06, 5.98137285124e-06, 7.5646876212e-06, 6.38761503069e-06, 6.23399364486e-06, 6.44254305371e-06, 5.75824151383e-06, 4.42587634097e-06, 3.56799114343e-06, 3.34723426931e-06, 2.51386177297e-06, 1.90801415556e-06, 1.94008202925e-06, 1.73798969172e-06, 1.88278602309e-06, 1.41972498113e-06, 1.92388392861e-06, 1.31621857236e-06, 1.3522919744e-06, 8.96992048638e-07, 1.02929118384e-06, 1.61171180935e-06, 1.19847470614e-06, 1.379329575e-07, 3.23978413541e-11, 8.34779120829e-12, 8.03760270146e-12, 7.80174622822e-12, 7.61071067279e-12, 7.45790929013e-12, 7.32953368138e-12, 7.23315678186e-12, 7.16257912356e-12, 7.11871317102e-12]
    },
    "mfcc": {
        "mean": [-649.760803223, 89.6943740845, -1.70387125015, 11.450387001, 18.6332092285, 13.7840185165, 7.74337530136, 14.6070222855, 2.51242184639, 1.04330861568, 3.51649951935, -5.24428415298, -7.13023042679],
        "cov": [[9464.69726562, 717.304321289, -506.855682373, 3.37388825417, 115.340156555, -25.1676082611, 146.715621948, 276.894622803, -66.1185150146, 61.07837677, 54.9342079163, -70.8014297485, -61.3602867126], [717.304321289, 946.892944336, -99.2486114502, 13.6423864365, 132.126617432, 36.0734100342, 87.3134002686, 164.560241699, 53.8927955627, 25.8986797333, 84.048500061, -4.13208723068, -27.5284042358], [-506.855682373, -99.2486114502, 654.844970703, 214.707214355, 164.35899353, 211.137054443, 94.6648483276, 37.2165908813, 160.425750732, 59.7981033325, 22.9428253174, 79.181602478, 40.6029663086], [3.37388825417, 13.6423864365, 214.707214355, 304.482299805, 158.165008545, 129.347045898, 63.1036300659, 36.9127349854, 104.403556824, 60.8339805603, 40.1003837585, 72.2041931152, 38.0995292664], [115.340156555, 132.126617432, 164.35899353, 158.165008545, 264.869018555, 147.635253906, 37.8041038513, 53.00390625, 97.3593597412, 51.1412887573, 43.3739280701, 41.7633857727, 14.6830129623], [-25.1676082611, 36.0734100342, 211.137054443, 129.347045898, 147.635253906, 252.462677002, 166.184509277, 80.9393844604, 75.810043335, 37.1367950439, 32.8188667297, 40.6343650818, 22.8176593781], [146.715621948, 87.3134002686, 94.6648483276, 63.1036300659, 37.8041038513, 166.184509277, 324.206085205, 171.329147339, 23.4844856262, 28.6653556824, 54.4102058411, 16.874458313, 23.2802391052], [276.894622803, 164.560241699, 37.2165908813, 36.9127349854, 53.00390625, 80.9393844604, 171.329147339, 213.876083374, 63.4792175293, 54.8703918457, 77.1411209106, 12.0862522125, 5.36857223511], [-66.1185150146, 53.8927955627, 160.425750732, 104.403556824, 97.3593597412, 75.810043335, 23.4844856262, 63.4792175293, 175.025039673, 89.2718353271, 39.8128967285, 42.0311317444, 8.94911575317], [61.07837677, 25.8986797333, 59.7981033325, 60.8339805603, 51.1412887573, 37.1367950439, 28.6653556824, 54.8703918457, 89.2718353271, 136.363067627, 74.8441467285, 30.8196964264, 6.70606946945], [54.9342079163, 84.048500061, 22.9428253174, 40.1003837585, 43.3739280701, 32.8188667297, 54.4102058411, 77.1411209106, 39.8128967285, 74.8441467285, 121.987686157, 46.2467422485, 7.78859472275], [-70.8014297485, -4.13208723068, 79.181602478, 72.2041931152, 41.7633857727, 40.6343650818, 16.874458313, 12.0862522125, 42.0311317444, 30.8196964264, 46.2467422485, 93.4559631348, 47.4004669189], [-61.3602867126, -27.5284042358, 40.6029663086, 38.0995292664, 14.6830129623, 22.8176593781, 23.2802391052, 5.36857223511, 8.94911575317, 6.70606946945, 7.78859472275, 47.4004669189, 97.0029525757]],
        "icov": [[0.000122967641801, -5.90702256886e-05, 9.8065698694e-05, -6.05082568654e-05, -7.96380481916e-05, 2.24232935579e-05, 1.06264051283e-05, -0.000187246972928, 0.000157599279191, -0.000159082366736, 0.000177653768333, -3.2624539017e-05, 5.64676629438e-05], [-5.90702256886e-05, 0.00147937296424, 0.00034537303145, 0.000198824636755, -0.000953314651269, 0.00036194853601, -0.000124576326925, -0.000743273179978, -0.00055492768297, 0.000816770945676, -0.000764938304201, 0.000192604667973, 0.000252035039011], [9.8065698694e-05, 0.00034537303145, 0.00285439332947, -0.000709488231223, -0.000204801428481, -0.00139361340553, -0.000184843636816, 0.000309503142489, -0.00180755206384, 0.000502694630995, 0.000247689225944, -0.000577668310143, 2.43748745561e-05], [-6.05082568654e-05, 0.000198824636755, -0.000709488231223, 0.00626215850934, -0.00254894141108, 4.91710989081e-06, -0.00099553342443, 0.000863960420247, -0.00110917666461, -0.000641425081994, 0.000473502645036, -0.00246298732236, -0.000256477214862], [-7.96380481916e-05, -0.000953314651269, -0.000204801428481, -0.00254894141108, 0.00883244536817, -0.00502343242988, 0.00304399104789, -0.000773035804741, -0.000988802290522, 0.000339937134413, -0.00133842718787, 0.00102774682455, -0.000404126476496], [2.24232935579e-05, 0.00036194853601, -0.00139361340553, 4.91710989081e-06, -0.00502343242988, 0.011760680005, -0.00602026004344, 0.00147105159704, -0.000910765666049, 0.000185969358427, 0.000986500643194, -0.00123108830303, 0.000649206689559], [1.06264051283e-05, -0.000124576326925, -0.000184843636816, -0.00099553342443, 0.00304399104789, -0.00602026004344, 0.00937797967345, -0.00645512109622, 0.00282497471198, -0.000235046274611, -0.000110947570647, 0.000746100966353, -0.00109834317118], [-0.000187246972928, -0.000743273179978, 0.000309503142489, 0.000863960420247, -0.000773035804741, 0.00147105159704, -0.00645512109622, 0.0130207436159, -0.00473082019016, 0.00118389027193, -0.00547136366367, 0.00295931636356, -0.000850868120324], [0.000157599279191, -0.00055492768297, -0.00180755206384, -0.00110917666461, -0.000988802290522, -0.000910765666049, 0.00282497471198, -0.00473082019016, 0.0143437981606, -0.0080876192078, 0.00490067666396, -0.00365326739848, 0.00170970021281], [-0.000159082366736, 0.000816770945676, 0.000502694630995, -0.000641425081994, 0.000339937134413, 0.000185969358427, -0.000235046274611, 0.00118389027193, -0.0080876192078, 0.0168355591595, -0.0100502390414, 0.00328182498924, -0.00114609487355], [0.000177653768333, -0.000764938304201, 0.000247689225944, 0.000473502645036, -0.00133842718787, 0.000986500643194, -0.000110947570647, -0.00547136366367, 0.00490067666396, -0.0100502390414, 0.0204450506717, -0.0104069393128, 0.00359207089059], [-3.2624539017e-05, 0.000192604667973, -0.000577668310143, -0.00246298732236, 0.00102774682455, -0.00123108830303, 0.000746100966353, 0.00295931636356, -0.00365326739848, 0.00328182498924, -0.0104069393128, 0.0230553131551, -0.00928584579378], [5.64676629438e-05, 0.000252035039011, 2.43748745561e-05, -0.000256477214862, -0.000404126476496, 0.000649206689559, -0.00109834317118, -0.000850868120324, 0.00170970021281, -0.00114609487355, 0.00359207089059, -0.00928584579378, 0.0148965027183]]
    },
    "spectral_contrast_coeffs": {
        "mean": [-0.727274179459, -0.775799691677, -0.737808406353, -0.774154961109, -0.769587337971, -0.793430268764],
        "stdev": [0.0862083286047, 0.0718032047153, 0.0901230573654, 0.0602767392993, 0.0613646097481, 0.0303017236292]
    },
    "spectral_contrast_valleys": {
        "mean": [-7.14799118042, -7.57872056961, -7.72055578232, -7.69899845123, -7.84816503525, -9.79786205292],
        "stdev": [1.70803141594, 1.53181946278, 1.56536233425, 1.54144060612, 1.55701577663, 1.49236738682]
    }
},
"rhythm": {
    "beats_count": 575,
    "beats_loudness": {
        "mean": 0.0310726128519,
        "stdev": 0.0214814860374
    },
    "bpm": 105.900611877,
    "bpm_histogram_first_peak_bpm": 105,
    "bpm_histogram_first_peak_weight": 0.218531489372,
    "bpm_histogram_second_peak_bpm": 96,
    "bpm_histogram_second_peak_spread": 0.5,
    "bpm_histogram_second_peak_weight": 0.001742160297,
    "danceability": 1.28488779068,
    "onset_rate": 5.84735202789,
    "beats_loudness_band_ratio": {
        "mean": [0.408045172691, 0.0914914906025, 0.100078865886, 0.139546766877, 0.145473644137, 0.134799838066],
        "stdev": [0.260886907578, 0.0705530643463, 0.122690185905, 0.153761386871, 0.108558550477, 0.115401439369]
    },
    "beats_position": [0.626938760281, 1.24226760864, 1.86920630932, 2.46131515503, 3.04181408882, 3.61070299149, 4.17959165573, 4.73687076569, 5.30575942993, 5.87464857101, 6.43192720413, 7.00081634521, 7.56970500946, 8.13859367371, 8.70748329163, 9.27637195587, 9.84526062012, 10.4141492844, 10.9830379486, 11.5403175354, 12.1092061996, 12.6780948639, 13.235373497, 13.8042631149, 14.3731517792, 14.9420404434, 15.5109291077, 16.0682086945, 16.637096405, 17.2059860229, 17.7748756409, 18.3437633514, 18.9010429382, 19.4699325562, 20.0388202667, 20.6077098846, 21.1765975952, 21.733877182, 22.3027667999, 22.8716545105, 23.4405441284, 24.009431839, 24.5667114258, 25.1356010437, 25.7044887543, 26.2733783722, 26.8422679901, 27.3995456696, 27.9684352875, 28.537322998, 29.106212616, 29.6751022339, 30.2323799133, 30.8012695312, 31.3701572418, 31.9390468597, 32.5079345703, 33.0768241882, 33.6457138062, 34.2029914856, 34.7602729797, 35.329158783, 35.8980484009, 36.4669380188, 37.0358276367, 37.6047172546, 38.1736030579, 38.730884552, 39.2997741699, 39.8686599731, 40.4375495911, 41.006439209, 41.5637168884, 42.1326065063, 42.7014961243, 43.2703857422, 43.8392753601, 44.3965530396, 44.9654426575, 45.5343284607, 46.0916099548, 46.6604995728, 47.229385376, 47.7982749939, 48.3671646118, 48.9360542297, 49.5049438477, 50.0738296509, 50.6427192688, 51.2000007629, 51.7572784424, 52.3261680603, 52.8950538635, 53.4639434814, 54.0328330994, 54.6017227173, 55.1706123352, 55.7278900146, 56.2967796326, 56.8656692505, 57.4345550537, 58.0034446716, 58.5723342896, 59.1412239075, 59.6985015869, 60.2673912048, 60.8362808228, 61.4051704407, 61.9740562439, 62.5429458618, 63.1118354797, 63.6691131592, 64.2263946533, 64.7952804565, 65.3641738892, 65.9214477539, 66.4903411865, 67.0592269897, 67.6281204224, 68.1970062256, 68.7542877197, 69.3231735229, 69.8920593262, 70.4609527588, 71.029838562, 71.5987319946, 72.1676177979, 72.7365036011, 73.3053970337, 73.8626708984, 74.4315643311, 75.0004501343, 75.5577316284, 76.1266174316, 76.6955108643, 77.2643966675, 77.8332901001, 78.3905639648, 78.9594573975, 79.5283432007, 80.0856246948, 80.654510498, 81.2233963013, 81.7922897339, 82.3611755371, 82.9300689697, 83.4989547729, 84.0678405762, 84.6367340088, 85.1940155029, 85.7629013062, 86.3317871094, 86.8890686035, 87.4579544067, 88.0268478394, 88.5841217041, 89.1646270752, 89.7335128784, 90.3023986816, 90.8712921143, 91.428565979, 91.9974594116, 92.5547409058, 93.123626709, 93.6925125122, 94.2614059448, 94.830291748, 95.3991851807, 95.9680709839, 96.525352478, 97.0942382812, 97.6631240845, 98.2204055786, 98.7892990112, 99.3581848145, 99.9270706177, 100.49596405, 101.053237915, 101.622131348, 102.191017151, 102.759910583, 103.328796387, 103.886077881, 104.454963684, 105.023849487, 105.59274292, 106.161628723, 106.718910217, 107.287796021, 107.856689453, 108.425575256, 108.994468689, 109.551742554, 110.120635986, 110.68952179, 111.258407593, 111.827301025, 112.396186829, 112.965080261, 113.522354126, 114.091247559, 114.660133362, 115.217414856, 115.786300659, 116.355194092, 116.924079895, 117.492965698, 118.061859131, 118.630744934, 119.188026428, 119.756912231, 120.325805664, 120.883079529, 121.451972961, 122.020858765, 122.589744568, 123.158638, 123.715919495, 124.284805298, 124.853691101, 125.422584534, 125.991470337, 126.56036377, 127.129249573, 127.686531067, 128.25541687, 128.824310303, 129.381591797, 129.950469971, 130.519363403, 131.088256836, 131.65713501, 132.214416504, 132.783309937, 133.352203369, 133.921081543, 134.489974976, 135.058868408, 135.627746582, 136.185028076, 136.74230957, 137.311203003, 137.880081177, 138.448974609, 139.017868042, 139.586761475, 140.155639648, 140.712921143, 141.281814575, 141.850692749, 142.419586182, 142.988479614, 143.545761108, 144.114639282, 144.683532715, 145.252426147, 145.82131958, 146.390197754, 146.959091187, 147.516372681, 148.085250854, 148.654144287, 149.211425781, 149.780319214, 150.349197388, 150.91809082, 151.486984253, 152.044265747, 152.613143921, 153.182037354, 153.750930786, 154.31980896, 154.877090454, 155.445983887, 156.014877319, 156.572158813, 157.152648926, 157.721542358, 158.290420532, 158.847702026, 159.404983521, 159.973876953, 160.542770386, 161.11164856, 161.680541992, 162.249435425, 162.818313599, 163.387207031, 163.956100464, 164.513381958, 165.082260132, 165.651153564, 166.208435059, 166.777328491, 167.346206665, 167.915100098, 168.48399353, 169.041259766, 169.610153198, 170.179046631, 170.736328125, 171.305206299, 171.874099731, 172.442993164, 173.011871338, 173.580764771, 174.149658203, 174.718551636, 175.28742981, 175.844711304, 176.413604736, 176.982498169, 177.539764404, 178.108657837, 178.67755127, 179.246429443, 179.815322876, 180.384216309, 180.953109741, 181.521987915, 182.079269409, 182.636550903, 183.205444336, 183.77432251, 184.343215942, 184.912109375, 185.480987549, 186.049880981, 186.618774414, 187.187667847, 187.744934082, 188.313827515, 188.871109009, 189.440002441, 190.008880615, 190.577774048, 191.14666748, 191.703948975, 192.272827148, 192.841720581, 193.410614014, 193.979492188, 194.536773682, 195.105667114, 195.674560547, 196.243438721, 196.812332153, 197.369613647, 197.93850708, 198.507385254, 199.076278687, 199.645172119, 200.202438354, 200.771331787, 201.34022522, 201.909118652, 202.477996826, 203.046890259, 203.615783691, 204.173049927, 204.741943359, 205.310836792, 205.868118286, 206.43699646, 207.005889893, 207.574783325, 208.143676758, 208.712554932, 209.281448364, 209.838729858, 210.407608032, 210.976501465, 211.545394897, 212.11428833, 212.671554565, 213.240447998, 213.809341431, 214.378234863, 214.947113037, 215.504394531, 216.061676025, 216.630569458, 217.199447632, 217.768341064, 218.337234497, 218.906112671, 219.475006104, 220.043899536, 220.61277771, 221.170059204, 221.738952637, 222.307846069, 222.865127563, 223.434005737, 224.00289917, 224.571792603, 225.140670776, 225.709564209, 226.278457642, 226.835739136, 227.40461731, 227.973510742, 228.530792236, 229.099685669, 229.668563843, 230.237457275, 230.806350708, 231.375228882, 231.944122314, 232.501403809, 233.070297241, 233.639175415, 234.196456909, 234.765350342, 235.334228516, 235.903121948, 236.472015381, 237.040908813, 237.609786987, 238.167068481, 238.735961914, 239.304855347, 239.873733521, 240.442626953, 240.999908447, 241.568786621, 242.137680054, 242.694961548, 243.26385498, 243.832733154, 244.401626587, 244.97052002, 245.527801514, 246.096679688, 246.66557312, 247.234466553, 247.803344727, 248.372238159, 248.941131592, 249.498413086, 250.06729126, 250.636184692, 251.205078125, 251.773956299, 252.331237793, 252.900131226, 253.469024658, 254.037902832, 254.595184326, 255.164077759, 255.732971191, 256.301849365, 256.859130859, 257.43963623, 257.996917725, 258.565795898, 259.134674072, 259.703582764, 260.272460938, 260.829742432, 261.398620605, 261.9559021, 262.524810791, 263.093688965, 263.662567139, 264.23147583, 264.800354004, 265.369232178, 265.938140869, 266.495422363, 267.064300537, 267.633178711, 268.190460205, 268.759368896, 269.32824707, 269.897125244, 270.466033936, 271.034912109, 271.603790283, 272.161071777, 272.718353271, 273.287261963, 273.856140137, 274.436645508, 274.993927002, 275.562805176, 276.13168335, 276.700592041, 277.269470215, 277.826751709, 278.395629883, 278.964538574, 279.521820068, 280.090698242, 280.659576416, 281.228485107, 281.797363281, 282.366241455, 282.935150146, 283.492431641, 284.061309814, 284.630187988, 285.19909668, 285.767974854, 286.325256348, 286.894134521, 287.463043213, 288.031921387, 288.600799561, 289.158081055, 289.726989746, 290.29586792, 290.853149414, 291.422027588, 291.990936279, 292.559814453, 293.128692627, 293.697601318, 294.266479492, 294.823760986, 295.39263916, 295.961547852, 296.530426025, 297.099304199, 297.656585693, 298.225494385, 298.794372559, 299.363250732, 299.932159424, 300.489440918, 301.058319092, 301.627197266, 302.18447876, 302.753387451, 303.322265625, 303.891143799, 304.46005249, 305.028930664, 305.597808838, 306.155090332, 306.723999023, 307.292877197, 307.861755371, 308.430664062, 308.987945557, 309.55682373, 310.125701904, 310.694610596, 311.26348877, 311.820770264, 312.389648438, 312.958557129, 313.515808105, 314.084716797, 314.653594971, 315.222503662, 315.791381836, 316.36026001, 316.929168701, 317.486419678, 318.055328369, 318.612609863, 319.181488037, 319.750366211, 320.319274902, 320.888153076, 321.45703125, 322.025939941, 322.594818115, 323.152099609, 323.720977783, 324.289886475, 324.847167969, 325.404449463, 325.973327637],
    "bpm_histogram": [0, 0, 0, 0, 0, 0, 0, 0, 0, 0, 0, 0, 0, 0, 0, 0, 0, 0, 0, 0, 0, 0, 0, 0, 0, 0, 0, 0, 0, 0, 0, 0, 0, 0, 0, 0, 0, 0, 0, 0, 0, 0, 0, 0, 0, 0, 0, 0, 0, 0, 0, 0, 0, 0, 0, 0, 0, 0, 0, 0, 0, 0, 0, 0, 0, 0, 0, 0, 0, 0, 0, 0, 0, 0, 0, 0, 0, 0, 0, 0, 0, 0, 0, 0, 0, 0, 0, 0, 0, 0, 0, 0, 0, 0, 0, 0, 0.001742160297, 0, 0.001742160297, 0, 0, 0.001742160297, 0, 0.00871080160141, 0, 0.778745651245, 0, 0, 0.207317069173, 0, 0, 0, 0, 0, 0, 0, 0, 0, 0, 0, 0, 0, 0, 0, 0, 0, 0, 0, 0, 0, 0, 0, 0, 0, 0, 0, 0, 0, 0, 0, 0, 0, 0, 0, 0, 0, 0, 0, 0, 0, 0, 0, 0, 0, 0, 0, 0, 0, 0, 0, 0, 0, 0, 0, 0, 0, 0, 0, 0, 0, 0, 0, 0, 0, 0, 0, 0, 0, 0, 0, 0, 0, 0, 0, 0, 0, 0, 0, 0, 0, 0, 0, 0, 0, 0, 0, 0, 0, 0, 0, 0, 0, 0, 0, 0, 0, 0, 0, 0, 0, 0, 0, 0, 0, 0, 0, 0, 0, 0, 0, 0, 0, 0, 0, 0, 0, 0, 0, 0, 0, 0, 0, 0, 0, 0, 0, 0, 0, 0, 0, 0, 0, 0, 0, 0, 0, 0, 0, 0, 0]
},
"tonal": {
    "chords_changes_rate": 0.0681268647313,
    "chords_number_rate": 0.00156450003851,
    "chords_strength": {
        "mean": 0.555469989777,
        "stdev": 0.119133777916
    },
    "hpcp_crest": {
        "mean": 12.7761068344,
        "stdev": 6.20227479935
    },
    "hpcp_entropy": {
        "mean": 2.09877634048,
        "stdev": 0.7500218153
    },
    "key_edma": {
        "strength": 0.759648442268,
        "key": "C#",
        "scale": "major"
    },
    "key_krumhansl": {
        "strength": 0.768318533897,
        "key": "C#",
        "scale": "major"
    },
    "key_temperley": {
        "strength": 0.774892926216,
        "key": "C#",
        "scale": "major"
    },
    "tuning_diatonic_strength": 0.666401326656,
    "tuning_equal_tempered_deviation": 0.247445240617,
    "tuning_frequency": 434.193115234,
    "tuning_nontempered_energy_ratio": 0.938964188099,
    "hpcp": {
        "mean": [0.153147473931, 0.126595601439, 0.111424691975, 0.134278774261, 0.129980400205, 0.0782183855772, 0.0830474719405, 0.0984399989247, 0.0958393588662, 0.116916134953, 0.130618318915, 0.132020607591, 0.201707080007, 0.220574975014, 0.125964865088, 0.0666412264109, 0.0567739345133, 0.0685241222382, 0.122844353318, 0.13279902935, 0.0815885663033, 0.0604769922793, 0.0567024797201, 0.0766845345497, 0.153817251325, 0.173106491566, 0.137639075518, 0.220342829823, 0.236745581031, 0.128052055836, 0.0781644061208, 0.0704012289643, 0.0973814725876, 0.21171104908, 0.273097395897, 0.210699677467],
        "stdev": [0.272089034319, 0.236120700836, 0.212827831507, 0.21869571507, 0.227975949645, 0.164727300406, 0.1898355335, 0.221042573452, 0.199469983578, 0.219683855772, 0.240812987089, 0.238710179925, 0.284891188145, 0.290360331535, 0.210815027356, 0.156611219049, 0.144879832864, 0.162201687694, 0.226932510734, 0.236201167107, 0.157354772091, 0.136676594615, 0.134218782187, 0.162930324674, 0.245699197054, 0.260241001844, 0.211463287473, 0.297831773758, 0.325158566236, 0.214992150664, 0.171734303236, 0.160822808743, 0.198439598083, 0.292356729507, 0.337553471327, 0.301149398088]
    },
    "chords_histogram": [27.9618835449, 7.59493684769, 4.05347728729, 0, 0.170672729611, 0, 0.156450003386, 0.0426681824028, 1.49338638783, 0, 0, 0, 0, 1.50760912895, 0.028445456177, 8.71853256226, 0.0426681824028, 0.483572751284, 0.42668184638, 8.0927324295, 7.50960016251, 11.2075099945, 16.6405925751, 3.86858201027],
    "thpcp": [1, 0.771518468857, 0.560779690742, 0.463554769754, 0.408003509045, 0.491688221693, 0.475948870182, 0.286412060261, 0.304094702005, 0.360457479954, 0.350934714079, 0.428111493587, 0.478284746408, 0.483419507742, 0.738590300083, 0.807678818703, 0.461245208979, 0.2440200001, 0.207888960838, 0.250914603472, 0.449818849564, 0.48626986146, 0.298752635717, 0.221448436379, 0.207627311349, 0.280795544386, 0.563232243061, 0.633863568306, 0.50399261713, 0.806828737259, 0.866890668869, 0.468887865543, 0.286214381456, 0.257788002491, 0.356581479311, 0.775221765041],
    "chords_key": "C#",
    "chords_scale": "major"
}
}