{
"metadata": {
    "version": {
        "essentia": "2.1-dev",
        "essentia_git_sha": "v2.1_beta3-415-gd5473f3",
        "extractor": "music 2.0"
    },
    "audio_properties": {
        "analysis": {
            "equal_loudness": 0,
            "length": 230.399993896,
            "sample_rate": 44100,
            "start_time": 0,
            "downmix": "mix"
        },
        "bit_rate": 192000,
        "length": 230.399993896,
        "lossless": 0,
        "number_channels": 2,
        "replay_gain": -10.2890148163,
        "sample_rate": 44100,
        "codec": "mp3",
        "md5_encoded": "ff0c13ccfa2de1e6d4bcfabd38862003"
    },
    "tags": {
        "file_name": "britney_spears-i.m_not_a_girl,_not_yet_a_woman.mp3"
    }
},
"lowlevel": {
    "average_loudness": 0.888170838356,
    "barkbands_crest": {
        "mean": 9.46753025055,
        "stdev": 3.75745129585
    },
    "barkbands_flatness_db": {
        "mean": 0.148139253259,
        "stdev": 0.0524018928409
    },
    "barkbands_kurtosis": {
        "mean": 3.33994054794,
        "stdev": 5.24432277679
    },
    "barkbands_skewness": {
        "mean": 1.32399690151,
        "stdev": 1.00638508797
    },
    "barkbands_spread": {
        "mean": 21.4535713196,
        "stdev": 14.3867807388
    },
    "dissonance": {
        "mean": 0.449612408876,
        "stdev": 0.0361747443676
    },
    "dynamic_complexity": 4.17436361313,
    "erbbands_crest": {
        "mean": 10.3199329376,
        "stdev": 5.13282823563
    },
    "erbbands_flatness_db": {
        "mean": 0.167279869318,
        "stdev": 0.0592280812562
    },
    "erbbands_kurtosis": {
        "mean": 1.28450751305,
        "stdev": 3.12562227249
    },
    "erbbands_skewness": {
        "mean": 0.61443811655,
        "stdev": 0.825471758842
    },
    "erbbands_spread": {
        "mean": 33.5410728455,
        "stdev": 18.5191326141
    },
    "hfc": {
        "mean": 25.1628665924,
        "stdev": 25.6556167603
    },
    "loudness_ebu128": {
        "integrated": -12.600279808,
        "loudness_range": 6.96754741669,
        "momentary": {
            "mean": -14.7129611969,
            "stdev": 7.64605522156
        },
        "short_term": {
            "mean": -13.7383031845,
            "stdev": 4.25193977356
        }
    },
    "melbands_crest": {
        "mean": 12.5649557114,
        "stdev": 4.73240089417
    },
    "melbands_flatness_db": {
        "mean": 0.190786704421,
        "stdev": 0.0646384730935
    },
    "melbands_kurtosis": {
        "mean": 8.3362159729,
        "stdev": 12.1448354721
    },
    "melbands_skewness": {
        "mean": 1.94855821133,
        "stdev": 1.2871222496
    },
    "melbands_spread": {
        "mean": 23.5284347534,
        "stdev": 18.8739624023
    },
    "pitch_salience": {
        "mean": 0.574625730515,
        "stdev": 0.0984000638127
    },
    "silence_rate_20dB": {
        "mean": 1,
        "stdev": 0
    },
    "silence_rate_30dB": {
        "mean": 0.999899208546,
        "stdev": 0.010037410073
    },
    "silence_rate_60dB": {
        "mean": 0.115074567497,
        "stdev": 0.319113850594
    },
    "spectral_centroid": {
        "mean": 1243.26513672,
        "stdev": 627.750976562
    },
    "spectral_complexity": {
        "mean": 18.1554813385,
        "stdev": 9.54423046112
    },
    "spectral_decrease": {
        "mean": -5.86540993552e-09,
        "stdev": 4.52127313366e-09
    },
    "spectral_energy": {
        "mean": 0.0244198441505,
        "stdev": 0.0186241660267
    },
    "spectral_energyband_high": {
        "mean": 0.000958984019235,
        "stdev": 0.00219500134699
    },
    "spectral_energyband_low": {
        "mean": 0.00414739223197,
        "stdev": 0.00889982003719
    },
    "spectral_energyband_middle_high": {
        "mean": 0.00733616389334,
        "stdev": 0.00945569109172
    },
    "spectral_energyband_middle_low": {
        "mean": 0.0126256877556,
        "stdev": 0.0100859310478
    },
    "spectral_entropy": {
        "mean": 7.47637748718,
        "stdev": 0.494322270155
    },
    "spectral_flux": {
        "mean": 0.0721060931683,
        "stdev": 0.049763686955
    },
    "spectral_kurtosis": {
        "mean": 5.84006500244,
        "stdev": 5.52183151245
    },
    "spectral_rms": {
        "mean": 0.00444753281772,
        "stdev": 0.00201091682538
    },
    "spectral_rolloff": {
        "mean": 1670.55493164,
        "stdev": 1841.14099121
    },
    "spectral_skewness": {
        "mean": 1.83820199966,
        "stdev": 0.572094380856
    },
    "spectral_spread": {
        "mean": 5161595,
        "stdev": 2281500.5
    },
    "spectral_strongpeak": {
        "mean": 1.52017378807,
        "stdev": 1.73833990097
    },
    "zerocrossingrate": {
        "mean": 0.0720640942454,
        "stdev": 0.0466299913824
    },
    "barkbands": {
        "mean": [8.70335570653e-05, 0.00239244103432, 0.00129964051303, 0.000772943836637, 0.00239260820672, 0.00298973848112, 0.0016059326008, 0.00145355623681, 0.00285228807479, 0.00142834184226, 0.00154346530326, 0.000789570796769, 0.000544363749214, 0.000676382798702, 0.000946842075791, 0.00044564055861, 0.000488026678795, 0.000372165552108, 0.000275784259429, 0.000195853644982, 0.000132241446408, 0.000119181946502, 0.000109044303827, 0.000156288981088, 0.00021281305817, 0.000137650102261, 8.42163228043e-10],
        "stdev": [0.000256747298408, 0.00557379378006, 0.00378002994694, 0.00185294577386, 0.00301660480909, 0.00390871241689, 0.00266630575061, 0.00301084411331, 0.00535847898573, 0.00377112370916, 0.00418868241832, 0.00227374094538, 0.00138409680221, 0.00180706614628, 0.00239118072204, 0.00103823014069, 0.00122869038023, 0.00087742699543, 0.000464306591311, 0.000312478863634, 0.000309348426526, 0.000371437810827, 0.000389181281207, 0.000605826789979, 0.00058747298317, 0.00033069748315, 1.38071187816e-09]
    },
    "erbbands": {
        "mean": [0.0685606524348, 0.536090672016, 1.50307703018, 2.09107112885, 4.31305217743, 9.29812717438, 16.9967460632, 25.5192050934, 22.5207996368, 24.6339359283, 44.4309082031, 65.7737197876, 46.3164100647, 54.0065612793, 54.6588058472, 35.2408332825, 27.2019405365, 36.0306053162, 48.46509552, 33.2446746826, 27.0246315002, 26.3115291595, 21.8969936371, 16.4964923859, 12.3967761993, 8.98930263519, 6.58042669296, 4.45538806915, 4.27453947067, 4.01297950745, 2.83437037468, 3.02187633514, 2.72458910942, 2.44275951385, 1.4536229372, 0.699011147022, 0.253125280142, 0.0185331515968, 0.000369288842194, 4.93943807669e-05],
        "stdev": [0.173827394843, 1.2582681179, 4.2714304924, 4.34278249741, 7.70905923843, 12.8990783691, 23.1333084106, 38.8652534485, 34.4709854126, 44.8961410522, 93.2377166748, 123.190246582, 112.508560181, 143.491714478, 161.658996582, 101.910423279, 64.2296676636, 90.449508667, 119.648139954, 90.1167297363, 63.4640197754, 60.4019012451, 48.1452865601, 36.3098564148, 17.1056556702, 15.141295433, 12.641245842, 11.398393631, 13.4214267731, 13.904296875, 9.76511287689, 13.8647384644, 9.88932037354, 7.42654561996, 3.93142104149, 1.80768656731, 0.600617170334, 0.0478047281504, 0.000882911437657, 5.8920304582e-05]
    },
    "gfcc": {
        "mean": [-12.6357040405, 86.3930587769, -119.056419373, 10.9212608337, -63.418712616, 5.77090501785, -48.3847885132, 15.2952613831, -30.5969772339, 7.24593400955, -18.7797031403, 0.228807911277, -8.97971248627],
        "cov": [[16873.0878906, -2517.62695312, -101.300842285, 142.349853516, -56.4236068726, 942.318847656, -556.015686035, 870.752075195, -771.151123047, 705.551696777, -400.770996094, 581.425415039, -132.582275391], [-2517.62695312, 2061.72216797, -730.309814453, -58.6561279297, 274.613525391, -402.736907959, 327.651031494, -357.608581543, 319.700378418, -313.794891357, 275.97479248, -225.064926147, 147.080413818], [-101.300842285, -730.309814453, 1059.14086914, 162.445922852, -22.7692623138, 306.554962158, -101.724845886, 260.21395874, -56.8924789429, 218.114074707, -89.0681381226, 137.615402222, -112.585205078], [142.349853516, -58.6561279297, 162.445922852, 449.101928711, 99.2830581665, 87.6227035522, 35.1465034485, 33.5930786133, 97.5291748047, 33.3414840698, 45.0532722473, 53.5906295776, -25.0363368988], [-56.4236068726, 274.613525391, -22.7692623138, 99.2830581665, 319.897766113, 73.8084335327, 111.230224609, 37.0532493591, 73.4472732544, 22.8097896576, 57.978302002, 33.5582847595, 22.3331356049], [942.318847656, -402.736907959, 306.554962158, 87.6227035522, 73.8084335327, 446.456817627, 31.2158870697, 168.864578247, -51.4034805298, 169.439102173, -13.0235290527, 75.4996185303, 9.40940284729], [-556.015686035, 327.651031494, -101.724845886, 35.1465034485, 111.230224609, 31.2158870697, 240.710693359, -39.3358078003, 93.1717300415, -32.9404029846, 48.2290039062, -27.7173175812, 27.5711154938], [870.752075195, -357.608581543, 260.21395874, 33.5930786133, 37.0532493591, 168.864578247, -39.3358078003, 301.272033691, -21.2746944427, 119.101585388, -50.6450805664, 61.2858505249, 4.46002244949], [-771.151123047, 319.700378418, -56.8924789429, 97.5291748047, 73.4472732544, -51.4034805298, 93.1717300415, -21.2746944427, 209.525054932, -40.8084869385, 52.2523918152, -34.3779296875, 20.9409618378], [705.551696777, -313.794891357, 218.114074707, 33.3414840698, 22.8097896576, 169.439102173, -32.9404029846, 119.101585388, -40.8084869385, 185.76423645, -13.8973112106, 60.6976394653, -18.5607089996], [-400.770996094, 275.97479248, -89.0681381226, 45.0532722473, 57.978302002, -13.0235290527, 48.2290039062, -50.6450805664, 52.2523918152, -13.8973112106, 141.907058716, 7.55431127548, 29.6126117706], [581.425415039, -225.064926147, 137.615402222, 53.5906295776, 33.5582847595, 75.4996185303, -27.7173175812, 61.2858505249, -34.3779296875, 60.6976394653, 7.55431127548, 143.717758179, -12.5093851089], [-132.582275391, 147.080413818, -112.585205078, -25.0363368988, 22.3331356049, 9.40940284729, 27.5711154938, 4.46002244949, 20.9409618378, -18.5607089996, 29.6126117706, -12.5093851089, 119.905921936]],
        "icov": [[0.000154454202857, -9.0216875833e-05, 0.000405858969316, -0.000186406672583, 0.000114786635095, -0.000271668512141, 0.000227445663768, -0.000373279268388, 0.000361674465239, -0.000353830779204, 0.000440122297732, -0.000527068332303, 0.00030351098394], [-9.0216875833e-05, 0.00199756352231, -0.000267731695203, 0.00062897906173, -0.00144449120853, 0.00105240358971, -0.000990219647065, 0.000889593618922, -0.00116037414409, 0.00119109929074, -0.00250372593291, 0.00198643258773, -0.00107642402872], [0.000405858969316, -0.000267731695203, 0.00285202171654, -0.000836392224301, 0.000698646064848, -0.00140147376806, 0.00094053929206, -0.00168903521262, 0.000603519380093, -0.00159722939134, 0.0016757248668, -0.00208992115222, 0.00212231674232], [-0.000186406672583, 0.00062897906173, -0.000836392224301, 0.00342532549985, -0.00100327946711, -2.75088277704e-05, -0.000145857775351, 0.000843460962642, -0.0023275106214, 0.00101853592787, -0.00169141159859, 0.00023870926816, 0.000150206047692], [0.000114786635095, -0.00144449120853, 0.000698646064848, -0.00100327946711, 0.00554244220257, -0.00116197729949, -0.000863215886056, -0.00146983377635, 0.000270227523288, -0.00126675015781, 0.00101858191192, -0.00262131378986, 0.000889013928827], [-0.000271668512141, 0.00105240358971, -0.00140147376806, -2.75088277704e-05, -0.00116197729949, 0.00544772297144, -0.00239281100221, 9.97003007797e-05, 0.000483186915517, -0.00167683977634, -0.0018167598173, 0.00172453268897, -0.00229289452545], [0.000227445663768, -0.000990219647065, 0.00094053929206, -0.000145857775351, -0.000863215886056, -0.00239281100221, 0.00724849337712, -1.59913633979e-05, -0.00134366913699, 0.000119636257295, 0.0012383016292, -0.000815600214992, 0.00086349376943], [-0.000373279268388, 0.000889593618922, -0.00168903521262, 0.000843460962642, -0.00146983377635, 9.97003007797e-05, -1.59913633979e-05, 0.00688028335571, -0.00205495813861, -0.000630693277344, 0.000127654886455, 0.00110555195715, -0.0025549728889], [0.000361674465239, -0.00116037414409, 0.000603519380093, -0.0023275106214, 0.000270227523288, 0.000483186915517, -0.00134366913699, -0.00205495813861, 0.0091781001538, -0.000893674325198, 0.000525935727637, -0.000117238632811, 0.00031773786759], [-0.000353830779204, 0.00119109929074, -0.00159722939134, 0.00101853592787, -0.00126675015781, -0.00167683977634, 0.000119636257295, -0.000630693277344, -0.000893674325198, 0.0118346773088, -0.00311732967384, 0.000873268581927, 7.31459876988e-05], [0.000440122297732, -0.00250372593291, 0.0016757248668, -0.00169141159859, 0.00101858191192, -0.0018167598173, 0.0012383016292, 0.000127654886455, 0.000525935727637, -0.00311732967384, 0.0135609861463, -0.00504554016516, -8.45615068101e-06], [-0.000527068332303, 0.00198643258773, -0.00208992115222, 0.00023870926816, -0.00262131378986, 0.00172453268897, -0.000815600214992, 0.00110555195715, -0.000117238632811, 0.000873268581927, -0.00504554016516, 0.0129125434905, -0.00168372283224], [0.00030351098394, -0.00107642402872, 0.00212231674232, 0.000150206047692, 0.000889013928827, -0.00229289452545, 0.00086349376943, -0.0025549728889, 0.00031773786759, 7.31459876988e-05, -8.45615068101e-06, -0.00168372283224, 0.0117130428553]]
    },
    "melbands": {
        "mean": [0.00063383782981, 0.000773572886828, 0.000420202792156, 0.000486600358272, 0.000563645502552, 0.000569969939534, 0.000348258356098, 0.000261664448772, 0.000402405014029, 0.00041364930803, 0.000219295645365, 0.000209247373277, 0.000180105358595, 0.000111379136797, 6.71837115078e-05, 5.73128672841e-05, 6.92548856023e-05, 7.43073469494e-05, 6.09800845268e-05, 3.65225569112e-05, 2.95358404401e-05, 2.95505724353e-05, 2.24040741159e-05, 1.54566860147e-05, 1.32431041493e-05, 9.7769752756e-06, 7.47833200876e-06, 5.58250758331e-06, 4.29993224316e-06, 3.30052580466e-06, 2.37213885157e-06, 2.52223890129e-06, 2.16115358853e-06, 2.26213387577e-06, 1.59723731485e-06, 1.64133984981e-06, 1.93053870134e-06, 1.8989999262e-06, 1.89810896245e-06, 2.12791087506e-06],
        "stdev": [0.00151363562327, 0.00197517755441, 0.000841260189191, 0.000670012843329, 0.000703721598256, 0.000814748404082, 0.000529031909537, 0.000489158614073, 0.000900897954125, 0.000803473463748, 0.000571546144783, 0.000582718581427, 0.000514061248396, 0.000304538931232, 0.000187211626326, 0.00013382936595, 0.000202000461286, 0.000195265514776, 0.000162019379786, 8.6363623268e-05, 7.88237375673e-05, 7.41769181332e-05, 5.89793889958e-05, 3.20486833516e-05, 3.15725410474e-05, 1.47623813973e-05, 1.14585882329e-05, 9.90812168311e-06, 7.34730701879e-06, 9.08777110453e-06, 6.27748295301e-06, 8.17005093268e-06, 7.01812723491e-06, 8.4475177573e-06, 5.3936655604e-06, 7.22497770766e-06, 9.19778176467e-06, 7.35022831577e-06, 6.24664016868e-06, 6.61520743961e-06]
    },
    "melbands128": {
        "mean": [8.19567139843e-05, 0.00052465806948, 0.000841970439069, 0.00089280953398, 0.000835413986351, 0.000582091102842, 0.000402839650633, 0.000394052563934, 0.000403234385885, 0.000486123317387, 0.000571275013499, 0.000464439450298, 0.000589192146435, 0.000631885253824, 0.000666635110974, 0.000465143297333, 0.000389909226215, 0.000304293178488, 0.000413293659221, 0.000237639324041, 0.000244407710852, 0.000214793661144, 0.000512267171871, 0.000527703319676, 0.000387095991755, 0.000479246751638, 0.000187879035366, 0.00025098992046, 0.000151415035361, 0.000189272104762, 0.00027154039708, 0.000179369206307, 0.000127078426885, 0.000276033504633, 7.2733113484e-05, 9.72644411377e-05, 0.000101755555079, 6.34080934105e-05, 4.65444099973e-05, 6.2059960328e-05, 7.02066827216e-05, 3.19649334415e-05, 7.6254887972e-05, 8.74077959452e-05, 4.67614008812e-05, 8.9308443421e-05, 8.57001869008e-05, 6.93764231983e-05, 4.93440529681e-05, 2.98502327496e-05, 3.74344090233e-05, 4.14168753196e-05, 2.66258848569e-05, 2.51959663728e-05, 3.51480339305e-05, 3.35004369845e-05, 2.00882004719e-05, 2.00817630684e-05, 2.61566947302e-05, 2.36197774939e-05, 1.12060124593e-05, 9.75716284302e-06, 2.08195524465e-05, 1.07015084723e-05, 8.59913689055e-06, 1.13020178105e-05, 9.4499973784e-06, 7.30210967959e-06, 7.70301630837e-06, 6.79602499076e-06, 4.84012934976e-06, 5.93703271079e-06, 4.61387662654e-06, 3.89501747122e-06, 3.81203403776e-06, 3.87673753721e-06, 3.02115654449e-06, 1.99282476387e-06, 2.38588768298e-06, 2.42735904976e-06, 2.87251646114e-06, 2.3699058147e-06, 2.12933082366e-06, 2.09325617107e-06, 2.21725031224e-06, 2.41181487581e-06, 2.38683719544e-06, 1.77962078851e-06, 1.64336358921e-06, 1.26821987578e-06, 1.53326868713e-06, 1.79204710093e-06, 1.76980086053e-06, 1.95118582269e-06, 2.01437183023e-06, 1.94951280719e-06, 1.8641716224e-06, 1.83648876373e-06, 1.81094117124e-06, 1.89114268778e-06, 2.31274589169e-06, 2.19061166717e-06, 1.93041478269e-06, 1.79979929271e-06, 1.58541513429e-06, 1.52821939992e-06, 1.47044158894e-06, 1.3476934555e-06, 1.17037757263e-06, 1.04854689198e-06, 1.08645951968e-06, 9.01822318156e-07, 8.78471155374e-07, 6.87016267875e-07, 4.73182154792e-07, 7.28020310703e-08, 1.42376527235e-11, 3.97181983483e-12, 3.75649034448e-12, 3.60250934986e-12, 3.48064242359e-12, 3.38221269568e-12, 3.2962864209e-12, 3.22340461614e-12, 3.16950719143e-12, 3.12820125706e-12, 3.09796697844e-12, 3.07708546143e-12],
        "stdev": [0.00024137175933, 0.00141894107219, 0.00212779524736, 0.00215104897507, 0.00244954391383, 0.00162348069716, 0.000891429488547, 0.00102908245753, 0.000897137389984, 0.000874666089658, 0.0010309406789, 0.000853989971802, 0.000984244630672, 0.00109771522693, 0.00129235978238, 0.000973222020548, 0.000940850528423, 0.00061984785134, 0.000946149753872, 0.000626455352176, 0.000710562802851, 0.000743584358133, 0.00133553962223, 0.00162350060418, 0.00100343709346, 0.00125724368263, 0.000797656946816, 0.000916797725949, 0.000603388180025, 0.00077837263234, 0.000950069224928, 0.000706496997736, 0.000594430719502, 0.00105548417196, 0.000308548071189, 0.00044297677232, 0.000422417127993, 0.000238941269345, 0.000270471820841, 0.000198581285076, 0.000198088207981, 0.0001256991236, 0.000279153784504, 0.000313083903166, 0.000170275699929, 0.000348084460711, 0.000312486779876, 0.000269587704679, 0.000235360348597, 0.000160280091222, 0.000101200144854, 0.000128903004224, 0.000124317011796, 0.000103022794065, 0.000149004888954, 0.000104717415525, 8.55623220559e-05, 8.33295925986e-05, 0.000106813291495, 5.63132198295e-05, 3.88161679439e-05, 2.56201037701e-05, 7.6287687989e-05, 2.87950497295e-05, 1.94438580365e-05, 1.99947025976e-05, 1.79892231245e-05, 1.20790246001e-05, 1.33260436996e-05, 1.71031406353e-05, 1.02327539935e-05, 1.16016335596e-05, 8.945728041e-06, 7.79248421168e-06, 1.00751622085e-05, 1.21911134556e-05, 9.5001732916e-06, 5.4059573813e-06, 6.62296861265e-06, 7.37738855605e-06, 1.01140267361e-05, 8.88292561285e-06, 7.83409541327e-06, 7.09782716513e-06, 8.43510952109e-06, 8.97662903299e-06, 1.03233141999e-05, 6.34879870631e-06, 5.90723311689e-06, 4.29189276474e-06, 5.88459215578e-06, 8.80820152815e-06, 1.02541243905e-05, 1.09894026536e-05, 9.18526438909e-06, 7.85905831435e-06, 7.81124435889e-06, 7.98673409008e-06, 5.97726557316e-06, 6.52263588563e-06, 7.9722603914e-06, 7.27680208001e-06, 6.78656215314e-06, 5.67239612792e-06, 4.33219702245e-06, 4.28378280048e-06, 4.57666374132e-06, 4.13099860452e-06, 3.30743341692e-06, 2.7813757697e-06, 2.89815625365e-06, 2.15313821172e-06, 2.21137202061e-06, 1.85135513675e-06, 1.38464895372e-06, 2.58419277088e-07, 4.93734012008e-11, 6.6267781193e-12, 6.28884834833e-12, 6.03851907713e-12, 5.83968160286e-12, 5.67429740347e-12, 5.53623943564e-12, 5.42179192167e-12, 5.32828512215e-12, 5.25537079132e-12, 5.20238886692e-12, 5.17011216825e-12]
    },
    "mfcc": {
        "mean": [-654.135253906, 123.453369141, -4.75508403778, 7.45951890945, 2.67562675476, -12.0293521881, -2.42626833916, -7.48846006393, -1.18037509918, -1.14743721485, -3.23182845116, -4.5206489563, -1.28672039509],
        "cov": [[10189.1074219, -781.131286621, -177.668151855, -32.1007347107, 210.9012146, 209.318984985, 325.832641602, 144.116607666, 124.918762207, 61.0487365723, 44.5578651428, -9.53556156158, 56.2042617798], [-781.131286621, 1379.05212402, -434.906982422, -17.8816890717, -19.2141780853, -105.13394928, 28.9383792877, -56.0107765198, -38.9009284973, -13.5158987045, -22.0417289734, -16.7857570648, -30.3445281982], [-177.668151855, -434.906982422, 717.80090332, 34.026008606, 77.1842193604, 87.2368087769, -13.3262844086, 59.6609954834, 28.6212024689, 34.7503738403, 84.3220901489, 46.9341316223, 54.2235069275], [-32.1007347107, -17.8816890717, 34.026008606, 334.643829346, 87.2882919312, 38.3007087708, -36.924156189, 66.5271224976, 13.8184490204, -5.65687561035, 61.8355979919, 58.5109786987, 17.1854801178], [210.9012146, -19.2141780853, 77.1842193604, 87.2882919312, 242.75352478, 52.7026023865, 40.7847061157, 66.6192092896, 41.3440895081, 27.6420307159, 57.1572036743, 50.1931037903, 37.7416877747], [209.318984985, -105.13394928, 87.2368087769, 38.3007087708, 52.7026023865, 302.000396729, 85.3783798218, 67.2939147949, 19.6549701691, 45.6165275574, 50.8934135437, 30.9066028595, 40.4697494507], [325.832641602, 28.9383792877, -13.3262844086, -36.924156189, 40.7847061157, 85.3783798218, 200.507904053, 34.1518859863, 42.4303207397, 40.3359107971, 18.5227050781, 15.3375349045, 21.357334137], [144.116607666, -56.0107765198, 59.6609954834, 66.5271224976, 66.6192092896, 67.2939147949, 34.1518859863, 164.159835815, 48.9285240173, 21.7546100616, 44.7302780151, 39.0485877991, 28.4869174957], [124.918762207, -38.9009284973, 28.6212024689, 13.8184490204, 41.3440895081, 19.6549701691, 42.4303207397, 48.9285240173, 159.809753418, 69.188911438, 12.9314661026, 2.46363425255, 21.3840942383], [61.0487365723, -13.5158987045, 34.7503738403, -5.65687561035, 27.6420307159, 45.6165275574, 40.3359107971, 21.7546100616, 69.188911438, 131.652984619, 31.5746059418, 9.94187545776, 13.4129953384], [44.5578651428, -22.0417289734, 84.3220901489, 61.8355979919, 57.1572036743, 50.8934135437, 18.5227050781, 44.7302780151, 12.9314661026, 31.5746059418, 129.429672241, 47.2818717957, 13.654045105], [-9.53556156158, -16.7857570648, 46.9341316223, 58.5109786987, 50.1931037903, 30.9066028595, 15.3375349045, 39.0485877991, 2.46363425255, 9.94187545776, 47.2818717957, 102.037956238, 27.7215881348], [56.2042617798, -30.3445281982, 54.2235069275, 17.1854801178, 37.7416877747, 40.4697494507, 21.357334137, 28.4869174957, 21.3840942383, 13.4129953384, 13.654045105, 27.7215881348, 87.228729248]],
        "icov": [[0.000115675808047, 9.67489759205e-05, 9.88090250758e-05, 1.64514185599e-05, -9.3533177278e-05, -4.36132677351e-06, -0.000166410653037, -3.97596340918e-05, -7.55853079681e-06, 2.17547876673e-05, -4.85752752866e-05, 8.84854234755e-05, -3.13282289426e-05], [9.67489759205e-05, 0.00101104436908, 0.000645099382382, -5.84595136388e-06, -0.000187447629287, 0.000267996132607, -0.000343822437571, 9.67084488366e-05, 0.000220873349463, -0.000114772490633, -0.000297547696391, 8.3350292698e-05, -0.000117526360555], [9.88090250758e-05, 0.000645099382382, 0.00205995421857, 0.000241317407927, -0.000375502480892, -0.000162780619576, 0.000297471997328, -0.00011758794426, 5.01707108924e-06, -0.000123773730593, -0.00102858874016, -3.76678799512e-05, -0.000772974046413], [1.64514185599e-05, -5.84595136388e-06, 0.000241317407927, 0.00403666310012, -0.000958256481681, -0.000416799943196, 0.00137898302637, -0.000854434329085, -0.000449064915301, 0.000742771429941, -0.00108154723421, -0.00131566193886, 0.000174753149622], [-9.3533177278e-05, -0.000187447629287, -0.000375502480892, -0.000958256481681, 0.00565339857712, 3.85403691325e-05, -0.000642060069367, -0.00077918660827, -0.000627311761491, -6.96935458109e-05, -0.000894705182873, -0.00100399565417, -0.00101139966864], [-4.36132677351e-06, 0.000267996132607, -0.000162780619576, -0.000416799943196, 3.85403691325e-05, 0.00456080539152, -0.00172143359669, -0.0010562709067, 0.00103390554432, -0.00111926428508, -0.000676002528053, 0.000335031654686, -0.00116889469791], [-0.000166410653037, -0.000343822437571, 0.000297471997328, 0.00137898302637, -0.000642060069367, -0.00172143359669, 0.00698673073202, -0.000411330373026, -0.00116013677325, -0.000576265330892, -0.000166104393429, -0.000809142889921, -0.000312671705615], [-3.97596340918e-05, 9.67084488366e-05, -0.00011758794426, -0.000854434329085, -0.00077918660827, -0.0010562709067, -0.000411330373026, 0.00865844730288, -0.00224145967513, 0.000847027637064, -0.0010833669221, -0.0013617068762, -0.000577472208533], [-7.55853079681e-06, 0.000220873349463, 5.01707108924e-06, -0.000449064915301, -0.000627311761491, 0.00103390554432, -0.00116013677325, -0.00224145967513, 0.00947845727205, -0.00466432468966, 0.000839254353195, 0.00149113556836, -0.00123681081459], [2.17547876673e-05, -0.000114772490633, -0.000123773730593, 0.000742771429941, -6.96935458109e-05, -0.00111926428508, -0.000576265330892, 0.000847027637064, -0.00466432468966, 0.0110592041165, -0.00220246450044, -0.000236047286307, 0.000153247441631], [-4.85752752866e-05, -0.000297547696391, -0.00102858874016, -0.00108154723421, -0.000894705182873, -0.000676002528053, -0.000166104393429, -0.0010833669221, 0.000839254353195, -0.00220246450044, 0.0114799356088, -0.00334741105326, 0.00127526116557], [8.84854234755e-05, 8.3350292698e-05, -3.76678799512e-05, -0.00131566193886, -0.00100399565417, 0.000335031654686, -0.000809142889921, -0.0013617068762, 0.00149113556836, -0.000236047286307, -0.00334741105326, 0.0140038402751, -0.00307936314493], [-3.13282289426e-05, -0.000117526360555, -0.000772974046413, 0.000174753149622, -0.00101139966864, -0.00116889469791, -0.000312671705615, -0.000577472208533, -0.00123681081459, 0.000153247441631, 0.00127526116557, -0.00307936314493, 0.0141931977123]]
    },
    "spectral_contrast_coeffs": {
        "mean": [-0.684953331947, -0.706455349922, -0.714265882969, -0.762147426605, -0.781263768673, -0.775041639805],
        "stdev": [0.0864592567086, 0.0740867182612, 0.0774183124304, 0.060163281858, 0.0457896664739, 0.0518905483186]
    },
    "spectral_contrast_valleys": {
        "mean": [-7.14119005203, -6.81417703629, -7.7193608284, -7.89456605911, -7.87023258209, -10.6069383621],
        "stdev": [1.35532987118, 1.23957920074, 1.30358684063, 1.34132480621, 1.42341411114, 1.86928057671]
    }
},
"rhythm": {
    "beats_count": 600,
    "beats_loudness": {
        "mean": 0.0342034101486,
        "stdev": 0.0214584302157
    },
    "bpm": 156.395309448,
    "bpm_histogram_first_peak_bpm": 157,
    "bpm_histogram_first_peak_weight": 0.289224922657,
    "bpm_histogram_second_peak_bpm": 162,
    "bpm_histogram_second_peak_spread": 0,
    "bpm_histogram_second_peak_weight": 0.0333889834583,
    "danceability": 1.01978230476,
    "onset_rate": 2.99898076057,
    "beats_loudness_band_ratio": {
        "mean": [0.288783282042, 0.21693597734, 0.242499768734, 0.129211992025, 0.0967982709408, 0.0690321177244],
        "stdev": [0.252756416798, 0.161448299885, 0.182237744331, 0.145252272487, 0.0882287248969, 0.07761721313]
    },
    "beats_position": [0.417959183455, 0.847528338432, 1.27709746361, 1.67183673382, 2.0549659729, 2.43809509277, 2.83283448219, 3.21596360207, 3.59909296036, 3.97061228752, 4.34213161469, 4.72526073456, 5.10838985443, 5.4915189743, 5.87464857101, 6.25777769089, 6.62929677963, 7.01242637634, 7.38394546509, 7.76707458496, 8.15020370483, 8.53333282471, 8.91646194458, 9.29959201813, 9.682721138, 10.077460289, 10.4257593155, 10.7856683731, 11.1455783844, 11.505487442, 11.9118366241, 12.3181858063, 12.7245349884, 13.0960540771, 13.479183197, 13.8390922546, 14.2106122971, 14.5821313858, 14.9768705368, 15.3483896255, 15.7315187454, 16.114648819, 16.4977779388, 16.8809070587, 17.2524261475, 17.6239452362, 18.0070743561, 18.390203476, 18.7617225647, 19.1332416534, 19.5163707733, 19.8994998932, 20.2826309204, 20.6657600403, 21.0488891602, 21.43201828, 21.8035373688, 22.1750564575, 22.5581855774, 22.9413146973, 23.3244438171, 23.707572937, 24.0907020569, 24.4738311768, 24.8453502655, 25.2168693542, 25.5883903503, 25.9715194702, 26.3546485901, 26.73777771, 27.1209068298, 27.5040359497, 27.8871650696, 28.2586841583, 28.6418132782, 29.0249423981, 29.4080715179, 29.7912006378, 30.1743297577, 30.5574588776, 30.9289798737, 31.3004989624, 31.6836280823, 32.0667572021, 32.4382743835, 32.8097953796, 33.204536438, 33.5876655579, 33.9707946777, 34.3423118591, 34.7138328552, 35.0969619751, 35.480091095, 35.8516082764, 36.2347373962, 36.6178665161, 36.9893875122, 37.3725166321, 37.755645752, 38.1387748718, 38.5102958679, 38.8934249878, 39.2765541077, 39.6596832275, 40.0312004089, 40.4143295288, 40.7974586487, 41.1689796448, 41.5521087646, 41.9352378845, 42.3183670044, 42.7014961243, 43.0730133057, 43.4445343018, 43.8276634216, 44.2107925415, 44.5939216614, 44.9770507812, 45.3485717773, 45.7317008972, 46.1148300171, 46.4863471985, 46.8694763184, 47.2526054382, 47.6357345581, 48.0304756165, 48.4136047363, 48.7967338562, 49.1798629761, 49.5513839722, 49.9229011536, 50.2944221497, 50.6659393311, 51.0374603271, 51.4321975708, 51.8037185669, 52.1868476868, 52.5699768066, 52.941493988, 53.3246231079, 53.7077522278, 54.0792732239, 54.4624023438, 54.8455314636, 55.2286605835, 55.6117897034, 55.9833106995, 56.3664398193, 56.7495689392, 57.1210861206, 57.5042152405, 57.8873443604, 58.2588653564, 58.6303825378, 59.0135154724, 59.3966445923, 59.7797737122, 60.162902832, 60.5460319519, 60.9291610718, 61.3006782532, 61.6721992493, 62.0669364929, 62.438457489, 62.8215866089, 63.2047157288, 63.5878448486, 63.95936203, 64.3424911499, 64.714012146, 65.0971450806, 65.4802703857, 65.8634033203, 66.2465286255, 66.6180496216, 67.0011749268, 67.3726959229, 67.7558288574, 68.1389541626, 68.5220870972, 68.8936004639, 69.2767333984, 69.659866333, 70.0313796997, 70.4145126343, 70.7976379395, 71.1691589355, 71.5522918701, 71.9354171753, 72.3069381714, 72.6900634766, 73.0731964111, 73.4563217163, 73.8394546509, 74.2225799561, 74.6057128906, 74.9772338867, 75.3487548828, 75.731880188, 76.1150131226, 76.4865264893, 76.8580474854, 77.2411804199, 77.6243057251, 78.0190429688, 78.3905639648, 78.7736968994, 79.1568222046, 79.5283432007, 79.8998641968, 80.282989502, 80.6661224365, 81.0492477417, 81.4323806763, 81.8039016724, 82.1870269775, 82.5701599121, 82.9416732788, 83.3248062134, 83.7079315186, 84.0794525146, 84.4625854492, 84.8457107544, 85.2172317505, 85.6003646851, 85.9834899902, 86.3666229248, 86.7381362915, 87.1212692261, 87.4927902222, 87.8759155273, 88.2590484619, 88.6305618286, 89.0136947632, 89.3968200684, 89.7683410645, 90.151473999, 90.5345993042, 90.9177322388, 91.3008575439, 91.67237854, 92.0438995361, 92.4154205322, 92.8101577759, 93.1932830811, 93.5764160156, 93.9595413208, 94.3426742554, 94.7141952515, 95.0857162476, 95.4688415527, 95.8519744873, 96.223487854, 96.6066207886, 96.9897460938, 97.3728790283, 97.7560043335, 98.1275253296, 98.5106582642, 98.8821716309, 99.2653045654, 99.6484298706, 100.031562805, 100.41469574, 100.797821045, 101.169342041, 101.552467346, 101.935600281, 102.307121277, 102.678634644, 103.061767578, 103.444892883, 103.828025818, 104.211151123, 104.582672119, 104.954193115, 105.33732605, 105.720451355, 106.091972351, 106.475097656, 106.858230591, 107.241355896, 107.624488831, 108.007614136, 108.39074707, 108.773872375, 109.15700531, 109.540130615, 109.92326355, 110.294784546, 110.677909851, 111.049430847, 111.432563782, 111.804077148, 112.187210083, 112.570335388, 112.941856384, 113.31337738, 113.696502686, 114.07963562, 114.462760925, 114.84589386, 115.229019165, 115.6121521, 115.983673096, 116.355194092, 116.738319397, 117.121452332, 117.504577637, 117.887710571, 118.259223938, 118.630744934, 119.013877869, 119.397003174, 119.780136108, 120.163261414, 120.53478241, 120.906303406, 121.289428711, 121.672561646, 122.055686951, 122.438819885, 122.82194519, 123.205078125, 123.576599121, 123.948112488, 124.331245422, 124.714370728, 125.085891724, 125.469024658, 125.852149963, 126.235282898, 126.618408203, 126.989929199, 127.373062134, 127.756187439, 128.127700806, 128.499221802, 128.882354736, 129.265487671, 129.648620605, 130.031738281, 130.414871216, 130.79800415, 131.169525146, 131.541046143, 131.912567139, 132.307296753, 132.690429688, 133.061950684, 133.445083618, 133.828201294, 134.211334229, 134.582855225, 134.965988159, 135.349105835, 135.720626831, 136.092147827, 136.475280762, 136.858413696, 137.241546631, 137.624664307, 138.007797241, 138.390930176, 138.762451172, 139.133972168, 139.517089844, 139.900222778, 140.294967651, 140.666488647, 141.049606323, 141.421127319, 141.804260254, 142.17578125, 142.558914185, 142.94203186, 143.313552856, 143.696685791, 144.079818726, 144.451339722, 144.834457397, 145.205978394, 145.589111328, 145.972244263, 146.355377197, 146.738494873, 147.121627808, 147.504760742, 147.887893677, 148.259414673, 148.642532349, 149.014053345, 149.397186279, 149.768707275, 150.15184021, 150.534957886, 150.91809082, 151.301223755, 151.672744751, 152.044265747, 152.427383423, 152.810516357, 153.193649292, 153.576782227, 153.948303223, 154.331420898, 154.714553833, 155.086074829, 155.469207764, 155.852325439, 156.223846436, 156.60697937, 156.978500366, 157.361633301, 157.744766235, 158.127883911, 158.511016846, 158.89414978, 159.277282715, 159.660400391, 160.043533325, 160.403442383, 160.786575317, 161.169708252, 161.541213989, 161.912734985, 162.307479858, 162.690612793, 163.073745728, 163.445251465, 163.828384399, 164.211517334, 164.58303833, 164.954559326, 165.337677002, 165.720809937, 166.103942871, 166.487075806, 166.858596802, 167.230117798, 167.601623535, 167.996368408, 168.379501343, 168.762634277, 169.145751953, 169.528884888, 169.900405884, 170.283538818, 170.666656494, 171.03817749, 171.421310425, 171.804443359, 172.175964355, 172.547485352, 172.930603027, 173.313735962, 173.696868896, 174.080001831, 174.463119507, 174.846252441, 175.217773438, 175.589294434, 175.972427368, 176.355545044, 176.72706604, 177.110198975, 177.493331909, 177.864852905, 178.24798584, 178.631103516, 179.01423645, 179.397369385, 179.768890381, 180.152008057, 180.535140991, 180.906661987, 181.289794922, 181.672927856, 182.044433594, 182.41595459, 182.799087524, 183.182220459, 183.565353394, 183.948471069, 184.331604004, 184.714736938, 185.097869873, 185.480987549, 185.852508545, 186.224029541, 186.607162476, 186.99029541, 187.361816406, 187.733337402, 188.128067017, 188.499588013, 188.894332886, 189.265853882, 189.648971558, 190.032104492, 190.403625488, 190.775146484, 191.158279419, 191.541397095, 191.924530029, 192.307662964, 192.690795898, 193.073913574, 193.44543457, 193.816955566, 194.200088501, 194.583221436, 194.954742432, 195.337860107, 195.720993042, 196.092514038, 196.475646973, 196.858764648, 197.230285645, 197.613418579, 197.996551514, 198.36807251, 198.751205444, 199.13432312, 199.517456055, 199.900588989, 200.272109985, 200.655227661, 201.038360596, 201.409881592, 201.793014526, 202.176147461, 202.547653198, 202.930786133, 203.313919067, 203.685440063, 204.068572998, 204.451690674, 204.82321167, 205.206344604, 205.589477539, 205.960998535, 206.344116211, 206.727249146, 207.11038208, 207.493515015, 207.87663269, 208.248153687, 208.619674683, 209.002807617, 209.385940552, 209.769073486, 210.140579224, 210.523712158, 210.906845093, 211.289978027, 211.673095703, 212.044616699, 212.427749634, 212.810882568, 213.182403564, 213.565536499, 213.937042236, 214.320175171, 214.703308105, 215.08644104, 215.469558716, 215.85269165, 216.235824585, 216.61895752, 216.990478516, 217.373596191, 217.756729126, 218.139862061, 218.522994995, 218.906112671, 219.289245605, 219.683990479, 220.090332031, 220.485076904, 220.891418457, 221.297775269, 221.773788452, 222.238174438, 222.702575684, 223.166976929, 223.619766235, 224.08416748, 224.583404541, 225.094238281, 225.593460083, 226.069473267, 226.557098389, 227.044708252, 227.509109497, 227.973510742, 228.437911987, 228.902313232, 229.355102539, 229.807891846],
    "bpm_histogram": [0, 0, 0, 0, 0, 0, 0, 0, 0, 0, 0, 0, 0, 0, 0, 0, 0, 0, 0, 0, 0, 0, 0, 0, 0, 0, 0, 0, 0, 0, 0, 0, 0, 0, 0, 0, 0, 0, 0, 0, 0, 0, 0, 0, 0, 0, 0, 0, 0, 0, 0, 0, 0, 0, 0, 0, 0, 0, 0, 0, 0, 0, 0, 0, 0, 0, 0, 0, 0, 0, 0, 0, 0, 0, 0, 0, 0, 0, 0, 0, 0, 0, 0, 0, 0, 0, 0, 0, 0, 0, 0, 0, 0, 0, 0, 0, 0, 0, 0, 0, 0, 0, 0, 0, 0, 0, 0, 0, 0, 0, 0, 0, 0, 0, 0, 0, 0, 0.00166944903322, 0, 0, 0.00333889806643, 0, 0, 0.00333889806643, 0, 0, 0.00333889806643, 0, 0, 0.0133555922657, 0, 0, 0, 0.00500834733248, 0, 0, 0, 0, 0, 0, 0.00333889806643, 0, 0, 0, 0, 0, 0, 0, 0.010016694665, 0, 0, 0, 0.0300500839949, 0, 0, 0, 0, 0.627712845802, 0, 0, 0, 0.255425721407, 0.0333889834583, 0, 0, 0, 0, 0.00834724586457, 0, 0, 0, 0, 0.00166944903322, 0, 0, 0, 0, 0, 0, 0, 0, 0, 0, 0, 0, 0, 0, 0, 0, 0, 0, 0, 0, 0, 0, 0, 0, 0, 0, 0, 0, 0, 0, 0, 0, 0, 0, 0, 0, 0, 0, 0, 0, 0, 0, 0, 0, 0, 0, 0, 0, 0, 0, 0, 0, 0, 0, 0, 0, 0, 0, 0, 0, 0, 0, 0, 0, 0, 0, 0, 0, 0, 0, 0, 0, 0, 0, 0, 0, 0]
},
"tonal": {
    "chords_changes_rate": 0.0429175905883,
    "chords_number_rate": 0.00261938339099,
    "chords_strength": {
        "mean": 0.511762261391,
        "stdev": 0.0886980295181
    },
    "hpcp_crest": {
        "mean": 17.509847641,
        "stdev": 8.19692230225
    },
    "hpcp_entropy": {
        "mean": 1.53797459602,
        "stdev": 0.726119995117
    },
    "key_edma": {
        "strength": 0.777933597565,
        "key": "D#",
        "scale": "major"
    },
    "key_krumhansl": {
        "strength": 0.783173084259,
        "key": "D#",
        "scale": "major"
    },
    "key_temperley": {
        "strength": 0.793057560921,
        "key": "D#",
        "scale": "major"
    },
    "tuning_diatonic_strength": 0.593493282795,
    "tuning_equal_tempered_deviation": 0.00112084182911,
    "tuning_frequency": 440.254241943,
    "tuning_nontempered_energy_ratio": 0.635361552238,
    "hpcp": {
        "mean": [0.100234895945, 0.0869531109929, 0.18748486042, 0.282756686211, 0.165155932307, 0.051273368299, 0.0409012846649, 0.0385163761675, 0.127008840442, 0.206335157156, 0.124367877841, 0.0501305572689, 0.0435594245791, 0.0340426079929, 0.0894053950906, 0.14485026896, 0.10433229059, 0.186660856009, 0.274174779654, 0.140396714211, 0.0497159138322, 0.0578867308795, 0.0608829632401, 0.222717806697, 0.340787291527, 0.177817866206, 0.0493304431438, 0.0396332927048, 0.0369026772678, 0.121632687747, 0.181851327419, 0.111672729254, 0.109667472541, 0.148741722107, 0.0959445387125, 0.0796891152859],
        "stdev": [0.214077934623, 0.187690019608, 0.261030346155, 0.342758059502, 0.232709467411, 0.140407502651, 0.127781406045, 0.113861046731, 0.211602166295, 0.301067560911, 0.195676535368, 0.135470539331, 0.139552205801, 0.108834408224, 0.173401579261, 0.262531578541, 0.191535949707, 0.254609674215, 0.367422431707, 0.211046263576, 0.135672301054, 0.159962311387, 0.141337990761, 0.267741501331, 0.374578356743, 0.229092612863, 0.128825426102, 0.122860446572, 0.119769722223, 0.211866229773, 0.297748625278, 0.196429431438, 0.197784423828, 0.272666931152, 0.190152198076, 0.170660316944]
    },
    "chords_histogram": [17.2677822113, 2.53878712654, 23.4938545227, 3.02236557007, 14.3663110733, 0.161192819476, 5.4805560112, 0, 0.584324002266, 0, 0, 0, 0, 0, 0.261938333511, 1.12834978104, 0.886560559273, 3.38504934311, 0.644771277905, 1.55148100853, 2.61938333511, 5.9842839241, 12.4521455765, 4.17086458206],
