{
"metadata": {
    "version": {
        "essentia": "2.1-dev",
        "essentia_git_sha": "v2.1_beta3-415-gd5473f3",
        "extractor": "music 2.0"
    },
    "audio_properties": {
        "analysis": {
            "equal_loudness": 0,
            "length": 233.58694458,
            "sample_rate": 44100,
            "start_time": 0,
            "downmix": "mix"
        },
        "bit_rate": 192000,
        "length": 233.58694458,
        "lossless": 0,
        "number_channels": 2,
        "replay_gain": -10.5872135162,
        "sample_rate": 44100,
        "codec": "mp3",
        "md5_encoded": "65f99b3cda2d980be1e6792de71201a6"
    },
    "tags": {
        "file_name": "carlos_baute-amar_a_dos.mp3",
        "album": ["Dame De Eso"],
        "artist": ["Carlos Baute"],
        "genre": ["Other"],
        "title": ["Amar A Dos"]
    }
},
"lowlevel": {
    "average_loudness": 0.411524742842,
    "barkbands_crest": {
        "mean": 10.5604162216,
        "stdev": 4.39001893997
    },
    "barkbands_flatness_db": {
        "mean": 0.121038764715,
        "stdev": 0.0513296611607
    },
    "barkbands_kurtosis": {
        "mean": 3.67240190506,
        "stdev": 10.6543998718
    },
    "barkbands_skewness": {
        "mean": 1.27008223534,
        "stdev": 1.37648773193
    },
    "barkbands_spread": {
        "mean": 27.6522579193,
        "stdev": 16.2443580627
    },
    "dissonance": {
        "mean": 0.463687479496,
        "stdev": 0.0271111298352
    },
    "dynamic_complexity": 5.80688905716,
    "erbbands_crest": {
        "mean": 9.1312084198,
        "stdev": 4.3858089447
    },
    "erbbands_flatness_db": {
        "mean": 0.147683218122,
        "stdev": 0.0411186479032
    },
    "erbbands_kurtosis": {
        "mean": 0.535893261433,
        "stdev": 2.2351975441
    },
    "erbbands_skewness": {
        "mean": 0.240567833185,
        "stdev": 0.83428311348
    },
    "erbbands_spread": {
        "mean": 36.7516937256,
        "stdev": 16.3687095642
    },
    "hfc": {
        "mean": 17.3452415466,
        "stdev": 21.0836753845
    },
    "loudness_ebu128": {
        "integrated": -13.7577934265,
        "loudness_range": 12.1400241852,
        "momentary": {
            "mean": -22.4962329865,
            "stdev": 36.9145545959
        },
        "short_term": {
            "mean": -18.5436077118,
            "stdev": 19.647151947
        }
    },
    "melbands_crest": {
        "mean": 14.2551269531,
        "stdev": 5.3659529686
    },
    "melbands_flatness_db": {
        "mean": 0.183818295598,
        "stdev": 0.0699877366424
    },
    "melbands_kurtosis": {
        "mean": 11.2468795776,
        "stdev": 20.9036712646
    },
    "melbands_skewness": {
        "mean": 2.35373353958,
        "stdev": 1.71213054657
    },
    "melbands_spread": {
        "mean": 32.2872428894,
        "stdev": 27.4039402008
    },
    "pitch_salience": {
        "mean": 0.503342032433,
        "stdev": 0.115599900484
    },
    "silence_rate_20dB": {
        "mean": 1,
        "stdev": 0
    },
    "silence_rate_30dB": {
        "mean": 0.99980121851,
        "stdev": 0.014097684063
    },
    "silence_rate_60dB": {
        "mean": 0.187158331275,
        "stdev": 0.390049219131
    },
    "spectral_centroid": {
        "mean": 1771.63439941,
        "stdev": 1489.36364746
    },
    "spectral_complexity": {
        "mean": 15.1131095886,
        "stdev": 10.1701107025
    },
    "spectral_decrease": {
        "mean": -3.85661191871e-09,
        "stdev": 3.70649755332e-09
    },
    "spectral_energy": {
        "mean": 0.0161289889365,
        "stdev": 0.015571910888
    },
    "spectral_energyband_high": {
        "mean": 0.000728110200725,
        "stdev": 0.00129794562235
    },
    "spectral_energyband_low": {
        "mean": 0.00536276539788,
        "stdev": 0.00650883326307
    },
    "spectral_energyband_middle_high": {
        "mean": 0.00533498870209,
        "stdev": 0.00813738815486
    },
    "spectral_energyband_middle_low": {
        "mean": 0.00494721066207,
        "stdev": 0.00599141884595
    },
    "spectral_entropy": {
        "mean": 7.6097779274,
        "stdev": 0.561525285244
    },
    "spectral_flux": {
        "mean": 0.0561062507331,
        "stdev": 0.0412106476724
    },
    "spectral_kurtosis": {
        "mean": 4.26518201828,
        "stdev": 3.50337600708
    },
    "spectral_rms": {
        "mean": 0.00346820359118,
        "stdev": 0.00192541838624
    },
    "spectral_rolloff": {
        "mean": 2060.98608398,
        "stdev": 2867.78320312
    },
    "spectral_skewness": {
        "mean": 1.51782059669,
        "stdev": 0.546498119831
    },
    "spectral_spread": {
        "mean": 5488279,
        "stdev": 5127942
    },
    "spectral_strongpeak": {
        "mean": 0.795941591263,
        "stdev": 1.47526860237
    },
    "zerocrossingrate": {
        "mean": 0.0758969858289,
        "stdev": 0.0733231976628
    },
    "barkbands": {
        "mean": [0.000177523965249, 0.00419611670077, 0.000857637962326, 0.000253397156484, 0.000995107227936, 0.000576902995817, 0.000797715736553, 0.000820149667561, 0.00127427186817, 0.00109999487177, 0.000416310445871, 0.000543163565453, 0.000736069341656, 0.000483905401779, 0.000582384702284, 0.000249799835728, 0.000270093878498, 0.00038851480349, 0.00047644865117, 0.000291756499792, 0.000128818908706, 0.000110326589493, 0.000151338870637, 0.00013449578546, 7.95399319031e-05, 3.49438705598e-05, 2.26693350669e-06],
        "stdev": [0.000215916807065, 0.00485262274742, 0.00190720509272, 0.000690662011039, 0.00140297866892, 0.000880227889866, 0.00154498813208, 0.00214891741052, 0.00386179983616, 0.0033139931038, 0.00103213998955, 0.00138651789166, 0.00257571414113, 0.00121548702009, 0.00150787632447, 0.000517776410561, 0.000524135015439, 0.000764003139921, 0.0010954918107, 0.00066465412965, 0.000253812293522, 0.000262058048975, 0.000307868351229, 0.000352694129106, 0.000200174676138, 9.46556174313e-05, 7.4884019341e-06]
    },
    "erbbands": {
        "mean": [0.129241019487, 0.88650149107, 1.24159955978, 0.88812482357, 1.69520688057, 3.64036107063, 4.71094083786, 4.84705591202, 9.66758441925, 13.2710294724, 21.1754703522, 29.5946350098, 27.4811897278, 34.1383018494, 20.7742061615, 23.1753902435, 34.5765380859, 23.1887836456, 33.3140106201, 22.4584693909, 14.236287117, 13.3819160461, 18.6338176727, 22.5929660797, 26.6671619415, 14.4874982834, 5.98658084869, 4.31400108337, 3.76579666138, 4.13773965836, 4.55114269257, 3.31608867645, 1.97805345058, 1.03165316582, 0.494938015938, 0.173965334892, 0.0622891932726, 0.0108363544568, 0.000250237324508, 2.85005444312e-05],
        "stdev": [0.137862414122, 1.16757416725, 2.47374534607, 2.09045147896, 2.93485474586, 5.64103269577, 6.73529672623, 8.17893028259, 17.4046936035, 31.8157501221, 52.4881439209, 84.9077987671, 94.000289917, 97.6811218262, 42.2437515259, 59.5046768188, 124.576965332, 51.9335441589, 89.9933624268, 59.5971298218, 26.7368545532, 23.4058437347, 34.1250267029, 44.1673812866, 62.4166069031, 31.2362670898, 11.0252103806, 9.03212833405, 9.03152179718, 8.72640323639, 9.59038734436, 8.32258224487, 5.2923989296, 2.64735126495, 1.27433335781, 0.482664585114, 0.174770116806, 0.0315025635064, 0.000693288224284, 3.43285173585e-05]
    },
    "gfcc": {
        "mean": [-66.0159378052, 84.6887817383, -114.094451904, 32.5423431396, -55.6177635193, 19.8945350647, -33.6329345703, 16.7252540588, -19.3686828613, 6.67407655716, -8.56300354004, 3.16192245483, -10.0550737381],
        "cov": [[43806.109375, -1.0544064045, -3291.82910156, 1415.9708252, -1272.45544434, 1168.20825195, -340.038482666, 1489.54211426, -451.235137939, 683.329040527, -259.39239502, 378.892456055, -599.754394531], [-1.0544064045, 1375.28564453, -403.455505371, -35.2520065308, 82.6429519653, -192.746353149, 21.7547397614, -113.306472778, 61.5638237, -109.746742249, 88.9961013794, -66.8643951416, 65.4609375], [-3291.82910156, -403.455505371, 878.091369629, -66.5440750122, 53.0705032349, 32.6514816284, 9.9178686142, -57.033367157, 20.4456939697, 22.6124191284, -57.1165390015, 25.3980236053, 5.49539709091], [1415.9708252, -35.2520065308, -66.5440750122, 381.824645996, 54.9318351746, 59.1009368896, 15.4624538422, 61.3959121704, 48.5631256104, 26.6270503998, 9.90874099731, 12.8440437317, 8.91359233856], [-1272.45544434, 82.6429519653, 53.0705032349, 54.9318351746, 345.76083374, 11.6984729767, 129.572067261, 41.9224319458, 81.0111312866, 10.487654686, 47.8696365356, -5.56358671188, 17.4720535278], [1168.20825195, -192.746353149, 32.6514816284, 59.1009368896, 11.6984729767, 240.636154175, 54.5447692871, 81.0665283203, -4.94219064713, 54.8373451233, -3.59068012238, 15.1986055374, -22.2110652924], [-340.038482666, 21.7547397614, 9.9178686142, 15.4624538422, 129.572067261, 54.5447692871, 242.224777222, 79.5859603882, 44.9799041748, 20.6202774048, 55.6016845703, 7.44930553436, -6.23015880585], [1489.54211426, -113.306472778, -57.033367157, 61.3959121704, 41.9224319458, 81.0665283203, 79.5859603882, 202.815979004, 35.9511756897, 54.4158592224, 11.6920976639, 24.5579452515, -33.3228378296], [-451.235137939, 61.5638237, 20.4456939697, 48.5631256104, 81.0111312866, -4.94219064713, 44.9799041748, 35.9511756897, 139.907501221, 19.6071338654, 26.5189800262, 6.11098003387, 15.1291503906], [683.329040527, -109.746742249, 22.6124191284, 26.6270503998, 10.487654686, 54.8373451233, 20.6202774048, 54.4158592224, 19.6071338654, 104.575485229, 13.4233570099, 23.4525661469, -14.1238136292], [-259.39239502, 88.9961013794, -57.1165390015, 9.90874099731, 47.8696365356, -3.59068012238, 55.6016845703, 11.6920976639, 26.5189800262, 13.4233570099, 105.527420044, 10.9496946335, 5.87209701538], [378.892456055, -66.8643951416, 25.3980236053, 12.8440437317, -5.56358671188, 15.1986055374, 7.44930553436, 24.5579452515, 6.11098003387, 23.4525661469, 10.9496946335, 87.6591949463, 9.34713554382], [-599.754394531, 65.4609375, 5.49539709091, 8.91359233856, 17.4720535278, -22.2110652924, -6.23015880585, -33.3228378296, 15.1291503906, -14.1238136292, 5.87209701538, 9.34713554382, 98.0587310791]],
        "icov": [[0.000143450160976, -0.000179827693501, 0.000417553703301, -0.00038435231545, 0.000396615767386, -0.000396104296669, 0.000219484747504, -0.00074155657785, 0.00044210642227, -0.000574682315346, 0.000530179182533, -0.000533254467882, 0.000478618225316], [-0.000179827693501, 0.00137757824268, -8.17317231849e-06, 0.000586128910072, -0.000677207659464, 0.00097273272695, -0.000435536610894, 0.00144473207183, -0.00109960464761, 0.00134603760671, -0.00121376430616, 0.0011335456511, -0.000939882185776], [0.000417553703301, -8.17317231849e-06, 0.00279600312933, -0.000793494225945, 0.000753653177526, -0.00122953776736, 0.000359073863365, -0.00114678603131, 0.000663787359372, -0.00185169384349, 0.00236970139667, -0.0019460133044, 0.00136955827475], [-0.00038435231545, 0.000586128910072, -0.000793494225945, 0.00407100468874, -0.00149331486318, 0.000392192276195, -0.000111313187517, 0.00150325836148, -0.00208723032847, 0.00149791431613, -0.00137015536893, 0.00126555119641, -0.00170979101676], [0.000396615767386, -0.000677207659464, 0.000753653177526, -0.00149331486318, 0.0053015849553, -0.000958048796747, -0.00117304222658, -0.00227475492284, -0.000149535553646, -0.00149380310904, 0.000789355894085, -0.00076423084829, 0.000795705069322], [-0.000396104296669, 0.00097273272695, -0.00122953776736, 0.000392192276195, -0.000958048796747, 0.00688147125766, -0.00172006082721, 0.000862444401719, -0.00024853067589, -0.000222519724048, -0.0010386131471, 0.00174047378823, -0.0012230015127], [0.000219484747504, -0.000435536610894, 0.000359073863365, -0.000111313187517, -0.00117304222658, -0.00172006082721, 0.00692410534248, -0.00319566298276, 0.000396008661482, -0.000199265734409, -0.00176081957761, -0.000685914186761, 0.00087756261928], [-0.00074155657785, 0.00144473207183, -0.00114678603131, 0.00150325836148, -0.00227475492284, 0.000862444401719, -0.00319566298276, 0.0121204229072, -0.00396341783926, 0.000951819936745, -0.00163871340919, 0.00126285082661, -0.000329595932271], [0.00044210642227, -0.00109960464761, 0.000663787359372, -0.00208723032847, -0.000149535553646, -0.00024853067589, 0.000396008661482, -0.00396341783926, 0.0110435029492, -0.00332014029846, 0.000653595023323, -0.00150634790771, 0.000161647913046], [-0.000574682315346, 0.00134603760671, -0.00185169384349, 0.00149791431613, -0.00149380310904, -0.000222519724048, -0.000199265734409, 0.000951819936745, -0.00332014029846, 0.0155377639458, -0.00413283985108, 0.000212891842239, -0.000941904436331], [0.000530179182533, -0.00121376430616, 0.00236970139667, -0.00137015536893, 0.000789355894085, -0.0010386131471, -0.00176081957761, -0.00163871340919, 0.000653595023323, -0.00413283985108, 0.0145879648626, -0.00381776690483, 0.00179431575816], [-0.000533254467882, 0.0011335456511, -0.0019460133044, 0.00126555119641, -0.00076423084829, 0.00174047378823, -0.000685914186761, 0.00126285082661, -0.00150634790771, 0.000212891842239, -0.00381776690483, 0.0152691313997, -0.00407204963267], [0.000478618225316, -0.000939882185776, 0.00136955827475, -0.00170979101676, 0.000795705069322, -0.0012230015127, 0.00087756261928, -0.000329595932271, 0.000161647913046, -0.000941904436331, 0.00179431575816, -0.00407204963267, 0.0134764881805]]
    },
    "melbands": {
        "mean": [0.00116984010674, 0.000858041399624, 0.000169240622199, 0.000201643211767, 0.000167971331393, 0.00010774700786, 0.000152802167577, 0.000150858759298, 0.000181085226359, 0.000182591829798, 0.00013721792493, 0.000145096040796, 6.84062251821e-05, 6.4702675445e-05, 7.17986040399e-05, 6.17873010924e-05, 4.08281557611e-05, 5.59061008971e-05, 3.37754499924e-05, 2.19547091547e-05, 1.58036709763e-05, 1.13970563689e-05, 1.84375949175e-05, 1.97979461518e-05, 1.72854543052e-05, 2.01419461519e-05, 1.62138785527e-05, 7.7500626503e-06, 3.60649642062e-06, 3.22048026646e-06, 2.21344407692e-06, 1.944223186e-06, 2.44791431214e-06, 2.19196499529e-06, 2.63147080659e-06, 2.40887152358e-06, 1.92096990759e-06, 1.51980862029e-06, 9.57398810897e-07, 8.44876581141e-07],
        "stdev": [0.00125886278693, 0.00138235418126, 0.000344857515302, 0.000325505476212, 0.000230067875236, 0.000176651679794, 0.000272092176601, 0.000344097963534, 0.000432688189903, 0.000557234510779, 0.000477675755974, 0.00043423025636, 0.000154209992616, 0.000167530379258, 0.000253030506428, 0.000183032883797, 0.000100489654869, 0.000155994959641, 8.87721616891e-05, 5.76064303459e-05, 3.16639998346e-05, 1.98453653866e-05, 4.15794020228e-05, 4.08782616432e-05, 3.58197758032e-05, 4.81234128529e-05, 3.95244387619e-05, 1.75777040567e-05, 7.04647436578e-06, 6.96514416632e-06, 5.01772956341e-06, 4.83761505166e-06, 6.15948692939e-06, 4.5823835535e-06, 5.66927292311e-06, 5.42786983715e-06, 5.39890879736e-06, 4.31370744991e-06, 2.54268115896e-06, 2.25593589676e-06]
    },
    "melbands128": {
        "mean": [0.000170321494807, 0.000986051512882, 0.00165366125293, 0.00142235239036, 0.000802593596745, 0.000357946730219, 0.000169764127349, 0.000119762938994, 0.000147238999489, 0.000253159960266, 0.000212111175642, 0.000183890297194, 0.000166651865584, 0.00014096328232, 0.00010748085333, 9.0819572506e-05, 9.1882320703e-05, 0.000200449081603, 0.000135697468068, 0.000152233144036, 0.000123926089145, 0.000204074662179, 0.000157291011419, 0.000169823833858, 0.000242658948991, 0.000135238486109, 0.000178285699803, 0.000111065724923, 0.000112228030048, 0.000234359889873, 0.00010789251246, 6.97606956237e-05, 8.59431602294e-05, 3.67975153495e-05, 8.56621918501e-05, 6.74167240504e-05, 5.23030503246e-05, 3.73677685275e-05, 0.00013424475037, 7.66935409047e-05, 3.05439134536e-05, 5.87571921642e-05, 3.23367275996e-05, 3.5059700167e-05, 5.66943599551e-05, 6.10717906966e-05, 6.19012498646e-05, 1.89612601389e-05, 2.91581382044e-05, 4.41233860329e-05, 1.14453323476e-05, 1.15891780297e-05, 2.27870878007e-05, 1.40248675962e-05, 9.89062027656e-06, 7.79877427703e-06, 1.05725357571e-05, 3.35779222951e-05, 1.33640314743e-05, 8.63771583681e-06, 2.14928641071e-05, 2.74863523373e-05, 1.90895698324e-05, 1.34388365041e-05, 1.63621061802e-05, 1.8394073777e-05, 2.68684161711e-05, 1.60109848366e-05, 1.48164035636e-05, 1.49036122821e-05, 7.91722959548e-06, 4.07169636674e-06, 3.61078900823e-06, 3.89739352613e-06, 2.92324170914e-06, 3.64302582057e-06, 3.36204107043e-06, 2.09423956221e-06, 2.40987355937e-06, 1.81706684543e-06, 1.74507056272e-06, 1.98241559701e-06, 2.3343338853e-06, 2.64213599621e-06, 2.4263265459e-06, 2.19493153963e-06, 2.12580039261e-06, 2.11315227716e-06, 2.77283788819e-06, 2.91481933345e-06, 2.67678956334e-06, 2.22860239774e-06, 2.00678005058e-06, 1.95185702978e-06, 1.82486928679e-06, 1.76307412403e-06, 1.46394268086e-06, 1.20101572065e-06, 8.90922763119e-07, 8.89251793978e-07, 8.7123493131e-07, 9.0985395218e-07, 7.08321749698e-07, 6.11116320215e-07, 5.67684935504e-07, 4.90928357522e-07, 4.3381956516e-07, 3.43051652862e-07, 2.64314053311e-07, 2.36272768461e-07, 2.28219647624e-07, 2.10120319366e-07, 2.04384988933e-07, 1.8626047904e-07, 1.45042520217e-07, 1.14911252069e-07, 8.60733919694e-08, 8.67926530645e-09, 2.75930276891e-12, 2.51337622589e-12, 2.43754842699e-12, 2.37584691504e-12, 2.32022452466e-12, 2.27371637143e-12, 2.23941069681e-12, 2.21317083583e-12, 2.19354894491e-12, 2.1786773774e-12],
        "stdev": [0.00020795360615, 0.00112099305261, 0.00191621354315, 0.00210248865187, 0.00158934213687, 0.000791394966654, 0.000473314285045, 0.000298272207147, 0.00031094966107, 0.000486911885673, 0.000405764527386, 0.000320458319038, 0.000289435556624, 0.000245524570346, 0.000227945070947, 0.000235252824496, 0.000229315497563, 0.000448005012004, 0.000331255869241, 0.000551774806809, 0.000422455632361, 0.000608884496614, 0.000606851652265, 0.00055990339024, 0.000865181034897, 0.000701200449839, 0.000949264562223, 0.000648705172352, 0.000451557221822, 0.0008323136135, 0.00038285262417, 0.000202007417101, 0.00024970647064, 0.000138838979183, 0.000289363088086, 0.000235197672737, 0.00023763133504, 0.000160137802595, 0.00067750888411, 0.000311598472763, 0.000135166599648, 0.000195251879632, 0.000131267253892, 0.000128167506773, 0.000208804194699, 0.000222389178816, 0.000233415383263, 0.000104732942418, 0.000113032467198, 0.000165196572198, 5.28145064891e-05, 3.94551279896e-05, 5.88293842156e-05, 3.59513614967e-05, 2.81467055174e-05, 1.99513906409e-05, 2.5430603273e-05, 9.18795412872e-05, 4.28628300142e-05, 3.38415557053e-05, 5.99156301178e-05, 7.22172917449e-05, 5.76792081119e-05, 4.28412749898e-05, 5.17630542163e-05, 5.72280478082e-05, 8.82487729541e-05, 5.90554263908e-05, 5.54346152057e-05, 4.62848984171e-05, 2.32819620578e-05, 1.2580204384e-05, 8.8924616648e-06, 9.04878925212e-06, 6.95010248819e-06, 9.08931178856e-06, 8.81866708369e-06, 5.5935997807e-06, 6.12310714132e-06, 5.12322094437e-06, 4.76415380035e-06, 5.75030799155e-06, 6.67662470732e-06, 7.73425836087e-06, 5.99434224569e-06, 5.10763129569e-06, 4.72470082968e-06, 4.9875948207e-06, 6.49576895739e-06, 7.12999417374e-06, 6.42802069706e-06, 5.44497834198e-06, 5.97634743826e-06, 5.93645836489e-06, 5.70961492485e-06, 6.06959793004e-06, 4.1195708036e-06, 3.75499394067e-06, 2.52532800005e-06, 2.45353862738e-06, 2.46715239882e-06, 2.66501774604e-06, 2.02410205929e-06, 1.58320528953e-06, 1.53347673404e-06, 1.43804879826e-06, 1.47183698118e-06, 1.10446660528e-06, 8.13069448213e-07, 6.8071892656e-07, 7.07770652753e-07, 6.41489521058e-07, 6.39602262709e-07, 5.79606933115e-07, 4.46488712669e-07, 3.48459423094e-07, 2.80648293938e-07, 2.91570554367e-08, 5.24767989479e-12, 4.75919130494e-12, 4.62309964616e-12, 4.50780471978e-12, 4.40993509071e-12, 4.32668441006e-12, 4.2584972007e-12, 4.20478495772e-12, 4.16562834574e-12, 4.14139729454e-12]
    },
    "mfcc": {
        "mean": [-689.731872559, 109.681106567, 1.51128220558, 18.056427002, 4.75183963776, 3.68551206589, 3.00871062279, 8.10276031494, -2.89060807228, 9.39077281952, 1.82905721664, 1.8576849699, 2.90042901039],
        "cov": [[18104.0214844, 736.992797852, -878.798095703, 231.086730957, -63.9691467285, 63.5134429932, 472.047668457, 598.65838623, 120.884506226, 675.548706055, 444.187866211, 139.40612793, 63.7163772583], [736.992797852, 1435.18688965, -223.012741089, 86.1693496704, -19.7232875824, -53.9225540161, -31.6786785126, 15.6417188644, -51.1936340332, -2.3614757061, -8.37224292755, 15.5802993774, 26.0264644623], [-878.798095703, -223.012741089, 573.634094238, -33.8268356323, 12.3143568039, 55.8689689636, -49.376209259, -52.6574249268, 29.4323711395, -65.4795379639, -52.8189125061, 12.6241121292, 10.1455144882], [231.086730957, 86.1693496704, -33.8268356323, 274.122802734, 56.2582740784, 8.01609325409, -1.04228723049, 26.8852767944, 34.0262145996, 2.50332403183, 19.2639522552, 30.5484714508, 42.2994117737], [-63.9691467285, -19.7232875824, 12.3143568039, 56.2582740784, 183.93296814, 31.5074996948, -5.60443973541, 3.33071875572, 35.9295349121, 11.9106903076, 12.115901947, 9.97232151031, 12.0770540237], [63.5134429932, -53.9225540161, 55.8689689636, 8.01609325409, 31.5074996948, 148.049758911, 39.9627761841, 11.1775865555, 32.1958808899, -4.8962893486, 30.4842319489, 21.5560722351, -2.15619254112], [472.047668457, -31.6786785126, -49.376209259, -1.04228723049, -5.60443973541, 39.9627761841, 190.83354187, 61.3939666748, 24.6757926941, 42.6878662109, 55.6915435791, 20.6302833557, -3.46314764023], [598.65838623, 15.6417188644, -52.6574249268, 26.8852767944, 3.33071875572, 11.1775865555, 61.3939666748, 148.376861572, 26.5499038696, 58.6115264893, 50.9384002686, 21.3578033447, 12.5393590927], [120.884506226, -51.1936340332, 29.4323711395, 34.0262145996, 35.9295349121, 32.1958808899, 24.6757926941, 26.5499038696, 138.215606689, 3.6862885952, 26.0686168671, 23.485622406, -1.59052944183], [675.548706055, -2.3614757061, -65.4795379639, 2.50332403183, 11.9106903076, -4.8962893486, 42.6878662109, 58.6115264893, 3.6862885952, 161.165222168, 47.2334861755, -0.00757146812975, 6.80306768417], [444.187866211, -8.37224292755, -52.8189125061, 19.2639522552, 12.115901947, 30.4842319489, 55.6915435791, 50.9384002686, 26.0686168671, 47.2334861755, 131.139358521, 36.2974014282, 1.00195074081], [139.40612793, 15.5802993774, 12.6241121292, 30.5484714508, 9.97232151031, 21.5560722351, 20.6302833557, 21.3578033447, 23.485622406, -0.00757146812975, 36.2974014282, 96.7860412598, 24.6827468872], [63.7163772583, 26.0264644623, 10.1455144882, 42.2994117737, 12.0770540237, -2.15619254112, -3.46314764023, 12.5393590927, -1.59052944183, 6.80306768417, 1.00195074081, 24.6827468872, 96.2644882202]],
        "icov": [[7.60381444707e-05, -2.93795837933e-05, 6.05774330324e-05, -3.17358753819e-05, 6.26741239103e-05, -3.76180323656e-05, -5.0119288062e-05, -0.000137214257848, -3.28496680595e-05, -0.000218145200051, -5.98967271799e-05, -2.81681805063e-05, -4.74049329569e-06], [-2.93795837933e-05, 0.000789913465269, 0.000277113809716, -0.000206547876587, 5.46892370039e-05, 0.000100617791759, 0.000173092368641, -3.63562467101e-05, 0.00025002201437, 0.000170205428731, 0.000151625281433, -0.000209313206142, -8.20162822492e-05], [6.05774330324e-05, 0.000277113809716, 0.00224412628449, 0.000256476341747, 7.0397160016e-05, -0.000911939481739, 0.000439084251411, 0.000195777625777, -0.000482976989588, 0.000237302607275, 0.000778801972046, -0.000518520944752, -0.000403096462833], [-3.17358753819e-05, -0.000206547876587, 0.000256476341747, 0.00446357345209, -0.00113888841588, 7.5180476415e-05, 0.000308739457978, -0.000442416581791, -0.000796264794189, 0.000465909048216, -0.000170115774381, -0.000566512171645, -0.00159726641141], [6.26741239103e-05, 5.46892370039e-05, 7.0397160016e-05, -0.00113888841588, 0.00637464877218, -0.00126482767519, 0.000601605512202, 0.000329751899699, -0.00127973512281, -0.000915971409995, -0.000143696583109, 0.000142503195093, -0.000404091813834], [-3.76180323656e-05, 0.000100617791759, -0.000911939481739, 7.5180476415e-05, -0.00126482767519, 0.00843933410943, -0.00158443266992, 0.000198436697247, -0.000768534548115, 0.000918618228752, -0.00148368382361, -0.000691561494023, 0.000440779462224], [-5.0119288062e-05, 0.000173092368641, 0.000439084251411, 0.000308739457978, 0.000601605512202, -0.00158443266992, 0.00702602509409, -0.00174527312629, -0.000435301364632, -0.000563246547244, -0.00127414183225, -0.000432833243394, 0.000330429174937], [-0.000137214257848, -3.63562467101e-05, 0.000195777625777, -0.000442416581791, 0.000329751899699, 0.000198436697247, -0.00174527312629, 0.00976134929806, -0.00111870653927, -0.00196194415912, -0.0014416128397, -0.000519380322658, -0.000828456948511], [-3.28496680595e-05, 0.00025002201437, -0.000482976989588, -0.000796264794189, -0.00127973512281, -0.000768534548115, -0.000435301364632, -0.00111870653927, 0.00878152344376, 0.000491070968565, -0.000633081130218, -0.00119774870109, 0.00105241977144], [-0.000218145200051, 0.000170205428731, 0.000237302607275, 0.000465909048216, -0.000915971409995, 0.000918618228752, -0.000563246547244, -0.00196194415912, 0.000491070968565, 0.00876613985747, -0.0019745035097, 0.00135160260834, -0.000697975745425], [-5.98967271799e-05, 0.000151625281433, 0.000778801972046, -0.000170115774381, -0.000143696583109, -0.00148368382361, -0.00127414183225, -0.0014416128397, -0.000633081130218, -0.0019745035097, 0.0114164091647, -0.00343649811111, 0.00100945367012], [-2.81681805063e-05, -0.000209313206142, -0.000518520944752, -0.000566512171645, 0.000142503195093, -0.000691561494023, -0.000432833243394, -0.000519380322658, -0.00119774870109, 0.00135160260834, -0.00343649811111, 0.0133717944846, -0.00311061437242], [-4.74049329569e-06, -8.20162822492e-05, -0.000403096462833, -0.00159726641141, -0.000404091813834, 0.000440779462224, 0.000330429174937, -0.000828456948511, 0.00105241977144, -0.000697975745425, 0.00100945367012, -0.00311061437242, 0.0121918516234]]
    },
    "spectral_contrast_coeffs": {
        "mean": [-0.767858564854, -0.7605073452, -0.751214981079, -0.772375226021, -0.769522964954, -0.78587859869],
        "stdev": [0.0704096406698, 0.0738049000502, 0.0732895880938, 0.0637319758534, 0.0643235594034, 0.0472224503756]
    },
    "spectral_contrast_valleys": {
        "mean": [-7.48439598083, -7.60797166824, -8.39192676544, -8.61097049713, -8.6172618866, -10.9294300079],
        "stdev": [3.07292199135, 3.04573369026, 2.97732615471, 2.96545267105, 3.01413297653, 2.80706644058]
    }
},
"rhythm": {
    "beats_count": 490,
    "beats_loudness": {
        "mean": 0.0197214465588,
        "stdev": 0.0165215861052
    },
    "bpm": 126.123245239,
    "bpm_histogram_first_peak_bpm": 126,
    "bpm_histogram_first_peak_weight": 0.237762212753,
    "bpm_histogram_second_peak_bpm": 120,
    "bpm_histogram_second_peak_spread": 0.315789520741,
    "bpm_histogram_second_peak_weight": 0.026584867388,
    "danceability": 0.920789897442,
    "onset_rate": 3.39034771919,
    "beats_loudness_band_ratio": {
        "mean": [0.381558507681, 0.16715824604, 0.173982352018, 0.113770239055, 0.0876722857356, 0.0908930748701],
        "stdev": [0.237612858415, 0.179100245237, 0.146674051881, 0.109602726996, 0.0872768163681, 0.11456463486]
    },
    "beats_position": [0.49922901392, 0.99845802784, 1.49768710136, 1.99691605568, 2.49614500999, 2.97215414047, 3.44816327095, 3.92417216301, 4.41179132462, 4.8994102478, 5.38702917099, 5.87464857101, 6.33904743195, 6.81505680084, 7.2910656929, 7.76707458496, 8.24308395386, 8.70748329163, 9.2067117691, 9.70594120026, 10.2167797089, 10.7392292023, 11.261677742, 11.7841272354, 12.2717456818, 12.7593650818, 13.2469835281, 13.722992897, 14.1990022659, 14.6750106812, 15.15102005, 15.6270294189, 16.1030387878, 16.5790481567, 17.0434455872, 17.5194549561, 17.995464325, 18.4714736938, 18.9474830627, 19.4351024628, 19.9111099243, 20.3871192932, 20.8631286621, 21.3507480621, 21.8499774933, 22.3608150482, 22.8832645416, 23.405714035, 23.9397735596, 24.4738311768, 25.0078907013, 25.553560257, 26.0992279053, 26.6565074921, 27.1441268921, 27.6317462921, 28.1309738159, 28.6302032471, 29.1294326782, 29.6286621094, 30.1394996643, 30.6619491577, 31.1843986511, 31.6371879578, 32.0899772644, 32.5311546326, 32.9723358154, 33.4135131836, 33.8546943665, 34.2842636108, 34.7138328552, 35.1434020996, 35.572971344, 36.0489807129, 36.5249862671, 37.0126075745, 37.5002250671, 37.976234436, 38.4522438049, 38.9282531738, 39.4042625427, 39.8802719116, 40.3562812805, 40.8322906494, 41.2966880798, 41.7726974487, 42.2487068176, 42.713104248, 43.1775054932, 43.6535148621, 44.129524231, 44.6055335999, 45.0815429688, 45.5575485229, 46.0451698303, 46.5211791992, 46.9971885681, 47.473197937, 47.9492073059, 48.4252128601, 48.901222229, 49.3888435364, 49.8648529053, 50.3408622742, 50.8168716431, 51.2812690735, 51.7572784424, 52.2332878113, 52.7092971802, 53.1736946106, 53.661315918, 54.1489334106, 54.6249427795, 55.1009521484, 55.5769615173, 56.0529708862, 56.5173683167, 56.9933776855, 57.4693870544, 57.9453964233, 58.4214057922, 58.8858032227, 59.3618125916, 59.8378219604, 60.3138313293, 60.7898406982, 61.2658500671, 61.741859436, 62.2062568665, 62.6822662354, 63.1582756042, 63.6342849731, 64.1219024658, 64.5979156494, 65.0739212036, 65.5499343872, 66.0259399414, 66.5019454956, 66.9779586792, 67.4539642334, 67.9183654785, 68.3943786621, 68.8703842163, 69.3463897705, 69.8224029541, 70.2868041992, 70.7628097534, 71.2272109985, 71.7032165527, 72.1908340454, 72.6784591675, 73.1544647217, 73.6304779053, 74.1064834595, 74.5824966431, 75.0585021973, 75.5345077515, 75.9989089966, 76.4865264893, 76.9625396729, 77.4385452271, 77.9145584106, 78.3905639648, 78.8665771484, 79.3425827026, 79.8069839478, 80.282989502, 80.7590026855, 81.2350082397, 81.7110214233, 82.1870269775, 82.6630401611, 83.1506576538, 83.6150588989, 84.0794525146, 84.5554656982, 85.0314712524, 85.507484436, 85.9834899902, 86.4595031738, 86.935508728, 87.4115142822, 87.8875274658, 88.36353302, 88.8395462036, 89.3155517578, 89.7915649414, 90.2675704956, 90.7435836792, 91.2195892334, 91.695602417, 92.1716079712, 92.6476211548, 93.123626709, 93.5996322632, 94.0756454468, 94.551651001, 95.0160522461, 95.4920654297, 95.9680709839, 96.4556884766, 96.9317016602, 97.4077072144, 97.8837203979, 98.3597259521, 98.8357315063, 99.3117446899, 99.7877502441, 100.263763428, 100.728164673, 101.192558289, 101.668571472, 102.144577026, 102.62059021, 103.096595764, 103.584213257, 104.048614502, 104.524627686, 105.00063324, 105.465034485, 105.952651978, 106.428657532, 106.904670715, 107.38067627, 107.856689453, 108.332695007, 108.808708191, 109.284713745, 109.760726929, 110.225120544, 110.712738037, 111.188751221, 111.664756775, 112.12915802, 112.593559265, 113.069564819, 113.545578003, 114.021583557, 114.497596741, 114.985214233, 115.461219788, 115.937232971, 116.413238525, 116.889251709, 117.365257263, 117.841270447, 118.317276001, 118.793289185, 119.269294739, 119.745300293, 120.221313477, 120.697319031, 121.173332214, 121.649337769, 122.125350952, 122.601356506, 123.07736969, 123.553375244, 124.029388428, 124.505393982, 124.969795227, 125.445800781, 125.921813965, 126.397819519, 126.873832703, 127.349838257, 127.82585144, 128.301864624, 128.777862549, 129.253875732, 129.729888916, 130.205886841, 130.681900024, 131.157913208, 131.633926392, 132.109924316, 132.5859375, 133.061950684, 133.537963867, 134.013961792, 134.501586914, 134.989196777, 135.465209961, 135.929611206, 136.394012451, 136.870025635, 137.34602356, 137.822036743, 138.286437988, 138.762451172, 139.238449097, 139.71446228, 140.190475464, 140.678085327, 141.154098511, 141.630111694, 142.106124878, 142.570526123, 143.046524048, 143.522537231, 143.986938477, 144.46295166, 144.938949585, 145.414962769, 145.890975952, 146.366973877, 146.842987061, 147.319000244, 147.795013428, 148.259414673, 148.735412598, 149.211425781, 149.687438965, 150.16343689, 150.639450073, 151.115463257, 151.603088379, 152.090698242, 152.566711426, 153.042724609, 153.507110596, 153.971511841, 154.447525024, 154.923538208, 155.411148071, 155.887161255, 156.363174438, 156.839187622, 157.315185547, 157.79119873, 158.267211914, 158.743209839, 159.219223022, 159.683624268, 160.159637451, 160.635650635, 161.11164856, 161.587661743, 162.063674927, 162.539672852, 163.015686035, 163.491699219, 163.956100464, 164.432098389, 164.908111572, 165.384124756, 165.860137939, 166.336135864, 166.812149048, 167.29977417, 167.764175415, 168.24017334, 168.716186523, 169.192199707, 169.668212891, 170.144210815, 170.620223999, 171.096237183, 171.572235107, 172.048248291, 172.524261475, 173.000274658, 173.476272583, 173.940673828, 174.405075073, 174.869476318, 175.345489502, 175.833099365, 176.320724487, 176.796737671, 177.272735596, 177.748748779, 178.224761963, 178.700775146, 179.176773071, 179.652786255, 180.1171875, 180.593200684, 181.069198608, 181.545211792, 182.021224976, 182.508834839, 182.973236084, 183.449249268, 183.925262451, 184.389663696, 184.87727356, 185.353286743, 185.829299927, 186.305297852, 186.781311035, 187.257324219, 187.733337402, 188.209335327, 188.685348511, 189.161361694, 189.637359619, 190.113372803, 190.589385986, 191.06539917, 191.541397095, 192.017410278, 192.481811523, 192.957824707, 193.433822632, 193.909835815, 194.397460938, 194.873458862, 195.349472046, 195.813873291, 196.289886475, 196.765899658, 197.241897583, 197.717910767, 198.19392395, 198.669921875, 199.145935059, 199.621948242, 200.109558105, 200.585571289, 201.061584473, 201.525985718, 202.001998901, 202.477996826, 202.95401001, 203.418411255, 203.894424438, 204.370422363, 204.846435547, 205.32244873, 205.798446655, 206.274459839, 206.750473022, 207.226486206, 207.702484131, 208.178497314, 208.654510498, 209.142120361, 209.629745483, 210.094146729, 210.558547974, 211.022949219, 211.498947144, 211.974960327, 212.439361572, 212.915374756, 213.391372681, 213.867385864, 214.343399048, 214.831008911, 215.318634033, 215.794647217, 216.2706604, 216.746658325, 217.222671509, 217.687072754, 218.163085938, 218.639083862, 219.115097046, 219.591110229, 220.078720093, 220.566345215, 221.053970337, 221.553192139, 222.052429199, 222.563262939, 223.027664185, 223.503662109, 223.979675293, 224.490524292, 225.001358032, 225.523803711, 225.976593018, 226.417770386, 226.858947754, 227.300125122, 227.671646118, 228.043167114, 228.41468811, 228.855865479, 229.297042847, 229.738220215, 230.20262146, 230.597366333, 230.992111206, 231.38684082, 231.769973755, 232.153106689, 232.547836304, 232.942581177],
    "bpm_histogram": [0, 0, 0, 0, 0, 0, 0, 0, 0, 0, 0, 0, 0, 0, 0, 0, 0, 0, 0, 0, 0, 0, 0, 0, 0, 0, 0, 0, 0, 0, 0, 0, 0, 0, 0, 0, 0, 0, 0, 0, 0, 0, 0, 0, 0, 0, 0, 0, 0, 0, 0, 0, 0, 0, 0, 0, 0, 0, 0, 0, 0, 0, 0, 0, 0, 0, 0, 0, 0, 0, 0, 0, 0, 0, 0, 0, 0, 0, 0, 0, 0, 0, 0, 0, 0, 0, 0, 0, 0, 0, 0, 0, 0, 0, 0, 0, 0, 0, 0, 0, 0, 0, 0, 0, 0, 0, 0, 0, 0.00204498972744, 0, 0.00408997945487, 0, 0.00613496918231, 0, 0, 0.0163599178195, 0, 0.0122699383646, 0, 0, 0.026584867388, 0, 0, 0.0961145162582, 0, 0, 0.668711662292, 0, 0, 0.112474434078, 0, 0, 0, 0.00613496918231, 0, 0, 0.0204498972744, 0, 0, 0, 0.00817995890975, 0, 0, 0, 0, 0, 0, 0, 0, 0, 0, 0, 0.0102249486372, 0, 0, 0, 0, 0.00408997945487, 0, 0, 0, 0.00613496918231, 0, 0, 0, 0, 0, 0, 0, 0, 0, 0, 0, 0, 0, 0, 0, 0, 0, 0, 0, 0, 0, 0, 0, 0, 0, 0, 0, 0, 0, 0, 0, 0, 0, 0, 0, 0, 0, 0, 0, 0, 0, 0, 0, 0, 0, 0, 0, 0, 0, 0, 0, 0, 0, 0, 0, 0, 0, 0, 0, 0, 0, 0, 0, 0, 0, 0, 0, 0, 0, 0, 0, 0, 0, 0, 0, 0, 0, 0, 0, 0, 0, 0, 0, 0, 0, 0, 0, 0]
},
"tonal": {
    "chords_changes_rate": 0.0469091646373,
    "chords_number_rate": 0.00218644412234,
    "chords_strength": {
        "mean": 0.526082932949,
        "stdev": 0.212821140885
    },
    "hpcp_crest": {
        "mean": 14.7266168594,
        "stdev": 7.41190433502
    },
    "hpcp_entropy": {
        "mean": 1.77455246449,
        "stdev": 0.751860201359
    },
    "key_edma": {
        "strength": 0.807667434216,
        "key": "A",
        "scale": "major"
    },
    "key_krumhansl": {
        "strength": 0.820345699787,
        "key": "A",
        "scale": "major"
    },
    "key_temperley": {
        "strength": 0.833423256874,
        "key": "A",
        "scale": "major"
    },
    "tuning_diatonic_strength": 0.665790259838,
    "tuning_equal_tempered_deviation": 0.232394993305,
    "tuning_frequency": 434.193115234,
    "tuning_nontempered_energy_ratio": 0.95894753933,
    "hpcp": {
        "mean": [0.312535315752, 0.319590121508, 0.113761439919, 0.0351761206985, 0.0270533263683, 0.0372545197606, 0.142098650336, 0.178041994572, 0.0775649026036, 0.0321289263666, 0.0331371687353, 0.0613548532128, 0.168248057365, 0.179892838001, 0.0890766456723, 0.152586355805, 0.19085688889, 0.093980871141, 0.0421375222504, 0.0425959862769, 0.0627544894814, 0.204101145267, 0.27774694562, 0.154820248485, 0.0827239379287, 0.0771973580122, 0.0812099203467, 0.144049093127, 0.152087897062, 0.0862869247794, 0.077793829143, 0.0730255618691, 0.0535968989134, 0.0796483680606, 0.0967407673597, 0.129393488169],
        "stdev": [0.357895553112, 0.363550871611, 0.191363319755, 0.108476750553, 0.095019839704, 0.112065292895, 0.2248724401, 0.275467425585, 0.15250454843, 0.113694697618, 0.114412546158, 0.160985201597, 0.277905672789, 0.279306799173, 0.160027101636, 0.266798824072, 0.333387672901, 0.194219395518, 0.114432424307, 0.124122366309, 0.161411389709, 0.264712065458, 0.340794295073, 0.236727580428, 0.190139070153, 0.192046120763, 0.194627076387, 0.25670722127, 0.262607008219, 0.166561305523, 0.175156280398, 0.173254266381, 0.125753283501, 0.156160414219, 0.178253993392, 0.211883202195]
    },
    "chords_histogram": [33.8501281738, 2.68336319923, 7.73206138611, 0, 0.0596302933991, 0, 0.795070588589, 0.854700863361, 4.73066997528, 0.0397535264492, 0, 0, 0, 0, 0.318028211594, 2.2460744381, 0.457165569067, 2.7429933548, 0, 7.49354028702, 5.2474656105, 3.87596893311, 14.7485589981, 12.1248264313],
    "thpcp": [1, 0.355960428715, 0.110066354275, 0.0846500694752, 0.116569682956, 0.444627791643, 0.557094812393, 0.24270118773, 0.10053166002, 0.103686459363, 0.191979810596, 0.526449501514, 0.562886118889, 0.278721511364, 0.477443903685, 0.597192704678, 0.294066876173, 0.131848633289, 0.133283182979, 0.196359291673, 0.638634085655, 0.869072377682, 0.48443377018, 0.258843839169, 0.241551145911, 0.254106491804, 0.450730741024, 0.475884228945, 0.269992470741, 0.24341750145, 0.228497549891, 0.167705118656, 0.249220371246, 0.302702635527, 0.404873251915, 0.977925479412],
    "chords_key": "A",
    "chords_scale": "major"
}
}