{
"metadata": {
    "version": {
        "essentia": "2.1-dev",
        "essentia_git_sha": "v2.1_beta3-415-gd5473f3",
        "extractor": "music 2.0"
    },
    "audio_properties": {
        "analysis": {
            "equal_loudness": 0,
            "length": 289.750213623,
            "sample_rate": 44100,
            "start_time": 0,
            "downmix": "mix"
        },
        "bit_rate": 192000,
        "length": 289.750213623,
        "lossless": 0,
        "number_channels": 2,
        "replay_gain": -9.82014274597,
        "sample_rate": 44100,
        "codec": "mp3",
        "md5_encoded": "3f673ea0e6e3f02b1df5b365afcab4d8"
    },
    "tags": {
        "file_name": "celine_dion-think_twice.mp3",
        "album": ["Woman II"],
        "artist": ["Woman II -By Stuff-"],
        "genre": ["Other"],
        "title": ["Celine Dion-Think Twice"]
    }
},
"lowlevel": {
    "average_loudness": 0.102600298822,
    "barkbands_crest": {
        "mean": 11.3106737137,
        "stdev": 4.85520076752
    },
    "barkbands_flatness_db": {
        "mean": 0.15771445632,
        "stdev": 0.0716167017817
    },
    "barkbands_kurtosis": {
        "mean": 5.70333099365,
        "stdev": 13.4297552109
    },
    "barkbands_skewness": {
        "mean": 1.16415286064,
        "stdev": 1.48797380924
    },
    "barkbands_spread": {
        "mean": 20.9667472839,
        "stdev": 16.1869182587
    },
    "dissonance": {
        "mean": 0.440039366484,
        "stdev": 0.0467324182391
    },
    "dynamic_complexity": 7.87926769257,
    "erbbands_crest": {
        "mean": 13.2587528229,
        "stdev": 7.44221544266
    },
    "erbbands_flatness_db": {
        "mean": 0.181146472692,
        "stdev": 0.0696137174964
    },
    "erbbands_kurtosis": {
        "mean": 4.27149391174,
        "stdev": 9.45980930328
    },
    "erbbands_skewness": {
        "mean": 0.826484024525,
        "stdev": 1.29994916916
    },
    "erbbands_spread": {
        "mean": 31.1994056702,
        "stdev": 23.3126182556
    },
    "hfc": {
        "mean": 14.8808717728,
        "stdev": 21.547460556
    },
    "loudness_ebu128": {
        "integrated": -15.3892145157,
        "loudness_range": 14.7482461929,
        "momentary": {
            "mean": -22.9017562866,
            "stdev": 24.8902664185
        },
        "short_term": {
            "mean": -20.3221702576,
            "stdev": 10.4683389664
        }
    },
    "melbands_crest": {
        "mean": 15.3400068283,
        "stdev": 6.65405654907
    },
    "melbands_flatness_db": {
        "mean": 0.218092128634,
        "stdev": 0.0885871872306
    },
    "melbands_kurtosis": {
        "mean": 11.2053985596,
        "stdev": 25.3035774231
    },
    "melbands_skewness": {
        "mean": 1.8084346056,
        "stdev": 1.88354444504
    },
    "melbands_spread": {
        "mean": 24.9450969696,
        "stdev": 22.5052700043
    },
    "pitch_salience": {
        "mean": 0.500830113888,
        "stdev": 0.133177086711
    },
    "silence_rate_20dB": {
        "mean": 1,
        "stdev": 0
    },
    "silence_rate_30dB": {
        "mean": 0.998878180981,
        "stdev": 0.0334724523127
    },
    "silence_rate_60dB": {
        "mean": 0.287740379572,
        "stdev": 0.452694147825
    },
    "spectral_centroid": {
        "mean": 1358.67712402,
        "stdev": 1073.88061523
    },
    "spectral_complexity": {
        "mean": 9.79455089569,
        "stdev": 6.98712587357
    },
    "spectral_decrease": {
        "mean": -3.47724449234e-09,
        "stdev": 4.45833148177e-09
    },
    "spectral_energy": {
        "mean": 0.0144736543298,
        "stdev": 0.0185991469771
    },
    "spectral_energyband_high": {
        "mean": 0.000425482838182,
        "stdev": 0.000964479520917
    },
    "spectral_energyband_low": {
        "mean": 0.00267470884137,
        "stdev": 0.00444810139015
    },
    "spectral_energyband_middle_high": {
        "mean": 0.00759187107906,
        "stdev": 0.0160728469491
    },
    "spectral_energyband_middle_low": {
        "mean": 0.00435703201219,
        "stdev": 0.00675973063335
    },
    "spectral_entropy": {
        "mean": 7.36072444916,
        "stdev": 0.667553782463
    },
    "spectral_flux": {
        "mean": 0.051102206111,
        "stdev": 0.0443966016173
    },
    "spectral_kurtosis": {
        "mean": 6.19735717773,
        "stdev": 7.43912172318
    },
    "spectral_rms": {
        "mean": 0.00308809382841,
        "stdev": 0.00214112224057
    },
    "spectral_rolloff": {
        "mean": 1656.13317871,
        "stdev": 2244.69897461
    },
    "spectral_skewness": {
        "mean": 1.84509170055,
        "stdev": 0.840955853462
    },
    "spectral_spread": {
        "mean": 5338104.5,
        "stdev": 3719963
    },
    "spectral_strongpeak": {
        "mean": 1.54012703896,
        "stdev": 2.58169364929
    },
    "zerocrossingrate": {
        "mean": 0.0669725835323,
        "stdev": 0.0584977529943
    },
    "barkbands": {
        "mean": [0.000184191245353, 0.00168047519401, 0.000637822551653, 0.000351431692252, 0.00069072691258, 0.000813523482066, 0.000617406272795, 0.000427565537393, 0.000821448338684, 0.00211771088652, 0.0016129220603, 0.00188323156908, 0.000533847487532, 0.000324798020301, 0.000419997377321, 0.000424328754889, 0.000197895176825, 0.000137829614687, 0.000128042389406, 8.69859359227e-05, 5.98341757723e-05, 9.21623141039e-05, 7.28104423615e-05, 6.91976456437e-05, 6.7015964305e-05, 2.00708127522e-05, 4.07354662002e-07],
        "stdev": [0.000466200930532, 0.00237316638231, 0.00232935533859, 0.000910811766516, 0.00125317950733, 0.00145747058559, 0.00161617342383, 0.00189755356405, 0.00361052597873, 0.00843896530569, 0.00764836976305, 0.00806841533631, 0.00200535776094, 0.00139585905708, 0.00205956958234, 0.00169420696329, 0.000739681709092, 0.000337267818395, 0.000260871922364, 0.000146462509292, 0.000120173681353, 0.000247047806624, 0.000237977292272, 0.000261628360022, 0.000193698637304, 4.47423226433e-05, 1.10262533326e-06]
    },
    "erbbands": {
        "mean": [0.0653579384089, 0.312390416861, 0.70065009594, 1.02855837345, 1.53532469273, 2.34871172905, 4.59749603271, 7.20886898041, 9.28991127014, 8.15943622589, 9.26166629791, 21.2120170593, 51.475730896, 58.4553794861, 87.0643310547, 75.0670166016, 30.2469577789, 18.0976047516, 22.5715351105, 18.816652298, 22.4381942749, 10.6126413345, 8.32122612, 6.81723022461, 5.83736991882, 4.36377334595, 2.61355423927, 2.6374373436, 3.3337085247, 2.58296847343, 2.09411072731, 1.63864028454, 0.990844964981, 0.569968104362, 0.557087540627, 0.184345126152, 0.0216020923108, 0.00232943659648, 6.93292458891e-05, 2.1243633455e-05],
        "stdev": [0.0982500165701, 0.493764072657, 2.36823654175, 2.820520401, 3.61859846115, 4.31006145477, 10.2097501755, 14.0332365036, 21.0763568878, 24.9445056915, 48.2606964111, 87.3025817871, 208.154052734, 260.620361328, 402.801361084, 346.908691406, 95.9962081909, 65.1025314331, 93.1878738403, 73.2837982178, 84.4529418945, 34.9495353699, 20.8199462891, 13.1908493042, 13.0006351471, 7.35522603989, 4.38473367691, 6.23186683655, 9.14855861664, 7.47991657257, 6.86812829971, 7.00428342819, 3.43254208565, 1.59758639336, 1.79967653751, 0.467268407345, 0.0473094955087, 0.00528910616413, 0.000140896925586, 2.62599805865e-05]
    },
    "gfcc": {
        "mean": [-100.915756226, 87.7456130981, -109.052101135, 22.8862457275, -60.7995223999, 18.8026561737, -37.8822937012, 15.9567422867, -26.9273395538, 8.09330272675, -11.9646272659, 6.58685827255, -4.54447937012],
        "cov": [[29492.2402344, -744.844909668, -1928.26025391, 932.661193848, -504.315216064, 526.539367676, -750.691589355, 457.688903809, -436.080047607, 293.013580322, -415.661956787, 257.235443115, -291.755889893], [-744.844909668, 1623.0078125, 224.506912231, -203.299179077, 186.684967041, -146.965713501, 194.113677979, -39.4861183167, 96.4318237305, -27.1518115997, 171.414840698, -100.397277832, 190.759216309], [-1928.26025391, 224.506912231, 1472.21679688, 249.987335205, -131.865158081, 0.967502355576, -25.7968387604, -18.1916828156, 139.238815308, 78.9597625732, -49.7673797607, 87.6344528198, -6.85688591003], [932.661193848, -203.299179077, 249.987335205, 557.909912109, -3.52340316772, -15.4214067459, -154.748641968, 38.8602333069, 77.3299026489, 64.8672637939, -68.6701126099, 73.1633224487, -35.4353981018], [-504.315216064, 186.684967041, -131.865158081, -3.52340316772, 464.391326904, 64.074432373, 86.952331543, 30.2012882233, 44.4501571655, 18.7707920074, 91.6025924683, -14.3353242874, 55.1112976074], [526.539367676, -146.965713501, 0.967502355576, -15.4214067459, 64.074432373, 308.955505371, 99.0720977783, -21.9595222473, -71.8697433472, 15.0442342758, 34.3241195679, 29.5183601379, -42.2886390686], [-750.691589355, 194.113677979, -25.7968387604, -154.748641968, 86.952331543, 99.0720977783, 305.455871582, 21.7283535004, -43.7286491394, -33.3441696167, 74.7113952637, -26.1531944275, 30.7112922668], [457.688903809, -39.4861183167, -18.1916828156, 38.8602333069, 30.2012882233, -21.9595222473, 21.7283535004, 197.448516846, 71.0134277344, 13.7584533691, -17.5758590698, 10.2680664062, 25.7954940796], [-436.080047607, 96.4318237305, 139.238815308, 77.3299026489, 44.4501571655, -71.8697433472, -43.7286491394, 71.0134277344, 215.791687012, 45.5124969482, -2.90832185745, -0.978710174561, 37.4052314758], [293.013580322, -27.1518115997, 78.9597625732, 64.8672637939, 18.7707920074, 15.0442342758, -33.3441696167, 13.7584533691, 45.5124969482, 128.772842407, 30.0118255615, 12.5616064072, -19.0566978455], [-415.661956787, 171.414840698, -49.7673797607, -68.6701126099, 91.6025924683, 34.3241195679, 74.7113952637, -17.5758590698, -2.90832185745, 30.0118255615, 173.358505249, 11.1843223572, 32.2599372864], [257.235443115, -100.397277832, 87.6344528198, 73.1633224487, -14.3353242874, 29.5183601379, -26.1531944275, 10.2680664062, -0.978710174561, 12.5616064072, 11.1843223572, 123.908073425, 10.8917894363], [-291.755889893, 190.759216309, -6.85688591003, -35.4353981018, 55.1112976074, -42.2886390686, 30.7112922668, 25.7954940796, 37.4052314758, -19.0566978455, 32.2599372864, 10.8917894363, 139.556381226]],
        "icov": [[6.84568949509e-05, -0.000116811446787, 0.000145303827594, -0.000112040928798, 0.000113318012154, -0.000225884941756, 0.000196704510017, -0.000249672797509, 0.000198943249416, -0.000218605200644, 0.000191935178009, -0.000142647346365, 5.47309246031e-05], [-0.000116811446787, 0.00126703514252, -0.000524831295479, 0.000312575226417, -0.000414249050664, 0.00092622829834, -0.000770391721744, 0.000809793826193, -0.000542423513252, 0.000542533991393, -0.00108374434058, 0.00109036068898, -0.00107353169005], [0.000145303827594, -0.000524831295479, 0.00126653700136, -0.000580046500545, 0.000617865123786, -0.000662996491883, 8.0443402112e-05, -0.000150936015416, -0.000221783207962, -0.000888972717803, 0.000915918266401, -0.00104272807948, 0.000309115479467], [-0.000112040928798, 0.000312575226417, -0.000580046500545, 0.00283950800076, -0.000639131001662, 0.000359403289622, 0.000647863023914, 6.31784641882e-05, -0.00064949557418, -0.000270489865215, 0.00040027895011, -0.000853117380757, 0.000349257083144], [0.000113318012154, -0.000414249050664, 0.000617865123786, -0.000639131001662, 0.00309156137519, -0.00119161431212, -5.72816534259e-05, -0.000567495299038, -0.000413860398112, -0.000481370661873, -0.000647434790153, 0.000203953823075, -0.000614303047769], [-0.000225884941756, 0.00092622829834, -0.000662996491883, 0.000359403289622, -0.00119161431212, 0.00560358678922, -0.00245908647776, 0.00133048172574, 0.000448664155556, -7.99322588136e-05, -0.000898746890016, -0.000613069802057, 0.00090863450896], [0.000196704510017, -0.000770391721744, 8.0443402112e-05, 0.000647863023914, -5.72816534259e-05, -0.00245908647776, 0.0061842049472, -0.00238799396902, 0.00153950240929, 0.000772581610363, -0.00100143963937, 0.000646504748147, -0.000135428475915], [-0.000249672797509, 0.000809793826193, -0.000150936015416, 6.31784641882e-05, -0.000567495299038, 0.00133048172574, -0.00238799396902, 0.00757275056094, -0.00301676709205, 8.23077862151e-05, 0.000583464687224, -0.000252926605754, -0.00116251548752], [0.000198943249416, -0.000542423513252, -0.000221783207962, -0.00064949557418, -0.000413860398112, 0.000448664155556, 0.00153950240929, -0.00301676709205, 0.00793985743076, -0.00254033552483, 0.000609907030594, 0.000474593864055, -0.00115327874664], [-0.000218605200644, 0.000542533991393, -0.000888972717803, -0.000270489865215, -0.000481370661873, -7.99322588136e-05, 0.000772581610363, 8.23077862151e-05, -0.00254033552483, 0.0112975267693, -0.00384924863465, 0.000832492834888, 0.00171808653977], [0.000191935178009, -0.00108374434058, 0.000915918266401, 0.00040027895011, -0.000647434790153, -0.000898746890016, -0.00100143963937, 0.000583464687224, 0.000609907030594, -0.00384924863465, 0.00969430617988, -0.00270905159414, -0.00059347494971], [-0.000142647346365, 0.00109036068898, -0.00104272807948, -0.000853117380757, 0.000203953823075, -0.000613069802057, 0.000646504748147, -0.000252926605754, 0.000474593864055, 0.000832492834888, -0.00270905159414, 0.0112179378048, -0.00268113100901], [5.47309246031e-05, -0.00107353169005, 0.000309115479467, 0.000349257083144, -0.000614303047769, 0.00090863450896, -0.000135428475915, -0.00116251548752, -0.00115327874664, 0.00171808653977, -0.00059347494971, -0.00268113100901, 0.0105040278286]]
    },
    "melbands": {
        "mean": [0.000522510381415, 0.000384324375773, 0.000195454849745, 0.000135733265779, 0.000152015185449, 0.000161024494446, 0.000140415577334, 8.94941549632e-05, 7.10382228135e-05, 0.000140259609907, 0.000262709945673, 0.000240119756199, 0.000235423372942, 0.000236758525716, 0.000125158956507, 5.03960363858e-05, 3.22033847624e-05, 3.5234967072e-05, 2.93790508294e-05, 2.86989361484e-05, 2.43893373408e-05, 1.11693680083e-05, 9.12565337785e-06, 5.82470829613e-06, 5.53467134523e-06, 4.42379496235e-06, 3.34219726028e-06, 2.7986443456e-06, 1.68648500676e-06, 1.39135477184e-06, 1.60215688538e-06, 1.89979152765e-06, 1.72695433776e-06, 1.33086177811e-06, 1.24224538922e-06, 1.07555536033e-06, 9.5653047083e-07, 7.22531979136e-07, 5.48321111182e-07, 4.47959621397e-07],
        "stdev": [0.000731970183551, 0.00099087995477, 0.000493285537232, 0.000274945283309, 0.000302508327877, 0.000296915561194, 0.000329500559019, 0.000284361536615, 0.000399043638026, 0.00061230850406, 0.00108927220572, 0.00111435947474, 0.00107346603181, 0.00094794476172, 0.000574629404582, 0.000199832851649, 0.000136194270453, 0.000140778560308, 0.000157596441568, 0.000121281016618, 9.14628253668e-05, 4.74350999866e-05, 2.71025219263e-05, 1.54954432219e-05, 1.17764784591e-05, 1.09613492896e-05, 6.600677807e-06, 4.97092196383e-06, 2.9575253393e-06, 2.77894378087e-06, 4.1877442527e-06, 5.23591779711e-06, 4.88401383336e-06, 4.13804582422e-06, 4.06220488003e-06, 4.45695968665e-06, 4.20231526732e-06, 2.62813819063e-06, 1.68599524386e-06, 1.25129167827e-06]
    },
    "melbands128": {
        "mean": [0.00017287900846, 0.000574421894271, 0.000654030998703, 0.000461113260826, 0.000368773122318, 0.000301164545817, 0.000207827237318, 0.000171200314071, 0.000154097288032, 0.000133747220389, 0.000120894001157, 0.000141694603371, 0.000165727426065, 0.00014535842638, 0.000177209629328, 0.000153141634655, 0.000149527855683, 0.000151642496348, 0.000130296495627, 7.30217288947e-05, 9.62178455666e-05, 7.70258920966e-05, 7.59309987188e-05, 4.02990881412e-05, 0.000120808384963, 0.000201682021725, 0.00013131290325, 0.000326133245835, 0.00029825171805, 0.000286894006422, 0.000233792205108, 0.000109890956082, 0.000115136841487, 0.000530432153028, 0.000221161768422, 0.000128251282149, 0.000313568220008, 9.29382294999e-05, 5.63251196581e-05, 6.10039896856e-05, 5.95429773966e-05, 2.23184415518e-05, 2.37711210502e-05, 4.69184997201e-05, 2.92063814413e-05, 2.67998293566e-05, 5.25700488652e-05, 3.05559369735e-05, 2.02749779419e-05, 2.02112569241e-05, 2.75993788819e-05, 4.25051548518e-05, 2.76668888546e-05, 1.59196224558e-05, 1.75982986548e-05, 9.68003132584e-06, 6.24847734798e-06, 1.1409565559e-05, 8.75587829796e-06, 8.29955752124e-06, 4.7702901611e-06, 4.54500559499e-06, 7.00949385646e-06, 5.90222953178e-06, 3.19683408634e-06, 4.03670674132e-06, 6.12440044279e-06, 3.06523770632e-06, 2.64667642114e-06, 3.55823522113e-06, 3.02314674627e-06, 2.36047594626e-06, 2.04009506888e-06, 1.55049565365e-06, 1.22139579162e-06, 1.54275505793e-06, 1.36342578116e-06, 1.27143482587e-06, 1.65279368503e-06, 1.97073268282e-06, 1.72111356278e-06, 1.84894804534e-06, 2.27964414989e-06, 1.62514277235e-06, 1.44524517509e-06, 1.35043546834e-06, 1.37348786211e-06, 1.10968539957e-06, 1.4014892713e-06, 1.13359169518e-06, 1.06412107925e-06, 1.01751822967e-06, 1.19824369449e-06, 9.18046737297e-07, 8.99795054465e-07, 7.42099302897e-07, 7.05603724782e-07, 6.41329847895e-07, 5.84785823321e-07, 4.6649597607e-07, 4.65786428094e-07, 4.19064406287e-07, 4.70479903925e-07, 4.63656959937e-07, 5.31169291662e-07, 1.03318848232e-06, 7.0843566391e-07, 3.59190437393e-07, 2.9464928275e-07, 1.58548260742e-07, 9.82396599625e-08, 7.28677349571e-08, 5.054519292e-08, 3.40989885217e-08, 2.6717852819e-08, 2.3179151043e-08, 1.6112181811e-08, 1.97814120639e-09, 2.26233289914e-12, 2.16604056739e-12, 2.11015124645e-12, 2.06199011858e-12, 2.01681444982e-12, 1.97757088483e-12, 1.95074989148e-12, 1.9306171245e-12, 1.91342362961e-12, 1.90076990605e-12],
        "stdev": [0.00043319069664, 0.000955649127718, 0.000913657830097, 0.000826638482977, 0.00122903136071, 0.00107193598524, 0.000612488016486, 0.000448630569736, 0.000403315847507, 0.000361206097296, 0.000271666474873, 0.000297551508993, 0.00046852324158, 0.000347544817487, 0.00044283119496, 0.000357538403478, 0.000421248550992, 0.000494027975947, 0.000498400593642, 0.000321315048495, 0.000439611409092, 0.000457070767879, 0.000625218439382, 0.000342654908309, 0.000627738772891, 0.00115470262244, 0.000718832947314, 0.00171143189073, 0.00174682412762, 0.00167622347362, 0.00150060164742, 0.00104932032991, 0.000708748528268, 0.0029850541614, 0.00139093713369, 0.000854641024489, 0.00198632548563, 0.000577815342695, 0.000334961019689, 0.000290550931823, 0.000329615926603, 0.000157190079335, 0.000183955824468, 0.000224649571464, 0.000195480315597, 0.000153142158524, 0.000353325769538, 0.000281448563328, 0.000175081004272, 0.000132101456984, 0.000147607963299, 0.000304844026687, 0.000135302092531, 9.65030048974e-05, 0.000105005776277, 6.6225300543e-05, 2.93780722131e-05, 5.26940602867e-05, 3.42156818078e-05, 3.41075683536e-05, 1.99796813831e-05, 1.47889404616e-05, 1.93759351532e-05, 1.72294676304e-05, 1.24452653836e-05, 1.42504304677e-05, 2.01504462893e-05, 1.12201832962e-05, 6.4211303652e-06, 8.65792753757e-06, 7.47483500163e-06, 4.99995621794e-06, 4.27675240644e-06, 3.44891486748e-06, 2.6659206469e-06, 3.43057877217e-06, 3.13595091939e-06, 3.58340071216e-06, 4.74318903798e-06, 5.7830525293e-06, 4.9073350965e-06, 5.46894807485e-06, 7.45408760849e-06, 4.54666678706e-06, 4.29396686741e-06, 4.48184982815e-06, 4.57801161247e-06, 3.97459552914e-06, 5.02828379467e-06, 3.78452909899e-06, 4.07412881032e-06, 5.17523767485e-06, 5.47548825125e-06, 4.87509942104e-06, 3.74681394533e-06, 2.91636547445e-06, 2.7192043035e-06, 2.25850953939e-06, 1.89113211491e-06, 1.43042154832e-06, 1.40676047522e-06, 1.30163437007e-06, 1.29896977796e-06, 1.3496489828e-06, 1.59515218456e-06, 4.87420038553e-06, 2.2765666472e-06, 8.60994475715e-07, 7.27934832412e-07, 3.81187930998e-07, 2.29523209327e-07, 1.72783529706e-07, 1.18162034823e-07, 8.19972001409e-08, 6.44119282356e-08, 5.82735317778e-08, 4.30533972917e-08, 6.10713390969e-09, 4.88445395241e-12, 4.71210266986e-12, 4.58988359472e-12, 4.48261566754e-12, 4.38952737006e-12, 4.31136289863e-12, 4.24552797432e-12, 4.1936549719e-12, 4.15493811232e-12, 4.13185544806e-12]
    },
    "mfcc": {
        "mean": [-739.198242188, 117.661376953, 9.18244552612, 13.8099298477, 1.92812693119, 1.10707354546, 2.67285823822, 2.9990837574, -0.356032043695, 0.0178242512047, -2.23821163177, 0.0224373620003, 4.11660575867],
        "cov": [[17333.9960938, -407.795013428, -1344.77783203, 387.020233154, 227.760192871, 139.596359253, -17.1824760437, 232.484573364, -81.1907730103, 48.8080711365, -115.542411804, 54.2969932556, 56.903011322], [-407.795013428, 1745.68383789, 155.266235352, -20.4544029236, 22.9975204468, -51.3749885559, 175.89302063, -25.8970737457, 39.785949707, 85.3628692627, 21.6406879425, -31.5070915222, 13.1000070572], [-1344.77783203, 155.266235352, 1311.0871582, 170.920043945, -16.9513912201, 101.122085571, -162.918319702, -4.93757534027, 23.8788795471, -39.0262451172, 62.6160812378, 29.6704006195, -18.1305122375], [387.020233154, -20.4544029236, 170.920043945, 417.45111084, 145.371902466, -21.4678287506, -104.011947632, -4.61188030243, 58.5199394226, -21.3707561493, 18.824338913, 61.3076171875, 22.5228385925], [227.760192871, 22.9975204468, -16.9513912201, 145.371902466, 321.625213623, 34.7522392273, -44.1487846375, -7.75716209412, 49.3964576721, 21.3518276215, 3.68960595131, 62.719493866, 50.2001914978], [139.596359253, -51.3749885559, 101.122085571, -21.4678287506, 34.7522392273, 266.724121094, 86.8903427124, 21.1851844788, -43.0533943176, -16.1066112518, 48.9431838989, -7.32878684998, 8.28801345825], [-17.1824760437, 175.89302063, -162.918319702, -104.011947632, -44.1487846375, 86.8903427124, 310.318328857, 61.228717804, -41.7851066589, 38.9756011963, 15.2715358734, -33.7487449646, -4.30247497559], [232.484573364, -25.8970737457, -4.93757534027, -4.61188030243, -7.75716209412, 21.1851844788, 61.228717804, 157.375305176, 36.1964492798, 3.05189156532, 4.8837890625, 2.7245247364, 0.747526526451], [-81.1907730103, 39.785949707, 23.8788795471, 58.5199394226, 49.3964576721, -43.0533943176, -41.7851066589, 36.1964492798, 159.872558594, 39.3391189575, -11.8265619278, 19.6762943268, -0.365335702896], [48.8080711365, 85.3628692627, -39.0262451172, -21.3707561493, 21.3518276215, -16.1066112518, 38.9756011963, 3.05189156532, 39.3391189575, 148.181808472, 32.9569854736, -11.631280899, -11.2660102844], [-115.542411804, 21.6406879425, 62.6160812378, 18.824338913, 3.68960595131, 48.9431838989, 15.2715358734, 4.8837890625, -11.8265619278, 32.9569854736, 129.329376221, 34.9114875793, -1.80915737152], [54.2969932556, -31.5070915222, 29.6704006195, 61.3076171875, 62.719493866, -7.32878684998, -33.7487449646, 2.7245247364, 19.6762943268, -11.631280899, 34.9114875793, 135.38961792, 63.3328781128], [56.903011322, 13.1000070572, -18.1305122375, 22.5228385925, 50.2001914978, 8.28801345825, -4.30247497559, 0.747526526451, -0.365335702896, -11.2660102844, -1.80915737152, 63.3328781128, 119.300827026]],
        "icov": [[7.39928291296e-05, -1.42487388075e-05, 0.000109141401481, -0.000128269937704, 3.3015741792e-05, -0.000138269344461, 0.000126340048155, -0.000176096451469, 0.000149276442244, -0.000130131331389, 0.000144994322909, -7.48668098822e-05, 3.85592684324e-05], [-1.42487388075e-05, 0.000710483000148, -0.000234270235524, 7.74526342866e-05, -0.000199605608941, 0.000484213262098, -0.000740089686587, 0.000425884732977, -0.000331390096107, -3.6281755456e-05, -0.000260123022599, 0.000367153406842, -0.000303746754071], [0.000109141401481, -0.000234270235524, 0.00118248583749, -0.00057738070609, 0.00048669410171, -0.000958097400144, 0.00100796367042, -0.000456629146356, 0.00018950215599, -0.000163287506439, 4.30005056842e-05, -0.000313024007482, 0.000315342331305], [-0.000128269937704, 7.74526342866e-05, -0.00057738070609, 0.00362763437442, -0.0015290917363, 0.000810641096905, 0.000109332759166, 0.000304578774376, -0.000995677080937, 0.00111298891716, -0.0009798562387, -0.000212782571907, 6.93616893841e-05], [3.3015741792e-05, -0.000199605608941, 0.00048669410171, -0.0015290917363, 0.0046867839992, -0.00164727040101, 0.000813276157714, 0.000178056157893, -0.000574567355216, -0.00133166939486, 0.00111424073111, -0.00148778851144, -0.000781469570938], [-0.000138269344461, 0.000484213262098, -0.000958097400144, 0.000810641096905, -0.00164727040101, 0.00603034347296, -0.00236162915826, 0.000267960887868, 0.000262875371845, 0.00174515345134, -0.00272867269814, 0.00174248975236, -0.000899306091014], [0.000126340048155, -0.000740089686587, 0.00100796367042, 0.000109332759166, 0.000813276157714, -0.00236162915826, 0.00595016730949, -0.00263828062452, 0.00184463907499, -0.00185922777746, 0.000674946350046, -0.000113541973406, 0.00010710360948], [-0.000176096451469, 0.000425884732977, -0.000456629146356, 0.000304578774376, 0.000178056157893, 0.000267960887868, -0.00263828062452, 0.00841869506985, -0.00322191859595, 0.00129315804224, -0.000844629888888, 0.000189367478015, -0.000332192430506], [0.000149276442244, -0.000331390096107, 0.00018950215599, -0.000995677080937, -0.000574567355216, 0.000262875371845, 0.00184463907499, -0.00322191859595, 0.00939377676696, -0.0032945224084, 0.00222955527715, -0.00167589529883, 0.00113332399633], [-0.000130131331389, -3.6281755456e-05, -0.000163287506439, 0.00111298891716, -0.00133166939486, 0.00174515345134, -0.00185922777746, 0.00129315804224, -0.0032945224084, 0.00970499403775, -0.00401688180864, 0.00220711599104, -0.000131138775032], [0.000144994322909, -0.000260123022599, 4.30005056842e-05, -0.0009798562387, 0.00111424073111, -0.00272867269814, 0.000674946350046, -0.000844629888888, 0.00222955527715, -0.00401688180864, 0.0115593345836, -0.00488832173869, 0.00229910993949], [-7.48668098822e-05, 0.000367153406842, -0.000313024007482, -0.000212782571907, -0.00148778851144, 0.00174248975236, -0.000113541973406, 0.000189367478015, -0.00167589529883, 0.00220711599104, -0.00488832173869, 0.0130683090538, -0.00632067024708], [3.85592684324e-05, -0.000303746754071, 0.000315342331305, 6.93616893841e-05, -0.000781469570938, -0.000899306091014, 0.00010710360948, -0.000332192430506, 0.00113332399633, -0.000131138775032, 0.00229910993949, -0.00632067024708, 0.0122106019408]]
    },
    "spectral_contrast_coeffs": {
        "mean": [-0.7669749856, -0.753515720367, -0.713722586632, -0.759720683098, -0.796500086784, -0.804329872131],
        "stdev": [0.0748189911246, 0.0774786174297, 0.105559259653, 0.0811784490943, 0.0601234510541, 0.0425503253937]
    },
    "spectral_contrast_valleys": {
        "mean": [-7.69609498978, -7.78422212601, -8.70314025879, -9.13451766968, -8.91466903687, -11.0714464188],
        "stdev": [2.27265882492, 2.17827701569, 2.1451253891, 2.16426539421, 2.24242210388, 2.14338874817]
    }
},
"rhythm": {
    "beats_count": 645,
    "beats_loudness": {
        "mean": 0.0197943262756,
        "stdev": 0.0204023811966
    },
    "bpm": 134.419403076,
    "bpm_histogram_first_peak_bpm": 136,
    "bpm_histogram_first_peak_weight": 0.466777384281,
    "bpm_histogram_second_peak_bpm": 129,
    "bpm_histogram_second_peak_spread": 0.405405402184,
    "bpm_histogram_second_peak_weight": 0.0341614894569,
    "danceability": 0.915883183479,
    "onset_rate": 2.64355063438,
    "beats_loudness_band_ratio": {
        "mean": [0.359820067883, 0.145259901881, 0.181176662445, 0.206303462386, 0.0778610631824, 0.0712832957506],
        "stdev": [0.28372079134, 0.151369169354, 0.193478956819, 0.263587117195, 0.111072488129, 0.0969626009464]
    },
    "beats_position": [0.476009070873, 0.952018141747, 1.43963718414, 1.91564619541, 2.39165520668, 2.87927436829, 3.33206343651, 3.78485250473, 4.23764181137, 4.69043064117, 5.14321994781, 5.59600877762, 6.03718805313, 6.47836732864, 6.91954612732, 7.37233543396, 7.81351470947, 8.25469398499, 8.70748329163, 9.16027164459, 9.61306095123, 10.0542402267, 10.4954195023, 10.9482088089, 11.4009971619, 11.8421764374, 12.2833557129, 12.7361450195, 13.1889343262, 13.6417226791, 14.0945119858, 14.5356912613, 14.9768705368, 15.4180498123, 15.8592290878, 16.3004074097, 16.7531967163, 17.2059860229, 17.6587753296, 18.0999546051, 18.5527439117, 19.0055332184, 19.4467124939, 19.8762817383, 20.3174591064, 20.758638382, 21.2114276886, 21.6642169952, 22.1170063019, 22.5581855774, 23.010974884, 23.4521541595, 23.8933334351, 24.3345127106, 24.7873020172, 25.2284793854, 25.6696586609, 26.1108379364, 26.5520172119, 27.0048065186, 27.4575958252, 27.9103851318, 28.3631744385, 28.8159637451, 29.2571430206, 29.6983222961, 30.1278915405, 30.5690689087, 31.0102481842, 31.4630374908, 31.9158267975, 32.3686180115, 32.8214035034, 33.2741928101, 33.7153739929, 34.1565513611, 34.6093406677, 35.0621299744, 35.5033111572, 35.9444885254, 36.397277832, 36.8500671387, 37.2912483215, 37.7324256897, 38.1852149963, 38.638004303, 39.0907936096, 39.5319709778, 39.9731521606, 40.4143295288, 40.8671188354, 41.3083000183, 41.7494773865, 42.1906585693, 42.6434440613, 43.0962333679, 43.5374145508, 43.9902038574, 44.4429931641, 44.9654426575, 45.4878921509, 46.0219497681, 46.4863471985, 46.9507484436, 47.415145874, 47.8795471191, 48.3439445496, 48.8199539185, 49.2843513489, 49.748752594, 50.2131500244, 50.6659393311, 51.1187286377, 51.5599098206, 52.0126991272, 52.4654884338, 52.906665802, 53.3478431702, 53.8006324768, 54.2534217834, 54.7062110901, 55.1590003967, 55.6117897034, 56.0529708862, 56.4941482544, 56.9353294373, 57.3881187439, 57.8409042358, 58.2820854187, 58.7232627869, 59.1644439697, 59.6056213379, 60.0468025208, 60.4879798889, 60.9291610718, 61.3819503784, 61.8347396851, 62.2875289917, 62.7403144836, 63.1814956665, 63.6342849731, 64.0870742798, 64.5282516479, 64.9694290161, 65.4106140137, 65.8634033203, 66.316192627, 66.7573699951, 67.1985473633, 67.6513366699, 68.1041259766, 68.5453033447, 68.9864807129, 69.4276657104, 69.8804550171, 70.3332443237, 70.7744216919, 71.2155990601, 71.6567764282, 72.1095657349, 72.5623550415, 73.0151443481, 73.4679336548, 73.9091110229, 74.3502960205, 74.7914733887, 75.2326507568, 75.673828125, 76.1266174316, 76.5794067383, 77.0205917358, 77.4733810425, 77.9261627197, 78.3789520264, 78.8085250854, 79.2497024536, 79.6908798218, 80.1436691284, 80.5964584351, 81.0492477417, 81.5020370483, 81.954826355, 82.3960113525, 82.8371887207, 83.2783660889, 83.7311553955, 84.1723327637, 84.6251220703, 85.0662994385, 85.5190887451, 85.9602737427, 86.4014511108, 86.842628479, 87.2838058472, 87.7365951538, 88.1893844604, 88.6305618286, 89.0717468262, 89.5129241943, 89.965713501, 90.4185028076, 90.8596801758, 91.3008575439, 91.7420425415, 92.1948318481, 92.6476211548, 93.0887985229, 93.5415878296, 93.9943771362, 94.4355545044, 94.8767318726, 95.3179092407, 95.7590942383, 96.2118835449, 96.6646728516, 97.1174621582, 97.5586395264, 97.9998168945, 98.4526062012, 98.8937835693, 99.3349609375, 99.7761459351, 100.217323303, 100.67011261, 101.122901917, 101.564079285, 102.005256653, 102.458045959, 102.910835266, 103.352012634, 103.804801941, 104.257591248, 104.698776245, 105.139953613, 105.59274292, 106.045532227, 106.486709595, 106.927886963, 107.38067627, 107.833465576, 108.274642944, 108.715827942, 109.15700531, 109.609794617, 110.062583923, 110.503761292, 110.94493866, 111.397727966, 111.838912964, 112.280090332, 112.732879639, 113.185668945, 113.638458252, 114.07963562, 114.520812988, 114.961990356, 115.403175354, 115.855964661, 116.308753967, 116.749931335, 117.191108704, 117.64389801, 118.096687317, 118.537864685, 118.979042053, 119.420227051, 119.861404419, 120.314193726, 120.766983032, 121.2081604, 121.660949707, 122.113739014, 122.554916382, 122.99609375, 123.448883057, 123.901672363, 124.342857361, 124.784034729, 125.225212097, 125.678001404, 126.13079071, 126.571968079, 127.013153076, 127.465942383, 127.91872406, 128.359909058, 128.801086426, 129.253875732, 129.706665039, 130.147842407, 130.589019775, 131.030197144, 131.48298645, 131.924163818, 132.376953125, 132.829742432, 133.282531738, 133.723709106, 134.164901733, 134.606079102, 135.058868408, 135.511657715, 135.952835083, 136.40562439, 136.858413696, 137.299591064, 137.740768433, 138.181945801, 138.623123169, 139.075912476, 139.517089844, 139.96987915, 140.411056519, 140.852249146, 141.305038452, 141.757827759, 142.199005127, 142.663391113, 143.10458374, 143.545761108, 143.986938477, 144.439727783, 144.880905151, 145.333694458, 145.774871826, 146.227661133, 146.680450439, 147.121627808, 147.562805176, 148.003982544, 148.445159912, 148.897949219, 149.350738525, 149.791931152, 150.233108521, 150.685897827, 151.138687134, 151.579864502, 152.02104187, 152.485443115, 152.938232422, 153.37940979, 153.80897522, 154.250152588, 154.702941895, 155.155731201, 155.596908569, 156.049697876, 156.502487183, 156.943664551, 157.384857178, 157.849243164, 158.290420532, 158.731613159, 159.172790527, 159.625579834, 160.066757202, 160.519546509, 160.960723877, 161.401901245, 161.843078613, 162.284255981, 162.737045288, 163.189834595, 163.631011963, 164.072189331, 164.513381958, 164.966171265, 165.418960571, 165.860137939, 166.301315308, 166.754104614, 167.206893921, 167.648071289, 168.089248657, 168.542037964, 168.994827271, 169.436004639, 169.877182007, 170.318359375, 170.759536743, 171.21232605, 171.665115356, 172.106307983, 172.547485352, 173.000274658, 173.453063965, 173.894241333, 174.335418701, 174.788208008, 175.240997314, 175.682174683, 176.123352051, 176.576141357, 177.028930664, 177.470108032, 177.9112854, 178.352462769, 178.805252075, 179.258041382, 179.69921875, 180.152008057, 180.604797363, 181.04598999, 181.487167358, 181.928344727, 182.369522095, 182.822311401, 183.275100708, 183.716278076, 184.169067383, 184.621856689, 185.063034058, 185.515823364, 185.968612671, 186.409790039, 186.850967407, 187.292144775, 187.733337402, 188.18611145, 188.638900757, 189.080093384, 189.521270752, 189.974060059, 190.426849365, 190.868026733, 191.309204102, 191.75038147, 192.191558838, 192.632736206, 193.085525513, 193.526702881, 193.979492188, 194.420669556, 194.873458862, 195.326248169, 195.779037476, 196.220230103, 196.673019409, 197.125808716, 197.578598022, 198.019775391, 198.460952759, 198.913742065, 199.354919434, 199.80770874, 200.248886108, 200.690063477, 201.142852783, 201.584030151, 202.036819458, 202.489608765, 202.942398071, 203.383575439, 203.824752808, 204.265930176, 204.707122803, 205.148300171, 205.589477539, 206.042266846, 206.495056152, 206.947845459, 207.400634766, 207.841812134, 208.282989502, 208.72416687, 209.165344238, 209.629745483, 210.094146729, 210.535324097, 210.976501465, 211.417678833, 211.858856201, 212.300048828, 212.741226196, 213.182403564, 213.635192871, 214.087982178, 214.529159546, 214.970336914, 215.411514282, 215.864303589, 216.317092896, 216.758270264, 217.21105957, 217.663848877, 218.105026245, 218.546203613, 218.987380981, 219.440170288, 219.892959595, 220.345748901, 220.798538208, 221.239730835, 221.680908203, 222.122085571, 222.563262939, 223.004440308, 223.457229614, 223.910018921, 224.351196289, 224.792373657, 225.245162964, 225.697952271, 226.139129639, 226.580307007, 227.021499634, 227.48588562, 227.927078247, 228.379852295, 228.821044922, 229.26222229, 229.715011597, 230.167800903, 230.62059021, 231.061767578, 231.502944946, 231.944122314, 232.385299683, 232.838088989, 233.290878296, 233.732055664, 234.173233032, 234.6144104, 235.067199707, 235.519989014, 235.961181641, 236.402359009, 236.843536377, 237.284713745, 237.737503052, 238.190292358, 238.643081665, 239.095870972, 239.53704834, 239.978225708, 240.419403076, 240.860580444, 241.301757812, 241.754547119, 242.207336426, 242.648529053, 243.089706421, 243.542495728, 243.995285034, 244.436462402, 244.877639771, 245.330429077, 245.783218384, 246.224395752, 246.66557312, 247.106750488, 247.559539795, 248.012329102, 248.45350647, 248.906295776, 249.359085083, 249.800262451, 250.241439819, 250.694229126, 251.147018433, 251.58821106, 252.029388428, 252.482177734, 252.934967041, 253.376144409, 253.817321777, 254.270111084, 254.711288452, 255.164077759, 255.605255127, 256.058044434, 256.499237061, 256.94039917, 257.393188477, 257.834381104, 258.275543213, 258.71673584, 259.169525146, 259.622314453, 260.07510376, 260.527893066, 260.969055176, 261.410247803, 261.851409912, 262.304199219, 262.756988525, 263.198181152, 263.650970459, 264.103759766, 264.544952393, 264.986114502, 265.427307129, 265.868469238, 266.309661865, 266.762451172, 267.215240479, 267.656402588, 268.109191895, 268.561981201, 269.003173828, 269.444335938, 269.885528564, 270.338317871, 270.779510498, 271.232299805, 271.673461914, 272.126251221, 272.567443848, 273.020233154, 273.461395264, 273.902587891, 274.355377197, 274.808166504, 275.260955811, 275.713745117, 276.154907227, 276.596099854, 277.037261963, 277.47845459, 277.931243896, 278.384033203, 278.83682251, 279.289611816, 279.742401123, 280.19519043, 280.659576416, 281.12399292, 281.588378906, 282.05279541, 282.517181396, 282.981567383, 283.457580566, 283.93359375, 284.409606934, 284.874023438, 285.350006104, 285.826019287, 286.302032471, 286.766448975, 287.242431641, 287.718444824, 288.194458008, 288.670471191, 289.146484375],
    "bpm_histogram": [0, 0, 0, 0, 0, 0, 0, 0, 0, 0, 0, 0, 0, 0, 0, 0, 0, 0, 0, 0, 0, 0, 0, 0, 0, 0, 0, 0, 0, 0, 0, 0, 0, 0, 0, 0, 0, 0, 0, 0, 0, 0, 0, 0, 0, 0, 0, 0, 0, 0, 0, 0, 0, 0, 0, 0, 0, 0, 0, 0, 0, 0, 0, 0, 0, 0, 0, 0, 0, 0, 0, 0, 0, 0, 0, 0, 0, 0, 0, 0, 0, 0, 0, 0, 0, 0, 0, 0, 0, 0, 0, 0, 0, 0, 0, 0, 0, 0, 0, 0, 0, 0, 0, 0, 0, 0, 0, 0, 0, 0, 0, 0, 0.00155279505998, 0, 0, 0.00310559011996, 0, 0, 0, 0, 0, 0, 0, 0.00310559011996, 0, 0, 0.0232919249684, 0, 0, 0.0341614894569, 0, 0, 0, 0.430124223232, 0, 0, 0.498447209597, 0, 0, 0, 0.00621118023992, 0, 0, 0, 0, 0, 0, 0, 0, 0, 0, 0, 0, 0, 0, 0, 0, 0, 0, 0, 0, 0, 0, 0, 0, 0, 0, 0, 0, 0, 0, 0, 0, 0, 0, 0, 0, 0, 0, 0, 0, 0, 0, 0, 0, 0, 0, 0, 0, 0, 0, 0, 0, 0, 0, 0, 0, 0, 0, 0, 0, 0, 0, 0, 0, 0, 0, 0, 0, 0, 0, 0, 0, 0, 0, 0, 0, 0, 0, 0, 0, 0, 0, 0, 0, 0, 0, 0, 0, 0, 0, 0, 0, 0, 0, 0, 0, 0, 0, 0, 0, 0, 0, 0, 0, 0, 0, 0, 0, 0]
},
"tonal": {
    "chords_changes_rate": 0.049511294812,
    "chords_number_rate": 0.00160230731126,
    "chords_strength": {
        "mean": 0.560826838017,
        "stdev": 0.163251250982
    },
    "hpcp_crest": {
        "mean": 14.6420316696,
        "stdev": 6.94648599625
    },
    "hpcp_entropy": {
        "mean": 1.77398014069,
        "stdev": 0.691649138927
    },
    "key_edma": {
        "strength": 0.67299425602,
        "key": "F",
        "scale": "major"
    },
    "key_krumhansl": {
        "strength": 0.685645163059,
        "key": "F",
        "scale": "major"
    },
    "key_temperley": {
        "strength": 0.704618215561,
        "key": "F",
        "scale": "major"
    },
    "tuning_diatonic_strength": 0.672159075737,
    "tuning_equal_tempered_deviation": 0.280415982008,
    "tuning_frequency": 434.193115234,
    "tuning_nontempered_energy_ratio": 0.957461357117,
    "hpcp": {
        "mean": [0.156695783138, 0.183771684766, 0.126119956374, 0.138688281178, 0.149532735348, 0.0862086415291, 0.040290620178, 0.0349621251225, 0.0560545474291, 0.173977732658, 0.234789088368, 0.14080786705, 0.0650750100613, 0.0445100478828, 0.0725375711918, 0.192970991135, 0.263823568821, 0.163913443685, 0.0640380978584, 0.0410468317568, 0.0378217995167, 0.071099743247, 0.105726249516, 0.0932516753674, 0.145172998309, 0.189201101661, 0.115511260927, 0.0526765957475, 0.035988420248, 0.0497951284051, 0.161194428802, 0.239661186934, 0.164284735918, 0.0861332416534, 0.0634875372052, 0.0754681155086],
