{
"metadata": {
    "version": {
        "essentia": "2.1-dev",
        "essentia_git_sha": "v2.1_beta3-415-gd5473f3",
        "extractor": "music 2.0"
    },
    "audio_properties": {
        "analysis": {
            "equal_loudness": 0,
            "length": 201.377960205,
            "sample_rate": 44100,
            "start_time": 0,
            "downmix": "mix"
        },
        "bit_rate": 192000,
        "length": 201.377960205,
        "lossless": 0,
        "number_channels": 2,
        "replay_gain": -8.65919685364,
        "sample_rate": 44100,
        "codec": "mp3",
        "md5_encoded": "03ed61209059a9e753ee6c39267b984a"
    },
    "tags": {
        "file_name": "craig_david-walking_away.mp3",
        "album": ["Boom 2001. Cd 1"],
        "artist": ["Various artists"],
        "genre": ["Other"],
        "title": ["Craig David - Walking away"]
    }
},
"lowlevel": {
    "average_loudness": 0.906899511814,
    "barkbands_crest": {
        "mean": 11.2693386078,
        "stdev": 4.52862548828
    },
    "barkbands_flatness_db": {
        "mean": 0.151498913765,
        "stdev": 0.065957069397
    },
    "barkbands_kurtosis": {
        "mean": 9.85977172852,
        "stdev": 18.6724243164
    },
    "barkbands_skewness": {
        "mean": 2.22115135193,
        "stdev": 1.64236700535
    },
    "barkbands_spread": {
        "mean": 20.9906215668,
        "stdev": 17.5304527283
    },
    "dissonance": {
        "mean": 0.434082746506,
        "stdev": 0.0442215874791
    },
    "dynamic_complexity": 3.73599910736,
    "erbbands_crest": {
        "mean": 10.2961082458,
        "stdev": 4.84273195267
    },
    "erbbands_flatness_db": {
        "mean": 0.147890612483,
        "stdev": 0.050147715956
    },
    "erbbands_kurtosis": {
        "mean": 1.83939909935,
        "stdev": 3.4969265461
    },
    "erbbands_skewness": {
        "mean": 0.932531416416,
        "stdev": 0.809234857559
    },
    "erbbands_spread": {
        "mean": 45.1113967896,
        "stdev": 29.0291385651
    },
    "hfc": {
        "mean": 27.1431713104,
        "stdev": 30.579454422
    },
    "loudness_ebu128": {
        "integrated": -13.7975559235,
        "loudness_range": 4.78545570374,
        "momentary": {
            "mean": -15.5374107361,
            "stdev": 6.70574951172
        },
        "short_term": {
            "mean": -14.8301897049,
            "stdev": 4.10841178894
        }
    },
    "melbands_crest": {
        "mean": 15.3625259399,
        "stdev": 5.83303833008
    },
    "melbands_flatness_db": {
        "mean": 0.219378128648,
        "stdev": 0.0871231481433
    },
    "melbands_kurtosis": {
        "mean": 25.4562320709,
        "stdev": 43.3855934143
    },
    "melbands_skewness": {
        "mean": 3.29177355766,
        "stdev": 2.2864215374
    },
    "melbands_spread": {
        "mean": 18.9335536957,
        "stdev": 21.7356071472
    },
    "pitch_salience": {
        "mean": 0.53919672966,
        "stdev": 0.137439116836
    },
    "silence_rate_20dB": {
        "mean": 1,
        "stdev": 0
    },
    "silence_rate_30dB": {
        "mean": 0.933133482933,
        "stdev": 0.249796897173
    },
    "silence_rate_60dB": {
        "mean": 0.0970717072487,
        "stdev": 0.296067029238
    },
    "spectral_centroid": {
        "mean": 1059.47338867,
        "stdev": 749.944335938
    },
    "spectral_complexity": {
        "mean": 14.2561674118,
        "stdev": 8.7680273056
    },
    "spectral_decrease": {
        "mean": -9.53864898179e-09,
        "stdev": 9.94609727911e-09
    },
    "spectral_energy": {
        "mean": 0.0384630598128,
        "stdev": 0.0384240485728
    },
    "spectral_energyband_high": {
        "mean": 0.00157897162717,
        "stdev": 0.0027956510894
    },
    "spectral_energyband_low": {
        "mean": 0.0191653165966,
        "stdev": 0.0341763682663
    },
    "spectral_energyband_middle_high": {
        "mean": 0.00457616848871,
        "stdev": 0.00624111061916
    },
    "spectral_energyband_middle_low": {
        "mean": 0.0146878631786,
        "stdev": 0.0118604898453
    },
    "spectral_entropy": {
        "mean": 7.45189571381,
        "stdev": 0.597004950047
    },
    "spectral_flux": {
        "mean": 0.0884075388312,
        "stdev": 0.0720395296812
    },
    "spectral_kurtosis": {
        "mean": 4.1420545578,
        "stdev": 4.60127210617
    },
    "spectral_rms": {
        "mean": 0.00538014480844,
        "stdev": 0.00292900414206
    },
    "spectral_rolloff": {
        "mean": 1757.16662598,
        "stdev": 2644.23901367
    },
    "spectral_skewness": {
        "mean": 1.74381697178,
        "stdev": 0.658608913422
    },
    "spectral_spread": {
        "mean": 6844763,
        "stdev": 2792560
    },
    "spectral_strongpeak": {
        "mean": 1.06300580502,
        "stdev": 1.07278990746
    },
    "zerocrossingrate": {
        "mean": 0.0758577659726,
        "stdev": 0.0644205212593
    },
    "barkbands": {
        "mean": [0.000668929365929, 0.013000998646, 0.00449362909421, 0.00204625492916, 0.00352492858656, 0.00221714167856, 0.00119181408081, 0.00230417074636, 0.00254861614667, 0.00178708240855, 0.000694541726261, 0.000414878799347, 0.000336944067385, 0.000392054033, 0.000307260779664, 0.000256396189798, 0.000176292160177, 0.000265686947387, 0.000186294928426, 0.000165571895195, 0.000170932034962, 0.000198133406229, 0.000234666309552, 0.000294367113383, 0.000373904855223, 0.000201853938051, 9.75745479082e-06],
        "stdev": [0.0021822983399, 0.0269234646112, 0.0112664010376, 0.0045151473023, 0.00381187046878, 0.00276759825647, 0.00176450540312, 0.00382044678554, 0.00441405642778, 0.00315376091748, 0.00150228198618, 0.00119940843433, 0.000798904744443, 0.000900998304132, 0.000724079203792, 0.000534158200026, 0.000321201892802, 0.000487725657877, 0.000686629500706, 0.000514555315021, 0.000642227416392, 0.000386489351513, 0.000478352507344, 0.000538529828191, 0.000677254167385, 0.000467076984933, 2.10520283872e-05]
    },
    "erbbands": {
        "mean": [0.437107592821, 2.62236571312, 5.62014961243, 5.88111352921, 8.68076038361, 12.1399507523, 20.382692337, 14.6574707031, 14.4942588806, 30.1051483154, 51.4947052002, 68.386138916, 60.0497283936, 41.1525840759, 31.1026382446, 16.3970623016, 17.761423111, 18.9282131195, 19.0123767853, 15.6059598923, 10.9436120987, 9.34176921844, 14.2108898163, 11.659526825, 7.38181018829, 8.13780879974, 6.61005878448, 7.28692722321, 6.62527418137, 8.35248088837, 6.16620588303, 5.61098718643, 5.09147500992, 4.2045173645, 2.60974574089, 1.08497738838, 0.315440565348, 0.0517085045576, 0.00118707702495, 8.52079465403e-05],
        "stdev": [1.20727288723, 4.85481309891, 11.7738456726, 14.2987680435, 13.0334701538, 14.2822551727, 25.4266624451, 19.7347736359, 20.6597099304, 48.3422698975, 93.7703323364, 124.465087891, 103.315757751, 92.058555603, 60.8423538208, 47.3403663635, 41.1359367371, 41.4605674744, 39.5590057373, 31.6472682953, 21.6241092682, 16.3045291901, 26.8933353424, 31.3741893768, 25.5307579041, 27.1827697754, 21.2640838623, 26.3266830444, 13.5147066116, 16.9496765137, 12.5480031967, 10.9199419022, 9.33149147034, 7.50207090378, 5.06177854538, 2.68814444542, 0.663087487221, 0.104080401361, 0.00229963310994, 9.46548971115e-05]
    },
    "gfcc": {
        "mean": [-6.18444061279, 68.2004318237, -90.5844268799, 10.998374939, -74.4219970703, 12.3884105682, -50.0772628784, 13.6173343658, -30.4218273163, -0.956322610378, -25.5360527039, 3.32797765732, -14.074678421],
        "cov": [[13479.2060547, -507.009155273, -243.683349609, -31.250371933, -76.5002975464, 532.295776367, -14.0613059998, 374.535583496, 11.9553337097, 158.234268188, -228.097229004, 52.0734062195, -179.42930603], [-507.009155273, 1826.08422852, 149.991455078, 97.7089767456, 461.910003662, 46.7807922363, 294.931854248, 61.4018058777, 218.831985474, -6.80041742325, 117.831123352, -50.9032402039, 89.2066955566], [-243.683349609, 149.991455078, 1088.81494141, 483.984954834, 344.729248047, 208.704299927, 189.057815552, 170.108520508, 143.035003662, 90.3774719238, 74.0587463379, 39.5819473267, 34.3354797363], [-31.250371933, 97.7089767456, 483.984954834, 748.846069336, 295.231994629, 64.6223831177, 175.806793213, 121.005950928, 109.911903381, 69.8210067749, 88.1731414795, 4.4481215477, 85.3380737305], [-76.5002975464, 461.910003662, 344.729248047, 295.231994629, 478.454528809, 183.185241699, 208.583847046, 134.668884277, 153.650604248, 66.1381607056, 81.1156005859, 16.3080692291, 40.5712280273], [532.295776367, 46.7807922363, 208.704299927, 64.6223831177, 183.185241699, 357.010986328, 184.594650269, 96.5917434692, 94.653968811, 64.9521865845, 43.2313575745, 22.6248645782, -6.61986351013], [-14.0613059998, 294.931854248, 189.057815552, 175.806793213, 208.583847046, 184.594650269, 329.498321533, 104.498504639, 80.1302032471, 86.9462051392, 89.1272964478, 6.09616661072, 25.4901676178], [374.535583496, 61.4018058777, 170.108520508, 121.005950928, 134.668884277, 96.5917434692, 104.498504639, 201.900619507, 116.305961609, 54.1341018677, 22.0276412964, 15.5907001495, 4.93095684052], [11.9553337097, 218.831985474, 143.035003662, 109.911903381, 153.650604248, 94.653968811, 80.1302032471, 116.305961609, 191.555084229, 41.67943573, 30.5334300995, 12.5394592285, 36.5044441223], [158.234268188, -6.80041742325, 90.3774719238, 69.8210067749, 66.1381607056, 64.9521865845, 86.9462051392, 54.1341018677, 41.67943573, 116.69393158, 46.4828529358, 18.810798645, 13.4652919769], [-228.097229004, 117.831123352, 74.0587463379, 88.1731414795, 81.1156005859, 43.2313575745, 89.1272964478, 22.0276412964, 30.5334300995, 46.4828529358, 111.220344543, 34.6066894531, 29.6474590302], [52.0734062195, -50.9032402039, 39.5819473267, 4.4481215477, 16.3080692291, 22.6248645782, 6.09616661072, 15.5907001495, 12.5394592285, 18.810798645, 34.6066894531, 93.8977813721, 31.8510093689], [-179.42930603, 89.2066955566, 34.3354797363, 85.3380737305, 40.5712280273, -6.61986351013, 25.4901676178, 4.93095684052, 36.5044441223, 13.4652919769, 29.6474590302, 31.8510093689, 109.835723877]],
        "icov": [[0.000104036254925, -7.27784135961e-05, 9.42647238844e-05, -0.000124244004837, 0.000111936707981, -0.000289233779768, 0.000177274167072, -0.000290796975605, 0.000219260735321, -0.000240516499616, 0.000338382582413, -0.000194171574549, 0.000130846907268], [-7.27784135961e-05, 0.00125696242321, -0.000127013103338, 0.0007409939426, -0.00126776378602, 0.00111570500303, -0.00123992445879, 0.000858979590703, -0.00135667179711, 0.00121857668273, -0.000990242348053, 0.00115432427265, -0.00065701128915], [9.42647238844e-05, -0.000127013103338, 0.00162976968568, -0.000967821397353, -0.000261598237557, -0.000791324768215, 0.000393041642383, -0.000605938315857, 0.000248625816312, -0.00048481777776, 0.000543970498256, -0.000770110986196, 0.000537850137334], [-0.000124244004837, 0.0007409939426, -0.000967821397353, 0.00299374526367, -0.00155556306709, 0.00152573699597, -0.00114419322927, 0.000166610567248, -0.000636449549347, 0.000743316544686, -0.00154426833615, 0.00183517951518, -0.00189859454986], [0.000111936707981, -0.00126776378602, -0.000261598237557, -0.00155556306709, 0.00560929998755, -0.00196790485643, 0.000200022230274, -0.00115601345897, -0.00034439470619, -0.000673249480315, 0.000221540365601, -0.00104432797525, 0.000757850299124], [-0.000289233779768, 0.00111570500303, -0.000791324768215, 0.00152573699597, -0.00196790485643, 0.0063871126622, -0.00358817214146, 0.00141321471892, -0.00265882420354, 0.000897822261322, -0.000719655072317, 9.70773762674e-05, 0.000504133058712], [0.000177274167072, -0.00123992445879, 0.000393041642383, -0.00114419322927, 0.000200022230274, -0.00358817214146, 0.00796223990619, -0.00269622541964, 0.00263409689069, -0.00301067321561, -0.00197563064285, 0.000924362568185, -0.000195315442397], [-0.000290796975605, 0.000858979590703, -0.000605938315857, 0.000166610567248, -0.00115601345897, 0.00141321471892, -0.00269622541964, 0.0106482990086, -0.00599087309092, -0.000473364751088, 0.000768993981183, -0.000796178530436, 0.00161957961973], [0.000219260735321, -0.00135667179711, 0.000248625816312, -0.000636449549347, -0.00034439470619, -0.00265882420354, 0.00263409689069, -0.00599087309092, 0.0118158953264, -0.00195507030003, 0.000822208472528, -8.88187496457e-05, -0.00238213199191], [-0.000240516499616, 0.00121857668273, -0.00048481777776, 0.000743316544686, -0.000673249480315, 0.000897822261322, -0.00301067321561, -0.000473364751088, -0.00195507030003, 0.0137647017837, -0.00460205832496, 0.000593021279201, -0.000753296830226], [0.000338382582413, -0.000990242348053, 0.000543970498256, -0.00154426833615, 0.000221540365601, -0.000719655072317, -0.00197563064285, 0.000768993981183, 0.000822208472528, -0.00460205832496, 0.016694644466, -0.00617434410378, 0.000260694621829], [-0.000194171574549, 0.00115432427265, -0.000770110986196, 0.00183517951518, -0.00104432797525, 9.70773762674e-05, 0.000924362568185, -0.000796178530436, -8.88187496457e-05, 0.000593021279201, -0.00617434410378, 0.0157764833421, -0.00517857261002], [0.000130846907268, -0.00065701128915, 0.000537850137334, -0.00189859454986, 0.000757850299124, 0.000504133058712, -0.000195315442397, 0.00161957961973, -0.00238213199191, -0.000753296830226, 0.000260694621829, -0.00517857261002, 0.0131973559037]]
    },
    "melbands": {
        "mean": [0.00367941986769, 0.00317876646295, 0.00112942454871, 0.000749486207496, 0.000677561736666, 0.000342664308846, 0.000225123163546, 0.000351493188646, 0.000441941898316, 0.000402074394515, 0.000284261681372, 0.000162554191775, 0.000106816645712, 5.14962193847e-05, 3.89754823118e-05, 3.39566067851e-05, 3.60989288311e-05, 3.05893154291e-05, 2.28103162954e-05, 2.13524144783e-05, 1.10873634185e-05, 9.21173887036e-06, 1.20131871881e-05, 1.34788324431e-05, 9.02231295186e-06, 6.66160258334e-06, 4.36302980233e-06, 5.59071850148e-06, 4.17182491219e-06, 3.82108055419e-06, 4.46418289357e-06, 3.60975468539e-06, 3.98746760766e-06, 5.04625040776e-06, 3.85341263609e-06, 2.5918971005e-06, 3.826392458e-06, 3.53933728547e-06, 3.47687773683e-06, 3.63432786799e-06],
        "stdev": [0.00867156684399, 0.00570237264037, 0.00239889090881, 0.000924046384171, 0.000764145923313, 0.000443226570496, 0.000328618159983, 0.000568442570511, 0.00078689615475, 0.000729309627786, 0.000518112850841, 0.000385646533687, 0.000225588722969, 0.000132349596242, 9.84745056485e-05, 7.46264777263e-05, 8.58499188325e-05, 6.6847562266e-05, 5.17487351317e-05, 4.71345083497e-05, 2.19338089664e-05, 1.63384265761e-05, 2.59568842012e-05, 2.48898577411e-05, 2.60142005573e-05, 2.88902901957e-05, 1.19447022371e-05, 1.93414907699e-05, 1.31220313051e-05, 1.29285326693e-05, 1.66975005413e-05, 7.37248774385e-06, 8.17756153992e-06, 1.04638593257e-05, 7.87707904237e-06, 5.4797546909e-06, 7.55435257815e-06, 6.55212443235e-06, 6.5887998062e-06, 6.41304723104e-06]
    },
    "melbands128": {
        "mean": [0.000648540852126, 0.00366057711653, 0.00469196634367, 0.00424990104511, 0.00332191330381, 0.00192687660456, 0.00113997026347, 0.00102372141555, 0.000839212618303, 0.000796804437414, 0.000643254374154, 0.000637434248347, 0.000790020741988, 0.000628513458651, 0.000368629465811, 0.000162558557349, 0.000150124091306, 0.000282026681816, 0.000222407019464, 0.000350092042936, 0.000465589051601, 0.000317571539199, 0.000553055026103, 0.000258552172454, 0.000627044588327, 0.000279666855931, 0.000277336977888, 0.000401750934543, 0.000158072376507, 0.000178595873876, 0.000186309043784, 6.52651942801e-05, 0.000134625050123, 0.000107815139927, 6.01312131039e-05, 2.98172999464e-05, 5.15629108122e-05, 2.61573932221e-05, 4.49729704997e-05, 4.76960995002e-05, 2.06764325412e-05, 3.32846211677e-05, 3.20970866596e-05, 4.69497063023e-05, 2.82479577436e-05, 2.12816576095e-05, 4.29253086622e-05, 2.13139956031e-05, 1.29824520627e-05, 2.52484805969e-05, 2.4355153073e-05, 1.90361533896e-05, 7.35260709916e-06, 9.11662755243e-06, 1.46573156599e-05, 7.59226441005e-06, 5.8504201661e-06, 1.35237487484e-05, 1.34530500873e-05, 1.04551972981e-05, 1.72238596861e-05, 1.27301755128e-05, 7.66799894336e-06, 8.68671577336e-06, 9.19306057767e-06, 7.79231049819e-06, 4.29865849583e-06, 3.24950860886e-06, 4.2991355258e-06, 6.14448708802e-06, 5.97767029831e-06, 5.07653612658e-06, 4.81797997054e-06, 3.93222717321e-06, 3.55241468242e-06, 3.86572719435e-06, 3.82093912776e-06, 3.97891562898e-06, 5.18398019267e-06, 4.02497971663e-06, 3.99161126552e-06, 3.14362023346e-06, 3.45704688698e-06, 3.98219890485e-06, 4.55838335256e-06, 4.44462284577e-06, 5.85940733799e-06, 5.24039160155e-06, 3.31518231178e-06, 3.40738006344e-06, 2.46693980444e-06, 2.17413094106e-06, 2.97810015581e-06, 4.00688077207e-06, 4.73875797979e-06, 3.04294439957e-06, 3.64666243513e-06, 3.36757261721e-06, 3.58789156962e-06, 3.33415960085e-06, 3.51811354449e-06, 3.52846814167e-06, 4.09921722166e-06, 3.43653277923e-06, 2.85018245449e-06, 2.63994388661e-06, 2.38006009567e-06, 2.2295062081e-06, 1.68847168425e-06, 1.64723076068e-06, 1.57616454999e-06, 1.07949142603e-06, 8.78161245055e-07, 8.19301988031e-07, 6.28212546872e-07, 5.85745681292e-07, 4.11884883533e-07, 4.52655939398e-08, 8.78023521944e-12, 6.08583886411e-12, 5.84915926458e-12, 5.67254316436e-12, 5.51936751511e-12, 5.39992226281e-12, 5.30505457272e-12, 5.2370139475e-12, 5.18742600958e-12, 5.14948153563e-12],
        "stdev": [0.00213407981209, 0.011278161779, 0.0113229360431, 0.00792753323913, 0.00660116923973, 0.005303082522, 0.00319331465289, 0.00208723545074, 0.00144921569154, 0.00124946946744, 0.00101607013494, 0.000847028102726, 0.00117031461559, 0.000913894327823, 0.000621127546765, 0.000299877370708, 0.000365454354323, 0.000536757986993, 0.00041991888429, 0.000750117993448, 0.00106971990317, 0.000680977827869, 0.00140174338594, 0.00058177462779, 0.00150702614337, 0.000690305256285, 0.000790427788161, 0.000904840300791, 0.000409234315157, 0.00052863068413, 0.000567662296817, 0.000209863486816, 0.00039666579687, 0.000256523228018, 0.000231695536058, 0.000119536845887, 0.000242095455178, 9.2944377684e-05, 0.000137648865348, 0.000147674116306, 8.12605503597e-05, 0.000112224843178, 0.000104020196886, 0.000170965213329, 0.000106352046714, 6.15340613876e-05, 0.000133519250085, 7.11576285539e-05, 5.17872831551e-05, 6.63600221742e-05, 6.26773980912e-05, 6.0719641624e-05, 2.14082701859e-05, 2.34847393585e-05, 3.14489298034e-05, 1.73647604242e-05, 1.47626660691e-05, 3.73239636247e-05, 3.94333910663e-05, 3.02742264466e-05, 3.59154691978e-05, 2.61324385065e-05, 2.12102186197e-05, 2.73815348919e-05, 4.38091774413e-05, 4.04745369451e-05, 1.3250711163e-05, 8.36877279653e-06, 1.23816216728e-05, 2.39928813244e-05, 1.90020327864e-05, 2.17093056563e-05, 1.35898526423e-05, 1.30934768094e-05, 1.28939918795e-05, 1.4171753719e-05, 1.19551596072e-05, 1.75907280209e-05, 2.38060674747e-05, 1.03500196929e-05, 9.07247249415e-06, 6.69439259582e-06, 7.92788341641e-06, 8.642832654e-06, 1.04189712147e-05, 9.82828169072e-06, 1.30558009914e-05, 1.10705250336e-05, 7.42666634324e-06, 8.11102563603e-06, 5.75541162107e-06, 4.73216186947e-06, 6.72216356179e-06, 8.5395631686e-06, 1.05047674879e-05, 5.8126638578e-06, 7.24649362382e-06, 7.08769312041e-06, 7.04810963725e-06, 7.00944747223e-06, 7.10218819222e-06, 7.00186456015e-06, 6.72208761898e-06, 6.65406514599e-06, 6.51847449262e-06, 5.86947862757e-06, 7.31334148441e-06, 8.27869462228e-06, 4.41205474999e-06, 5.08902166985e-06, 7.02141505826e-06, 2.37780386669e-06, 1.75970478722e-06, 1.70748865003e-06, 1.32219827265e-06, 1.40038548579e-06, 9.00331599496e-07, 1.04377249954e-07, 2.02260378585e-11, 1.1016224391e-11, 1.06502055439e-11, 1.03595977283e-11, 1.01164068442e-11, 9.92110647108e-12, 9.75548721666e-12, 9.63116045249e-12, 9.53919755686e-12, 9.48152840963e-12]
    },
    "mfcc": {
        "mean": [-659.37286377, 111.395523071, 24.9090099335, 2.82757091522, 0.361527472734, -8.06927776337, -8.66500377655, 2.38282012939, -2.17770576477, -5.49685811996, 0.427259773016, -10.263302803, -6.35168600082],
        "cov": [[9752.85839844, -273.803985596, -229.765457153, -356.007537842, 1.68460285664, 56.2457466125, 63.3272018433, 215.998779297, 209.777740479, 301.798950195, -13.1125907898, -5.72957468033, 79.1430358887], [-273.803985596, 1665.71765137, -46.2758903503, 118.837387085, 155.717971802, 126.779014587, 99.0818862915, 153.819061279, 91.6153182983, 92.973197937, 129.128433228, 42.2971229553, 33.0420646667], [-229.765457153, -46.2758903503, 748.923156738, 311.287322998, 231.018829346, 129.690002441, 129.513061523, 96.1403656006, 135.280181885, 61.204875946, 43.7205429077, 129.527053833, 67.9048919678], [-356.007537842, 118.837387085, 311.287322998, 695.477661133, 239.721542358, 81.9225769043, 156.394210815, 49.1850700378, 160.502044678, 35.1736602783, 20.7007865906, 167.231048584, 86.0057907104], [1.68460285664, 155.717971802, 231.018829346, 239.721542358, 385.612335205, 119.802902222, 60.0249862671, 127.098480225, 130.836242676, 91.4320068359, 41.0510635376, 75.0326080322, 71.0065841675], [56.2457466125, 126.779014587, 129.690002441, 81.9225769043, 119.802902222, 286.055480957, 181.278167725, 99.5458526611, 80.2572631836, 74.5883102417, 87.7022399902, 47.2913589478, 33.2692604065], [63.3272018433, 99.0818862915, 129.513061523, 156.394210815, 60.0249862671, 181.278167725, 280.877227783, 92.0244750977, 70.4234008789, 85.7578659058, 78.0740585327, 82.6279830933, 35.2124786377], [215.998779297, 153.819061279, 96.1403656006, 49.1850700378, 127.098480225, 99.5458526611, 92.0244750977, 195.393661499, 94.975112915, 84.5930175781, 81.9238128662, 33.3371543884, 46.8897209167], [209.777740479, 91.6153182983, 135.280181885, 160.502044678, 130.836242676, 80.2572631836, 70.4234008789, 94.975112915, 194.159118652, 93.6930541992, 52.2293739319, 61.6128578186, 46.6737823486], [301.798950195, 92.973197937, 61.204875946, 35.1736602783, 91.4320068359, 74.5883102417, 85.7578659058, 84.5930175781, 93.6930541992, 178.193466187, 68.0818710327, 38.9631347656, 31.2068443298], [-13.1125907898, 129.128433228, 43.7205429077, 20.7007865906, 41.0510635376, 87.7022399902, 78.0740585327, 81.9238128662, 52.2293739319, 68.0818710327, 164.323059082, 27.2860088348, 19.5518913269], [-5.72957468033, 42.2971229553, 129.527053833, 167.231048584, 75.0326080322, 47.2913589478, 82.6279830933, 33.3371543884, 61.6128578186, 38.9631347656, 27.2860088348, 154.204956055, 44.2317199707], [79.1430358887, 33.0420646667, 67.9048919678, 86.0057907104, 71.0065841675, 33.2692604065, 35.2124786377, 46.8897209167, 46.6737823486, 31.2068443298, 19.5518913269, 44.2317199707, 105.148162842]],
        "icov": [[0.000119539770822, 3.15720863e-05, 5.2590854466e-05, 8.49417192512e-05, 3.45056832884e-05, 4.02404702982e-06, -1.59272003657e-05, -0.000116041097499, -0.000142918361234, -0.00017158332048, 0.000144568010001, -2.9713513868e-05, -7.08507286618e-05], [3.15720863e-05, 0.000703279569279, 0.000232931110077, -0.000109648717626, -0.000156673137099, -0.000105180304672, 3.785554145e-05, -0.000395272305468, 1.39441158353e-06, -7.87617027527e-05, -0.000294737576041, -5.08947268827e-05, 9.61378609645e-05], [5.2590854466e-05, 0.000232931110077, 0.00199893000536, -0.000335239456035, -0.000655933108646, -0.000265318230959, -0.000185042212252, -0.000265436246991, -0.000406858773204, 0.000191826809896, 2.54804726865e-05, -0.000709353247657, -4.9237719395e-06], [8.49417192512e-05, -0.000109648717626, -0.000335239456035, 0.00315937981941, -0.00149250996765, 0.00107126508374, -0.00188074551988, 0.00135553162545, -0.00192568986677, 0.00136101781391, 0.000166779442225, -0.00140445807483, -0.000692262605298], [3.45056832884e-05, -0.000156673137099, -0.000655933108646, -0.00149250996765, 0.00548773165792, -0.00197065155953, 0.00244911992922, -0.00238299346529, -0.000129278720124, -0.00165913149249, 0.00103599310387, -0.00014539930271, -0.000753863248974], [4.02404702982e-06, -0.000105180304672, -0.000265318230959, 0.00107126508374, -0.00197065155953, 0.00751266395673, -0.0047533758916, 0.000297541497275, -0.0011214511469, 0.000975944800302, -0.00154826929793, 0.000723266683053, -7.01890821801e-05], [-1.59272003657e-05, 3.785554145e-05, -0.000185042212252, -0.00188074551988, 0.00244911992922, -0.0047533758916, 0.00886074639857, -0.00220778654329, 0.00161975098308, -0.00248521054164, -0.000139838986797, -0.00192365201656, 0.000379060569685], [-0.000116041097499, -0.000395272305468, -0.000265436246991, 0.00135553162545, -0.00238299346529, 0.000297541497275, -0.00220778654329, 0.0104502588511, -0.00252858758904, -0.000119872718642, -0.0025949717965, 0.000883070752025, -0.00186248682439], [-0.000142918361234, 1.39441158353e-06, -0.000406858773204, -0.00192568986677, -0.000129278720124, -0.0011214511469, 0.00161975098308, -0.00252858758904, 0.0103915156797, -0.00345080625266, -0.000271804572549, -0.000636513228528, -0.000297887308989], [-0.00017158332048, -7.87617027527e-05, 0.000191826809896, 0.00136101781391, -0.00165913149249, 0.000975944800302, -0.00248521054164, -0.000119872718642, -0.00345080625266, 0.0100298980251, -0.00198755296879, -0.000486499280669, -0.000256665924098], [0.000144568010001, -0.000294737576041, 2.54804726865e-05, 0.000166779442225, 0.00103599310387, -0.00154826929793, -0.000139838986797, -0.0025949717965, -0.000271804572549, -0.00198755296879, 0.00922303646803, -0.000544924871065, 5.00106762047e-05], [-2.9713513868e-05, -5.08947268827e-05, -0.000709353247657, -0.00140445807483, -0.00014539930271, 0.000723266683053, -0.00192365201656, 0.000883070752025, -0.000636513228528, -0.000486499280669, -0.000544924871065, 0.0103729367256, -0.0020702520851], [-7.08507286618e-05, 9.61378609645e-05, -4.9237719395e-06, -0.000692262605298, -0.000753863248974, -7.01890821801e-05, 0.000379060569685, -0.00186248682439, -0.000297887308989, -0.000256665924098, 5.00106762047e-05, -0.0020702520851, 0.0124078076333]]
    },
    "spectral_contrast_coeffs": {
        "mean": [-0.649756491184, -0.71064800024, -0.717774748802, -0.773215830326, -0.769420027733, -0.797860324383],
        "stdev": [0.100099809468, 0.0816237255931, 0.0890011489391, 0.0626327246428, 0.0495185554028, 0.0407801568508]
    },
    "spectral_contrast_valleys": {
        "mean": [-7.09892225266, -6.94531345367, -7.89393234253, -8.31659507751, -8.35667896271, -9.90522861481],
        "stdev": [1.58694434166, 1.32541060448, 1.34768366814, 1.33578073978, 1.38019287586, 1.493095994]
    }
},
"rhythm": {
    "beats_count": 289,
    "beats_loudness": {
        "mean": 0.0516952201724,
        "stdev": 0.0481913909316
    },
    "bpm": 86.3328781128,
    "bpm_histogram_first_peak_bpm": 86,
    "bpm_histogram_first_peak_weight": 0.129370629787,
    "bpm_histogram_second_peak_bpm": 92,
    "bpm_histogram_second_peak_spread": 0,
    "bpm_histogram_second_peak_weight": 0.00694444449618,
    "danceability": 1.33745527267,
    "onset_rate": 4.44393110275,
    "beats_loudness_band_ratio": {
        "mean": [0.292275905609, 0.189147412777, 0.22704769671, 0.111682996154, 0.0522009246051, 0.167687445879],
        "stdev": [0.34087818861, 0.146304547787, 0.172682419419, 0.124120861292, 0.0462682321668, 0.154722705483]
    },
    "beats_position": [0.66176867485, 1.33514738083, 1.98530614376, 2.63546490669, 3.30884337425, 3.98222208023, 4.66721057892, 5.35219955444, 6.03718805313, 6.73378658295, 7.4303855896, 8.12698364258, 8.82358264923, 9.52018165588, 10.2167797089, 10.9133787155, 11.6099767685, 12.294965744, 12.9915647507, 13.6765527725, 14.3731517792, 15.0697498322, 15.7663488388, 16.4629478455, 17.1595458984, 17.8561439514, 18.5527439117, 19.2493419647, 19.9459400177, 20.642539978, 21.339138031, 22.035736084, 22.7323360443, 23.4289340973, 24.1255321503, 24.8105201721, 25.5071201324, 26.1921081543, 26.8887062073, 27.5853061676, 28.2819042206, 28.9785022736, 29.6751022339, 30.3717002869, 31.0682983398, 31.7648983002, 32.4614944458, 33.1580963135, 33.8546943665, 34.5512924194, 35.2478904724, 35.9444885254, 36.6294784546, 37.3144645691, 38.0110664368, 38.7076644897, 39.4042625427, 40.1008605957, 40.7974586487, 41.4940567017, 42.1906585693, 42.8872566223, 43.5838546753, 44.2804527283, 44.9770507812, 45.6736488342, 46.3702468872, 47.0668487549, 47.7634468079, 48.4600448608, 49.1566429138, 49.8300209045, 50.5266189575, 51.2232208252, 51.9198188782, 52.6164169312, 53.3130149841, 54.0096130371, 54.7178230286, 55.4028091431, 56.0994110107, 56.7960090637, 57.4926071167, 58.1892051697, 58.8858032227, 59.5824012756, 60.2789993286, 60.9756011963, 61.6721992493, 62.3571853638, 63.0537872314, 63.7387733459, 64.4353713989, 65.1319732666, 65.8285675049, 66.5251693726, 67.2217712402, 67.9183654785, 68.6149673462, 69.3115615845, 70.0081634521, 70.7047576904, 71.4013595581, 72.0979614258, 72.7945556641, 73.4795455933, 74.1761474609, 74.8611297607, 75.5577316284, 76.2543258667, 76.9509277344, 77.6475296021, 78.3441238403, 79.040725708, 79.7373199463, 80.433921814, 81.1305236816, 81.8271179199, 82.5237197876, 83.2203140259, 83.9169158936, 84.6135101318, 85.3101119995, 86.0067138672, 86.691696167, 87.3882980347, 88.0848999023, 88.7814941406, 89.4780960083, 90.1630859375, 90.8712921143, 91.5562820435, 92.2528762817, 92.9494781494, 93.6460723877, 94.3426742554, 95.039276123, 95.7358703613, 96.432472229, 97.1290664673, 97.825668335, 98.5222625732, 99.2188644409, 99.9154663086, 100.612060547, 101.308662415, 102.005256653, 102.690246582, 103.38684845, 104.071838379, 104.768432617, 105.465034485, 106.161628723, 106.858230591, 107.554824829, 108.251426697, 108.948028564, 109.644622803, 110.34122467, 111.037818909, 111.734420776, 112.431015015, 113.127616882, 113.82421875, 114.520812988, 115.217414856, 115.914009094, 116.598999023, 117.295600891, 117.98059082, 118.677185059, 119.373786926, 120.070381165, 120.766983032, 121.463577271, 122.160179138, 122.856781006, 123.553375244, 124.249977112, 124.94657135, 125.643173218, 126.339767456, 127.036369324, 127.732971191, 128.42956543, 129.114562988, 129.811157227, 130.496139526, 131.192733765, 131.889343262, 132.5859375, 133.282531738, 133.979141235, 134.675735474, 135.372329712, 136.068939209, 136.765533447, 137.462127686, 138.158721924, 138.855331421, 139.551925659, 140.248519897, 140.945129395, 141.630111694, 142.315093994, 143.011703491, 143.708297729, 144.404891968, 145.101501465, 145.798095703, 146.494689941, 147.19128418, 147.887893677, 148.584487915, 149.281082153, 149.97769165, 150.674285889, 151.370880127, 152.067474365, 152.764083862, 153.460678101, 154.157272339, 154.853881836, 155.538864136, 156.235458374, 156.920455933, 157.617050171, 158.313644409, 159.010253906, 159.706848145, 160.403442383, 161.100036621, 161.796646118, 162.493240356, 163.189834595, 163.886444092, 164.58303833, 165.279632568, 165.976226807, 166.672836304, 167.369430542, 168.06602478, 168.751022339, 169.436004639, 170.132598877, 170.829208374, 171.525802612, 172.222396851, 172.919006348, 173.615600586, 174.312194824, 175.008789062, 175.70539856, 176.401992798, 177.098587036, 177.795196533, 178.491790771, 179.18838501, 179.884979248, 180.581588745, 181.266571045, 181.963165283, 182.65977478, 183.34475708, 184.041351318, 184.737960815, 185.434555054, 186.131149292, 186.827758789, 187.524353027, 188.220947266, 188.917541504, 189.614151001, 190.310745239, 191.007339478, 191.703948975, 192.400543213, 193.097137451, 193.793731689, 194.490341187, 195.186935425, 195.871917725, 196.568527222, 197.253509521, 197.95010376, 198.646713257, 199.343307495, 200.039901733, 200.73651123],
    "bpm_histogram": [0, 0, 0, 0, 0, 0, 0, 0, 0, 0, 0, 0, 0, 0, 0, 0, 0, 0, 0, 0, 0, 0, 0, 0, 0, 0, 0, 0, 0, 0, 0, 0, 0, 0, 0, 0, 0, 0, 0, 0, 0, 0, 0, 0, 0, 0, 0, 0, 0, 0, 0, 0, 0, 0, 0, 0, 0, 0, 0, 0, 0, 0, 0, 0, 0, 0, 0, 0, 0, 0, 0, 0, 0, 0, 0, 0, 0, 0, 0, 0, 0, 0, 0, 0, 0, 0.00694444449618, 0.857638895512, 0, 0.114583335817, 0.0138888889924, 0, 0, 0.00694444449618, 0, 0, 0, 0, 0, 0, 0, 0, 0, 0, 0, 0, 0, 0, 0, 0, 0, 0, 0, 0, 0, 0, 0, 0, 0, 0, 0, 0, 0, 0, 0, 0, 0, 0, 0, 0, 0, 0, 0, 0, 0, 0, 0, 0, 0, 0, 0, 0, 0, 0, 0, 0, 0, 0, 0, 0, 0, 0, 0, 0, 0, 0, 0, 0, 0, 0, 0, 0, 0, 0, 0, 0, 0, 0, 0, 0, 0, 0, 0, 0, 0, 0, 0, 0, 0, 0, 0, 0, 0, 0, 0, 0, 0, 0, 0, 0, 0, 0, 0, 0, 0, 0, 0, 0, 0, 0, 0, 0, 0, 0, 0, 0, 0, 0, 0, 0, 0, 0, 0, 0, 0, 0, 0, 0, 0, 0, 0, 0, 0, 0, 0, 0, 0, 0, 0, 0, 0, 0, 0, 0, 0, 0, 0, 0, 0, 0, 0, 0, 0, 0, 0, 0, 0, 0, 0, 0, 0]
},
"tonal": {
    "chords_changes_rate": 0.0470262803137,
    "chords_number_rate": 0.00184416782577,
    "chords_strength": {
        "mean": 0.518978834152,
        "stdev": 0.0886234492064
    },
    "hpcp_crest": {
        "mean": 14.8489465714,
        "stdev": 6.87194013596
    },
    "hpcp_entropy": {
        "mean": 1.80313110352,
        "stdev": 0.691009044647
    },
    "key_edma": {
        "strength": 0.603656828403,
        "key": "C",
        "scale": "major"
    },
    "key_krumhansl": {
        "strength": 0.615258872509,
        "key": "G",
        "scale": "major"
    },
    "key_temperley": {
        "strength": 0.634888410568,
        "key": "G",
        "scale": "major"
    },
    "tuning_diatonic_strength": 0.542258262634,
    "tuning_equal_tempered_deviation": 0.10103777796,
    "tuning_frequency": 444.085327148,
    "tuning_nontempered_energy_ratio": 0.757696032524,
    "hpcp": {
        "mean": [0.295591652393, 0.22617790103, 0.0459808856249, 0.0279998313636, 0.0257823076099, 0.0522600412369, 0.120960451663, 0.110988199711, 0.089903973043, 0.174660563469, 0.138533890247, 0.0347949676216, 0.0207120720297, 0.0243220180273, 0.0957436487079, 0.312221556902, 0.269624441862, 0.0538800619543, 0.0260963141918, 0.0267031360418, 0.0928993150592, 0.260547280312, 0.216167166829, 0.0961069911718, 0.152489706874, 0.109132044017, 0.0433701314032, 0.0784042924643, 0.0839939191937, 0.115810364485, 0.251966297626, 0.209647253156, 0.0710822045803, 0.052841629833, 0.0531417317688, 0.127542674541],
        "stdev": [0.35281509161, 0.277442127466, 0.118475496769, 0.109663307667, 0.107805266976, 0.133445739746, 0.238963007927, 0.216225668788, 0.173989295959, 0.272822499275, 0.225036561489, 0.0997675284743, 0.0813420787454, 0.0964378044009, 0.172773480415, 0.376038253307, 0.325446486473, 0.133132338524, 0.100456170738, 0.104947224259, 0.16848307848, 0.341307014227, 0.287020236254, 0.174325957894, 0.276844441891, 0.199602782726, 0.105244219303, 0.179077193141, 0.195839822292, 0.203499034047, 0.350294917822, 0.301170170307, 0.174798354506, 0.158012524247, 0.158063739538, 0.213357448578]
    },
    "chords_histogram": [12.3559246063, 1.89027202129, 1.17565703392, 0, 0.437989860773, 0.138312593102, 0.0691562965512, 0, 0, 0, 0, 0, 0, 0, 0, 0.23052097857, 0.276625186205, 0.184416785836, 0, 27.2936840057, 1.26786541939, 31.0281238556, 17.8192710876, 5.83218050003],
    "thpcp": [1, 0.863567650318, 0.172569960356, 0.0835826769471, 0.0855262428522, 0.297542929649, 0.834494829178, 0.692351818085, 0.307816654444, 0.488402247429, 0.349533975124, 0.138908192515, 0.251117497683, 0.269020229578, 0.370923668146, 0.807011187077, 0.671469509602, 0.227665916085, 0.169244021177, 0.170205190778, 0.408500552177, 0.946736872196, 0.724414765835, 0.147270053625, 0.0896793678403, 0.0825769603252, 0.16738127172, 0.387418627739, 0.355478972197, 0.287949293852, 0.559412240982, 0.44370380044, 0.111443191767, 0.0663377419114, 0.0778998658061, 0.306652903557],
    "chords_key": "A",
    "chords_scale": "minor"
}
}