{
"metadata": {
    "version": {
        "essentia": "2.1-dev",
        "essentia_git_sha": "v2.1_beta3-415-gd5473f3",
        "extractor": "music 2.0"
    },
    "audio_properties": {
        "analysis": {
            "equal_loudness": 0,
            "length": 204.382034302,
            "sample_rate": 44100,
            "start_time": 0,
            "downmix": "mix"
        },
        "bit_rate": 192000,
        "length": 204.382034302,
        "lossless": 0,
        "number_channels": 2,
        "replay_gain": -8.08410453796,
        "sample_rate": 44100,
        "codec": "mp3",
        "md5_encoded": "9592cb65dd48597ecdf6c9d38da0c458"
    },
    "tags": {
        "file_name": "david_ivera-sospecho.mp3",
        "album": ["Dile que la quiero"],
        "artist": ["David Civera"],
        "genre": ["Other"],
        "title": ["02 Sospecho"]
    }
},
"lowlevel": {
    "average_loudness": 0.950121343136,
    "barkbands_crest": {
        "mean": 11.9320421219,
        "stdev": 5.05023813248
    },
    "barkbands_flatness_db": {
        "mean": 0.131396591663,
        "stdev": 0.0622943416238
    },
    "barkbands_kurtosis": {
        "mean": 7.45126056671,
        "stdev": 25.3970756531
    },
    "barkbands_skewness": {
        "mean": 1.8097641468,
        "stdev": 1.89434587955
    },
    "barkbands_spread": {
        "mean": 31.077413559,
        "stdev": 18.909318924
    },
    "dissonance": {
        "mean": 0.467403024435,
        "stdev": 0.026192734018
    },
    "dynamic_complexity": 3.29835009575,
    "erbbands_crest": {
        "mean": 8.27973937988,
        "stdev": 4.07586526871
    },
    "erbbands_flatness_db": {
        "mean": 0.133679702878,
        "stdev": 0.0516010224819
    },
    "erbbands_kurtosis": {
        "mean": 0.370819717646,
        "stdev": 3.04135990143
    },
    "erbbands_skewness": {
        "mean": 0.0712918788195,
        "stdev": 1.01615929604
    },
    "erbbands_spread": {
        "mean": 55.8733215332,
        "stdev": 23.5032291412
    },
    "hfc": {
        "mean": 31.3057193756,
        "stdev": 33.868927002
    },
    "loudness_ebu128": {
        "integrated": -15.4067773819,
        "loudness_range": 3.79208564758,
        "momentary": {
            "mean": -17.2416000366,
            "stdev": 15.7271642685
        },
        "short_term": {
            "mean": -15.687623024,
            "stdev": 1.43951451778
        }
    },
    "melbands_crest": {
        "mean": 17.2047557831,
        "stdev": 6.36294364929
    },
    "melbands_flatness_db": {
        "mean": 0.19064797461,
        "stdev": 0.0810130164027
    },
    "melbands_kurtosis": {
        "mean": 25.55534935,
        "stdev": 50.2179298401
    },
    "melbands_skewness": {
        "mean": 3.55579566956,
        "stdev": 2.37100625038
    },
    "melbands_spread": {
        "mean": 31.985584259,
        "stdev": 33.897403717
    },
    "pitch_salience": {
        "mean": 0.515318930149,
        "stdev": 0.133997365832
    },
    "silence_rate_20dB": {
        "mean": 1,
        "stdev": 0
    },
    "silence_rate_30dB": {
        "mean": 1,
        "stdev": 0
    },
    "silence_rate_60dB": {
        "mean": 0.0722480937839,
        "stdev": 0.258895397186
    },
    "spectral_centroid": {
        "mean": 1709.42700195,
        "stdev": 1122.5793457
    },
    "spectral_complexity": {
        "mean": 18.2167434692,
        "stdev": 11.548075676
    },
    "spectral_decrease": {
        "mean": -6.85323131577e-09,
        "stdev": 4.92808238661e-09
    },
    "spectral_energy": {
        "mean": 0.0287051722407,
        "stdev": 0.019966468215
    },
    "spectral_energyband_high": {
        "mean": 0.00246004760265,
        "stdev": 0.00358748901635
    },
    "spectral_energyband_low": {
        "mean": 0.00992729701102,
        "stdev": 0.0126881850883
    },
    "spectral_energyband_middle_high": {
        "mean": 0.00377576774918,
        "stdev": 0.00417582457885
    },
    "spectral_energyband_middle_low": {
        "mean": 0.0131545281038,
        "stdev": 0.0123983779922
    },
    "spectral_entropy": {
        "mean": 7.78560113907,
        "stdev": 0.506652057171
    },
    "spectral_flux": {
        "mean": 0.0892722755671,
        "stdev": 0.0499362908304
    },
    "spectral_kurtosis": {
        "mean": 2.72586464882,
        "stdev": 2.78114199638
    },
    "spectral_rms": {
        "mean": 0.00488814106211,
        "stdev": 0.00202759564854
    },
    "spectral_rolloff": {
        "mean": 2353.00537109,
        "stdev": 2770.64575195
    },
    "spectral_skewness": {
        "mean": 1.24071383476,
        "stdev": 0.409669399261
    },
    "spectral_spread": {
        "mean": 6294008,
        "stdev": 3167664.75
    },
    "spectral_strongpeak": {
        "mean": 0.755814909935,
        "stdev": 0.927757143974
    },
    "zerocrossingrate": {
        "mean": 0.0911712571979,
        "stdev": 0.0640424117446
    },
    "barkbands": {
        "mean": [0.000374342722353, 0.00792154576629, 0.0011123882141, 0.00158941501286, 0.00681055383757, 0.00079578201985, 0.00163317820989, 0.00123429123778, 0.000908571004402, 0.00057242740877, 0.000372729089577, 0.000314169126796, 0.00025167511194, 0.000205473712413, 0.000291661621304, 0.000418144103605, 0.000402828853112, 0.000420843076427, 0.000433291046647, 0.000375811679987, 0.000356412958354, 0.000426057551522, 0.000447045254987, 0.000462348310975, 0.000366860011127, 0.000195755637833, 1.15997454486e-05],
        "stdev": [0.000499849556945, 0.011183177121, 0.00200222921558, 0.00310425274074, 0.00830088276416, 0.00156536942814, 0.00342060183175, 0.00325026689097, 0.00205317442305, 0.00115061353426, 0.000909741735086, 0.000974401657004, 0.000545362418052, 0.000393231050111, 0.000549385149498, 0.000917968805879, 0.000966168823652, 0.000810923578683, 0.000671695685014, 0.000582558510359, 0.000652255141176, 0.000900378508959, 0.00077971292194, 0.000745958823245, 0.000621890940238, 0.000503435556311, 3.69656336261e-05]
    },
    "erbbands": {
        "mean": [0.303109943867, 1.46722352505, 1.56179249287, 3.21021747589, 13.917222023, 24.6272830963, 16.6474704742, 5.69480323792, 15.9053020477, 33.0957984924, 21.4867954254, 18.8270206451, 22.5312290192, 16.6368846893, 15.9265537262, 11.3780174255, 12.352889061, 10.0799016953, 14.7549562454, 16.2565460205, 24.3479709625, 21.4167709351, 22.5157546997, 24.9840393066, 20.0421085358, 18.224691391, 14.5003004074, 14.432299614, 14.8706474304, 13.8807659149, 13.0514812469, 10.9782571793, 6.78337049484, 4.14818096161, 2.64083385468, 1.11306798458, 0.294512540102, 0.0523368678987, 0.0012191234855, 7.69673424657e-05],
        "stdev": [0.411311268806, 2.28926324844, 2.63992500305, 5.14841747284, 22.8701095581, 33.088104248, 31.6300392151, 9.78732299805, 35.1375389099, 76.8292999268, 53.4762039185, 41.6503639221, 51.3600730896, 26.8531723022, 38.7259941101, 26.1135387421, 26.1926250458, 18.5752658844, 27.8629989624, 29.9770736694, 52.7088012695, 50.6459922791, 44.5174636841, 39.7369728088, 30.6083717346, 28.363986969, 24.8995056152, 28.5124015808, 31.4784011841, 29.9807987213, 22.2311820984, 17.739408493, 11.1706857681, 7.19409990311, 4.81720733643, 2.70014429092, 0.762244343758, 0.151893615723, 0.00342126982287, 0.000111797460704]
    },
    "gfcc": {
        "mean": [-2.36313819885, 55.7000045776, -100.116828918, 39.622215271, -65.3542785645, 10.0370798111, -42.6558036804, 12.2380151749, -28.9559421539, 1.69000351429, -19.8148651123, 3.704454422, -9.87840175629],
        "cov": [[20207.8632812, -771.73651123, 479.40802002, 201.446289062, -1013.95672607, 1055.35839844, -635.873535156, 497.81362915, -529.314331055, 224.4375, -389.623352051, 71.7952880859, -342.61138916], [-771.73651123, 1694.10241699, -76.4693832397, 108.731361389, 418.21496582, -112.56640625, 296.616638184, -7.67428588867, 209.468658447, -28.2175941467, 127.685508728, -13.4043636322, 159.899795532], [479.40802002, -76.4693832397, 1289.4498291, 213.048828125, 132.591873169, 506.282958984, 117.354324341, 196.291259766, 22.6068878174, 121.241760254, 34.9085464478, 11.8120298386, -38.0826759338], [201.446289062, 108.731361389, 213.048828125, 549.18951416, 230.313766479, 130.983612061, 118.987319946, 77.7191390991, 117.948921204, 24.006975174, 52.5999031067, 36.6970748901, 40.8813095093], [-1013.95672607, 418.21496582, 132.591873169, 230.313766479, 513.60144043, 52.3823013306, 171.05670166, 109.893630981, 176.019577026, 52.8955802917, 64.446762085, 43.0190238953, 54.4273490906], [1055.35839844, -112.56640625, 506.282958984, 130.983612061, 52.3823013306, 541.251403809, 188.226409912, 129.788269043, 28.2520599365, 136.369796753, 40.8657722473, 6.57478523254, -14.4962759018], [-635.873535156, 296.616638184, 117.354324341, 118.987319946, 171.05670166, 188.226409912, 387.08480835, 49.5571517944, 102.678665161, 116.156013489, 84.4756088257, 30.809928894, 53.3225784302], [497.81362915, -7.67428588867, 196.291259766, 77.7191390991, 109.893630981, 129.788269043, 49.5571517944, 262.684051514, 105.451278687, 46.9087905884, 38.9202079773, 15.1580057144, -5.64708948135], [-529.314331055, 209.468658447, 22.6068878174, 117.948921204, 176.019577026, 28.2520599365, 102.678665161, 105.451278687, 219.894287109, 72.9652023315, 66.4074859619, 23.75365448, 42.2667808533], [224.4375, -28.2175941467, 121.241760254, 24.006975174, 52.8955802917, 136.369796753, 116.156013489, 46.9087905884, 72.9652023315, 181.898635864, 55.5292930603, 38.9176635742, 11.1391305923], [-389.623352051, 127.685508728, 34.9085464478, 52.5999031067, 64.446762085, 40.8657722473, 84.4756088257, 38.9202079773, 66.4074859619, 55.5292930603, 123.15398407, 37.5820083618, 39.3620147705], [71.7952880859, -13.4043636322, 11.8120298386, 36.6970748901, 43.0190238953, 6.57478523254, 30.809928894, 15.1580057144, 23.75365448, 38.9176635742, 37.5820083618, 100.780479431, 33.9793281555], [-342.61138916, 159.899795532, -38.0826759338, 40.8813095093, 54.4273490906, -14.4962759018, 53.3225784302, -5.64708948135, 42.2667808533, 11.1391305923, 39.3620147705, 33.9793281555, 121.544662476]],
        "icov": [[0.00015513348626, -0.000293605175102, 0.000201277973247, -0.000323426706018, 0.00044098685612, -0.000465686694952, 0.00051951064961, -0.000586328154895, 0.000555964827072, -0.00062461727066, 0.000681589415763, -0.000520960369613, 0.00027604715433], [-0.000293605175102, 0.00164788810071, -0.000498859852087, 0.000889203336556, -0.00149375118781, 0.00121293438133, -0.00169416784775, 0.0015066700289, -0.00159995350987, 0.0019914531149, -0.00197536963969, 0.0018005335005, -0.00131387147121], [0.000201277973247, -0.000498859852087, 0.00162868795451, -0.000688923464622, 0.000345322303474, -0.00178791419603, 0.00108033313882, -0.00126180239022, 0.00127024273388, -0.00110729876906, 0.00089207245037, -0.000742500182241, 0.000643656705506], [-0.000323426706018, 0.000889203336556, -0.000688923464622, 0.00331653910689, -0.00183485797606, 0.000504377298057, -0.00136168219615, 0.00161037268117, -0.00226533343084, 0.00253258273005, -0.0017825870309, 0.000675249320921, -0.000914675882086], [0.00044098685612, -0.00149375118781, 0.000345322303474, -0.00183485797606, 0.00496981013566, -0.000966095540207, 0.0008883071132, -0.00232241302729, 0.000160061972565, -0.00185092259198, 0.00265856436454, -0.00253671221435, 0.00105740083382], [-0.000465686694952, 0.00121293438133, -0.00178791419603, 0.000504377298057, -0.000966095540207, 0.00570850260556, -0.00325651350431, 0.000672697613481, -0.000679855351336, 0.000184769392945, -0.00202589458786, 0.00260726618581, -0.000918180216104], [0.00051951064961, -0.00169416784775, 0.00108033313882, -0.00136168219615, 0.0008883071132, -0.00325651350431, 0.00669013988227, -0.00158140808344, 0.00180907105096, -0.00392102124169, 0.00138878566213, -0.00179105985444, 0.000476220739074], [-0.000586328154895, 0.0015066700289, -0.00126180239022, 0.00161037268117, -0.00232241302729, 0.000672697613481, -0.00158140808344, 0.00828294083476, -0.00529459025711, 0.00346673070453, -0.00342844915576, 0.00161691184621, -0.000191322571482], [0.000555964827072, -0.00159995350987, 0.00127024273388, -0.00226533343084, 0.000160061972565, -0.000679855351336, 0.00180907105096, -0.00529459025711, 0.0118244374171, -0.00572354113683, 0.00103253568523, -0.000640598475002, -0.000103135273093], [-0.00062461727066, 0.0019914531149, -0.00110729876906, 0.00253258273005, -0.00185092259198, 0.000184769392945, -0.00392102124169, 0.00346673070453, -0.00572354113683, 0.0128402449191, -0.00478755310178, -0.000318418198731, -0.000394168368075], [0.000681589415763, -0.00197536963969, 0.00089207245037, -0.0017825870309, 0.00265856436454, -0.00202589458786, 0.00138878566213, -0.00342844915576, 0.00103253568523, -0.00478755310178, 0.0155285187066, -0.00520055228844, -0.000296909274766], [-0.000520960369613, 0.0018005335005, -0.000742500182241, 0.000675249320921, -0.00253671221435, 0.00260726618581, -0.00179105985444, 0.00161691184621, -0.000640598475002, -0.000318418198731, -0.00520055228844, 0.0152610400692, -0.00431947503239], [0.00027604715433, -0.00131387147121, 0.000643656705506, -0.000914675882086, 0.00105740083382, -0.000918180216104, 0.000476220739074, -0.000191322571482, -0.000103135273093, -0.000394168368075, -0.000296909274766, -0.00431947503239, 0.0118182422593]]
    },
    "melbands": {
        "mean": [0.00243182736449, 0.00119144562632, 0.000830241187941, 0.00148832029663, 0.000715951260645, 0.000123055899167, 0.000271420838544, 0.000358322897227, 0.000153203203809, 0.000125127538922, 0.000112577494292, 6.761867553e-05, 5.53227910132e-05, 3.84580198443e-05, 2.73763926089e-05, 2.32330403378e-05, 1.79166672751e-05, 2.29066663451e-05, 2.08963811019e-05, 2.4184000722e-05, 2.9088339943e-05, 2.06813947443e-05, 2.34279359574e-05, 1.97890276468e-05, 2.05030555662e-05, 1.532737042e-05, 1.32632430905e-05, 1.17184526971e-05, 9.31969680096e-06, 7.93905564933e-06, 8.74303714227e-06, 8.30479075375e-06, 8.28728934721e-06, 7.34438435757e-06, 7.41969051887e-06, 7.37518712413e-06, 6.49039839118e-06, 4.89805552206e-06, 3.90809100281e-06, 3.34686887982e-06],
        "stdev": [0.00335167488083, 0.00185584044084, 0.00137205258943, 0.00201222603209, 0.00119493308011, 0.000225334384595, 0.000584086868912, 0.000824014772661, 0.000397358293412, 0.000292500772048, 0.000258941057837, 0.000112045359856, 0.000130262822495, 0.000126270577312, 6.27478439128e-05, 5.30778161192e-05, 3.63654871762e-05, 4.44601500931e-05, 4.03119338444e-05, 5.32362646481e-05, 6.86842831783e-05, 5.28776472493e-05, 5.79490624659e-05, 3.90545974369e-05, 3.39103498845e-05, 2.51429992204e-05, 2.1720858058e-05, 1.88630074263e-05, 1.60230647452e-05, 1.52892116603e-05, 1.92761908693e-05, 1.81531722774e-05, 1.93547948584e-05, 1.63246895681e-05, 1.35939626489e-05, 1.16218434414e-05, 1.1266569345e-05, 8.31062334328e-06, 6.9128168434e-06, 6.09627340964e-06]
    },
    "melbands128": {
        "mean": [0.000359046214726, 0.00251786154695, 0.00345382490195, 0.00204998604022, 0.00092488178052, 0.000495318963658, 0.000501144153532, 0.000945233157836, 0.0013993026223, 0.00173739471938, 0.00147911487147, 0.00107283040415, 0.000582742504776, 0.000201362548978, 0.00010836122965, 8.35420214571e-05, 9.8806754977e-05, 0.000342449930031, 0.000361853832146, 0.000422152428655, 0.000336370721925, 0.000238395936321, 0.000107177242171, 9.07946014195e-05, 0.000111841502076, 0.000132088709506, 0.000176572619239, 9.37992372201e-05, 8.12075013528e-05, 8.02873400971e-05, 5.25327232026e-05, 6.08052432653e-05, 6.4274041506e-05, 3.87926484109e-05, 5.78997423872e-05, 3.2291176467e-05, 2.12187296711e-05, 2.40752415266e-05, 3.6465262383e-05, 2.89157687803e-05, 1.68041133293e-05, 1.96573855646e-05, 1.85832686839e-05, 1.51576341523e-05, 2.06100958167e-05, 2.40901899815e-05, 2.79928754026e-05, 1.92905281438e-05, 1.74975848495e-05, 2.40036970354e-05, 2.32731545111e-05, 2.36576252064e-05, 3.78327968065e-05, 2.65242615569e-05, 2.15574218601e-05, 1.81845771294e-05, 1.82378498721e-05, 3.4488592064e-05, 1.84022246685e-05, 1.81119139597e-05, 1.85254775715e-05, 2.13243711187e-05, 2.58701784333e-05, 1.68157239386e-05, 1.87747136806e-05, 1.45032072396e-05, 1.45869571497e-05, 1.36456337714e-05, 1.24561256598e-05, 1.36679718707e-05, 1.24784901345e-05, 9.98235736915e-06, 1.04707141872e-05, 9.41646067076e-06, 7.79349102231e-06, 7.94917559688e-06, 8.44085570861e-06, 6.64387835059e-06, 1.00644228951e-05, 9.46329510043e-06, 7.23884022591e-06, 8.7638718469e-06, 8.3245240603e-06, 7.96039694251e-06, 8.81016330823e-06, 7.49266473576e-06, 6.83695634507e-06, 6.68779193802e-06, 7.80894697527e-06, 7.43811006032e-06, 7.96668882685e-06, 7.00698183209e-06, 6.95317430655e-06, 6.89174930812e-06, 6.05778632234e-06, 5.26603571416e-06, 4.54370547232e-06, 4.50114976047e-06, 3.97992835133e-06, 3.65582536688e-06, 3.34800779456e-06, 3.3273884128e-06, 3.18950537803e-06, 3.51257449438e-06, 3.20472054227e-06, 2.78224365502e-06, 2.21710433834e-06, 1.98740667656e-06, 1.94288827515e-06, 1.91702724806e-06, 1.35139293889e-06, 1.10077235149e-06, 8.10177368749e-07, 5.82878271871e-07, 6.76296679103e-07, 5.84231031553e-07, 4.61718059341e-07, 4.66494256557e-08, 6.37481257018e-12, 4.76713200165e-12, 4.56097789744e-12, 4.41684189223e-12, 4.35025149584e-12, 4.23661843454e-12, 4.1245778494e-12, 4.04562321143e-12, 4.00463039466e-12, 3.97303717703e-12],
        "stdev": [0.000481621333165, 0.0034121661447, 0.0051930793561, 0.00345188076608, 0.00172333046794, 0.000866882503033, 0.000921119586565, 0.00197922787629, 0.00280758179724, 0.00329405278899, 0.00251737609506, 0.00210039201193, 0.00135719694663, 0.000497368571814, 0.000251058256254, 0.000208614466828, 0.000253575039096, 0.000967295549344, 0.000965560611803, 0.00125476927496, 0.00113516277634, 0.000715829781257, 0.000463765783934, 0.000314402364893, 0.000328907946823, 0.000495752086863, 0.000580235850066, 0.000304235727526, 0.000252120924415, 0.000145941696246, 0.000131828099256, 0.000191525061382, 0.00018264274695, 0.000170093670022, 0.000285335117951, 0.000101560661278, 6.44801402814e-05, 9.40336030908e-05, 9.54441857175e-05, 8.85155750439e-05, 6.78543001413e-05, 4.20229516749e-05, 4.55189947388e-05, 4.92865437991e-05, 4.54953624285e-05, 6.10043207416e-05, 7.30133542675e-05, 5.95171368332e-05, 3.98108131776e-05, 6.34202224319e-05, 7.80008340371e-05, 6.44529209239e-05, 0.000120184835396, 7.51231273171e-05, 7.26459256839e-05, 5.81263011554e-05, 7.37458831281e-05, 0.000110535933345, 5.14729690622e-05, 5.24750648765e-05, 4.47075763077e-05, 4.77168541693e-05, 5.49481810594e-05, 3.37199817295e-05, 4.26580227213e-05, 2.99470029859e-05, 2.86445319944e-05, 2.71990302281e-05, 2.47609677899e-05, 2.62792400463e-05, 2.21202171815e-05, 1.96988548851e-05, 1.91026738321e-05, 1.86212546396e-05, 1.87282203115e-05, 1.74759461515e-05, 1.74243832589e-05, 1.40800275403e-05, 2.49824115599e-05, 2.52233458014e-05, 1.86245924851e-05, 2.07532211789e-05, 2.06117929338e-05, 2.15112850128e-05, 2.21563150262e-05, 1.84173532034e-05, 1.57762715389e-05, 1.57484173542e-05, 1.49653906192e-05, 1.6024992874e-05, 1.34188976517e-05, 1.20547183542e-05, 1.23233421618e-05, 1.34085958052e-05, 1.14173508337e-05, 9.60999750532e-06, 8.63845980348e-06, 8.35829359858e-06, 7.66569883126e-06, 7.17600005373e-06, 6.71693396725e-06, 6.66853838993e-06, 6.13540123595e-06, 7.09290543455e-06, 6.46793751002e-06, 5.51961147721e-06, 4.4838843678e-06, 4.28094745075e-06, 5.31576779395e-06, 6.51455638945e-06, 3.91065395888e-06, 3.1218166896e-06, 2.09725726563e-06, 1.49601419253e-06, 2.13650673686e-06, 1.71505791968e-06, 1.48285641899e-06, 1.30074852223e-07, 1.169799934e-11, 7.52506564006e-12, 7.21288090019e-12, 6.98310116329e-12, 8.26437269313e-12, 7.66288248133e-12, 6.69880340434e-12, 6.41663285006e-12, 6.34850115186e-12, 6.30683049188e-12]
    },
    "mfcc": {
        "mean": [-643.709899902, 86.0179901123, 16.1843204498, 26.6208057404, 2.37483787537, -1.24635052681, -2.19558644295, 3.23600387573, -2.41628813744, 0.941568315029, -6.17585992813, -4.48604106903, -4.13615560532],
        "cov": [[10120.5048828, -394.87600708, 713.11505127, -368.721282959, -5.8961057663, 58.6864318848, 62.2291946411, 131.59866333, -58.2246856689, 230.231124878, -2.04798793793, -4.18918037415, -25.1589565277], [-394.87600708, 1549.25878906, -84.2693862915, 218.092529297, 108.249053955, 86.1894989014, 117.547935486, 86.7956008911, 126.697097778, 84.0732803345, 36.0889358521, 64.1903991699, 35.4228973389], [713.11505127, -84.2693862915, 969.487365723, -28.9350643158, 133.214538574, 228.389892578, 204.040878296, 121.322242737, 44.264667511, 160.517089844, 40.4776878357, 46.0548858643, 58.5052146912], [-368.721282959, 218.092529297, -28.9350643158, 505.447113037, 190.553421021, 76.6439208984, 34.5197944641, 98.3082427979, 99.6145324707, -8.70802211761, 75.3985290527, 39.3980369568, 48.4533996582], [-5.8961057663, 108.249053955, 133.214538574, 190.553421021, 412.987335205, 17.8926620483, 31.0786399841, 118.472808838, 90.9992446899, 69.3065032959, 51.926235199, 53.2984695435, 46.7934684753], [58.6864318848, 86.1894989014, 228.389892578, 76.6439208984, 17.8926620483, 415.410461426, 200.013717651, 63.9656333923, 100.679595947, 83.8218460083, 94.0307159424, 68.6893997192, 49.632358551], [62.2291946411, 117.547935486, 204.040878296, 34.5197944641, 31.0786399841, 200.013717651, 264.81741333, 97.8698806763, 81.3273010254, 98.0021209717, 68.544090271, 42.5920410156, 50.6697845459], [131.59866333, 86.7956008911, 121.322242737, 98.3082427979, 118.472808838, 63.9656333923, 97.8698806763, 188.87008667, 85.7164459229, 77.4730377197, 56.0976676941, 44.9356575012, 50.5821037292], [-58.2246856689, 126.697097778, 44.264667511, 99.6145324707, 90.9992446899, 100.679595947, 81.3273010254, 85.7164459229, 172.689987183, 91.2025604248, 70.2358932495, 53.14635849, 52.3814849854], [230.231124878, 84.0732803345, 160.517089844, -8.70802211761, 69.3065032959, 83.8218460083, 98.0021209717, 77.4730377197, 91.2025604248, 197.684616089, 68.2734985352, 46.9991416931, 52.3617324829], [-2.04798793793, 36.0889358521, 40.4776878357, 75.3985290527, 51.926235199, 94.0307159424, 68.544090271, 56.0976676941, 70.2358932495, 68.2734985352, 142.943817139, 68.5048751831, 59.1213111877], [-4.18918037415, 64.1903991699, 46.0548858643, 39.3980369568, 53.2984695435, 68.6893997192, 42.5920410156, 44.9356575012, 53.14635849, 46.9991416931, 68.5048751831, 115.799797058, 64.6015930176], [-25.1589565277, 35.4228973389, 58.5052146912, 48.4533996582, 46.7934684753, 49.632358551, 50.6697845459, 50.5821037292, 52.3814849854, 52.3617324829, 59.1213111877, 64.6015930176, 114.102111816]],
        "icov": [[0.000110800603579, 1.56422429427e-05, -6.52817543596e-05, 6.21418075752e-05, 1.54988119903e-05, -1.04966111394e-05, 6.89291846356e-05, -0.00011848777649, 7.72051134845e-05, -0.000119029304187, -1.30647022161e-05, -1.37498759045e-07, 7.28127197362e-05], [1.56422429427e-05, 0.000765705481172, 0.000168144833879, -0.000309026363539, -1.42891294672e-05, 4.07979132433e-05, -0.000366658117855, 2.30868754443e-05, -0.000210376980249, -0.00034833906102, 0.000453003303846, -0.000427428021794, 0.000215161562664], [-6.52817543596e-05, 0.000168144833879, 0.00161312229466, 0.000145967234857, -0.000527993834112, -0.000682864803821, -0.000642471190076, -0.000369273504475, 0.00080548360711, -0.000883136875927, 0.000666643725708, 6.33772333458e-06, -0.0003066380159], [6.21418075752e-05, -0.000309026363539, 0.000145967234857, 0.00322516029701, -0.00116028613411, -0.00054510566406, 0.000445316400146, -0.000935263698921, -0.000936505093705, 0.0016769861104, -0.00125285901595, 0.000903788313735, -0.00060715310974], [1.54988119903e-05, -1.42891294672e-05, -0.000527993834112, -0.00116028613411, 0.00374815706164, 0.000617181300186, 0.000620994251221, -0.00127661356237, -0.000735521665774, -0.00059729651548, 0.000150670239236, -0.000881059502717, 0.000288392941002], [-1.04966111394e-05, 4.07979132433e-05, -0.000682864803821, -0.00054510566406, 0.000617181300186, 0.0046570636332, -0.00278712692671, 0.0010877023451, -0.00142690760549, 0.000430028681876, -0.00111837044824, -0.0013335874537, 0.000835530052427], [6.89291846356e-05, -0.000366658117855, -0.000642471190076, 0.000445316400146, 0.000620994251221, -0.00278712692671, 0.00797043275088, -0.00256766541861, -0.000218468980165, -0.00105201778933, -0.000776779837906, 0.00121898786165, -0.000878783059306], [-0.00011848777649, 2.30868754443e-05, -0.000369273504475, -0.000935263698921, -0.00127661356237, 0.0010877023451, -0.00256766541861, 0.00946212280542, -0.00198642141186, -0.000728573766537, -0.000232369391597, -0.000566171016544, -0.00076354551129], [7.72051134845e-05, -0.000210376980249, 0.00080548360711, -0.000936505093705, -0.000735521665774, -0.00142690760549, -0.000218468980165, -0.00198642141186, 0.0112203443423, -0.00347888306715, -0.000789245765191, -0.000671483052429, -0.000798458931968], [-0.000119029304187, -0.00034833906102, -0.000883136875927, 0.0016769861104, -0.00059729651548, 0.000430028681876, -0.00105201778933, -0.000728573766537, -0.00347888306715, 0.00961602013558, -0.00244881422259, 0.00042432139162, -0.00111650524195], [-1.30647022161e-05, 0.000453003303846, 0.000666643725708, -0.00125285901595, 0.000150670239236, -0.00111837044824, -0.000776779837906, -0.000232369391597, -0.000789245765191, -0.00244881422259, 0.012904102914, -0.00439981790259, -0.00178969930857], [-1.37498759045e-07, -0.000427428021794, 6.33772333458e-06, 0.000903788313735, -0.000881059502717, -0.0013335874537, 0.00121898786165, -0.000566171016544, -0.000671483052429, 0.00042432139162, -0.00439981790259, 0.0156585909426, -0.00607550377026], [7.28127197362e-05, 0.000215161562664, -0.0003066380159, -0.00060715310974, 0.000288392941002, 0.000835530052427, -0.000878783059306, -0.00076354551129, -0.000798458931968, -0.00111650524195, -0.00178969930857, -0.00607550377026, 0.0146214403212]]
    },
    "spectral_contrast_coeffs": {
        "mean": [-0.663171470165, -0.75131124258, -0.763566911221, -0.793491780758, -0.779990553856, -0.774610519409],
        "stdev": [0.126844361424, 0.0795714110136, 0.073862478137, 0.0570662021637, 0.0484426505864, 0.049648322165]
    },
    "spectral_contrast_valleys": {
        "mean": [-7.16692972183, -7.22413158417, -7.92014980316, -8.01890468597, -7.61452436447, -9.74288463593],
        "stdev": [2.08650517464, 1.89174234867, 1.86866545677, 1.82457661629, 1.83565819263, 2.0067358017]
    }
},
"rhythm": {
    "beats_count": 305,
    "beats_loudness": {
        "mean": 0.0445870235562,
        "stdev": 0.0227729193866
    },
    "bpm": 89.9113082886,
    "bpm_histogram_first_peak_bpm": 91,
    "bpm_histogram_first_peak_weight": 0.452702701092,
    "bpm_histogram_second_peak_bpm": 86,
    "bpm_histogram_second_peak_spread": 0.249999940395,
    "bpm_histogram_second_peak_weight": 0.0197368431836,
    "danceability": 1.24739575386,
    "onset_rate": 4.3396654129,
    "beats_loudness_band_ratio": {
        "mean": [0.415272474289, 0.21924623847, 0.132208526134, 0.0602818205953, 0.0914963185787, 0.140925303102],
        "stdev": [0.275024741888, 0.165759965777, 0.122594408691, 0.0550630800426, 0.110707655549, 0.128400683403]
    },
    "beats_position": [0.650158703327, 1.31192743778, 1.97369611263, 2.6470746994, 3.32045340538, 3.98222208023, 4.6439909935, 5.31736946106, 5.97913837433, 6.64090681076, 7.31428575516, 7.98766422272, 8.66104316711, 9.34603118896, 10.0542402267, 10.774058342, 11.4706573486, 12.1672563553, 12.8638544083, 13.5604534149, 14.2802715302, 14.9768705368, 15.6502494812, 16.3236274719, 16.9853973389, 17.6471652985, 18.3205432892, 18.9823131561, 19.6440811157, 20.3174591064, 20.9792289734, 21.640996933, 22.3143768311, 22.9877548218, 23.6495227814, 24.3112926483, 24.984670639, 25.6580486298, 26.3198184967, 26.9815864563, 27.6549663544, 28.316734314, 28.9785022736, 29.6518821716, 30.3136501312, 30.9754180908, 31.6487979889, 32.3105659485, 32.9723358154, 33.6457138062, 34.3190917969, 34.9924697876, 35.6542396545, 36.3160095215, 36.9893875122, 37.6511573792, 38.3129234314, 38.9746932983, 39.6480712891, 40.309841156, 40.9716110229, 41.6333770752, 42.3067550659, 42.9801368713, 43.6419029236, 44.3036727905, 44.9770507812, 45.650428772, 46.3238105774, 46.9855766296, 47.6473464966, 48.3207244873, 48.9824943542, 49.6442604065, 50.3060302734, 50.9678001404, 51.6411781311, 52.3145561218, 52.9879341125, 53.6497039795, 54.3114738464, 54.9848518372, 55.6582298279, 56.3199996948, 56.9817695618, 57.6551475525, 58.3169136047, 58.9786834717, 59.6520614624, 60.3138313293, 60.9756011963, 61.648979187, 62.3223571777, 62.9841270447, 63.6458930969, 64.3192749023, 64.9810409546, 65.6428070068, 66.316192627, 66.9895706177, 67.6513366699, 68.3131027222, 68.9864807129, 69.6482543945, 70.3100204468, 70.9833984375, 71.6567764282, 72.3069381714, 72.9803161621, 73.6536941528, 74.3154602051, 74.9772338867, 75.6506118774, 76.3123779297, 76.9741516113, 77.6475296021, 78.3209075928, 78.982673645, 79.6444396973, 80.3178253174, 80.9912033081, 81.6529693604, 82.3147354126, 82.9881134033, 83.649887085, 84.3116531372, 84.9850311279, 85.6468048096, 86.3085708618, 86.9819488525, 87.6553268433, 88.3170928955, 88.9788665771, 89.6522445679, 90.3256225586, 90.9990005493, 91.6607666016, 92.3225402832, 92.9843063354, 93.6460723877, 94.3194503784, 94.9812240601, 95.6429901123, 96.316368103, 96.9897460938, 97.6515197754, 98.3132858276, 98.9866638184, 99.6600418091, 100.321815491, 100.983581543, 101.656959534, 102.318725586, 102.980499268, 103.653877258, 104.327255249, 104.977409363, 105.639183044, 106.300949097, 106.974327087, 107.647705078, 108.321083069, 108.994468689, 109.656234741, 110.318000793, 110.991378784, 111.653152466, 112.314918518, 112.988296509, 113.650062561, 114.311836243, 114.985214233, 115.646980286, 116.308753967, 116.982131958, 117.655509949, 118.317276001, 118.979042053, 119.652427673, 120.325805664, 120.987571716, 121.649337769, 122.322715759, 122.984489441, 123.646255493, 124.319633484, 124.993011475, 125.654785156, 126.316551208, 126.989929199, 127.66330719, 128.325073242, 128.986846924, 129.648620605, 130.321990967, 130.983764648, 131.645523071, 132.307296753, 132.980682373, 133.654052734, 134.327438354, 134.989196777, 135.650970459, 136.324356079, 136.986114502, 137.647888184, 138.321273804, 138.983032227, 139.644805908, 140.31817627, 140.99156189, 141.653335571, 142.315093994, 142.988479614, 143.650253296, 144.312011719, 144.985397339, 145.6587677, 146.33215332, 146.993927002, 147.655685425, 148.317459106, 148.979232788, 149.652603149, 150.314376831, 150.976135254, 151.649520874, 152.322906494, 152.996276855, 153.658050537, 154.31980896, 154.99319458, 155.654968262, 156.316726685, 156.978500366, 157.640274048, 158.313644409, 158.987030029, 159.660400391, 160.322174072, 160.983947754, 161.657318115, 162.330703735, 162.992462158, 163.65423584, 164.32762146, 165.000991821, 165.662765503, 166.324539185, 166.997909546, 167.659683228, 168.32144165, 168.994827271, 169.656600952, 170.318359375, 170.991744995, 171.653518677, 172.3152771, 172.98866272, 173.662033081, 174.312194824, 174.985580444, 175.658950806, 176.332336426, 176.982498169, 177.65586853, 178.317642212, 178.979400635, 179.652786255, 180.326171875, 180.987930298, 181.649703979, 182.323074341, 182.984848022, 183.646621704, 184.319992065, 184.993377686, 185.666748047, 186.328521729, 186.99029541, 187.663665771, 188.325439453, 188.987213135, 189.660583496, 190.322357178, 190.984130859, 191.657501221, 192.319274902, 192.981033325, 193.654418945, 194.327789307, 194.989562988, 195.65133667, 196.324707031, 196.986480713, 197.648254395, 198.321624756, 198.995010376, 199.656768799, 200.31854248, 200.991928101, 201.665298462, 202.338684082, 203.012054443, 203.685440063],
    "bpm_histogram": [0, 0, 0, 0, 0, 0, 0, 0, 0, 0, 0, 0, 0, 0, 0, 0, 0, 0, 0, 0, 0, 0, 0, 0, 0, 0, 0, 0, 0, 0, 0, 0, 0, 0, 0, 0, 0, 0, 0, 0, 0, 0, 0, 0, 0, 0, 0, 0, 0, 0, 0, 0, 0, 0, 0, 0, 0, 0, 0, 0, 0, 0, 0, 0, 0, 0, 0, 0, 0, 0, 0, 0, 0, 0, 0, 0, 0, 0, 0, 0, 0, 0, 0, 0.00657894741744, 0, 0.00328947370872, 0.0164473690093, 0, 0.00328947370872, 0.4375, 0, 0.51973682642, 0.0131578948349, 0, 0, 0, 0, 0, 0, 0, 0, 0, 0, 0, 0, 0, 0, 0, 0, 0, 0, 0, 0, 0, 0, 0, 0, 0, 0, 0, 0, 0, 0, 0, 0, 0, 0, 0, 0, 0, 0, 0, 0, 0, 0, 0, 0, 0, 0, 0, 0, 0, 0, 0, 0, 0, 0, 0, 0, 0, 0, 0, 0, 0, 0, 0, 0, 0, 0, 0, 0, 0, 0, 0, 0, 0, 0, 0, 0, 0, 0, 0, 0, 0, 0, 0, 0, 0, 0, 0, 0, 0, 0, 0, 0, 0, 0, 0, 0, 0, 0, 0, 0, 0, 0, 0, 0, 0, 0, 0, 0, 0, 0, 0, 0, 0, 0, 0, 0, 0, 0, 0, 0, 0, 0, 0, 0, 0, 0, 0, 0, 0, 0, 0, 0, 0, 0, 0, 0, 0, 0, 0, 0, 0, 0, 0, 0, 0, 0, 0, 0, 0, 0, 0, 0, 0, 0, 0, 0, 0]
},
"tonal": {
    "chords_changes_rate": 0.0847342088819,
    "chords_number_rate": 0.00249886419624,
    "chords_strength": {
        "mean": 0.525911569595,
        "stdev": 0.104503512383
    },
    "hpcp_crest": {
        "mean": 13.3346204758,
        "stdev": 6.73423910141
    },
    "hpcp_entropy": {
        "mean": 2.05640506744,
        "stdev": 0.793434619904
    },
    "key_edma": {
        "strength": 0.622690856457,
        "key": "D",
        "scale": "major"
    },
    "key_krumhansl": {
        "strength": 0.618294417858,
        "key": "D",
        "scale": "major"
    },
    "key_temperley": {
        "strength": 0.610095918179,
        "key": "D",
        "scale": "major"
    },
    "tuning_diatonic_strength": 0.58081394434,
    "tuning_equal_tempered_deviation": 0.246299266815,
    "tuning_frequency": 434.193115234,
    "tuning_nontempered_energy_ratio": 0.932317018509,
    "hpcp": {
        "mean": [0.248550385237, 0.252778053284, 0.137407392263, 0.0745327249169, 0.0689995884895, 0.0803829580545, 0.130450189114, 0.154380246997, 0.112080492079, 0.0971106663346, 0.099611595273, 0.101144090295, 0.165271177888, 0.172500267625, 0.0936979204416, 0.0925788804889, 0.0915460139513, 0.0526825301349, 0.0425774417818, 0.038785032928, 0.0481642857194, 0.103241659701, 0.12428406626, 0.0777543783188, 0.0641202703118, 0.0747599378228, 0.10567510128, 0.162969827652, 0.159784600139, 0.134247988462, 0.135289415717, 0.122677020729, 0.107654675841, 0.114631332457, 0.121976390481, 0.149982467294],
        "stdev": [0.329803705215, 0.332170814276, 0.242752030492, 0.187734931707, 0.179877355695, 0.195025965571, 0.241775274277, 0.27759423852, 0.221585080028, 0.222536563873, 0.224857106805, 0.220627039671, 0.269426614046, 0.281294435263, 0.175687164068, 0.201376989484, 0.201062262058, 0.136154949665, 0.118895076215, 0.104885153472, 0.127866536379, 0.193868294358, 0.22121681273, 0.154904395342, 0.163296476007, 0.177389249206, 0.220432057977, 0.281849116087, 0.258416831493, 0.236687391996, 0.244076728821, 0.239168435335, 0.21439909935, 0.226233616471, 0.23182374239, 0.262404412031]
    },
    "chords_histogram": [6.36074495316, 32.0763282776, 22.3534755707, 4.22535228729, 6.95138549805, 0.113584734499, 0, 0, 0.181735575199, 0, 0.999545633793, 3.24852347374, 0, 0, 0, 0, 0, 1.06769645214, 2.90776920319, 5.56565189362, 2.15810990334, 0.863243997097, 0.885960936546, 10.0408906937],
    "thpcp": [1, 0.543589115143, 0.294854402542, 0.272965103388, 0.317998170853, 0.516066133976, 0.610734403133, 0.443394869566, 0.384173631668, 0.394067406654, 0.400130033493, 0.653819322586, 0.682417869568, 0.370672672987, 0.36624571681, 0.362159669399, 0.208414182067, 0.168438047171, 0.153435125947, 0.190539821982, 0.408428102732, 0.491672694683, 0.307599395514, 0.253662317991, 0.295753270388, 0.418054878712, 0.644715070724, 0.632114231586, 0.531090378761, 0.535210311413, 0.485315144062, 0.425886154175, 0.453486084938, 0.482543438673, 0.593336582184, 0.983275175095],
    "chords_key": "F#",
    "chords_scale": "minor"
}
}