{
"metadata": {
    "version": {
        "essentia": "2.1-dev",
        "essentia_git_sha": "v2.1_beta3-415-gd5473f3",
        "extractor": "music 2.0"
    },
    "audio_properties": {
        "analysis": {
            "equal_loudness": 0,
            "length": 228.41468811,
            "sample_rate": 44100,
            "start_time": 0,
            "downmix": "mix"
        },
        "bit_rate": 192000,
        "length": 228.41468811,
        "lossless": 0,
        "number_channels": 2,
        "replay_gain": -8.84655761719,
        "sample_rate": 44100,
        "codec": "mp3",
        "md5_encoded": "60c97b40eb3ce697f23e53e176a842e9"
    },
    "tags": {
        "file_name": "david_craig-booty_man.mp3",
        "album": ["Born  To Do  It"],
        "artist": ["Craig David"],
        "genre": ["Other"],
        "title": ["Booty Man"]
    }
},
"lowlevel": {
    "average_loudness": 0.93645465374,
    "barkbands_crest": {
        "mean": 11.3742160797,
        "stdev": 4.59665966034
    },
    "barkbands_flatness_db": {
        "mean": 0.173442989588,
        "stdev": 0.0597207918763
    },
    "barkbands_kurtosis": {
        "mean": 11.5079317093,
        "stdev": 16.2024784088
    },
    "barkbands_skewness": {
        "mean": 2.42017102242,
        "stdev": 1.66016876698
    },
    "barkbands_spread": {
        "mean": 24.9767341614,
        "stdev": 25.2791843414
    },
    "dissonance": {
        "mean": 0.424483269453,
        "stdev": 0.0480447337031
    },
    "dynamic_complexity": 3.0022521019,
    "erbbands_crest": {
        "mean": 10.5161705017,
        "stdev": 4.75370645523
    },
    "erbbands_flatness_db": {
        "mean": 0.142394661903,
        "stdev": 0.0459969416261
    },
    "erbbands_kurtosis": {
        "mean": 2.52900075912,
        "stdev": 4.05642414093
    },
    "erbbands_skewness": {
        "mean": 0.990681767464,
        "stdev": 1.05090904236
    },
    "erbbands_spread": {
        "mean": 54.449962616,
        "stdev": 38.6655654907
    },
    "hfc": {
        "mean": 39.4469985962,
        "stdev": 56.9690742493
    },
    "loudness_ebu128": {
        "integrated": -12.4702510834,
        "loudness_range": 3.44017505646,
        "momentary": {
            "mean": -14.8494415283,
            "stdev": 17.2393817902
        },
        "short_term": {
            "mean": -13.5620098114,
            "stdev": 5.39488267899
        }
    },
    "melbands_crest": {
        "mean": 15.6085424423,
        "stdev": 5.5803103447
    },
    "melbands_flatness_db": {
        "mean": 0.259845584631,
        "stdev": 0.083994731307
    },
    "melbands_kurtosis": {
        "mean": 32.8450508118,
        "stdev": 43.2241744995
    },
    "melbands_skewness": {
        "mean": 3.79817247391,
        "stdev": 2.40097522736
    },
    "melbands_spread": {
        "mean": 17.0830001831,
        "stdev": 23.2969532013
    },
    "pitch_salience": {
        "mean": 0.523056924343,
        "stdev": 0.125539705157
    },
    "silence_rate_20dB": {
        "mean": 1,
        "stdev": 0
    },
    "silence_rate_30dB": {
        "mean": 0.938097178936,
        "stdev": 0.240993231535
    },
    "silence_rate_60dB": {
        "mean": 0.0467574708164,
        "stdev": 0.211119920015
    },
    "spectral_centroid": {
        "mean": 954.265319824,
        "stdev": 960.001159668
    },
    "spectral_complexity": {
        "mean": 11.8270988464,
        "stdev": 6.50114297867
    },
    "spectral_decrease": {
        "mean": -1.1150500967e-08,
        "stdev": 9.39004785039e-09
    },
    "spectral_energy": {
        "mean": 0.0456624664366,
        "stdev": 0.0363072268665
    },
    "spectral_energyband_high": {
        "mean": 0.00281289988197,
        "stdev": 0.00532841356471
    },
    "spectral_energyband_low": {
        "mean": 0.0240073073655,
        "stdev": 0.0306095182896
    },
    "spectral_energyband_middle_high": {
        "mean": 0.0025524282828,
        "stdev": 0.0044506159611
    },
    "spectral_energyband_middle_low": {
        "mean": 0.0188600961119,
        "stdev": 0.0159363597631
    },
    "spectral_entropy": {
        "mean": 7.37690448761,
        "stdev": 0.668466210365
    },
    "spectral_flux": {
        "mean": 0.101299896836,
        "stdev": 0.0667833685875
    },
    "spectral_kurtosis": {
        "mean": 4.20179414749,
        "stdev": 4.9757733345
    },
    "spectral_rms": {
        "mean": 0.00613658363,
        "stdev": 0.00262512895279
    },
    "spectral_rolloff": {
        "mean": 2164.64868164,
        "stdev": 3678.07739258
    },
    "spectral_skewness": {
        "mean": 1.74963128567,
        "stdev": 0.818897783756
    },
    "spectral_spread": {
        "mean": 7766783,
        "stdev": 3919106.75
    },
    "spectral_strongpeak": {
        "mean": 1.03110969067,
        "stdev": 2.7322614193
    },
    "zerocrossingrate": {
        "mean": 0.0824412629008,
        "stdev": 0.0778922960162
    },
    "barkbands": {
        "mean": [0.000723676988855, 0.0151915252209, 0.00565681327134, 0.00408536149189, 0.00551232462749, 0.00214043911546, 0.00283304275945, 0.00233776192181, 0.00166194024496, 0.00064808037132, 0.000455489789601, 0.000437520153355, 0.000220423011342, 0.000145782963955, 0.000195788597921, 0.000136284143082, 0.000123404606711, 0.00010678597755, 0.000180703718797, 0.0001084700707, 0.000125450256746, 0.000248885160545, 0.000371242174879, 0.000461506919237, 0.00110386277083, 0.000431762717199, 1.8134871425e-05],
        "stdev": [0.00152072310448, 0.019394395873, 0.0120797622949, 0.00905429385602, 0.00581739051268, 0.00333759677596, 0.00367424311116, 0.00423625344411, 0.00302633806132, 0.00121554150246, 0.00132111285347, 0.00119176076259, 0.000857236213051, 0.000549855525605, 0.000676098279655, 0.000408449530369, 0.000482887990074, 0.000297070509987, 0.000442320975708, 0.000284339330392, 0.000318716367474, 0.000599462306127, 0.000822584726848, 0.00100499985274, 0.00248197792098, 0.0013025731314, 7.1423863119e-05]
    },
    "erbbands": {
        "mean": [0.488938480616, 3.1637070179, 6.70549869537, 11.3856401443, 14.8425941467, 18.5737361908, 22.8543567657, 13.1137428284, 36.8430976868, 37.8152008057, 61.0853309631, 41.9543151855, 27.1862621307, 19.6944599152, 18.6790466309, 18.0880413055, 10.2293710709, 9.15194129944, 7.84031772614, 10.2308168411, 7.55714035034, 7.10934400558, 6.71267604828, 7.35432529449, 7.28469562531, 5.36356973648, 4.88939619064, 5.34557723999, 8.51089572906, 10.15629673, 10.4644727707, 10.0341625214, 7.77054452896, 8.66509342194, 7.86648797989, 2.73693323135, 0.886218547821, 0.169751912355, 0.00337270414457, 0.000169966297108],
        "stdev": [0.677951395512, 4.18943786621, 12.4346828461, 24.9560565948, 19.8467655182, 23.5753517151, 44.9186096191, 18.3471240997, 49.611541748, 62.1460075378, 110.8854599, 73.314743042, 54.0061378479, 33.3166847229, 48.3376159668, 51.4275093079, 36.6618270874, 35.1477050781, 24.6096839905, 35.1743507385, 23.9485721588, 26.9885120392, 19.7742519379, 17.9516296387, 16.1084918976, 14.3652162552, 13.1288471222, 12.5244121552, 20.6421298981, 23.2678565979, 23.9303569794, 21.6799526215, 17.1497917175, 19.512506485, 18.2683773041, 6.80409240723, 2.90779519081, 0.648426830769, 0.0122971786186, 0.000371244153939]
    },
    "gfcc": {
        "mean": [-3.71934628487, 77.7735061646, -56.7291641235, 21.397151947, -74.0304412842, 17.82579422, -42.0624771118, 21.4432811737, -23.5817279816, 4.96357059479, -22.1949462891, 4.47887086868, -14.6067276001],
        "cov": [[16613.1152344, -1007.37097168, -665.780822754, 374.430175781, -593.331298828, 344.325164795, -409.830780029, 224.419769287, -309.051757812, 99.5364608765, -211.936584473, 94.7513046265, -301.35256958], [-1007.37097168, 2005.08483887, -316.370513916, -167.97215271, 291.790863037, 0.332584351301, 227.989685059, -41.8326835632, 171.653015137, -129.884506226, 125.893669128, -48.7895545959, 15.1598424911], [-665.780822754, -316.370513916, 1022.50036621, 295.106750488, 145.844711304, 153.666320801, 126.611404419, 112.448181152, 5.32573509216, 101.387023926, -17.8274841309, 47.5386276245, 75.7750091553], [374.430175781, -167.97215271, 295.106750488, 645.380371094, 148.134033203, 59.1833000183, 30.2924346924, 84.471862793, 98.568649292, 8.67154502869, 20.1356620789, -0.500897884369, 26.3156967163], [-593.331298828, 291.790863037, 145.844711304, 148.134033203, 371.393280029, 103.731994629, 103.188774109, 43.3961677551, 72.5084609985, 31.9750556946, 40.0868644714, 2.8196554184, 37.5598678589], [344.325164795, 0.332584351301, 153.666320801, 59.1833000183, 103.731994629, 253.7996521, 148.889251709, 17.2653751373, 3.03886365891, 52.1383247375, 35.7227058411, 20.3793849945, 5.25982713699], [-409.830780029, 227.989685059, 126.611404419, 30.2924346924, 103.188774109, 148.889251709, 296.557617188, 46.9379272461, 3.53084683418, 25.2544898987, 85.0168457031, 26.4008865356, 9.37248325348], [224.419769287, -41.8326835632, 112.448181152, 84.471862793, 43.3961677551, 17.2653751373, 46.9379272461, 170.616073608, 27.4737758636, 27.1058559418, -2.55587053299, 11.7159490585, 21.1408195496], [-309.051757812, 171.653015137, 5.32573509216, 98.568649292, 72.5084609985, 3.03886365891, 3.53084683418, 27.4737758636, 208.838684082, -0.252577602863, 17.2548484802, -1.98072767258, 40.4836158752], [99.5364608765, -129.884506226, 101.387023926, 8.67154502869, 31.9750556946, 52.1383247375, 25.2544898987, 27.1058559418, -0.252577602863, 134.138870239, 11.8781852722, 12.1314687729, 41.1012916565], [-211.936584473, 125.893669128, -17.8274841309, 20.1356620789, 40.0868644714, 35.7227058411, 85.0168457031, -2.55587053299, 17.2548484802, 11.8781852722, 128.928939819, 33.227230072, -17.2678337097], [94.7513046265, -48.7895545959, 47.5386276245, -0.500897884369, 2.8196554184, 20.3793849945, 26.4008865356, 11.7159490585, -1.98072767258, 12.1314687729, 33.227230072, 86.8092956543, 21.8327274323], [-301.35256958, 15.1598424911, 75.7750091553, 26.3156967163, 37.5598678589, 5.25982713699, 9.37248325348, 21.1408195496, 40.4836158752, 41.1012916565, -17.2678337097, 21.8327274323, 117.547676086]],
        "icov": [[0.000110403154395, -6.99486772646e-05, 0.000145746103954, -0.00019064337539, 0.000242857044213, -0.000413504545577, 0.000287371920422, -0.000264613918262, 0.000165279154317, -0.000242461581365, 0.000282934808638, -0.000360049656592, 0.000342658080626], [-6.99486772646e-05, 0.000982765923254, 9.38331431826e-05, 0.000545603688806, -0.00091513391817, 0.000618977996055, -0.000932909955736, 0.000358340359526, -0.000686942599714, 0.0011647901265, -0.0007732269587, 0.000989281805232, -0.000682075624354], [0.000145746103954, 9.38331431826e-05, 0.00166589138098, -0.000753308646381, 1.79183916771e-05, -0.000814254570287, -0.000168979153386, -0.000637224875391, 0.000422582845204, -0.000789903802797, 0.00110811146442, -0.00102394015994, 9.87079183687e-05], [-0.00019064337539, 0.000545603688806, -0.000753308646381, 0.00265478319488, -0.00122280116193, 0.00058554741554, -0.000282782129943, -0.000158029535669, -0.00123042345513, 0.00145867862739, -0.00142241292633, 0.00147112039849, -0.000820817309432], [0.000242857044213, -0.00091513391817, 1.79183916771e-05, -0.00122280116193, 0.00481848232448, -0.0021410305053, 0.000757953850552, -0.000956802628934, 7.06811770215e-05, -0.00132924085483, 0.000358271761797, -0.000569051306229, 0.000269389827736], [-0.000413504545577, 0.000618977996055, -0.000814254570287, 0.00058554741554, -0.0021410305053, 0.008400272578, -0.00451904349029, 0.00213521323167, -0.000970734166913, -0.000926617649384, -3.66548629245e-05, 0.000530186342075, 9.28966037463e-05], [0.000287371920422, -0.000932909955736, -0.000168979153386, -0.000282782129943, 0.000757953850552, -0.00451904349029, 0.00784399360418, -0.00248959427699, 0.00155767169781, -5.48365460418e-05, -0.0028439888265, -0.00062682304997, -7.03085106579e-06], [-0.000264613918262, 0.000358340359526, -0.000637224875391, -0.000158029535669, -0.000956802628934, 0.00213521323167, -0.00248959427699, 0.00788715761155, -0.0012617794564, -0.000606060901191, 0.000831743353046, -7.44891294744e-05, -0.000505759613588], [0.000165279154317, -0.000686942599714, 0.000422582845204, -0.00123042345513, 7.06811770215e-05, -0.000970734166913, 0.00155767169781, -0.0012617794564, 0.00669494457543, -9.4409842859e-05, -0.000733171182219, 1.81782422715e-06, -0.00174183596391], [-0.000242461581365, 0.0011647901265, -0.000789903802797, 0.00145867862739, -0.00132924085483, -0.000926617649384, -5.48365460418e-05, -0.000606060901191, -9.4409842859e-05, 0.011717511341, -0.00364381354302, 0.00276286294684, -0.00512263178825], [0.000282934808638, -0.0007732269587, 0.00110811146442, -0.00142241292633, 0.000358271761797, -3.66548629245e-05, -0.0028439888265, 0.000831743353046, -0.000733171182219, -0.00364381354302, 0.0140329785645, -0.0068069207482, 0.0052458466962], [-0.000360049656592, 0.000989281805232, -0.00102394015994, 0.00147112039849, -0.000569051306229, 0.000530186342075, -0.00062682304997, -7.44891294744e-05, 1.81782422715e-06, 0.00276286294684, -0.0068069207482, 0.0167543943971, -0.00557692861184], [0.000342658080626, -0.000682075624354, 9.87079183687e-05, -0.000820817309432, 0.000269389827736, 9.28966037463e-05, -7.03085106579e-06, -0.000505759613588, -0.00174183596391, -0.00512263178825, 0.0052458466962, -0.00557692861184, 0.0137925278395]]
    },
    "melbands": {
        "mean": [0.00426103873178, 0.00381380622275, 0.00204772967845, 0.00119986745995, 0.000789696990978, 0.000323086598655, 0.000579050858505, 0.000394178176066, 0.000486705277581, 0.000237676838879, 0.000128675310407, 7.66678058426e-05, 6.80861994624e-05, 5.16202198924e-05, 3.20652325172e-05, 2.02765313588e-05, 1.59980099852e-05, 1.14023205242e-05, 1.4562108845e-05, 1.11531226139e-05, 8.35057016957e-06, 7.19652189218e-06, 7.33526940166e-06, 4.53090706287e-06, 6.15523231318e-06, 7.30237115931e-06, 4.10799384554e-06, 3.34581704919e-06, 2.79525761471e-06, 3.10381869895e-06, 3.05386720356e-06, 4.50681454822e-06, 5.37197138328e-06, 5.91230627833e-06, 5.77385208089e-06, 6.60911018713e-06, 5.85039970247e-06, 4.78799984194e-06, 6.44547253614e-06, 7.76808974479e-06],
        "stdev": [0.00552795873955, 0.00570747908205, 0.00403475528583, 0.00137044268195, 0.00132060714532, 0.000464992568595, 0.000750406004954, 0.00061818404356, 0.000851389253512, 0.000435111753177, 0.000271140306722, 0.000135226015118, 0.000193330037291, 0.000140952717629, 0.000102733203676, 7.94249135652e-05, 6.21090366622e-05, 3.65283813153e-05, 5.79202423978e-05, 3.29754366248e-05, 2.7859765396e-05, 2.85585556412e-05, 2.64093250735e-05, 1.1649550288e-05, 1.61609405041e-05, 1.79580492841e-05, 1.08087751869e-05, 9.54815914156e-06, 7.48186221244e-06, 8.59894407768e-06, 7.10189578967e-06, 1.11421286419e-05, 1.347514808e-05, 1.38962723213e-05, 1.42035496538e-05, 1.49981487994e-05, 1.26069417092e-05, 1.03164729808e-05, 1.62843389262e-05, 1.8536546122e-05]
    },
    "melbands128": {
        "mean": [0.000674853567034, 0.00391684332862, 0.00572205847129, 0.00506844837219, 0.00372610590421, 0.00262557971291, 0.00244503025897, 0.0017875044141, 0.00149867055006, 0.00120878708549, 0.00111842004117, 0.000854226294905, 0.000982272787951, 0.000405342143495, 0.00015700836957, 0.000399582786486, 0.000434629851952, 0.000737135764211, 0.000478292145999, 0.000472940737382, 0.000185493234312, 0.000531541532837, 0.000630317837931, 0.000252240686677, 0.000334235955961, 0.000139678377309, 0.000225835785386, 0.00012857116235, 4.20403994212e-05, 9.94400834315e-05, 6.309987657e-05, 8.16350948298e-05, 9.08597867237e-05, 3.40945334756e-05, 5.1452232583e-05, 6.1403879954e-05, 5.15022184118e-05, 2.59669413936e-05, 2.67234281637e-05, 1.87813584489e-05, 1.45022986544e-05, 2.85134010483e-05, 1.58079183166e-05, 1.14502572615e-05, 8.46407783683e-06, 1.3083686099e-05, 1.31740625875e-05, 1.05313547465e-05, 1.91584131244e-05, 1.41610607898e-05, 8.68286770128e-06, 9.81927860266e-06, 9.05601245904e-06, 7.45837951399e-06, 7.29460225557e-06, 7.4758277151e-06, 6.58373301121e-06, 7.64344622439e-06, 7.91686761659e-06, 6.19487036602e-06, 5.07138656758e-06, 2.4964417662e-06, 2.16740886572e-06, 3.22110349771e-06, 2.00799076993e-05, 4.3662284952e-06, 3.46119600181e-06, 4.78656829728e-06, 3.87662066714e-06, 3.91700450564e-06, 3.9972705963e-06, 2.56099838225e-06, 2.171179176e-06, 3.14019553116e-06, 3.23030462823e-06, 3.0539472391e-06, 2.98549252875e-06, 3.06109518533e-06, 2.59010789705e-06, 3.65631535715e-06, 4.1497401071e-06, 4.53978555015e-06, 6.20488390268e-06, 5.16240879733e-06, 5.28815371581e-06, 5.29683211425e-06, 6.86976909492e-06, 5.40969767826e-06, 5.90901481701e-06, 5.50987806491e-06, 6.4969176492e-06, 7.14979614713e-06, 6.48841523798e-06, 6.32967476122e-06, 5.25089990333e-06, 4.04675756727e-06, 4.42022746938e-06, 6.06171533946e-06, 5.78201161261e-06, 7.94988045527e-06, 6.23929190624e-06, 1.16579703899e-05, 3.66497260984e-06, 3.42682619703e-06, 3.12322185891e-06, 1.85045555554e-05, 1.91690633073e-05, 3.81739164368e-06, 1.92925654119e-06, 2.33243508774e-06, 1.8672301394e-06, 2.9151203762e-06, 3.57699468623e-06, 2.14955798583e-06, 3.24429038301e-06, 2.31558215091e-06, 7.30253248094e-07, 8.00842201443e-08, 1.80367162178e-11, 7.75049989465e-12, 7.31772541868e-12, 7.01740965683e-12, 6.77505447577e-12, 6.59367352385e-12, 6.45128742094e-12, 6.34918810236e-12, 6.27650882656e-12, 6.22359759214e-12],
        "stdev": [0.00138389866333, 0.00603556307033, 0.00783792324364, 0.00716408528388, 0.00661736959592, 0.00585471885279, 0.00571023672819, 0.00388377672061, 0.00221833749674, 0.00176498526707, 0.00179295113776, 0.00135679065716, 0.00226344331168, 0.000831723678857, 0.000317355908919, 0.000796928361524, 0.000914757081773, 0.00124379864428, 0.000764270371292, 0.00112329237163, 0.000590623472817, 0.00111666345038, 0.00136017706245, 0.000607371912338, 0.000843852933031, 0.000416514754761, 0.000629665330052, 0.000382780708605, 0.00012730564049, 0.000211748556467, 0.000153160217451, 0.000247158954153, 0.000326839857735, 0.000168793587363, 0.000203387869988, 0.000210709273233, 0.000206921438803, 0.000126633807668, 0.000155153946253, 8.85468762135e-05, 7.57004891057e-05, 0.000143456360092, 7.77604655013e-05, 4.73045220133e-05, 4.21204786107e-05, 4.72335632367e-05, 4.24288118666e-05, 5.36185616511e-05, 9.32052207645e-05, 4.69651822641e-05, 3.05564208247e-05, 3.9555136027e-05, 2.90819607471e-05, 2.95864811051e-05, 3.003555139e-05, 3.24400534737e-05, 2.97055357805e-05, 3.34986107191e-05, 2.93218981824e-05, 1.94004842342e-05, 1.39180920087e-05, 6.13307884123e-06, 6.25212533123e-06, 9.95662321657e-06, 6.60565492581e-05, 1.23492782222e-05, 1.11267208922e-05, 1.43426150316e-05, 1.11854915303e-05, 1.31930974021e-05, 1.24181160572e-05, 9.24792038859e-06, 5.39393658983e-06, 1.00773268059e-05, 1.08223239295e-05, 9.32244620344e-06, 9.21129139897e-06, 7.19802574167e-06, 6.552312243e-06, 9.55500581767e-06, 1.14712083814e-05, 1.19770284073e-05, 1.66830195667e-05, 1.49363468154e-05, 1.4202564671e-05, 1.46341899381e-05, 1.67666803463e-05, 1.56684654939e-05, 1.64328048413e-05, 1.4947049749e-05, 1.54657118401e-05, 1.87377045222e-05, 1.54069402925e-05, 1.43512961586e-05, 1.14111971925e-05, 9.66049356066e-06, 9.69958637143e-06, 1.63117620104e-05, 1.54191257025e-05, 2.15250129258e-05, 1.45871272252e-05, 3.52646529791e-05, 9.01345265447e-06, 8.46022339829e-06, 7.73227202444e-06, 5.29544086021e-05, 5.71114542254e-05, 1.77440997504e-05, 6.07714991929e-06, 1.55077232193e-05, 6.68381335345e-06, 1.05526069092e-05, 1.34539022838e-05, 7.8332159319e-06, 1.32933382702e-05, 9.34691888688e-06, 2.87878560812e-06, 3.45966782334e-07, 7.28392970939e-11, 1.24113054903e-11, 1.15794665523e-11, 1.10542209067e-11, 1.06747943818e-11, 1.03898721224e-11, 1.01679749689e-11, 1.00026558217e-11, 9.88594883039e-12, 9.81423709662e-12]
    },
    "mfcc": {
        "mean": [-664.446472168, 119.459732056, 55.9426956177, 12.7286090851, 1.95173668861, -4.27488899231, -5.54901218414, 8.00058555603, 2.54299116135, 4.46482992172, 0.956344425678, -3.87625551224, 4.33519363403],
        "cov": [[9092.27148438, -584.252624512, -38.1335144043, -91.1324081421, -19.4783000946, -9.04713630676, -31.2588672638, 67.0514068604, -133.002365112, -1.41997969151, 32.1608543396, -17.7738933563, -72.0806427002], [-584.252624512, 1954.01220703, -274.308624268, -122.682998657, -33.430519104, 54.1466140747, 47.1638641357, 157.033813477, -26.7080497742, 40.8965301514, 71.531288147, -11.5981273651, 56.5939826965], [-38.1335144043, -274.308624268, 776.878601074, 213.373916626, 82.0409088135, 76.0498199463, 107.689781189, 41.3128509521, 115.695793152, 24.3015193939, -7.24655866623, 47.7315406799, 34.8109703064], [-91.1324081421, -122.682998657, 213.373916626, 452.613952637, 192.369171143, 46.0109214783, 20.942735672, 61.5176391602, 83.6891555786, 64.4354324341, -3.84435367584, 23.4406642914, 39.8098068237], [-19.4783000946, -33.430519104, 82.0409088135, 192.369171143, 321.509399414, 65.7085723877, -36.7633514404, 29.97016716, 72.338394165, 54.6210289001, 15.774641037, -0.744362950325, 5.20523738861], [-9.04713630676, 54.1466140747, 76.0498199463, 46.0109214783, 65.7085723877, 244.648422241, 141.164581299, 33.5156898499, 31.7080783844, 21.4841785431, 36.0543518066, 56.3886604309, 5.56765127182], [-31.2588672638, 47.1638641357, 107.689781189, 20.942735672, -36.7633514404, 141.164581299, 297.357421875, 71.3085327148, 8.1508808136, 6.25594472885, 57.3038024902, 42.024646759, 28.4717330933], [67.0514068604, 157.033813477, 41.3128509521, 61.5176391602, 29.97016716, 33.5156898499, 71.3085327148, 192.543807983, 6.51714658737, 28.1614685059, 39.9917984009, 13.0114793777, 35.737827301], [-133.002365112, -26.7080497742, 115.695793152, 83.6891555786, 72.338394165, 31.7080783844, 8.1508808136, 6.51714658737, 193.528305054, 44.7439842224, -33.5834999084, 36.3064117432, 19.4987373352], [-1.41997969151, 40.8965301514, 24.3015193939, 64.4354324341, 54.6210289001, 21.4841785431, 6.25594472885, 28.1614685059, 44.7439842224, 137.7759552, 37.0887069702, -12.1295585632, -1.18995916843], [32.1608543396, 71.531288147, -7.24655866623, -3.84435367584, 15.774641037, 36.0543518066, 57.3038024902, 39.9917984009, -33.5834999084, 37.0887069702, 117.744064331, 2.0769238472, 4.47395181656], [-17.7738933563, -11.5981273651, 47.7315406799, 23.4406642914, -0.744362950325, 56.3886604309, 42.024646759, 13.0114793777, 36.3064117432, -12.1295585632, 2.0769238472, 135.312026978, 26.2842025757], [-72.0806427002, 56.5939826965, 34.8109703064, 39.8098068237, 5.20523738861, 5.56765127182, 28.4717330933, 35.737827301, 19.4987373352, -1.18995916843, 4.47395181656, 26.2842025757, 101.080314636]],
        "icov": [[0.000115738555905, 4.5380253141e-05, 2.88399087367e-06, 3.78028562409e-05, -8.37157313072e-06, -1.99031128432e-05, 2.93568846246e-05, -0.000104583516077, 8.09085322544e-05, -3.15800207318e-05, 1.71813167071e-06, -1.53961300384e-05, 5.94267257839e-05], [4.5380253141e-05, 0.000634735682979, 0.000221453650738, 0.000197722925805, 4.79027767142e-05, -0.000221576105105, 9.59464960033e-05, -0.00054763344815, -5.20062640135e-05, -0.000133029272547, -0.00014024610573, 0.000129780702991, -0.0003199010971], [2.88399087367e-06, 0.000221453650738, 0.00172261358239, -0.00059930596035, 5.27243537363e-05, -8.63199165906e-05, -0.000499604735523, -0.000143342083902, -0.000743414508179, 0.000193703453988, -5.12699489263e-06, -3.70685556845e-05, -0.000130151543999], [3.78028562409e-05, 0.000197722925805, -0.00059930596035, 0.00370055064559, -0.00192691222765, 0.000282024877379, -0.000297405524179, -0.000709446088877, 9.93848370854e-05, -0.00112656620331, 0.000934488605708, -0.000342204177286, -0.000901303719729], [-8.37157313072e-06, 4.79027767142e-05, 5.27243537363e-05, -0.00192691222765, 0.00530434120446, -0.00201044394635, 0.0019688711036, -0.000398589065298, -0.00136444624513, -9.42855513131e-06, -0.00141537142918, 0.000958559277933, 0.00020836800104], [-1.99031128432e-05, -0.000221576105105, -8.63199165906e-05, 0.000282024877379, -0.00201044394635, 0.00713436631486, -0.00347070046701, 0.000508237804752, -3.96915220335e-06, -0.000470392405987, -0.000110712353489, -0.00225265952758, 0.00112288736273], [2.93568846246e-05, 9.59464960033e-05, -0.000499604735523, -0.000297405524179, 0.0019688711036, -0.00347070046701, 0.00623817741871, -0.00140374246985, -0.00043565640226, 0.000710556167178, -0.00218956405297, 0.000262942485278, -0.00079369865125], [-0.000104583516077, -0.00054763344815, -0.000143342083902, -0.000709446088877, -0.000398589065298, 0.000508237804752, -0.00140374246985, 0.00703423237428, 0.000238482796703, -0.000564124900848, -0.00117362244055, -0.000146648249938, -0.00150083797053], [8.09085322544e-05, -5.20062640135e-05, -0.000743414508179, 9.93848370854e-05, -0.00136444624513, -3.96915220335e-06, -0.00043565640226, 0.000238482796703, 0.00792342890054, -0.00310275238007, 0.00358424009755, -0.0019449936226, -0.000805290765129], [-3.15800207318e-05, -0.000133029272547, 0.000193703453988, -0.00112656620331, -9.42855513131e-06, -0.000470392405987, 0.000710556167178, -0.000564124900848, -0.00310275238007, 0.0102305822074, -0.00411721132696, 0.00178016314749, 0.000892947195098], [1.71813167071e-06, -0.00014024610573, -5.12699489263e-06, 0.000934488605708, -0.00141537142918, -0.000110712353489, -0.00218956405297, -0.00117362244055, 0.00358424009755, -0.00411721132696, 0.0126392738894, -0.00081425299868, -0.000263436406385], [-1.53961300384e-05, 0.000129780702991, -3.70685556845e-05, -0.000342204177286, 0.000958559277933, -0.00225265952758, 0.000262942485278, -0.000146648249938, -0.0019449936226, 0.00178016314749, -0.00081425299868, 0.00941099133343, -0.00189857324585], [5.94267257839e-05, -0.0003199010971, -0.000130151543999, -0.000901303719729, 0.00020836800104, 0.00112288736273, -0.00079369865125, -0.00150083797053, -0.000805290765129, 0.000892947195098, -0.000263436406385, -0.00189857324585, 0.0118672307581]]
    },
    "spectral_contrast_coeffs": {
        "mean": [-0.697347342968, -0.69606757164, -0.726594865322, -0.79542952776, -0.795973956585, -0.810539364815],
        "stdev": [0.0851608514786, 0.0775630176067, 0.0766889080405, 0.0524738281965, 0.0493487343192, 0.0342559851706]
    },
    "spectral_contrast_valleys": {
        "mean": [-6.48939990997, -6.8755273819, -8.07949638367, -8.59289360046, -8.47202110291, -9.77032470703],
        "stdev": [1.75498425961, 1.69780933857, 1.67883682251, 1.67634892464, 1.71170818806, 1.77005279064]
    }
},
"rhythm": {
    "beats_count": 470,
    "beats_loudness": {
        "mean": 0.0517875663936,
        "stdev": 0.0339402705431
    },
    "bpm": 123.923240662,
    "bpm_histogram_first_peak_bpm": 123,
    "bpm_histogram_first_peak_weight": 0.31739127636,
    "bpm_histogram_second_peak_bpm": 117,
    "bpm_histogram_second_peak_spread": 0.428571462631,
    "bpm_histogram_second_peak_weight": 0.00852878484875,
    "danceability": 1.22737193108,
    "onset_rate": 5.7699136734,
    "beats_loudness_band_ratio": {
        "mean": [0.513114094734, 0.186247676611, 0.199911549687, 0.0364797487855, 0.0167582109571, 0.0978706926107],
        "stdev": [0.303957432508, 0.166266173124, 0.181697919965, 0.0553498417139, 0.0305868275464, 0.135999664664]
    },
    "beats_position": [0.46439909935, 0.952018141747, 1.43963718414, 1.92725622654, 2.40326523781, 2.87927436829, 3.36689329147, 3.85451245308, 4.34213161469, 4.82975053787, 5.30575942993, 5.79337835312, 6.28099775314, 6.7570066452, 7.24462556839, 7.73224496841, 8.2198638916, 8.70748329163, 9.18349170685, 9.65950107574, 10.1471195221, 10.623128891, 11.0991382599, 11.5867567062, 12.0743761063, 12.5619955063, 13.0496139526, 13.5372333527, 14.0248527527, 14.5008611679, 14.9884805679, 15.4644899368, 15.9521083832, 16.4397277832, 16.9273471832, 17.4033565521, 17.8793640137, 18.3669834137, 18.8546028137, 19.3422222137, 19.8182315826, 20.2942390442, 20.7818584442, 21.2694778442, 21.7570972443, 22.2447166443, 22.7323360443, 23.2083435059, 23.6843528748, 24.1719722748, 24.6595916748, 25.1472110748, 25.6232185364, 26.0992279053, 26.5868473053, 27.0744667053, 27.5620861053, 28.0497055054, 28.537322998, 29.0249423981, 29.5125617981, 30.0117912292, 30.5226306915, 31.0566883087, 31.5791378021, 32.0667572021, 32.5543746948, 33.0419960022, 33.5296134949, 34.0172348022, 34.5048522949, 34.9808616638, 35.4568710327, 35.9444885254, 36.4321098328, 36.9197273254, 37.4073448181, 37.8949661255, 38.3709754944, 38.8585929871, 39.334602356, 39.8222198486, 40.309841156, 40.7974586487, 41.2734680176, 41.7494773865, 42.2370948792, 42.7247161865, 43.2123336792, 43.6999549866, 44.1759643555, 44.6519737244, 45.139591217, 45.6272087097, 46.1148300171, 46.6024475098, 47.0900688171, 47.5776863098, 48.0536956787, 48.5297050476, 49.0173225403, 49.5049438477, 49.9925613403, 50.480178833, 50.9561882019, 51.4321975708, 51.9198188782, 52.4074363708, 52.8950538635, 53.3710632324, 53.8470726013, 54.3346939087, 54.8223114014, 55.3099327087, 55.7975502014, 56.2851676941, 56.761177063, 57.2371864319, 57.7248077393, 58.2124252319, 58.7000427246, 59.187664032, 59.6636734009, 60.1396827698, 60.6273002625, 61.1149177551, 61.6025390625, 62.0901565552, 62.5777778625, 63.0537872314, 63.5297966003, 64.0174102783, 64.5050354004, 64.9810409546, 65.4570541382, 65.9446716309, 66.4322891235, 66.9199066162, 67.3959197998, 67.871925354, 68.3595428467, 68.8471679688, 69.3347854614, 69.8224029541, 70.3100204468, 70.7976379395, 71.273651123, 71.7496566772, 72.2372741699, 72.724899292, 73.2125167847, 73.7001342773, 74.1761474609, 74.6637649536, 75.1397705078, 75.6273880005, 76.1150131226, 76.5910186768, 77.0786361694, 77.554649353, 78.0422668457, 78.5298843384, 79.0175018311, 79.5051269531, 79.9927444458, 80.46875, 80.9447631836, 81.4323806763, 81.9199981689, 82.4076156616, 82.8836288452, 83.3596343994, 83.8472518921, 84.3348770142, 84.8224945068, 85.3101119995, 85.7977294922, 86.2853469849, 86.7613601685, 87.2373657227, 87.7249908447, 88.2126083374, 88.7002258301, 89.1878433228, 89.6754608154, 90.1398620605, 90.6274795532, 91.1150970459, 91.602722168, 92.0787277222, 92.5547409058, 93.0423583984, 93.5299758911, 94.0175933838, 94.5052108765, 94.9928359985, 95.4688415527, 95.9448471069, 96.432472229, 96.9200897217, 97.4077072144, 97.895324707, 98.3713378906, 98.8473434448, 99.3349609375, 99.8225860596, 100.310203552, 100.797821045, 101.285438538, 101.77305603, 102.249069214, 102.725074768, 103.21269989, 103.688705444, 104.164710999, 104.652336121, 105.139953613, 105.627571106, 106.115188599, 106.602806091, 107.090431213, 107.566436768, 108.042449951, 108.530067444, 109.017684937, 109.505302429, 109.981315613, 110.457321167, 110.94493866, 111.432563782, 111.920181274, 112.407798767, 112.89541626, 113.371429443, 113.847434998, 114.33505249, 114.822669983, 115.310295105, 115.797912598, 116.28553009, 116.761543274, 117.249160767, 117.725166321, 118.212783813, 118.700408936, 119.17641449, 119.652427673, 120.140045166, 120.627662659, 121.115280151, 121.602897644, 122.090522766, 122.56652832, 123.042533875, 123.530158997, 124.017776489, 124.505393982, 124.993011475, 125.469024658, 125.945030212, 126.432647705, 126.920272827, 127.40789032, 127.895507812, 128.371520996, 128.859130859, 129.335144043, 129.822769165, 130.310379028, 130.79800415, 131.285614014, 131.761627197, 132.237640381, 132.725265503, 133.212875366, 133.700500488, 134.188110352, 134.664123535, 135.140136719, 135.627746582, 136.115371704, 136.602996826, 137.078994751, 137.555007935, 138.042633057, 138.53024292, 139.017868042, 139.505477905, 139.981491089, 140.469116211, 140.945129395, 141.432739258, 141.92036438, 142.407974243, 142.895599365, 143.371612549, 143.847610474, 144.335235596, 144.822860718, 145.298858643, 145.786483765, 146.262496948, 146.750106812, 147.237731934, 147.725341797, 148.212966919, 148.700592041, 149.188201904, 149.675827026, 150.15184021, 150.627838135, 151.115463257, 151.59147644, 152.067474365, 152.555099487, 153.042724609, 153.530334473, 154.017959595, 154.505569458, 154.99319458, 155.469207764, 155.956817627, 156.432830811, 156.920455933, 157.408065796, 157.884078979, 158.360092163, 158.847702026, 159.335327148, 159.822952271, 160.310562134, 160.798187256, 161.274185181, 161.750198364, 162.237823486, 162.72543335, 163.213058472, 163.700683594, 164.176681519, 164.652694702, 165.140319824, 165.627929688, 166.11555481, 166.603164673, 167.090789795, 167.578414917, 168.06602478, 168.553649902, 169.041259766, 169.517272949, 169.993286133, 170.480911255, 170.95690918, 171.444534302, 171.932144165, 172.419769287, 172.895782471, 173.371795654, 173.847793579, 174.335418701, 174.823028564, 175.310653687, 175.798278809, 176.285888672, 176.773513794, 177.261123657, 177.748748779, 178.224761963, 178.700775146, 179.176773071, 179.664398193, 180.152008057, 180.62802124, 181.115646362, 181.603256226, 182.102493286, 182.601715088, 183.100952148, 183.611785889, 184.111022949, 184.621856689, 185.13269043, 185.620315552, 186.107940674, 186.595550537, 187.083175659, 187.570785522, 188.058410645, 188.546035767, 189.022033691, 189.509658813, 189.985671997, 190.47328186, 190.960906982, 191.436920166, 191.912918091, 192.400543213, 192.888153076, 193.375778198, 193.86340332, 194.339401245, 194.815414429, 195.303039551, 195.790649414, 196.278274536, 196.765899658, 197.241897583, 197.717910767, 198.205535889, 198.693145752, 199.180770874, 199.668380737, 200.144393921, 200.620407104, 201.108016968, 201.59564209, 202.083267212, 202.559265137, 203.046890259, 203.534515381, 204.022125244, 204.498138428, 204.985748291, 205.473373413, 205.960998535, 206.43699646, 206.913009644, 207.400634766, 207.888244629, 208.375869751, 208.851882935, 209.327880859, 209.815505981, 210.303131104, 210.790740967, 211.278366089, 211.765975952, 212.253601074, 212.729614258, 213.205612183, 213.693237305, 214.180862427, 214.66847229, 215.144485474, 215.632110596, 216.108108521, 216.595733643, 217.083358765, 217.559356689, 218.046981812, 218.522994995, 219.010604858, 219.49822998, 219.985839844, 220.473464966, 220.961090088, 221.437088013, 221.913101196, 222.400726318, 222.888336182, 223.375961304, 223.851974487, 224.327972412, 224.815597534, 225.303222656, 225.79083252, 226.278457642, 226.777679443, 227.300125122, 227.82258606],
    "bpm_histogram": [0, 0, 0, 0, 0, 0, 0, 0, 0, 0, 0, 0, 0, 0, 0, 0, 0, 0, 0, 0, 0, 0, 0, 0, 0, 0, 0, 0, 0, 0, 0, 0, 0, 0, 0, 0, 0, 0, 0, 0, 0, 0, 0, 0, 0, 0, 0, 0, 0, 0, 0, 0, 0, 0, 0, 0, 0, 0, 0, 0, 0, 0, 0, 0, 0, 0, 0, 0, 0, 0, 0, 0, 0, 0, 0, 0, 0, 0, 0, 0, 0, 0, 0, 0, 0, 0, 0, 0, 0, 0, 0, 0, 0, 0, 0, 0, 0, 0, 0, 0, 0, 0, 0, 0, 0, 0, 0, 0, 0, 0, 0, 0, 0.00213219621219, 0, 0, 0.00639658840373, 0, 0.00852878484875, 0, 0, 0.0127931768075, 0, 0, 0.669509589672, 0, 0, 0.298507452011, 0, 0, 0.00213219621219, 0, 0, 0, 0, 0, 0, 0, 0, 0, 0, 0, 0, 0, 0, 0, 0, 0, 0, 0, 0, 0, 0, 0, 0, 0, 0, 0, 0, 0, 0, 0, 0, 0, 0, 0, 0, 0, 0, 0, 0, 0, 0, 0, 0, 0, 0, 0, 0, 0, 0, 0, 0, 0, 0, 0, 0, 0, 0, 0, 0, 0, 0, 0, 0, 0, 0, 0, 0, 0, 0, 0, 0, 0, 0, 0, 0, 0, 0, 0, 0, 0, 0, 0, 0, 0, 0, 0, 0, 0, 0, 0, 0, 0, 0, 0, 0, 0, 0, 0, 0, 0, 0, 0, 0, 0, 0, 0, 0, 0, 0, 0, 0, 0, 0, 0, 0, 0, 0, 0, 0]
},
"tonal": {
    "chords_changes_rate": 0.0619918704033,
    "chords_number_rate": 0.00142276426777,
    "chords_strength": {
        "mean": 0.516332685947,
        "stdev": 0.088430993259
    },
    "hpcp_crest": {
        "mean": 14.1099243164,
        "stdev": 6.10700416565
    },
    "hpcp_entropy": {
        "mean": 1.81425225735,
        "stdev": 0.637275397778
    },
    "key_edma": {
        "strength": 0.770045816898,
        "key": "G",
        "scale": "major"
    },
    "key_krumhansl": {
        "strength": 0.756944715977,
        "key": "G",
        "scale": "major"
    },
    "key_temperley": {
        "strength": 0.776132166386,
        "key": "D",
        "scale": "major"
    },
    "tuning_diatonic_strength": 0.659325659275,
    "tuning_equal_tempered_deviation": 0.284230530262,
    "tuning_frequency": 434.193115234,
    "tuning_nontempered_energy_ratio": 0.969455361366,
    "hpcp": {
        "mean": [0.238978460431, 0.274302870035, 0.159335181117, 0.0770797505975, 0.0537426508963, 0.0668793916702, 0.174111232162, 0.217818498611, 0.106507524848, 0.0447120480239, 0.0421984866261, 0.0370058305562, 0.0423101074994, 0.0467394664884, 0.0654735714197, 0.245502024889, 0.319198131561, 0.154119729996, 0.058231305331, 0.0371694304049, 0.0505755208433, 0.11799698323, 0.137129664421, 0.0786934867501, 0.0506674647331, 0.0541958883405, 0.0682756304741, 0.139809951186, 0.152152165771, 0.107028394938, 0.207518056035, 0.211321026087, 0.0883874446154, 0.0568311177194, 0.102310135961, 0.149895638227],
        "stdev": [0.293876498938, 0.341932356358, 0.251086592674, 0.214796155691, 0.163456469774, 0.164375647902, 0.25480222702, 0.340601205826, 0.202374249697, 0.151346370578, 0.152333199978, 0.135369598866, 0.134909912944, 0.131902083755, 0.151755973697, 0.290536820889, 0.334922760725, 0.221380487084, 0.165806218982, 0.124470494688, 0.137548238039, 0.230900511146, 0.237313643098, 0.175373569131, 0.158821612597, 0.176193460822, 0.183783426881, 0.238844022155, 0.252154886723, 0.194522947073, 0.309823930264, 0.322283029556, 0.196782261133, 0.16781283915, 0.221036612988, 0.285039365292]
    },
    "chords_histogram": [53.5772361755, 0, 1.99186992645, 0.0609756112099, 0.630081295967, 0, 0, 0, 0, 0, 0, 0, 0, 0, 0, 2.17479681969, 0, 3.88211393356, 0, 0.813008129597, 0.162601619959, 2.56097555161, 14.3902435303, 19.7560977936],
    "thpcp": [1, 0.482834070921, 0.182429969311, 0.116446264088, 0.15844553709, 0.369666904211, 0.429606735706, 0.246534928679, 0.158733591437, 0.169787615538, 0.213897332549, 0.438003659248, 0.476669967175, 0.335303962231, 0.650123000145, 0.662037193775, 0.276904642582, 0.178043395281, 0.320522338152, 0.469600617886, 0.748683750629, 0.85934984684, 0.499173283577, 0.241479322314, 0.168367683887, 0.209523126483, 0.545464456081, 0.682392776012, 0.333672136068, 0.140076160431, 0.132201552391, 0.115933731198, 0.132551237941, 0.146427750587, 0.205118909478, 0.769121110439],
    "chords_key": "D",
    "chords_scale": "major"
}
}