{
"metadata": {
    "version": {
        "essentia": "2.1-dev",
        "essentia_git_sha": "v2.1_beta3-415-gd5473f3",
        "extractor": "music 2.0"
    },
    "audio_properties": {
        "analysis": {
            "equal_loudness": 0,
            "length": 250.462036133,
            "sample_rate": 44100,
            "start_time": 0,
            "downmix": "mix"
        },
        "bit_rate": 192000,
        "length": 250.462036133,
        "lossless": 0,
        "number_channels": 2,
        "replay_gain": -10.2079467773,
        "sample_rate": 44100,
        "codec": "mp3",
        "md5_encoded": "2a39c1fd40b4764e2e2ea06332137078"
    },
    "tags": {
        "file_name": "dido-here_with_me.mp3",
        "album": ["Boom 2001. Cd 1"],
        "artist": ["Various artists"],
        "genre": ["Other"],
        "title": ["Dido - Here with me"]
    }
},
"lowlevel": {
    "average_loudness": 0.88372862339,
    "barkbands_crest": {
        "mean": 10.4356193542,
        "stdev": 4.47459125519
    },
    "barkbands_flatness_db": {
        "mean": 0.162593632936,
        "stdev": 0.0933107361197
    },
    "barkbands_kurtosis": {
        "mean": 5.05886554718,
        "stdev": 8.58982658386
    },
    "barkbands_skewness": {
        "mean": 1.5024522543,
        "stdev": 1.23764014244
    },
    "barkbands_spread": {
        "mean": 18.5325298309,
        "stdev": 13.5473566055
    },
    "dissonance": {
        "mean": 0.435424476862,
        "stdev": 0.0568471625447
    },
    "dynamic_complexity": 4.12689971924,
    "erbbands_crest": {
        "mean": 10.6360788345,
        "stdev": 5.18736410141
    },
    "erbbands_flatness_db": {
        "mean": 0.174343541265,
        "stdev": 0.0712477490306
    },
    "erbbands_kurtosis": {
        "mean": 1.85811054707,
        "stdev": 3.97318196297
    },
    "erbbands_skewness": {
        "mean": 0.604813396931,
        "stdev": 0.88604080677
    },
    "erbbands_spread": {
        "mean": 32.7861175537,
        "stdev": 21.513299942
    },
    "hfc": {
        "mean": 23.2559642792,
        "stdev": 24.6385860443
    },
    "loudness_ebu128": {
        "integrated": -12.8904190063,
        "loudness_range": 9.18907928467,
        "momentary": {
            "mean": -15.1641845703,
            "stdev": 6.94004535675
        },
        "short_term": {
            "mean": -14.2419052124,
            "stdev": 3.6783323288
        }
    },
    "melbands_crest": {
        "mean": 13.6914196014,
        "stdev": 5.07804632187
    },
    "melbands_flatness_db": {
        "mean": 0.237344264984,
        "stdev": 0.115674421191
    },
    "melbands_kurtosis": {
        "mean": 11.4420537949,
        "stdev": 17.7518081665
    },
    "melbands_skewness": {
        "mean": 2.20470309258,
        "stdev": 1.57029926777
    },
    "melbands_spread": {
        "mean": 19.6752471924,
        "stdev": 14.976773262
    },
    "pitch_salience": {
        "mean": 0.5296677351,
        "stdev": 0.11757285893
    },
    "silence_rate_20dB": {
        "mean": 1,
        "stdev": 0
    },
    "silence_rate_30dB": {
        "mean": 1,
        "stdev": 0
    },
    "silence_rate_60dB": {
        "mean": 0.0796255096793,
        "stdev": 0.270725637674
    },
    "spectral_centroid": {
        "mean": 1078.84460449,
        "stdev": 596.901245117
    },
    "spectral_complexity": {
        "mean": 18.2069892883,
        "stdev": 12.0841398239
    },
    "spectral_decrease": {
        "mean": -6.76685640855e-09,
        "stdev": 4.39065273028e-09
    },
    "spectral_energy": {
        "mean": 0.0276490412652,
        "stdev": 0.0181754156947
    },
    "spectral_energyband_high": {
        "mean": 0.00103129283525,
        "stdev": 0.00214512320235
    },
    "spectral_energyband_low": {
        "mean": 0.0083426265046,
        "stdev": 0.00879742950201
    },
    "spectral_energyband_middle_high": {
        "mean": 0.00672788498923,
        "stdev": 0.00836430769414
    },
    "spectral_energyband_middle_low": {
        "mean": 0.0123714376241,
        "stdev": 0.0097846025601
    },
    "spectral_entropy": {
        "mean": 7.23705434799,
        "stdev": 0.795676469803
    },
    "spectral_flux": {
        "mean": 0.0731899887323,
        "stdev": 0.0471407696605
    },
    "spectral_kurtosis": {
        "mean": 11.7969884872,
        "stdev": 22.7903060913
    },
    "spectral_rms": {
        "mean": 0.00481083802879,
        "stdev": 0.00195715087466
    },
    "spectral_rolloff": {
        "mean": 1186.02832031,
        "stdev": 1215.91503906
    },
    "spectral_skewness": {
        "mean": 2.27000117302,
        "stdev": 1.67588400841
    },
    "spectral_spread": {
        "mean": 4491029.5,
        "stdev": 1914722.25
    },
    "spectral_strongpeak": {
        "mean": 1.28665697575,
        "stdev": 1.56577801704
    },
    "zerocrossingrate": {
        "mean": 0.0523101836443,
        "stdev": 0.0349615737796
    },
    "barkbands": {
        "mean": [3.82550970244e-05, 0.00446197669953, 0.0031174516771, 0.00138002424501, 0.00263419770636, 0.00360199040733, 0.00163332431111, 0.00122108496726, 0.00166795181576, 0.0012447979534, 0.000979075790383, 0.00157747080084, 0.000333532632794, 0.00053052889416, 0.000682069337927, 0.000488224934088, 0.000302429369185, 0.000284806505078, 0.000300600135233, 0.000285974645521, 0.000148627863382, 0.000155628906214, 0.000218411238166, 0.000200252179638, 0.000106171821244, 5.06095020683e-05, 3.6017520415e-06],
        "stdev": [5.97177750024e-05, 0.00483484379947, 0.00499529624358, 0.00321047310717, 0.00347587116994, 0.00452012615278, 0.00245608598925, 0.00217740726657, 0.00271414895542, 0.00290069612674, 0.00304056867026, 0.00393061107025, 0.000896833022125, 0.00126885983627, 0.00138629588764, 0.000960380188189, 0.000462841679109, 0.000410963373724, 0.000461654970422, 0.000443637283752, 0.000299956824165, 0.000323273678077, 0.000596190337092, 0.000631424714811, 0.000428909843322, 0.000163747914485, 1.24928556033e-05]
    },
    "erbbands": {
        "mean": [0.0938684120774, 1.139585495, 3.55007433891, 4.23380899429, 6.17238855362, 8.05589771271, 19.8980617523, 31.4986534119, 24.6246891022, 24.6380290985, 31.6273918152, 35.9251708984, 36.6799583435, 41.82239151, 61.6394424438, 48.7402153015, 16.2547588348, 29.1318817139, 29.1542453766, 31.027256012, 28.2705097198, 16.3040542603, 15.2184934616, 14.9135408401, 16.2349491119, 14.1941595078, 7.52484464645, 5.61061525345, 5.48862552643, 5.57622480392, 6.42144775391, 5.16079521179, 2.71771430969, 1.4642919302, 0.606300294399, 0.241842329502, 0.0870254933834, 0.0174225345254, 0.000401908793719, 4.58632275695e-05],
        "stdev": [0.110590435565, 1.25457978249, 4.92260789871, 8.85716533661, 10.8594684601, 12.7490434647, 28.2007884979, 45.0372428894, 33.4818382263, 42.4308738708, 55.064414978, 65.8655548096, 62.5207443237, 93.2878646851, 143.537399292, 105.769302368, 38.4893341064, 70.6939697266, 59.2429542542, 63.9292373657, 57.6023674011, 24.4210414886, 20.6574268341, 21.9540786743, 24.9669647217, 22.1820640564, 13.7006759644, 11.9598207474, 11.6723136902, 12.4888191223, 18.8416137695, 15.1312646866, 9.63199329376, 6.08403539658, 2.26439476013, 0.857389867306, 0.286736905575, 0.0612960085273, 0.00131892552599, 5.15205065312e-05]
    },
    "gfcc": {
        "mean": [-25.889995575, 104.561401367, -98.7526168823, 17.5391139984, -61.0931816101, 10.7397689819, -37.7397727966, 13.4316139221, -22.6157608032, 0.925614535809, -11.3599615097, 1.01069462299, -8.10869884491],
        "cov": [[19536.109375, -3819.18457031, -2213.64746094, 2209.11254883, -181.478210449, 993.504699707, -716.45135498, 643.758850098, -204.453826904, 416.772644043, -270.922149658, 204.433258057, -403.335021973], [-3819.18457031, 1861.81237793, 626.375183105, -729.839111328, 202.150115967, -262.798614502, 299.089355469, -168.039016724, 71.1271820068, -127.269744873, 174.330871582, -83.9005279541, 140.551132202], [-2213.64746094, 626.375183105, 1165.45495605, -70.3663406372, 23.5033340454, -99.2053985596, 134.272506714, 8.87687015533, 121.610176086, 21.0802097321, 8.16054153442, 23.2649936676, 58.7250442505], [2209.11254883, -729.839111328, -70.3663406372, 857.353027344, 68.8308029175, 141.942520142, -77.4615859985, 129.710189819, 84.7301101685, 112.420425415, -41.5894050598, 80.066696167, -29.6039676666], [-181.478210449, 202.150115967, 23.5033340454, 68.8308029175, 338.411682129, 40.9351501465, 82.6475067139, 46.835193634, 45.1513290405, 44.2109069824, 53.0550994873, 24.1796798706, 21.7439422607], [993.504699707, -262.798614502, -99.2053985596, 141.942520142, 40.9351501465, 307.311706543, 63.4679412842, 35.8451118469, -12.3054714203, 25.7198562622, 17.3047866821, 4.06280612946, -26.6463890076], [-716.45135498, 299.089355469, 134.272506714, -77.4615859985, 82.6475067139, 63.4679412842, 216.710571289, 2.67629790306, 17.2005691528, -4.29548931122, 49.2211112976, 0.0445616804063, 26.8673324585], [643.758850098, -168.039016724, 8.87687015533, 129.710189819, 46.835193634, 35.8451118469, 2.67629790306, 170.037796021, 45.003452301, 44.8956375122, 6.36561822891, 12.8528671265, 20.9989337921], [-204.453826904, 71.1271820068, 121.610176086, 84.7301101685, 45.1513290405, -12.3054714203, 17.2005691528, 45.003452301, 126.81829071, 50.9180374146, 7.00711297989, 16.4634723663, 15.4692974091], [416.772644043, -127.269744873, 21.0802097321, 112.420425415, 44.2109069824, 25.7198562622, -4.29548931122, 44.8956375122, 50.9180374146, 114.16178894, 13.2838916779, 31.7745399475, -7.28072690964], [-270.922149658, 174.330871582, 8.16054153442, -41.5894050598, 53.0550994873, 17.3047866821, 49.2211112976, 6.36561822891, 7.00711297989, 13.2838916779, 138.838668823, 16.5147686005, 38.3685760498], [204.433258057, -83.9005279541, 23.2649936676, 80.066696167, 24.1796798706, 4.06280612946, 0.0445616804063, 12.8528671265, 16.4634723663, 31.7745399475, 16.5147686005, 88.4621047974, 15.624288559], [-403.335021973, 140.551132202, 58.7250442505, -29.6039676666, 21.7439422607, -26.6463890076, 26.8673324585, 20.9989337921, 15.4692974091, -7.28072690964, 38.3685760498, 15.624288559, 88.822052002]],
        "icov": [[0.000184557851753, -0.000275587110082, 0.000291567615932, -0.00038591757766, 0.000290011841571, -0.000514350365847, 0.000525654933881, -0.00075674377149, 0.000649825902656, -0.000496145046782, 0.000292671116767, -0.000455243367469, 0.000547170813661], [-0.000275587110082, 0.00336576811969, -0.00129095837474, 0.00195735390298, -0.00211468618363, 0.00246440037154, -0.00283294520341, 0.00337250996381, -0.00324463983998, 0.00267955241725, -0.00252946419641, 0.00290885218419, -0.00238917348906], [0.000291567615932, -0.00129095837474, 0.00181072053965, -0.000960675359238, 0.00111850036774, -0.00092204665998, 0.00063380919164, -0.00173963152338, 0.000709268380888, -0.00138236151543, 0.00135290168691, -0.00157600746024, 0.000974544789642], [-0.00038591757766, 0.00195735390298, -0.000960675359238, 0.00329318619333, -0.00161290238611, 0.00100795610342, -0.00121579470579, 0.00183553353418, -0.00323706213385, 0.00142450921703, -0.000968115695287, 0.00068661023397, -0.00150797225069], [0.000290011841571, -0.00211468618363, 0.00111850036774, -0.00161290238611, 0.00511993607506, -0.00169525528327, 0.000610563729424, -0.00291125383228, 0.00170630053617, -0.00259377504699, 0.000813745718915, -0.00224019470625, 0.00166050554253], [-0.000514350365847, 0.00246440037154, -0.00092204665998, 0.00100795610342, -0.00169525528327, 0.00692111207172, -0.00468499120325, 0.00273788860068, -0.00197186251171, 0.00195950549096, -0.00260405172594, 0.00291672698222, -0.000912683841307], [0.000525654933881, -0.00283294520341, 0.00063380919164, -0.00121579470579, 0.000610563729424, -0.00468499120325, 0.00990813877434, -0.00349395326339, 0.00271366816014, -0.00189398706425, 0.00107813533396, -0.00274479552172, 0.00170877121855], [-0.00075674377149, 0.00337250996381, -0.00173963152338, 0.00183553353418, -0.00291125383228, 0.00273788860068, -0.00349395326339, 0.0126325329766, -0.00575586315244, 0.00162987841759, -0.0023653106764, 0.00457654008642, -0.00605387520045], [0.000649825902656, -0.00324463983998, 0.000709268380888, -0.00323706213385, 0.00170630053617, -0.00197186251171, 0.00271366816014, -0.00575586315244, 0.0160476788878, -0.00745093822479, 0.00292247859761, -0.00255931145512, 0.00185008591507], [-0.000496145046782, 0.00267955241725, -0.00138236151543, 0.00142450921703, -0.00259377504699, 0.00195950549096, -0.00189398706425, 0.00162987841759, -0.00745093822479, 0.0162705313414, -0.0037662605755, -0.000731481763069, 0.000693002308253], [0.000292671116767, -0.00252946419641, 0.00135290168691, -0.000968115695287, 0.000813745718915, -0.00260405172594, 0.00107813533396, -0.0023653106764, 0.00292247859761, -0.0037662605755, 0.0114259757102, -0.00332054565661, -0.00180217670277], [-0.000455243367469, 0.00290885218419, -0.00157600746024, 0.00068661023397, -0.00224019470625, 0.00291672698222, -0.00274479552172, 0.00457654008642, -0.00255931145512, -0.000731481763069, -0.00332054565661, 0.017036492005, -0.00540429120883], [0.000547170813661, -0.00238917348906, 0.000974544789642, -0.00150797225069, 0.00166050554253, -0.000912683841307, 0.00170877121855, -0.00605387520045, 0.00185008591507, 0.000693002308253, -0.00180217670277, -0.00540429120883, 0.0180745925754]]
    },
    "melbands": {
        "mean": [0.00106155802496, 0.00178348552436, 0.00081252027303, 0.000483074749354, 0.000628101697657, 0.000689202512149, 0.000379889679607, 0.000256616302067, 0.000258304062299, 0.000229421595577, 0.00018427275063, 0.000170082930708, 0.000179081864189, 0.000222611619392, 3.77115575247e-05, 4.38579590991e-05, 5.13353006681e-05, 4.14892565459e-05, 4.9774072977e-05, 3.28659589286e-05, 3.25699365931e-05, 1.56228743435e-05, 1.47978907989e-05, 1.5173209249e-05, 1.13809637696e-05, 1.19636197269e-05, 1.06491870611e-05, 9.33721275942e-06, 4.92445497002e-06, 3.49270521838e-06, 3.15854777e-06, 3.10697578243e-06, 2.96531379718e-06, 3.17782178172e-06, 3.64351512872e-06, 3.75125569008e-06, 2.92321260531e-06, 1.97563645088e-06, 1.50250923525e-06, 1.12684813303e-06],
        "stdev": [0.00116923719179, 0.00211481726728, 0.00150985689834, 0.000748430960812, 0.000852240074892, 0.000936245254707, 0.000508241413627, 0.00041619152762, 0.000447309575975, 0.000401082157623, 0.000328734895447, 0.000409043510444, 0.000467061123345, 0.000557966297492, 9.05140332179e-05, 0.000102496960608, 0.000128909116029, 9.41649195738e-05, 0.000106775260065, 6.32579103694e-05, 6.98278381606e-05, 2.36943360505e-05, 2.25926687563e-05, 2.34843591898e-05, 1.80483930308e-05, 1.97559584194e-05, 1.73110129253e-05, 1.51357780851e-05, 9.1865840659e-06, 7.36591300665e-06, 6.88964701112e-06, 6.67709900881e-06, 6.47565047984e-06, 7.78951925895e-06, 1.1802327208e-05, 9.99975418381e-06, 9.28207555262e-06, 7.17347029422e-06, 5.95406072534e-06, 4.82482437292e-06]
    },
    "melbands128": {
        "mean": [3.65019477613e-05, 0.00054624787299, 0.00153572927229, 0.00196993770078, 0.00197141477838, 0.00140013766941, 0.00084436259931, 0.000668808759656, 0.000667632033583, 0.000452367967227, 0.000398586591473, 0.000548238807824, 0.000747289857827, 0.000652711896691, 0.000719868927263, 0.000793499988504, 0.000368637323845, 0.000349958543666, 0.00025714939693, 0.000325935194269, 0.000143898258102, 0.000293413468171, 0.000273472775007, 0.000195222135517, 0.00025573556195, 0.000193213025341, 0.000293531484203, 0.000121357341413, 0.000154183828272, 0.000252393481787, 0.000122526995256, 0.000111878260213, 0.000215616513742, 0.000135259528179, 0.000377390620997, 0.000213265026105, 6.74745097058e-05, 1.81884806807e-05, 3.62103965017e-05, 2.44793154707e-05, 1.76380199264e-05, 0.00011455405911, 5.30890793016e-05, 2.2187081413e-05, 3.1166968256e-05, 4.45033656433e-05, 5.51481934963e-05, 5.70148549741e-05, 4.1083436372e-05, 4.7234530939e-05, 2.40740882873e-05, 2.09952577279e-05, 5.48791576875e-05, 2.25676740229e-05, 1.92493116629e-05, 1.08681051643e-05, 1.61796469911e-05, 2.213575317e-05, 1.07992009362e-05, 8.75254863786e-06, 1.9094286472e-05, 1.68536698766e-05, 1.0082040717e-05, 9.92425520963e-06, 1.32973427753e-05, 1.01217410702e-05, 1.26413779071e-05, 1.36705912155e-05, 8.03350394563e-06, 1.00088327599e-05, 1.12785019155e-05, 8.08791901363e-06, 5.60832268093e-06, 4.38357255916e-06, 4.20320793637e-06, 3.22063783642e-06, 3.57046451427e-06, 3.08500966639e-06, 2.97969768326e-06, 3.3394253478e-06, 3.18025877277e-06, 2.91728906632e-06, 3.14410044666e-06, 2.97406381833e-06, 2.7073901947e-06, 3.21286120197e-06, 3.06897482005e-06, 3.74199839825e-06, 3.49315450876e-06, 3.67028383153e-06, 4.14448368247e-06, 3.69941290046e-06, 3.41053669217e-06, 3.10082077704e-06, 2.49537129093e-06, 2.13897760659e-06, 1.90610751361e-06, 1.66167512816e-06, 1.49727270582e-06, 1.39868882343e-06, 1.41552402511e-06, 1.04022331016e-06, 8.62941305968e-07, 8.08938352748e-07, 6.69925952934e-07, 5.57827320335e-07, 5.13372469868e-07, 4.66033640123e-07, 3.8872721575e-07, 3.78527147404e-07, 3.25015832914e-07, 3.07418901002e-07, 2.61907217691e-07, 2.43262860522e-07, 2.35107435742e-07, 2.02594335974e-07, 1.41753517369e-07, 1.55347272823e-08, 4.33205641498e-12, 3.96292460653e-12, 3.84340172535e-12, 3.74703523418e-12, 3.65979122008e-12, 3.58853485122e-12, 3.53303475885e-12, 3.49179886394e-12, 3.46135706902e-12, 3.43837566925e-12],
        "stdev": [5.83049368288e-05, 0.000732978282031, 0.00196320493706, 0.00236630043946, 0.00264521525241, 0.00248008663766, 0.00202568247914, 0.00151571992319, 0.00130357081071, 0.0009004586027, 0.000906771107111, 0.000918361009099, 0.00127618061379, 0.00133544940036, 0.00122784019914, 0.00136824767105, 0.000548637181055, 0.000818777130917, 0.000471272156574, 0.000771993829403, 0.000340929720551, 0.000615890894551, 0.000658745819237, 0.000535617407877, 0.000727666018065, 0.000440344854724, 0.000587191607337, 0.000346606568201, 0.000588807859458, 0.000745955680031, 0.000392233632738, 0.000423090124968, 0.000760786933824, 0.000626957800705, 0.0011678240262, 0.000589368748479, 0.000192987499759, 6.54941177345e-05, 0.000180856441148, 9.64102437138e-05, 6.94459813531e-05, 0.000355624797521, 0.000173706372152, 0.000101722260297, 0.000116802722914, 0.000143725803355, 0.000158023511176, 0.000179050548468, 0.000142081844388, 0.000143297220347, 6.30417562206e-05, 7.129117148e-05, 0.000152244683704, 5.70720876567e-05, 4.08136511396e-05, 1.95141183212e-05, 4.00589888159e-05, 4.26344631705e-05, 2.06630902539e-05, 1.68915848917e-05, 3.62794635294e-05, 3.24245702359e-05, 2.73562855e-05, 1.92185507331e-05, 2.36243449763e-05, 2.79644864349e-05, 2.41640536842e-05, 3.14651915687e-05, 1.62495161931e-05, 2.03687086469e-05, 2.29096149269e-05, 1.51068525156e-05, 1.20551094369e-05, 8.58803650772e-06, 9.95635218715e-06, 7.19201034372e-06, 8.17112686491e-06, 8.02960403234e-06, 7.18954561307e-06, 7.58462238082e-06, 7.10151425665e-06, 7.22320237401e-06, 7.59084559832e-06, 6.86416160534e-06, 6.4468454184e-06, 7.84114126873e-06, 8.81807136466e-06, 1.26461727632e-05, 1.35300642796e-05, 1.23170584629e-05, 1.04554510472e-05, 1.10710334411e-05, 1.0263819604e-05, 9.92109471554e-06, 9.71959980234e-06, 7.71173017711e-06, 7.94672359916e-06, 6.12571375314e-06, 5.74818159293e-06, 6.69317932989e-06, 6.84515907778e-06, 4.64312188342e-06, 3.39340931532e-06, 3.32641457135e-06, 2.74208650808e-06, 1.99490136765e-06, 2.02379328584e-06, 1.82441897323e-06, 1.54495819515e-06, 1.3689809748e-06, 1.07010885131e-06, 1.04015805391e-06, 1.04271430246e-06, 8.47962212447e-07, 9.54895767791e-07, 7.78266553425e-07, 5.18127365012e-07, 5.6662518233e-08, 7.22633801756e-12, 6.48204016504e-12, 6.29287464152e-12, 6.1360599761e-12, 6.00156773237e-12, 5.88923354528e-12, 5.79596223446e-12, 5.72355184081e-12, 5.67063063173e-12, 5.63774244303e-12]
    },
    "mfcc": {
        "mean": [-671.40423584, 135.909118652, 16.4700069427, 13.4964933395, 2.95554208755, -5.36410713196, 0.131619662046, 3.80556201935, -3.19612073898, 6.46641111374, -6.73551034927, -0.751012504101, 1.10677504539],
        "cov": [[16642.125, -3605.74389648, -1834.09216309, 544.635375977, 575.321044922, 430.404510498, -78.5171051025, 220.93019104, -12.5688390732, 367.803649902, 19.8364028931, 114.394386292, 192.233856201], [-3605.74389648, 2118.96533203, 439.495330811, -248.506561279, -125.079597473, -131.733932495, 145.353652954, -40.5541191101, -11.5221757889, -60.4673271179, 1.32562661171, -27.4634952545, -32.4502944946], [-1834.09216309, 439.495330811, 968.174560547, 83.9737091064, -51.5760536194, 22.2023086548, -32.1954193115, 10.2626914978, 72.2690887451, -1.97144925594, 25.1638393402, 33.9334602356, -7.09654045105], [544.635375977, -248.506561279, 83.9737091064, 453.821136475, 174.342315674, 58.4382362366, -53.9803771973, 28.2071304321, 84.4010467529, 19.7327861786, 34.0808143616, 61.938205719, 70.5519561768], [575.321044922, -125.079597473, -51.5760536194, 174.342315674, 270.612670898, 37.5490074158, 23.557012558, 33.2705459595, 39.1457748413, 56.8915748596, 22.9453277588, 40.1451835632, 57.6343765259], [430.404510498, -131.733932495, 22.2023086548, 58.4382362366, 37.5490074158, 256.536437988, 49.7960090637, 62.0215950012, 18.7238616943, 12.5182304382, 48.3007354736, 25.9377861023, 14.7521438599], [-78.5171051025, 145.353652954, -32.1954193115, -53.9803771973, 23.557012558, 49.7960090637, 200.963027954, 55.8389625549, -9.67173671722, 42.4562187195, 13.5310516357, -7.04519701004, 12.1365747452], [220.93019104, -40.5541191101, 10.2626914978, 28.2071304321, 33.2705459595, 62.0215950012, 55.8389625549, 110.694099426, 29.4668502808, 25.9177722931, 8.87378883362, 11.6282186508, 16.1171016693], [-12.5688390732, -11.5221757889, 72.2690887451, 84.4010467529, 39.1457748413, 18.7238616943, -9.67173671722, 29.4668502808, 123.041946411, 34.5875320435, 20.119228363, 5.30590248108, 28.240978241], [367.803649902, -60.4673271179, -1.97144925594, 19.7327861786, 56.8915748596, 12.5182304382, 42.4562187195, 25.9177722931, 34.5875320435, 121.943252563, 26.9847793579, 2.39976406097, 17.4730243683], [19.8364028931, 1.32562661171, 25.1638393402, 34.0808143616, 22.9453277588, 48.3007354736, 13.5310516357, 8.87378883362, 20.119228363, 26.9847793579, 84.9273986816, 32.319152832, 19.5098209381], [114.394386292, -27.4634952545, 33.9334602356, 61.938205719, 40.1451835632, 25.9377861023, -7.04519701004, 11.6282186508, 5.30590248108, 2.39976406097, 32.319152832, 81.9719619751, 32.2983398438], [192.233856201, -32.4502944946, -7.09654045105, 70.5519561768, 57.6343765259, 14.7521438599, 12.1365747452, 16.1171016693, 28.240978241, 17.4730243683, 19.5098209381, 32.2983398438, 93.2942352295]],
        "icov": [[0.000128428364405, 0.000144896665006, 0.000176478250069, -4.51479463663e-05, -4.61948584416e-05, -0.000138699368108, 9.75535367616e-05, -0.000107590065454, 0.000113827794848, -0.000334994867444, 0.000159538860316, -0.00010938779451, -7.75058215368e-05], [0.000144896665006, 0.000846840732265, -0.000155636676936, 0.000293755263556, -0.000124930287711, 0.000278349209111, -0.000651008973364, 0.000185282464372, -0.000130358093884, 0.000234810708207, -0.000147383339936, -8.78782884683e-05, -9.54200077103e-05], [0.000176478250069, -0.000155636676936, 0.0015885445755, -0.000485903874505, 0.000469274062198, -0.000433559092926, 0.000505232834257, -0.000273318466498, -0.000451063242508, -0.000774819403887, 0.000340182770742, -0.00080800516298, 0.000320911873132], [-4.51479463663e-05, 0.000293755263556, -0.000485903874505, 0.00399367278442, -0.00208433414809, -0.000234319944866, 0.000800709123723, 4.23628589488e-05, -0.00166641105898, 0.00101699843071, -0.000235598607105, -0.000949345179833, -0.000956790929195], [-4.61948584416e-05, -0.000124930287711, 0.000469274062198, -0.00208433414809, 0.00610522180796, -0.000108853055281, -0.000615945376921, -0.000176557194209, 4.09524909628e-05, -0.00211557210423, 0.00068690039916, -0.0012808595784, -0.0012965031201], [-0.000138699368108, 0.000278349209111, -0.000433559092926, -0.000234319944866, -0.000108853055281, 0.00564475730062, -0.00133249058854, -0.00218355329707, -5.81804961257e-05, 0.00161304231733, -0.00315307243727, 6.76666822983e-05, 0.00060351769207], [9.75535367616e-05, -0.000651008973364, 0.000505232834257, 0.000800709123723, -0.000615945376921, -0.00133249058854, 0.00800602417439, -0.00363233475946, 0.00205259723589, -0.00268089864403, -0.000294907949865, 0.00134883378632, -0.00134184537455], [-0.000107590065454, 0.000185282464372, -0.000273318466498, 4.23628589488e-05, -0.000176557194209, -0.00218355329707, -0.00363233475946, 0.0133799556643, -0.00312288897112, -0.000416254799347, 0.00209052418359, -0.00176783395, 4.68560829177e-05], [0.000113827794848, -0.000130358093884, -0.000451063242508, -0.00166641105898, 4.09524909628e-05, -5.81804961257e-05, 0.00205259723589, -0.00312288897112, 0.0119841331616, -0.0029538909439, -0.00158538960386, 0.00278366962448, -0.00250426190905], [-0.000334994867444, 0.000234810708207, -0.000774819403887, 0.00101699843071, -0.00211557210423, 0.00161304231733, -0.00268089864403, -0.000416254799347, -0.0029538909439, 0.0126637117937, -0.00402338337153, 0.00179729913361, 0.000157994814799], [0.000159538860316, -0.000147383339936, 0.000340182770742, -0.000235598607105, 0.00068690039916, -0.00315307243727, -0.000294907949865, 0.00209052418359, -0.00158538960386, -0.00402338337153, 0.0173563081771, -0.00626074522734, -0.000653170049191], [-0.00010938779451, -8.78782884683e-05, -0.00080800516298, -0.000949345179833, -0.0012808595784, 6.76666822983e-05, 0.00134883378632, -0.00176783395, 0.00278366962448, 0.00179729913361, -0.00626074522734, 0.018338676542, -0.00445702439174], [-7.75058215368e-05, -9.54200077103e-05, 0.000320911873132, -0.000956790929195, -0.0012965031201, 0.00060351769207, -0.00134184537455, 4.68560829177e-05, -0.00250426190905, 0.000157994814799, -0.000653170049191, -0.00445702439174, 0.014873306267]]
    },
    "spectral_contrast_coeffs": {
        "mean": [-0.711321294308, -0.718543946743, -0.722139894962, -0.780097126961, -0.798286736012, -0.803733289242],
        "stdev": [0.0750737711787, 0.0742241665721, 0.0825342237949, 0.0644442215562, 0.0501615926623, 0.0413424447179]
    },
    "spectral_contrast_valleys": {
        "mean": [-6.73682069778, -6.81020069122, -7.70611953735, -8.20588207245, -8.15895652771, -10.4899864197],
        "stdev": [1.28497695923, 1.2315363884, 1.31374800205, 1.53019881248, 1.71796751022, 1.76594114304]
    }
},
"rhythm": {
    "beats_count": 692,
    "beats_loudness": {
        "mean": 0.0321779102087,
        "stdev": 0.0197584703565
    },
    "bpm": 165.881317139,
    "bpm_histogram_first_peak_bpm": 167,
    "bpm_histogram_first_peak_weight": 0,
    "bpm_histogram_second_peak_bpm": 161,
    "bpm_histogram_second_peak_spread": 0.0776698589325,
    "bpm_histogram_second_peak_weight": 0.137481912971,
    "danceability": 0.967251181602,
    "onset_rate": 3.59718489647,
    "beats_loudness_band_ratio": {
        "mean": [0.412703543901, 0.233425632119, 0.174350887537, 0.107307314873, 0.0505806207657, 0.0684524253011],
        "stdev": [0.257966846228, 0.176801428199, 0.143597379327, 0.134768098593, 0.0558494217694, 0.0689142495394]
    },
    "beats_position": [0.383129239082, 0.777868449688, 1.17260766029, 1.55573689938, 1.92725622654, 2.28716540337, 2.6470746994, 3.00698399544, 3.36689329147, 3.72680258751, 4.08671188354, 4.446621418, 4.80653047562, 5.16644001007, 5.52634906769, 5.87464857101, 6.24616765976, 6.60607719421, 6.96598625183, 7.32589578629, 7.6858048439, 8.04571437836, 8.39401340485, 8.75392246246, 9.12544155121, 9.49696159363, 9.84526062012, 10.2051696777, 10.5650787354, 10.9249887466, 11.2848978043, 11.6448068619, 12.0047159195, 12.3646259308, 12.7245349884, 13.084444046, 13.4443531036, 13.8042631149, 14.1641721725, 14.5356912613, 14.8956003189, 15.2555103302, 15.6154193878, 15.9753284454, 16.3352375031, 16.6835365295, 17.0434455872, 17.4033565521, 17.7632656097, 18.1231746674, 18.483083725, 18.8546028137, 19.2145118713, 19.574420929, 19.9343299866, 20.2942390442, 20.6541500092, 21.0024490356, 21.3623580933, 21.7222671509, 22.0821762085, 22.4420852661, 22.8019943237, 23.1619052887, 23.5218143463, 23.8817234039, 24.2416324615, 24.6015415192, 24.9614505768, 25.3213596344, 25.681268692, 26.0411777496, 26.3894786835, 26.7493877411, 27.1209068298, 27.4924259186, 27.8523349762, 28.2122440338, 28.5721530914, 28.932062149, 29.2803630829, 29.6402721405, 30.0001811981, 30.3600902557, 30.7199993134, 31.079908371, 31.4398174286, 31.7881164551, 32.1596374512, 32.5195465088, 32.8794555664, 33.2509727478, 33.6108856201, 33.9707946777, 34.3190917969, 34.6790008545, 35.0389099121, 35.3988189697, 35.7587280273, 36.118637085, 36.4785499573, 36.8384590149, 37.1983680725, 37.5698852539, 37.9297943115, 38.3013153076, 38.672832489, 39.0327415466, 39.4042625427, 39.7757797241, 40.124080658, 40.4607696533, 40.8206787109, 41.1805877686, 41.5404968262, 41.9004058838, 42.2603149414, 42.6318359375, 43.0033569336, 43.3516540527, 43.6999549866, 44.0482521057, 44.4081611633, 44.7796821594, 45.139591217, 45.5111083984, 45.8826293945, 46.2425384521, 46.6024475098, 46.9623565674, 47.322265625, 47.6821746826, 48.0420837402, 48.4019927979, 48.7619056702, 49.0985946655, 49.4468917847, 49.8068008423, 50.1667098999, 50.5266189575, 50.8865280151, 51.2464370728, 51.6063499451, 51.9662590027, 52.3261680603, 52.6860771179, 53.0459861755, 53.4058952332, 53.7658042908, 54.1257133484, 54.485622406, 54.8455314636, 55.2054405212, 55.5653495789, 55.9252586365, 56.2851676941, 56.6450767517, 57.0049858093, 57.3648986816, 57.7248077393, 58.0847167969, 58.4446258545, 58.8045349121, 59.1644439697, 59.5127410889, 59.884262085, 60.2441711426, 60.6040802002, 60.9639892578, 61.3238983154, 61.6954193115, 62.0553283691, 62.4152374268, 62.7635345459, 63.1234474182, 63.4833564758, 63.8432655334, 64.2031707764, 64.563079834, 64.9229888916, 65.2828979492, 65.6428070068, 66.0143280029, 66.3742370605, 66.7341461182, 67.0824508667, 67.4423599243, 67.8022689819, 68.1621780396, 68.5220870972, 68.8936004639, 69.2535171509, 69.6134262085, 69.9617233276, 70.3216323853, 70.6815414429, 71.0414505005, 71.4013595581, 71.7612686157, 72.1211776733, 72.481086731, 72.8409957886, 73.2125167847, 73.5840377808, 73.9439468384, 74.303855896, 74.6521530151, 75.0120620728, 75.3719711304, 75.731880188, 76.0917892456, 76.4400863647, 76.7999954224, 77.15990448, 77.5314254761, 77.8913345337, 78.2512435913, 78.5995483398, 78.9710617065, 79.3309707642, 79.6908798218, 80.0391845703, 80.410697937, 80.7706069946, 81.1305236816, 81.4788208008, 81.8503417969, 82.2102508545, 82.5701599121, 82.9300689697, 83.2899780273, 83.649887085, 84.0097961426, 84.3697052002, 84.7296142578, 85.0895233154, 85.449432373, 85.8093414307, 86.1692504883, 86.5175476074, 86.865852356, 87.2373657227, 87.6088867188, 87.9687957764, 88.328704834, 88.6886138916, 89.0485229492, 89.4200439453, 89.7683410645, 90.1282501221, 90.4881591797, 90.8480682373, 91.2079772949, 91.5678863525, 91.9277954102, 92.2877044678, 92.6476211548, 93.0075302124, 93.36743927, 93.7273483276, 94.0872573853, 94.458770752, 94.8186798096, 95.1785888672, 95.5268936157, 95.8868026733, 96.246711731, 96.6066207886, 96.9665298462, 97.3380508423, 97.6979598999, 98.0578689575, 98.4061660767, 98.7660751343, 99.1259841919, 99.4858932495, 99.8458023071, 100.217323303, 100.577232361, 100.937141418, 101.285438538, 101.645347595, 102.005256653, 102.36516571, 102.725074768, 103.096595764, 103.456504822, 103.816413879, 104.176322937, 104.536231995, 104.896141052, 105.25605011, 105.615959167, 105.975868225, 106.335777283, 106.69568634, 107.055595398, 107.415504456, 107.775421143, 108.1353302, 108.495239258, 108.855148315, 109.215057373, 109.574966431, 109.934875488, 110.294784546, 110.654693604, 111.014602661, 111.374511719, 111.734420776, 112.094329834, 112.454238892, 112.814147949, 113.174057007, 113.533966064, 113.893875122, 114.25378418, 114.613693237, 114.973602295, 115.333511353, 115.69342041, 116.053329468, 116.413238525, 116.773147583, 117.133056641, 117.492965698, 117.852874756, 118.212783813, 118.572692871, 118.932601929, 119.292518616, 119.652427673, 120.012336731, 120.372245789, 120.732154846, 121.092063904, 121.451972961, 121.811882019, 122.171791077, 122.531700134, 122.891609192, 123.25151825, 123.611427307, 123.971336365, 124.331245422, 124.69115448, 125.051063538, 125.410972595, 125.770881653, 126.13079071, 126.502311707, 126.862220764, 127.222129822, 127.570426941, 127.930335999, 128.290252686, 128.650161743, 129.010070801, 129.369979858, 129.729888916, 130.078186035, 130.426483154, 130.79800415, 131.169525146, 131.529434204, 131.889343262, 132.249252319, 132.609161377, 132.969070435, 133.328979492, 133.700500488, 134.060409546, 134.420318604, 134.768615723, 135.12852478, 135.488433838, 135.848342896, 136.208251953, 136.568161011, 136.928070068, 137.299591064, 137.659500122, 138.01940918, 138.379318237, 138.739227295, 139.087524414, 139.45904541, 139.818954468, 140.178863525, 140.527160645, 140.898681641, 141.258590698, 141.618499756, 141.966796875, 142.338317871, 142.698226929, 143.058135986, 143.418045044, 143.777954102, 144.137863159, 144.497772217, 144.857681274, 145.217590332, 145.57749939, 145.937408447, 146.285705566, 146.657226562, 147.01713562, 147.377044678, 147.736953735, 148.096862793, 148.468383789, 148.816680908, 149.188201904, 149.548110962, 149.90802002, 150.256317139, 150.616226196, 150.976135254, 151.336044312, 151.695953369, 152.055877686, 152.415786743, 152.775695801, 153.135604858, 153.483901978, 153.855422974, 154.215332031, 154.575241089, 154.935150146, 155.295059204, 155.654968262, 156.014877319, 156.374786377, 156.734695435, 157.094604492, 157.45451355, 157.826034546, 158.185943604, 158.545852661, 158.89414978, 159.254058838, 159.613967896, 159.973876953, 160.345397949, 160.705307007, 161.065216064, 161.425125122, 161.773422241, 162.144943237, 162.504852295, 162.864761353, 163.213058472, 163.584579468, 163.944488525, 164.304397583, 164.652694702, 165.000991821, 165.372512817, 165.732421875, 166.092330933, 166.45223999, 166.812149048, 167.172058105, 167.531967163, 167.891876221, 168.251785278, 168.623306274, 168.994827271, 169.366348267, 169.737869263, 170.109390259, 170.492507935, 170.875640869, 171.247161865, 171.618682861, 172.001815796, 172.39654541, 172.791290283, 173.186035156, 173.580764771, 173.975509644, 174.370239258, 174.753372192, 175.124893188, 175.496414185, 175.856323242, 176.2162323, 176.587753296, 176.936050415, 177.295959473, 177.65586853, 178.015777588, 178.375686646, 178.735595703, 179.095504761, 179.455413818, 179.815322876, 180.163619995, 180.523529053, 180.871826172, 181.243347168, 181.603256226, 181.951568604, 182.299865723, 182.671386719, 183.031295776, 183.391204834, 183.751113892, 184.122619629, 184.482528687, 184.830841064, 185.179138184, 185.539047241, 185.898956299, 186.258865356, 186.618774414, 186.99029541, 187.350204468, 187.710113525, 188.058410645, 188.429931641, 188.801452637, 189.161361694, 189.521270752, 189.892791748, 190.241088867, 190.589385986, 190.937683105, 191.297592163, 191.657501221, 192.017410278, 192.377319336, 192.737228394, 193.097137451, 193.457046509, 193.816955566, 194.176864624, 194.536773682, 194.896682739, 195.256591797, 195.628112793, 195.988021851, 196.347930908, 196.696228027, 197.056137085, 197.416046143, 197.7759552, 198.135864258, 198.507385254, 198.867294312, 199.227203369, 199.575500488, 199.935409546, 200.295318604, 200.655227661, 201.015136719, 201.386657715, 201.746566772, 202.10647583, 202.466384888, 202.826293945, 203.186203003, 203.557723999, 203.917633057, 204.277542114, 204.637451172, 204.985748291, 205.345672607, 205.705581665, 206.065490723, 206.42539978, 206.785308838, 207.145217896, 207.505126953, 207.865036011, 208.224945068, 208.584854126, 208.944763184, 209.304672241, 209.676193237, 210.036102295, 210.396011353, 210.744308472, 211.092605591, 211.464126587, 211.824035645, 212.183944702, 212.54385376, 212.903762817, 213.263671875, 213.623580933, 213.98348999, 214.343399048, 214.703308105, 215.063217163, 215.423126221, 215.783035278, 216.142944336, 216.502853394, 216.862762451, 217.222671509, 217.594192505, 217.954101562, 218.31401062, 218.673919678, 219.033828735, 219.382125854, 219.742034912, 220.10194397, 220.461853027, 220.821762085, 221.193283081, 221.553192139, 221.913101196, 222.261398315, 222.609695435, 222.981216431, 223.352737427, 223.712646484, 224.072555542, 224.4324646, 224.792373657, 225.152282715, 225.512191772, 225.87210083, 226.232009888, 226.591918945, 226.951828003, 227.311737061, 227.671646118, 228.019943237, 228.379852295, 228.739776611, 229.099685669, 229.459594727, 229.831100464, 230.191009521, 230.550918579, 230.899230957, 231.270736694, 231.630645752, 231.990570068, 232.350479126, 232.710388184, 233.070297241, 233.430206299, 233.778503418, 234.138412476, 234.498321533, 234.869842529, 235.229751587, 235.589660645, 235.937957764, 236.30947876, 236.669387817, 237.029296875, 237.389205933, 237.74911499, 238.120635986, 238.492156982, 238.85206604, 239.211975098, 239.571884155, 239.931793213, 240.291702271, 240.651611328, 241.011520386, 241.371429443, 241.719726562, 242.068023682, 242.427932739, 242.787841797, 243.159362793, 243.530883789, 243.890792847, 244.250701904, 244.6222229, 244.993743896, 245.365249634, 245.73677063, 246.119903564, 246.491424561, 246.851333618, 247.222854614, 247.605987549, 247.989105225, 248.383850098, 248.778594971, 249.184936523, 249.591293335, 249.997634888],
    "bpm_histogram": [0, 0, 0, 0, 0, 0, 0, 0, 0, 0, 0, 0, 0, 0, 0, 0, 0, 0, 0, 0, 0, 0, 0, 0, 0, 0, 0, 0, 0, 0, 0, 0, 0, 0, 0, 0, 0, 0, 0, 0, 0, 0, 0, 0, 0, 0, 0, 0, 0, 0, 0, 0, 0, 0, 0, 0, 0, 0, 0, 0, 0, 0, 0, 0, 0, 0, 0, 0, 0, 0, 0, 0, 0, 0, 0, 0, 0, 0, 0, 0, 0, 0, 0, 0, 0, 0, 0, 0, 0, 0, 0, 0, 0, 0, 0, 0, 0, 0, 0, 0, 0, 0, 0, 0, 0, 0, 0, 0, 0, 0, 0, 0, 0, 0, 0, 0, 0, 0, 0, 0, 0, 0, 0, 0, 0, 0, 0, 0, 0, 0, 0, 0, 0, 0, 0, 0, 0, 0, 0, 0, 0, 0, 0, 0, 0, 0, 0, 0, 0.00434153387323, 0, 0, 0, 0.0144717795774, 0, 0, 0, 0, 0.0115774236619, 0, 0, 0, 0.12445730716, 0.0130246020854, 0, 0, 0, 0, 0.727930545807, 0, 0, 0, 0, 0.101302459836, 0, 0, 0, 0, 0, 0.00289435591549, 0, 0, 0, 0, 0, 0, 0, 0, 0, 0, 0, 0, 0, 0, 0, 0, 0, 0, 0, 0, 0, 0, 0, 0, 0, 0, 0, 0, 0, 0, 0, 0, 0, 0, 0, 0, 0, 0, 0, 0, 0, 0, 0, 0, 0, 0, 0, 0, 0, 0, 0, 0, 0, 0, 0, 0, 0, 0, 0, 0, 0, 0, 0, 0, 0, 0, 0, 0, 0, 0, 0]
},
"tonal": {
    "chords_changes_rate": 0.0359592214227,
    "chords_number_rate": 0.00166821130551,
    "chords_strength": {
        "mean": 0.564054012299,
        "stdev": 0.0976755321026
    },
    "hpcp_crest": {
        "mean": 15.5572385788,
        "stdev": 7.313829422
    },
    "hpcp_entropy": {
        "mean": 1.73721241951,
        "stdev": 0.704708516598
    },
    "key_edma": {
        "strength": 0.694732487202,
        "key": "D",
        "scale": "major"
    },
    "key_krumhansl": {
        "strength": 0.710130393505,
        "key": "D",
        "scale": "major"
    },
    "key_temperley": {
        "strength": 0.727978229523,
        "key": "D",
        "scale": "major"
    },
    "tuning_diatonic_strength": 0.531280040741,
    "tuning_equal_tempered_deviation": 0.0267141591758,
    "tuning_frequency": 440.508575439,
    "tuning_nontempered_energy_ratio": 0.667275965214,
    "hpcp": {
        "mean": [0.228616088629, 0.137184992433, 0.0531819164753, 0.0440214648843, 0.0515936948359, 0.163287207484, 0.280411332846, 0.19792881608, 0.0834437832236, 0.0545216016471, 0.042350191623, 0.101643636823, 0.199203252792, 0.151763021946, 0.149001643062, 0.255558490753, 0.182006150484, 0.0644490942359, 0.0373529344797, 0.033470056951, 0.100839838386, 0.174766272306, 0.119243398309, 0.0480908565223, 0.0387793034315, 0.0492040328681, 0.190492153168, 0.298245787621, 0.180447816849, 0.135589465499, 0.170851111412, 0.100620813668, 0.0591340437531, 0.0877347290516, 0.0880312994123, 0.15689869225],
