{
"metadata": {
    "version": {
        "essentia": "2.1-dev",
        "essentia_git_sha": "v2.1_beta3-415-gd5473f3",
        "extractor": "music 2.0"
    },
    "audio_properties": {
        "analysis": {
            "equal_loudness": 0,
            "length": 268.512664795,
            "sample_rate": 44100,
            "start_time": 0,
            "downmix": "mix"
        },
        "bit_rate": 192000,
        "length": 268.512664795,
        "lossless": 0,
        "number_channels": 2,
        "replay_gain": -9.79933738708,
        "sample_rate": 44100,
        "codec": "mp3",
        "md5_encoded": "f28f71d6b04e103d427b3a997a7c5e14"
    },
    "tags": {
        "file_name": "diego_torres-a_traves_del_tiempo.mp3",
        "album": ["Un mundo diferente"],
        "artist": ["Diego Torres"],
        "genre": ["Other"],
        "title": ["A través del tiempo"]
    }
},
"lowlevel": {
    "average_loudness": 0.946233391762,
    "barkbands_crest": {
        "mean": 10.9229831696,
        "stdev": 3.77867460251
    },
    "barkbands_flatness_db": {
        "mean": 0.175488516688,
        "stdev": 0.0690076574683
    },
    "barkbands_kurtosis": {
        "mean": 10.9063596725,
        "stdev": 16.9185218811
    },
    "barkbands_skewness": {
        "mean": 2.25880050659,
        "stdev": 1.51531887054
    },
    "barkbands_spread": {
        "mean": 16.9716129303,
        "stdev": 14.0982236862
    },
    "dissonance": {
        "mean": 0.434828400612,
        "stdev": 0.0441758520901
    },
    "dynamic_complexity": 3.29942893982,
    "erbbands_crest": {
        "mean": 11.1506166458,
        "stdev": 5.06955480576
    },
    "erbbands_flatness_db": {
        "mean": 0.158867031336,
        "stdev": 0.0492112636566
    },
    "erbbands_kurtosis": {
        "mean": 2.55956506729,
        "stdev": 5.08145427704
    },
    "erbbands_skewness": {
        "mean": 1.07546877861,
        "stdev": 1.05568516254
    },
    "erbbands_spread": {
        "mean": 40.6050949097,
        "stdev": 23.9521503448
    },
    "hfc": {
        "mean": 19.7334728241,
        "stdev": 18.1870937347
    },
    "loudness_ebu128": {
        "integrated": -13.0259580612,
        "loudness_range": 4.73555183411,
        "momentary": {
            "mean": -14.2891283035,
            "stdev": 5.28533697128
        },
        "short_term": {
            "mean": -13.6915969849,
            "stdev": 2.91394615173
        }
    },
    "melbands_crest": {
        "mean": 14.0645751953,
        "stdev": 4.70503568649
    },
    "melbands_flatness_db": {
        "mean": 0.249189063907,
        "stdev": 0.0862269848585
    },
    "melbands_kurtosis": {
        "mean": 23.9878692627,
        "stdev": 33.4640655518
    },
    "melbands_skewness": {
        "mean": 3.09744286537,
        "stdev": 1.94523346424
    },
    "melbands_spread": {
        "mean": 15.3157262802,
        "stdev": 14.9044322968
    },
    "pitch_salience": {
        "mean": 0.521592319012,
        "stdev": 0.115413986146
    },
    "silence_rate_20dB": {
        "mean": 1,
        "stdev": 0
    },
    "silence_rate_30dB": {
        "mean": 0.987894535065,
        "stdev": 0.109357081354
    },
    "silence_rate_60dB": {
        "mean": 0.0529182888567,
        "stdev": 0.223886176944
    },
    "spectral_centroid": {
        "mean": 975.310913086,
        "stdev": 733.41003418
    },
    "spectral_complexity": {
        "mean": 13.292347908,
        "stdev": 7.55772972107
    },
    "spectral_decrease": {
        "mean": -8.87432793917e-09,
        "stdev": 6.28837604211e-09
    },
    "spectral_energy": {
        "mean": 0.0352836623788,
        "stdev": 0.0246500167996
    },
    "spectral_energyband_high": {
        "mean": 0.000927046872675,
        "stdev": 0.00164791313
    },
    "spectral_energyband_low": {
        "mean": 0.0149696571752,
        "stdev": 0.0175132788718
    },
    "spectral_energyband_middle_high": {
        "mean": 0.00364146474749,
        "stdev": 0.00482730474323
    },
    "spectral_energyband_middle_low": {
        "mean": 0.0166824609041,
        "stdev": 0.0140268541873
    },
    "spectral_entropy": {
        "mean": 7.26693677902,
        "stdev": 0.614046573639
    },
    "spectral_flux": {
        "mean": 0.0835270434618,
        "stdev": 0.0572804398835
    },
    "spectral_kurtosis": {
        "mean": 4.4081697464,
        "stdev": 4.66959476471
    },
    "spectral_rms": {
        "mean": 0.00548846228048,
        "stdev": 0.00207362323999
    },
    "spectral_rolloff": {
        "mean": 1050.95690918,
        "stdev": 1658.63024902
    },
    "spectral_skewness": {
        "mean": 1.72137594223,
        "stdev": 0.684011280537
    },
    "spectral_spread": {
        "mean": 5635555,
        "stdev": 1876216.5
    },
    "spectral_strongpeak": {
        "mean": 0.944334149361,
        "stdev": 1.1698281765
    },
    "zerocrossingrate": {
        "mean": 0.0524054355919,
        "stdev": 0.0472902059555
    },
    "barkbands": {
        "mean": [0.000545328832231, 0.00978556927294, 0.00377796171233, 0.00154676707461, 0.00490733934566, 0.00345801305957, 0.00231026904657, 0.0027417531237, 0.00152643118054, 0.000770627462771, 0.000738592178095, 0.000581412692554, 0.000273306271993, 0.000230277510127, 0.000315769400913, 0.00023971698829, 0.000162988217198, 0.00022195247584, 0.000168143116753, 0.000117101888463, 0.000162415482919, 0.0002227799705, 0.000173521475517, 0.000119545438793, 0.000146244841744, 3.71545138478e-05, 2.78796437669e-06],
        "stdev": [0.000957587151788, 0.0112926410511, 0.0068209846504, 0.00263199931942, 0.00614526169375, 0.0045508351177, 0.00507724378258, 0.00677372468635, 0.00329773453996, 0.00165607593954, 0.00240946863778, 0.00199974072166, 0.000860558531713, 0.000571799464524, 0.000746396719478, 0.000607476802543, 0.000368115841411, 0.000360942096449, 0.000276461796602, 0.00024923926685, 0.000358545861673, 0.000444442441221, 0.000393024034565, 0.000356599630322, 0.000346903863829, 9.22919862205e-05, 1.27877237901e-05]
    },
    "erbbands": {
        "mean": [0.304474890232, 2.06511664391, 4.62172079086, 4.98377943039, 7.22315502167, 19.1485118866, 29.3287773132, 27.3113803864, 25.0802307129, 53.8731498718, 54.3581161499, 33.3196296692, 30.4776649475, 27.8059902191, 29.4362411499, 24.5110702515, 13.6199054718, 12.7999820709, 14.2955026627, 16.2267379761, 12.4295797348, 9.45383834839, 12.3886365891, 8.00821781158, 8.76986789703, 5.72589159012, 6.00516986847, 7.31072044373, 8.29579257965, 5.85075139999, 4.77943754196, 2.5900053978, 2.21765565872, 2.0254881382, 0.742330729961, 0.207017049193, 0.0659079328179, 0.0109777292237, 0.000278346298728, 5.03182163811e-05],
        "stdev": [0.342755556107, 2.69602918625, 7.9344367981, 8.06262779236, 10.3118448257, 29.126909256, 40.1371803284, 40.3225326538, 43.2108955383, 144.979202271, 134.242462158, 74.265045166, 62.4566230774, 57.2436904907, 86.4022750854, 87.7152786255, 39.2840080261, 32.0660324097, 33.7896766663, 40.4492301941, 31.3529262543, 19.5506057739, 21.2851829529, 12.7224111557, 14.6389665604, 12.0333423615, 13.6013040543, 16.0106754303, 17.037153244, 12.6577959061, 10.8935632706, 7.07344722748, 6.87373781204, 5.24267578125, 1.71731972694, 0.483614861965, 0.182621791959, 0.0408353321254, 0.000955667521339, 4.12209155911e-05]
    },
    "gfcc": {
        "mean": [-13.4001684189, 96.4946136475, -85.995010376, 38.4171638489, -71.1699371338, 16.7581138611, -40.0745239258, 13.0927095413, -21.7693538666, 2.67950391769, -14.3602542877, 4.1934928894, -5.94831848145],
        "cov": [[10355.2568359, 421.409301758, -727.570983887, -260.600646973, -218.389175415, 153.962844849, -113.570045471, 285.098937988, -161.56930542, 199.385421753, -140.263549805, 159.507232666, -263.036987305], [421.409301758, 2372.17578125, 443.580627441, -125.221008301, 200.229858398, -145.600784302, 174.303649902, -35.9195747375, 154.814987183, -115.293136597, 179.962722778, -64.8069839478, 117.920310974], [-727.570983887, 443.580627441, 1217.20983887, 227.341125488, 95.01512146, 45.002204895, 86.8391494751, 29.9201755524, 29.6874504089, 60.1744003296, 26.0298748016, 27.5461559296, 89.4506912231], [-260.600646973, -125.221008301, 227.341125488, 452.786804199, 116.619560242, 46.6954498291, 35.0727005005, -9.023188591, 84.3516921997, 24.727853775, -7.7292432785, -4.33655309677, 92.0366897583], [-218.389175415, 200.229858398, 95.01512146, 116.619560242, 399.605102539, 74.0855407715, 83.1850128174, 65.2904891968, 94.4923019409, 16.326883316, 10.8952970505, -8.97743415833, 37.6944923401], [153.962844849, -145.600784302, 45.002204895, 46.6954498291, 74.0855407715, 225.868499756, 86.7128829956, 55.8011932373, -3.41444659233, 23.9104328156, 26.7546291351, 8.04012203217, -29.5539989471], [-113.570045471, 174.303649902, 86.8391494751, 35.0727005005, 83.1850128174, 86.7128829956, 242.69682312, 59.6846122742, -2.21376490593, -1.22392272949, 66.2830505371, 14.2853708267, -11.6802120209], [285.098937988, -35.9195747375, 29.9201755524, -9.023188591, 65.2904891968, 55.8011932373, 59.6846122742, 163.136764526, 32.5576896667, 28.5950908661, 6.91972446442, 7.99352264404, -30.980764389], [-161.56930542, 154.814987183, 29.6874504089, 84.3516921997, 94.4923019409, -3.41444659233, -2.21376490593, 32.5576896667, 187.697509766, 35.653503418, -6.76164722443, -27.2417411804, 32.4775810242], [199.385421753, -115.293136597, 60.1744003296, 24.727853775, 16.326883316, 23.9104328156, -1.22392272949, 28.5950908661, 35.653503418, 114.507568359, -1.3639292717, 0.25885361433, -18.6303539276], [-140.263549805, 179.962722778, 26.0298748016, -7.7292432785, 10.8952970505, 26.7546291351, 66.2830505371, 6.91972446442, -6.76164722443, -1.3639292717, 128.122741699, 14.1085643768, -11.6043081284], [159.507232666, -64.8069839478, 27.5461559296, -4.33655309677, -8.97743415833, 8.04012203217, 14.2853708267, 7.99352264404, -27.2417411804, 0.25885361433, 14.1085643768, 102.186454773, 11.8335971832], [-263.036987305, 117.920310974, 89.4506912231, 92.0366897583, 37.6944923401, -29.5539989471, -11.6802120209, -30.980764389, 32.4775810242, -18.6303539276, -11.6043081284, 11.8335971832, 134.761642456]],
        "icov": [[0.000186592995306, -0.000290791882435, 0.000247505726293, -0.000261330744252, 0.000192115112441, -0.000307122740196, 0.000290133146336, -0.000448447943199, 0.000465667224489, -0.000622907886282, 0.000572475488298, -0.000509406614583, 0.000329495203914], [-0.000290791882435, 0.00134123675525, -0.000787773751654, 0.00114245945588, -0.000656766002066, 0.00115149526391, -0.00102237495594, 0.00106144917663, -0.0016364826588, 0.00191338942386, -0.00200499244966, 0.00143386633135, -0.00104656547774], [0.000247505726293, -0.000787773751654, 0.00149417936336, -0.00105121382512, 0.000384760700399, -0.000679821823724, 0.000393346330384, -0.000916138000321, 0.00127516698558, -0.00182777189184, 0.00113819912076, -0.00105304527096, 9.58165910561e-05], [-0.000261330744252, 0.00114245945588, -0.00105121382512, 0.00410839822143, -0.000921346421819, 0.000246866577072, -0.0011673681438, 0.00158937694505, -0.0023047470022, 0.0012227029074, -0.00137880828697, 0.00139786838554, -0.00255881226622], [0.000192115112441, -0.000656766002066, 0.000384760700399, -0.000921346421819, 0.00374780478887, -0.00130713568069, -0.000214118583244, -0.00140746659599, -0.000461406365503, -0.000785950222053, 0.00114867067896, -0.000543020258192, -0.000204433454201], [-0.000307122740196, 0.00115149526391, -0.000679821823724, 0.000246866577072, -0.00130713568069, 0.00690971454605, -0.00226010102779, -3.14334683935e-05, -0.00060296675656, 0.000942611484788, -0.0020778127946, 0.00114660954569, 0.000349458889104], [0.000290133146336, -0.00102237495594, 0.000393346330384, -0.0011673681438, -0.000214118583244, -0.00226010102779, 0.00693268794566, -0.00247563119046, 0.00184422160964, -0.000701422861312, -0.0010211172048, -0.00136441539507, 0.00108352408279], [-0.000448447943199, 0.00106144917663, -0.000916138000321, 0.00158937694505, -0.00140746659599, -3.14334683935e-05, -0.00247563119046, 0.00952676590532, -0.00309542543255, 0.000877451850101, -0.000926558743231, 0.00037097375025, 0.000835815444589], [0.000465667224489, -0.0016364826588, 0.00127516698558, -0.0023047470022, -0.000461406365503, -0.00060296675656, 0.00184422160964, -0.00309542543255, 0.00973509438336, -0.00470088934526, 0.00221143686213, 0.000121838973428, -0.000302738451865], [-0.000622907886282, 0.00191338942386, -0.00182777189184, 0.0012227029074, -0.000785950222053, 0.000942611484788, -0.000701422861312, 0.000877451850101, -0.00470088934526, 0.0136640025303, -0.00296301278286, 0.00165952800307, 0.000676592811942], [0.000572475488298, -0.00200499244966, 0.00113819912076, -0.00137880828697, 0.00114867067896, -0.0020778127946, -0.0010211172048, -0.000926558743231, 0.00221143686213, -0.00296301278286, 0.012533981353, -0.00346465781331, 0.00242045638151], [-0.000509406614583, 0.00143386633135, -0.00105304527096, 0.00139786838554, -0.000543020258192, 0.00114660954569, -0.00136441539507, 0.00037097375025, 0.000121838973428, 0.00165952800307, -0.00346465781331, 0.0127523904666, -0.00335238710977], [0.000329495203914, -0.00104656547774, 9.58165910561e-05, -0.00255881226622, -0.000204433454201, 0.000349458889104, 0.00108352408279, 0.000835815444589, -0.000302738451865, 0.000676592811942, 0.00242045638151, -0.00335238710977, 0.0117525598034]]
    },
    "melbands": {
        "mean": [0.00269046402536, 0.00259949406609, 0.000911786861252, 0.00089876295533, 0.0010336204432, 0.000606107874773, 0.000410235021263, 0.000605096283834, 0.000393193913624, 0.000210753976717, 0.00015070043446, 0.000110358618258, 0.000111152119644, 6.79839795339e-05, 4.19330863224e-05, 2.84421275865e-05, 2.18518853217e-05, 2.16299558815e-05, 2.1884266971e-05, 1.88282247109e-05, 1.39526046041e-05, 8.7292301032e-06, 1.23316931422e-05, 1.00780198409e-05, 5.81762151342e-06, 6.82510699335e-06, 4.81074948766e-06, 3.57016074304e-06, 3.6591859498e-06, 3.86270176023e-06, 4.42162718173e-06, 4.81517736262e-06, 4.01022452934e-06, 3.0671337754e-06, 2.93929201689e-06, 2.12545364775e-06, 1.35166112614e-06, 1.37270137657e-06, 1.93258779291e-06, 1.64149298598e-06],
        "stdev": [0.00295107020065, 0.00393934780732, 0.00134466041345, 0.0012442242587, 0.00133655103855, 0.000863168912474, 0.000733078981284, 0.00154915091116, 0.000988183543086, 0.000478688016301, 0.000316938181641, 0.00023902997782, 0.000357431243174, 0.000232873295317, 0.000139950279845, 8.46055045258e-05, 5.82146785746e-05, 5.35058970854e-05, 5.15149840794e-05, 4.92014914926e-05, 3.99771743105e-05, 2.17274227907e-05, 2.1995329007e-05, 1.7535949155e-05, 1.01724026536e-05, 1.17484860311e-05, 8.90141564014e-06, 8.22407218948e-06, 9.06365039555e-06, 8.84596556716e-06, 1.02053008959e-05, 1.01649093267e-05, 8.59791907715e-06, 7.4045369729e-06, 6.85033774062e-06, 5.33971569894e-06, 4.1172093006e-06, 4.58019439975e-06, 5.59890941076e-06, 4.18679201175e-06]
    },
    "melbands128": {
        "mean": [0.000513507111464, 0.00246905651875, 0.0034395691473, 0.00344947027043, 0.00270084734075, 0.00167455524206, 0.00101790903136, 0.000704409729224, 0.000651380629279, 0.000770900980569, 0.00114936963655, 0.00116321316455, 0.00110550655518, 0.000753871689085, 0.000645675288979, 0.000543399073649, 0.000302507833112, 0.000385806954, 0.000420574244345, 0.00073496584082, 0.000523870170582, 0.000609021633863, 0.000384379905881, 0.00015523750335, 0.000200906957616, 0.000210359910852, 0.00028280436527, 9.79659453151e-05, 9.0509725851e-05, 0.000141988566611, 8.35371465655e-05, 0.000112665540655, 0.000169270206243, 4.92043691338e-05, 6.54723771731e-05, 7.66521843616e-05, 7.84367512097e-05, 3.05636131088e-05, 3.37418277923e-05, 2.52353638643e-05, 2.01659076993e-05, 4.29640858783e-05, 2.12799150177e-05, 1.14636241051e-05, 1.90608934645e-05, 2.1698200726e-05, 2.99097555398e-05, 1.62556571013e-05, 2.1178911993e-05, 2.88302016997e-05, 1.65570654644e-05, 1.02768590295e-05, 1.81287123269e-05, 1.3741739167e-05, 8.92311618372e-06, 7.83494124335e-06, 7.59305839892e-06, 1.28291985675e-05, 1.55570905918e-05, 9.43733994063e-06, 1.12867310236e-05, 8.89739385457e-06, 5.3495159591e-06, 5.34761875315e-06, 5.73111492486e-06, 6.36264121567e-06, 8.599060493e-06, 5.74121304453e-06, 3.50493132828e-06, 4.09617177866e-06, 3.41510190083e-06, 3.34290780302e-06, 3.85801558878e-06, 3.72660133507e-06, 3.37135202244e-06, 3.89913475374e-06, 4.08228561355e-06, 3.88111902794e-06, 4.34825551565e-06, 5.30507895746e-06, 4.38815413872e-06, 4.92756316817e-06, 4.97511018693e-06, 4.20064134232e-06, 2.88590013042e-06, 2.72285478786e-06, 3.48408502759e-06, 3.12467341246e-06, 3.05359867525e-06, 2.5809968065e-06, 2.51990445577e-06, 1.94031167666e-06, 1.56527255513e-06, 1.32252398544e-06, 1.24109749322e-06, 1.21484606552e-06, 1.33606602049e-06, 1.69941222339e-06, 1.71656563452e-06, 2.51755432146e-06, 1.69944189565e-06, 1.56800365403e-06, 1.35328423312e-06, 1.07972243768e-06, 7.86963710198e-07, 5.91994762544e-07, 4.92089441195e-07, 4.47849458851e-07, 3.32906324729e-07, 2.44085384793e-07, 1.9227790915e-07, 1.99537225853e-07, 3.04013582308e-07, 1.35901515819e-07, 1.27267298922e-07, 1.06656337096e-07, 1.0282144558e-07, 1.20444143548e-08, 5.83309485783e-12, 5.16199626446e-12, 5.02056209106e-12, 4.9038702786e-12, 4.79432726158e-12, 4.70633081118e-12, 4.63383368135e-12, 4.58053950672e-12, 4.54213576473e-12, 4.51190560607e-12],
        "stdev": [0.000884449924342, 0.00309055973776, 0.00394021579996, 0.00507110729814, 0.00476971780881, 0.00305542885326, 0.00183642015327, 0.00123972527217, 0.00120388565119, 0.00145600596443, 0.0021805583965, 0.00196916842833, 0.00183025700971, 0.0013685724698, 0.00116319593508, 0.00102413573768, 0.000674851296935, 0.00101792998612, 0.00125816627406, 0.00256261392497, 0.00188475090545, 0.00193408713676, 0.00136257486884, 0.000608920818195, 0.000754157721531, 0.000635769276414, 0.000778508547228, 0.000315105047775, 0.000299956533127, 0.000392830581404, 0.000268014235189, 0.000421167031163, 0.000650293310173, 0.000270380231086, 0.000309230876155, 0.00035555291106, 0.000407400075346, 0.000141169090057, 0.000171146646608, 0.000113192807476, 0.000123509686091, 0.000148960287333, 8.61806111061e-05, 5.03509581904e-05, 6.92404282745e-05, 6.97250798112e-05, 0.000121160475828, 5.78786894039e-05, 8.26742689242e-05, 0.000105535291368, 6.58457283862e-05, 4.50346051366e-05, 6.63481696392e-05, 5.61973101867e-05, 3.27446359734e-05, 3.10999748763e-05, 2.18998338823e-05, 3.53109207936e-05, 3.3584979974e-05, 3.64392435586e-05, 2.72906981991e-05, 1.8820132027e-05, 1.25246206153e-05, 1.2168991816e-05, 1.19493633974e-05, 1.50569012476e-05, 1.7964246581e-05, 1.36055050461e-05, 9.48054730543e-06, 1.13864116429e-05, 9.65789240581e-06, 8.8310935098e-06, 1.11289828055e-05, 1.0235242371e-05, 9.63691127254e-06, 1.02751291706e-05, 1.03819984361e-05, 1.07152491182e-05, 1.18142334031e-05, 1.22372721307e-05, 1.0593490515e-05, 1.20870108731e-05, 1.25962642414e-05, 1.01734194686e-05, 7.13141434971e-06, 7.16545309842e-06, 9.49279365159e-06, 8.36592153064e-06, 7.72132534621e-06, 6.70644931233e-06, 6.45712361802e-06, 5.41966892342e-06, 4.76343575428e-06, 4.6680165724e-06, 4.03589365305e-06, 3.96521272705e-06, 5.27299653186e-06, 6.09310291111e-06, 5.7015904531e-06, 7.51625429984e-06, 5.3051408031e-06, 4.18623994847e-06, 3.46829006048e-06, 2.78320226244e-06, 2.04181810659e-06, 1.47988157551e-06, 1.18652133096e-06, 1.29234490487e-06, 9.12511836759e-07, 6.98303892932e-07, 5.49856395082e-07, 5.43670239495e-07, 1.23215272652e-06, 4.6352582217e-07, 4.99134671372e-07, 4.46320910896e-07, 4.67564859719e-07, 6.092560767e-08, 9.67893733911e-12, 7.93578744385e-12, 7.72803956245e-12, 7.54868390018e-12, 7.3928137917e-12, 7.26135644669e-12, 7.15100071172e-12, 7.06411968851e-12, 7.00135999523e-12, 6.96181046839e-12]
    },
    "mfcc": {
        "mean": [-662.873046875, 122.618965149, 36.6862754822, 23.9606113434, 1.93492555618, 1.69945394993, -3.63388156891, 4.9344830513, 0.780901432037, -1.87141680717, 2.21474957466, -4.55946207047, 0.729351699352],
        "cov": [[8530.11621094, 51.5164260864, -880.17590332, -329.774627686, -198.00062561, -77.9778594971, -86.986869812, 96.1212692261, -49.9026870728, 52.9940376282, 221.982467651, -102.548057556, 48.5150260925], [51.5164260864, 2032.89624023, 231.866226196, 96.9659957886, 69.4786224365, -20.7650737762, 86.9976577759, 115.96182251, -12.7403688431, 51.4530601501, 82.4827194214, -33.1215324402, 68.4114456177], [-880.17590332, 231.866226196, 928.616149902, 211.983139038, 61.5062026978, 77.3307113647, 85.5391921997, -13.7947778702, 73.3230895996, -19.5721511841, -24.8317470551, 53.2648124695, 28.8283596039], [-329.774627686, 96.9659957886, 211.983139038, 374.016693115, 126.793540955, 70.9888839722, 13.4738817215, -6.27115488052, 119.016876221, 3.68200063705, -42.760181427, 53.2112846375, 46.2573356628], [-198.00062561, 69.4786224365, 61.5062026978, 126.793540955, 310.481140137, 73.1229171753, -1.71427333355, 11.4941549301, 96.6591567993, 65.8864212036, -13.3675441742, 34.368144989, 13.6582899094], [-77.9778594971, -20.7650737762, 77.3307113647, 70.9888839722, 73.1229171753, 183.307693481, 59.842338562, 23.1753196716, 38.2944755554, 19.7222042084, 18.0860843658, 24.0188846588, 4.95162534714], [-86.986869812, 86.9976577759, 85.5391921997, 13.4738817215, -1.71427333355, 59.842338562, 245.012252808, 95.1482849121, -15.1777544022, 20.6272926331, 38.4455413818, 13.0838670731, 15.1788930893], [96.1212692261, 115.96182251, -13.7947778702, -6.27115488052, 11.4941549301, 23.1753196716, 95.1482849121, 171.518157959, 0.874528944492, 21.0567035675, 48.1857872009, 5.6723947525, 19.3867435455], [-49.9026870728, -12.7403688431, 73.3230895996, 119.016876221, 96.6591567993, 38.2944755554, -15.1777544022, 0.874528944492, 193.106796265, 27.4032859802, -26.4591751099, 29.1441173553, 13.8774175644], [52.9940376282, 51.4530601501, -19.5721511841, 3.68200063705, 65.8864212036, 19.7222042084, 20.6272926331, 21.0567035675, 27.4032859802, 164.824371338, 50.3704528809, -2.48641562462, -0.995115220547], [221.982467651, 82.4827194214, -24.8317470551, -42.760181427, -13.3675441742, 18.0860843658, 38.4455413818, 48.1857872009, -26.4591751099, 50.3704528809, 175.107147217, 17.2953491211, -1.4399548769], [-102.548057556, -33.1215324402, 53.2648124695, 53.2112846375, 34.368144989, 24.0188846588, 13.0838670731, 5.6723947525, 29.1441173553, -2.48641562462, 17.2953491211, 105.031387329, 22.3312225342], [48.5150260925, 68.4114456177, 28.8283596039, 46.2573356628, 13.6582899094, 4.95162534714, 15.1788930893, 19.3867435455, 13.8774175644, -0.995115220547, -1.4399548769, 22.3312225342, 101.413124084]],
        "icov": [[0.00013941389625, -9.93944649963e-06, 0.000116779323434, 5.18880115123e-05, 6.87204737915e-05, -2.62952016783e-05, 5.02250441059e-05, -3.07837653963e-05, -9.75867296802e-05, 1.26904787976e-05, -0.000167941951077, 0.00011117199756, -0.000139843570651], [-9.93944649963e-06, 0.000576808233745, -0.000163187185535, -0.000165568024386, -0.000170633284142, 0.000265109178144, -3.60783596989e-05, -0.000303865235765, 0.000158534880029, -4.98312656418e-05, -0.000277352461126, 0.000420868105721, -0.000307711772621], [0.000116779323434, -0.000163187185535, 0.00145574938506, -0.00053788733203, 0.000143460245454, -0.000254785816651, -0.000500348338392, 0.000445011362899, -0.000263108900981, 0.000232990176301, -5.29691751581e-05, -0.000258493528236, -3.68629698642e-05], [5.18880115123e-05, -0.000165568024386, -0.00053788733203, 0.00437814090401, -0.00080150179565, -0.00077754096128, -2.75994880212e-05, 0.000322608393617, -0.00166332628578, 0.000295365025522, 0.000684283557348, -0.000903442676645, -0.00122968875803], [6.87204737915e-05, -0.000170633284142, 0.000143460245454, -0.00080150179565, 0.00478209415451, -0.00131974683609, 0.000576812191866, -0.000369180779671, -0.00118156021927, -0.00174155808054, 0.000699685479049, -0.000828492338769, 0.000148630977492], [-2.62952016783e-05, 0.000265109178144, -0.000254785816651, -0.00077754096128, -0.00131974683609, 0.00712432898581, -0.00164051994216, 1.26444647321e-05, -0.000427106919233, 0.00012793111091, -0.000871510186698, -0.000239849541686, 0.000433982349932], [5.02250441059e-05, -3.60783596989e-05, -0.000500348338392, -2.75994880212e-05, 0.000576812191866, -0.00164051994216, 0.00603620382026, -0.00309271668084, 0.000879820203409, -0.000593869306613, -5.38473177585e-05, -0.000296420505038, -0.000216407075641], [-3.07837653963e-05, -0.000303865235765, 0.000445011362899, 0.000322608393617, -0.000369180779671, 1.26444647321e-05, -0.00309271668084, 0.00836434587836, -0.000681398087181, 0.000187959420145, -0.00151571247261, 0.000216635133256, -0.0011150573846], [-9.75867296802e-05, 0.000158534880029, -0.000263108900981, -0.00166332628578, -0.00118156021927, -0.000427106919233, 0.000879820203409, -0.000681398087181, 0.00748073123395, -0.00110528443474, 0.00109929696191, -0.00097184360493, 0.000146879436215], [1.26904787976e-05, -4.98312656418e-05, 0.000232990176301, 0.000295365025522, -0.00174155808054, 0.00012793111091, -0.000593869306613, 0.000187959420145, -0.00110528443474, 0.00779248680919, -0.00248447153717, 0.00122721272055, 3.00518295262e-05], [-0.000167941951077, -0.000277352461126, -5.29691751581e-05, 0.000684283557348, 0.000699685479049, -0.000871510186698, -5.38473177585e-05, -0.00151571247261, 0.00109929696191, -0.00248447153717, 0.00790150929242, -0.00231857644394, 0.00066444411641], [0.00011117199756, 0.000420868105721, -0.000258493528236, -0.000903442676645, -0.000828492338769, -0.000239849541686, -0.000296420505038, 0.000216635133256, -0.00097184360493, 0.00122721272055, -0.00231857644394, 0.0118555156514, -0.00222376431338], [-0.000139843570651, -0.000307711772621, -3.68629698642e-05, -0.00122968875803, 0.000148630977492, 0.000433982349932, -0.000216407075641, -0.0011150573846, 0.000146879436215, 3.00518295262e-05, 0.00066444411641, -0.00222376431338, 0.0113901561126]]
    },
    "spectral_contrast_coeffs": {
        "mean": [-0.712651431561, -0.701803982258, -0.72561186552, -0.778929889202, -0.781628727913, -0.779189288616],
        "stdev": [0.0839507803321, 0.0865039601922, 0.0834658965468, 0.0724629387259, 0.057875841856, 0.0431199632585]
    },
    "spectral_contrast_valleys": {
        "mean": [-6.38096237183, -6.95900344849, -7.97981643677, -8.47661399841, -8.25647544861, -10.1006231308],
        "stdev": [1.32364499569, 1.19343972206, 1.16231811047, 1.1310659647, 1.14342653751, 1.16776788235]
    }
},
"rhythm": {
    "beats_count": 527,
    "beats_loudness": {
        "mean": 0.0441726483405,
        "stdev": 0.0254134070128
    },
    "bpm": 118.01020813,
    "bpm_histogram_first_peak_bpm": 117,
    "bpm_histogram_first_peak_weight": 0.203809559345,
    "bpm_histogram_second_peak_bpm": 123,
    "bpm_histogram_second_peak_spread": 0,
    "bpm_histogram_second_peak_weight": 0.00190114066936,
    "danceability": 1.10617959499,
    "onset_rate": 3.72401809692,
    "beats_loudness_band_ratio": {
        "mean": [0.463762551546, 0.222418174148, 0.186426013708, 0.063708409667, 0.0336341820657, 0.0643657669425],
        "stdev": [0.25767108798, 0.15327167511, 0.168835312128, 0.0801562517881, 0.0354337133467, 0.115085534751]
    },
    "beats_position": [0.49922901392, 0.99845802784, 1.49768710136, 1.99691605568, 2.49614500999, 2.99537420273, 3.49460315704, 3.99383211136, 4.5046710968, 5.01551008224, 5.52634906769, 6.03718805313, 6.54802703857, 7.05886602402, 7.56970500946, 8.08054447174, 8.59138298035, 9.0906124115, 9.6014509201, 10.1122903824, 10.623128891, 11.1223583221, 11.6331968307, 12.144036293, 12.6548748016, 13.1657142639, 13.6765527725, 14.1757822037, 14.6750106812, 15.1858501434, 15.696688652, 16.2075271606, 16.7183666229, 17.2292060852, 17.7400455475, 18.2392749786, 18.7385025024, 19.2493419647, 19.760181427, 20.2710208893, 20.7818584442, 21.2926979065, 21.8035373688, 22.3143768311, 22.825214386, 23.3360538483, 23.8468933105, 24.3461227417, 24.8453502655, 25.3561897278, 25.8670291901, 26.3778686523, 26.8887062073, 27.3995456696, 27.9103851318, 28.4212245941, 28.932062149, 29.4312915802, 29.9305210114, 30.4413604736, 30.9521980286, 31.4630374908, 31.9738769531, 32.4847145081, 32.9955558777, 33.5063934326, 34.0172348022, 34.5280723572, 35.0273017883, 35.5265312195, 36.0373687744, 36.5482063293, 37.059047699, 37.5698852539, 38.0691146851, 38.57995224, 39.0791816711, 39.5900230408, 40.1008605957, 40.6116981506, 41.1225395203, 41.6333770752, 42.1442184448, 42.6550559998, 43.1658935547, 43.6767349243, 44.1875724792, 44.6984100342, 45.1976394653, 45.6968688965, 46.2077102661, 46.718547821, 47.229385376, 47.7402267456, 48.2510643005, 48.7619056702, 49.2727432251, 49.7719726562, 50.2712020874, 50.7820396423, 51.2928771973, 51.8037185669, 52.3145561218, 52.8253974915, 53.3362350464, 53.8470726013, 54.3579139709, 54.8687515259, 55.367980957, 55.8672103882, 56.3780479431, 56.8888893127, 57.3997268677, 57.9105644226, 58.4214057922, 58.9322433472, 59.4430847168, 59.9539222717, 60.4647598267, 60.9639892578, 61.463218689, 61.9740562439, 62.4848976135, 62.9957351685, 63.5065765381, 64.0174102783, 64.5282516479, 65.0390930176, 65.5383224487, 66.049156189, 66.5483856201, 67.0476150513, 67.5584564209, 68.0692977905, 68.5685272217, 69.0793609619, 69.5902023315, 70.1010437012, 70.6118774414, 71.122718811, 71.6335601807, 72.1444015503, 72.6552352905, 73.1660766602, 73.6769180298, 74.18775177, 74.6985931396, 75.2094345093, 75.7086639404, 76.2078933716, 76.7187271118, 77.2295684814, 77.7404098511, 78.2512435913, 78.7620849609, 79.2729263306, 79.7837600708, 80.282989502, 80.7822189331, 81.2930603027, 81.8039016724, 82.3147354126, 82.8255767822, 83.3364181519, 83.8472518921, 84.3580932617, 84.8573226929, 85.356552124, 85.8673934937, 86.3782272339, 86.8890686035, 87.3999099731, 87.9107437134, 88.421585083, 88.9324264526, 89.4432601929, 89.942489624, 90.4417190552, 90.9525604248, 91.4634017944, 91.9742355347, 92.4850769043, 92.9959182739, 93.5067520142, 94.0175933838, 94.5284347534, 95.0276641846, 95.5268936157, 96.037727356, 96.5485687256, 97.0594100952, 97.5702438354, 98.0694732666, 98.5803146362, 99.0911560059, 99.6019973755, 100.112831116, 100.612060547, 101.122901917, 101.633743286, 102.144577026, 102.655418396, 103.166259766, 103.677093506, 104.187934875, 104.698776245, 105.209609985, 105.720451355, 106.219680786, 106.718910217, 107.229751587, 107.740585327, 108.251426697, 108.762268066, 109.273101807, 109.783943176, 110.283172607, 110.782402039, 111.293243408, 111.804077148, 112.314918518, 112.825759888, 113.336593628, 113.847434998, 114.358276367, 114.869110107, 115.379951477, 115.879180908, 116.378410339, 116.889251709, 117.400085449, 117.910926819, 118.421768188, 118.932601929, 119.443443298, 119.954284668, 120.465126038, 120.964347839, 121.463577271, 121.97441864, 122.48526001, 122.99609375, 123.50693512, 124.017776489, 124.528617859, 125.039451599, 125.550292969, 126.061134338, 126.56036377, 127.059593201, 127.570426941, 128.081268311, 128.592102051, 129.10295105, 129.61378479, 130.12461853, 130.623855591, 131.123077393, 131.633926392, 132.144760132, 132.655593872, 133.166442871, 133.677276611, 134.188110352, 134.698959351, 135.209793091, 135.709014893, 136.219863892, 136.719085693, 137.229934692, 137.740768433, 138.251602173, 138.762451172, 139.273284912, 139.784118652, 140.294967651, 140.794189453, 141.293426514, 141.804260254, 142.315093994, 142.825942993, 143.336776733, 143.847610474, 144.358459473, 144.869293213, 145.380126953, 145.879364014, 146.390197754, 146.889434814, 147.400268555, 147.911102295, 148.421951294, 148.932785034, 149.443618774, 149.954467773, 150.453689575, 150.952926636, 151.463760376, 151.974594116, 152.485443115, 152.996276855, 153.507110596, 154.017959595, 154.528793335, 155.039627075, 155.538864136, 156.038085938, 156.548934937, 157.059768677, 157.570602417, 158.081451416, 158.592285156, 159.103118896, 159.613967896, 160.124801636, 160.635650635, 161.146484375, 161.657318115, 162.156555176, 162.655776978, 163.166610718, 163.677459717, 164.188293457, 164.699142456, 165.186752319, 165.69758606, 166.208435059, 166.719268799, 167.230117798, 167.740951538, 168.251785278, 168.762634277, 169.273468018, 169.784301758, 170.295150757, 170.794372559, 171.305206299, 171.804443359, 172.3152771, 172.826126099, 173.336959839, 173.847793579, 174.358642578, 174.869476318, 175.36869812, 175.879547119, 176.390380859, 176.88961792, 177.40045166, 177.9112854, 178.422134399, 178.93296814, 179.44380188, 179.954650879, 180.465484619, 180.976318359, 181.47555542, 181.98638916, 182.485626221, 182.996459961, 183.507293701, 184.0181427, 184.52897644, 185.039810181, 185.55065918, 186.049880981, 186.549118042, 187.059951782, 187.570785522, 188.081634521, 188.592468262, 189.103302002, 189.614151001, 190.124984741, 190.635818481, 191.14666748, 191.645889282, 192.145126343, 192.655960083, 193.166793823, 193.677642822, 194.188476562, 194.699310303, 195.210159302, 195.720993042, 196.231826782, 196.731063843, 197.230285645, 197.741134644, 198.251968384, 198.762802124, 199.273651123, 199.784484863, 200.295318604, 200.806167603, 201.317001343, 201.816238403, 202.315460205, 202.826293945, 203.337142944, 203.847976685, 204.358810425, 204.869659424, 205.380493164, 205.891326904, 206.402175903, 206.913009644, 207.412246704, 207.911468506, 208.422302246, 208.933151245, 209.443984985, 209.954818726, 210.465667725, 210.976501465, 211.487350464, 211.986572266, 212.485794067, 212.996643066, 213.507476807, 214.018310547, 214.529159546, 215.039993286, 215.550842285, 216.061676025, 216.560897827, 217.060134888, 217.570968628, 218.081817627, 218.592651367, 219.103485107, 219.614334106, 220.125167847, 220.636001587, 221.135238647, 221.646072388, 222.145309448, 222.656143188, 223.166976929, 223.677825928, 224.188659668, 224.699493408, 225.210342407, 225.721176147, 226.232009888, 226.731246948, 227.242080688, 227.741317749, 228.252151489, 228.762985229, 229.273834229, 229.784667969, 230.295501709, 230.806350708, 231.30557251, 231.80480957, 232.315643311, 232.826477051, 233.33732605, 233.84815979, 234.35899353, 234.869842529, 235.38067627, 235.89151001, 236.39074707, 236.889968872, 237.400817871, 237.911651611, 238.422485352, 238.933334351, 239.444168091, 239.955001831, 240.454238892, 240.965072632, 241.464309692, 241.975143433, 242.485977173, 242.996826172, 243.507659912, 244.018493652, 244.529342651, 245.040176392, 245.551010132, 246.050247192, 246.549468994, 247.060317993, 247.571151733, 248.081985474, 248.592834473, 249.103668213, 249.614501953, 250.125350952, 250.636184692, 251.147018433, 251.657867432, 252.168701172, 252.667938232, 253.167160034, 253.677993774, 254.188842773, 254.699676514, 255.210510254, 255.721359253, 256.220581055, 256.719818115, 257.230651855, 257.741485596, 258.252319336, 258.763183594, 259.274017334, 259.784851074, 260.295684814, 260.794921875, 261.294158936, 261.804992676, 262.315826416, 262.826660156, 263.337493896, 263.848327637, 264.359191895, 264.870025635, 265.380859375, 265.891693115, 266.402526855, 266.913360596, 267.424224854, 267.935058594],
    "bpm_histogram": [0, 0, 0, 0, 0, 0, 0, 0, 0, 0, 0, 0, 0, 0, 0, 0, 0, 0, 0, 0, 0, 0, 0, 0, 0, 0, 0, 0, 0, 0, 0, 0, 0, 0, 0, 0, 0, 0, 0, 0, 0, 0, 0, 0, 0, 0, 0, 0, 0, 0, 0, 0, 0, 0, 0, 0, 0, 0, 0, 0, 0, 0, 0, 0, 0, 0, 0, 0, 0, 0, 0, 0, 0, 0, 0, 0, 0, 0, 0, 0, 0, 0, 0, 0, 0, 0, 0, 0, 0, 0, 0, 0, 0, 0, 0, 0, 0, 0, 0, 0, 0, 0, 0, 0, 0, 0, 0, 0, 0, 0, 0, 0, 0, 0, 0, 0, 0, 0.794676780701, 0, 0, 0.203422054648, 0, 0, 0.00190114066936, 0, 0, 0, 0, 0, 0, 0, 0, 0, 0, 0, 0, 0, 0, 0, 0, 0, 0, 0, 0, 0, 0, 0, 0, 0, 0, 0, 0, 0, 0, 0, 0, 0, 0, 0, 0, 0, 0, 0, 0, 0, 0, 0, 0, 0, 0, 0, 0, 0, 0, 0, 0, 0, 0, 0, 0, 0, 0, 0, 0, 0, 0, 0, 0, 0, 0, 0, 0, 0, 0, 0, 0, 0, 0, 0, 0, 0, 0, 0, 0, 0, 0, 0, 0, 0, 0, 0, 0, 0, 0, 0, 0, 0, 0, 0, 0, 0, 0, 0, 0, 0, 0, 0, 0, 0, 0, 0, 0, 0, 0, 0, 0, 0, 0, 0, 0, 0, 0, 0, 0, 0, 0, 0, 0, 0, 0]
},
"tonal": {
    "chords_changes_rate": 0.0556804426014,
    "chords_number_rate": 0.00190212693997,
    "chords_strength": {
        "mean": 0.52849572897,
        "stdev": 0.103036858141
    },
    "hpcp_crest": {
        "mean": 14.3249015808,
        "stdev": 6.5756855011
    },
    "hpcp_entropy": {
        "mean": 1.85307168961,
        "stdev": 0.681882858276
    },
    "key_edma": {
        "strength": 0.704896330833,
        "key": "B",
        "scale": "minor"
    },
    "key_krumhansl": {
        "strength": 0.723242640495,
        "key": "B",
        "scale": "minor"
    },
    "key_temperley": {
        "strength": 0.725278258324,
        "key": "B",
        "scale": "minor"
    },
    "tuning_diatonic_strength": 0.573012471199,
    "tuning_equal_tempered_deviation": 0.246550217271,
    "tuning_frequency": 434.193115234,
    "tuning_nontempered_energy_ratio": 0.949239850044,
    "hpcp": {
        "mean": [0.147241309285, 0.159323066473, 0.0786711424589, 0.0586322210729, 0.0647115856409, 0.0711416527629, 0.177364617586, 0.252918154001, 0.160710588098, 0.0866507068276, 0.064634680748, 0.0477957241237, 0.100311867893, 0.137897387147, 0.0974141135812, 0.1752602458, 0.234300211072, 0.122864052653, 0.0465187206864, 0.0341364219785, 0.0417640805244, 0.127445474267, 0.173178941011, 0.104898452759, 0.0720398947597, 0.0754914358258, 0.102966696024, 0.216687515378, 0.232998982072, 0.1359847188, 0.176239937544, 0.178612798452, 0.0826083943248, 0.0615201219916, 0.064011387527, 0.0704267472029],
        "stdev": [0.258467018604, 0.262914925814, 0.16739076376, 0.158460244536, 0.170133158565, 0.168996468186, 0.258846193552, 0.345908552408, 0.257073640823, 0.209992066026, 0.183259218931, 0.136364802718, 0.21443104744, 0.277462035418, 0.199857026339, 0.253735393286, 0.32644546032, 0.212364122272, 0.138486176729, 0.117833808064, 0.127350464463, 0.227228164673, 0.292249619961, 0.193078875542, 0.171036690474, 0.177905589342, 0.193765297532, 0.309335827827, 0.310112416744, 0.214983463287, 0.303730666637, 0.325924366713, 0.186856850982, 0.16304063797, 0.167872175574, 0.166414767504]
    },
    "chords_histogram": [35.9674911499, 17.5341510773, 9.59709453583, 4.34030771255, 0.864603161812, 1.2623206377, 0, 0.726266622543, 0.0864603146911, 1.93671107292, 0.432301580906, 2.02317142487, 0.155628561974, 0, 0.121044442058, 0, 0.951063454151, 0, 1.50440943241, 0, 0.345841258764, 4.87636184692, 3.52758073807, 13.7471904755],
    "thpcp": [1, 0.635425269604, 0.342603743076, 0.255555719137, 0.1889770329, 0.396617889404, 0.545225322247, 0.385160624981, 0.692952394485, 0.926387488842, 0.48578581214, 0.183927968144, 0.134970232844, 0.165128841996, 0.503900051117, 0.684723258018, 0.414752572775, 0.284834802151, 0.298481673002, 0.407114684582, 0.856749534607, 0.921242594719, 0.537662923336, 0.69682598114, 0.706207871437, 0.326621055603, 0.243241220713, 0.253091305494, 0.278456658125, 0.582169771194, 0.629939198494, 0.311053752899, 0.231822907925, 0.255859792233, 0.281283289194, 0.701272785664],
    "chords_key": "B",
    "chords_scale": "minor"
}
}