{
"metadata": {
    "version": {
        "essentia": "2.1-dev",
        "essentia_git_sha": "v2.1_beta3-415-gd5473f3",
        "extractor": "music 2.0"
    },
    "audio_properties": {
        "analysis": {
            "equal_loudness": 0,
            "length": 229.69468689,
            "sample_rate": 44100,
            "start_time": 0,
            "downmix": "mix"
        },
        "bit_rate": 192000,
        "length": 229.69468689,
        "lossless": 0,
        "number_channels": 2,
        "replay_gain": -7.71633529663,
        "sample_rate": 44100,
        "codec": "mp3",
        "md5_encoded": "8389a6a67535ccc2bcc1255154e5740c"
    },
    "tags": {
        "file_name": "efecto_mariposa-sola.mp3",
        "album": ["Boom 2001. Cd 2"],
        "artist": ["Boom 2001"],
        "genre": ["Other"],
        "title": ["Efecto mariposa - Sola"]
    }
},
"lowlevel": {
    "average_loudness": 0.964494347572,
    "barkbands_crest": {
        "mean": 10.6976423264,
        "stdev": 3.94103813171
    },
    "barkbands_flatness_db": {
        "mean": 0.142583757639,
        "stdev": 0.067012168467
    },
    "barkbands_kurtosis": {
        "mean": 10.0878019333,
        "stdev": 17.8538970947
    },
    "barkbands_skewness": {
        "mean": 2.34638905525,
        "stdev": 1.5443624258
    },
    "barkbands_spread": {
        "mean": 23.1995296478,
        "stdev": 16.1661682129
    },
    "dissonance": {
        "mean": 0.45394423604,
        "stdev": 0.0320884250104
    },
    "dynamic_complexity": 2.38213586807,
    "erbbands_crest": {
        "mean": 9.1510887146,
        "stdev": 4.22080993652
    },
    "erbbands_flatness_db": {
        "mean": 0.123057313263,
        "stdev": 0.0484051629901
    },
    "erbbands_kurtosis": {
        "mean": 1.0259026289,
        "stdev": 4.3473405838
    },
    "erbbands_skewness": {
        "mean": 0.624014139175,
        "stdev": 0.894571244717
    },
    "erbbands_spread": {
        "mean": 50.0776138306,
        "stdev": 24.7133750916
    },
    "hfc": {
        "mean": 28.7002849579,
        "stdev": 26.0112323761
    },
    "loudness_ebu128": {
        "integrated": -14.462182045,
        "loudness_range": 4.35944652557,
        "momentary": {
            "mean": -15.2194871902,
            "stdev": 4.38569879532
        },
        "short_term": {
            "mean": -14.8256101608,
            "stdev": 2.03918886185
        }
    },
    "melbands_crest": {
        "mean": 14.7547073364,
        "stdev": 4.73580265045
    },
    "melbands_flatness_db": {
        "mean": 0.225824698806,
        "stdev": 0.0814086198807
    },
    "melbands_kurtosis": {
        "mean": 28.7086372375,
        "stdev": 40.3796691895
    },
    "melbands_skewness": {
        "mean": 3.67825269699,
        "stdev": 2.08082413673
    },
    "melbands_spread": {
        "mean": 17.9165458679,
        "stdev": 15.1744298935
    },
    "pitch_salience": {
        "mean": 0.514432549477,
        "stdev": 0.108990170062
    },
    "silence_rate_20dB": {
        "mean": 1,
        "stdev": 0
    },
    "silence_rate_30dB": {
        "mean": 0.957853257656,
        "stdev": 0.200917094946
    },
    "silence_rate_60dB": {
        "mean": 0.0203153435141,
        "stdev": 0.141074120998
    },
    "spectral_centroid": {
        "mean": 1082.6361084,
        "stdev": 656.688659668
    },
    "spectral_complexity": {
        "mean": 17.2356987,
        "stdev": 8.59692955017
    },
    "spectral_decrease": {
        "mean": -1.05772599568e-08,
        "stdev": 8.03881050615e-09
    },
    "spectral_energy": {
        "mean": 0.0425242595375,
        "stdev": 0.0313665904105
    },
    "spectral_energyband_high": {
        "mean": 0.00163655693177,
        "stdev": 0.00237227045
    },
    "spectral_energyband_low": {
        "mean": 0.0209993440658,
        "stdev": 0.024098739028
    },
    "spectral_energyband_middle_high": {
        "mean": 0.00519198412076,
        "stdev": 0.0058212201111
    },
    "spectral_energyband_middle_low": {
        "mean": 0.0161027871072,
        "stdev": 0.0139826815575
    },
    "spectral_entropy": {
        "mean": 7.53078746796,
        "stdev": 0.548190176487
    },
    "spectral_flux": {
        "mean": 0.0981562361121,
        "stdev": 0.0631050467491
    },
    "spectral_kurtosis": {
        "mean": 4.46528053284,
        "stdev": 7.7681312561
    },
    "spectral_rms": {
        "mean": 0.00606917217374,
        "stdev": 0.00215692142956
    },
    "spectral_rolloff": {
        "mean": 1187.97375488,
        "stdev": 1619.23596191
    },
    "spectral_skewness": {
        "mean": 1.7160538435,
        "stdev": 0.725702643394
    },
    "spectral_spread": {
        "mean": 6664292.5,
        "stdev": 2215491.75
    },
    "spectral_strongpeak": {
        "mean": 0.720538198948,
        "stdev": 0.910833656788
    },
    "zerocrossingrate": {
        "mean": 0.0643166229129,
        "stdev": 0.0411571189761
    },
    "barkbands": {
        "mean": [0.000672090391163, 0.0123899802566, 0.00661989254877, 0.00272461422719, 0.00665594404563, 0.00289496500045, 0.00111905147787, 0.000819490116555, 0.00173142261337, 0.00108549906872, 0.00047299452126, 0.000485027878312, 0.00046214190661, 0.000544407521375, 0.000768175174017, 0.000580302497838, 0.000248179247137, 0.000274026213447, 0.000226913063671, 0.000298391940305, 0.000231408994296, 0.00014165227185, 0.000229950266657, 0.000331216637278, 0.000312354095513, 0.000188435384189, 1.57391186804e-05],
        "stdev": [0.00205489597283, 0.0176715701818, 0.00824816990644, 0.00451209163293, 0.00848284550011, 0.00418302463368, 0.0015120751923, 0.00176837237086, 0.00296324444935, 0.00214793044142, 0.00100989732891, 0.00113894499373, 0.000962083635386, 0.00123751279898, 0.00166716310196, 0.00117400032468, 0.000420421420131, 0.000478380097775, 0.000340123078786, 0.000536467239726, 0.000351070397301, 0.000335869699484, 0.000573298311792, 0.000801608082838, 0.000460562732769, 0.000365730054909, 4.46259364253e-05]
    },
    "erbbands": {
        "mean": [0.314591288567, 2.91445326805, 7.62627840042, 8.81036281586, 14.489859581, 24.5336647034, 26.4374694824, 21.6704750061, 16.0051441193, 15.3092842102, 24.6382694244, 42.761013031, 28.9291706085, 30.1844844818, 20.6256732941, 19.7432479858, 23.5232124329, 19.6417255402, 43.6003684998, 37.6518135071, 27.6972160339, 13.9051275253, 12.9697113037, 15.8544473648, 9.85004901886, 14.5214195251, 14.1062068939, 5.75276422501, 4.99795246124, 5.41570949554, 6.92120790482, 6.9181842804, 5.51428604126, 3.90572619438, 1.94573318958, 0.865056037903, 0.343601316214, 0.0657755732536, 0.00149978662375, 9.4613264082e-05],
        "stdev": [0.633750855923, 3.75165700912, 8.93673419952, 11.2642841339, 23.8411312103, 32.4964866638, 39.8196792603, 31.9376602173, 22.2840499878, 24.0884437561, 45.457698822, 75.4185714722, 56.0683174133, 54.5009040833, 34.8519821167, 42.8374443054, 47.5244026184, 38.1166152954, 99.8298110962, 68.9634628296, 53.9200897217, 22.6724262238, 20.7793121338, 25.8380870819, 13.451830864, 25.733625412, 23.1064720154, 8.68011474609, 13.5781230927, 12.0575895309, 18.1461429596, 18.7845802307, 11.8405504227, 6.15863466263, 3.00800061226, 1.46337521076, 0.783199310303, 0.151288166642, 0.00340574374422, 0.000106458610389]
    },
    "gfcc": {
        "mean": [27.7937679291, 78.0623245239, -79.0966262817, 30.0343360901, -53.3792572021, 21.3415756226, -45.9435005188, 16.2912425995, -28.6588153839, 7.24691009521, -20.4330444336, -0.153541073203, -8.04755592346],
        "cov": [[9465.75488281, -1029.71984863, -480.65057373, 499.762573242, 98.5323867798, 146.021820068, -238.817138672, 228.459594727, -513.650756836, 9.39944839478, -248.144042969, 60.1278762817, -35.1208457947], [-1029.71984863, 940.208618164, 16.0133266449, -112.332572937, 113.70854187, -21.6347942352, 111.230628967, -14.3227615356, 115.045661926, -0.886273562908, 103.921318054, -70.5364685059, 54.6792945862], [-480.65057373, 16.0133266449, 1017.87304688, 349.582061768, -11.7034358978, 60.677696228, 10.2401628494, 9.77716636658, 76.4701080322, -21.3801727295, 5.04460716248, 102.487884521, -84.1057815552], [499.762573242, -112.332572937, 349.582061768, 542.100158691, 57.9367752075, 61.6937484741, 3.54455685616, 35.643081665, -6.82410764694, -28.8164825439, 9.26557826996, 48.635887146, -19.9314918518], [98.5323867798, 113.70854187, -11.7034358978, 57.9367752075, 257.979217529, 48.4221763611, 62.7842597961, 33.6986656189, -13.2392158508, 24.5820960999, 15.2259254456, -7.12626647949, 28.3011779785], [146.021820068, -21.6347942352, 60.677696228, 61.6937484741, 48.4221763611, 163.519760132, 58.4156646729, -3.64493703842, 8.55835056305, 8.8579120636, 7.59348869324, 1.35082066059, -8.31835174561], [-238.817138672, 111.230628967, 10.2401628494, 3.54455685616, 62.7842597961, 58.4156646729, 161.468109131, 21.9995822906, 30.5602264404, 18.9189910889, 10.7955827713, -13.4546947479, -2.32722353935], [228.459594727, -14.3227615356, 9.77716636658, 35.643081665, 33.6986656189, -3.64493703842, 21.9995822906, 154.492431641, 10.859711647, 4.1813993454, -3.08502006531, -20.3933029175, 24.6646537781], [-513.650756836, 115.045661926, 76.4701080322, -6.82410764694, -13.2392158508, 8.55835056305, 30.5602264404, 10.859711647, 152.846603394, 19.6828098297, 12.8050708771, 6.13534164429, -20.139503479], [9.39944839478, -0.886273562908, -21.3801727295, -28.8164825439, 24.5820960999, 8.8579120636, 18.9189910889, 4.1813993454, 19.6828098297, 86.131729126, 24.0724887848, -0.948379516602, -0.69062513113], [-248.144042969, 103.921318054, 5.04460716248, 9.26557826996, 15.2259254456, 7.59348869324, 10.7955827713, -3.08502006531, 12.8050708771, 24.0724887848, 95.8302764893, 11.6611642838, 12.4702577591], [60.1278762817, -70.5364685059, 102.487884521, 48.635887146, -7.12626647949, 1.35082066059, -13.4546947479, -20.3933029175, 6.13534164429, -0.948379516602, 11.6611642838, 96.3967208862, -1.54215204716], [-35.1208457947, 54.6792945862, -84.1057815552, -19.9314918518, 28.3011779785, -8.31835174561, -2.32722353935, 24.6646537781, -20.139503479, -0.69062513113, 12.4702577591, -1.54215204716, 88.0760574341]],
        "icov": [[0.000208411176573, -9.45828505792e-05, 0.000234256876865, -0.000258960266365, 4.69766237075e-05, -0.000367207918316, 0.000389049149817, -0.000511063670274, 0.000710098072886, -0.000427126535214, 0.000625654414762, -0.000480331567815, 0.000472568470286], [-9.45828505792e-05, 0.00217657792382, -0.000566285045352, 0.000634234165773, -0.00100862188265, 0.0011584936874, -0.00130305904895, 0.00129968801048, -0.00195630732924, 0.00168080453295, -0.00259688054211, 0.0023628002964, -0.00177618977614], [0.000234256876865, -0.000566285045352, 0.00190767087042, -0.0012132396223, 0.000379782635719, -0.000842381676193, 0.000666282430757, -0.00105167203583, 0.000550940749235, -0.000552744430024, 0.00120839593001, -0.00222064368427, 0.00201428611763], [-0.000258960266365, 0.000634234165773, -0.0012132396223, 0.00312712532468, -0.000887667934876, -1.84357559192e-05, -0.000392718531657, 0.000192358085769, -0.00080265320139, 0.00177762389649, -0.00172311870847, 0.000524980889168, -0.000645082211122], [4.69766237075e-05, -0.00100862188265, 0.000379782635719, -0.000887667934876, 0.0053933612071, -0.00131542852614, -0.000935243500862, -0.00112645095214, 0.00163096678443, -0.00205276417546, 0.00108423933852, -0.000939288001973, -0.000572957156692], [-0.000367207918316, 0.0011584936874, -0.000842381676193, -1.84357559192e-05, -0.00131542852614, 0.00874609407037, -0.00370620936155, 0.00226201536134, -0.00190623267554, 0.00110156752635, -0.00227414187975, 0.00211077090353, -0.00122519303113], [0.000389049149817, -0.00130305904895, 0.000666282430757, -0.000392718531657, -0.000935243500862, -0.00370620936155, 0.00956101343036, -0.00235990714282, 0.000762616225984, -0.00208324519917, 0.00198492454365, -0.00116180907935, 0.00223212130368], [-0.000511063670274, 0.00129968801048, -0.00105167203583, 0.000192358085769, -0.00112645095214, 0.00226201536134, -0.00235990714282, 0.00944668985903, -0.00335911102593, 0.00134211778641, -0.00194278906565, 0.0042348569259, -0.00451194169], [0.000710098072886, -0.00195630732924, 0.000550940749235, -0.00080265320139, 0.00163096678443, -0.00190623267554, 0.000762616225984, -0.00335911102593, 0.0113702528179, -0.00396761856973, 0.00307716126554, -0.00358037487604, 0.0041693020612], [-0.000427126535214, 0.00168080453295, -0.000552744430024, 0.00177762389649, -0.00205276417546, 0.00110156752635, -0.00208324519917, 0.00134211778641, -0.00396761856973, 0.0156227890402, -0.00609374139458, 0.00214221770875, -0.000891036179382], [0.000625654414762, -0.00259688054211, 0.00120839593001, -0.00172311870847, 0.00108423933852, -0.00227414187975, 0.00198492454365, -0.00194278906565, 0.00307716126554, -0.00609374139458, 0.0162969958037, -0.00494031095877, 0.000920915976167], [-0.000480331567815, 0.0023628002964, -0.00222064368427, 0.000524980889168, -0.000939288001973, 0.00211077090353, -0.00116180907935, 0.0042348569259, -0.00358037487604, 0.00214221770875, -0.00494031095877, 0.015912566334, -0.00419939495623], [0.000472568470286, -0.00177618977614, 0.00201428611763, -0.000645082211122, -0.000572957156692, -0.00122519303113, 0.00223212130368, -0.00451194169, 0.0041693020612, -0.000891036179382, 0.000920915976167, -0.00419939495623, 0.0165557991713]]
    },
    "melbands": {
        "mean": [0.00318249501288, 0.00409282743931, 0.00168440653943, 0.00146134570241, 0.000974874245003, 0.000493478088174, 0.000236593288719, 0.000162032025401, 0.000232836348005, 0.000247368589044, 0.000144358666148, 0.000132406421471, 7.4283198046e-05, 5.37569612789e-05, 5.95529490965e-05, 3.74484625354e-05, 3.64477236872e-05, 7.33446868253e-05, 4.8210258683e-05, 4.74377702631e-05, 2.89453510049e-05, 1.40175725392e-05, 1.11044610094e-05, 1.42379358294e-05, 1.28487845359e-05, 7.84375970397e-06, 6.81074470776e-06, 1.02200365291e-05, 1.06735551526e-05, 4.63622745883e-06, 2.86304907604e-06, 2.75718934972e-06, 2.77862272924e-06, 3.08656717607e-06, 3.79152879759e-06, 4.35570927948e-06, 4.18372655986e-06, 3.71354963136e-06, 3.86537294617e-06, 3.13563054988e-06],
        "stdev": [0.00516465492547, 0.00443630712107, 0.00212277146056, 0.00203986745328, 0.00129053706769, 0.000711914151907, 0.00032253342215, 0.000259236927377, 0.000389414402889, 0.000438565562945, 0.000296601676382, 0.000248281547101, 0.000143082026625, 0.0001390070247, 0.000120939723274, 7.24204292055e-05, 8.15704406705e-05, 0.000172298008692, 9.76175797405e-05, 0.000102230711491, 6.06320318184e-05, 2.4834083888e-05, 2.0280973331e-05, 2.57766350842e-05, 2.25292624236e-05, 1.12754350994e-05, 1.08947633635e-05, 1.90562077478e-05, 1.94559397642e-05, 7.44189765101e-06, 5.08708626512e-06, 8.01763235359e-06, 6.52069093121e-06, 7.21792184777e-06, 1.03477959783e-05, 1.16242517834e-05, 1.16893224913e-05, 8.59772990225e-06, 6.96583310855e-06, 4.90737102155e-06]
    },
    "melbands128": {
        "mean": [0.000574271834921, 0.00222837366164, 0.00428298581392, 0.00501615414396, 0.00428573274985, 0.00305179529823, 0.00174902100116, 0.0013317464618, 0.00138482067268, 0.00163381837774, 0.00151990249287, 0.00105208472814, 0.000898254802451, 0.000862382585183, 0.000539068656508, 0.000280172651401, 0.00022195726342, 0.000266066868789, 0.000159960647579, 0.00018902507145, 0.00010545947589, 0.000201932445634, 0.000180057904799, 0.000304871617118, 0.000411340821302, 0.00011854810873, 0.000146253529238, 0.000103871461761, 0.00020160152053, 0.000187377416296, 7.61732007959e-05, 7.79286710895e-05, 0.000110521876195, 2.53088383033e-05, 7.08998850314e-05, 5.69584080949e-05, 3.86013671232e-05, 4.97877481394e-05, 9.6108931757e-05, 4.61272065877e-05, 1.01642854133e-05, 4.21299591835e-05, 2.61282002612e-05, 2.73208861472e-05, 8.75481273397e-05, 7.91268830653e-05, 7.41499097785e-05, 3.02438329527e-05, 4.32976048614e-05, 6.88063009875e-05, 4.52185704489e-05, 2.75045003946e-05, 4.06663675676e-05, 2.55647355516e-05, 1.36635153467e-05, 1.36527623908e-05, 1.10856281026e-05, 1.5805269868e-05, 8.88322392711e-06, 6.80588254909e-06, 1.64679258887e-05, 1.83916072274e-05, 1.26735058075e-05, 1.18641846711e-05, 1.29272493723e-05, 5.74890191274e-06, 7.07777462594e-06, 5.63172534385e-06, 5.38638641956e-06, 1.04344990177e-05, 9.80345703283e-06, 1.02956264527e-05, 1.25397218653e-05, 1.14380209197e-05, 7.85645715951e-06, 4.43278349849e-06, 3.58118427357e-06, 3.01869067698e-06, 2.71003955277e-06, 2.81630605059e-06, 2.59146281678e-06, 2.85336705019e-06, 2.87613693217e-06, 2.66902520707e-06, 2.75832212537e-06, 3.03420256387e-06, 3.18564275403e-06, 3.25540304402e-06, 3.65661048818e-06, 4.31485523222e-06, 4.49790786661e-06, 4.16590000896e-06, 4.45193609266e-06, 4.43921635451e-06, 3.89908609577e-06, 3.48139178641e-06, 3.64536572306e-06, 4.05405126003e-06, 4.034272024e-06, 3.76542539016e-06, 3.32898321176e-06, 2.95608538181e-06, 3.02361490867e-06, 2.56787893704e-06, 2.07707103073e-06, 1.92256015907e-06, 1.70898556462e-06, 1.51698907302e-06, 1.49225036239e-06, 1.39548865263e-06, 1.27592716126e-06, 1.22754863696e-06, 1.08994026959e-06, 9.70179371507e-07, 8.77476054484e-07, 6.57816883631e-07, 6.1683988406e-07, 5.01192722879e-08, 7.93721945808e-12, 6.33755201096e-12, 6.09030490969e-12, 5.90896992794e-12, 5.74877602119e-12, 5.62504817031e-12, 5.52738410597e-12, 5.45793792106e-12, 5.40811839755e-12, 5.36581109406e-12],
        "stdev": [0.0017584215384, 0.00557770393789, 0.00718906056136, 0.00644276244566, 0.00520978309214, 0.00379567034543, 0.00245021027513, 0.00234286743216, 0.00284782680683, 0.00299811200239, 0.00245728390291, 0.00170326419175, 0.00180369499139, 0.00146583188325, 0.000930505164433, 0.000646713655442, 0.000456117442809, 0.000448149716249, 0.000304587883875, 0.000408946274547, 0.000303109933157, 0.000506750599016, 0.00050748459762, 0.000677807081956, 0.000863209541421, 0.000380966259399, 0.000487940822495, 0.000325050088577, 0.000569369934965, 0.000428567698691, 0.000231665049796, 0.000205325195566, 0.000248918833677, 7.99162153271e-05, 0.00022674293723, 0.000196081702597, 0.00014582251606, 0.00017099379329, 0.000240815294092, 0.000124555677758, 4.5008790039e-05, 9.86824888969e-05, 0.000100538207334, 0.000118602350994, 0.000266080867732, 0.000252761266893, 0.000259213615209, 0.000132515386213, 0.000135511741973, 0.000173607157194, 0.000173487947905, 0.000103767117253, 0.000132875182317, 5.82479806326e-05, 3.30255134031e-05, 3.49355177605e-05, 3.49463043676e-05, 3.74064511561e-05, 1.98250672838e-05, 2.24975337915e-05, 3.84853337891e-05, 4.66493729618e-05, 4.22320299549e-05, 2.68400035566e-05, 2.6159119443e-05, 1.20662098197e-05, 1.39483909152e-05, 1.10256960397e-05, 1.26625118355e-05, 2.66231672867e-05, 2.48341948463e-05, 2.68905932899e-05, 3.20459148497e-05, 2.76508089883e-05, 1.85852768482e-05, 9.64340506471e-06, 7.61493083701e-06, 5.64716219742e-06, 5.28805639988e-06, 6.37185621599e-06, 7.12587916496e-06, 1.23411000459e-05, 9.35345724429e-06, 6.16679562881e-06, 6.73540444041e-06, 7.84794247011e-06, 8.08070217317e-06, 8.49087155075e-06, 1.19747146528e-05, 1.25377828226e-05, 1.21191442304e-05, 1.20351960504e-05, 1.35661548484e-05, 1.38000877996e-05, 1.06481857074e-05, 9.33372848522e-06, 8.99585666048e-06, 9.07015873963e-06, 8.04674436949e-06, 6.45372574581e-06, 5.61753131478e-06, 5.28172904524e-06, 5.00218720845e-06, 4.33553395851e-06, 3.71498003915e-06, 4.38505503553e-06, 3.17444619213e-06, 2.62052799371e-06, 2.77331218967e-06, 2.82187579614e-06, 3.15928605232e-06, 3.23866674989e-06, 3.04354625769e-06, 2.37362633015e-06, 2.13350335798e-06, 1.590570605e-06, 1.76457820089e-06, 1.3122983944e-07, 1.5147312224e-11, 9.8398103901e-12, 9.47397195417e-12, 9.19546990635e-12, 8.96671625839e-12, 8.78189448245e-12, 8.63002811574e-12, 8.51329163415e-12, 8.4292451491e-12, 8.37685650013e-12]
    },
    "mfcc": {
        "mean": [-628.298156738, 115.950500488, 29.6440868378, 18.03698349, 18.4224815369, 2.27359366417, 4.82509851456, -1.20378398895, 3.79539728165, 5.19735002518, -6.09418725967, -0.900445878506, -2.29359006882],
        "cov": [[7115.13818359, -997.490844727, -608.470397949, 225.405914307, 220.379074097, -82.8994445801, 266.916809082, -18.744436264, -20.3095932007, -7.82750606537, -178.562698364, -135.101089478, -197.990463257], [-997.490844727, 951.057922363, -47.6940002441, -84.5465011597, 1.2729691267, -2.50892806053, 41.3413543701, -31.759223938, 43.3316459656, 39.0633773804, 40.4881210327, 49.2395744324, 43.3535118103], [-608.470397949, -47.6940002441, 893.57232666, 245.232894897, 96.6943130493, 102.805717468, -78.4309005737, 125.593360901, -15.3734807968, -64.2975158691, 62.7995223999, 67.41456604, 23.1778430939], [225.405914307, -84.5465011597, 245.232894897, 400.727996826, 144.055450439, 40.1187438965, 44.3391494751, 76.4305114746, 18.6464862823, -31.585111618, 8.43883514404, 35.3119659424, 7.01812839508], [220.379074097, 1.2729691267, 96.6943130493, 144.055450439, 216.868011475, 16.1985816956, 51.804145813, 33.4729270935, 17.5963172913, -1.74396824837, -13.7161016464, 27.5953807831, 2.04479503632], [-82.8994445801, -2.50892806053, 102.805717468, 40.1187438965, 16.1985816956, 231.275222778, 11.7135238647, 45.5514831543, -8.60885906219, -10.446762085, 50.9977874756, -4.65526199341, 15.3540668488], [266.916809082, 41.3413543701, -78.4309005737, 44.3391494751, 51.804145813, 11.7135238647, 197.858703613, 7.05213117599, 20.3950939178, 35.7604560852, -21.316822052, -1.80437147617, -12.9744749069], [-18.744436264, -31.759223938, 125.593360901, 76.4305114746, 33.4729270935, 45.5514831543, 7.05213117599, 128.506027222, 27.7421092987, -1.11920237541, 17.8737354279, 4.83551168442, 16.0125522614], [-20.3095932007, 43.3316459656, -15.3734807968, 18.6464862823, 17.5963172913, -8.60885906219, 20.3950939178, 27.7421092987, 108.777252197, 41.6794090271, 3.03070735931, 1.5139759779, -0.479671955109], [-7.82750606537, 39.0633773804, -64.2975158691, -31.585111618, -1.74396824837, -10.446762085, 35.7604560852, -1.11920237541, 41.6794090271, 120.604141235, 18.5375747681, -4.25148868561, 1.4995610714], [-178.562698364, 40.4881210327, 62.7995223999, 8.43883514404, -13.7161016464, 50.9977874756, -21.316822052, 17.8737354279, 3.03070735931, 18.5375747681, 97.7932662964, 31.7947311401, 20.2198982239], [-135.101089478, 49.2395744324, 67.41456604, 35.3119659424, 27.5953807831, -4.65526199341, -1.80437147617, 4.83551168442, 1.5139759779, -4.25148868561, 31.7947311401, 96.9335632324, 27.0624465942], [-197.990463257, 43.3535118103, 23.1778430939, 7.01812839508, 2.04479503632, 15.3540668488, -12.9744749069, 16.0125522614, -0.479671955109, 1.4995610714, 20.2198982239, 27.0624465942, 76.9596099854]],
        "icov": [[0.000212188155274, 0.000204666808713, 0.00018290009757, -0.000103627236967, -0.000197204150027, 2.24051291298e-05, -0.000168930986547, -4.47358142992e-05, 6.38967612758e-05, 3.77953256248e-05, 2.90176576527e-05, 5.50570548512e-05, 0.000339233578416], [0.000204666808713, 0.00140132196248, 0.000122258163174, 0.000275111757219, -0.000330397917423, 4.43219396402e-05, -0.000542490743101, 0.000410538923461, -0.000517546664923, 9.4571209047e-05, -0.00041022626101, -0.000319388724165, -0.000286692345981], [0.00018290009757, 0.000122258163174, 0.00189427984878, -0.000839954533149, -0.000406626961194, -0.00034718925599, 0.00072556262603, -0.00122355797794, 0.000501899339724, 0.0003455162514, -0.000347466324456, -0.000720774463844, 0.000705881160684], [-0.000103627236967, 0.000275111757219, -0.000839954533149, 0.00423106784001, -0.00191577442456, 9.57286756602e-05, -0.000873970915563, -0.000860083440784, -0.000673981499858, 0.00109496514779, -0.000493288214784, -0.000372955255443, -0.000255818420555], [-0.000197204150027, -0.000330397917423, -0.000406626961194, -0.00191577442456, 0.00692505203187, -0.00045341605437, -0.00084140576655, -0.000292881624773, -0.000377161690267, -0.000553452409804, 0.0019908992108, -0.00176631670911, -9.20248421608e-05], [2.24051291298e-05, 4.43219396402e-05, -0.00034718925599, 9.57286756602e-05, -0.00045341605437, 0.00573151931167, -0.00104075286072, -0.00117334001698, 0.000614043383393, 0.00103216443677, -0.00356182618998, 0.00207012030296, -0.000742679112591], [-0.000168930986547, -0.000542490743101, 0.00072556262603, -0.000873970915563, -0.00084140576655, -0.00104075286072, 0.00684569682926, -0.000571117852814, 0.00016618554946, -0.00222691893578, 0.00202610390261, -0.000858354324009, 0.00104904570617], [-4.47358142992e-05, 0.000410538923461, -0.00122355797794, -0.000860083440784, -0.000292881624773, -0.00117334001698, -0.000571117852814, 0.0111669423059, -0.00316779385321, 0.000471528008347, -0.000943566497881, 0.0013873843709, -0.00234617246315], [6.38967612758e-05, -0.000517546664923, 0.000501899339724, -0.000673981499858, -0.000377161690267, 0.000614043383393, 0.00016618554946, -0.00316779385321, 0.0120232179761, -0.00403647404164, 0.000583070970606, -0.000302123225993, 0.0010475111194], [3.77953256248e-05, 9.4571209047e-05, 0.0003455162514, 0.00109496514779, -0.000553452409804, 0.00103216443677, -0.00222691893578, 0.000471528008347, -0.00403647404164, 0.0115373441949, -0.00391027098522, 0.00152188935317, -0.000582479638979], [2.90176576527e-05, -0.00041022626101, -0.000347466324456, -0.000493288214784, 0.0019908992108, -0.00356182618998, 0.00202610390261, -0.000943566497881, 0.000583070970606, -0.00391027098522, 0.0160238351673, -0.00524184340611, -0.000635921838693], [5.50570548512e-05, -0.000319388724165, -0.000720774463844, -0.000372955255443, -0.00176631670911, 0.00207012030296, -0.000858354324009, 0.0013873843709, -0.000302123225993, 0.00152188935317, -0.00524184340611, 0.0146236475557, -0.00402345648035], [0.000339233578416, -0.000286692345981, 0.000705881160684, -0.000255818420555, -9.20248421608e-05, -0.000742679112591, 0.00104904570617, -0.00234617246315, 0.0010475111194, -0.000582479638979, -0.000635921838693, -0.00402345648035, 0.0162542127073]]
    },
    "spectral_contrast_coeffs": {
        "mean": [-0.703080117702, -0.732688248158, -0.739297926426, -0.761085271835, -0.785208284855, -0.810445010662],
        "stdev": [0.0657922178507, 0.0684538036585, 0.0731882676482, 0.0617522336543, 0.0493243858218, 0.0299179628491]
    },
    "spectral_contrast_valleys": {
        "mean": [-6.15385913849, -6.73746013641, -7.71920347214, -7.87800455093, -7.82845878601, -9.59079647064],
        "stdev": [1.19959557056, 1.0235465765, 1.07737290859, 1.12353467941, 1.22211301327, 1.23052310944]
    }
},
"rhythm": {
    "beats_count": 366,
    "beats_loudness": {
        "mean": 0.0602633170784,
        "stdev": 0.0343920066953
    },
    "bpm": 95.9329833984,
    "bpm_histogram_first_peak_bpm": 96,
    "bpm_histogram_first_peak_weight": 0.229461789131,
    "bpm_histogram_second_peak_bpm": 91,
    "bpm_histogram_second_peak_spread": 0,
    "bpm_histogram_second_peak_weight": 0.0191780813038,
    "danceability": 1.29396152496,
    "onset_rate": 4.42722463608,
    "beats_loudness_band_ratio": {
        "mean": [0.533973097801, 0.247607707977, 0.105185486376, 0.0602784082294, 0.0471106879413, 0.0598382912576],
        "stdev": [0.211286172271, 0.164466276765, 0.109287045896, 0.0722655579448, 0.0451888255775, 0.0486926361918]
    },
    "beats_position": [0.638548731804, 1.30031740665, 1.95047616959, 2.60063481331, 3.25079369545, 3.88934230804, 4.51628112793, 5.14321994781, 5.7701587677, 6.40870714188, 7.03564596176, 7.66258478165, 8.28952407837, 8.91646194458, 9.54340076447, 10.1587295532, 10.774058342, 11.4009971619, 12.0279359818, 12.6548748016, 13.2818136215, 13.9087524414, 14.5356912613, 15.15102005, 15.7895689011, 16.4165077209, 17.0434455872, 17.6703853607, 18.2973232269, 18.9126529694, 19.5395908356, 20.154920578, 20.7818584442, 21.4087982178, 22.035736084, 22.6626758575, 23.2896137238, 23.9165534973, 24.5434913635, 25.1704311371, 25.7973690033, 26.4126987457, 27.0280265808, 27.6549663544, 28.2819042206, 28.9088420868, 29.5357818604, 30.1627197266, 30.7896595001, 31.4165973663, 32.0435371399, 32.6704750061, 33.2974128723, 33.9243545532, 34.539680481, 35.1666221619, 35.7819480896, 36.4088897705, 37.0242156982, 37.6511573792, 38.2897033691, 38.91664505, 39.5435829163, 40.1589126587, 40.7858505249, 41.4011802673, 42.0281181335, 42.6550559998, 43.281993866, 43.9089317322, 44.5358734131, 45.1628112793, 45.7897491455, 46.4166870117, 47.0436286926, 47.6589546204, 48.2742843628, 48.901222229, 49.5281639099, 50.1551017761, 50.7820396423, 51.4089775085, 52.0359191895, 52.6628570557, 53.2897949219, 53.9167327881, 54.5436706543, 55.1590003967, 55.7743301392, 56.4012680054, 57.0282058716, 57.6551475525, 58.2820854187, 58.9090232849, 59.5359611511, 60.162902832, 60.7898406982, 61.4167785645, 62.0437164307, 62.6590461731, 63.2859840393, 63.9013137817, 64.5282516479, 65.1551895142, 65.7821273804, 66.409072876, 67.0360107422, 67.6629486084, 68.2898864746, 68.9052124023, 69.5321502686, 70.1474838257, 70.7744216919, 71.4013595581, 72.0282974243, 72.6552352905, 73.2821731567, 73.9091110229, 74.5360565186, 75.1629943848, 75.789932251, 76.4052581787, 77.0205917358, 77.6475296021, 78.2744674683, 78.9014053345, 79.5283432007, 80.1552810669, 80.7822189331, 81.4091567993, 82.0360946655, 82.6630401611, 83.2899780273, 83.928527832, 84.5670700073, 85.1824035645, 85.7977294922, 86.4130630493, 87.0400009155, 87.6669387817, 88.2822647095, 88.9092025757, 89.5361404419, 90.1630859375, 90.7900238037, 91.4169616699, 92.0438995361, 92.6708374023, 93.2977752686, 93.9247131348, 94.5400466919, 95.1553726196, 95.7823104858, 96.4092483521, 97.0361862183, 97.6631240845, 98.2900695801, 98.9170074463, 99.532333374, 100.15927124, 100.786209106, 101.413146973, 102.02848053, 102.655418396, 103.282356262, 103.909294128, 104.536231995, 105.163169861, 105.790107727, 106.417053223, 107.043991089, 107.659317017, 108.274642944, 108.90158844, 109.528526306, 110.155464172, 110.782402039, 111.409339905, 112.036277771, 112.663215637, 113.290153503, 113.905487061, 114.532424927, 115.147750854, 115.774688721, 116.401634216, 117.028572083, 117.64389801, 118.270835876, 118.886169434, 119.524711609, 120.163261414, 120.79019928, 121.417137146, 122.044082642, 122.659408569, 123.274734497, 123.901672363, 124.528617859, 125.155555725, 125.782493591, 126.409431458, 127.036369324, 127.66330719, 128.278640747, 128.893966675, 129.520904541, 130.147842407, 130.774780273, 131.40171814, 132.028656006, 132.655593872, 133.282531738, 133.909469604, 134.536407471, 135.163360596, 135.790298462, 136.40562439, 137.032562256, 137.647888184, 138.27482605, 138.901763916, 139.528701782, 140.155639648, 140.782577515, 141.409515381, 142.036453247, 142.651794434, 143.2787323, 143.894058228, 144.520996094, 145.14793396, 145.774871826, 146.401809692, 147.028747559, 147.655685425, 148.282623291, 148.909561157, 149.536499023, 150.15184021, 150.778778076, 151.405715942, 152.02104187, 152.647979736, 153.274917603, 153.901855469, 154.528793335, 155.155731201, 155.782669067, 156.409606934, 157.024932861, 157.640274048, 158.267211914, 158.89414978, 159.521087646, 160.148025513, 160.774963379, 161.401901245, 162.028839111, 162.655776978, 163.282714844, 163.90965271, 164.536590576, 165.163528442, 165.790466309, 166.417419434, 167.0443573, 167.659683228, 168.275009155, 168.901947021, 169.528884888, 170.155822754, 170.78276062, 171.409698486, 172.036636353, 172.663574219, 173.278915405, 173.894241333, 174.521179199, 175.148117065, 175.775054932, 176.401992798, 177.028930664, 177.65586853, 178.282806396, 178.886520386, 179.52507019, 180.152008057, 180.778961182, 181.405899048, 182.032836914, 182.648162842, 183.275100708, 183.902038574, 184.52897644, 185.155914307, 185.782852173, 186.409790039, 187.036727905, 187.663665771, 188.278991699, 188.894332886, 189.521270752, 190.148208618, 190.775146484, 191.402084351, 192.029022217, 192.655960083, 193.282897949, 193.909835815, 194.536773682, 195.163711548, 195.790649414, 196.405975342, 197.032928467, 197.648254395, 198.275192261, 198.902130127, 199.529067993, 200.156005859, 200.782943726, 201.409881592, 202.036819458, 202.663757324, 203.279083252, 203.894424438, 204.521362305, 205.148300171, 205.775238037, 206.402175903, 207.02911377, 207.656051636, 208.282989502, 208.909927368, 209.536865234, 210.163803101, 210.790740967, 211.417678833, 212.044616699, 212.659957886, 213.286895752, 213.90222168, 214.529159546, 215.156097412, 215.783035278, 216.409973145, 217.036911011, 217.652236938, 218.267562866, 218.906112671, 219.544662476, 220.206436157, 220.868209839, 221.495147705, 222.13369751, 222.772247314, 223.364349365, 223.956451416, 224.548568726, 225.140670776, 225.732788086, 226.394546509, 227.05632019, 227.718093872, 228.368255615, 229.030014038],
    "bpm_histogram": [0, 0, 0, 0, 0, 0, 0, 0, 0, 0, 0, 0, 0, 0, 0, 0, 0, 0, 0, 0, 0, 0, 0, 0, 0, 0, 0, 0, 0, 0, 0, 0, 0, 0, 0, 0, 0, 0, 0, 0, 0, 0, 0, 0, 0, 0, 0, 0, 0, 0, 0, 0, 0, 0, 0, 0, 0, 0, 0, 0, 0, 0, 0, 0, 0, 0, 0, 0, 0, 0, 0, 0, 0, 0, 0, 0, 0, 0, 0, 0, 0, 0, 0, 0, 0, 0, 0, 0, 0, 0, 0, 0.0191780813038, 0.0109589044005, 0, 0.0356164388359, 0, 0.745205461979, 0, 0.17260274291, 0.00273972610012, 0, 0.0136986300349, 0, 0, 0, 0, 0, 0, 0, 0, 0, 0, 0, 0, 0, 0, 0, 0, 0, 0, 0, 0, 0, 0, 0, 0, 0, 0, 0, 0, 0, 0, 0, 0, 0, 0, 0, 0, 0, 0, 0, 0, 0, 0, 0, 0, 0, 0, 0, 0, 0, 0, 0, 0, 0, 0, 0, 0, 0, 0, 0, 0, 0, 0, 0, 0, 0, 0, 0, 0, 0, 0, 0, 0, 0, 0, 0, 0, 0, 0, 0, 0, 0, 0, 0, 0, 0, 0, 0, 0, 0, 0, 0, 0, 0, 0, 0, 0, 0, 0, 0, 0, 0, 0, 0, 0, 0, 0, 0, 0, 0, 0, 0, 0, 0, 0, 0, 0, 0, 0, 0, 0, 0, 0, 0, 0, 0, 0, 0, 0, 0, 0, 0, 0, 0, 0, 0, 0, 0, 0, 0, 0, 0, 0, 0, 0, 0, 0, 0, 0]
},
"tonal": {
    "chords_changes_rate": 0.060630556196,
    "chords_number_rate": 0.00222312053666,
    "chords_strength": {
        "mean": 0.51583969593,
        "stdev": 0.0935700759292
    },
    "hpcp_crest": {
        "mean": 14.1083927155,
        "stdev": 6.64421129227
    },
    "hpcp_entropy": {
        "mean": 1.88530385494,
        "stdev": 0.689876914024
    },
    "key_edma": {
        "strength": 0.829319775105,
        "key": "A",
        "scale": "major"
    },
    "key_krumhansl": {
        "strength": 0.835399806499,
        "key": "A",
        "scale": "major"
    },
    "key_temperley": {
        "strength": 0.845774650574,
        "key": "A",
        "scale": "major"
    },
    "tuning_diatonic_strength": 0.699870169163,
    "tuning_equal_tempered_deviation": 0.295139789581,
    "tuning_frequency": 434.193115234,
    "tuning_nontempered_energy_ratio": 0.980747938156,
    "hpcp": {
        "mean": [0.20684851706, 0.258661299944, 0.133415386081, 0.0535422712564, 0.0453121736646, 0.0525266006589, 0.161644473672, 0.278821289539, 0.197370573878, 0.0761752575636, 0.0455008782446, 0.0422396212816, 0.0928859189153, 0.127799287438, 0.0884180441499, 0.118444085121, 0.168345093727, 0.105400882661, 0.0508361645043, 0.0477745458484, 0.0573964715004, 0.19473940134, 0.296559363604, 0.187283113599, 0.0770512670279, 0.0432026833296, 0.0440009646118, 0.101695202291, 0.152951091528, 0.119365371764, 0.0722985863686, 0.0583148673177, 0.0558101013303, 0.0892269685864, 0.109009921551, 0.100442633033],
        "stdev": [0.282432258129, 0.356278449297, 0.226473897696, 0.160683453083, 0.143814325333, 0.150053247809, 0.222049430013, 0.338933616877, 0.304310679436, 0.181922331452, 0.146311327815, 0.138156846166, 0.189976513386, 0.244208052754, 0.185614794493, 0.216377139091, 0.30577647686, 0.229405447841, 0.146285876632, 0.1395496279, 0.148069471121, 0.252645015717, 0.349047958851, 0.283441692591, 0.192026361823, 0.137728437781, 0.130145192146, 0.188456684351, 0.268399983644, 0.239335954189, 0.173632368445, 0.16568544507, 0.158603087068, 0.185201957822, 0.209922507405, 0.20305493474]
    },
    "chords_histogram": [28.8197250366, 5.6992726326, 27.9911079407, 0.40420371294, 3.23362970352, 0, 1.03071951866, 0, 0, 0, 0, 0, 0, 0, 0, 1.41471302509, 0, 4.14308834076, 0, 2.93047690392, 0.222312048078, 8.58932876587, 10.1253032684, 5.39611959457],
    "thpcp": [1, 0.631519794464, 0.259817332029, 0.145679712296, 0.148371517658, 0.342916846275, 0.515752017498, 0.402500778437, 0.243791282177, 0.196638092399, 0.188192009926, 0.300873875618, 0.367582112551, 0.33869317174, 0.697494447231, 0.872207522392, 0.449877500534, 0.180544868112, 0.152792930603, 0.177120015025, 0.545066177845, 0.940187096596, 0.665534794331, 0.256863445044, 0.153429239988, 0.142432257533, 0.313211888075, 0.430939972401, 0.298146188259, 0.399394184351, 0.567660689354, 0.355412423611, 0.171419858932, 0.161096066236, 0.193541258574, 0.656662464142],
    "chords_key": "A",
    "chords_scale": "major"
}
}