{
"metadata": {
    "version": {
        "essentia": "2.1-dev",
        "essentia_git_sha": "v2.1_beta3-415-gd5473f3",
        "extractor": "music 2.0"
    },
    "audio_properties": {
        "analysis": {
            "equal_loudness": 0,
            "length": 261.85144043,
            "sample_rate": 44100,
            "start_time": 0,
            "downmix": "mix"
        },
        "bit_rate": 192000,
        "length": 261.85144043,
        "lossless": 0,
        "number_channels": 2,
        "replay_gain": -11.1630725861,
        "sample_rate": 44100,
        "codec": "mp3",
        "md5_encoded": "40e9cb8efeeb61184ac2cfb834c0da92"
    },
    "tags": {
        "file_name": "elisa-come_speak_to_me.mp3"
    }
},
"lowlevel": {
    "average_loudness": 0.879731297493,
    "barkbands_crest": {
        "mean": 11.9685049057,
        "stdev": 4.83448314667
    },
    "barkbands_flatness_db": {
        "mean": 0.159556150436,
        "stdev": 0.057300940156
    },
    "barkbands_kurtosis": {
        "mean": 6.63901185989,
        "stdev": 19.8115711212
    },
    "barkbands_skewness": {
        "mean": 1.80183291435,
        "stdev": 1.6417324543
    },
    "barkbands_spread": {
        "mean": 23.9333133698,
        "stdev": 14.7935113907
    },
    "dissonance": {
        "mean": 0.462345510721,
        "stdev": 0.0279022511095
    },
    "dynamic_complexity": 3.83977937698,
    "erbbands_crest": {
        "mean": 10.2215833664,
        "stdev": 5.85931539536
    },
    "erbbands_flatness_db": {
        "mean": 0.150259554386,
        "stdev": 0.0474075302482
    },
    "erbbands_kurtosis": {
        "mean": 0.697420060635,
        "stdev": 4.50385189056
    },
    "erbbands_skewness": {
        "mean": 0.390718728304,
        "stdev": 0.949324727058
    },
    "erbbands_spread": {
        "mean": 41.9557952881,
        "stdev": 19.4231357574
    },
    "hfc": {
        "mean": 20.7969169617,
        "stdev": 17.446811676
    },
    "loudness_ebu128": {
        "integrated": -12.1935033798,
        "loudness_range": 5.85578250885,
        "momentary": {
            "mean": -15.4887065887,
            "stdev": 19.7360038757
        },
        "short_term": {
            "mean": -13.5681667328,
            "stdev": 5.68002748489
        }
    },
    "melbands_crest": {
        "mean": 15.8803911209,
        "stdev": 5.62390899658
    },
    "melbands_flatness_db": {
        "mean": 0.211698979139,
        "stdev": 0.0744652226567
    },
    "melbands_kurtosis": {
        "mean": 19.2467384338,
        "stdev": 35.9790649414
    },
    "melbands_skewness": {
        "mean": 3.03204584122,
        "stdev": 2.05930328369
    },
    "melbands_spread": {
        "mean": 23.3357124329,
        "stdev": 18.7128105164
    },
    "pitch_salience": {
        "mean": 0.485368847847,
        "stdev": 0.127241671085
    },
    "silence_rate_20dB": {
        "mean": 1,
        "stdev": 0
    },
    "silence_rate_30dB": {
        "mean": 0.992640554905,
        "stdev": 0.0854693129659
    },
    "silence_rate_60dB": {
        "mean": 0.0728852599859,
        "stdev": 0.25994426012
    },
    "spectral_centroid": {
        "mean": 1520.21118164,
        "stdev": 1014.06781006
    },
    "spectral_complexity": {
        "mean": 17.7290306091,
        "stdev": 9.98325920105
    },
    "spectral_decrease": {
        "mean": -7.68438734866e-09,
        "stdev": 5.74941116938e-09
    },
    "spectral_energy": {
        "mean": 0.030889108777,
        "stdev": 0.0226323157549
    },
    "spectral_energyband_high": {
        "mean": 0.000890728319064,
        "stdev": 0.00116427836474
    },
    "spectral_energyband_low": {
        "mean": 0.014947864227,
        "stdev": 0.0167969334871
    },
    "spectral_energyband_middle_high": {
        "mean": 0.00613134354353,
        "stdev": 0.00776007631794
    },
    "spectral_energyband_middle_low": {
        "mean": 0.0098779136315,
        "stdev": 0.008739836514
    },
    "spectral_entropy": {
        "mean": 7.5727057457,
        "stdev": 0.502710044384
    },
    "spectral_flux": {
        "mean": 0.0855096578598,
        "stdev": 0.0536928288639
    },
    "spectral_kurtosis": {
        "mean": 3.86078882217,
        "stdev": 2.63099598885
    },
    "spectral_rms": {
        "mean": 0.0050628609024,
        "stdev": 0.00212203431875
    },
    "spectral_rolloff": {
        "mean": 1440.00061035,
        "stdev": 1983.48339844
    },
    "spectral_skewness": {
        "mean": 1.42137551308,
        "stdev": 0.452037394047
    },
    "spectral_spread": {
        "mean": 5015308,
        "stdev": 3226174
    },
    "spectral_strongpeak": {
        "mean": 0.855890989304,
        "stdev": 1.32022023201
    },
    "zerocrossingrate": {
        "mean": 0.0591748133302,
        "stdev": 0.0496981628239
    },
    "barkbands": {
        "mean": [0.000238418011577, 0.0112798772752, 0.00273747742176, 0.00128911761567, 0.00183511862997, 0.00274799065664, 0.00142017577309, 0.00127729855012, 0.000840039749164, 0.00176450039726, 0.000706643390004, 0.000550633762032, 0.000368839915609, 0.000502518203575, 0.000476396380691, 0.000487038050778, 0.00043969633407, 0.000366232619854, 0.000458976195659, 0.000455254979897, 0.000179539973033, 0.000144467703649, 0.000114822316391, 9.0790395916e-05, 8.40462889755e-05, 3.31251685566e-05, 1.00901220712e-09],
        "stdev": [0.000440769159468, 0.0142935588956, 0.00528982840478, 0.00234880694188, 0.00257335184142, 0.00418646400794, 0.0025640130043, 0.00295030418783, 0.00229879608378, 0.00490402430296, 0.00252940016799, 0.00173086603172, 0.0010444347281, 0.00149516854435, 0.00107260455843, 0.00109546957538, 0.000970400928054, 0.000688197847921, 0.000681389530655, 0.000788625737187, 0.000276217848295, 0.000254065176705, 0.000176132743945, 0.00016216711083, 0.000284878362436, 8.16178508103e-05, 1.62693303274e-09]
    },
    "erbbands": {
        "mean": [0.31957834959, 2.51734995842, 3.60132527351, 3.93564558029, 4.68547582626, 6.36682462692, 11.2758636475, 27.3510341644, 25.0776233673, 22.5470581055, 22.1795845032, 21.7134418488, 38.7688407898, 50.5639953613, 31.9921913147, 23.8151931763, 17.7178649902, 25.3207092285, 27.4619178772, 25.4229564667, 25.3485794067, 22.0933036804, 19.8801612854, 24.5667724609, 22.1444702148, 22.175786972, 11.3838844299, 5.93567895889, 5.27727031708, 4.31607294083, 3.09653258324, 2.10763049126, 1.39982771873, 1.04320812225, 0.539865791798, 0.196033194661, 0.051402002573, 0.00412761326879, 9.89183972706e-05, 4.15892500314e-05],
        "stdev": [0.462107390165, 3.1640124321, 5.59853124619, 6.93963766098, 8.03286361694, 9.70421981812, 17.5391483307, 47.8802261353, 42.3598327637, 48.7596549988, 52.2517242432, 55.0561294556, 96.1893005371, 162.909286499, 93.3507537842, 73.8171234131, 45.5113563538, 70.4258117676, 63.2693443298, 54.9337921143, 52.3592987061, 49.7960548401, 36.3851165771, 39.4968833923, 34.8413352966, 38.0856208801, 17.383808136, 8.97676277161, 9.42923259735, 7.3504357338, 4.70285892487, 3.43950724602, 2.96072649956, 3.4330470562, 1.91488623619, 0.549448311329, 0.1257802248, 0.009530861862, 0.000192885345314, 3.06005167658e-05]
    },
    "gfcc": {
        "mean": [-16.6730232239, 91.7401351929, -110.166915894, 42.6867752075, -57.9326133728, 13.0159988403, -35.4844322205, 19.9007034302, -21.9369449615, 8.84770774841, -9.18092536926, 4.12131261826, -6.06560182571],
        "cov": [[22479.7773438, 1211.35949707, -1475.01257324, 963.088317871, -274.071655273, 849.862915039, 171.990951538, 78.3018951416, 11.1124162674, 309.193145752, -336.188201904, -226.228012085, -183.707351685], [1211.35949707, 1064.68212891, -76.860244751, 44.8509864807, 214.901931763, 16.7602176666, 175.402740479, -9.42602729797, 73.2724075317, -58.7975196838, 89.2367324829, -123.319587708, 55.3137969971], [-1475.01257324, -76.860244751, 835.033813477, 78.4671936035, 34.2195129395, 14.4878787994, -28.6832466125, 3.79492235184, 29.4031963348, -18.7490406036, -41.3020820618, 75.6575775146, -59.1508712769], [963.088317871, 44.8509864807, 78.4671936035, 335.02142334, 58.6651649475, 65.0822372437, 27.8254241943, -0.524233996868, 57.141166687, 0.246427625418, -27.5699653625, -23.3300361633, -21.4051475525], [-274.071655273, 214.901931763, 34.2195129395, 58.6651649475, 309.836273193, 85.3578948975, 116.620567322, 29.5766086578, 44.8404846191, 7.58558225632, 24.0361690521, -44.8479270935, 18.9021186829], [849.862915039, 16.7602176666, 14.4878787994, 65.0822372437, 85.3578948975, 336.528381348, 135.650344849, -33.5835762024, 39.0780639648, 52.3240394592, -53.1979179382, -54.5723800659, -31.522403717], [171.990951538, 175.402740479, -28.6832466125, 27.8254241943, 116.620567322, 135.650344849, 223.29347229, 18.0194015503, 37.6859359741, 13.3469371796, 9.39831066132, -55.7373733521, 13.7027587891], [78.3018951416, -9.42602729797, 3.79492235184, -0.524233996868, 29.5766086578, -33.5835762024, 18.0194015503, 163.794784546, 32.3289031982, -2.39601159096, 18.6382408142, 24.5239028931, 29.4650058746], [11.1124162674, 73.2724075317, 29.4031963348, 57.141166687, 44.8404846191, 39.0780639648, 37.6859359741, 32.3289031982, 137.774093628, 24.9431533813, 1.11793375015, -2.33133292198, 7.84929561615], [309.193145752, -58.7975196838, -18.7490406036, 0.246427625418, 7.58558225632, 52.3240394592, 13.3469371796, -2.39601159096, 24.9431533813, 111.326217651, 30.2998752594, 2.6608569622, -12.0506896973], [-336.188201904, 89.2367324829, -41.3020820618, -27.5699653625, 24.0361690521, -53.1979179382, 9.39831066132, 18.6382408142, 1.11793375015, 30.2998752594, 137.168167114, 27.444568634, 32.5740890503], [-226.228012085, -123.319587708, 75.6575775146, -23.3300361633, -44.8479270935, -54.5723800659, -55.7373733521, 24.5239028931, -2.33133292198, 2.6608569622, 27.444568634, 120.323623657, 23.1635990143], [-183.707351685, 55.3137969971, -59.1508712769, -21.4051475525, 18.9021186829, -31.522403717, 13.7027587891, 29.4650058746, 7.84929561615, -12.0506896973, 32.5740890503, 23.1635990143, 105.92804718]],
        "icov": [[0.000141792639624, -0.000408448278904, 0.000320131337503, -0.000477599416627, 0.000348180270521, -0.00036490970524, 0.0001830625406, -0.00040599971544, 0.000464898475911, -0.000674546405207, 0.000634268450085, -0.000484853662783, 0.000259767344687], [-0.000408448278904, 0.00277428654954, -0.00095958984457, 0.00138135498855, -0.00153694988694, 0.00130032235757, -0.00116919178981, 0.00167673802935, -0.00220178766176, 0.00327018811367, -0.00319849909283, 0.00292348209769, -0.00118822592776], [0.000320131337503, -0.00095958984457, 0.00220718164928, -0.00130659353454, 0.000391316920286, -0.00084106187569, 0.000433825596701, -0.000858788844198, 0.000805991119705, -0.00116917153355, 0.00187322765123, -0.00259265862405, 0.00168557197321], [-0.000477599416627, 0.00138135498855, -0.00130659353454, 0.00508431857452, -0.001610055333, 0.000809609366115, -0.000345739594195, 0.00144603219815, -0.00289053260349, 0.00269591505639, -0.00189637544099, 0.00203556381166, -0.00042216910515], [0.000348180270521, -0.00153694988694, 0.000391316920286, -0.001610055333, 0.00556291965768, -0.00152812863234, -0.000786859367508, -0.00176323333289, 0.00093053485034, -0.00173628609627, 0.00079901778372, -0.000225843570661, -1.8387723685e-05], [-0.00036490970524, 0.00130032235757, -0.00084106187569, 0.000809609366115, -0.00152812863234, 0.00641822908074, -0.00361616583541, 0.00227534724399, -0.00151774683036, -0.000800135254394, 0.000811233767308, 0.00136254169047, -0.000126372513478], [0.0001830625406, -0.00116919178981, 0.000433825596701, -0.000345739594195, -0.000786859367508, -0.00361616583541, 0.00851148553193, -0.00178579287603, 0.000170335319126, -0.000405934115406, -0.000363176630344, 0.00140826590359, -0.000694675312843], [-0.00040599971544, 0.00167673802935, -0.000858788844198, 0.00144603219815, -0.00176323333289, 0.00227534724399, -0.00178579287603, 0.00858667679131, -0.00317404372618, 0.00236558052711, -0.00201525422744, 0.000278726860415, -0.00186967244372], [0.000464898475911, -0.00220178766176, 0.000805991119705, -0.00289053260349, 0.00093053485034, -0.00151774683036, 0.000170335319126, -0.00317404372618, 0.0110831847414, -0.00507948268205, 0.00340090389363, -0.00254827970639, 0.000177421141416], [-0.000674546405207, 0.00327018811367, -0.00116917153355, 0.00269591505639, -0.00173628609627, -0.000800135254394, -0.000405934115406, 0.00236558052711, -0.00507948268205, 0.0163338128477, -0.00818803813308, 0.00295601855032, 0.00058672943851], [0.000634268450085, -0.00319849909283, 0.00187322765123, -0.00189637544099, 0.00079901778372, 0.000811233767308, -0.000363176630344, -0.00201525422744, 0.00340090389363, -0.00818803813308, 0.0145771531388, -0.00574893224984, -0.000269627111265], [-0.000484853662783, 0.00292348209769, -0.00259265862405, 0.00203556381166, -0.000225843570661, 0.00136254169047, 0.00140826590359, 0.000278726860415, -0.00254827970639, 0.00295601855032, -0.00574893224984, 0.0155802862719, -0.00433182623237], [0.000259767344687, -0.00118822592776, 0.00168557197321, -0.00042216910515, -1.8387723685e-05, -0.000126372513478, -0.000694675312843, -0.00186967244372, 0.000177421141416, 0.00058672943851, -0.000269627111265, -0.00433182623237, 0.0130266463384]]
    },
    "melbands": {
        "mean": [0.00307863834314, 0.00245946832001, 0.000717827409972, 0.000384892482543, 0.000378460477805, 0.00058736721985, 0.000362155871699, 0.00025506442762, 0.000160056340974, 0.000139634517836, 0.000198480003746, 0.00021449450287, 9.86171871773e-05, 7.47799567762e-05, 4.19041862187e-05, 3.74372757506e-05, 4.96498287248e-05, 4.53593893326e-05, 2.91359374387e-05, 4.02311961807e-05, 2.69036481768e-05, 2.30911136896e-05, 2.06765143957e-05, 1.74200613401e-05, 2.02482606255e-05, 1.62586020451e-05, 1.47264472616e-05, 1.49257984958e-05, 8.39688891574e-06, 4.09630320064e-06, 3.20051162817e-06, 3.04098580273e-06, 2.63816855295e-06, 2.3113664156e-06, 1.7999936972e-06, 1.50008622768e-06, 1.20216952837e-06, 9.59494514063e-07, 9.49785601279e-07, 8.63658328853e-07],
        "stdev": [0.00408868817613, 0.0030184853822, 0.00121976993978, 0.000571908371057, 0.000545518065337, 0.00097313412698, 0.000599882507231, 0.000586227048188, 0.000383112113923, 0.000386910862289, 0.000500968715642, 0.00071560573997, 0.000316306453897, 0.000214424711885, 0.000127992680063, 0.000108254193037, 0.000155348156113, 0.00011555479432, 6.70922891004e-05, 9.04627449927e-05, 5.94037956034e-05, 5.63004468859e-05, 4.7788646043e-05, 3.30017828674e-05, 3.53114191967e-05, 2.56807816186e-05, 2.76478131127e-05, 2.73630066658e-05, 1.44056994031e-05, 7.21803098713e-06, 5.13792429047e-06, 5.55531596547e-06, 5.02483044329e-06, 3.91410821976e-06, 2.80368954009e-06, 2.36822370425e-06, 2.10166990655e-06, 1.91518643078e-06, 2.84630846181e-06, 3.05787148136e-06]
    },
    "melbands128": {
        "mean": [0.000228572491324, 0.00217925058678, 0.00477320607752, 0.00393798621371, 0.00217584194615, 0.00124527758453, 0.000798592052888, 0.000611363328062, 0.000456510286313, 0.000361609156244, 0.000354779709596, 0.000343063322362, 0.000374074763386, 0.000347703724401, 0.000721362885088, 0.000626286317129, 0.000453319458757, 0.000354518590029, 0.000210802463698, 0.000241242334596, 0.000335622084094, 0.000197861358174, 0.000174524597242, 5.41438021173e-05, 0.000121898192447, 0.000189671234693, 0.000136912814924, 0.000218781351577, 0.000183543001185, 0.000343669904396, 0.000172186410055, 7.65817167121e-05, 8.93515825737e-05, 0.00013959928765, 6.0755872255e-05, 7.00546079315e-05, 7.59086105973e-05, 2.38399770751e-05, 4.01080105803e-05, 3.81938152714e-05, 4.15233043896e-05, 2.80690073851e-05, 4.86380195071e-05, 6.75598275848e-05, 3.55811971531e-05, 4.82501018269e-05, 5.0064005336e-05, 1.63064651133e-05, 2.6215597245e-05, 4.00322169298e-05, 4.48013670393e-05, 3.96124960389e-05, 2.5444851417e-05, 2.16012922465e-05, 2.9742879633e-05, 1.89750135178e-05, 2.01303464564e-05, 2.93687044177e-05, 1.61232946994e-05, 1.6140687876e-05, 1.53099372255e-05, 1.86401921383e-05, 2.63118072326e-05, 1.98531997739e-05, 1.28790416056e-05, 1.57403337653e-05, 2.00750546355e-05, 1.28493702505e-05, 1.2782502381e-05, 1.82375842996e-05, 1.42628623507e-05, 1.50526830112e-05, 1.15792681754e-05, 6.86155090079e-06, 4.86875160277e-06, 4.55268445876e-06, 3.58994770977e-06, 2.93215589409e-06, 3.3157755297e-06, 3.23362269228e-06, 3.07479876938e-06, 2.96614030049e-06, 2.91027708954e-06, 2.62504318016e-06, 2.36542405219e-06, 2.55698091678e-06, 2.27200689551e-06, 1.83257679964e-06, 1.74434103428e-06, 1.90522962384e-06, 1.46628030961e-06, 1.46373270127e-06, 1.39136648158e-06, 1.18102354918e-06, 1.1114661902e-06, 1.0067973335e-06, 8.98049279385e-07, 9.25559731968e-07, 9.9527801467e-07, 9.33890021315e-07, 9.00082966382e-07, 8.53566064052e-07, 8.22145011625e-07, 7.38473090678e-07, 6.14996565673e-07, 5.09288156536e-07, 3.99068170509e-07, 4.92681635933e-07, 3.39800351412e-07, 2.13195633592e-07, 1.90245671661e-07, 1.70325591853e-07, 1.70088654272e-07, 1.50424313006e-07, 1.06393031274e-07, 1.95495051258e-08, 7.41105527641e-12, 4.72866234016e-12, 4.57839755691e-12, 4.43372335374e-12, 4.3204493802e-12, 4.22175358908e-12, 4.12925986806e-12, 4.05494691644e-12, 3.99300601264e-12, 3.94650067834e-12, 3.91323128415e-12, 3.88784013663e-12],
        "stdev": [0.000414904061472, 0.00350697990507, 0.00677617779002, 0.00503544742242, 0.00318537163548, 0.00249395822175, 0.00152719498146, 0.00113557395525, 0.000941987498663, 0.000654334377032, 0.000686875195242, 0.000633146963082, 0.000773663283326, 0.000663670827635, 0.00152473442722, 0.00127346080262, 0.00120895297732, 0.000727123173419, 0.000573411874939, 0.000659090233967, 0.00104402110446, 0.000655475771055, 0.000524924951605, 0.000194426014787, 0.000389354856452, 0.00073706463445, 0.000479386071675, 0.000782431976404, 0.000706796185113, 0.00135860498995, 0.000719370902516, 0.000531700556166, 0.000401593744755, 0.00054349959828, 0.000283948174911, 0.000314669741783, 0.000335069868015, 0.000136406772071, 0.000171525782207, 0.000143374796608, 0.000184756907402, 0.000119921984151, 0.000220301677473, 0.000265073496848, 0.000169272054336, 0.000174686108949, 0.000160718103871, 7.0406604209e-05, 0.000102444864751, 0.000136044342071, 0.000136013724841, 0.000131405278808, 0.000101444667962, 6.92249741405e-05, 9.0045206889e-05, 8.01448695711e-05, 8.51097865961e-05, 0.000101519348391, 4.61092131445e-05, 4.99177040183e-05, 4.17195042246e-05, 5.52004712517e-05, 6.15242752247e-05, 4.95444110129e-05, 3.34120813932e-05, 3.34744581778e-05, 4.35657348135e-05, 3.82138860004e-05, 3.70828784071e-05, 4.58062386315e-05, 3.50389454979e-05, 4.37521775893e-05, 2.75037818938e-05, 1.46856255014e-05, 1.29778318296e-05, 1.02698813862e-05, 7.17766261005e-06, 5.5377240642e-06, 5.8067153077e-06, 5.82254961046e-06, 5.90622175878e-06, 6.48599552733e-06, 6.03648732067e-06, 5.61798151466e-06, 4.70260147267e-06, 4.91167838845e-06, 3.91917137677e-06, 3.31814840138e-06, 2.91123296847e-06, 3.19082050737e-06, 2.59753323917e-06, 2.52609493145e-06, 2.46486251854e-06, 2.27004784392e-06, 2.21404866352e-06, 2.08152232517e-06, 1.93200980902e-06, 2.24373775382e-06, 3.13474151881e-06, 3.50868845089e-06, 3.3697147046e-06, 3.31092496708e-06, 3.21411607729e-06, 2.86401041194e-06, 2.44513057623e-06, 2.1137548174e-06, 1.48422782331e-06, 1.36128812755e-06, 9.38029813824e-07, 6.68404425141e-07, 5.44560236904e-07, 4.71531592439e-07, 4.51291242598e-07, 3.60156690249e-07, 2.49538743446e-07, 5.20256477898e-08, 1.31956277502e-11, 7.666852396e-12, 7.41920240521e-12, 7.20197295898e-12, 7.01451657176e-12, 6.85028683084e-12, 6.70678790282e-12, 6.58616043647e-12, 6.48468735306e-12, 6.40484106723e-12, 6.34715847589e-12, 6.31104543625e-12]
    },
    "mfcc": {
        "mean": [-652.511962891, 114.750411987, 6.65264987946, 31.9363021851, 5.57735061646, -0.634784460068, 3.07010817528, 4.53502082825, 0.124643474817, 6.28210687637, -0.10248414427, 1.48630976677, 4.79511356354],
        "cov": [[12527.0605469, 819.974121094, -326.14074707, 372.348907471, 20.3841342926, 649.603515625, 220.451385498, 161.402206421, 350.529998779, 532.915039062, 3.60188126564, 88.7286758423, 92.1534118652], [819.974121094, 1195.8215332, -45.0267562866, 135.742477417, 103.314254761, 12.9677028656, 152.883453369, 68.2223358154, 51.8721694946, 84.4969940186, 18.7313899994, 17.1603012085, 17.1354217529], [-326.14074707, -45.0267562866, 609.964599609, 71.6317367554, 43.7527542114, 63.0807380676, -63.031539917, 41.6063690186, 7.54510974884, -71.5590362549, 47.9867935181, 11.4951562881, -28.4022808075], [372.348907471, 135.742477417, 71.6317367554, 281.239624023, 90.8528671265, -10.9920549393, 9.16995716095, 35.9838676453, 21.562877655, 6.70518827438, 3.96325039864, 30.0345115662, 10.5271844864], [20.3841342926, 103.314254761, 43.7527542114, 90.8528671265, 187.70300293, 23.4687385559, 24.1526699066, 37.804473877, 33.1166229248, 10.4451379776, 16.5937709808, 21.9031658173, 12.1314687729], [649.603515625, 12.9677028656, 63.0807380676, -10.9920549393, 23.4687385559, 311.975189209, 56.7699127197, 27.7512664795, 55.3459434509, 76.9601898193, 32.9520721436, 9.2380657196, -16.6997489929], [220.451385498, 152.883453369, -63.031539917, 9.16995716095, 24.1526699066, 56.7699127197, 193.850875854, 33.4668006897, 21.4005184174, 65.4085006714, 2.60755395889, -0.810109198093, 21.6540393829], [161.402206421, 68.2223358154, 41.6063690186, 35.9838676453, 37.804473877, 27.7512664795, 33.4668006897, 126.097702026, 65.0505905151, 16.7507915497, 15.9524183273, 8.58753395081, -5.08420848846], [350.529998779, 51.8721694946, 7.54510974884, 21.562877655, 33.1166229248, 55.3459434509, 21.4005184174, 65.0505905151, 135.509399414, 65.9722366333, 11.257900238, 1.6518458128, -6.30512332916], [532.915039062, 84.4969940186, -71.5590362549, 6.70518827438, 10.4451379776, 76.9601898193, 65.4085006714, 16.7507915497, 65.9722366333, 139.145431519, 21.6891746521, 4.49371767044, 10.9510593414], [3.60188126564, 18.7313899994, 47.9867935181, 3.96325039864, 16.5937709808, 32.9520721436, 2.60755395889, 15.9524183273, 11.257900238, 21.6891746521, 90.8993988037, 41.3951263428, 0.521171569824], [88.7286758423, 17.1603012085, 11.4951562881, 30.0345115662, 21.9031658173, 9.2380657196, -0.810109198093, 8.58753395081, 1.6518458128, 4.49371767044, 41.3951263428, 97.0905380249, 35.593711853], [92.1534118652, 17.1354217529, -28.4022808075, 10.5271844864, 12.1314687729, -16.6997489929, 21.6540393829, -5.08420848846, -6.30512332916, 10.9510593414, 0.521171569824, 35.593711853, 84.4321212769]],
        "icov": [[0.000115027818538, -5.4640131566e-05, 5.64431102248e-05, -0.000169453240233, 0.000140071831993, -0.000217568973312, 0.000108973050374, -5.88177172176e-05, -6.4495485276e-05, -0.000286676106043, 0.000150940657477, -6.39576101094e-05, -0.000110594650323], [-5.4640131566e-05, 0.00104466860648, 7.49487935536e-06, -0.000270413700491, -0.000350861402694, 0.000298771687085, -0.000716019480024, -0.000170776373125, 6.89307853463e-05, -0.000212694081711, -0.00016520517238, 1.60000909091e-05, 0.000193726882571], [5.64431102248e-05, 7.49487935536e-06, 0.00220983917825, -0.000667928252369, -4.49190993095e-05, -0.000845481350552, 0.00054167676717, -0.000463768286863, -0.000332295283442, 0.00156969379168, -0.00133775209542, 0.000535171071533, -9.8570553746e-06], [-0.000169453240233, -0.000270413700491, -0.000667928252369, 0.00495678605512, -0.00207678670995, 0.000854005862493, 7.24142009858e-05, -0.000557180377655, 0.000336599623552, -0.000369081331883, 0.00105982727837, -0.00143183686305, 0.000482388742967], [0.000140071831993, -0.000350861402694, -4.49190993095e-05, -0.00207678670995, 0.00712164118886, -0.000662482227199, -0.000327090587234, -0.000640875659883, -0.00129674782511, 0.000613197451457, -0.000604513799772, -0.000291000353172, -0.000996803981252], [-0.000217568973312, 0.000298771687085, -0.000845481350552, 0.000854005862493, -0.000662482227199, 0.00474295206368, -0.00120634224731, 0.000220268280827, -0.00037583700032, -0.001704735565, -0.00051368761342, -0.000633599469438, 0.00160519685596], [0.000108973050374, -0.000716019480024, 0.00054167676717, 7.24142009858e-05, -0.000327090587234, -0.00120634224731, 0.00766172120348, -0.00237925536931, 0.00184972945135, -0.00318697979674, 0.00065561599331, 0.000957075098995, -0.0019563138485], [-5.88177172176e-05, -0.000170776373125, -0.000463768286863, -0.000557180377655, -0.000640875659883, 0.000220268280827, -0.00237925536931, 0.0123446276411, -0.00639049755409, 0.00288591720164, -0.00149027269799, -0.000364316307241, 0.000812767830212], [-6.4495485276e-05, 6.89307853463e-05, -0.000332295283442, 0.000336599623552, -0.00129674782511, -0.00037583700032, 0.00184972945135, -0.00639049755409, 0.0139151345938, -0.00668922206387, 0.00148738001008, -6.66945416015e-05, 0.0010811133543], [-0.000286676106043, -0.000212694081711, 0.00156969379168, -0.000369081331883, 0.000613197451457, -0.001704735565, -0.00318697979674, 0.00288591720164, -0.00668922206387, 0.0152038503438, -0.00429574772716, 0.00184455036651, -0.00172663200647], [0.000150940657477, -0.00016520517238, -0.00133775209542, 0.00105982727837, -0.000604513799772, -0.00051368761342, 0.00065561599331, -0.00149027269799, 0.00148738001008, -0.00429574772716, 0.0166834350675, -0.00797324068844, 0.00294051552191], [-6.39576101094e-05, 1.60000909091e-05, 0.000535171071533, -0.00143183686305, -0.000291000353172, -0.000633599469438, 0.000957075098995, -0.000364316307241, -6.66945416015e-05, 0.00184455036651, -0.00797324068844, 0.0168672818691, -0.00723147159442], [-0.000110594650323, 0.000193726882571, -9.8570553746e-06, 0.000482388742967, -0.000996803981252, 0.00160519685596, -0.0019563138485, 0.000812767830212, 0.0010811133543, -0.00172663200647, 0.00294051552191, -0.00723147159442, 0.0162082239985]]
    },
    "spectral_contrast_coeffs": {
        "mean": [-0.745751798153, -0.722341299057, -0.728142499924, -0.779341101646, -0.779224157333, -0.781687736511],
        "stdev": [0.0695598050952, 0.0815779343247, 0.0831397101283, 0.0631252452731, 0.0562111847103, 0.0422009117901]
    },
    "spectral_contrast_valleys": {
        "mean": [-6.80358695984, -7.04977273941, -7.98647451401, -8.12378692627, -7.75258731842, -10.2963647842],
        "stdev": [2.16710138321, 2.06286454201, 1.97187805176, 1.98145842552, 1.96663331985, 1.81522321701]
    }
},
"rhythm": {
    "beats_count": 387,
    "beats_loudness": {
        "mean": 0.0454134717584,
        "stdev": 0.0266553070396
    },
    "bpm": 88.9479217529,
    "bpm_histogram_first_peak_bpm": 89,
    "bpm_histogram_first_peak_weight": 0.0336787104607,
    "bpm_histogram_second_peak_bpm": 0,
    "bpm_histogram_second_peak_spread": 0,
    "bpm_histogram_second_peak_weight": 0,
    "danceability": 1.18625795841,
    "onset_rate": 4.63219261169,
    "beats_loudness_band_ratio": {
        "mean": [0.474206447601, 0.180680662394, 0.136130601168, 0.0884867236018, 0.0807368084788, 0.077647484839],
        "stdev": [0.259064912796, 0.163855463266, 0.117237113416, 0.106040224433, 0.0768324807286, 0.0679702609777]
    },
    "beats_position": [0.684988677502, 1.38158726692, 2.06657600403, 2.73995471001, 3.41333317757, 4.08671188354, 4.76009082794, 5.4334692955, 6.10684776306, 6.78022670746, 7.45360517502, 8.12698364258, 8.80036258698, 9.47374153137, 10.1471195221, 10.8204984665, 11.4938774109, 12.1672563553, 12.840634346, 13.5140132904, 14.1873922348, 14.8607711792, 15.5341491699, 16.2075271606, 16.8809070587, 17.5542850494, 18.2276649475, 18.9010429382, 19.5860309601, 20.2710208893, 20.94439888, 21.6177768707, 22.2911567688, 22.9645347595, 23.6379127502, 24.3112926483, 24.984670639, 25.6580486298, 26.3314285278, 27.0048065186, 27.6781845093, 28.3515644073, 29.0249423981, 29.6983222961, 30.3717002869, 31.0450782776, 31.7184581757, 32.391834259, 33.0652160645, 33.7385940552, 34.4119720459, 35.0969619751, 35.7703399658, 36.455329895, 37.1287078857, 37.8020858765, 38.4754638672, 39.1488418579, 39.8222198486, 40.4956016541, 41.1689796448, 41.8423576355, 42.5273475647, 43.2007255554, 43.8741035461, 44.5474815369, 45.2208595276, 45.9058494568, 46.5792274475, 47.2526054382, 47.9259872437, 48.5993652344, 49.2727432251, 49.9461212158, 50.6194992065, 51.2928771973, 51.9662590027, 52.6396369934, 53.3130149841, 53.9863929749, 54.6597709656, 55.333152771, 56.0065307617, 56.6799087524, 57.3532867432, 58.0266647339, 58.7000427246, 59.37342453, 60.0584106445, 60.7317886353, 61.4051704407, 62.0901565552, 62.7635345459, 63.4369163513, 64.1102905273, 64.7836685181, 65.4570541382, 66.1304321289, 66.8038101196, 67.4771881104, 68.1505661011, 68.8239440918, 69.508934021, 70.1823120117, 70.8673019409, 71.5406799316, 72.2140579224, 72.8874359131, 73.5608139038, 74.2341918945, 74.9075698853, 75.5693435669, 76.2543258667, 76.9277114868, 77.6010894775, 78.2744674683, 78.947845459, 79.6212234497, 80.3062133789, 80.9679794312, 81.6413574219, 82.3147354126, 82.9881134033, 83.661491394, 84.3348770142, 85.0082550049, 85.6816329956, 86.3550109863, 87.0400009155, 87.7249908447, 88.3983688354, 89.0717468262, 89.7451248169, 90.4185028076, 91.0918807983, 91.7652587891, 92.4386367798, 93.1120147705, 93.7853927612, 94.458770752, 95.1321487427, 95.8055343628, 96.4789123535, 97.1522903442, 97.825668335, 98.4990463257, 99.1840362549, 99.8690261841, 100.542404175, 101.215782166, 101.889160156, 102.562538147, 103.235916138, 103.909294128, 104.582672119, 105.25605011, 105.929428101, 106.602806091, 107.276191711, 107.949569702, 108.622947693, 109.296325684, 109.958091736, 110.643081665, 111.316459656, 111.989837646, 112.663215637, 113.336593628, 114.009971619, 114.683357239, 115.356735229, 116.03011322, 116.703491211, 117.376869202, 118.061859131, 118.74684906, 119.420227051, 120.093605042, 120.766983032, 121.440361023, 122.113739014, 122.787117004, 123.460494995, 124.133872986, 124.807250977, 125.480628967, 126.165618896, 126.838996887, 127.523986816, 128.197372437, 128.859130859, 129.520904541, 130.194290161, 130.867660522, 131.552658081, 132.237640381, 132.911010742, 133.584396362, 134.257781982, 134.931152344, 135.604537964, 136.277908325, 136.951293945, 137.624664307, 138.298049927, 138.971420288, 139.644805908, 140.31817627, 140.99156189, 141.66494751, 142.338317871, 143.011703491, 143.685073853, 144.358459473, 145.031829834, 145.705215454, 146.378585815, 147.063583374, 147.736953735, 148.421951294, 149.095321655, 149.768707275, 150.442077637, 151.115463257, 151.788833618, 152.462219238, 153.135604858, 153.80897522, 154.48236084, 155.155731201, 155.829116821, 156.502487183, 157.187484741, 157.872467041, 158.545852661, 159.219223022, 159.892608643, 160.565979004, 161.239364624, 161.912734985, 162.586120605, 163.259490967, 163.932876587, 164.606262207, 165.279632568, 165.953018188, 166.62638855, 167.29977417, 167.973144531, 168.646530151, 169.319900513, 169.993286133, 170.678268433, 171.351654053, 172.013427734, 172.686798096, 173.360183716, 174.033554077, 174.730148315, 175.403533936, 176.076919556, 176.750289917, 177.423675537, 178.097045898, 178.770431519, 179.432189941, 180.105575562, 180.778961182, 181.452331543, 182.125717163, 182.799087524, 183.484085083, 184.157455444, 184.830841064, 185.504211426, 186.177597046, 186.850967407, 187.524353027, 188.197723389, 188.871109009, 189.54447937, 190.21786499, 190.89125061, 191.553009033, 192.238006592, 192.911376953, 193.584762573, 194.258132935, 194.943130493, 195.628112793, 196.301498413, 196.974868774, 197.648254395, 198.321624756, 198.995010376, 199.668380737, 200.341766357, 201.015136719, 201.688522339, 202.361907959, 203.03527832, 203.70866394, 204.382034302, 205.055419922, 205.728790283, 206.413787842, 207.075546265, 207.748931885, 208.422302246, 209.095687866, 209.769073486, 210.454055786, 211.139038086, 211.812423706, 212.474197388, 213.159179688, 213.832565308, 214.505935669, 215.179321289, 215.85269165, 216.526077271, 217.199447632, 217.872833252, 218.546203613, 219.219589233, 219.892959595, 220.566345215, 221.239730835, 221.913101196, 222.586486816, 223.259857178, 223.933242798, 224.606613159, 225.279998779, 225.953369141, 226.626754761, 227.300125122, 227.985122681, 228.67010498, 229.343490601, 230.016860962, 230.690246582, 231.363616943, 232.037002563, 232.710388184, 233.383758545, 234.057144165, 234.730514526, 235.403900146, 236.077270508, 236.750656128, 237.424026489, 238.097412109, 238.770782471, 239.455780029, 240.129150391, 240.802536011, 241.475906372, 242.160903931, 242.834274292, 243.507659912, 244.181045532, 244.854415894, 245.527801514, 246.201171875, 246.874557495, 247.547927856, 248.221313477, 248.894683838, 249.568069458, 250.241439819, 250.914825439, 251.58821106, 252.261581421, 252.934967041, 253.608337402, 254.281723022, 254.955093384, 255.628479004, 256.301849365, 256.963623047, 257.648620605, 258.333587646, 259.018585205, 259.703582764, 260.388580322, 261.073547363],
    "bpm_histogram": [0, 0, 0, 0, 0, 0, 0, 0, 0, 0, 0, 0, 0, 0, 0, 0, 0, 0, 0, 0, 0, 0, 0, 0, 0, 0, 0, 0, 0, 0, 0, 0, 0, 0, 0, 0, 0, 0, 0, 0, 0, 0, 0, 0, 0, 0, 0, 0, 0, 0, 0, 0, 0, 0, 0, 0, 0, 0, 0, 0, 0, 0, 0, 0, 0, 0, 0, 0, 0, 0, 0, 0, 0, 0, 0, 0, 0, 0, 0, 0, 0, 0, 0, 0, 0, 0, 0.00518134701997, 0, 0.121761657298, 0.84455960989, 0, 0.0284974090755, 0, 0, 0, 0, 0, 0, 0, 0, 0, 0, 0, 0, 0, 0, 0, 0, 0, 0, 0, 0, 0, 0, 0, 0, 0, 0, 0, 0, 0, 0, 0, 0, 0, 0, 0, 0, 0, 0, 0, 0, 0, 0, 0, 0, 0, 0, 0, 0, 0, 0, 0, 0, 0, 0, 0, 0, 0, 0, 0, 0, 0, 0, 0, 0, 0, 0, 0, 0, 0, 0, 0, 0, 0, 0, 0, 0, 0, 0, 0, 0, 0, 0, 0, 0, 0, 0, 0, 0, 0, 0, 0, 0, 0, 0, 0, 0, 0, 0, 0, 0, 0, 0, 0, 0, 0, 0, 0, 0, 0, 0, 0, 0, 0, 0, 0, 0, 0, 0, 0, 0, 0, 0, 0, 0, 0, 0, 0, 0, 0, 0, 0, 0, 0, 0, 0, 0, 0, 0, 0, 0, 0, 0, 0, 0, 0, 0, 0, 0, 0, 0, 0, 0, 0, 0, 0, 0, 0, 0]
},
"tonal": {
    "chords_changes_rate": 0.0503546111286,
    "chords_number_rate": 0.00230496446602,
    "chords_strength": {
        "mean": 0.529420435429,
        "stdev": 0.114546127617
    },
    "hpcp_crest": {
        "mean": 15.1234016418,
        "stdev": 7.30010271072
    },
    "hpcp_entropy": {
        "mean": 1.76101541519,
        "stdev": 0.733838438988
    },
    "key_edma": {
        "strength": 0.630289256573,
        "key": "D",
        "scale": "minor"
    },
    "key_krumhansl": {
        "strength": 0.647054731846,
        "key": "D",
        "scale": "minor"
    },
    "key_temperley": {
        "strength": 0.659258723259,
        "key": "F",
        "scale": "major"
    },
    "tuning_diatonic_strength": 0.555491387844,
    "tuning_equal_tempered_deviation": 0.0547486022115,
    "tuning_frequency": 441.527557373,
    "tuning_nontempered_energy_ratio": 0.695794582367,
    "hpcp": {
        "mean": [0.245388790965, 0.148497983813, 0.117454603314, 0.119553379714, 0.0737150982022, 0.0640775486827, 0.0772710293531, 0.0886879041791, 0.172899767756, 0.194960772991, 0.0995968729258, 0.0561165325344, 0.0495910793543, 0.0545118898153, 0.16561768949, 0.266864150763, 0.171822443604, 0.058625344187, 0.0358986891806, 0.0353865511715, 0.0629779398441, 0.0925215557218, 0.0934298932552, 0.151870429516, 0.199086248875, 0.140152707696, 0.0906074941158, 0.0692420229316, 0.0588428266346, 0.113464958966, 0.150636523962, 0.100129321218, 0.0594942681491, 0.0548301637173, 0.0776083767414, 0.192445844412],
        "stdev": [0.331206262112, 0.239776208997, 0.25755110383, 0.272137880325, 0.184921532869, 0.163468360901, 0.180195808411, 0.197356790304, 0.290739089251, 0.314550310373, 0.195150434971, 0.158208042383, 0.147441357374, 0.150441125035, 0.248831763864, 0.356690078974, 0.264751821756, 0.158172771335, 0.123294726014, 0.120529092848, 0.146473094821, 0.20241753757, 0.188078016043, 0.255083590746, 0.303387582302, 0.24085816741, 0.193388581276, 0.161897003651, 0.143427044153, 0.208590596914, 0.255720645189, 0.19828248024, 0.157526314259, 0.152694642544, 0.182746604085, 0.285359233618]
    },
    "chords_histogram": [24.1843967438, 1.63120567799, 5.05319166183, 2.37588644028, 5.62056732178, 1.70212769508, 6.11702108383, 0.301418453455, 2.39361691475, 0, 0.14184397459, 0, 0, 0, 0, 0.265957444906, 0, 1.36524820328, 0, 1.86170208454, 0.159574463964, 6.59574460983, 4.00709199905, 36.2234039307],
    "thpcp": [1, 0.643857359886, 0.219682350755, 0.134520456195, 0.132601365447, 0.235992506146, 0.346699088812, 0.350102812052, 0.56909263134, 0.746020972729, 0.525183737278, 0.33952665329, 0.259465426207, 0.220497310162, 0.425178736448, 0.564468920231, 0.375207096338, 0.222938403487, 0.205460950732, 0.290816038847, 0.721137881279, 0.919526994228, 0.556455373764, 0.440128833055, 0.447993397713, 0.27622705698, 0.240112990141, 0.289551913738, 0.332333534956, 0.647894322872, 0.730561852455, 0.373211890459, 0.210281267762, 0.185828924179, 0.204268306494, 0.620606720448],
    "chords_key": "D",
    "chords_scale": "minor"
}
}