{
"metadata": {
    "version": {
        "essentia": "2.1-dev",
        "essentia_git_sha": "v2.1_beta3-415-gd5473f3",
        "extractor": "music 2.0"
    },
    "audio_properties": {
        "analysis": {
            "equal_loudness": 0,
            "length": 240.248168945,
            "sample_rate": 44100,
            "start_time": 0,
            "downmix": "mix"
        },
        "bit_rate": 192000,
        "length": 240.248168945,
        "lossless": 0,
        "number_channels": 2,
        "replay_gain": -9.91024589539,
        "sample_rate": 44100,
        "codec": "mp3",
        "md5_encoded": "80793671693eb6f55eca2093587fbc37"
    },
    "tags": {
        "file_name": "ella_baila_sola-lo_echamos_a_suertes.mp3",
        "album": ["Grandes Exitos"],
        "artist": ["Ella baila sola"],
        "genre": ["Other"],
        "title": ["Lo Echamos A Suertes"]
    }
},
"lowlevel": {
    "average_loudness": 0.849991858006,
    "barkbands_crest": {
        "mean": 9.94202804565,
        "stdev": 4.64874696732
    },
    "barkbands_flatness_db": {
        "mean": 0.133140519261,
        "stdev": 0.0759241804481
    },
    "barkbands_kurtosis": {
        "mean": 18.7095928192,
        "stdev": 108.245880127
    },
    "barkbands_skewness": {
        "mean": 1.81340312958,
        "stdev": 2.84210181236
    },
    "barkbands_spread": {
        "mean": 24.7055644989,
        "stdev": 16.0607509613
    },
    "dissonance": {
        "mean": 0.461277753115,
        "stdev": 0.0299499947578
    },
    "dynamic_complexity": 4.38760757446,
    "erbbands_crest": {
        "mean": 9.78422260284,
        "stdev": 4.54300260544
    },
    "erbbands_flatness_db": {
        "mean": 0.14952352643,
        "stdev": 0.0416797176003
    },
    "erbbands_kurtosis": {
        "mean": 1.38023877144,
        "stdev": 7.03016042709
    },
    "erbbands_skewness": {
        "mean": 0.34530800581,
        "stdev": 1.15993416309
    },
    "erbbands_spread": {
        "mean": 37.4276847839,
        "stdev": 18.1071662903
    },
    "hfc": {
        "mean": 19.2166385651,
        "stdev": 20.3906650543
    },
    "loudness_ebu128": {
        "integrated": -14.2583913803,
        "loudness_range": 7.82907581329,
        "momentary": {
            "mean": -16.3142967224,
            "stdev": 6.46899271011
        },
        "short_term": {
            "mean": -15.596698761,
            "stdev": 4.26884937286
        }
    },
    "melbands_crest": {
        "mean": 13.2493009567,
        "stdev": 5.09821271896
    },
    "melbands_flatness_db": {
        "mean": 0.205790534616,
        "stdev": 0.0981326699257
    },
    "melbands_kurtosis": {
        "mean": 16.9743041992,
        "stdev": 43.9265975952
    },
    "melbands_skewness": {
        "mean": 2.50742959976,
        "stdev": 1.87692570686
    },
    "melbands_spread": {
        "mean": 27.4895629883,
        "stdev": 21.6013870239
    },
    "pitch_salience": {
        "mean": 0.506085932255,
        "stdev": 0.119545474648
    },
    "silence_rate_20dB": {
        "mean": 1,
        "stdev": 0
    },
    "silence_rate_30dB": {
        "mean": 0.98637419939,
        "stdev": 0.115927711129
    },
    "silence_rate_60dB": {
        "mean": 0.084750674665,
        "stdev": 0.278494000435
    },
    "spectral_centroid": {
        "mean": 1470.70385742,
        "stdev": 756.395263672
    },
    "spectral_complexity": {
        "mean": 16.8906078339,
        "stdev": 10.1495809555
    },
    "spectral_decrease": {
        "mean": -4.98055907627e-09,
        "stdev": 5.65826185905e-09
    },
    "spectral_energy": {
        "mean": 0.0205407887697,
        "stdev": 0.022431248799
    },
    "spectral_energyband_high": {
        "mean": 0.000851100950968,
        "stdev": 0.0015216700267
    },
    "spectral_energyband_low": {
        "mean": 0.00745012937114,
        "stdev": 0.0170619990677
    },
    "spectral_energyband_middle_high": {
        "mean": 0.005976294633,
        "stdev": 0.00767159136012
    },
    "spectral_energyband_middle_low": {
        "mean": 0.00695285806432,
        "stdev": 0.00708511751145
    },
    "spectral_entropy": {
        "mean": 7.41949701309,
        "stdev": 0.593084812164
    },
    "spectral_flux": {
        "mean": 0.0662399977446,
        "stdev": 0.0552114546299
    },
    "spectral_kurtosis": {
        "mean": 5.27330493927,
        "stdev": 4.85105609894
    },
    "spectral_rms": {
        "mean": 0.00402354542166,
        "stdev": 0.00196235044859
    },
    "spectral_rolloff": {
        "mean": 1641.25537109,
        "stdev": 1574.02441406
    },
    "spectral_skewness": {
        "mean": 1.67554461956,
        "stdev": 0.644325017929
    },
    "spectral_spread": {
        "mean": 4732537,
        "stdev": 1660261.375
    },
    "spectral_strongpeak": {
        "mean": 1.09020876884,
        "stdev": 1.66300499439
    },
    "zerocrossingrate": {
        "mean": 0.0631543323398,
        "stdev": 0.0393570922315
    },
    "barkbands": {
        "mean": [0.000182733652764, 0.00512033421546, 0.00159333704505, 0.000920953636523, 0.0015827001771, 0.00171897863038, 0.00095918943407, 0.000754259468522, 0.000771326012909, 0.00125632924028, 0.000666181789711, 0.000631416856777, 0.000323131855112, 0.000408411084209, 0.000741767871659, 0.000594718498178, 0.000607861671597, 0.000311677344143, 0.000421193049988, 0.000285736838123, 0.000192912004422, 0.000124535465147, 0.000121939665405, 0.000120515353046, 8.12775542727e-05, 4.27993618359e-05, 4.57161149825e-06],
        "stdev": [0.000426597340265, 0.0143093578517, 0.0036035683006, 0.00207822304219, 0.00214803195558, 0.00300350808538, 0.002210784005, 0.00153040047735, 0.00181445444468, 0.00283348606899, 0.00231302250177, 0.00138019747101, 0.000807163189165, 0.00105008238461, 0.00181262916885, 0.00133452937007, 0.00149799347855, 0.000532459409442, 0.000675142160617, 0.000501398812048, 0.000365701125702, 0.000312537682476, 0.000389070453821, 0.000358598219464, 0.000196913184482, 0.000113792339107, 1.54527242557e-05]
    },
    "erbbands": {
        "mean": [0.157949566841, 1.09617578983, 2.00762271881, 2.65955233574, 3.35766243935, 5.27365398407, 12.5322685242, 12.8384561539, 14.6194734573, 11.3306589127, 19.7566719055, 18.3800029755, 24.9942455292, 45.9549064636, 26.973777771, 26.1115226746, 16.3091907501, 20.0624523163, 36.7324981689, 33.1283950806, 39.1554527283, 26.1030330658, 16.6709804535, 20.1221199036, 19.9656963348, 14.328576088, 11.479095459, 5.11465406418, 4.35737371445, 3.82719826698, 3.48430204391, 2.91504073143, 1.77111637592, 1.04355454445, 0.49039286375, 0.21164342761, 0.0724788159132, 0.0171561520547, 0.000407734245528, 3.65540472558e-05],
        "stdev": [0.422874897718, 3.21298313141, 4.62566661835, 5.82141447067, 4.90431594849, 8.77135848999, 22.5665569305, 26.1421604156, 32.3484420776, 31.2687339783, 38.8575363159, 41.3402099609, 59.850479126, 107.366516113, 75.896156311, 54.4278755188, 38.9258041382, 51.4994468689, 87.477432251, 79.6477203369, 81.9181900024, 58.0641555786, 28.4141044617, 30.3793563843, 35.378993988, 24.016872406, 21.8955402374, 10.6460781097, 10.8772153854, 11.0584306717, 11.4908752441, 9.74812221527, 5.01650238037, 2.65158128738, 1.21052610874, 0.548162221909, 0.202988281846, 0.0535648167133, 0.00122066657059, 4.67652062071e-05]
    },
    "gfcc": {
        "mean": [-24.2356109619, 86.7483062744, -105.999641418, 33.2509040833, -48.8388595581, 13.4725065231, -36.5817565918, 13.1687812805, -26.2639045715, 5.94977807999, -13.4934644699, 2.98335719109, -8.41317462921],
        "cov": [[15336.9208984, -1350.90136719, -2783.77734375, -171.891098022, -752.891906738, 60.9631347656, -405.715332031, 613.245422363, -221.900375366, 98.0558013916, -225.156402588, 59.7514381409, 150.568130493], [-1350.90136719, 1020.41741943, 92.6311264038, -94.823348999, 263.272674561, -152.383773804, 110.621566772, -135.617370605, 54.0402412415, -58.5629997253, 99.8163452148, -61.6365127563, 22.7772140503], [-2783.77734375, 92.6311264038, 1354.67663574, 154.272705078, 153.283218384, 156.086624146, 120.2445755, -120.447784424, 52.2667198181, 50.2555618286, 13.1511297226, 101.300109863, -115.931358337], [-171.891098022, -94.823348999, 154.272705078, 373.836181641, 37.9871292114, 84.0350341797, 38.2503547668, 44.4511184692, 88.3902664185, 16.1973209381, 6.09145689011, 8.74502468109, -4.0259180069], [-752.891906738, 263.272674561, 153.283218384, 37.9871292114, 291.516143799, 27.5656261444, 94.1914749146, 1.2495868206, 23.8701648712, 8.78555297852, 9.83018493652, -23.5265026093, 11.1638040543], [60.9631347656, -152.383773804, 156.086624146, 84.0350341797, 27.5656261444, 265.214447021, 85.7249526978, 86.7576980591, -34.2990341187, 27.8437919617, 18.7348918915, -9.58171081543, 21.067855835], [-405.715332031, 110.621566772, 120.2445755, 38.2503547668, 94.1914749146, 85.7249526978, 195.438369751, 4.47893333435, -0.564676642418, 20.822561264, 4.72215986252, -14.3838367462, -10.6037864685], [613.245422363, -135.617370605, -120.447784424, 44.4511184692, 1.2495868206, 86.7576980591, 4.47893333435, 223.9972229, 21.9151496887, -7.52740001678, 2.82927846909, -22.1005764008, 48.5009803772], [-221.900375366, 54.0402412415, 52.2667198181, 88.3902664185, 23.8701648712, -34.2990341187, -0.564676642418, 21.9151496887, 150.337844849, 8.75392055511, -18.8056354523, 3.4622232914, -21.2888336182], [98.0558013916, -58.5629997253, 50.2555618286, 16.1973209381, 8.78555297852, 27.8437919617, 20.822561264, -7.52740001678, 8.75392055511, 114.406806946, 18.9590816498, 14.7819747925, -21.7323627472], [-225.156402588, 99.8163452148, 13.1511297226, 6.09145689011, 9.83018493652, 18.7348918915, 4.72215986252, 2.82927846909, -18.8056354523, 18.9590816498, 119.356697083, 7.95852136612, 11.7969236374], [59.7514381409, -61.6365127563, 101.300109863, 8.74502468109, -23.5265026093, -9.58171081543, -14.3838367462, -22.1005764008, 3.4622232914, 14.7819747925, 7.95852136612, 109.173591614, -8.88684272766], [150.568130493, 22.7772140503, -115.931358337, -4.0259180069, 11.1638040543, 21.067855835, -10.6037864685, 48.5009803772, -21.2888336182, -21.7323627472, 11.7969236374, -8.88684272766, 107.806854248]],
        "icov": [[0.000169253326021, -0.000120533193694, 0.00037888463703, -0.000103302838397, 0.000227735334192, -0.000272755045444, 0.00023248179059, -0.00037834601244, 0.00032093867776, -0.000364602485206, 0.00051875738427, -0.000498389301356, 0.000307486741804], [-0.000120533193694, 0.0027903970331, -0.000442184071289, 0.000980766373686, -0.00194680050481, 0.00170963106211, -0.00168270966969, 0.00174789945595, -0.00192593224347, 0.00192416692153, -0.0032290131785, 0.00175454642158, -0.00143891945481], [0.00037888463703, -0.000442184071289, 0.00205939821899, -0.000451908039395, 1.64985121955e-05, -0.00175324815791, 0.0005961607676, -0.000143996963743, 0.000401230994612, -0.000680481491145, 0.00127699191216, -0.0022965692915, 0.00183931947686], [-0.000103302838397, 0.000980766373686, -0.000451908039395, 0.00399978039786, -0.000787346798461, -0.000650040456094, -0.000694535439834, 0.00070460268762, -0.00320763397031, 0.000898160040379, -0.00159766047727, 0.000564454298001, -0.000807280477602], [0.000227735334192, -0.00194680050481, 1.64985121955e-05, -0.000787346798461, 0.00607597082853, -0.000625463668257, -0.000793659419287, -0.00157640594989, 0.000972644833382, -0.00181310251355, 0.00224844319746, -0.000313987140544, -0.000239576751483], [-0.000272755045444, 0.00170963106211, -0.00175324815791, -0.000650040456094, -0.000625463668257, 0.00843534246087, -0.00356771168299, -0.00158537446987, 0.00151119788643, 4.37177477579e-05, -0.00252144504339, 0.00254920637235, -0.00231799273752], [0.00023248179059, -0.00168270966969, 0.0005961607676, -0.000694535439834, -0.000793659419287, -0.00356771168299, 0.00848076865077, -0.00075828586705, 0.00134742970113, -0.00188077497296, 0.00248195533641, -0.000889672606718, 0.00214268872514], [-0.00037834601244, 0.00174789945595, -0.000143996963743, 0.00070460268762, -0.00157640594989, -0.00158537446987, -0.00075828586705, 0.00836394820362, -0.00386082706973, 0.00225653219968, -0.00278280652128, 0.00214802473783, -0.00315971369855], [0.00032093867776, -0.00192593224347, 0.000401230994612, -0.00320763397031, 0.000972644833382, 0.00151119788643, 0.00134742970113, -0.00386082706973, 0.0114408992231, -0.00271931686439, 0.00412147026509, -0.00170213007368, 0.00286355102435], [-0.000364602485206, 0.00192416692153, -0.000680481491145, 0.000898160040379, -0.00181310251355, 4.37177477579e-05, -0.00188077497296, 0.00225653219968, -0.00271931686439, 0.0118663143367, -0.00453080842271, 0.000540717097465, 0.000778954883572], [0.00051875738427, -0.0032290131785, 0.00127699191216, -0.00159766047727, 0.00224844319746, -0.00252144504339, 0.00248195533641, -0.00278280652128, 0.00412147026509, -0.00453080842271, 0.0136701939628, -0.00355803966522, 0.00113859481644], [-0.000498389301356, 0.00175454642158, -0.0022965692915, 0.000564454298001, -0.000313987140544, 0.00254920637235, -0.000889672606718, 0.00214802473783, -0.00170213007368, 0.000540717097465, -0.00355803966522, 0.0130267208442, -0.00240666768514], [0.000307486741804, -0.00143891945481, 0.00183931947686, -0.000807280477602, -0.000239576751483, -0.00231799273752, 0.00214268872514, -0.00315971369855, 0.00286355102435, 0.000778954883572, 0.00113859481644, -0.00240666768514, 0.0136077785864]]
    },
    "melbands": {
        "mean": [0.00142631225754, 0.00120861409232, 0.000473318155855, 0.000299539417028, 0.000393527414417, 0.000295442005154, 0.000220915506361, 0.000122032179206, 0.000159809642355, 0.000111092886073, 0.000123464778881, 0.000189988844795, 9.74335271167e-05, 7.80572809163e-05, 4.0747330786e-05, 3.42158054991e-05, 3.63245853805e-05, 5.50880940864e-05, 5.05636562593e-05, 3.92412439396e-05, 5.10517311341e-05, 3.03378365061e-05, 1.80350998562e-05, 1.45579597302e-05, 1.62766573339e-05, 1.61669886438e-05, 1.04504288174e-05, 9.35636580834e-06, 8.09253469924e-06, 4.34888852396e-06, 2.54520250564e-06, 2.38531606556e-06, 2.45065393756e-06, 2.01448688131e-06, 1.92779111785e-06, 2.12054578697e-06, 1.6347945575e-06, 1.23584391076e-06, 1.10816085908e-06, 8.04226090168e-07],
        "stdev": [0.0039556324482, 0.00296811386943, 0.000926852982957, 0.000436574948253, 0.000657235854305, 0.000573684927076, 0.000478415051475, 0.000311157229589, 0.000311036536004, 0.000261978857452, 0.000305089866742, 0.000453002488939, 0.000321844563587, 0.000177357520442, 9.02846149984e-05, 8.2593796833e-05, 0.000102613739728, 0.000132082364871, 0.000128956846311, 9.95751324808e-05, 0.000117747360491, 7.71949780756e-05, 4.00778189942e-05, 2.49907679972e-05, 2.66230053967e-05, 2.88200844807e-05, 1.94069798454e-05, 1.69757913682e-05, 1.65091696545e-05, 8.61246917339e-06, 5.92629612584e-06, 5.77613536734e-06, 7.14812222213e-06, 6.09823928244e-06, 6.306753221e-06, 7.96934546088e-06, 5.43182568435e-06, 3.70743441636e-06, 3.09720257974e-06, 2.08715300687e-06]
    },
    "melbands128": {
        "mean": [0.000174962551682, 0.00119434914086, 0.00204465351999, 0.00172341207508, 0.00117266504094, 0.000703500118107, 0.000563820067327, 0.000402087258408, 0.000313365133479, 0.000327282410581, 0.00028339389246, 0.00032299241866, 0.000497955887113, 0.000401227356633, 0.000288951967377, 0.000257135456195, 0.000202796567464, 0.000261199107626, 0.000167511199834, 0.000115998089314, 7.34493878554e-05, 0.000178707967279, 0.000190698163351, 9.52098853304e-05, 0.000140633099363, 7.74912041379e-05, 0.000132972956635, 0.00011868924048, 0.000103603597381, 0.000257027248153, 0.000193486484932, 0.000109926208097, 0.000127863633679, 4.16396978835e-05, 7.73014398874e-05, 9.83850259217e-05, 7.54515858716e-05, 1.89367128769e-05, 3.8873477024e-05, 3.88865555578e-05, 2.06230233744e-05, 4.64815639134e-05, 3.6799661757e-05, 2.9530181564e-05, 3.8503036194e-05, 5.34572282049e-05, 9.16201461223e-05, 4.49896688224e-05, 3.34238429787e-05, 5.58260799153e-05, 3.69731315004e-05, 2.17582219193e-05, 5.20535686519e-05, 6.03994412813e-05, 6.15507669863e-05, 1.63733420777e-05, 1.47484443005e-05, 2.68109452009e-05, 1.56478945428e-05, 9.52571372181e-06, 1.48889439515e-05, 1.75096483872e-05, 1.63407421496e-05, 1.59418905241e-05, 1.69849954545e-05, 1.34901356432e-05, 2.05107826332e-05, 1.14155936899e-05, 6.93861102263e-06, 1.01294117485e-05, 1.03038146335e-05, 8.03712009656e-06, 9.01969360712e-06, 8.6428854047e-06, 6.49162939226e-06, 5.07381855641e-06, 3.04171385324e-06, 2.47168350143e-06, 2.46584954766e-06, 2.72422266789e-06, 2.15576255869e-06, 2.31268609241e-06, 2.71076032732e-06, 2.53393136518e-06, 2.24866403187e-06, 1.88515218724e-06, 2.06753816201e-06, 1.96193855118e-06, 1.79157302682e-06, 1.99680698643e-06, 2.1658836431e-06, 2.20843412535e-06, 1.99751002583e-06, 1.61251682584e-06, 1.45650869854e-06, 1.2542056993e-06, 1.17383410725e-06, 1.22675783132e-06, 1.15367981834e-06, 1.04631703834e-06, 9.01957093902e-07, 7.58116641464e-07, 6.95862638622e-07, 5.98924714268e-07, 5.25191808265e-07, 4.70148393106e-07, 5.5628197515e-07, 4.12589002963e-07, 3.6161202388e-07, 2.91922788165e-07, 2.44043746989e-07, 2.40337840296e-07, 2.35205149579e-07, 1.93819900574e-07, 2.12358088447e-07, 1.89695597896e-07, 1.67557857367e-07, 2.04391401581e-08, 3.60053870399e-12, 3.07783247673e-12, 2.97753965581e-12, 2.89928150932e-12, 2.82984096225e-12, 2.77269288258e-12, 2.73009891603e-12, 2.69833265974e-12, 2.67432625524e-12, 2.65595119682e-12],
        "stdev": [0.000403751211707, 0.0030351781752, 0.00629145791754, 0.00517473556101, 0.00297971838154, 0.00161466933787, 0.00136759236921, 0.000868088041898, 0.000536268285941, 0.000513022474479, 0.000648889574222, 0.000596313271672, 0.0010702178115, 0.000804089009762, 0.000814060040284, 0.000609570706729, 0.000768941012211, 0.000702546676621, 0.00049123831559, 0.0005387259298, 0.000250613345997, 0.000403131300118, 0.000460298586404, 0.000321473897202, 0.000428363855463, 0.000282812688965, 0.000486008328153, 0.000424468540587, 0.000372830952983, 0.000716938870028, 0.000587407615967, 0.000453823042335, 0.000552306883037, 0.000208878424019, 0.000255144172115, 0.000260294968029, 0.000208172175917, 8.56541373651e-05, 0.000135836191475, 0.000130565764266, 9.08880319912e-05, 0.000163509612321, 0.000152093489305, 0.000119073214591, 0.000131057502585, 0.000165484510944, 0.000320100400131, 0.000193999192561, 0.000125306280097, 0.000213688646909, 0.00012075437553, 8.48103809403e-05, 0.000158760143677, 0.00017340593331, 0.000215244624997, 6.95869384799e-05, 7.44349381421e-05, 7.43227574276e-05, 4.48115642939e-05, 2.6816747777e-05, 3.3772263123e-05, 3.88913176721e-05, 3.67879656551e-05, 3.68560831703e-05, 3.94582239096e-05, 3.19816135743e-05, 5.26729454577e-05, 3.79402117687e-05, 1.75131935976e-05, 2.64212176262e-05, 2.29325323744e-05, 2.08651690627e-05, 2.36024498008e-05, 2.06030108529e-05, 1.84358505066e-05, 1.08920721686e-05, 7.69119105826e-06, 7.10323638486e-06, 6.65859943183e-06, 6.27835743217e-06, 5.49472406419e-06, 7.22304230294e-06, 7.92072933109e-06, 8.43118414195e-06, 7.25636527932e-06, 6.09431572229e-06, 6.86892462909e-06, 6.79646927892e-06, 6.26517930868e-06, 7.69733469497e-06, 8.88117756404e-06, 9.08762103791e-06, 7.6477363109e-06, 5.76435604671e-06, 4.9331961236e-06, 4.5447118282e-06, 3.71719829673e-06, 3.44590125678e-06, 3.56007217306e-06, 3.22275059261e-06, 2.46819104177e-06, 2.24959444495e-06, 2.06250706469e-06, 1.7670682837e-06, 1.51850929342e-06, 1.22385040413e-06, 1.65222945725e-06, 1.10113865048e-06, 1.11115707568e-06, 8.2915113353e-07, 7.54379414047e-07, 7.04839862919e-07, 6.87018257395e-07, 6.05745583471e-07, 7.98494795617e-07, 6.07249774021e-07, 5.51137304683e-07, 7.81557147889e-08, 7.17033116909e-12, 5.36465013037e-12, 5.19898490578e-12, 5.06400693948e-12, 4.95031706599e-12, 4.85647589851e-12, 4.77896932097e-12, 4.71811912456e-12, 4.67396954473e-12, 4.64679206572e-12]
    },
    "mfcc": {
        "mean": [-668.683227539, 117.958351135, 3.17106413841, 25.269487381, 10.5810947418, 2.7054374218, 5.55364370346, 2.16773724556, -0.41632181406, 3.39315032959, -3.65038657188, 0.373980998993, 2.04523849487],
        "cov": [[11905.4824219, -760.586669922, -1725.79589844, -375.418457031, -442.104949951, -634.486816406, -163.517776489, -59.7667427063, 80.8659210205, 233.265655518, -268.963684082, -69.8663406372, -0.753121733665], [-760.586669922, 1154.01672363, -90.3004760742, 32.3693389893, 53.6700019836, -8.01528549194, 45.8073196411, -88.3502349854, -60.6634941101, -75.0380020142, 6.49421691895, -12.1566543579, 15.0048780441], [-1725.79589844, -90.3004760742, 906.493103027, 99.7759933472, 101.376205444, 220.487701416, 15.6211128235, 82.4525756836, -14.7660703659, -61.3825912476, 105.382369995, 61.6852722168, -14.1874847412], [-375.418457031, 32.3693389893, 99.7759933472, 279.705200195, 61.5187911987, 90.4049453735, -46.8057975769, 33.3408088684, 28.7556381226, -3.96384096146, 54.0408859253, 40.9992370605, 26.8862133026], [-442.104949951, 53.6700019836, 101.376205444, 61.5187911987, 223.088531494, 9.30576133728, 38.8754692078, 43.6008491516, 40.0590133667, 28.9621047974, 3.24705076218, 16.6942615509, -4.8365278244], [-634.486816406, -8.01528549194, 220.487701416, 90.4049453735, 9.30576133728, 265.42779541, 58.1271629333, 16.9237918854, 7.62061834335, -7.08319664001, 67.4746704102, 14.9207201004, 21.3377513885], [-163.517776489, 45.8073196411, 15.6211128235, -46.8057975769, 38.8754692078, 58.1271629333, 270.600341797, 33.7192420959, 13.9730176926, 53.3910064697, -3.9626185894, -15.4995594025, 3.86043405533], [-59.7667427063, -88.3502349854, 82.4525756836, 33.3408088684, 43.6008491516, 16.9237918854, 33.7192420959, 145.615768433, 57.9830932617, 24.6146354675, 17.8920764923, 8.74266052246, 4.676674366], [80.8659210205, -60.6634941101, -14.7660703659, 28.7556381226, 40.0590133667, 7.62061834335, 13.9730176926, 57.9830932617, 150.555938721, 54.5098114014, -2.97168779373, -6.76177120209, -0.570149004459], [233.265655518, -75.0380020142, -61.3825912476, -3.96384096146, 28.9621047974, -7.08319664001, 53.3910064697, 24.6146354675, 54.5098114014, 144.47253418, 6.97167634964, -14.5959291458, -0.412028163671], [-268.963684082, 6.49421691895, 105.382369995, 54.0408859253, 3.24705076218, 67.4746704102, -3.9626185894, 17.8920764923, -2.97168779373, 6.97167634964, 121.855201721, 37.711517334, 16.6266269684], [-69.8663406372, -12.1566543579, 61.6852722168, 40.9992370605, 16.6942615509, 14.9207201004, -15.4995594025, 8.74266052246, -6.76177120209, -14.5959291458, 37.711517334, 107.068656921, 24.1405544281], [-0.753121733665, 15.0048780441, -14.1874847412, 26.8862133026, -4.8365278244, 21.3377513885, 3.86043405533, 4.676674366, -0.570149004459, -0.412028163671, 16.6266269684, 24.1405544281, 80.4453430176]],
        "icov": [[0.000138286937727, 8.0204103142e-05, 0.000216344255023, 4.22638331656e-05, 0.000175077017047, 0.000107498002762, 4.78193542222e-05, -8.00408888608e-05, -9.08458059712e-06, -0.000135653899633, 8.81950763869e-05, -0.000123307865579, 1.27507964862e-05], [8.0204103142e-05, 0.00108604400884, 0.000288315291982, -0.000204416312044, -0.000366834661691, 0.000214956366108, -0.000384496117476, 0.000626532710157, 0.000102906451502, 0.000675740535371, -0.000348123663571, 0.000271166441962, -0.000184928721865], [0.000216344255023, 0.000288315291982, 0.00212837336585, 0.000250103301369, -0.000571695680264, -0.00117314653471, 0.000246526295086, -0.000946250685956, 0.000444896024419, 0.000638093915768, -0.000624082516879, -0.00064825656591, 0.000889944029041], [4.22638331656e-05, -0.000204416312044, 0.000250103301369, 0.00523760169744, -0.00130474485923, -0.00180934777018, 0.00161658017896, -0.000818956061266, -0.000511770136654, -7.5078503869e-05, -0.000824148068205, -0.000950667716097, -0.000844745896757], [0.000175077017047, -0.000366834661691, -0.000571695680264, -0.00130474485923, 0.00620287423953, 0.00104481342714, -0.000778700574301, -0.000841300701723, -0.000895449600648, -0.00133185682353, 0.00111883506179, -0.00103473430499, 0.000653477327432], [0.000107498002762, 0.000214956366108, -0.00117314653471, -0.00180934777018, 0.00104481342714, 0.00652302522212, -0.00191719690338, 0.00106915412471, -0.000766959856264, 0.000513783597853, -0.00202163937502, 0.00102421909105, -0.00117113033775], [4.78193542222e-05, -0.000384496117476, 0.000246526295086, 0.00161658017896, -0.000778700574301, -0.00191719690338, 0.00514226965606, -0.00148129591253, 0.000675144430716, -0.00200648023747, 0.000827818468679, 2.75204984064e-05, -0.000308435177431], [-8.00408888608e-05, 0.000626532710157, -0.000946250685956, -0.000818956061266, -0.000841300701723, 0.00106915412471, -0.00148129591253, 0.0097897797823, -0.00328101101331, 0.000451157306088, -0.00117844797205, 0.000273798243143, -0.000702537887264], [-9.08458059712e-06, 0.000102906451502, 0.000444896024419, -0.000511770136654, -0.000895449600648, -0.000766959856264, 0.000675144430716, -0.00328101101331, 0.00937905162573, -0.00285834632814, 0.00101840822026, 0.000338875950547, 0.000277818035102], [-0.000135653899633, 0.000675740535371, 0.000638093915768, -7.5078503869e-05, -0.00133185682353, 0.000513783597853, -0.00200648023747, 0.000451157306088, -0.00285834632814, 0.0100583164021, -0.00232978956774, 0.00148485973477, -6.87770661898e-05], [8.81950763869e-05, -0.000348123663571, -0.000624082516879, -0.000824148068205, 0.00111883506179, -0.00202163937502, 0.000827818468679, -0.00117844797205, 0.00101840822026, -0.00232978956774, 0.0118710966781, -0.00328036141582, -0.000610449467786], [-0.000123307865579, 0.000271166441962, -0.00064825656591, -0.000950667716097, -0.00103473430499, 0.00102421909105, 2.75204984064e-05, 0.000273798243143, 0.000338875950547, 0.00148485973477, -0.00328036141582, 0.0121167628095, -0.00314752501436], [1.27507964862e-05, -0.000184928721865, 0.000889944029041, -0.000844745896757, 0.000653477327432, -0.00117113033775, -0.000308435177431, -0.000702537887264, 0.000277818035102, -6.87770661898e-05, -0.000610449467786, -0.00314752501436, 0.0143825775012]]
    },
    "spectral_contrast_coeffs": {
        "mean": [-0.744696557522, -0.737226605415, -0.731455206871, -0.762860119343, -0.762300312519, -0.783353030682],
        "stdev": [0.0644965842366, 0.0758644491434, 0.0812071040273, 0.0635165497661, 0.0597082450986, 0.0472102612257]
    },
    "spectral_contrast_valleys": {
        "mean": [-6.71714878082, -7.25473499298, -8.01720809937, -8.18494319916, -8.08891582489, -10.5428915024],
        "stdev": [1.03482747078, 1.29268670082, 1.3450204134, 1.42287969589, 1.45504498482, 1.42225909233]
    }
},
"rhythm": {
    "beats_count": 356,
    "beats_loudness": {
        "mean": 0.0337534844875,
        "stdev": 0.026222826913
    },
    "bpm": 89.1624221802,
    "bpm_histogram_first_peak_bpm": 89,
    "bpm_histogram_first_peak_weight": 0.153392314911,
    "bpm_histogram_second_peak_bpm": 94,
    "bpm_histogram_second_peak_spread": 0.399999976158,
    "bpm_histogram_second_peak_weight": 0.0169014092535,
    "danceability": 1.29177546501,
    "onset_rate": 3.49608898163,
    "beats_loudness_band_ratio": {
        "mean": [0.424001246691, 0.173003479838, 0.122265331447, 0.129893794656, 0.101289838552, 0.0828687399626],
        "stdev": [0.257129967213, 0.156465113163, 0.116295009851, 0.133544325829, 0.0902490690351, 0.0701860412955]
    },
    "beats_position": [0.638548731804, 1.27709746361, 1.91564619541, 2.56580495834, 3.22757363319, 3.88934230804, 4.5627207756, 5.23609972, 5.92108821869, 6.60607719421, 7.27945566177, 7.95283412933, 8.6146030426, 9.287981987, 9.96135997772, 10.6347389221, 11.3081178665, 11.9931058884, 12.6780948639, 13.3630838394, 14.0364627838, 14.7098407745, 15.3716096878, 16.0449886322, 16.7067565918, 17.3685264587, 18.0419044495, 18.7152824402, 19.3886623383, 20.062040329, 20.7354183197, 21.4087982178, 22.0821762085, 22.7555541992, 23.4289340973, 24.102312088, 24.7873020172, 25.4606800079, 26.1224479675, 26.7958278656, 27.4808158875, 28.1658039093, 28.8391838074, 29.5125617981, 30.1859397888, 30.8593196869, 31.5326976776, 32.2060775757, 32.8794555664, 33.5528335571, 34.2378234863, 34.9228096008, 35.5961914062, 36.2811775208, 36.96616745, 37.6395454407, 38.3129234314, 38.9863014221, 39.6596832275, 40.3330612183, 41.006439209, 41.6798171997, 42.3531951904, 43.0265769958, 43.6883430481, 44.350112915, 45.0234909058, 45.6968688965, 46.3702468872, 47.0436286926, 47.7170066833, 48.3903846741, 49.0637626648, 49.7371406555, 50.4221305847, 51.0955085754, 51.7572784424, 52.4306564331, 53.1040344238, 53.789024353, 54.4740142822, 55.1473922729, 55.8207702637, 56.4941482544, 57.1675262451, 57.8409042358, 58.5142860413, 59.2108840942, 59.884262085, 60.5576400757, 61.2310180664, 61.9043960571, 62.5777778625, 63.2395439148, 63.9013137817, 64.5746917725, 65.2480697632, 65.9214477539, 66.5948257446, 67.2682037354, 67.9415893555, 68.6149673462, 69.2883453369, 69.9617233276, 70.6351013184, 71.3084793091, 71.9818572998, 72.6552352905, 73.3286132812, 74.001991272, 74.6753692627, 75.3487548828, 76.0221328735, 76.6955108643, 77.368888855, 78.0422668457, 78.7272567749, 79.4122467041, 80.0856246948, 80.7590026855, 81.4555969238, 82.1289749146, 82.8023605347, 83.4757385254, 84.1491165161, 84.8224945068, 85.4958724976, 86.1692504883, 86.842628479, 87.5160064697, 88.1893844604, 88.8627624512, 89.5361404419, 90.2095184326, 90.8829040527, 91.5562820435, 92.2296600342, 92.9030380249, 93.5764160156, 94.2497940063, 94.9231719971, 95.5849380493, 96.2583236694, 96.9317016602, 97.5934677124, 98.2668457031, 98.9402236938, 99.6136016846, 100.286979675, 100.960357666, 101.633743286, 102.307121277, 102.980499268, 103.653877258, 104.327255249, 105.012245178, 105.697235107, 106.370613098, 107.043991089, 107.728981018, 108.413963318, 109.075737, 109.737503052, 110.410881042, 111.10748291, 111.780860901, 112.454238892, 113.127616882, 113.800994873, 114.474372864, 115.147750854, 115.821128845, 116.494506836, 117.167892456, 117.841270447, 118.514648438, 119.188026428, 119.84979248, 120.511566162, 121.184944153, 121.869926453, 122.543312073, 123.216690063, 123.901672363, 124.575057983, 125.248435974, 125.921813965, 126.606803894, 127.291786194, 127.965164185, 128.638549805, 129.311920166, 129.985305786, 130.658676147, 131.320449829, 131.982223511, 132.655593872, 133.328979492, 134.002349854, 134.675735474, 135.337509155, 135.999267578, 136.672653198, 137.369247437, 138.054244995, 138.716003418, 139.389389038, 140.062759399, 140.73614502, 141.409515381, 142.082901001, 142.756271362, 143.441268921, 144.126251221, 144.799636841, 145.473007202, 146.146392822, 146.808166504, 147.469924927, 148.154922485, 148.839904785, 149.513290405, 150.186660767, 150.860046387, 151.533416748, 152.206802368, 152.880172729, 153.55355835, 154.226928711, 154.900314331, 155.573699951, 156.247070312, 156.920455933, 157.605438232, 158.290420532, 158.963806152, 159.637191772, 160.310562134, 160.983947754, 161.657318115, 162.330703735, 163.004074097, 163.677459717, 164.350830078, 165.024215698, 165.69758606, 166.37097168, 167.032745361, 167.717727661, 168.391113281, 169.064483643, 169.737869263, 170.411239624, 171.073013306, 171.734786987, 172.408157349, 173.06993103, 173.743301392, 174.42829895, 175.101669312, 175.775054932, 176.460037231, 177.14503479, 177.83001709, 178.50340271, 179.176773071, 179.850158691, 180.523529053, 181.208526611, 181.881896973, 182.566894531, 183.240264893, 183.902038574, 184.575408936, 185.248794556, 185.922180176, 186.607162476, 187.292144775, 187.965530396, 188.638900757, 189.312286377, 189.974060059, 190.635818481, 191.309204102, 192.00579834, 192.67918396, 193.352554321, 194.025939941, 194.699310303, 195.372695923, 196.046066284, 196.731063843, 197.404434204, 198.077819824, 198.739593506, 199.412963867, 200.074737549, 200.74810791, 201.409881592, 202.083267212, 202.756637573, 203.430023193, 204.091781616, 204.753555298, 205.438537598, 206.111923218, 206.785308838, 207.470291138, 208.155273438, 208.828659058, 209.513641357, 210.187026978, 210.872009277, 211.545394897, 212.230377197, 212.903762817, 213.577133179, 214.250518799, 214.92388916, 215.59727478, 216.2706604, 216.944030762, 217.617416382, 218.290786743, 218.964172363, 219.637542725, 220.299316406, 220.961090088, 221.634460449, 222.307846069, 222.981216431, 223.666213989, 224.351196289, 225.024581909, 225.709564209, 226.417770386, 227.137588501, 227.892242432, 228.658493042, 229.308654785, 229.958816528, 230.585754395, 231.201080322, 231.81640625, 232.420135498, 233.023849487, 233.639175415, 234.242904663, 234.893051147, 235.543212891, 236.193374634, 236.831924438, 237.470474243, 238.109024048, 238.747573853, 239.397735596],
    "bpm_histogram": [0, 0, 0, 0, 0, 0, 0, 0, 0, 0, 0, 0, 0, 0, 0, 0, 0, 0, 0, 0, 0, 0, 0, 0, 0, 0, 0, 0, 0, 0, 0, 0, 0, 0, 0, 0, 0, 0, 0, 0, 0, 0, 0, 0, 0, 0, 0, 0, 0, 0, 0, 0, 0, 0, 0, 0, 0, 0, 0, 0, 0, 0, 0, 0, 0, 0, 0, 0, 0, 0, 0, 0, 0, 0, 0, 0, 0, 0, 0.00281690130942, 0, 0.00281690130942, 0, 0, 0.00281690130942, 0, 0.00281690130942, 0.0140845067799, 0, 0.143661975861, 0.664788722992, 0, 0.109859153628, 0.0197183098644, 0, 0.0169014092535, 0, 0.00281690130942, 0, 0.00845070462674, 0.00845070462674, 0, 0, 0, 0, 0, 0, 0, 0, 0, 0, 0, 0, 0, 0, 0, 0, 0, 0, 0, 0, 0, 0, 0, 0, 0, 0, 0, 0, 0, 0, 0, 0, 0, 0, 0, 0, 0, 0, 0, 0, 0, 0, 0, 0, 0, 0, 0, 0, 0, 0, 0, 0, 0, 0, 0, 0, 0, 0, 0, 0, 0, 0, 0, 0, 0, 0, 0, 0, 0, 0, 0, 0, 0, 0, 0, 0, 0, 0, 0, 0, 0, 0, 0, 0, 0, 0, 0, 0, 0, 0, 0, 0, 0, 0, 0, 0, 0, 0, 0, 0, 0, 0, 0, 0, 0, 0, 0, 0, 0, 0, 0, 0, 0, 0, 0, 0, 0, 0, 0, 0, 0, 0, 0, 0, 0, 0, 0, 0, 0, 0, 0, 0, 0, 0, 0, 0, 0, 0, 0, 0, 0, 0, 0, 0, 0, 0, 0, 0, 0, 0]
},
"tonal": {
    "chords_changes_rate": 0.0485024154186,
    "chords_number_rate": 0.00193236710038,
    "chords_strength": {
        "mean": 0.510052621365,
        "stdev": 0.0841620862484
    },
    "hpcp_crest": {
        "mean": 15.3337697983,
        "stdev": 7.07435560226
    },
    "hpcp_entropy": {
        "mean": 1.77001965046,
        "stdev": 0.701234281063
    },
    "key_edma": {
        "strength": 0.792701840401,
        "key": "D",
        "scale": "major"
    },
    "key_krumhansl": {
        "strength": 0.808293581009,
        "key": "D",
        "scale": "major"
    },
    "key_temperley": {
        "strength": 0.828598737717,
        "key": "D",
        "scale": "major"
    },
    "tuning_diatonic_strength": 0.663284599781,
    "tuning_equal_tempered_deviation": 0.0330411046743,
    "tuning_frequency": 440.508575439,
    "tuning_nontempered_energy_ratio": 0.656338214874,
    "hpcp": {
        "mean": [0.346115291119, 0.183379471302, 0.0697662085295, 0.0475438535213, 0.0478986725211, 0.106813684106, 0.160207852721, 0.110764481127, 0.059001263231, 0.0495973490179, 0.0438451953232, 0.0704550296068, 0.108337424695, 0.0937790125608, 0.198608934879, 0.399534612894, 0.26795694232, 0.051274061203, 0.0341610610485, 0.0385610125959, 0.128490895033, 0.238646939397, 0.170506954193, 0.0610570646822, 0.0381414741278, 0.0307294502854, 0.0718708485365, 0.111923389137, 0.0907093286514, 0.189253643155, 0.262419462204, 0.138996765018, 0.0644904598594, 0.0661074072123, 0.0795523822308, 0.253662765026],
        "stdev": [0.369078636169, 0.242719322443, 0.17587274313, 0.14229363203, 0.142944335938, 0.191894009709, 0.259427815676, 0.205623865128, 0.152053996921, 0.141023829579, 0.132453247905, 0.158479362726, 0.207566440105, 0.183193132281, 0.218052849174, 0.388343006372, 0.294063925743, 0.132675647736, 0.110860526562, 0.118806988001, 0.197220161557, 0.321756750345, 0.252239823341, 0.148984745145, 0.113255061209, 0.0973656848073, 0.154086142778, 0.213756859303, 0.174866273999, 0.273563653231, 0.364324867725, 0.210381552577, 0.142751857638, 0.148915454745, 0.158804997802, 0.319892466068]
    },
    "chords_histogram": [23.613527298, 1.79710149765, 22.8019332886, 1.02415454388, 0.251207739115, 0.0966183543205, 0, 0, 0.0386473424733, 0, 0.251207739115, 0, 0, 0, 0, 4, 0, 5.42995166779, 0, 2.22222232819, 0.0772946849465, 10.7632846832, 25.6618366241, 1.97101449966],
    "thpcp": [1, 0.670672655106, 0.128334462643, 0.0855021327734, 0.0965148210526, 0.321601420641, 0.5973123312, 0.426763921976, 0.152820467949, 0.095464758575, 0.0769131109118, 0.179886415601, 0.280134409666, 0.227037474513, 0.473685234785, 0.656812846661, 0.347896665335, 0.161413952708, 0.165461033583, 0.19911262393, 0.63489562273, 0.866296112537, 0.458982676268, 0.174618691206, 0.118998087943, 0.119886167347, 0.267345249653, 0.400986164808, 0.277233749628, 0.147674977779, 0.124137803912, 0.109740667045, 0.176342740655, 0.271159052849, 0.234720617533, 0.497100710869],
    "chords_key": "G",
    "chords_scale": "major"
}
}