{
"metadata": {
    "version": {
        "essentia": "2.1-dev",
        "essentia_git_sha": "v2.1_beta3-415-gd5473f3",
        "extractor": "music 2.0"
    },
    "audio_properties": {
        "analysis": {
            "equal_loudness": 0,
            "length": 248.685714722,
            "sample_rate": 44100,
            "start_time": 0,
            "downmix": "mix"
        },
        "bit_rate": 192000,
        "length": 248.685714722,
        "lossless": 0,
        "number_channels": 2,
        "replay_gain": -12.0424537659,
        "sample_rate": 44100,
        "codec": "mp3",
        "md5_encoded": "6722c14ff43d79c990005670dc5047fc"
    },
    "tags": {
        "file_name": "faith_hill-baby_you_belong.mp3",
        "album": ["Unknown Disc"],
        "artist": ["Unknown"],
        "date": ["0"],
        "genre": ["Other"],
        "title": ["Track 7"]
    }
},
"lowlevel": {
    "average_loudness": 0.348714441061,
    "barkbands_crest": {
        "mean": 10.749130249,
        "stdev": 4.21238327026
    },
    "barkbands_flatness_db": {
        "mean": 0.175174072385,
        "stdev": 0.0670763254166
    },
    "barkbands_kurtosis": {
        "mean": 5.34836864471,
        "stdev": 12.3008317947
    },
    "barkbands_skewness": {
        "mean": 1.38815128803,
        "stdev": 1.45154941082
    },
    "barkbands_spread": {
        "mean": 18.6238880157,
        "stdev": 14.8599176407
    },
    "dissonance": {
        "mean": 0.442848622799,
        "stdev": 0.0446683466434
    },
    "dynamic_complexity": 5.07424163818,
    "erbbands_crest": {
        "mean": 11.6972341537,
        "stdev": 5.52191257477
    },
    "erbbands_flatness_db": {
        "mean": 0.181127741933,
        "stdev": 0.0638675540686
    },
    "erbbands_kurtosis": {
        "mean": 2.03959560394,
        "stdev": 5.90476989746
    },
    "erbbands_skewness": {
        "mean": 0.612591445446,
        "stdev": 0.941984653473
    },
    "erbbands_spread": {
        "mean": 30.3667640686,
        "stdev": 20.0926475525
    },
    "hfc": {
        "mean": 19.3639221191,
        "stdev": 23.3591899872
    },
    "loudness_ebu128": {
        "integrated": -11.9332618713,
        "loudness_range": 9.69183158875,
        "momentary": {
            "mean": -14.6462669373,
            "stdev": 7.50654792786
        },
        "short_term": {
            "mean": -13.6838083267,
            "stdev": 4.43589925766
        }
    },
    "melbands_crest": {
        "mean": 14.0801849365,
        "stdev": 5.37330198288
    },
    "melbands_flatness_db": {
        "mean": 0.232357397676,
        "stdev": 0.0880959033966
    },
    "melbands_kurtosis": {
        "mean": 12.1323318481,
        "stdev": 26.3757228851
    },
    "melbands_skewness": {
        "mean": 2.11122822762,
        "stdev": 1.84686434269
    },
    "melbands_spread": {
        "mean": 21.9181842804,
        "stdev": 20.1710262299
    },
    "pitch_salience": {
        "mean": 0.51927036047,
        "stdev": 0.107031621039
    },
    "silence_rate_20dB": {
        "mean": 1,
        "stdev": 0
    },
    "silence_rate_30dB": {
        "mean": 0.999906659126,
        "stdev": 0.00966180022806
    },
    "silence_rate_60dB": {
        "mean": 0.113714873791,
        "stdev": 0.317477852106
    },
    "spectral_centroid": {
        "mean": 1091.80725098,
        "stdev": 639.762939453
    },
    "spectral_complexity": {
        "mean": 14.9222297668,
        "stdev": 8.88045978546
    },
    "spectral_decrease": {
        "mean": -5.4498947577e-09,
        "stdev": 4.38533076519e-09
    },
    "spectral_energy": {
        "mean": 0.0223255269229,
        "stdev": 0.0180524662137
    },
    "spectral_energyband_high": {
        "mean": 0.000619714439381,
        "stdev": 0.00166492257267
    },
    "spectral_energyband_low": {
        "mean": 0.00584336696193,
        "stdev": 0.00637538870797
    },
    "spectral_energyband_middle_high": {
        "mean": 0.00772864837199,
        "stdev": 0.0123922070488
    },
    "spectral_energyband_middle_low": {
        "mean": 0.00885111279786,
        "stdev": 0.00871554668993
    },
    "spectral_entropy": {
        "mean": 7.28775167465,
        "stdev": 0.640644073486
    },
    "spectral_flux": {
        "mean": 0.0682367086411,
        "stdev": 0.0464598201215
    },
    "spectral_kurtosis": {
        "mean": 8.89678573608,
        "stdev": 16.8523483276
    },
    "spectral_rms": {
        "mean": 0.00422089733183,
        "stdev": 0.00199125148356
    },
    "spectral_rolloff": {
        "mean": 1297.34777832,
        "stdev": 1655.00817871
    },
    "spectral_skewness": {
        "mean": 2.07958006859,
        "stdev": 1.15377688408
    },
    "spectral_spread": {
        "mean": 4711448,
        "stdev": 2238600
    },
    "spectral_strongpeak": {
        "mean": 1.37039268017,
        "stdev": 1.98054969311
    },
    "zerocrossingrate": {
        "mean": 0.0540852509439,
        "stdev": 0.0435552187264
    },
    "barkbands": {
        "mean": [0.000245863076998, 0.00366075057536, 0.00154912448488, 0.000731764361262, 0.00260167079978, 0.00170876982156, 0.00066932674963, 0.000761537754443, 0.00169988337439, 0.00194305810146, 0.00219966843724, 0.000952430011239, 0.000684781523887, 0.000554296362679, 0.000583609100431, 0.00036548144999, 0.000342148443451, 0.00020530394977, 0.000174273387529, 0.000141460885061, 7.38053131499e-05, 5.11954931426e-05, 9.37980876188e-05, 0.00017094227951, 0.000128841129481, 3.17446138069e-05, 7.33194782665e-10],
        "stdev": [0.00052066432545, 0.00483685359359, 0.00244012731127, 0.00126816763077, 0.00453412206843, 0.00263724592514, 0.00166251091287, 0.00176504161209, 0.00399481831118, 0.00481171952561, 0.00678968569264, 0.0040745367296, 0.0021317016799, 0.00160442572087, 0.00181018479634, 0.00111052859575, 0.00104822404683, 0.000447031663498, 0.000327599031152, 0.00022008443193, 0.000129846215714, 0.000138657371281, 0.000340841390425, 0.000673912698403, 0.000643939478323, 0.000159200935741, 1.25196641942e-09]
    },
    "erbbands": {
        "mean": [0.12768894434, 0.732168257236, 1.68236470222, 2.36268830299, 4.10947656631, 9.99129009247, 14.1805763245, 13.6592330933, 9.55257034302, 13.1751203537, 18.7008228302, 43.0379943848, 51.4269142151, 85.3699645996, 67.3117752075, 43.8013267517, 33.1648597717, 32.1815414429, 28.2779273987, 27.2277832031, 21.3048000336, 16.697309494, 11.9421443939, 11.8179225922, 7.05919790268, 6.83368015289, 4.19561767578, 2.23177075386, 1.83229911327, 2.18035387993, 2.79288697243, 2.82682824135, 3.21485209465, 1.89248418808, 0.679852843285, 0.202805384994, 0.0484804958105, 0.00388386938721, 9.37870281632e-05, 3.26475492329e-05],
        "stdev": [0.200425073504, 0.983162403107, 2.46318721771, 3.6572663784, 8.52959442139, 18.4654159546, 22.4271469116, 25.4539794922, 21.5779914856, 33.343120575, 41.6343307495, 100.533470154, 122.466377258, 257.380340576, 196.740493774, 194.178512573, 98.2093658447, 79.892868042, 79.5708465576, 92.0839385986, 57.1504173279, 46.1074333191, 26.9216537476, 24.9351596832, 12.0669078827, 11.0471696854, 7.2212562561, 4.02757453918, 4.74334716797, 7.1650352478, 10.4837913513, 10.3880262375, 13.783446312, 9.09733295441, 4.0736913681, 1.2034611702, 0.176953226328, 0.0109655437991, 0.000254047306953, 3.39096477546e-05]
    },
    "gfcc": {
        "mean": [-46.2271194458, 108.33846283, -109.602409363, 18.4511604309, -56.1013717651, 20.8794784546, -38.527721405, 15.4037208557, -27.8005065918, -0.0253080334514, -13.5715646744, -0.811468362808, -3.11473965645],
        "cov": [[18299.9101562, -2645.11547852, -1100.81115723, 1087.16430664, -236.080841064, 697.532104492, -160.200439453, 812.661315918, -573.190063477, 271.749786377, -350.874084473, 290.825805664, -112.284759521], [-2645.11547852, 2137.17431641, -139.186187744, -414.674926758, 421.533752441, -403.680541992, 294.386474609, -383.585266113, 165.219314575, -174.516601562, 102.73550415, -187.441970825, 94.3261032104], [-1100.81115723, -139.186187744, 1077.80847168, 184.801422119, -55.3415908813, 126.943267822, -158.166183472, 70.7095489502, 42.6930084229, 40.2306938171, -34.5776901245, 86.2429885864, -9.24265098572], [1087.16430664, -414.674926758, 184.801422119, 570.990661621, 19.1487636566, 54.3244400024, -38.7178153992, 87.2440643311, 38.0361747742, 61.4212493896, -48.8409194946, 65.5437469482, -0.92765724659], [-236.080841064, 421.533752441, -55.3415908813, 19.1487636566, 355.805541992, -32.5438995361, 110.685455322, -35.0656700134, 63.2292060852, 12.9812250137, -5.45059490204, -4.44180822372, 21.9457607269], [697.532104492, -403.680541992, 126.943267822, 54.3244400024, -32.5438995361, 322.030700684, 40.3938026428, 101.731819153, -37.8362693787, 63.7066917419, 15.4287128448, 34.8703460693, -17.3300762177], [-160.200439453, 294.386474609, -158.166183472, -38.7178153992, 110.685455322, 40.3938026428, 308.573516846, -35.7055282593, -5.06691265106, 7.59034776688, 34.5640945435, -28.5760040283, 6.08788156509], [812.661315918, -383.585266113, 70.7095489502, 87.2440643311, -35.0656700134, 101.731819153, -35.7055282593, 287.124053955, 0.193428084254, 34.6374397278, -2.40831971169, 42.9354972839, 23.7984695435], [-573.190063477, 165.219314575, 42.6930084229, 38.0361747742, 63.2292060852, -37.8362693787, -5.06691265106, 0.193428084254, 187.714431763, 29.6029853821, -9.23929691315, 1.87636613846, 9.77822113037], [271.749786377, -174.516601562, 40.2306938171, 61.4212493896, 12.9812250137, 63.7066917419, 7.59034776688, 34.6374397278, 29.6029853821, 140.921112061, 17.6711864471, 26.7636680603, -17.9535064697], [-350.874084473, 102.73550415, -34.5776901245, -48.8409194946, -5.45059490204, 15.4287128448, 34.5640945435, -2.40831971169, -9.23929691315, 17.6711864471, 137.416732788, -12.2260150909, 20.7882156372], [290.825805664, -187.441970825, 86.2429885864, 65.5437469482, -4.44180822372, 34.8703460693, -28.5760040283, 42.9354972839, 1.87636613846, 26.7636680603, -12.2260150909, 125.456115723, 13.4265346527], [-112.284759521, 94.3261032104, -9.24265098572, -0.92765724659, 21.9457607269, -17.3300762177, 6.08788156509, 23.7984695435, 9.77822113037, -17.9535064697, 20.7882156372, 13.4265346527, 103.551086426]],
        "icov": [[0.000133933877805, -0.000198703331989, 0.000309474329697, -0.000325884931954, 0.00014764664229, -0.000365305138985, 0.000266087270575, -0.000373111892259, 0.000530070334207, -0.000317574682413, 0.000453240791103, -0.000268701056484, 0.000167349586263], [-0.000198703331989, 0.00273914239369, -0.00122011790518, 0.00161692884285, -0.00214908784255, 0.00252346531488, -0.00208161980845, 0.00214907596819, -0.00228716200218, 0.00221356702968, -0.00211448059417, 0.00208121701144, -0.00154435448349], [0.000309474329697, -0.00122011790518, 0.00210874550976, -0.00134152709506, 0.000960506673437, -0.00199047429487, 0.00172275863588, -0.00126005534548, 0.0013658714015, -0.00116708921269, 0.0015355295036, -0.00159008381888, 0.000841408036649], [-0.000325884931954, 0.00161692884285, -0.00134152709506, 0.00342813297175, -0.00139225460589, 0.00179778586607, -0.00139974802732, 0.00123313860968, -0.00216299435124, 0.000896978424862, -0.0010673746001, 0.000862884742673, -0.00105829595122], [0.00014764664229, -0.00214908784255, 0.000960506673437, -0.00139225460589, 0.00523336231709, -0.00162125728093, 0.00027770359884, -0.00136739411391, 0.000749170896597, -0.00207453384064, 0.00211709504947, -0.00173240411095, 0.000477668771055], [-0.000365305138985, 0.00252346531488, -0.00199047429487, 0.00179778586607, -0.00162125728093, 0.00704165454954, -0.00320019689389, 0.000959094206337, -0.00159997702576, 0.000774887623265, -0.00265908078291, 0.00165542750619, -0.000761933391914], [0.000266087270575, -0.00208161980845, 0.00172275863588, -0.00139974802732, 0.00027770359884, -0.00320019689389, 0.00607454311103, -0.00130486988928, 0.00226270919666, -0.00183018518146, 0.00112052960321, -0.00109813350718, 0.00106071832124], [-0.000373111892259, 0.00214907596819, -0.00126005534548, 0.00123313860968, -0.00136739411391, 0.000959094206337, -0.00130486988928, 0.00650350376964, -0.00260655395687, 0.00159237044863, -0.00202389364131, 0.00124705268536, -0.00266443635337], [0.000530070334207, -0.00228716200218, 0.0013658714015, -0.00216299435124, 0.000749170896597, -0.00159997702576, 0.00226270919666, -0.00260655395687, 0.00934601109475, -0.00407241517678, 0.00311954529025, -0.00162845989689, 0.000796485925093], [-0.000317574682413, 0.00221356702968, -0.00116708921269, 0.000896978424862, -0.00207453384064, 0.000774887623265, -0.00183018518146, 0.00159237044863, -0.00407241517678, 0.011367415078, -0.00398054532707, 0.000270227144938, 0.000973600253928], [0.000453240791103, -0.00211448059417, 0.0015355295036, -0.0010673746001, 0.00211709504947, -0.00265908078291, 0.00112052960321, -0.00202389364131, 0.00311954529025, -0.00398054532707, 0.0108718276024, -0.000977965886705, -0.000989830470644], [-0.000268701056484, 0.00208121701144, -0.00159008381888, 0.000862884742673, -0.00173240411095, 0.00165542750619, -0.00109813350718, 0.00124705268536, -0.00162845989689, 0.000270227144938, -0.000977965886705, 0.0113367047161, -0.00297218328342], [0.000167349586263, -0.00154435448349, 0.000841408036649, -0.00105829595122, 0.000477668771055, -0.000761933391914, 0.00106071832124, -0.00266443635337, 0.000796485925093, 0.000973600253928, -0.000989830470644, -0.00297218328342, 0.0123098455369]]
    },
    "melbands": {
        "mean": [0.00107037252747, 0.000929725414608, 0.000443964236183, 0.000504280149471, 0.000505356816575, 0.000302766595269, 0.000145182566484, 0.000146928767208, 0.000156213689479, 0.000281901680864, 0.000248785974691, 0.000332963594701, 0.000246262789005, 0.000130588377942, 7.79460169724e-05, 7.29339881218e-05, 5.92112082813e-05, 4.42039490736e-05, 3.8420133933e-05, 3.28988280671e-05, 2.32999445871e-05, 1.88988979062e-05, 1.26887371152e-05, 9.73811802396e-06, 9.71731969912e-06, 5.48336038264e-06, 4.64318236482e-06, 4.45702789875e-06, 2.87796819975e-06, 1.69662803273e-06, 1.18919911074e-06, 1.06279730971e-06, 9.27236101234e-07, 1.34049821554e-06, 1.64922937529e-06, 1.54697761445e-06, 1.78082348157e-06, 2.28877343034e-06, 2.06289496418e-06, 1.46570073412e-06],
        "stdev": [0.00149050576147, 0.00117895659059, 0.000646708183922, 0.00104094832204, 0.000754982116632, 0.000527353666257, 0.000333105563186, 0.000368425709894, 0.000382036552764, 0.000672079448123, 0.000619936559815, 0.00101017788984, 0.000715770351235, 0.000492340186611, 0.000277692219242, 0.000233029611991, 0.00017105837469, 0.000131782580866, 0.000125939055579, 0.000106566032628, 6.71894085826e-05, 5.32342419319e-05, 4.97640721733e-05, 2.31030498981e-05, 2.21009668167e-05, 1.05814033304e-05, 7.61340697863e-06, 7.56863164497e-06, 5.34390119356e-06, 3.32086597155e-06, 2.41860243477e-06, 2.81256507151e-06, 2.82042014987e-06, 4.77226785733e-06, 6.77831349094e-06, 5.52473375137e-06, 6.93391575624e-06, 9.98468840407e-06, 9.66217157838e-06, 7.56955250836e-06]
    },
    "melbands128": {
        "mean": [0.00023353107099, 0.001063638716, 0.00140633597039, 0.00113023410086, 0.000885276240297, 0.000749148894101, 0.000482345814817, 0.000346184679074, 0.000367104978068, 0.000519504421391, 0.000569420866668, 0.00056797178695, 0.00052029377548, 0.000370810244931, 0.000363753992133, 0.000222948176088, 0.000148725623148, 0.000134397094371, 0.000144009638461, 0.000149203115143, 0.000163970660651, 0.000122980243759, 0.000170287457877, 0.000161544056027, 0.000276855949778, 0.000368758279365, 0.000189895872609, 0.000299433711916, 0.000190772319911, 0.000292422279017, 0.000443392316811, 0.000321315019391, 0.000194569598534, 0.000274637888651, 7.9196979641e-05, 0.000131437220261, 0.000136640694109, 5.67308561585e-05, 5.9472189605e-05, 7.59093163651e-05, 9.56739750109e-05, 3.79381199309e-05, 6.28206835245e-05, 7.17433576938e-05, 3.47210843756e-05, 4.68518010166e-05, 4.54658038507e-05, 3.38052705047e-05, 3.90315399272e-05, 3.93878726754e-05, 3.09428614855e-05, 2.87153925456e-05, 2.26132506214e-05, 2.11496681004e-05, 2.57984884229e-05, 1.86248962564e-05, 1.04520277091e-05, 1.88725807675e-05, 9.95847767626e-06, 1.01616615211e-05, 8.82788663148e-06, 8.16592819319e-06, 1.55390098371e-05, 7.96517178969e-06, 5.20960247741e-06, 6.3551351559e-06, 4.83978828925e-06, 3.85933071811e-06, 4.64221830043e-06, 5.81012727707e-06, 4.35034280599e-06, 4.16033799411e-06, 3.270877869e-06, 2.53527650784e-06, 2.52005497714e-06, 1.94744370674e-06, 1.25913118154e-06, 1.09046834496e-06, 1.26709312553e-06, 1.13278508707e-06, 1.1897790273e-06, 9.77345621322e-07, 8.88689612566e-07, 8.50254309626e-07, 1.02976594007e-06, 1.16613819046e-06, 1.48610081396e-06, 1.61629770901e-06, 1.78148502528e-06, 1.55335783347e-06, 1.49396385041e-06, 1.51624135469e-06, 1.69020324847e-06, 1.66066661222e-06, 1.91288745555e-06, 2.16191097024e-06, 2.40625786319e-06, 2.44000216298e-06, 2.19442472371e-06, 1.79776486675e-06, 1.65669439411e-06, 1.49874517774e-06, 1.1213144262e-06, 9.19837589208e-07, 7.25083964426e-07, 5.86458781981e-07, 5.08943287514e-07, 4.17939020281e-07, 3.36938342116e-07, 2.52392794664e-07, 1.93435923279e-07, 1.69770842717e-07, 1.42502841527e-07, 1.3086406625e-07, 1.02399930313e-07, 1.93752924815e-08, 7.35844718491e-12, 3.42719646065e-12, 3.3060986674e-12, 3.2016251629e-12, 3.1151769532e-12, 3.04131893281e-12, 2.97311177413e-12, 2.91654005634e-12, 2.87177876965e-12, 2.83826131001e-12, 2.81256116487e-12, 2.79429235826e-12],
        "stdev": [0.000501461152453, 0.0018922786694, 0.00205490319058, 0.00167122809216, 0.00135800207499, 0.00119260896463, 0.000825507973786, 0.000609953131061, 0.000852710509207, 0.00159368640743, 0.00129991106223, 0.00115384242963, 0.000994520378299, 0.00070750922896, 0.00087079894729, 0.00053944112733, 0.000482661533169, 0.000478908390505, 0.000439588562585, 0.000506361946464, 0.00057604664471, 0.00037647492718, 0.000517650682013, 0.000658592674881, 0.000809862802271, 0.0011052894406, 0.000732104992494, 0.000997660914436, 0.000749830447603, 0.00110432656948, 0.00182781624608, 0.00142222153954, 0.000827941170428, 0.00116055971012, 0.000427795341238, 0.000818565313239, 0.000813005492091, 0.000278252147837, 0.000364214647561, 0.000307722541038, 0.000371861213353, 0.00015711960441, 0.000241584479227, 0.000255274062511, 0.000188877122127, 0.00018157910381, 0.000210123791476, 0.000182301606401, 0.000189215774299, 0.000233495040447, 0.00013933237642, 0.000116451374197, 0.000115219067084, 8.44512323965e-05, 0.000106469058665, 6.77017160342e-05, 4.95082676935e-05, 0.000131259163027, 3.22935084114e-05, 2.82391574729e-05, 3.38082936651e-05, 3.3422584238e-05, 4.89776248287e-05, 2.11882106669e-05, 1.20342720038e-05, 1.67844791576e-05, 1.19806290968e-05, 8.51447111927e-06, 9.1134916147e-06, 1.37208699016e-05, 9.60570559982e-06, 1.03809106804e-05, 8.38505820866e-06, 6.30052772976e-06, 7.00501368556e-06, 4.61649096906e-06, 3.02710373035e-06, 2.23427514356e-06, 3.18832712765e-06, 2.79614937426e-06, 3.81831250706e-06, 2.87295347334e-06, 2.66730671683e-06, 2.83390158984e-06, 3.59097589353e-06, 4.01781744586e-06, 5.77829769099e-06, 7.57909674576e-06, 8.12887356005e-06, 6.65157449475e-06, 5.45988814338e-06, 5.94399762122e-06, 7.29840257918e-06, 6.86030898578e-06, 8.34678576211e-06, 9.82761139312e-06, 1.15896082207e-05, 1.15615903269e-05, 1.12677089419e-05, 9.17379020393e-06, 8.3702543634e-06, 9.07873163669e-06, 6.14551709077e-06, 6.05761806582e-06, 6.78558672007e-06, 3.45221428688e-06, 3.08474636768e-06, 3.61929664905e-06, 2.35913330471e-06, 1.27486066503e-06, 8.18051773877e-07, 7.65842059991e-07, 5.55123619961e-07, 3.64524197494e-07, 2.74739704764e-07, 6.0009092806e-08, 2.43740479189e-11, 5.90018572194e-12, 5.69928652883e-12, 5.52829787157e-12, 5.38118334614e-12, 5.2528233499e-12, 5.14166053484e-12, 5.04749757615e-12, 4.96959938479e-12, 4.90849808715e-12, 4.86294858548e-12, 4.8354506163e-12]
    },
    "mfcc": {
        "mean": [-687.272583008, 136.1171875, 7.81157493591, 7.4377040863, 8.31618595123, -0.90794056654, 7.3043794632, 4.59948301315, 1.29811429977, 3.3307056427, -7.48327207565, -2.92065024376, -3.46402287483],
        "cov": [[13534.6513672, -1188.98278809, -1268.95031738, 188.539886475, 61.7190933228, 80.2783432007, 455.791870117, 259.696014404, 97.2808685303, 268.324066162, -128.318817139, -35.7198867798, 98.0835342407], [-1188.98278809, 1749.80224609, -156.236190796, 25.4691371918, 11.0165109634, 60.1273345947, 43.9593544006, -58.8065299988, -1.97287034988, -71.1563110352, -24.5557823181, -24.0728626251, -42.0067863464], [-1268.95031738, -156.236190796, 951.315795898, 16.1284160614, 128.338287354, 19.4930648804, -90.3882675171, 13.3916187286, -9.93906021118, -3.19976663589, 1.76542234421, 11.5769100189, -2.30568885803], [188.539886475, 25.4691371918, 16.1284160614, 424.930908203, 94.618347168, 49.4682579041, -49.2498435974, 16.7652244568, 73.0981826782, -9.72665214539, 14.4563055038, 42.5425453186, 17.9715042114], [61.7190933228, 11.0165109634, 128.338287354, 94.618347168, 291.736328125, -11.3836984634, -47.2881622314, 16.345993042, 50.5021362305, 12.7645673752, -7.32961654663, 24.5352420807, 11.8414068222], [80.2783432007, 60.1273345947, 19.4930648804, 49.4682579041, -11.3836984634, 282.81338501, 35.4967308044, 18.0347690582, 17.6246681213, 2.89724063873, 54.3737792969, 1.68347537518, 4.89756631851], [455.791870117, 43.9593544006, -90.3882675171, -49.2498435974, -47.2881622314, 35.4967308044, 293.122467041, 41.9714317322, -16.5416107178, 57.487903595, -4.10516548157, -11.2269802094, 23.1107139587], [259.696014404, -58.8065299988, 13.3916187286, 16.7652244568, 16.345993042, 18.0347690582, 41.9714317322, 142.455123901, 50.2224273682, 12.7632894516, 0.969297170639, 4.87612247467, 13.1961965561], [97.2808685303, -1.97287034988, -9.93906021118, 73.0981826782, 50.5021362305, 17.6246681213, -16.5416107178, 50.2224273682, 153.529220581, 28.0095767975, 2.74858379364, 15.3139476776, 20.8886852264], [268.324066162, -71.1563110352, -3.19976663589, -9.72665214539, 12.7645673752, 2.89724063873, 57.487903595, 12.7632894516, 28.0095767975, 145.961715698, 28.3108634949, -6.67476606369, 10.4025707245], [-128.318817139, -24.5557823181, 1.76542234421, 14.4563055038, -7.32961654663, 54.3737792969, -4.10516548157, 0.969297170639, 2.74858379364, 28.3108634949, 117.05291748, 26.940820694, -4.40623283386], [-35.7198867798, -24.0728626251, 11.5769100189, 42.5425453186, 24.5352420807, 1.68347537518, -11.2269802094, 4.87612247467, 15.3139476776, -6.67476606369, 26.940820694, 109.28137207, 29.8863124847], [98.0835342407, -42.0067863464, -2.30568885803, 17.9715042114, 11.8414068222, 4.89756631851, 23.1107139587, 13.1961965561, 20.8886852264, 10.4025707245, -4.40623283386, 29.8863124847, 102.240409851]],
        "icov": [[0.000109229891677, 8.79248400452e-05, 0.00016821641475, -5.89521732763e-05, -9.20305756154e-05, -7.68115278333e-05, -9.02749234228e-05, -0.000137217852171, 6.79105723975e-05, -0.000153921559104, 0.000204909752938, 7.73726787884e-06, 6.30271188129e-06], [8.79248400452e-05, 0.000698229065165, 0.000231734054978, -6.71725647408e-05, -0.000196924651391, -0.000213626699406, -0.000291874806862, 0.000238118387642, -0.000115912640467, 0.000252363679465, 0.000254572194535, 8.56089172885e-05, 0.000271794444416], [0.00016821641475, 0.000231734054978, 0.00144467491191, -9.70806650002e-06, -0.00068324978929, -0.000329842354404, 0.000232986116316, -0.000437476672232, 0.000477376859635, -0.000328195776092, 0.000412946101278, -3.87492254958e-05, 3.1837815186e-05], [-5.89521732763e-05, -6.71725647408e-05, -9.70806650002e-06, 0.00289414823055, -0.000658965669572, -0.000456000852864, 0.000353479845216, 0.000144462843309, -0.00106432661414, 0.000390899105696, -0.000157640795805, -0.000737287395168, -9.39645833569e-05], [-9.20305756154e-05, -0.000196924651391, -0.00068324978929, -0.000658965669572, 0.00431859586388, 0.000334228476277, 0.000557975901756, -8.9802997536e-05, -0.000883018888999, -0.000506741169374, 0.000370264286175, -0.000631741480902, -9.03278196347e-05], [-7.68115278333e-05, -0.000213626699406, -0.000329842354404, -0.000456000852864, 0.000334228476277, 0.00429815379903, -0.000636503391434, -0.000124426485854, -0.00051769183483, 0.000772596045863, -0.00242268154398, 0.000743911485188, -0.000320737133734], [-9.02749234228e-05, -0.000291874806862, 0.000232986116316, 0.000353479845216, 0.000557975901756, -0.000636503391434, 0.00467338645831, -0.00156917283311, 0.00129888230003, -0.00200735568069, 0.000724813726265, -3.15688594128e-05, -0.000998849747702], [-0.000137217852171, 0.000238118387642, -0.000437476672232, 0.000144462843309, -8.9802997536e-05, -0.000124426485854, -0.00156917283311, 0.00893809366971, -0.00321417208761, 0.000907229376025, -0.000350436865119, 6.81149977027e-05, -5.90016352362e-05], [6.79105723975e-05, -0.000115912640467, 0.000477376859635, -0.00106432661414, -0.000883018888999, -0.00051769183483, 0.00129888230003, -0.00321417208761, 0.0091425999999, -0.00223949574865, 0.00082352058962, -0.000467185222078, -0.00113460759167], [-0.000153921559104, 0.000252363679465, -0.000328195776092, 0.000390899105696, -0.000506741169374, 0.000772596045863, -0.00200735568069, 0.000907229376025, -0.00223949574865, 0.00916858855635, -0.00316754844971, 0.00154246762395, -0.000529143668246], [0.000204909752938, 0.000254572194535, 0.000412946101278, -0.000157640795805, 0.000370264286175, -0.00242268154398, 0.000724813726265, -0.000350436865119, 0.00082352058962, -0.00316754844971, 0.0116007244214, -0.00340760219842, 0.0015496754786], [7.73726787884e-06, 8.56089172885e-05, -3.87492254958e-05, -0.000737287395168, -0.000631741480902, 0.000743911485188, -3.15688594128e-05, 6.81149977027e-05, -0.000467185222078, 0.00154246762395, -0.00340760219842, 0.011511686258, -0.0033810227178], [6.30271188129e-06, 0.000271794444416, 3.1837815186e-05, -9.39645833569e-05, -9.03278196347e-05, -0.000320737133734, -0.000998849747702, -5.90016352362e-05, -0.00113460759167, -0.000529143668246, 0.0015496754786, -0.0033810227178, 0.0115037066862]]
    },
    "spectral_contrast_coeffs": {
        "mean": [-0.723271965981, -0.735013842583, -0.719816982746, -0.769397616386, -0.79147952795, -0.804012537003],
        "stdev": [0.0828370824456, 0.0708811357617, 0.078249193728, 0.0596371777356, 0.0498482324183, 0.0433565452695]
    },
    "spectral_contrast_valleys": {
        "mean": [-6.90934467316, -7.19763994217, -7.74600744247, -8.26984882355, -8.36947345734, -10.7580890656],
        "stdev": [1.30382108688, 1.23520600796, 1.37523424625, 1.49826526642, 1.60362243652, 1.71238017082]
    }
},
"rhythm": {
    "beats_count": 526,
    "beats_loudness": {
        "mean": 0.027670217678,
        "stdev": 0.0180650912225
    },
    "bpm": 126.97718811,
    "bpm_histogram_first_peak_bpm": 126,
    "bpm_histogram_first_peak_weight": 0.339583396912,
    "bpm_histogram_second_peak_bpm": 117,
    "bpm_histogram_second_peak_spread": 0.555555582047,
    "bpm_histogram_second_peak_weight": 0.0152380950749,
    "danceability": 0.955899298191,
    "onset_rate": 3.27305483818,
    "beats_loudness_band_ratio": {
        "mean": [0.397189259529, 0.247002780437, 0.150019600987, 0.160283625126, 0.060039460659, 0.0488296784461],
        "stdev": [0.251225978136, 0.205174267292, 0.148259103298, 0.186199471354, 0.0750528424978, 0.0981594398618]
    },
    "beats_position": [0.49922901392, 1.01006805897, 1.50929701328, 2.00852608681, 2.50775504112, 3.01859402657, 3.52943301201, 4.02866220474, 4.51628112793, 4.99229001999, 5.46829938889, 5.94430828094, 6.420317173, 6.8963265419, 7.36072540283, 7.8251247406, 8.28952407837, 8.76553249359, 9.24154186249, 9.71755123138, 10.1935596466, 10.6579589844, 11.1339683533, 11.6099767685, 12.0859861374, 12.5503854752, 13.0263938904, 13.4907932281, 13.966802597, 14.4428119659, 14.9188203812, 15.3948297501, 15.870839119, 16.3468475342, 16.8112468719, 17.2756462097, 17.7516555786, 18.2276649475, 18.7036724091, 19.179681778, 19.6440811157, 20.1200904846, 20.5960998535, 21.0604991913, 21.5365066528, 22.0009059906, 22.4653053284, 22.9413146973, 23.4173240662, 23.8933334351, 24.3577327728, 24.8337402344, 25.3097496033, 25.7857589722, 26.2617683411, 26.7261676788, 27.1905670166, 27.6665763855, 28.142583847, 28.6185932159, 29.0946025848, 29.5590019226, 30.0350112915, 30.5110206604, 30.9870281219, 31.4630374908, 31.9274368286, 32.4034461975, 32.8794555664, 33.3438529968, 33.8198623657, 34.2958717346, 34.7602729797, 35.2362823486, 35.7122879028, 36.1766891479, 36.6526985168, 37.1287078857, 37.5931053162, 38.0691146851, 38.545124054, 39.0211334229, 39.4971427917, 39.9615402222, 40.4375495911, 40.91355896, 41.3779602051, 41.8423576355, 42.3183670044, 42.7943763733, 43.2587738037, 43.7347831726, 44.2107925415, 44.6751937866, 45.139591217, 45.6272087097, 46.1032180786, 46.5792274475, 47.0436286926, 47.508026123, 47.9840354919, 48.4600448608, 48.9360542297, 49.4120635986, 49.8764610291, 50.3408622742, 50.8168716431, 51.2928771973, 51.7688865662, 52.2448959351, 52.720905304, 53.1969146729, 53.6729240417, 54.1489334106, 54.6133308411, 55.0777320862, 55.5537414551, 56.0181388855, 56.4941482544, 56.9701576233, 57.4461669922, 57.9105644226, 58.3749656677, 58.8509750366, 59.3269844055, 59.8029937744, 60.2789993286, 60.7434005737, 61.2077980042, 61.683807373, 62.1598167419, 62.6358261108, 63.1118354797, 63.5762329102, 64.0522460938, 64.5282516479, 65.0042648315, 65.4686584473, 65.9330596924, 66.409072876, 66.8850784302, 67.3610839844, 67.837097168, 68.3131027222, 68.7775039673, 69.2419052124, 69.7179107666, 70.1939239502, 70.6699295044, 71.145942688, 71.6103363037, 72.0747375488, 72.5507507324, 73.0267562866, 73.5027618408, 73.9787750244, 74.4547805786, 74.9307937622, 75.3951950073, 75.859588623, 76.3356018066, 76.8116073608, 77.2876205444, 77.7636260986, 78.2280273438, 78.7040328979, 79.1800460815, 79.6444396973, 80.1320648193, 80.5964584351, 81.0608596802, 81.5252609253, 82.0012664795, 82.4772796631, 82.9416732788, 83.4176864624, 83.8936920166, 84.3697052002, 84.8457107544, 85.3101119995, 85.7861175537, 86.2621307373, 86.7265319824, 87.2025375366, 87.6785507202, 88.1429443359, 88.6189575195, 89.0949630737, 89.5709762573, 90.0469818115, 90.5113830566, 90.9757843018, 91.4401779175, 91.9161911011, 92.3921966553, 92.8682098389, 93.3442153931, 93.8086166382, 94.2846221924, 94.760635376, 95.2366409302, 95.7126541138, 96.1770477295, 96.6414489746, 97.1174621582, 97.5934677124, 98.0578689575, 98.5338745117, 99.0098876953, 99.497505188, 99.9619064331, 100.426300049, 100.890701294, 101.366706848, 101.842720032, 102.307121277, 102.783126831, 103.259140015, 103.735145569, 104.211151123, 104.687164307, 105.163169861, 105.627571106, 106.091972351, 106.556373596, 107.03237915, 107.508384705, 107.97278595, 108.448799133, 108.924804688, 109.400817871, 109.876823425, 110.352828979, 110.817230225, 111.293243408, 111.757637024, 112.233650208, 112.709655762, 113.185668945, 113.650062561, 114.126075745, 114.59047699, 115.066482544, 115.542495728, 116.018501282, 116.494506836, 116.958908081, 117.423309326, 117.89931488, 118.363716125, 118.839729309, 119.304122925, 119.780136108, 120.256141663, 120.732154846, 121.2081604, 121.684173584, 122.160179138, 122.624580383, 123.100585938, 123.576599121, 124.052604675, 124.528617859, 124.993011475, 125.469024658, 125.945030212, 126.409431458, 126.873832703, 127.349838257, 127.82585144, 128.301864624, 128.777862549, 129.242263794, 129.718276978, 130.194290161, 130.658676147, 131.134689331, 131.610702515, 132.07510376, 132.551101685, 133.027114868, 133.491516113, 133.955917358, 134.431930542, 134.907928467, 135.38394165, 135.859954834, 136.324356079, 136.800354004, 137.276367188, 137.752380371, 138.228393555, 138.692779541, 139.168792725, 139.644805908, 140.109207153, 140.585220337, 141.061218262, 141.525619507, 141.990020752, 142.466033936, 142.94203186, 143.418045044, 143.894058228, 144.358459473, 144.834457397, 145.310470581, 145.774871826, 146.239273071, 146.726898193, 147.202896118, 147.678909302, 148.143310547, 148.61932373, 149.083709717, 149.5597229, 150.024124146, 150.500137329, 150.976135254, 151.440536499, 151.904937744, 152.380950928, 152.845352173, 153.321365356, 153.797363281, 154.273376465, 154.749389648, 155.225387573, 155.689788818, 156.165802002, 156.641815186, 157.106216431, 157.582214355, 158.058227539, 158.534240723, 159.010253906, 159.474639893, 159.950653076, 160.42666626, 160.891067505, 161.36706543, 161.843078613, 162.307479858, 162.771881104, 163.247894287, 163.723892212, 164.199905396, 164.675918579, 165.151931763, 165.627929688, 166.103942871, 166.568344116, 167.0443573, 167.508743286, 167.98475647, 168.460769653, 168.936782837, 169.412780762, 169.877182007, 170.341583252, 170.817596436, 171.281997681, 171.757995605, 172.222396851, 172.698410034, 173.174423218, 173.650421143, 174.126434326, 174.590835571, 175.055236816, 175.53125, 176.007247925, 176.483261108, 176.959274292, 177.423675537, 177.899673462, 178.375686646, 178.851699829, 179.316101074, 179.792098999, 180.256500244, 180.732513428, 181.196914673, 181.672927856, 182.148925781, 182.624938965, 183.08934021, 183.553741455, 184.006530762, 184.459320068, 184.912109375, 185.364898682, 185.864120483, 186.363357544, 186.874191284, 187.361816406, 187.872650146, 188.383483887, 188.905944824, 189.416778564, 189.927612305, 190.415237427, 190.914459229, 191.413696289, 191.936141968, 192.470199585, 193.004257202, 193.480270386, 193.956283569, 194.432281494, 194.908294678, 195.384307861, 195.860321045, 196.324707031, 196.800720215, 197.276733398, 197.752746582, 198.228744507, 198.693145752, 199.157546997, 199.621948242, 200.097961426, 200.573959351, 201.049972534, 201.514373779, 201.990386963, 202.454788208, 202.919174194, 203.395187378, 203.8828125, 204.358810425, 204.834823608, 205.310836792, 205.786849976, 206.2628479, 206.750473022, 207.203262329, 207.656051636, 208.132064819, 208.608062744, 209.072463989, 209.548477173, 210.024490356, 210.488891602, 210.964889526, 211.44090271, 211.916915894, 212.392913818, 212.857315063, 213.333328247, 213.809341431, 214.273742676, 214.738143921, 215.214141846, 215.690155029, 216.166168213, 216.642166138, 217.106567383, 217.582580566, 218.05859375, 218.534591675, 219.010604858, 219.475006104, 219.939407349, 220.415420532, 220.891418457, 221.355819702, 221.831832886, 222.307846069, 222.783843994, 223.259857178, 223.735870361, 224.211883545, 224.676269531, 225.140670776, 225.61668396, 226.092697144, 226.557098389, 227.033096313, 227.509109497, 227.973510742, 228.449523926, 228.925521851, 229.401535034, 229.877548218, 230.341949463, 230.806350708, 231.282348633, 231.758361816, 232.234375, 232.710388184, 233.17477417, 233.650787354, 234.126800537, 234.591201782, 235.067199707, 235.543212891, 236.007614136, 236.472015381, 236.959625244, 237.435638428, 237.911651611, 238.376052856, 238.86366272, 239.328063965, 239.79246521, 240.256866455, 240.709655762, 241.139221191, 241.58039856, 242.021575928, 242.404708862, 242.799453735, 243.19418335, 243.600540161, 243.995285034, 244.390014648, 244.784759521, 245.167892456, 245.574234009, 245.9921875, 246.41015625, 246.828109741, 247.246078491, 247.652420044, 248.058776855],
    "bpm_histogram": [0, 0, 0, 0, 0, 0, 0, 0, 0, 0, 0, 0, 0, 0, 0, 0, 0, 0, 0, 0, 0, 0, 0, 0, 0, 0, 0, 0, 0, 0, 0, 0, 0, 0, 0, 0, 0, 0, 0, 0, 0, 0, 0, 0, 0, 0, 0, 0, 0, 0, 0, 0, 0, 0, 0, 0, 0, 0, 0, 0, 0, 0, 0, 0, 0, 0, 0, 0, 0, 0, 0, 0, 0, 0, 0, 0, 0, 0, 0, 0, 0, 0, 0, 0, 0, 0, 0, 0, 0, 0, 0, 0, 0, 0, 0, 0, 0, 0, 0, 0, 0, 0, 0, 0, 0, 0, 0, 0, 0, 0, 0, 0, 0.00380952376872, 0, 0, 0.00380952376872, 0, 0.0152380950749, 0, 0, 0.0152380950749, 0, 0, 0.0209523811936, 0, 0, 0.603809535503, 0, 0, 0.289523810148, 0, 0, 0, 0.0133333336562, 0, 0, 0.00380952376872, 0, 0, 0, 0.00190476188436, 0, 0, 0, 0.00761904753745, 0, 0, 0, 0.00761904753745, 0, 0, 0, 0.00952380988747, 0, 0, 0, 0, 0.00380952376872, 0, 0, 0, 0, 0, 0, 0, 0, 0, 0, 0, 0, 0, 0, 0, 0, 0, 0, 0, 0, 0, 0, 0, 0, 0, 0, 0, 0, 0, 0, 0, 0, 0, 0, 0, 0, 0, 0, 0, 0, 0, 0, 0, 0, 0, 0, 0, 0, 0, 0, 0, 0, 0, 0, 0, 0, 0, 0, 0, 0, 0, 0, 0, 0, 0, 0, 0, 0, 0, 0, 0, 0, 0, 0, 0, 0, 0, 0, 0, 0, 0, 0, 0, 0, 0, 0, 0, 0, 0, 0, 0, 0]
},
"tonal": {
    "chords_changes_rate": 0.0444361455739,
    "chords_number_rate": 0.00261389091611,
    "chords_strength": {
        "mean": 0.556693971157,
        "stdev": 0.0958392545581
    },
    "hpcp_crest": {
        "mean": 14.7325534821,
        "stdev": 6.69754934311
    },
    "hpcp_entropy": {
        "mean": 1.80476987362,
        "stdev": 0.655085086823
    },
    "key_edma": {
        "strength": 0.806799054146,
        "key": "A#",
        "scale": "major"
    },
    "key_krumhansl": {
        "strength": 0.807510674,
        "key": "A#",
        "scale": "major"
    },
    "key_temperley": {
        "strength": 0.80896794796,
        "key": "A#",
        "scale": "major"
    },
    "tuning_diatonic_strength": 0.641675651073,
    "tuning_equal_tempered_deviation": 0.218195155263,
    "tuning_frequency": 434.193115234,
    "tuning_nontempered_energy_ratio": 0.96492099762,
    "hpcp": {
        "mean": [0.148056641221, 0.16060192883, 0.105455733836, 0.214469760656, 0.260722845793, 0.120647333562, 0.0676371455193, 0.0728386715055, 0.0801053568721, 0.22598592937, 0.247537493706, 0.0983416065574, 0.0562735833228, 0.0502748079598, 0.053047247231, 0.141870677471, 0.171081498265, 0.0945501998067, 0.105266280472, 0.108997516334, 0.0583031475544, 0.0603664815426, 0.0712317749858, 0.0848825052381, 0.265178382397, 0.303820669651, 0.116750270128, 0.0498365610838, 0.0435581803322, 0.0501276701689, 0.158252075315, 0.187564402819, 0.089068248868, 0.064747042954, 0.0705119818449, 0.0781135261059],
        "stdev": [0.267146468163, 0.281750500202, 0.204234987497, 0.304213374853, 0.358829796314, 0.198537349701, 0.175445884466, 0.196306675673, 0.177831292152, 0.310473352671, 0.328534960747, 0.183961898088, 0.158049479127, 0.152098953724, 0.137557223439, 0.237604349852, 0.273240625858, 0.184531852603, 0.224046543241, 0.246719747782, 0.14266230166, 0.158488363028, 0.180309697986, 0.18104608357, 0.31531599164, 0.348314493895, 0.187272906303, 0.143488824368, 0.132894486189, 0.131807267666, 0.255455881357, 0.290536761284, 0.172772958875, 0.161338075995, 0.187126398087, 0.182860895991]
    },
    "chords_histogram": [25.8215084076, 7.16952943802, 18.6146373749, 0.112023897469, 12.0052280426, 2.81926822662, 2.80059742928, 0, 0, 0, 0, 0, 0, 0, 0, 3.75280070305, 0, 2.80059742928, 1.7923823595, 5.30246448517, 2.98730397224, 5.48917102814, 4.49962663651, 4.03286027908],
    "thpcp": [1, 0.38427361846, 0.164032816887, 0.143368065357, 0.164990976453, 0.520873308182, 0.617352366447, 0.293160587549, 0.213109403849, 0.232084214687, 0.257104068995, 0.487315893173, 0.528607666492, 0.347098618746, 0.705909073353, 0.858147144318, 0.397100478411, 0.222621932626, 0.239742323756, 0.263659983873, 0.743813574314, 0.814748704433, 0.323683083057, 0.185219734907, 0.165475279093, 0.17460052669, 0.466955304146, 0.563100278378, 0.311203986406, 0.346475034952, 0.358756095171, 0.191899865866, 0.198691159487, 0.234453350306, 0.279383569956, 0.872812211514],
    "chords_key": "A#",
    "chords_scale": "major"
}
}