{
"metadata": {
    "version": {
        "essentia": "2.1-dev",
        "essentia_git_sha": "v2.1_beta3-415-gd5473f3",
        "extractor": "music 2.0"
    },
    "audio_properties": {
        "analysis": {
            "equal_loudness": 0,
            "length": 73.0383682251,
            "sample_rate": 44100,
            "start_time": 0,
            "downmix": "mix"
        },
        "bit_rate": 192000,
        "length": 73.0383682251,
        "lossless": 0,
        "number_channels": 2,
        "replay_gain": -12.4710063934,
        "sample_rate": 44100,
        "codec": "mp3",
        "md5_encoded": "c28468d239564e258db6ca2ef8a97c45"
    },
    "tags": {
        "file_name": "five-millennium_megamix.mp3",
        "album": ["Let's Dance"],
        "artist": ["Five"],
        "genre": ["Other"],
        "title": ["Millennium Megamix"]
    }
},
"lowlevel": {
    "average_loudness": 0.964864134789,
    "barkbands_crest": {
        "mean": 9.18639564514,
        "stdev": 3.9600789547
    },
    "barkbands_flatness_db": {
        "mean": 0.108176104724,
        "stdev": 0.0426378883421
    },
    "barkbands_kurtosis": {
        "mean": 3.00476431847,
        "stdev": 6.61979627609
    },
    "barkbands_skewness": {
        "mean": 1.36541152,
        "stdev": 1.09224808216
    },
    "barkbands_spread": {
        "mean": 27.2459030151,
        "stdev": 13.9478292465
    },
    "dissonance": {
        "mean": 0.470229357481,
        "stdev": 0.0233539287001
    },
    "dynamic_complexity": 2.7423350811,
    "erbbands_crest": {
        "mean": 8.36669826508,
        "stdev": 3.97675275803
    },
    "erbbands_flatness_db": {
        "mean": 0.135944873095,
        "stdev": 0.0336237698793
    },
    "erbbands_kurtosis": {
        "mean": 0.547236263752,
        "stdev": 2.29813742638
    },
    "erbbands_skewness": {
        "mean": 0.166687905788,
        "stdev": 0.794710040092
    },
    "erbbands_spread": {
        "mean": 41.1309318542,
        "stdev": 18.895160675
    },
    "hfc": {
        "mean": 24.0790863037,
        "stdev": 18.7887153625
    },
    "loudness_ebu128": {
        "integrated": -10.6996011734,
        "loudness_range": 2.20468235016,
        "momentary": {
            "mean": -11.0566034317,
            "stdev": 2.15719842911
        },
        "short_term": {
            "mean": -10.7605714798,
            "stdev": 0.755027711391
        }
    },
    "melbands_crest": {
        "mean": 13.4044437408,
        "stdev": 4.86933231354
    },
    "melbands_flatness_db": {
        "mean": 0.173202872276,
        "stdev": 0.0597782731056
    },
    "melbands_kurtosis": {
        "mean": 11.6602954865,
        "stdev": 15.5563278198
    },
    "melbands_skewness": {
        "mean": 2.53488683701,
        "stdev": 1.49682867527
    },
    "melbands_spread": {
        "mean": 28.4134178162,
        "stdev": 20.4198589325
    },
    "pitch_salience": {
        "mean": 0.571561157703,
        "stdev": 0.115989886224
    },
    "silence_rate_20dB": {
        "mean": 1,
        "stdev": 0
    },
    "silence_rate_30dB": {
        "mean": 1,
        "stdev": 0
    },
    "silence_rate_60dB": {
        "mean": 0.0502065457404,
        "stdev": 0.218369141221
    },
    "spectral_centroid": {
        "mean": 1456.3260498,
        "stdev": 633.729309082
    },
    "spectral_complexity": {
        "mean": 22.449634552,
        "stdev": 12.2891740799
    },
    "spectral_decrease": {
        "mean": -7.17316606114e-09,
        "stdev": 5.26479215779e-09
    },
    "spectral_energy": {
        "mean": 0.0292573068291,
        "stdev": 0.0210685450584
    },
    "spectral_energyband_high": {
        "mean": 0.00124460703228,
        "stdev": 0.00149704515934
    },
    "spectral_energyband_low": {
        "mean": 0.0110271805897,
        "stdev": 0.012422320433
    },
    "spectral_energyband_middle_high": {
        "mean": 0.00607844535261,
        "stdev": 0.00558854267001
    },
    "spectral_energyband_middle_low": {
        "mean": 0.011923097074,
        "stdev": 0.0121021261439
    },
    "spectral_entropy": {
        "mean": 7.78894042969,
        "stdev": 0.349499225616
    },
    "spectral_flux": {
        "mean": 0.0932367444038,
        "stdev": 0.0496933199465
    },
    "spectral_kurtosis": {
        "mean": 3.60101294518,
        "stdev": 2.14284801483
    },
    "spectral_rms": {
        "mean": 0.00495729083195,
        "stdev": 0.00199221260846
    },
    "spectral_rolloff": {
        "mean": 1733.78881836,
        "stdev": 1646.80529785
    },
    "spectral_skewness": {
        "mean": 1.48192214966,
        "stdev": 0.401633352041
    },
    "spectral_spread": {
        "mean": 5179215.5,
        "stdev": 1632432.875
    },
    "spectral_strongpeak": {
        "mean": 0.66647195816,
        "stdev": 0.830010533333
    },
    "zerocrossingrate": {
        "mean": 0.0721996799111,
        "stdev": 0.041276331991
    },
    "barkbands": {
        "mean": [0.000189909042092, 0.00656700739637, 0.00332535710186, 0.0017183762975, 0.00361815979704, 0.00252612587065, 0.00154251779895, 0.00111392745748, 0.00127050175797, 0.000701757380739, 0.000609578099102, 0.000600112602115, 0.000858179235365, 0.000613504322246, 0.000796141393948, 0.000663307087962, 0.000529582088348, 0.000406235107221, 0.000256470695604, 0.000246309587965, 0.000283643661533, 0.000257599720499, 0.00022706418531, 0.000168728074641, 0.00011989439372, 4.4652599172e-05, 2.60868068835e-06],
        "stdev": [0.000286246446194, 0.00870083272457, 0.00485697202384, 0.00326357665472, 0.00616355240345, 0.00370281608775, 0.00266404403374, 0.00219345232472, 0.0021618460305, 0.00145722390153, 0.00122307857964, 0.00105928420089, 0.00139753578696, 0.000989888329059, 0.00113030069042, 0.00117564841639, 0.000743532786146, 0.000473203166621, 0.00032928166911, 0.000341907318216, 0.000429919949966, 0.000439302326413, 0.000303100299789, 0.000243571470492, 0.00018171427655, 7.49999380787e-05, 5.1184615586e-06]
    },
    "erbbands": {
        "mean": [0.169035464525, 1.54440772533, 3.75672912598, 5.30589532852, 8.05946350098, 13.1107654572, 16.0349197388, 22.090171814, 25.5077037811, 16.7038383484, 28.8686294556, 31.880065918, 18.365316391, 25.8487911224, 28.3218765259, 25.9808673859, 38.3953933716, 33.8927116394, 42.8112373352, 38.7183761597, 33.2164344788, 28.2292556763, 23.8731918335, 15.6308031082, 12.3858003616, 11.7659826279, 11.4356937408, 11.1070051193, 8.53101158142, 9.09857082367, 5.97276496887, 3.88185858727, 2.74391531944, 1.56110191345, 0.697178184986, 0.24032060802, 0.0733059197664, 0.0122169302776, 0.000297422520816, 4.55763656646e-05],
        "stdev": [0.227508142591, 2.11706542969, 5.34568452835, 8.32834529877, 15.1549243927, 25.9744663239, 25.2337284088, 34.0763320923, 42.3497200012, 27.3932056427, 57.7703857422, 54.1832275391, 29.3739261627, 52.122177124, 51.5833816528, 41.2737541199, 58.9078521729, 48.0519447327, 62.8350257874, 61.0813179016, 49.9953651428, 39.201625824, 27.4114093781, 19.9298839569, 15.7788715363, 16.5042247772, 16.6552352905, 18.3211231232, 15.0702629089, 13.5498313904, 8.04432582855, 5.3511223793, 4.40182542801, 2.48240923882, 0.988583087921, 0.381495773792, 0.132459759712, 0.0232043750584, 0.000513529288583, 3.35839868058e-05]
    },
    "gfcc": {
        "mean": [21.6866607666, 77.6585235596, -112.013755798, 35.5648384094, -57.624786377, 20.76612854, -44.9755516052, 10.6514644623, -22.2619609833, 6.98095989227, -16.7998390198, 3.73051643372, -12.0379343033],
        "cov": [[6323.79003906, -408.246276855, -110.729507446, 208.476654053, -173.402877808, 74.9649734497, -102.815498352, 33.1319122314, -19.811126709, 144.058303833, -180.253631592, 16.322095871, -134.128479004], [-408.246276855, 827.089477539, -8.76345920563, -11.3298711777, 205.246231079, -0.454684764147, 134.457855225, 47.4776268005, 49.2435836792, -23.4898796082, 88.0193786621, -62.7531890869, 43.6369400024], [-110.729507446, -8.76345920563, 695.466674805, 176.050323486, -18.4308338165, 20.626958847, -16.9988574982, 24.8928604126, 34.9858169556, 53.0917167664, 42.283241272, 49.0412712097, -9.73084640503], [208.476654053, -11.3298711777, 176.050323486, 374.85345459, 107.708084106, -31.1214904785, -2.7389497757, 9.69024085999, 70.062828064, 4.74264907837, -7.37755537033, 13.8363723755, 6.84892845154], [-173.402877808, 205.246231079, -18.4308338165, 107.708084106, 297.897460938, 81.5953903198, 66.4117660522, 56.615447998, 42.3982429504, 4.3020567894, 7.81893491745, -24.8907756805, 10.2432079315], [74.9649734497, -0.454684764147, 20.626958847, -31.1214904785, 81.5953903198, 229.484939575, 141.193374634, 31.93060112, -9.76543235779, 22.2372684479, 16.3660106659, -19.5128288269, -9.67035388947], [-102.815498352, 134.457855225, -16.9988574982, -2.7389497757, 66.4117660522, 141.193374634, 228.927108765, 47.1755142212, 8.21862316132, 20.8867702484, 34.2294960022, -22.3368282318, -5.42080545425], [33.1319122314, 47.4776268005, 24.8928604126, 9.69024085999, 56.615447998, 31.93060112, 47.1755142212, 120.537345886, 55.3704719543, 15.2332410812, 10.7815055847, -2.51011180878, 6.31532478333], [-19.811126709, 49.2435836792, 34.9858169556, 70.062828064, 42.3982429504, -9.76543235779, 8.21862316132, 55.3704719543, 141.864456177, 29.3231086731, 6.8224272728, 5.49874210358, -0.769544184208], [144.058303833, -23.4898796082, 53.0917167664, 4.74264907837, 4.3020567894, 22.2372684479, 20.8867702484, 15.2332410812, 29.3231086731, 95.5928726196, 37.5797576904, 11.613904953, -0.330979377031], [-180.253631592, 88.0193786621, 42.283241272, -7.37755537033, 7.81893491745, 16.3660106659, 34.2294960022, 10.7815055847, 6.8224272728, 37.5797576904, 99.147644043, 22.9457130432, 11.2816104889], [16.322095871, -62.7531890869, 49.0412712097, 13.8363723755, -24.8907756805, -19.5128288269, -22.3368282318, -2.51011180878, 5.49874210358, 11.613904953, 22.9457130432, 75.4570770264, 20.8464126587], [-134.128479004, 43.6369400024, -9.73084640503, 6.84892845154, 10.2432079315, -9.67035388947, -5.42080545425, 6.31532478333, -0.769544184208, -0.330979377031, 11.2816104889, 20.8464126587, 70.5251846313]],
        "icov": [[0.000259322754573, -0.000302802975057, 0.00027999051963, -0.000529465905856, 0.000563586188946, -0.000603188411333, 0.000515610678121, -0.000499567715451, 0.000465188495582, -0.000930141133722, 0.000887062458787, -0.000587014248595, 0.000722728145774], [-0.000302802975057, 0.00322279147804, -0.000997989671305, 0.00191624532454, -0.00294220563956, 0.00310116494074, -0.00279329577461, 0.00154333014507, -0.00182591052726, 0.00312045239843, -0.00392175838351, 0.00373905873857, -0.00287725380622], [0.00027999051963, -0.000997989671305, 0.00242072204128, -0.00207221065648, 0.0018025378231, -0.00201518042013, 0.00173955550417, -0.00147369864862, 0.00109212112147, -0.00211557419971, 0.000959376222454, -0.00211099139415, 0.00188529712614], [-0.000529465905856, 0.00191624532454, -0.00207221065648, 0.00588725926355, -0.00408317148685, 0.00375593872741, -0.0029048116412, 0.00286584510468, -0.00325571652502, 0.00318439863622, -0.00207869615406, 0.00195726519451, -0.00268872501329], [0.000563586188946, -0.00294220563956, 0.0018025378231, -0.00408317148685, 0.00815703906119, -0.00524569256231, 0.00325116375461, -0.00358543521725, 0.00168546126224, -0.00324484216981, 0.00339422305115, -0.00210123183206, 0.00228579971008], [-0.000603188411333, 0.00310116494074, -0.00201518042013, 0.00375593872741, -0.00524569256231, 0.0117369908839, -0.00775060011074, 0.00212454702705, -0.00106779928319, 0.00260626338422, -0.0032821430359, 0.0038415081799, -0.00273341638967], [0.000515610678121, -0.00279329577461, 0.00173955550417, -0.0029048116412, 0.00325116375461, -0.00775060011074, 0.0108825145289, -0.00376154715195, 0.00209262617864, -0.00333329639398, 0.00130337418523, -0.00178680021781, 0.00319625507109], [-0.000499567715451, 0.00154333014507, -0.00147369864862, 0.00286584510468, -0.00358543521725, 0.00212454702705, -0.00376154715195, 0.0133325671777, -0.00596418604255, 0.00265770708211, -0.00237785675563, 0.00220329104923, -0.00338112004101], [0.000465188495582, -0.00182591052726, 0.00109212112147, -0.00325571652502, 0.00168546126224, -0.00106779928319, 0.00209262617864, -0.00596418604255, 0.011822508648, -0.00548716215417, 0.00330879096873, -0.00294651091099, 0.00322996778414], [-0.000930141133722, 0.00312045239843, -0.00211557419971, 0.00318439863622, -0.00324484216981, 0.00260626338422, -0.00333329639398, 0.00265770708211, -0.00548716215417, 0.0185407903045, -0.00975995045155, 0.00377168087289, -0.00349290622398], [0.000887062458787, -0.00392175838351, 0.000959376222454, -0.00207869615406, 0.00339422305115, -0.0032821430359, 0.00130337418523, -0.00237785675563, 0.00330879096873, -0.00975995045155, 0.0198353938758, -0.00878137908876, 0.00323093519546], [-0.000587014248595, 0.00373905873857, -0.00211099139415, 0.00195726519451, -0.00210123183206, 0.0038415081799, -0.00178680021781, 0.00220329104923, -0.00294651091099, 0.00377168087289, -0.00878137908876, 0.0220076125115, -0.00852890219539], [0.000722728145774, -0.00287725380622, 0.00188529712614, -0.00268872501329, 0.00228579971008, -0.00273341638967, 0.00319625507109, -0.00338112004101, 0.00322996778414, -0.00349290622398, 0.00323093519546, -0.00852890219539, 0.0197200737894]]
    },
    "melbands": {
        "mean": [0.00170211319346, 0.00205671554431, 0.000982031226158, 0.000787037075497, 0.000569300784264, 0.000490544422064, 0.000376333046006, 0.000181905503268, 0.000239113112912, 0.000192618026631, 8.79238214111e-05, 0.000104985010694, 8.88737558853e-05, 7.56390727474e-05, 6.52153757983e-05, 8.90463925316e-05, 5.86743371969e-05, 6.79874428897e-05, 5.37226405868e-05, 5.30477846041e-05, 3.59908117389e-05, 3.1013169064e-05, 2.35936095123e-05, 1.89381316886e-05, 1.18819843919e-05, 9.45967258303e-06, 7.7054992289e-06, 7.87935550761e-06, 7.18576529835e-06, 7.0119076554e-06, 6.12177518633e-06, 4.62645948573e-06, 5.209630217e-06, 4.91876426167e-06, 3.57254884875e-06, 2.7518897241e-06, 2.19072512664e-06, 1.97933195523e-06, 1.65732353707e-06, 1.20141010029e-06],
        "stdev": [0.00223899981938, 0.00267484271899, 0.00148611993063, 0.00147582951467, 0.000868926930707, 0.000746933743358, 0.000622079416644, 0.000298960803775, 0.00047511071898, 0.000337228004355, 0.000150267107529, 0.000224545714445, 0.000174665110535, 0.000134141228045, 9.77315357886e-05, 0.000152463355334, 9.03948093764e-05, 0.000108967898996, 7.63607822591e-05, 0.000100554767414, 5.80355263082e-05, 4.60981718788e-05, 2.95347126666e-05, 2.32976944972e-05, 1.66629724845e-05, 1.22206074593e-05, 1.09031416287e-05, 1.15530965559e-05, 1.10609944386e-05, 1.08986632767e-05, 1.09379861897e-05, 8.7436492322e-06, 8.91943182069e-06, 7.14080351827e-06, 4.92481694891e-06, 3.8875791688e-06, 3.17517265103e-06, 3.44096702065e-06, 2.70086775345e-06, 1.99968440029e-06]
    },
    "melbands128": {
        "mean": [0.000158576789545, 0.00113830890041, 0.00248432252556, 0.00255231466144, 0.00205055228435, 0.0015726009151, 0.0010993804317, 0.000791530881543, 0.000766281562392, 0.000885018496774, 0.000819140695967, 0.000566831615288, 0.000556863262318, 0.000485945289256, 0.000544157868717, 0.000457733869553, 0.000395497685531, 0.00043325999286, 0.00026513953344, 0.000141902564792, 0.00015302724205, 0.000238910259213, 0.000278588908259, 0.000193034487893, 0.000228784163482, 0.000197378190933, 9.13622498047e-05, 6.69681685395e-05, 7.92895880295e-05, 0.000140183299663, 9.86933810054e-05, 6.87992287567e-05, 9.03054897208e-05, 0.000110206565296, 7.31679101591e-05, 7.37893933547e-05, 6.82064492139e-05, 4.48176069767e-05, 8.30154531286e-05, 9.27845903789e-05, 0.000103156831756, 6.45472900942e-05, 5.59086329304e-05, 5.54070720682e-05, 5.84223998885e-05, 7.60032708058e-05, 7.6097472629e-05, 5.03395604028e-05, 4.49564904557e-05, 5.20484209119e-05, 6.38072160655e-05, 4.32598353655e-05, 3.09398928948e-05, 3.69514382328e-05, 3.78221448045e-05, 3.07377376885e-05, 2.36887062783e-05, 2.54896840488e-05, 2.22110065806e-05, 2.38714583247e-05, 1.88953054021e-05, 1.54725457833e-05, 1.42939625221e-05, 1.07008363557e-05, 8.43728139444e-06, 9.45488591242e-06, 1.07848200059e-05, 7.06744685885e-06, 7.08081688572e-06, 8.33298508951e-06, 7.04654712536e-06, 8.70224266691e-06, 7.81884500611e-06, 6.763926649e-06, 6.45117279419e-06, 7.17428883945e-06, 6.85024178892e-06, 7.47187641537e-06, 5.81984613746e-06, 5.32473268322e-06, 4.63023070552e-06, 4.36293885286e-06, 4.32288925367e-06, 5.41616554983e-06, 5.9831904764e-06, 5.10291829414e-06, 4.69801807412e-06, 4.16311058871e-06, 3.54610415343e-06, 3.18962952406e-06, 2.80479594039e-06, 2.71459998658e-06, 2.43700696956e-06, 2.27065311265e-06, 1.92347488337e-06, 2.01941634259e-06, 2.0784359549e-06, 1.81927623544e-06, 1.59602973326e-06, 1.76783714778e-06, 1.18627644952e-06, 1.12424390863e-06, 1.17591753224e-06, 9.56021608545e-07, 8.24989967896e-07, 5.67270546981e-07, 5.34831087862e-07, 4.97819598877e-07, 3.872649188e-07, 3.30303436158e-07, 3.03934172052e-07, 2.66261139359e-07, 2.19593758288e-07, 1.93011516103e-07, 1.56184057687e-07, 1.28933365318e-07, 1.00355961763e-07, 1.1887935969e-08, 4.48034881764e-12, 4.12470101477e-12, 4.00568900966e-12, 3.90902978389e-12, 3.81861946577e-12, 3.74641680526e-12, 3.68766649161e-12, 3.64330787761e-12, 3.61180529929e-12, 3.58773145741e-12],
        "stdev": [0.000228904609685, 0.00158675969578, 0.0036648621317, 0.00377195607871, 0.00313597382046, 0.00230140751228, 0.00190069596283, 0.0016548098065, 0.00177476054523, 0.00193944701459, 0.00216319342144, 0.00114638393279, 0.00102866266388, 0.00097417953657, 0.000968742300756, 0.000914512202144, 0.000911944895051, 0.000919136509765, 0.000588752096519, 0.000355324416887, 0.000377685093554, 0.000555540318601, 0.000730020517949, 0.000495171931107, 0.000477345311083, 0.000461156712845, 0.000201559902052, 0.000152713764692, 0.000224632938625, 0.000390908156987, 0.000233598068007, 0.000220623362111, 0.000235731364228, 0.000258895161096, 0.000217187203816, 0.000164571290952, 0.000149521918502, 9.12809045985e-05, 0.000163285338203, 0.000180586037459, 0.000242596754106, 0.000159177114256, 0.000108686566819, 0.000108830325189, 0.000154282039148, 0.000170811923454, 0.000133952620672, 9.22952167457e-05, 8.64969406393e-05, 0.000131118300487, 0.000159693765454, 8.9312568889e-05, 6.82046738802e-05, 7.40822069929e-05, 6.58837452647e-05, 5.91007774347e-05, 4.71737403132e-05, 4.18706549681e-05, 3.27838824887e-05, 3.45485132129e-05, 3.33529787895e-05, 2.42455189436e-05, 2.33350619965e-05, 1.991327008e-05, 1.40110405482e-05, 1.39310368468e-05, 1.57820140885e-05, 1.22451137941e-05, 1.1899744095e-05, 1.44185823956e-05, 1.24889520521e-05, 1.50688583744e-05, 1.41241289384e-05, 1.32398445203e-05, 1.12976877062e-05, 1.31072565637e-05, 1.18230682347e-05, 1.49928528117e-05, 1.13825508379e-05, 1.19687938422e-05, 9.88248575595e-06, 8.79004255694e-06, 9.07299545361e-06, 1.03534803202e-05, 1.02237399915e-05, 8.26167615742e-06, 7.27499946152e-06, 6.15683757133e-06, 5.48334855921e-06, 5.16103500559e-06, 4.36240588897e-06, 4.09055292039e-06, 3.8621828935e-06, 3.6070450733e-06, 3.00926990349e-06, 3.69920712728e-06, 4.4812663873e-06, 3.00146234622e-06, 2.71069779956e-06, 3.53156133315e-06, 2.19343951358e-06, 2.02982892006e-06, 2.12225586438e-06, 1.42064402553e-06, 1.24086909636e-06, 1.04019773062e-06, 8.87236069502e-07, 9.4791431593e-07, 7.33933688934e-07, 5.75701733396e-07, 5.82825123274e-07, 5.23290339061e-07, 4.27267139003e-07, 4.25660857672e-07, 3.05660677213e-07, 2.798688854e-07, 2.06219027632e-07, 2.75273954742e-08, 6.75890420021e-12, 6.46504117602e-12, 6.28833573754e-12, 6.13763163557e-12, 6.00590931155e-12, 5.8956732725e-12, 5.80290199573e-12, 5.73055188371e-12, 5.67814805591e-12, 5.6449562906e-12]
    },
    "mfcc": {
        "mean": [-620.575439453, 106.812927246, 4.79135990143, 18.4849033356, 10.4200983047, 8.15117168427, -4.41563653946, 2.38745212555, -1.05676352978, 1.41895592213, -0.0261974539608, 1.84375560284, -0.513785421848],
        "cov": [[5061.77734375, -405.32421875, -165.783248901, 63.679473877, -103.854362488, 90.6521759033, -95.7985305786, -48.0643386841, 50.1063194275, 69.5843887329, 33.1573562622, -33.8770370483, -23.7493686676], [-405.32421875, 802.088684082, -103.681510925, -14.601937294, 51.3638496399, -4.39943122864, 123.077423096, 46.6222648621, 23.4162349701, 50.8750991821, 44.5715751648, 9.47680664062, 14.1621675491], [-165.783248901, -103.681510925, 647.163696289, 118.243804932, 26.5957145691, 7.42941045761, -14.3602333069, -20.8538589478, -9.97789382935, -30.3479099274, 12.6794319153, 62.7462272644, 46.4448699951], [63.679473877, -14.601937294, 118.243804932, 371.727722168, 142.096115112, 2.5309047699, -56.3771247864, 5.6486492157, 42.3852348328, -22.5218582153, -11.2465667725, 59.0569190979, 43.241065979], [-103.854362488, 51.3638496399, 26.5957145691, 142.096115112, 241.430526733, 23.6131820679, -19.4066753387, 26.2111854553, 39.5238761902, 17.4824733734, -0.679489850998, 29.3218803406, 17.2699050903], [90.6521759033, -4.39943122864, 7.42941045761, 2.5309047699, 23.6131820679, 180.530807495, 101.714904785, 34.4709091187, 25.8920650482, 34.0355224609, 35.0963439941, -0.77231413126, -3.63062310219], [-95.7985305786, 123.077423096, -14.3602333069, -56.3771247864, -19.4066753387, 101.714904785, 236.235717773, 53.3974151611, 13.853302002, 42.9830818176, 38.552822113, -0.84958422184, -6.23141860962], [-48.0643386841, 46.6222648621, -20.8538589478, 5.6486492157, 26.2111854553, 34.4709091187, 53.3974151611, 124.166770935, 44.5205039978, 41.4951515198, 13.2116451263, 9.63436222076, 6.74422693253], [50.1063194275, 23.4162349701, -9.97789382935, 42.3852348328, 39.5238761902, 25.8920650482, 13.853302002, 44.5205039978, 107.767028809, 43.8805465698, 15.5456209183, 1.81614863873, 11.8044729233], [69.5843887329, 50.8750991821, -30.3479099274, -22.5218582153, 17.4824733734, 34.0355224609, 42.9830818176, 41.4951515198, 43.8805465698, 129.64982605, 51.4166984558, -3.00529313087, -9.38032436371], [33.1573562622, 44.5715751648, 12.6794319153, -11.2465667725, -0.679489850998, 35.0963439941, 38.552822113, 13.2116451263, 15.5456209183, 51.4166984558, 94.736946106, 26.8686923981, 11.055521965], [-33.8770370483, 9.47680664062, 62.7462272644, 59.0569190979, 29.3218803406, -0.77231413126, -0.84958422184, 9.63436222076, 1.81614863873, -3.00529313087, 26.8686923981, 82.2165222168, 35.7981071472], [-23.7493686676, 14.1621675491, 46.4448699951, 43.241065979, 17.2699050903, -3.63062310219, -6.23141860962, 6.74422693253, 11.8044729233, -9.38032436371, 11.055521965, 35.7981071472, 76.9196395874]],
        "icov": [[0.000223383263801, 0.00010041402129, 8.42481167638e-05, -0.000116705938126, 0.000167522899574, -0.000168684637174, 0.000120722739666, 0.000114219779789, -8.18998523755e-05, -0.000160722745932, -6.34973257547e-05, 4.24624595325e-05, 1.74488661742e-06], [0.00010041402129, 0.00156918354332, 0.000282903085463, -5.43603564438e-05, -0.000418003764935, 0.000748260063119, -0.000994273461401, -5.44914837519e-05, -1.76477769855e-05, -0.000188370730029, -0.000589277944528, 0.000180603179615, -0.000364391918993], [8.42481167638e-05, 0.000282903085463, 0.00183640967589, -0.000486444012495, 0.000126869548694, -0.000126838771394, -0.000145484460518, 0.000344807805959, 0.000180589486263, 9.86033119261e-05, -0.000188369478565, -0.000844948110171, -0.000533328915481], [-0.000116705938126, -5.43603564438e-05, -0.000486444012495, 0.00437882123515, -0.0020358110778, -0.000278603140032, 0.0006583299255, 0.00026000131038, -0.00144973001443, 0.00082863116404, 0.000884782872163, -0.00210673245601, -0.000542603782378], [0.000167522899574, -0.000418003764935, 0.000126869548694, -0.0020358110778, 0.00605943938717, -0.0012364074355, 0.00101454078685, -0.000434495945228, -0.000759942166042, -0.00109974492807, 0.00103240052704, -0.00109449669253, 0.000241499263211], [-0.000168684637174, 0.000748260063119, -0.000126838771394, -0.000278603140032, -0.0012364074355, 0.00858424324542, -0.0038257627748, -0.000545420392882, -0.000721039657947, 0.000294189230772, -0.00232195970602, 0.00133126333822, 0.000324717111653], [0.000120722739666, -0.000994273461401, -0.000145484460518, 0.0006583299255, 0.00101454078685, -0.0038257627748, 0.00725143169984, -0.00186648487579, 0.000509370758664, -0.000481847760966, -0.000516648928169, -0.000321850355249, 0.000367952452507], [0.000114219779789, -5.44914837519e-05, 0.000344807805959, 0.00026000131038, -0.000434495945228, -0.000545420392882, -0.00186648487579, 0.0112030599266, -0.00344638666138, -0.00230409321375, 0.00179595814552, -0.00197220989503, -0.000463087228127], [-8.18998523755e-05, -1.76477769855e-05, 0.000180589486263, -0.00144973001443, -0.000759942166042, -0.000721039657947, 0.000509370758664, -0.00344638666138, 0.0133847044781, -0.00345588685013, -0.000307743815938, 0.0022268530447, -0.00230373768136], [-0.000160722745932, -0.000188370730029, 9.86033119261e-05, 0.00082863116404, -0.00109974492807, 0.000294189230772, -0.000481847760966, -0.00230409321375, -0.00345588685013, 0.0129852676764, -0.00658641150221, 0.00171391712502, 0.00214639119804], [-6.34973257547e-05, -0.000589277944528, -0.000188369478565, 0.000884782872163, 0.00103240052704, -0.00232195970602, -0.000516648928169, 0.00179595814552, -0.000307743815938, -0.00658641150221, 0.0174100678414, -0.00651774043217, -0.00106044043787], [4.24624595325e-05, 0.000180603179615, -0.000844948110171, -0.00210673245601, -0.00109449669253, 0.00133126333822, -0.000321850355249, -0.00197220989503, 0.0022268530447, 0.00171391712502, -0.00651774043217, 0.0198335684836, -0.00629663281143], [1.74488661742e-06, -0.000364391918993, -0.000533328915481, -0.000542603782378, 0.000241499263211, 0.000324717111653, 0.000367952452507, -0.000463087228127, -0.00230373768136, 0.00214639119804, -0.00106044043787, -0.00629663281143, 0.0174249261618]]
    },
    "spectral_contrast_coeffs": {
        "mean": [-0.718688428402, -0.751402139664, -0.774497747421, -0.781987011433, -0.791633725166, -0.773965060711],
        "stdev": [0.0727318897843, 0.0700754150748, 0.0559716075659, 0.0474247150123, 0.0380927473307, 0.0368015691638]
    },
    "spectral_contrast_valleys": {
        "mean": [-6.54601287842, -6.60876178741, -7.34180879593, -7.32781553268, -7.39727878571, -9.70248508453],
        "stdev": [0.987931013107, 0.917519152164, 0.964188337326, 0.976739227772, 0.93396538496, 1.00640308857]
    }
},
"rhythm": {
    "beats_count": 126,
    "beats_loudness": {
        "mean": 0.0531040169299,
        "stdev": 0.0161011815071
    },
    "bpm": 103.917579651,
    "bpm_histogram_first_peak_bpm": 103,
    "bpm_histogram_first_peak_weight": 0.266129016876,
    "bpm_histogram_second_peak_bpm": 108,
    "bpm_histogram_second_peak_spread": 0,
    "bpm_histogram_second_peak_weight": 0.00800000037998,
    "danceability": 1.39193415642,
    "onset_rate": 3.60027480125,
    "beats_loudness_band_ratio": {
        "mean": [0.454647213221, 0.20219117403, 0.139631137252, 0.0898998081684, 0.100191265345, 0.0753882229328],
        "stdev": [0.189239501953, 0.128134340048, 0.0869631618261, 0.0685071721673, 0.0668433085084, 0.0365481637418]
    },
    "beats_position": [0.615328788757, 1.20743763447, 1.78793644905, 2.36843538284, 2.94893407822, 3.52943301201, 4.1099319458, 4.69043064117, 5.25931978226, 5.8282084465, 6.40870714188, 6.98920631409, 7.56970500946, 8.15020370483, 8.73070240021, 9.31120204926, 9.89170074463, 10.4605894089, 11.0294780731, 11.6099767685, 12.1904764175, 12.7709751129, 13.3514738083, 13.9203624725, 14.4892511368, 15.0697498322, 15.6502494812, 16.2307472229, 16.8112468719, 17.391746521, 17.9722442627, 18.5411338806, 19.1100215912, 19.6905212402, 20.2710208893, 20.8399085999, 21.4087982178, 21.9892959595, 22.5697956085, 23.1502952576, 23.7307929993, 24.3112926483, 24.8801803589, 25.4490699768, 26.0295696259, 26.6100673676, 27.1905670166, 27.7710647583, 28.3515644073, 28.9204521179, 29.4893417358, 30.0698413849, 30.6503391266, 31.2308387756, 31.8113365173, 32.391834259, 32.960723877, 33.5296134949, 34.1101112366, 34.690612793, 35.2711105347, 35.8516082764, 36.4321098328, 37.000995636, 37.5698852539, 38.1503829956, 38.730884552, 39.3113822937, 39.8918800354, 40.4607696533, 41.0296592712, 41.6101570129, 42.1906585693, 42.771156311, 43.3516540527, 43.9321517944, 44.5126533508, 45.0931510925, 45.6736488342, 46.2541503906, 46.8114280701, 47.3919258118, 47.9724235535, 48.5413131714, 49.1102027893, 49.690700531, 50.2712020874, 50.8516998291, 51.4321975708, 52.0126991272, 52.5815849304, 53.1504745483, 53.73097229, 54.3114738464, 54.8919715881, 55.4724693298, 56.0413589478, 56.6102485657, 57.1907463074, 57.7712478638, 58.3517456055, 58.9322433472, 59.5127410889, 60.0816307068, 60.6505203247, 61.2310180664, 61.8115196228, 62.3920173645, 62.9725151062, 63.5530128479, 64.1219024658, 64.6907958984, 65.2712936401, 65.8517913818, 66.4322891235, 67.0127868652, 67.5932846069, 68.1737823486, 68.7426757812, 69.3115615845, 69.8920593262, 70.4725646973, 71.053062439, 71.6335601807, 72.2140579224, 72.7945556641],
    "bpm_histogram": [0, 0, 0, 0, 0, 0, 0, 0, 0, 0, 0, 0, 0, 0, 0, 0, 0, 0, 0, 0, 0, 0, 0, 0, 0, 0, 0, 0, 0, 0, 0, 0, 0, 0, 0, 0, 0, 0, 0, 0, 0, 0, 0, 0, 0, 0, 0, 0, 0, 0, 0, 0, 0, 0, 0, 0, 0, 0, 0, 0, 0, 0, 0, 0, 0, 0, 0, 0, 0, 0, 0, 0, 0, 0, 0, 0, 0, 0, 0, 0, 0, 0, 0, 0, 0, 0, 0, 0, 0, 0, 0, 0, 0, 0, 0, 0, 0, 0, 0, 0, 0, 0.00800000037998, 0, 0.727999985218, 0, 0.256000012159, 0, 0, 0.00800000037998, 0, 0, 0, 0, 0, 0, 0, 0, 0, 0, 0, 0, 0, 0, 0, 0, 0, 0, 0, 0, 0, 0, 0, 0, 0, 0, 0, 0, 0, 0, 0, 0, 0, 0, 0, 0, 0, 0, 0, 0, 0, 0, 0, 0, 0, 0, 0, 0, 0, 0, 0, 0, 0, 0, 0, 0, 0, 0, 0, 0, 0, 0, 0, 0, 0, 0, 0, 0, 0, 0, 0, 0, 0, 0, 0, 0, 0, 0, 0, 0, 0, 0, 0, 0, 0, 0, 0, 0, 0, 0, 0, 0, 0, 0, 0, 0, 0, 0, 0, 0, 0, 0, 0, 0, 0, 0, 0, 0, 0, 0, 0, 0, 0, 0, 0, 0, 0, 0, 0, 0, 0, 0, 0, 0, 0, 0, 0, 0, 0, 0, 0, 0, 0, 0, 0, 0, 0, 0, 0, 0, 0]
},
"tonal": {
    "chords_changes_rate": 0.0495552718639,
    "chords_number_rate": 0.00571791594848,
    "chords_strength": {
        "mean": 0.54141664505,
        "stdev": 0.0972350984812
    },
    "hpcp_crest": {
        "mean": 12.208984375,
        "stdev": 6.39291238785
    },
    "hpcp_entropy": {
        "mean": 2.2675588131,
        "stdev": 0.768368601799
    },
    "key_edma": {
        "strength": 0.784276545048,
        "key": "A#",
        "scale": "major"
    },
    "key_krumhansl": {
        "strength": 0.77244669199,
        "key": "A#",
        "scale": "major"
    },
    "key_temperley": {
        "strength": 0.755390703678,
        "key": "A#",
        "scale": "major"
    },
    "tuning_diatonic_strength": 0.575552225113,
    "tuning_equal_tempered_deviation": 0.030364818871,
    "tuning_frequency": 439.491973877,
    "tuning_nontempered_energy_ratio": 0.722390115261,
    "hpcp": {
        "mean": [0.272628575563, 0.208251461387, 0.17577804625, 0.207109302282, 0.161138996482, 0.113868191838, 0.115484014153, 0.114436432719, 0.175731301308, 0.213934585452, 0.149753645062, 0.118358172476, 0.12567512691, 0.112006559968, 0.168120503426, 0.231008782983, 0.173484906554, 0.110336646438, 0.0937245637178, 0.0830375775695, 0.109018735588, 0.153524652123, 0.143652632833, 0.188788875937, 0.258559703827, 0.18829202652, 0.123235426843, 0.112274900079, 0.0969953238964, 0.142728701234, 0.178946152329, 0.122529998422, 0.0794083848596, 0.0801759511232, 0.0960280895233, 0.196700587869],
        "stdev": [0.330065101385, 0.266304433346, 0.259162783623, 0.309329748154, 0.243699103594, 0.212961271405, 0.211859628558, 0.197964042425, 0.256254047155, 0.296053022146, 0.218340963125, 0.206653878093, 0.218999147415, 0.194270148873, 0.233008727431, 0.299593001604, 0.239626705647, 0.198913887143, 0.185947567225, 0.162719726562, 0.185621798038, 0.231928691268, 0.216643288732, 0.236306115985, 0.305938988924, 0.234827786684, 0.20912386477, 0.194180518389, 0.182564780116, 0.219568103552, 0.26991841197, 0.198971778154, 0.163241103292, 0.16336838901, 0.166499912739, 0.258700370789]
    },
    "chords_histogram": [26.9377384186, 29.3519687653, 21.0292243958, 3.62134695053, 4.44726800919, 0, 1.96950447559, 0, 2.28716635704, 0, 7.81448554993, 0.0635324046016, 0, 0.381194412708, 0, 0, 0, 0.0635324046016, 0, 0.0635324046016, 0, 0, 0, 1.96950447559],
    "thpcp": [1, 0.763865113258, 0.644752860069, 0.759675681591, 0.591056883335, 0.417667865753, 0.423594683409, 0.419752150774, 0.644581377506, 0.784710764885, 0.54929548502, 0.434137076139, 0.46097561717, 0.410839408636, 0.616665005684, 0.847338855267, 0.636341631413, 0.404714167118, 0.343781143427, 0.304581344128, 0.399880081415, 0.5631275177, 0.526916980743, 0.692476451397, 0.948395490646, 0.690654039383, 0.452026814222, 0.411823660135, 0.35577827692, 0.523528039455, 0.656373441219, 0.449439316988, 0.291269481182, 0.294084906578, 0.352230459452, 0.721496582031],
    "chords_key": "D",
    "chords_scale": "minor"
}
}