{
"metadata": {
    "version": {
        "essentia": "2.1-dev",
        "essentia_git_sha": "v2.1_beta3-415-gd5473f3",
        "extractor": "music 2.0"
    },
    "audio_properties": {
        "analysis": {
            "equal_loudness": 0,
            "length": 223.895507812,
            "sample_rate": 44100,
            "start_time": 0,
            "downmix": "mix"
        },
        "bit_rate": 192000,
        "length": 223.895507812,
        "lossless": 0,
        "number_channels": 2,
        "replay_gain": -9.8876991272,
        "sample_rate": 44100,
        "codec": "mp3",
        "md5_encoded": "3971b9e0813142ff3666b4faf1d08937"
    },
    "tags": {
        "file_name": "formula_abierta-siento_que_te_pierdo.mp3"
    }
},
"lowlevel": {
    "average_loudness": 0.855448484421,
    "barkbands_crest": {
        "mean": 9.91411876678,
        "stdev": 3.91963744164
    },
    "barkbands_flatness_db": {
        "mean": 0.163504645228,
        "stdev": 0.0518264807761
    },
    "barkbands_kurtosis": {
        "mean": 5.33405256271,
        "stdev": 7.70517206192
    },
    "barkbands_skewness": {
        "mean": 1.76473355293,
        "stdev": 1.11244165897
    },
    "barkbands_spread": {
        "mean": 19.2937965393,
        "stdev": 13.3552055359
    },
    "dissonance": {
        "mean": 0.44963285327,
        "stdev": 0.0331014767289
    },
    "dynamic_complexity": 2.65752649307,
    "erbbands_crest": {
        "mean": 9.70659065247,
        "stdev": 4.43653774261
    },
    "erbbands_flatness_db": {
        "mean": 0.159425064921,
        "stdev": 0.0511398874223
    },
    "erbbands_kurtosis": {
        "mean": 0.933647036552,
        "stdev": 5.0115442276
    },
    "erbbands_skewness": {
        "mean": 0.626534700394,
        "stdev": 0.771935343742
    },
    "erbbands_spread": {
        "mean": 40.198600769,
        "stdev": 22.4372138977
    },
    "hfc": {
        "mean": 19.0241241455,
        "stdev": 15.476272583
    },
    "loudness_ebu128": {
        "integrated": -13.7730560303,
        "loudness_range": 3.0380897522,
        "momentary": {
            "mean": -14.5595474243,
            "stdev": 4.32623434067
        },
        "short_term": {
            "mean": -14.1076564789,
            "stdev": 1.83925008774
        }
    },
    "melbands_crest": {
        "mean": 13.4357023239,
        "stdev": 4.77148294449
    },
    "melbands_flatness_db": {
        "mean": 0.219042062759,
        "stdev": 0.0673054978251
    },
    "melbands_kurtosis": {
        "mean": 15.6804523468,
        "stdev": 22.9304771423
    },
    "melbands_skewness": {
        "mean": 2.7199947834,
        "stdev": 1.70511543751
    },
    "melbands_spread": {
        "mean": 18.2678318024,
        "stdev": 12.9858970642
    },
    "pitch_salience": {
        "mean": 0.546346187592,
        "stdev": 0.102624006569
    },
    "silence_rate_20dB": {
        "mean": 1,
        "stdev": 0
    },
    "silence_rate_30dB": {
        "mean": 0.998133540154,
        "stdev": 0.0431658476591
    },
    "silence_rate_60dB": {
        "mean": 0.0263376198709,
        "stdev": 0.160137504339
    },
    "spectral_centroid": {
        "mean": 1043.34118652,
        "stdev": 548.177978516
    },
    "spectral_complexity": {
        "mean": 16.3556613922,
        "stdev": 7.49576425552
    },
    "spectral_decrease": {
        "mean": -6.9777135181e-09,
        "stdev": 5.24427345994e-09
    },
    "spectral_energy": {
        "mean": 0.0280608907342,
        "stdev": 0.0206750258803
    },
    "spectral_energyband_high": {
        "mean": 0.000656287069432,
        "stdev": 0.00103892071638
    },
    "spectral_energyband_low": {
        "mean": 0.00888694170862,
        "stdev": 0.0127687826753
    },
    "spectral_energyband_middle_high": {
        "mean": 0.00457623368129,
        "stdev": 0.00496774725616
    },
    "spectral_energyband_middle_low": {
        "mean": 0.0156061183661,
        "stdev": 0.013099710457
    },
    "spectral_entropy": {
        "mean": 7.31674480438,
        "stdev": 0.525032877922
    },
    "spectral_flux": {
        "mean": 0.0808032527566,
        "stdev": 0.0528136529028
    },
    "spectral_kurtosis": {
        "mean": 5.67259216309,
        "stdev": 6.49566364288
    },
    "spectral_rms": {
        "mean": 0.00490296352655,
        "stdev": 0.00182686606422
    },
    "spectral_rolloff": {
        "mean": 1191.13476562,
        "stdev": 1410.31970215
    },
    "spectral_skewness": {
        "mean": 1.83410525322,
        "stdev": 0.676492154598
    },
    "spectral_spread": {
        "mean": 5101408.5,
        "stdev": 2250754.75
    },
    "spectral_strongpeak": {
        "mean": 0.999111831188,
        "stdev": 1.0599732399
    },
    "zerocrossingrate": {
        "mean": 0.0554260499775,
        "stdev": 0.0349076092243
    },
    "barkbands": {
        "mean": [9.86319137155e-05, 0.00408587558195, 0.00344981183298, 0.00208910577931, 0.00482662301511, 0.00383295444772, 0.00122790166643, 0.00125356391072, 0.0015915853437, 0.00142655172385, 0.000572967226617, 0.000537457352038, 0.000256953760982, 0.000333296135068, 0.000384042534279, 0.000378914846806, 0.000287505681626, 0.000304712157231, 0.000355280353688, 0.000173396023456, 8.1189944467e-05, 6.72410533298e-05, 0.000103138336272, 0.000155953093781, 0.000121122160635, 6.52064845781e-05, 9.6182128928e-10],
        "stdev": [0.000156887457706, 0.00722219236195, 0.00650806538761, 0.00425666058436, 0.00735288532451, 0.00669852504507, 0.00220408826135, 0.00218842946924, 0.0029712698888, 0.00278762285598, 0.00108599558007, 0.00101127161179, 0.000691917317454, 0.000720577256288, 0.000744666554965, 0.000927107350435, 0.000681985460687, 0.000621216662694, 0.000696593138855, 0.000323708460201, 0.000153716624482, 0.000127558290842, 0.000205558375455, 0.000352363131242, 0.000276515260339, 0.000125888269395, 1.52614054727e-09]
    },
    "erbbands": {
        "mean": [0.106106244028, 0.979281544685, 3.58347725868, 6.2737698555, 8.45607376099, 16.9035835266, 33.2627334595, 27.7422981262, 20.1793422699, 19.2258148193, 31.2567882538, 36.1732940674, 52.5683021545, 25.0263710022, 22.2825489044, 22.0985870361, 13.2401590347, 14.4487991333, 18.5702438354, 22.8032855988, 18.950170517, 16.0008811951, 16.1525745392, 21.9304389954, 13.3628587723, 7.88886547089, 4.13014173508, 2.79263520241, 2.39994239807, 2.53801345825, 3.10568571091, 3.08397173882, 2.60991644859, 1.52546656132, 0.800673007965, 0.343430817127, 0.116816520691, 0.00774498237297, 0.000170927101863, 4.24108438892e-05],
        "stdev": [0.16098459065, 1.89649629593, 6.87238407135, 10.6612033844, 18.298740387, 27.671962738, 58.906665802, 51.848110199, 33.4287261963, 34.5099182129, 52.0181121826, 68.8600540161, 100.344955444, 46.493309021, 37.690372467, 40.827911377, 29.6430683136, 31.601436615, 37.176525116, 45.0535049438, 41.6050224304, 37.5341377258, 31.9755744934, 43.5347595215, 23.7072410583, 14.4509897232, 7.90487909317, 5.25692796707, 4.59785413742, 4.87588214874, 6.45992326736, 6.6603474617, 6.36954259872, 3.40518188477, 1.90931475163, 0.710437119007, 0.226423472166, 0.0158454291523, 0.000310270901537, 3.50406371581e-05]
    },
    "gfcc": {
        "mean": [-5.07062578201, 103.981361389, -104.713088989, 28.0055446625, -64.4895324707, 14.5923595428, -46.9868049622, 15.1716918945, -29.6217308044, -3.3426630497, -11.6007728577, -2.79876828194, -7.70833539963],
        "cov": [[7937.16064453, -1865.1776123, -270.254974365, 393.960632324, -157.437103271, 99.95262146, -437.231933594, 529.672241211, -224.953979492, 323.801696777, -359.566040039, 273.521942139, -154.290298462], [-1865.1776123, 1583.64318848, -376.521575928, -153.117523193, 102.037361145, -118.502609253, 251.121765137, -248.767868042, 205.755874634, -226.254562378, 307.233642578, -232.045791626, 178.058395386], [-270.254974365, -376.521575928, 1029.97058105, 101.105323792, 41.2119560242, 224.967300415, 12.7012805939, 44.4961433411, -58.4042892456, 144.546585083, -138.063446045, 141.167663574, -91.9917297363], [393.960632324, -153.117523193, 101.105323792, 356.454071045, 90.0842437744, 10.9775314331, -15.9077606201, 23.0624084473, 25.563627243, 24.9584388733, -15.7909059525, 32.7618789673, 38.9454650879], [-157.437103271, 102.037361145, 41.2119560242, 90.0842437744, 261.90411377, -25.152961731, 30.5670433044, -14.8867893219, 36.1486587524, 24.9041690826, -20.1986312866, 30.7400970459, 7.26980400085], [99.95262146, -118.502609253, 224.967300415, 10.9775314331, -25.152961731, 262.230163574, 69.3226852417, 31.0127334595, -6.01107740402, 43.7144432068, -17.1498775482, 5.27017498016, -9.70061016083], [-437.231933594, 251.121765137, 12.7012805939, -15.9077606201, 30.5670433044, 69.3226852417, 205.654022217, -17.6938323975, 35.779964447, 1.42632269859, 39.6905593872, -40.5636253357, 19.8182125092], [529.672241211, -248.767868042, 44.4961433411, 23.0624084473, -14.8867893219, 31.0127334595, -17.6938323975, 196.497680664, 10.435297966, 37.9609870911, -40.8188018799, 36.5621032715, -39.1347007751], [-224.953979492, 205.755874634, -58.4042892456, 25.563627243, 36.1486587524, -6.01107740402, 35.779964447, 10.435297966, 127.51713562, -13.681438446, 48.3081550598, -25.4330177307, 31.4921016693], [323.801696777, -226.254562378, 144.546585083, 24.9584388733, 24.9041690826, 43.7144432068, 1.42632269859, 37.9609870911, -13.681438446, 156.704772949, -43.9657249451, 61.2242431641, -25.5391597748], [-359.566040039, 307.233642578, -138.063446045, -15.7909059525, -20.1986312866, -17.1498775482, 39.6905593872, -40.8188018799, 48.3081550598, -43.9657249451, 154.910064697, -34.5071754456, 51.2537727356], [273.521942139, -232.045791626, 141.167663574, 32.7618789673, 30.7400970459, 5.27017498016, -40.5636253357, 36.5621032715, -25.4330177307, 61.2242431641, -34.5071754456, 137.140167236, -16.3303432465], [-154.290298462, 178.058395386, -91.9917297363, 38.9454650879, 7.26980400085, -9.70061016083, 19.8182125092, -39.1347007751, 31.4921016693, -25.5391597748, 51.2537727356, -16.3303432465, 117.823135376]],
        "icov": [[0.000269439566182, -0.000118170857604, 0.000376244075596, -0.000412306631915, 0.00023880104709, -0.00036228087265, 0.000455040601082, -0.000517270003911, 0.000394574162783, -0.000480970425997, 0.000486239732709, -0.000359479396138, 0.00019748894556], [-0.000118170857604, 0.00357969291508, -0.000889989372808, 0.00190084928181, -0.00183388788719, 0.00173802324571, -0.00254548806697, 0.0020787382964, -0.00276997149922, 0.00241335947067, -0.00390284322202, 0.00296378019266, -0.00214080209844], [0.000376244075596, -0.000889989372808, 0.00236520147882, -0.00133613799699, 0.000724717916455, -0.00210400042124, 0.000956366595346, -0.000569239549804, 0.00102603028063, -0.00150554219726, 0.00225156685337, -0.0023937355727, 0.00164630892687], [-0.000412306631915, 0.00190084928181, -0.00133613799699, 0.0049728709273, -0.00234288768843, 0.00128463387955, -0.00121868983842, 0.00108211534098, -0.00221163243987, 0.00169358809944, -0.00237571075559, 0.0019285454182, -0.0030257825274], [0.00023880104709, -0.00183388788719, 0.000724717916455, -0.00234288768843, 0.00607464183122, -0.00023811837309, 0.000263338763034, -0.000361922488082, -0.000122808734886, -0.00181464629713, 0.00352685828693, -0.00308515760116, 0.00154315377586], [-0.00036228087265, 0.00173802324571, -0.00210400042124, 0.00128463387955, -0.00023811837309, 0.00686038052663, -0.00349710904993, 0.000641218037345, -0.00137417356018, 0.000878499355167, -0.00236441614106, 0.00264622573741, -0.00183457438834], [0.000455040601082, -0.00254548806697, 0.000956366595346, -0.00121868983842, 0.000263338763034, -0.00349710904993, 0.00893857609481, -0.00195640511811, 0.0016054637963, -0.00295079057105, 0.00183822237886, -0.000446067075245, 0.00120456214063], [-0.000517270003911, 0.0020787382964, -0.000569239549804, 0.00108211534098, -0.000361922488082, 0.000641218037345, -0.00195640511811, 0.0085337953642, -0.00417964952067, 0.00146474107169, -0.0013740316499, 0.000388134765672, 0.000703875557519], [0.000394574162783, -0.00276997149922, 0.00102603028063, -0.00221163243987, -0.000122808734886, -0.00137417356018, 0.0016054637963, -0.00417964952067, 0.0131956376135, -0.00245703803375, 0.000410042877775, -0.000668174179737, 0.000140498086694], [-0.000480970425997, 0.00241335947067, -0.00150554219726, 0.00169358809944, -0.00181464629713, 0.000878499355167, -0.00295079057105, 0.00146474107169, -0.00245703803375, 0.0110290227458, -0.0019891099073, -0.00070495082764, -0.00103019422386], [0.000486239732709, -0.00390284322202, 0.00225156685337, -0.00237571075559, 0.00352685828693, -0.00236441614106, 0.00183822237886, -0.0013740316499, 0.000410042877775, -0.0019891099073, 0.0146544389427, -0.0044175889343, 0.00037239730591], [-0.000359479396138, 0.00296378019266, -0.0023937355727, 0.0019285454182, -0.00308515760116, 0.00264622573741, -0.000446067075245, 0.000388134765672, -0.000668174179737, -0.00070495082764, -0.0044175889343, 0.0141104143113, -0.00294075882994], [0.00019748894556, -0.00214080209844, 0.00164630892687, -0.0030257825274, 0.00154315377586, -0.00183457438834, 0.00120456214063, 0.000703875557519, 0.000140498086694, -0.00103019422386, 0.00037239730591, -0.00294075882994, 0.0132211660966]]
    },
    "melbands": {
        "mean": [0.00104150664993, 0.00170734140556, 0.00113042467274, 0.000855830614455, 0.00112624710891, 0.000648634275422, 0.000289968593279, 0.000220085392357, 0.000266499293502, 0.000227528507821, 0.00026109997998, 0.000101449113572, 7.17825460015e-05, 6.47392007522e-05, 4.41677657363e-05, 2.26503252634e-05, 2.85027781501e-05, 2.91815576929e-05, 3.11188268824e-05, 3.13743730658e-05, 1.96265882551e-05, 1.73520456883e-05, 1.24408034026e-05, 1.61884399859e-05, 1.8635251763e-05, 1.06740499177e-05, 7.95628875494e-06, 4.41752763436e-06, 2.73479463431e-06, 1.86847080386e-06, 1.51680751515e-06, 1.33779212774e-06, 1.28301905988e-06, 1.49071092892e-06, 1.83823999578e-06, 1.72066870618e-06, 1.95576058104e-06, 1.91679464479e-06, 1.47510900206e-06, 1.21806863262e-06],
        "stdev": [0.00168180582114, 0.00311223277822, 0.00195000611711, 0.00148322398309, 0.00181751977652, 0.00114385876805, 0.000481121474877, 0.000392350688344, 0.000458682130557, 0.000453460845165, 0.000506183016114, 0.000199675749172, 0.000128296858747, 0.000121832010336, 9.69290849753e-05, 6.53447132208e-05, 6.82854588376e-05, 6.77220814396e-05, 6.39743666397e-05, 7.8346914961e-05, 4.9683447287e-05, 4.34798712377e-05, 2.97303758998e-05, 3.43574683939e-05, 3.99798482249e-05, 2.11137667065e-05, 1.64093162311e-05, 8.44143050927e-06, 5.59008503842e-06, 3.39726966558e-06, 3.14917519972e-06, 2.62113417193e-06, 2.57278156823e-06, 2.98809914057e-06, 3.94799508285e-06, 3.80793221666e-06, 4.67440941065e-06, 4.92537083119e-06, 3.81045038012e-06, 2.79067285192e-06]
    },
    "melbands128": {
        "mean": [9.11678143893e-05, 0.000751363695599, 0.00143059843685, 0.00162344565615, 0.00180088542402, 0.00166393723339, 0.00134351081215, 0.000919945654459, 0.000819555309135, 0.000792413833551, 0.000798698805738, 0.00120474852156, 0.00123106641695, 0.0010551266605, 0.000643408391625, 0.000448813283583, 0.000419779709773, 0.000237396554439, 0.000216114844079, 0.000188183315913, 0.000257560663158, 0.000230661171372, 0.000294502795441, 0.000293508230243, 0.000200744296308, 0.000234239996644, 0.000201732007554, 0.00036184900091, 0.000214753235923, 7.91662314441e-05, 8.87477435754e-05, 7.78452595114e-05, 5.70344273001e-05, 8.81101732375e-05, 6.20897189947e-05, 6.17245532339e-05, 6.32398514426e-05, 4.63512042188e-05, 3.37642777595e-05, 2.29416000366e-05, 2.52692552749e-05, 1.32103923534e-05, 2.53248235822e-05, 3.7593061279e-05, 3.5770033719e-05, 2.63625897787e-05, 2.29424458666e-05, 3.88176631532e-05, 2.76156497421e-05, 2.91735814244e-05, 3.81500613003e-05, 2.79284649878e-05, 1.89632210095e-05, 1.66615373018e-05, 1.87271471077e-05, 1.77681577043e-05, 1.6486244931e-05, 1.13700316433e-05, 1.03240890894e-05, 1.61160951393e-05, 1.53145738295e-05, 1.60252420756e-05, 2.40369245148e-05, 1.7885111447e-05, 1.27781431729e-05, 1.07329797174e-05, 9.85160841083e-06, 7.8278417277e-06, 8.16244482849e-06, 7.04274225427e-06, 4.06979188483e-06, 3.5999805732e-06, 2.97336782751e-06, 2.58349518845e-06, 2.46846389018e-06, 1.76109153927e-06, 1.73575836016e-06, 1.67541452356e-06, 1.47431580899e-06, 1.3755047803e-06, 1.28501801555e-06, 1.33817604819e-06, 1.41739610626e-06, 1.1610478623e-06, 1.36148753427e-06, 1.19427306799e-06, 1.55941791036e-06, 2.03348713512e-06, 1.83511417617e-06, 1.77699530468e-06, 1.61183550063e-06, 1.74505112227e-06, 1.80359518254e-06, 2.06919048651e-06, 1.94977974388e-06, 1.88474962215e-06, 2.01767625185e-06, 1.84170062312e-06, 1.42785313528e-06, 1.23079360037e-06, 1.49900063207e-06, 1.17024285373e-06, 9.94611355054e-07, 9.99668941404e-07, 9.17252862109e-07, 8.76031037933e-07, 6.81903941313e-07, 6.70430608807e-07, 5.03963917708e-07, 5.30723184511e-07, 6.39081633835e-07, 4.33624194329e-07, 3.72843885543e-07, 2.77608904753e-07, 1.82709356977e-07, 3.12743679842e-08, 1.16203028103e-11, 4.46918457103e-12, 4.30186832337e-12, 4.1640922481e-12, 4.05114483626e-12, 3.95644671539e-12, 3.86617127202e-12, 3.79293298158e-12, 3.73510727555e-12, 3.69332429223e-12, 3.66172717148e-12, 3.63669858117e-12],
        "stdev": [0.000146750957356, 0.00120764377061, 0.00252127158456, 0.00361812044866, 0.00382812833413, 0.00303636724129, 0.00234393682331, 0.00207325140946, 0.0021974935662, 0.00195072870702, 0.00181081844494, 0.00238797068596, 0.00261540338397, 0.0025688665919, 0.00165432167705, 0.000893723685294, 0.000871708034538, 0.000565933180042, 0.000553360150661, 0.000508428434841, 0.000620730337687, 0.000560465734452, 0.000669860979542, 0.000735648733098, 0.000565674563404, 0.000732784974389, 0.000557083927561, 0.000875030935276, 0.000536570383701, 0.000266265706159, 0.000256515864749, 0.000238435153733, 0.000152520326083, 0.000220061498112, 0.000190698541701, 0.000162729629665, 0.000172929692781, 0.000155372123118, 0.000115584000014, 8.4169623733e-05, 0.000111633307824, 6.73677714076e-05, 8.48866911838e-05, 0.000116030118079, 0.000100195458799, 0.00010485562234, 8.32681980683e-05, 0.000109339722258, 7.04230988049e-05, 0.000110698274511, 0.000134260219056, 9.49683744693e-05, 8.00356137916e-05, 7.46806254028e-05, 6.07372239756e-05, 6.65719708195e-05, 6.35034884908e-05, 5.04743402416e-05, 3.84303275496e-05, 4.47080637969e-05, 4.49580911663e-05, 5.68780815229e-05, 6.91121749696e-05, 5.12063852511e-05, 3.59852674592e-05, 3.17464509862e-05, 2.42880432779e-05, 2.51601304626e-05, 2.4074653993e-05, 2.21114187298e-05, 9.21247828956e-06, 8.43089674163e-06, 6.24825634077e-06, 8.44002806843e-06, 6.24159565632e-06, 3.71075179828e-06, 3.75250851903e-06, 3.62930950359e-06, 3.71343480765e-06, 3.16366777042e-06, 2.73286673291e-06, 2.94815072266e-06, 3.29759450324e-06, 2.57906458501e-06, 2.98403938359e-06, 2.68495500677e-06, 3.55781639882e-06, 4.50133802588e-06, 4.35735682913e-06, 4.96576558362e-06, 4.21755657953e-06, 4.60341288999e-06, 4.01016040996e-06, 5.31337445864e-06, 6.15496719547e-06, 5.68354244024e-06, 5.31522755409e-06, 5.29074259248e-06, 4.49745311926e-06, 3.40243491337e-06, 3.27302632286e-06, 3.07282311951e-06, 2.83946633317e-06, 2.50555081038e-06, 2.41156635639e-06, 2.44817374551e-06, 1.89388299532e-06, 1.56287478603e-06, 1.15126840683e-06, 1.1363287058e-06, 1.34513311423e-06, 8.79605920545e-07, 7.68570146192e-07, 5.9901003624e-07, 4.14276001948e-07, 8.49043502171e-08, 3.6151037025e-11, 7.19295630003e-12, 6.93643536706e-12, 6.72204262739e-12, 6.53895297284e-12, 6.38120849564e-12, 6.24446067771e-12, 6.12967489266e-12, 6.03388823281e-12, 5.95942392656e-12, 5.90536864201e-12, 5.87109571029e-12]
    },
    "mfcc": {
        "mean": [-650.253417969, 131.964477539, 15.4720582962, 15.7393989563, 8.3065032959, -7.14154052734, 1.70341849327, 4.6116309166, -7.51555919647, 3.5406036377, -7.78537559509, -5.32857942581, -1.25482594967],
        "cov": [[5704.95507812, -1099.37487793, -502.996673584, 127.467750549, 77.7500228882, -217.013870239, -83.9827804565, 4.3180065155, 95.3147125244, 78.5481262207, 24.2949199677, -69.5991287231, -29.3913631439], [-1099.37487793, 1266.32885742, -208.700256348, -81.8103256226, -94.3069381714, 16.4473342896, 28.7164402008, 17.9569530487, -101.627326965, 54.7305755615, -3.54656791687, 5.03358793259, -7.14154291153], [-502.996673584, -208.700256348, 822.851989746, -32.4701919556, 62.948513031, 171.123168945, 79.5627746582, 30.4081840515, 75.4251403809, -21.7525005341, 37.9326210022, 36.6876831055, 33.7879600525], [127.467750549, -81.8103256226, -32.4701919556, 328.906890869, 106.351974487, 17.7559070587, -16.0293083191, -17.2424221039, 59.0678138733, -56.7584838867, -2.71886444092, 45.1734619141, 32.0883750916], [77.7500228882, -94.3069381714, 62.948513031, 106.351974487, 228.092041016, 25.7111358643, -23.0483665466, 14.4001674652, 35.939239502, -11.3775310516, -9.0144443512, 15.1032772064, 11.222943306], [-217.013870239, 16.4473342896, 171.123168945, 17.7559070587, 25.7111358643, 245.352127075, 72.4274520874, -17.0831871033, 49.0216789246, -5.44572734833, 19.5222663879, 4.20110034943, 23.6685562134], [-83.9827804565, 28.7164402008, 79.5627746582, -16.0293083191, -23.0483665466, 72.4274520874, 138.501922607, 17.7403564453, 24.3266544342, 29.4023838043, 5.60073471069, 6.32559967041, 17.2234745026], [4.3180065155, 17.9569530487, 30.4081840515, -17.2424221039, 14.4001674652, -17.0831871033, 17.7403564453, 140.095153809, 2.93399333954, 31.3598651886, 11.3813199997, 7.34236049652, -2.18841958046], [95.3147125244, -101.627326965, 75.4251403809, 59.0678138733, 35.939239502, 49.0216789246, 24.3266544342, 2.93399333954, 148.478240967, 8.24918174744, 21.0165328979, 15.8551120758, 14.9532461166], [78.5481262207, 54.7305755615, -21.7525005341, -56.7584838867, -11.3775310516, -5.44572734833, 29.4023838043, 31.3598651886, 8.24918174744, 136.985839844, 12.5495347977, -15.4523048401, -2.75692892075], [24.2949199677, -3.54656791687, 37.9326210022, -2.71886444092, -9.0144443512, 19.5222663879, 5.60073471069, 11.3813199997, 21.0165328979, 12.5495347977, 117.942405701, 24.0892009735, -13.81752491], [-69.5991287231, 5.03358793259, 36.6876831055, 45.1734619141, 15.1032772064, 4.20110034943, 6.32559967041, 7.34236049652, 15.8551120758, -15.4523048401, 24.0892009735, 100.071388245, 25.0605239868], [-29.3913631439, -7.14154291153, 33.7879600525, 32.0883750916, 11.222943306, 23.6685562134, 17.2234745026, -2.18841958046, 14.9532461166, -2.75692892075, -13.81752491, 25.0605239868, 96.2511367798]],
        "icov": [[0.000251587975072, 0.000246141018579, 0.000202901879675, -4.61313647975e-05, -3.89269771404e-05, 9.73260539467e-05, -1.86981924344e-05, -2.42200294451e-05, -8.11135832919e-05, -0.000188793448615, -0.000121669145301, 0.000132298911922, -2.20765487029e-05], [0.000246141018579, 0.00116961367894, 0.000462665688246, 2.46968920692e-05, 0.000193432977539, -0.000288693758193, -0.000125218677567, -0.00017574839876, 0.000530663237441, -0.000501495203935, -7.62265990488e-05, -0.000209047808312, 4.82364112031e-06], [0.000202901879675, 0.000462665688246, 0.00185146299191, 0.000588107097428, -0.00048107013572, -0.000872275966685, -0.000479977054056, -0.000420859345468, -0.000396813644329, 0.00037017284194, -0.000363773637218, -0.000377097458113, -0.000284593581455], [-4.61313647975e-05, 2.46968920692e-05, 0.000588107097428, 0.00455412315205, -0.0018284075195, -0.000119792712212, -6.6878805228e-05, 0.000318140606396, -0.00144686619751, 0.00169701233972, 3.1921248592e-05, -0.00134731340222, -0.000846348062623], [-3.89269771404e-05, 0.000193432977539, -0.00048107013572, -0.0018284075195, 0.00584545731544, -0.000776490778662, 0.00165434926748, -0.00095417292323, -0.000371386238839, -0.0006555779255, 0.0009232647717, -0.000235298575717, 0.000205251519219], [9.73260539467e-05, -0.000288693758193, -0.000872275966685, -0.000119792712212, -0.000776490778662, 0.00615631788969, -0.00275333132595, 0.00128453038633, -0.00111874833237, 0.000617207086179, -0.00100731803104, 0.00110707746353, -0.000788359320723], [-1.86981924344e-05, -0.000125218677567, -0.000479977054056, -6.6878805228e-05, 0.00165434926748, -0.00275333132595, 0.0100358417258, -0.00124196300749, -0.000759180751629, -0.00199800939299, 0.00076049764175, -0.000642075145151, -0.000827074283734], [-2.42200294451e-05, -0.00017574839876, -0.000420859345468, 0.000318140606396, -0.00095417292323, 0.00128453038633, -0.00124196300749, 0.0081151323393, 3.25485452777e-05, -0.00148107705172, -0.000567554554436, -0.000583047047257, 0.000246226758463], [-8.11135832919e-05, 0.000530663237441, -0.000396813644329, -0.00144686619751, -0.000371386238839, -0.00111874833237, -0.000759180751629, 3.25485452777e-05, 0.00880983192474, -0.00122695951723, -0.00109207758214, -0.000364497449482, -0.000374422030291], [-0.000188793448615, -0.000501495203935, 0.00037017284194, 0.00169701233972, -0.0006555779255, 0.000617207086179, -0.00199800939299, -0.00148107705172, -0.00122695951723, 0.00942546967417, -0.00110329466406, 0.00136458338238, -0.000595121702645], [-0.000121669145301, -7.62265990488e-05, -0.000363773637218, 3.1921248592e-05, 0.0009232647717, -0.00100731803104, 0.00076049764175, -0.000567554554436, -0.00109207758214, -0.00110329466406, 0.0101121626794, -0.00311438506469, 0.00246592005715], [0.000132298911922, -0.000209047808312, -0.000377097458113, -0.00134731340222, -0.000235298575717, 0.00110707746353, -0.000642075145151, -0.000583047047257, -0.000364497449482, 0.00136458338238, -0.00311438506469, 0.0127347083762, -0.00320379040204], [-2.20765487029e-05, 4.82364112031e-06, -0.000284593581455, -0.000846348062623, 0.000205251519219, -0.000788359320723, -0.000827074283734, 0.000246226758463, -0.000374422030291, -0.000595121702645, 0.00246592005715, -0.00320379040204, 0.0123179722577]]
    },
    "spectral_contrast_coeffs": {
        "mean": [-0.688671827316, -0.726148068905, -0.712897598743, -0.757240593433, -0.768694341183, -0.795678257942],
        "stdev": [0.0764302164316, 0.0677251666784, 0.0706567689776, 0.054851192981, 0.0530586391687, 0.0399772487581]
    },
    "spectral_contrast_valleys": {
        "mean": [-6.4654545784, -6.7191157341, -7.68240070343, -8.17304039001, -8.02450752258, -10.322467804],
        "stdev": [0.87055170536, 0.848160505295, 0.863337874413, 0.983422338963, 1.08452045918, 1.37928426266]
    }
},
"rhythm": {
    "beats_count": 630,
    "beats_loudness": {
        "mean": 0.0488222241402,
        "stdev": 0.0282589811832
    },
    "bpm": 172.265029907,
    "bpm_histogram_first_peak_bpm": 172,
    "bpm_histogram_first_peak_weight": 0,
    "bpm_histogram_second_peak_bpm": 167,
    "bpm_histogram_second_peak_spread": 0,
    "bpm_histogram_second_peak_weight": 0.0604133531451,
    "danceability": 1.25344884396,
    "onset_rate": 4.46607971191,
    "beats_loudness_band_ratio": {
        "mean": [0.485330343246, 0.22228205204, 0.148627430201, 0.0782677382231, 0.0590168051422, 0.0509346015751],
        "stdev": [0.282178014517, 0.176215067506, 0.140080302954, 0.0800248831511, 0.0641515776515, 0.0529903247952]
    },
    "beats_position": [0.394739210606, 0.766258478165, 1.1261677742, 1.47446703911, 1.82276642323, 2.18267560005, 2.53097510338, 2.87927436829, 3.22757363319, 3.5758728981, 3.92417216301, 4.27247142792, 4.62077093124, 4.96907043457, 5.31736946106, 5.66566896439, 6.01396799088, 6.3622674942, 6.71056699753, 7.05886602402, 7.40716552734, 7.75546455383, 8.10376358032, 8.45206356049, 8.80036258698, 9.14866161346, 9.49696159363, 9.84526062012, 10.1935596466, 10.5418596268, 10.8901586533, 11.2384576797, 11.5867567062, 11.9350566864, 12.2833557129, 12.6316547394, 12.9799547195, 13.328253746, 13.6765527725, 14.0248527527, 14.3731517792, 14.7214508057, 15.0697498322, 15.4180498123, 15.7663488388, 16.114648819, 16.4629478455, 16.8112468719, 17.1711559296, 17.5310649872, 17.8793640137, 18.2276649475, 18.575963974, 18.9242630005, 19.272562027, 19.6208610535, 19.96916008, 20.3174591064, 20.6657600403, 21.0140590668, 21.3623580933, 21.7106571198, 22.0589561462, 22.4072551727, 22.7555541992, 23.1038551331, 23.4521541595, 23.800453186, 24.1487522125, 24.497051239, 24.8453502655, 25.1936511993, 25.5419502258, 25.8902492523, 26.2385482788, 26.5868473053, 26.9351463318, 27.2834453583, 27.6317462921, 27.9800453186, 28.3283443451, 28.6882534027, 29.0249423981, 29.3732414246, 29.7215423584, 30.0698413849, 30.4181404114, 30.7664394379, 31.1147384644, 31.4630374908, 31.8229465485, 32.1828575134, 32.5311546326, 32.8794555664, 33.2277526855, 33.5760536194, 33.9243545532, 34.2726516724, 34.6209526062, 34.9692497253, 35.3175506592, 35.6658477783, 36.0141487122, 36.362449646, 36.7107467651, 37.059047699, 37.4073448181, 37.755645752, 38.1039466858, 38.4522438049, 38.8005447388, 39.1488418579, 39.4971427917, 39.8454399109, 40.1937408447, 40.5420417786, 40.8903388977, 41.2386398315, 41.5869369507, 41.9352378845, 42.2835350037, 42.6318359375, 42.9801368713, 43.3284339905, 43.6767349243, 44.0250320435, 44.3733329773, 44.7216300964, 45.0699310303, 45.4182319641, 45.7665290833, 46.1148300171, 46.4631271362, 46.8114280701, 47.1597251892, 47.508026123, 47.8563270569, 48.204624176, 48.5529251099, 48.9128341675, 49.2727432251, 49.6210403442, 49.9693412781, 50.3176422119, 50.6659393311, 51.0142402649, 51.362537384, 51.7108383179, 52.0591392517, 52.4074363708, 52.7557373047, 53.1040344238, 53.4523353577, 53.8006324768, 54.1489334106, 54.4972343445, 54.8455314636, 55.1938323975, 55.5421295166, 55.8904304504, 56.2387275696, 56.5870285034, 56.9353294373, 57.2836265564, 57.6319274902, 57.9802246094, 58.3285255432, 58.6768226624, 59.0251235962, 59.37342453, 59.7217216492, 60.070022583, 60.4183197021, 60.766620636, 61.1149177551, 61.463218689, 61.8115196228, 62.1714286804, 62.531337738, 62.8796348572, 63.227935791, 63.5762329102, 63.924533844, 64.2728347778, 64.621131897, 64.9694290161, 65.3177337646, 65.6660308838, 66.0143280029, 66.3626327515, 66.7109298706, 67.0592269897, 67.4075241089, 67.7558288574, 68.1041259766, 68.4524230957, 68.8007278442, 69.1490249634, 69.4973220825, 69.8456192017, 70.1939239502, 70.5422210693, 70.8905181885, 71.238822937, 71.5871200562, 71.9354171753, 72.2837142944, 72.632019043, 72.9803161621, 73.3286132812, 73.6769180298, 74.0252151489, 74.3735122681, 74.7218093872, 75.0701141357, 75.4184112549, 75.766708374, 76.1150131226, 76.4633102417, 76.8116073608, 77.15990448, 77.5082092285, 77.8565063477, 78.2164154053, 78.5763244629, 78.924621582, 79.2729263306, 79.6212234497, 79.9695205688, 80.3178253174, 80.6661224365, 81.0144195557, 81.3627166748, 81.7110214233, 82.0593185425, 82.4076156616, 82.7559204102, 83.1042175293, 83.4525146484, 83.8008117676, 84.1491165161, 84.4974136353, 84.8457107544, 85.1940155029, 85.5423126221, 85.8906097412, 86.2389068604, 86.5872116089, 86.935508728, 87.2838058472, 87.6321105957, 87.9804077148, 88.328704834, 88.6770019531, 89.0253067017, 89.3736038208, 89.7219009399, 90.0702056885, 90.4185028076, 90.7667999268, 91.1150970459, 91.4634017944, 91.8116989136, 92.1599960327, 92.5199050903, 92.8682098389, 93.2281188965, 93.5764160156, 93.9247131348, 94.2730178833, 94.6213150024, 94.9696121216, 95.3179092407, 95.6662139893, 96.0145111084, 96.3628082275, 96.7111129761, 97.0594100952, 97.4077072144, 97.7560043335, 98.104309082, 98.4526062012, 98.8009033203, 99.1492080688, 99.497505188, 99.8458023071, 100.194099426, 100.542404175, 100.890701294, 101.238998413, 101.587303162, 101.935600281, 102.2838974, 102.632194519, 102.980499268, 103.328796387, 103.677093506, 104.037002563, 104.385307312, 104.733604431, 105.093513489, 105.441810608, 105.790107727, 106.126800537, 106.475097656, 106.835006714, 107.183311462, 107.531608582, 107.879905701, 108.22820282, 108.576507568, 108.924804688, 109.273101807, 109.621406555, 109.969703674, 110.318000793, 110.666305542, 111.014602661, 111.36289978, 111.711196899, 112.059501648, 112.407798767, 112.756095886, 113.104400635, 113.452697754, 113.800994873, 114.149291992, 114.497596741, 114.84589386, 115.194190979, 115.542495728, 115.890792847, 116.239089966, 116.587387085, 116.935691833, 117.283988953, 117.632286072, 117.98059082, 118.328887939, 118.677185059, 119.025482178, 119.373786926, 119.722084045, 120.070381165, 120.418685913, 120.766983032, 121.115280151, 121.463577271, 121.811882019, 122.171791077, 122.520088196, 122.868385315, 123.228294373, 123.576599121, 123.92489624, 124.273193359, 124.621498108, 124.969795227, 125.318092346, 125.666389465, 126.014694214, 126.362991333, 126.711288452, 127.059593201, 127.40789032, 127.756187439, 128.104492188, 128.452789307, 128.801086426, 129.149383545, 129.497680664, 129.845977783, 130.194290161, 130.54258728, 130.890884399, 131.239181519, 131.587478638, 131.935775757, 132.284072876, 132.632385254, 132.980682373, 133.328979492, 133.677276611, 134.02557373, 134.37387085, 134.722167969, 135.070480347, 135.418777466, 135.767074585, 136.115371704, 136.463668823, 136.811965942, 137.160263062, 137.508575439, 137.856872559, 138.205169678, 138.565078735, 138.924987793, 139.273284912, 139.621582031, 139.96987915, 140.31817627, 140.666488647, 141.014785767, 141.363082886, 141.711380005, 142.059677124, 142.407974243, 142.756271362, 143.10458374, 143.452880859, 143.801177979, 144.149475098, 144.497772217, 144.846069336, 145.194366455, 145.542678833, 145.890975952, 146.239273071, 146.58757019, 146.93586731, 147.284164429, 147.632461548, 147.980773926, 148.329071045, 148.677368164, 149.025665283, 149.373962402, 149.722259521, 150.070556641, 150.418869019, 150.767166138, 151.127075195, 151.486984253, 151.835281372, 152.183578491, 152.53187561, 152.880172729, 153.228485107, 153.576782227, 153.925079346, 154.273376465, 154.621673584, 154.969970703, 155.318267822, 155.6665802, 156.014877319, 156.363174438, 156.711471558, 157.059768677, 157.408065796, 157.756362915, 158.104675293, 158.452972412, 158.801269531, 159.14956665, 159.49786377, 159.846160889, 160.194458008, 160.542770386, 160.891067505, 161.239364624, 161.587661743, 161.935958862, 162.284255981, 162.632553101, 162.980865479, 163.329162598, 163.677459717, 164.025756836, 164.374053955, 164.722351074, 165.070648193, 165.418960571, 165.76725769, 166.11555481, 166.463851929, 166.812149048, 167.160446167, 167.520355225, 167.868652344, 168.228561401, 168.576873779, 168.925170898, 169.273468018, 169.621765137, 169.970062256, 170.318359375, 170.666656494, 171.014968872, 171.363265991, 171.71156311, 172.059860229, 172.408157349, 172.756454468, 173.104751587, 173.453063965, 173.801361084, 174.149658203, 174.497955322, 174.846252441, 175.194549561, 175.54284668, 175.891159058, 176.239456177, 176.587753296, 176.936050415, 177.284347534, 177.632644653, 177.980941772, 178.32925415, 178.67755127, 179.025848389, 179.374145508, 179.722442627, 180.070739746, 180.419036865, 180.767349243, 181.115646362, 181.463943481, 181.823852539, 182.183761597, 182.532058716, 182.880355835, 183.228652954, 183.576965332, 183.925262451, 184.27355957, 184.621856689, 184.970153809, 185.318450928, 185.666748047, 186.015060425, 186.363357544, 186.711654663, 187.059951782, 187.408248901, 187.756546021, 188.10484314, 188.453155518, 188.801452637, 189.149749756, 189.498046875, 189.846343994, 190.194641113, 190.542938232, 190.89125061, 191.239547729, 191.587844849, 191.936141968, 192.284439087, 192.632736206, 192.981033325, 193.329345703, 193.677642822, 194.025939941, 194.374237061, 194.72253418, 195.070831299, 195.419128418, 195.767440796, 196.115737915, 196.464035034, 196.812332153, 197.160629272, 197.508926392, 197.857223511, 198.205535889, 198.553833008, 198.902130127, 199.250427246, 199.610336304, 199.970245361, 200.31854248, 200.6668396, 201.015136719, 201.363449097, 201.711746216, 202.060043335, 202.431564331, 202.803085327, 203.174606323, 203.557723999, 203.952468872, 204.347213745, 204.730331421, 205.113464355, 205.484985352, 205.856506348, 206.216415405, 206.587936401, 206.947845459, 207.319366455, 207.679275513, 208.03918457, 208.399093628, 208.759002686, 209.118911743, 209.548477173, 209.989654541, 210.419219971, 210.860397339, 211.313186646, 211.765975952, 212.218765259, 212.718002319, 213.22883606, 213.739685059, 214.250518799, 214.749740601, 215.2605896, 215.759811401, 216.2706604, 216.781494141, 217.245895386, 217.710296631, 218.174682617, 218.639083862, 219.103485107, 219.567886353, 219.939407349, 220.299316406, 220.670837402, 221.042358398, 221.413879395, 221.785385132, 222.156906128, 222.528427124, 222.911560059, 223.294692993],
    "bpm_histogram": [0, 0, 0, 0, 0, 0, 0, 0, 0, 0, 0, 0, 0, 0, 0, 0, 0, 0, 0, 0, 0, 0, 0, 0, 0, 0, 0, 0, 0, 0, 0, 0, 0, 0, 0, 0, 0, 0, 0, 0, 0, 0, 0, 0, 0, 0, 0, 0, 0, 0, 0, 0, 0, 0, 0, 0, 0, 0, 0, 0, 0, 0, 0, 0, 0, 0, 0, 0, 0, 0, 0, 0, 0, 0, 0, 0, 0, 0, 0, 0, 0, 0, 0, 0, 0, 0, 0, 0, 0, 0, 0, 0, 0, 0, 0, 0, 0, 0, 0, 0, 0, 0, 0, 0, 0, 0, 0, 0, 0, 0, 0, 0, 0, 0, 0, 0, 0, 0.00953895039856, 0, 0, 0.00476947519928, 0, 0, 0, 0, 0, 0, 0, 0, 0.00953895039856, 0, 0, 0, 0.00476947519928, 0, 0, 0.00317965028808, 0, 0, 0, 0.00317965028808, 0, 0, 0, 0, 0, 0, 0, 0, 0, 0, 0, 0.00317965028808, 0, 0, 0, 0, 0.00794912595302, 0, 0, 0, 0.0222575515509, 0.00158982514404, 0, 0, 0, 0, 0.0604133531451, 0, 0, 0, 0, 0.866454660892, 0, 0, 0, 0, 0, 0.00317965028808, 0, 0, 0, 0, 0, 0, 0, 0, 0, 0, 0, 0, 0, 0, 0, 0, 0, 0, 0, 0, 0, 0, 0, 0, 0, 0, 0, 0, 0, 0, 0, 0, 0, 0, 0, 0, 0, 0, 0, 0, 0, 0, 0, 0, 0, 0, 0, 0, 0, 0, 0, 0, 0, 0, 0, 0, 0, 0, 0, 0, 0, 0, 0, 0, 0, 0, 0, 0, 0, 0, 0]
},
"tonal": {
    "chords_changes_rate": 0.0300642754883,
    "chords_number_rate": 0.00290275760926,
    "chords_strength": {
        "mean": 0.511024475098,
        "stdev": 0.0800967514515
    },
    "hpcp_crest": {
        "mean": 15.9890966415,
        "stdev": 7.58961105347
    },
    "hpcp_entropy": {
        "mean": 1.70734322071,
        "stdev": 0.706374228001
    },
    "key_edma": {
        "strength": 0.681299686432,
        "key": "G#",
        "scale": "major"
    },
    "key_krumhansl": {
        "strength": 0.676232159138,
        "key": "G#",
        "scale": "major"
    },
    "key_temperley": {
        "strength": 0.668428599834,
        "key": "G#",
        "scale": "major"
    },
    "tuning_diatonic_strength": 0.395021408796,
    "tuning_equal_tempered_deviation": 0,
    "tuning_frequency": 440.763122559,
    "tuning_nontempered_energy_ratio": 0.641452550888,
    "hpcp": {
        "mean": [0.134976238012, 0.0795065537095, 0.119877614081, 0.204555109143, 0.128221720457, 0.0506441295147, 0.0669615194201, 0.0630293786526, 0.15604904294, 0.220282748342, 0.122453719378, 0.0977087691426, 0.141857996583, 0.102977499366, 0.113878160715, 0.182496652007, 0.134186521173, 0.165140911937, 0.240480408072, 0.141689971089, 0.0791591927409, 0.089208856225, 0.0636178553104, 0.105022579432, 0.152087599039, 0.100277006626, 0.0602431222796, 0.0607630722225, 0.0584115870297, 0.158872872591, 0.240263134241, 0.149844095111, 0.125913083553, 0.181014955044, 0.147741392255, 0.133344188333],
        "stdev": [0.25877892971, 0.170027151704, 0.196887373924, 0.318829804659, 0.212499156594, 0.136495187879, 0.171031340957, 0.162035793066, 0.243995636702, 0.312913566828, 0.194841995835, 0.190631717443, 0.280024975538, 0.202935725451, 0.199430882931, 0.290930181742, 0.22940005362, 0.246732458472, 0.343313962221, 0.218842893839, 0.170997723937, 0.202187865973, 0.155265510082, 0.191595241427, 0.254993021488, 0.199164554477, 0.161206439137, 0.158768191934, 0.157158523798, 0.234926074743, 0.328484475613, 0.228763058782, 0.216163575649, 0.29534855485, 0.249582841992, 0.24421608448]
    },
    "chords_histogram": [10.3255233765, 9.78643989563, 12.1086463928, 0.186605840921, 4.41633844376, 6.01285505295, 1.34770894051, 7.09102201462, 14.8455314636, 0.124403901398, 9.84864234924, 0, 0, 0, 0, 1.49284672737, 0, 0, 0, 3.66991496086, 1.8453245163, 5.76404714584, 10.7402029037, 0.393945664167],
