{
"metadata": {
    "version": {
        "essentia": "2.1-dev",
        "essentia_git_sha": "v2.1_beta3-415-gd5473f3",
        "extractor": "music 2.0"
    },
    "audio_properties": {
        "analysis": {
            "equal_loudness": 0,
            "length": 196.623672485,
            "sample_rate": 44100,
            "start_time": 0,
            "downmix": "mix"
        },
        "bit_rate": 192000,
        "length": 196.623672485,
        "lossless": 0,
        "number_channels": 2,
        "replay_gain": -11.6755161285,
        "sample_rate": 44100,
        "codec": "mp3",
        "md5_encoded": "031eb1f04fc51d15f21f0a76898c2031"
    },
    "tags": {
        "file_name": "gabrielle-out_of_reach.mp3",
        "album": ["Bridget Jones's Diary"],
        "artist": ["Various Artists"],
        "genre": ["Other"],
        "title": ["Out Of Reach"]
    }
},
"lowlevel": {
    "average_loudness": 0.953676998615,
    "barkbands_crest": {
        "mean": 10.2599897385,
        "stdev": 4.15091228485
    },
    "barkbands_flatness_db": {
        "mean": 0.176448643208,
        "stdev": 0.103670753539
    },
    "barkbands_kurtosis": {
        "mean": 10.9211769104,
        "stdev": 15.9599838257
    },
    "barkbands_skewness": {
        "mean": 2.2396132946,
        "stdev": 1.6616590023
    },
    "barkbands_spread": {
        "mean": 18.2343063354,
        "stdev": 14.8866224289
    },
    "dissonance": {
        "mean": 0.445499271154,
        "stdev": 0.0419493317604
    },
    "dynamic_complexity": 3.78113508224,
    "erbbands_crest": {
        "mean": 9.31594753265,
        "stdev": 3.75290894508
    },
    "erbbands_flatness_db": {
        "mean": 0.163017079234,
        "stdev": 0.0684733912349
    },
    "erbbands_kurtosis": {
        "mean": 1.82308411598,
        "stdev": 5.84301948547
    },
    "erbbands_skewness": {
        "mean": 0.766539156437,
        "stdev": 1.14475238323
    },
    "erbbands_spread": {
        "mean": 43.202545166,
        "stdev": 23.5063800812
    },
    "hfc": {
        "mean": 21.4776668549,
        "stdev": 27.3617553711
    },
    "loudness_ebu128": {
        "integrated": -12.0213184357,
        "loudness_range": 4.51435279846,
        "momentary": {
            "mean": -14.0328378677,
            "stdev": 15.5885562897
        },
        "short_term": {
            "mean": -12.5236539841,
            "stdev": 2.43889427185
        }
    },
    "melbands_crest": {
        "mean": 13.4988098145,
        "stdev": 4.91349887848
    },
    "melbands_flatness_db": {
        "mean": 0.259504973888,
        "stdev": 0.131585836411
    },
    "melbands_kurtosis": {
        "mean": 25.954957962,
        "stdev": 35.4987564087
    },
    "melbands_skewness": {
        "mean": 3.34465527534,
        "stdev": 2.01369285583
    },
    "melbands_spread": {
        "mean": 18.8275356293,
        "stdev": 26.6867923737
    },
    "pitch_salience": {
        "mean": 0.563060045242,
        "stdev": 0.110906973481
    },
    "silence_rate_20dB": {
        "mean": 1,
        "stdev": 0
    },
    "silence_rate_30dB": {
        "mean": 1,
        "stdev": 0
    },
    "silence_rate_60dB": {
        "mean": 0.085015937686,
        "stdev": 0.278912931681
    },
    "spectral_centroid": {
        "mean": 1086.57946777,
        "stdev": 1019.49108887
    },
    "spectral_complexity": {
        "mean": 13.5608692169,
        "stdev": 8.26843357086
    },
    "spectral_decrease": {
        "mean": -6.95185597976e-09,
        "stdev": 4.23730162069e-09
    },
    "spectral_energy": {
        "mean": 0.0281859841198,
        "stdev": 0.0169437043369
    },
    "spectral_energyband_high": {
        "mean": 0.00103822629899,
        "stdev": 0.00263656117022
    },
    "spectral_energyband_low": {
        "mean": 0.00857678800821,
        "stdev": 0.00885760132223
    },
    "spectral_energyband_middle_high": {
        "mean": 0.00430726772174,
        "stdev": 0.00651848362759
    },
    "spectral_energyband_middle_low": {
        "mean": 0.0155465565622,
        "stdev": 0.011780699715
    },
    "spectral_entropy": {
        "mean": 7.13129997253,
        "stdev": 0.789462387562
    },
    "spectral_flux": {
        "mean": 0.0707870349288,
        "stdev": 0.0454258471727
    },
    "spectral_kurtosis": {
        "mean": 15.9318027496,
        "stdev": 60.6429100037
    },
    "spectral_rms": {
        "mean": 0.00488949706778,
        "stdev": 0.00189510534983
    },
    "spectral_rolloff": {
        "mean": 1282.38757324,
        "stdev": 2086.83227539
    },
    "spectral_skewness": {
        "mean": 2.25826668739,
        "stdev": 2.5424156189
    },
    "spectral_spread": {
        "mean": 5364780,
        "stdev": 3240754.5
    },
    "spectral_strongpeak": {
        "mean": 0.940861821175,
        "stdev": 1.2717628479
    },
    "zerocrossingrate": {
        "mean": 0.0582481659949,
        "stdev": 0.0570142753422
    },
    "barkbands": {
        "mean": [0.000165165154613, 0.00372897554189, 0.00345067074522, 0.00249342923053, 0.00608411012217, 0.00340990768746, 0.00103060074616, 0.00096346490318, 0.00145189091563, 0.000514040468261, 0.000704780803062, 0.000426698534284, 0.000315355166094, 0.000493724655826, 0.000421255739639, 0.000290837517241, 0.000314211909426, 0.00042558068526, 0.000351024529664, 0.000307295820676, 0.000119499876746, 5.8853005612e-05, 0.000178898408194, 0.000252990488661, 0.000135984751978, 9.03373947949e-05, 6.43299244985e-06],
        "stdev": [0.000246239214903, 0.00382243376225, 0.00429729558527, 0.00336099462584, 0.0064415843226, 0.0054648979567, 0.00170539249666, 0.002270066645, 0.00272577418946, 0.00165429199114, 0.00176562485285, 0.00135690730531, 0.0010378526058, 0.00142520328518, 0.00123869662639, 0.00076773611363, 0.000828321790323, 0.000819281092845, 0.000669155968353, 0.000570964242797, 0.000256776664173, 0.000150006264448, 0.000540793174878, 0.00123326655012, 0.000768529891502, 0.00026959204115, 2.33850751101e-05]
    },
    "erbbands": {
        "mean": [0.0869496837258, 0.920470118523, 3.66140079498, 6.6758723259, 12.8190050125, 22.4691200256, 27.9196891785, 25.8047771454, 12.9375991821, 23.0681171417, 25.3446216583, 27.2051544189, 23.8960056305, 23.4597873688, 21.1576690674, 15.7298545837, 14.6804065704, 22.1922931671, 19.8857841492, 23.0520935059, 18.0374145508, 20.3116054535, 19.9022903442, 24.8331127167, 14.4590053558, 15.1283721924, 8.79308605194, 2.95532631874, 2.14976406097, 2.66674470901, 5.91811513901, 4.6405377388, 4.59642267227, 1.79572069645, 0.884671747684, 0.503426849842, 0.126754134893, 0.0254756789654, 0.000612588832155, 5.24493480043e-05],
        "stdev": [0.0890079289675, 0.993218898773, 4.24586772919, 8.99723529816, 15.2777471542, 27.7149009705, 40.0305290222, 46.3032989502, 21.5818996429, 39.8629455566, 55.3998565674, 51.3848724365, 51.8572883606, 54.4414978027, 50.7519989014, 48.9735145569, 44.6978607178, 62.4368896484, 51.6371917725, 62.9495887756, 47.2113952637, 51.9631385803, 40.2224159241, 41.8970336914, 29.6560516357, 30.2844390869, 18.8543243408, 5.23238992691, 4.9499130249, 8.17953586578, 17.8627300262, 21.7992916107, 23.1074581146, 10.3279066086, 5.02954244614, 1.67198383808, 0.42895168066, 0.0828505530953, 0.00192316842731, 6.64614926791e-05]
    },
    "gfcc": {
        "mean": [-36.1564216614, 96.7694091797, -80.8035430908, 33.2883224487, -58.4586639404, 6.23933935165, -44.3982849121, 15.3747711182, -28.6809902191, -2.54212450981, -15.9572467804, -2.00501394272, -10.0685758591],
        "cov": [[22158.8789062, -3014.80859375, -3607.24536133, 705.560668945, -1043.88330078, 117.457740784, -1138.45166016, 480.277587891, -717.035339355, 197.425064087, -222.923583984, 226.274795532, -371.636444092], [-3014.80859375, 2529.85839844, 783.895080566, -350.995910645, 406.82232666, -2.81815218925, 542.429931641, -194.058456421, 174.00328064, -201.82635498, 130.868606567, -260.090759277, 125.054603577], [-3607.24536133, 783.895080566, 2037.83911133, 47.096912384, 181.549484253, -40.6783409119, 188.178329468, -37.5184326172, 153.973724365, -103.31275177, -69.9893493652, -4.93234300613, 26.4774341583], [705.560668945, -350.995910645, 47.096912384, 586.63293457, 60.3472099304, -69.6813812256, -99.0062179565, 120.212745667, 47.6278953552, -12.1623544693, -51.6965065002, 62.226146698, -7.29441022873], [-1043.88330078, 406.82232666, 181.549484253, 60.3472099304, 406.323760986, 69.7410964966, 179.197784424, -17.8267288208, 60.7784805298, -15.0131616592, 3.228069067, -63.2132568359, 7.58439826965], [117.457740784, -2.81815218925, -40.6783409119, -69.6813812256, 69.7410964966, 334.709350586, 102.103561401, -30.813835144, -27.3587970734, 21.1496715546, 29.9430141449, -90.9204025269, -27.9613952637], [-1138.45166016, 542.429931641, 188.178329468, -99.0062179565, 179.197784424, 102.103561401, 343.270172119, -54.6697425842, 37.5945854187, -29.8736495972, 42.4769630432, -80.6207962036, 7.18626642227], [480.277587891, -194.058456421, -37.5184326172, 120.212745667, -17.8267288208, -30.813835144, -54.6697425842, 193.20022583, 37.7598991394, -14.7080392838, -21.1694374084, 21.7063465118, 1.4880964756], [-717.035339355, 174.00328064, 153.973724365, 47.6278953552, 60.7784805298, -27.3587970734, 37.5945854187, 37.7598991394, 149.691268921, -11.8635988235, -3.8937702179, -8.39081668854, 32.4897537231], [197.425064087, -201.82635498, -103.31275177, -12.1623544693, -15.0131616592, 21.1496715546, -29.8736495972, -14.7080392838, -11.8635988235, 126.808517456, 3.88612604141, 27.3794975281, -18.5576343536], [-222.923583984, 130.868606567, -69.9893493652, -51.6965065002, 3.228069067, 29.9430141449, 42.4769630432, -21.1694374084, -3.8937702179, 3.88612604141, 113.738288879, -12.465918541, 9.65722560883], [226.274795532, -260.090759277, -4.93234300613, 62.226146698, -63.2132568359, -90.9204025269, -80.6207962036, 21.7063465118, -8.39081668854, 27.3794975281, -12.465918541, 163.262161255, 7.44682407379], [-371.636444092, 125.054603577, 26.4774341583, -7.29441022873, 7.58439826965, -27.9613952637, 7.18626642227, 1.4880964756, 32.4897537231, -18.5576343536, 9.65722560883, 7.44682407379, 95.096572876]],
        "icov": [[0.000108173888293, -9.74000649876e-05, 0.000167596459505, -0.00015285241534, 0.000179565744475, -0.00016427335504, 0.000189616825082, -0.000229227705859, 0.000353212672053, -4.72624233225e-05, 0.000261509441771, -0.000105925675598, 0.000270913442364], [-9.74000649876e-05, 0.00126191729214, -0.000378649216145, 0.000573037192225, -0.000674632261507, 0.000877742771991, -0.00107764522545, 0.000856608909089, -0.000900479033589, 0.00106666167267, -0.0011147094192, 0.00123139098287, -0.0009782173438], [0.000167596459505, -0.000378649216145, 0.000911979121156, -0.000337700534146, 0.000294903933536, -0.000370946858311, 0.000198536246899, -0.000212550221477, 8.66852278705e-05, 0.000176907182322, 0.00101833220106, -0.000623771629762, 0.000679148943163], [-0.00015285241534, 0.000573037192225, -0.000337700534146, 0.00266291666776, -0.00119938026182, 0.000575459329411, 0.000115963550343, -0.00049151427811, -0.0011160436552, 0.000758857349865, -0.000266577029834, -0.000116501505545, -0.000223254930461], [0.000179565744475, -0.000674632261507, 0.000294903933536, -0.00119938026182, 0.00418948987499, -0.000857990875375, -0.00106299901381, -0.000317944068229, 4.41511911049e-05, -0.000819468754344, 0.00118704652414, 6.24600033916e-06, 0.000617653888185], [-0.00016427335504, 0.000877742771991, -0.000370946858311, 0.000575459329411, -0.000857990875375, 0.00475425785407, -0.00162980181631, 0.000572661985643, 7.59723525334e-06, -0.000395597628085, -0.00147214625031, 0.00279418053105, -0.000217383800191], [0.000189616825082, -0.00107764522545, 0.000198536246899, 0.000115963550343, -0.00106299901381, -0.00162980181631, 0.00603943038732, -0.000289618881652, 0.000322490173858, -1.10260798465e-05, -0.000194578780793, -0.000367396103684, 0.00120168004651], [-0.000229227705859, 0.000856608909089, -0.000212550221477, -0.00049151427811, -0.000317944068229, 0.000572661985643, -0.000289618881652, 0.00747238192707, -0.00303615513258, 0.00172124989331, -0.000500200083479, 0.000463147531264, -0.000514387211297], [0.000353212672053, -0.000900479033589, 8.66852278705e-05, -0.0011160436552, 4.41511911049e-05, 7.59723525334e-06, 0.000322490173858, -0.00303615513258, 0.010602879338, -0.00157738232519, 0.00114241370466, 5.66476701351e-05, -0.00157412595581], [-4.72624233225e-05, 0.00106666167267, 0.000176907182322, 0.000758857349865, -0.000819468754344, -0.000395597628085, -1.10260798465e-05, 0.00172124989331, -0.00157738232519, 0.0103544881567, -0.00105197692756, -0.00123939209152, 0.00110792461783], [0.000261509441771, -0.0011147094192, 0.00101833220106, -0.000266577029834, 0.00118704652414, -0.00147214625031, -0.000194578780793, -0.000500200083479, 0.00114241370466, -0.00105197692756, 0.0113566396758, -0.00129486748483, 3.13898199238e-05], [-0.000105925675598, 0.00123139098287, -0.000623771629762, -0.000116501505545, 6.24600033916e-06, 0.00279418053105, -0.000367396103684, 0.000463147531264, 5.66476701351e-05, -0.00123939209152, -0.00129486748483, 0.00977424997836, -0.00192205689382], [0.000270913442364, -0.0009782173438, 0.000679148943163, -0.000223254930461, 0.000617653888185, -0.000217383800191, 0.00120168004651, -0.000514387211297, -0.00157412595581, 0.00110792461783, 3.13898199238e-05, -0.00192205689382, 0.0133599108085]]
    },
    "melbands": {
        "mean": [0.00089958391618, 0.00172161392402, 0.00134523282759, 0.00123646680731, 0.00102906406391, 0.000587389979046, 0.00020886582206, 0.000245945586357, 0.000217098378926, 0.000175973022124, 0.00011911461479, 9.2615489848e-05, 8.72056480148e-05, 4.61456038465e-05, 3.6535635445e-05, 3.40604310622e-05, 4.2676278099e-05, 3.25980145135e-05, 3.57676944986e-05, 2.05685482797e-05, 2.02696592169e-05, 2.17522738239e-05, 1.50769737957e-05, 2.02756054932e-05, 2.06412696571e-05, 1.1795973478e-05, 8.65045331011e-06, 1.06911829789e-05, 6.72522764944e-06, 2.29544025387e-06, 1.48201434058e-06, 1.24475263874e-06, 1.03231150206e-06, 1.64356731602e-06, 3.53197879122e-06, 3.1361244055e-06, 2.68739518106e-06, 3.48832077179e-06, 2.36829941969e-06, 1.22118899526e-06],
        "stdev": [0.000904819811694, 0.00188471993897, 0.00160795554984, 0.00132174813189, 0.00132583640516, 0.00101000862196, 0.000340682163369, 0.000428383675171, 0.000473512744065, 0.000331822200678, 0.000270230695605, 0.000221899405005, 0.000217525826884, 0.000153442510054, 0.000133007168188, 0.000124317681184, 0.000129625856061, 0.000101931516838, 0.000119099328003, 5.34920072823e-05, 5.99221639277e-05, 6.19279016973e-05, 3.30339207721e-05, 4.09269305237e-05, 3.67747234122e-05, 2.41241486947e-05, 1.85986536962e-05, 2.46052004513e-05, 1.6134685211e-05, 4.99517000208e-06, 2.92038157568e-06, 2.79850632978e-06, 3.41671352544e-06, 5.15617148267e-06, 9.8640921351e-06, 1.2628775039e-05, 1.40803404065e-05, 1.9364479158e-05, 1.27243847601e-05, 7.48904858483e-06]
    },
    "melbands128": {
        "mean": [0.000151922169607, 0.000631072791293, 0.00108205061406, 0.00165294669569, 0.00188486115076, 0.00165023119189, 0.00132361217402, 0.00124757317826, 0.00137564504985, 0.00101203448139, 0.00131270173006, 0.00121315289289, 0.000938967685215, 0.00091746263206, 0.00054926291341, 0.000548683747184, 0.000232612830587, 0.000103456623037, 0.000203373012482, 0.000326779845636, 0.000177020978299, 0.000213995241211, 0.000202655603061, 0.000281170912785, 0.000146039848914, 0.000155493296916, 0.000205138261663, 7.06808204995e-05, 0.000114853093692, 5.87788927078e-05, 9.41721373238e-05, 0.000140284726513, 0.000100288256363, 2.80525600829e-05, 6.38665005681e-05, 4.42602758994e-05, 2.9263430406e-05, 5.1889441238e-05, 2.6316189178e-05, 2.54504411714e-05, 3.61180500477e-05, 4.51990745205e-05, 4.02004261559e-05, 3.8695980038e-05, 5.47813469893e-05, 2.61114346358e-05, 1.4450780327e-05, 3.96566829295e-05, 4.45311161457e-05, 3.15872239298e-05, 1.06534316728e-05, 1.52979100676e-05, 3.08707421937e-05, 1.69529212144e-05, 1.00166098491e-05, 3.20406579704e-05, 2.09184090636e-05, 1.09533320938e-05, 1.41096661537e-05, 2.09268218896e-05, 1.63949480338e-05, 2.14381725527e-05, 2.96128782793e-05, 1.4743464817e-05, 1.83611573448e-05, 1.09602051452e-05, 8.44157602842e-06, 1.04131513581e-05, 7.22918139218e-06, 7.79455604061e-06, 1.45508129208e-05, 8.66759637574e-06, 8.82030417415e-06, 7.22105323803e-06, 3.44696763932e-06, 2.46637910095e-06, 1.67038876953e-06, 1.45826118114e-06, 1.5334355794e-06, 1.43015984122e-06, 1.33187302254e-06, 1.09979600893e-06, 1.11600888886e-06, 9.81365133157e-07, 1.0150390608e-06, 1.19679793897e-06, 1.70402904587e-06, 2.79521395896e-06, 3.85753583032e-06, 4.07510742662e-06, 3.23616859532e-06, 2.88498927148e-06, 2.82471296487e-06, 2.5252152227e-06, 2.5986091714e-06, 3.33359253091e-06, 3.99902091885e-06, 3.37098776981e-06, 2.43253930421e-06, 1.87530383755e-06, 1.42698661421e-06, 1.16879482448e-06, 8.68048175562e-07, 8.24436995117e-07, 9.81961989055e-07, 8.63433797349e-07, 1.38683674322e-06, 1.41852945035e-06, 7.45912132061e-07, 5.93052504883e-07, 4.98968176998e-07, 4.46413196187e-07, 3.6469239717e-07, 3.36028989523e-07, 2.65930310661e-07, 2.87340725436e-07, 2.48351369692e-07, 2.73923763672e-08, 5.08501270605e-12, 4.1368462475e-12, 3.99793783148e-12, 3.89221207348e-12, 3.79484638158e-12, 3.71922674949e-12, 3.65675502031e-12, 3.61222510237e-12, 3.58010669721e-12, 3.5546212241e-12],
        "stdev": [0.000223926719627, 0.000717110815458, 0.0012496218551, 0.001872107503, 0.00218498357572, 0.00218979292549, 0.00202528946102, 0.00161169399507, 0.00196798588149, 0.0014558758121, 0.00211014854722, 0.00197298778221, 0.00166562688537, 0.00175926007796, 0.00111451931298, 0.00146495632362, 0.000561797351111, 0.000224643139518, 0.000503778108396, 0.000689992040861, 0.000460848066723, 0.00078784127254, 0.000590774521697, 0.000735608220566, 0.000418445415562, 0.000432388187619, 0.000524849107023, 0.000274394842563, 0.000501950795297, 0.000231319761951, 0.000330974871758, 0.000409565691371, 0.000342664920026, 0.000110378678073, 0.000247400137596, 0.000205164615181, 0.000156822774443, 0.000252296274994, 9.17368888622e-05, 0.000126828614157, 0.000222540897084, 0.000164072189364, 0.000162942596944, 0.000193308325834, 0.000247235526331, 0.000102868587419, 6.9418361818e-05, 0.000208144658245, 0.000171395513462, 0.000114344737085, 5.31146579306e-05, 6.43822204438e-05, 0.000112783527584, 7.91443162598e-05, 4.79733753309e-05, 0.000117459829198, 6.12473595538e-05, 3.87711261283e-05, 3.8954513002e-05, 6.33063464193e-05, 5.45837356185e-05, 5.42074849363e-05, 7.60359907872e-05, 4.24763347837e-05, 5.15842548339e-05, 2.79390224023e-05, 2.99428047583e-05, 3.551168993e-05, 1.77785459528e-05, 2.17604501813e-05, 4.67611462227e-05, 2.45140763582e-05, 2.77692797681e-05, 2.16054431803e-05, 1.20467184388e-05, 6.30466956864e-06, 3.6186734178e-06, 2.8809649848e-06, 3.9320570977e-06, 3.57123803951e-06, 3.45599460161e-06, 2.76683249467e-06, 3.3976054965e-06, 3.60365788765e-06, 4.37673770648e-06, 4.63823607788e-06, 5.86106671108e-06, 7.85304382589e-06, 1.06564211819e-05, 1.34111705847e-05, 1.33048170028e-05, 1.33402445499e-05, 1.52416796482e-05, 1.52314678417e-05, 1.42636399687e-05, 2.83030440187e-05, 2.16678763536e-05, 1.62089127116e-05, 1.43954985106e-05, 1.26551049107e-05, 8.93542710401e-06, 7.59449176257e-06, 5.55538235858e-06, 5.54526468477e-06, 7.68163681641e-06, 6.00904695602e-06, 4.77166258861e-06, 4.5563419917e-06, 2.78567654277e-06, 2.5033300517e-06, 2.07794960261e-06, 1.74857802904e-06, 1.34791616802e-06, 1.10925554964e-06, 8.61082128267e-07, 1.02683952719e-06, 8.92494597338e-07, 1.06855218007e-07, 1.14836282844e-11, 6.59985737936e-12, 6.40409947295e-12, 6.24310022082e-12, 6.10587578762e-12, 5.99134847637e-12, 5.8967115045e-12, 5.82260064816e-12, 5.76826824153e-12, 5.73469223497e-12]
    },
    "mfcc": {
        "mean": [-683.265686035, 126.20337677, 29.5122337341, 28.7472438812, 11.6316509247, -8.43916702271, 1.52656567097, 4.09495162964, -5.0126709938, 6.00122356415, -8.8217716217, -3.89992785454, -5.11991834641],
        "cov": [[14475.3369141, -1861.55383301, -2360.75537109, -379.860778809, -323.711456299, -473.649383545, -115.563400269, -141.607269287, -550.737304688, 178.558258057, -321.08480835, -37.6672210693, -208.692260742], [-1861.55383301, 1844.0559082, 424.508361816, 32.8204307556, 15.8455085754, 154.642150879, 221.114868164, 63.8059005737, 94.3091049194, 75.0211486816, 62.6469078064, -64.2489089966, 33.8736457825], [-2360.75537109, 424.508361816, 1371.57922363, 283.823150635, 174.185028076, 28.0068054199, -18.4618911743, 87.250038147, 171.171722412, -86.5451431274, 41.4844551086, 71.809135437, -16.3125362396], [-379.860778809, 32.8204307556, 283.823150635, 581.655090332, 149.768218994, -54.6379051208, -92.9652786255, 85.4303359985, 125.312187195, -120.504455566, 25.7496566772, 80.2146606445, -5.06618022919], [-323.711456299, 15.8455085754, 174.185028076, 149.768218994, 298.179138184, 17.7399635315, 3.2592651844, 43.6543502808, 83.8331451416, 19.2006034851, 9.4545879364, 25.1766281128, 0.639462530613], [-473.649383545, 154.642150879, 28.0068054199, -54.6379051208, 17.7399635315, 326.667358398, 140.238830566, -4.07719135284, 9.53489303589, 60.12525177, 56.707775116, -63.7117767334, 46.0298118591], [-115.563400269, 221.114868164, -18.4618911743, -92.9652786255, 3.2592651844, 140.238830566, 270.662811279, 33.9520454407, -8.29857349396, 97.3807067871, 32.8286476135, -45.742515564, 5.72379732132], [-141.607269287, 63.8059005737, 87.250038147, 85.4303359985, 43.6543502808, -4.07719135284, 33.9520454407, 160.236923218, 54.5328903198, 7.68914604187, 0.189480707049, 19.6673183441, -1.19000542164], [-550.737304688, 94.3091049194, 171.171722412, 125.312187195, 83.8331451416, 9.53489303589, -8.29857349396, 54.5328903198, 188.877990723, 5.88310432434, 16.7076358795, 16.1456794739, 10.3075170517], [178.558258057, 75.0211486816, -86.5451431274, -120.504455566, 19.2006034851, 60.12525177, 97.3807067871, 7.68914604187, 5.88310432434, 185.610900879, -1.33436214924, -33.2148780823, -4.71708059311], [-321.08480835, 62.6469078064, 41.4844551086, 25.7496566772, 9.4545879364, 56.707775116, 32.8286476135, 0.189480707049, 16.7076358795, -1.33436214924, 113.855773926, 14.8473005295, 11.6370697021], [-37.6672210693, -64.2489089966, 71.809135437, 80.2146606445, 25.1766281128, -63.7117767334, -45.742515564, 19.6673183441, 16.1456794739, -33.2148780823, 14.8473005295, 108.12374115, 3.92222738266], [-208.692260742, 33.8736457825, -16.3125362396, -5.06618022919, 0.639462530613, 46.0298118591, 5.72379732132, -1.19000542164, 10.3075170517, -4.71708059311, 11.6370697021, 3.92222738266, 83.7445373535]],
        "icov": [[0.000121557684906, 6.77775024087e-05, 0.000167711783433, -7.52160922275e-05, 1.87082332559e-05, 8.13826845842e-05, -4.05792598031e-05, -1.6645886717e-05, 0.000189138678252, -0.000128619474708, 0.000186427918379, -4.43628778157e-05, 0.000206935976166], [6.77775024087e-05, 0.000731326290406, -0.000141926488141, -0.000130964734126, 0.000186987686902, 0.000125880440464, -0.000518441898748, -4.43001881649e-05, -6.17652549408e-05, -0.000225655807299, -8.64265093696e-05, 0.0004284006136, -0.000211454142118], [0.000167711783433, -0.000141926488141, 0.00124479178339, -0.000183976007975, -0.000316295569064, -0.000168867918546, 2.12825252675e-05, -0.000134749003337, -0.000286436406896, 0.000359557452612, 0.000285087706288, -0.000625004759058, 0.00084371783305], [-7.52160922275e-05, -0.000130964734126, -0.000183976007975, 0.00301682669669, -0.00103497039527, -0.000153344750288, 0.000514999672305, -0.00091977865668, -0.00119369593449, 0.00180636520963, -0.000468151614768, -0.000901653664187, 0.000412075634813], [1.87082332559e-05, 0.000186987686902, -0.000316295569064, -0.00103497039527, 0.00448081642389, -0.000277762534097, -9.35369680519e-05, -0.000101732839539, -0.000963692378718, -0.00127558282111, 0.000273722864222, -0.000418059556978, -1.52382062879e-06], [8.13826845842e-05, 0.000125880440464, -0.000168867918546, -0.000153344750288, -0.000277762534097, 0.00531413406134, -0.00196915492415, 0.000438602204667, 0.000163697826792, -0.000574217410758, -0.00192822678946, 0.00276986602694, -0.00258250511251], [-4.05792598031e-05, -0.000518441898748, 2.12825252675e-05, 0.000514999672305, -9.35369680519e-05, -0.00196915492415, 0.00648701330647, -0.00175366736948, 0.000784419593401, -0.00199786014855, -0.00111892039422, 0.000604652042966, 0.000676718715113], [-1.6645886717e-05, -4.43001881649e-05, -0.000134749003337, -0.00091977865668, -0.000101732839539, 0.000438602204667, -0.00175366736948, 0.00791833084077, -0.00160634098575, -0.000312250107527, 0.000898152065929, -0.00113956502173, -4.68207053927e-06], [0.000189138678252, -6.17652549408e-05, -0.000286436406896, -0.00119369593449, -0.000963692378718, 0.000163697826792, 0.000784419593401, -0.00160634098575, 0.00793746486306, -0.00155384268146, -0.000445246929303, 0.000478028319776, -0.000815753068309], [-0.000128619474708, -0.000225655807299, 0.000359557452612, 0.00180636520963, -0.00127558282111, -0.000574217410758, -0.00199786014855, -0.000312250107527, -0.00155384268146, 0.0084251826629, 0.000395273062168, 0.000141662952956, 0.00101179385092], [0.000186427918379, -8.64265093696e-05, 0.000285087706288, -0.000468151614768, 0.000273722864222, -0.00192822678946, -0.00111892039422, 0.000898152065929, -0.000445246929303, 0.000395273062168, 0.0110426591709, -0.00300651113503, 0.000357139942935], [-4.43628778157e-05, 0.0004284006136, -0.000625004759058, -0.000901653664187, -0.000418059556978, 0.00276986602694, 0.000604652042966, -0.00113956502173, 0.000478028319776, 0.000141662952956, -0.00300651113503, 0.0132323913276, -0.00228972104378], [0.000206935976166, -0.000211454142118, 0.00084371783305, 0.000412075634813, -1.52382062879e-06, -0.00258250511251, 0.000676718715113, -4.68207053927e-06, -0.000815753068309, 0.00101179385092, 0.000357139942935, -0.00228972104378, 0.0143197346479]]
    },
    "spectral_contrast_coeffs": {
        "mean": [-0.68324893713, -0.72030133009, -0.726294398308, -0.772270917892, -0.769085109234, -0.804271280766],
        "stdev": [0.0875166431069, 0.0858167111874, 0.0844562128186, 0.0772255063057, 0.0741510912776, 0.0429304726422]
    },
    "spectral_contrast_valleys": {
        "mean": [-6.61517429352, -7.269551754, -8.38194561005, -8.69515895844, -8.45065689087, -10.5652132034],
        "stdev": [1.78096687794, 1.74946153164, 1.8022081852, 1.89074230194, 1.98726069927, 1.90510487556]
    }
},
"rhythm": {
    "beats_count": 300,
    "beats_loudness": {
        "mean": 0.0336919650435,
        "stdev": 0.0143986996263
    },
    "bpm": 91.4723968506,
    "bpm_histogram_first_peak_bpm": 92,
    "bpm_histogram_first_peak_weight": 0.021276652813,
    "bpm_histogram_second_peak_bpm": 105,
    "bpm_histogram_second_peak_spread": 0.399999976158,
    "bpm_histogram_second_peak_weight": 0.0100334445015,
    "danceability": 1.20994508266,
    "onset_rate": 2.99534916878,
    "beats_loudness_band_ratio": {
        "mean": [0.546405375004, 0.308580368757, 0.102617204189, 0.0583499073982, 0.0437378287315, 0.0459498204291],
        "stdev": [0.233615070581, 0.169601947069, 0.0849385261536, 0.079330638051, 0.0517403632402, 0.047874674201]
    },
    "beats_position": [0.696598649025, 1.40480720997, 2.11301589012, 2.8444442749, 3.52943301201, 4.19120168686, 4.841360569, 5.50312900543, 6.15328788757, 6.81505680084, 7.47682523727, 8.13859367371, 8.80036258698, 9.45052146912, 10.1122903824, 10.7624483109, 11.4242172241, 12.0743761063, 12.7361450195, 13.3863039017, 14.0364627838, 14.6982307434, 15.3483896255, 15.9985485077, 16.6487064362, 17.3104763031, 17.9722442627, 18.6340141296, 19.2957820892, 19.9459400177, 20.5960998535, 21.2346477509, 21.8964176178, 22.5465755463, 23.1967334747, 23.8585033417, 24.5202713013, 25.1820411682, 25.8438091278, 26.4939670563, 27.1557369232, 27.8175048828, 28.4792747498, 29.1410427094, 29.7912006378, 30.4413604736, 31.0915184021, 31.7416782379, 32.4034461975, 33.0652160645, 33.7153739929, 34.3655319214, 35.0156898499, 35.6774597168, 36.3276176453, 36.9893875122, 37.6511573792, 38.3129234314, 38.9630813599, 39.613243103, 40.2634010315, 40.9251708984, 41.5869369507, 42.2370948792, 42.8872566223, 43.5374145508, 44.1875724792, 44.8377304077, 45.4878921509, 46.1380500793, 46.7998161316, 47.4615859985, 48.1233558655, 48.7851219177, 49.4352836609, 50.0854415894, 50.7355995178, 51.3857574463, 52.0475273132, 52.7092971802, 53.3594551086, 54.0212249756, 54.6829910278, 55.333152771, 55.9833106995, 56.6334686279, 57.2952384949, 57.9570045471, 58.6071662903, 59.2573242188, 59.919090271, 60.5808601379, 61.2426300049, 61.9043960571, 62.5545578003, 63.2047157288, 63.8548736572, 64.5050354004, 65.1668014526, 65.8285675049, 66.478729248, 67.1288909912, 67.7906570435, 68.4524230957, 69.1025848389, 69.7527389526, 70.4145126343, 71.0762786865, 71.7264404297, 72.3882064819, 73.0499725342, 73.7001342773, 74.3502960205, 75.0004501343, 75.6622238159, 76.3239898682, 76.9741516113, 77.6243057251, 78.2744674683, 78.924621582, 79.5747833252, 80.2365493774, 80.8983230591, 81.5484771729, 82.198638916, 82.8604049683, 83.5221786499, 84.1723327637, 84.8224945068, 85.4726486206, 86.1344223022, 86.7961883545, 87.4463500977, 88.1081161499, 88.7582778931, 89.4200439453, 90.0702056885, 90.7203598022, 91.3821334839, 92.0438995361, 92.7056655884, 93.36743927, 94.0292053223, 94.6909713745, 95.3411331177, 95.9912872314, 96.6414489746, 97.2916107178, 97.95337677, 98.6151428223, 99.2653045654, 99.9154663086, 100.565620422, 101.215782166, 101.877548218, 102.53931427, 103.189476013, 103.839637756, 104.48979187, 105.151565552, 105.813331604, 106.475097656, 107.136871338, 107.787025452, 108.437187195, 109.098953247, 109.760726929, 110.410881042, 111.061042786, 111.711196899, 112.372970581, 113.034736633, 113.684898376, 114.33505249, 114.985214233, 115.646980286, 116.308753967, 116.958908081, 117.609069824, 118.259223938, 118.92099762, 119.582763672, 120.244529724, 120.906303406, 121.55645752, 122.206619263, 122.868385315, 123.530158997, 124.18031311, 124.830474854, 125.480628967, 126.13079071, 126.792556763, 127.454330444, 128.116104126, 128.777862549, 129.428024292, 130.078186035, 130.728347778, 131.390106201, 132.051879883, 132.702041626, 133.352203369, 134.002349854, 134.664123535, 135.314285278, 135.964447021, 136.626205444, 137.276367188, 137.914916992, 138.576690674, 139.250061035, 139.911834717, 140.573608398, 141.223754883, 141.885528564, 142.547302246, 143.197463989, 143.847610474, 144.509384155, 145.159545898, 145.809707642, 146.459854126, 147.121627808, 147.783401489, 148.445159912, 149.095321655, 149.745483398, 150.395645142, 151.057418823, 151.719177246, 152.369338989, 153.019500732, 153.681274414, 154.343032837, 154.99319458, 155.643356323, 156.293518066, 156.955276489, 157.617050171, 158.278823853, 158.940582275, 159.590744019, 160.240905762, 160.891067505, 161.541213989, 162.202987671, 162.864761353, 163.514923096, 164.16506958, 164.826843262, 165.488616943, 166.138778687, 166.800537109, 167.462310791, 168.112472534, 168.762634277, 169.4243927, 170.086166382, 170.736328125, 171.386474609, 172.036636353, 172.698410034, 173.360183716, 174.0103302, 174.660491943, 175.322265625, 175.984039307, 176.634185791, 177.284347534, 177.934509277, 178.596282959, 179.258041382, 179.908203125, 180.558364868, 181.208526611, 181.858688354, 182.508834839, 183.170608521, 183.832382202, 184.482528687, 185.144302368, 185.829299927, 186.514282227, 187.210876465, 187.942306519, 188.662124634, 189.323898315, 189.985671997, 190.566162109, 191.14666748, 191.715545654, 192.284439087, 192.85333252, 193.340942383, 193.840179443, 194.327789307, 194.815414429, 195.314651489, 195.813873291],
    "bpm_histogram": [0, 0, 0, 0, 0, 0, 0, 0, 0, 0, 0, 0, 0, 0, 0, 0, 0, 0, 0, 0, 0, 0, 0, 0, 0, 0, 0, 0, 0, 0, 0, 0, 0, 0, 0, 0, 0, 0, 0, 0, 0, 0, 0, 0, 0, 0, 0, 0, 0, 0, 0, 0, 0, 0, 0, 0, 0, 0, 0, 0, 0, 0, 0, 0, 0, 0, 0, 0, 0, 0, 0, 0, 0, 0, 0, 0, 0, 0, 0, 0, 0, 0, 0.00668896315619, 0.0033444815781, 0, 0.00668896315619, 0.0033444815781, 0, 0.0100334445015, 0.0033444815781, 0, 0.444816052914, 0.478260874748, 0, 0.00668896315619, 0, 0, 0, 0, 0, 0, 0, 0, 0.00668896315619, 0, 0.0100334445015, 0, 0, 0, 0, 0, 0, 0, 0, 0, 0, 0, 0, 0, 0, 0.0100334445015, 0, 0, 0.0100334445015, 0, 0, 0, 0, 0, 0, 0, 0, 0, 0, 0, 0, 0, 0, 0, 0, 0, 0, 0, 0, 0, 0, 0, 0, 0, 0, 0, 0, 0, 0, 0, 0, 0, 0, 0, 0, 0, 0, 0, 0, 0, 0, 0, 0, 0, 0, 0, 0, 0, 0, 0, 0, 0, 0, 0, 0, 0, 0, 0, 0, 0, 0, 0, 0, 0, 0, 0, 0, 0, 0, 0, 0, 0, 0, 0, 0, 0, 0, 0, 0, 0, 0, 0, 0, 0, 0, 0, 0, 0, 0, 0, 0, 0, 0, 0, 0, 0, 0, 0, 0, 0, 0, 0, 0, 0, 0, 0, 0, 0, 0, 0, 0, 0, 0, 0, 0, 0, 0, 0, 0, 0, 0, 0, 0, 0, 0]
},
"tonal": {
    "chords_changes_rate": 0.0441558435559,
    "chords_number_rate": 0.00188902008813,
    "chords_strength": {
        "mean": 0.555067718029,
        "stdev": 0.106042705476
    },
    "hpcp_crest": {
        "mean": 14.4471931458,
        "stdev": 7.28896903992
    },
    "hpcp_entropy": {
        "mean": 1.90019750595,
        "stdev": 0.731070876122
    },
    "key_edma": {
        "strength": 0.847399115562,
        "key": "B",
        "scale": "major"
    },
    "key_krumhansl": {
        "strength": 0.860585987568,
        "key": "B",
        "scale": "major"
    },
    "key_temperley": {
        "strength": 0.874943435192,
        "key": "B",
        "scale": "major"
    },
    "tuning_diatonic_strength": 0.687762200832,
    "tuning_equal_tempered_deviation": 0.0893921330571,
    "tuning_frequency": 444.598632812,
    "tuning_nontempered_energy_ratio": 0.711048483849,
    "hpcp": {
        "mean": [0.0342617109418, 0.0376239456236, 0.0830472707748, 0.125056862831, 0.122315824032, 0.250946551561, 0.324494332075, 0.171121254563, 0.056712910533, 0.0364491716027, 0.0513751991093, 0.152129024267, 0.206160068512, 0.112291820347, 0.043735075742, 0.0411305651069, 0.0577526912093, 0.176852524281, 0.224515363574, 0.121282234788, 0.146098181605, 0.178537592292, 0.0969836711884, 0.0604537501931, 0.064586609602, 0.0833229795098, 0.222054108977, 0.295594900846, 0.169448196888, 0.0896129757166, 0.073784686625, 0.0686765760183, 0.170576259494, 0.232016667724, 0.128896906972, 0.0437005534768],
        "stdev": [0.123147077858, 0.124825567007, 0.177600696683, 0.236825749278, 0.223951816559, 0.303050726652, 0.370638757944, 0.260860174894, 0.160425692797, 0.124445572495, 0.154382333159, 0.253088742495, 0.322272092104, 0.210310354829, 0.140584915876, 0.1341766119, 0.159032195807, 0.26424369216, 0.317443788052, 0.194464862347, 0.250113397837, 0.311230510473, 0.187299057841, 0.150024667382, 0.152036264539, 0.165902152658, 0.278223991394, 0.334917902946, 0.226380199194, 0.203824713826, 0.189920961857, 0.15981221199, 0.250705480576, 0.335502117872, 0.215794369578, 0.127337858081]
    },
    "chords_histogram": [48.4297523499, 3.06965756416, 16.7650527954, 0.42502951622, 4.62809896469, 0, 0.21251475811, 0.519480526447, 0.0472255013883, 0, 0.118063755333, 0, 0.0236127506942, 0, 0, 1.251475811, 0, 0.897284507751, 0, 0.42502951622, 0, 3.23494696617, 8.57142829895, 11.3813457489],
    "thpcp": [1, 0.527347445488, 0.174773186445, 0.112326063216, 0.158323869109, 0.468818753958, 0.635327160358, 0.346051722765, 0.134779170156, 0.126752793789, 0.177977502346, 0.545009613037, 0.691893041134, 0.373757630587, 0.450233399868, 0.550202488899, 0.298876315355, 0.186301410198, 0.199037715793, 0.256777912378, 0.684308111668, 0.910940110683, 0.522191524506, 0.276161909103, 0.227383598685, 0.211641833186, 0.525667905807, 0.71500992775, 0.39722391963, 0.134672775865, 0.105584926903, 0.115946389735, 0.255928248167, 0.385389983654, 0.376942873001, 0.773346483707],
    "chords_key": "B",
    "chords_scale": "major"
}
}