{
"metadata": {
    "version": {
        "essentia": "2.1-dev",
        "essentia_git_sha": "v2.1_beta3-415-gd5473f3",
        "extractor": "music 2.0"
    },
    "audio_properties": {
        "analysis": {
            "equal_loudness": 0,
            "length": 273.240814209,
            "sample_rate": 44100,
            "start_time": 0,
            "downmix": "mix"
        },
        "bit_rate": 192000,
        "length": 273.240814209,
        "lossless": 0,
        "number_channels": 2,
        "replay_gain": -8.88564682007,
        "sample_rate": 44100,
        "codec": "mp3",
        "md5_encoded": "07dad90e8c14996871b0c4b76535cf0d"
    },
    "tags": {
        "file_name": "jeff_buckley-last_goodbye.mp3",
        "album": ["Vanilla sky"],
        "artist": ["Various artists"],
        "genre": ["Other"],
        "title": ["Last goodbye"]
    }
},
"lowlevel": {
    "average_loudness": 0.875864207745,
    "barkbands_crest": {
        "mean": 9.93304347992,
        "stdev": 3.99463152885
    },
    "barkbands_flatness_db": {
        "mean": 0.124521262944,
        "stdev": 0.0568392947316
    },
    "barkbands_kurtosis": {
        "mean": 4.86854887009,
        "stdev": 8.75019550323
    },
    "barkbands_skewness": {
        "mean": 1.6548589468,
        "stdev": 1.31336200237
    },
    "barkbands_spread": {
        "mean": 24.828546524,
        "stdev": 16.4612731934
    },
    "dissonance": {
        "mean": 0.463327944279,
        "stdev": 0.0288407951593
    },
    "dynamic_complexity": 4.64649295807,
    "erbbands_crest": {
        "mean": 9.38240909576,
        "stdev": 5.3221373558
    },
    "erbbands_flatness_db": {
        "mean": 0.140807330608,
        "stdev": 0.0555286556482
    },
    "erbbands_kurtosis": {
        "mean": 0.355265706778,
        "stdev": 2.62802028656
    },
    "erbbands_skewness": {
        "mean": 0.277719527483,
        "stdev": 0.829036474228
    },
    "erbbands_spread": {
        "mean": 44.5373420715,
        "stdev": 20.9830284119
    },
    "hfc": {
        "mean": 22.2732181549,
        "stdev": 23.7800750732
    },
    "loudness_ebu128": {
        "integrated": -14.3071918488,
        "loudness_range": 5.46012306213,
        "momentary": {
            "mean": -16.8866119385,
            "stdev": 7.71015787125
        },
        "short_term": {
            "mean": -16.2007789612,
            "stdev": 5.8538608551
        }
    },
    "melbands_crest": {
        "mean": 13.7133626938,
        "stdev": 4.96529245377
    },
    "melbands_flatness_db": {
        "mean": 0.192520990968,
        "stdev": 0.0698293074965
    },
    "melbands_kurtosis": {
        "mean": 16.3089542389,
        "stdev": 23.1737155914
    },
    "melbands_skewness": {
        "mean": 2.87963676453,
        "stdev": 1.87527275085
    },
    "melbands_spread": {
        "mean": 24.238740921,
        "stdev": 19.7718162537
    },
    "pitch_salience": {
        "mean": 0.550685942173,
        "stdev": 0.109278336167
    },
    "silence_rate_20dB": {
        "mean": 1,
        "stdev": 0
    },
    "silence_rate_30dB": {
        "mean": 0.9988104105,
        "stdev": 0.0344678536057
    },
    "silence_rate_60dB": {
        "mean": 0.0925312265754,
        "stdev": 0.289749473333
    },
    "spectral_centroid": {
        "mean": 1363.65600586,
        "stdev": 715.581726074
    },
    "spectral_complexity": {
        "mean": 17.4747219086,
        "stdev": 10.963768959
    },
    "spectral_decrease": {
        "mean": -5.9685540954e-09,
        "stdev": 5.45337552893e-09
    },
    "spectral_energy": {
        "mean": 0.0245469771326,
        "stdev": 0.0218212790787
    },
    "spectral_energyband_high": {
        "mean": 0.00116879562847,
        "stdev": 0.00212787138298
    },
    "spectral_energyband_low": {
        "mean": 0.00805817358196,
        "stdev": 0.0149024017155
    },
    "spectral_energyband_middle_high": {
        "mean": 0.0050099035725,
        "stdev": 0.00746529456228
    },
    "spectral_energyband_middle_low": {
        "mean": 0.0113415624946,
        "stdev": 0.0108971223235
    },
    "spectral_entropy": {
        "mean": 7.61210346222,
        "stdev": 0.463460862637
    },
    "spectral_flux": {
        "mean": 0.0786535516381,
        "stdev": 0.0570915266871
    },
    "spectral_kurtosis": {
        "mean": 4.40180635452,
        "stdev": 3.11091303825
    },
    "spectral_rms": {
        "mean": 0.00440762238577,
        "stdev": 0.00212630513124
    },
    "spectral_rolloff": {
        "mean": 1654.2467041,
        "stdev": 1719.17382812
    },
    "spectral_skewness": {
        "mean": 1.53673303127,
        "stdev": 0.440189749002
    },
    "spectral_spread": {
        "mean": 5193405.5,
        "stdev": 1993426.75
    },
    "spectral_strongpeak": {
        "mean": 1.1094275713,
        "stdev": 1.59736382961
    },
    "zerocrossingrate": {
        "mean": 0.071486800909,
        "stdev": 0.0436978116632
    },
    "barkbands": {
        "mean": [9.62869744399e-05, 0.00358699006028, 0.0034295078367, 0.00168332166504, 0.00339636649005, 0.00184619333595, 0.0013613072224, 0.0014185734326, 0.00144217698835, 0.000576407008339, 0.000620588893071, 0.000700612610672, 0.000653987051919, 0.0006206210237, 0.0004777481372, 0.000319859216688, 0.00033541614539, 0.000376153649995, 0.00031757511897, 0.000211271821172, 0.000261672044871, 0.000210857295315, 0.00017400708748, 0.000166856552823, 0.000131365188281, 0.000121520184621, 9.70763358055e-06],
        "stdev": [0.000269781739917, 0.00834047049284, 0.00749475089833, 0.00265467609279, 0.0044028069824, 0.00303152692504, 0.00383132509887, 0.00374960410409, 0.00468939496204, 0.00255928165279, 0.00249006925151, 0.00219145952724, 0.00233244849369, 0.00187733781058, 0.00136122992262, 0.000938068144023, 0.00066932925256, 0.000854265119415, 0.000485280150315, 0.000361151935067, 0.000560028362088, 0.000535655533895, 0.000416992406826, 0.000456122535979, 0.000252332538366, 0.000242423775489, 2.30684672715e-05]
    },
    "erbbands": {
        "mean": [0.0875799953938, 0.889872789383, 3.50477051735, 5.35553836823, 8.01365375519, 12.0579948425, 13.5282068253, 15.1872844696, 14.3921394348, 28.2651462555, 33.8263702393, 34.1908493042, 23.3731899261, 17.8768672943, 30.2912597656, 30.7963085175, 30.0527820587, 37.4924468994, 27.1807365417, 20.42370224, 17.6946563721, 18.0361251831, 20.5304279327, 17.3039665222, 15.0238790512, 9.65822696686, 8.93651390076, 10.8030090332, 7.8894777298, 6.2642364502, 4.66292095184, 3.92108273506, 2.54377222061, 1.57839131355, 0.888642668724, 0.539251446724, 0.205081179738, 0.0444493144751, 0.000997226801701, 5.79262959945e-05],
        "stdev": [0.232202753425, 2.03534293175, 7.47052288055, 9.35507583618, 10.3029413223, 18.2240715027, 19.0033683777, 30.4485721588, 33.5016555786, 83.0664215088, 94.2481384277, 111.497917175, 90.4384078979, 69.4507904053, 102.18837738, 96.7796478271, 103.30922699, 108.97668457, 70.4704971313, 57.7706642151, 43.0178527832, 32.6912345886, 44.0740737915, 28.4332714081, 25.9958648682, 16.075138092, 18.5503368378, 23.4087371826, 19.3936023712, 16.9739532471, 11.0985498428, 10.0289144516, 7.22612190247, 3.58275914192, 1.61270272732, 1.08187830448, 0.419986516237, 0.10390920192, 0.00226140697487, 7.17254806659e-05]
    },
    "gfcc": {
        "mean": [-12.5585689545, 80.026763916, -107.583106995, 30.6656684875, -49.9043579102, 8.68635749817, -42.0309677124, 6.48067045212, -29.6627693176, 3.60065579414, -20.7104263306, 1.82642805576, -17.5531978607],
        "cov": [[16608.7441406, -2433.87573242, 1627.41931152, 547.819396973, -534.076538086, 1200.07641602, -511.884521484, 245.332382202, -266.945922852, 537.935180664, -215.648452759, 183.28012085, -543.666564941], [-2433.87573242, 1780.01049805, -632.593688965, -120.229957581, 413.328430176, -423.573974609, 196.606048584, -140.078323364, 119.025230408, -191.338912964, 126.645874023, -148.784591675, 114.143096924], [1627.41931152, -632.593688965, 1185.76831055, 213.604904175, -52.3682479858, 358.380615234, -140.164413452, 123.144966125, -57.5349884033, 143.869125366, -34.150478363, 69.8276062012, -90.9210281372], [547.819396973, -120.229957581, 213.604904175, 330.785614014, 95.3790588379, 75.7663955688, -1.93545925617, -1.41381084919, 3.50089263916, 20.8409309387, 1.53845405579, 0.770887613297, -4.30358934402], [-534.076538086, 413.328430176, -52.3682479858, 95.3790588379, 312.632049561, -20.3182640076, 75.8268585205, -27.3669376373, 22.3444690704, -33.8767967224, 31.334564209, -29.8623828888, 33.2163772583], [1200.07641602, -423.573974609, 358.380615234, 75.7663955688, -20.3182640076, 338.514709473, 4.9284362793, 85.9484634399, -34.0516090393, 63.1910362244, -18.3495750427, 37.2568016052, -52.3944587708], [-511.884521484, 196.606048584, -140.164413452, -1.93545925617, 75.8268585205, 4.9284362793, 189.128265381, 14.8775663376, 28.2332630157, -34.1328353882, 14.8861627579, -25.0464420319, 20.3827896118], [245.332382202, -140.078323364, 123.144966125, -1.41381084919, -27.3669376373, 85.9484634399, 14.8775663376, 134.794754028, 39.2019538879, 35.8352851868, -5.82151126862, 3.32536292076, -22.7425346375], [-266.945922852, 119.025230408, -57.5349884033, 3.50089263916, 22.3444690704, -34.0516090393, 28.2332630157, 39.2019538879, 106.535392761, 20.8668136597, 15.9896173477, -20.7544879913, 4.77597093582], [537.935180664, -191.338912964, 143.869125366, 20.8409309387, -33.8767967224, 63.1910362244, -34.1328353882, 35.8352851868, 20.8668136597, 113.205558777, 20.7603874207, 23.4493522644, -30.7175769806], [-215.648452759, 126.645874023, -34.150478363, 1.53845405579, 31.334564209, -18.3495750427, 14.8861627579, -5.82151126862, 15.9896173477, 20.7603874207, 80.5263290405, 15.6764783859, 8.147605896], [183.28012085, -148.784591675, 69.8276062012, 0.770887613297, -29.8623828888, 37.2568016052, -25.0464420319, 3.32536292076, -20.7544879913, 23.4493522644, 15.6764783859, 81.5236740112, 18.7101707458], [-543.666564941, 114.143096924, -90.9210281372, -4.30358934402, 33.2163772583, -52.3944587708, 20.3827896118, -22.7425346375, 4.77597093582, -30.7175769806, 8.147605896, 18.7101707458, 80.4560165405]],
        "icov": [[0.000131864871946, -0.000155115281814, 0.000108575964987, -0.000277859478956, 0.000224535440793, -0.000417121103965, 0.000238104941673, -2.98780851153e-05, 0.00026593261282, -0.000497520319186, 0.000501364993397, -0.000348354136804, 0.000610348419286], [-0.000155115281814, 0.0026532234624, -0.00049177207984, 0.00162750238087, -0.00260105566122, 0.00209451210685, -0.000907413486857, 0.00101298838854, -0.00194624054711, 0.00309711368755, -0.00396803813055, 0.00305014662445, -0.0013364093611], [0.000108575964987, -0.00049177207984, 0.00187712046318, -0.00119311013259, 0.000374351948267, -0.0016520274803, 0.0013166408753, -0.00108924752567, 0.00119096401613, -0.00170192238875, 0.0013520126231, -0.00109722022898, 0.00101474556141], [-0.000277859478956, 0.00162750238087, -0.00119311013259, 0.00528947636485, -0.00293288915418, 0.00118437421042, -0.000802849011961, 0.00164604245219, -0.00221243291162, 0.00218241638504, -0.00262658135034, 0.00239386316389, -0.00192721746862], [0.000224535440793, -0.00260105566122, 0.000374351948267, -0.00293288915418, 0.00717801507562, -0.00251498864964, -0.000198558758711, -9.20995371416e-05, 0.00143765262328, -0.00227562966757, 0.0021064223256, -0.001210214803, 1.05147000795e-05], [-0.000417121103965, 0.00209451210685, -0.0016520274803, 0.00118437421042, -0.00251498864964, 0.00838793069124, -0.00303568621166, -0.00184611941222, 0.000521445355844, 0.00185030489229, -0.00251741684042, 0.000652228365652, -6.70128938509e-05], [0.000238104941673, -0.000907413486857, 0.0013166408753, -0.000802849011961, -0.000198558758711, -0.00303568621166, 0.00826865434647, -0.00166227191221, -0.000167373524164, 0.000323590269545, 0.000248330063187, 0.000454344175523, -0.000115656148409], [-2.98780851153e-05, 0.00101298838854, -0.00108924752567, 0.00164604245219, -9.20995371416e-05, -0.00184611941222, -0.00166227191221, 0.0126844858751, -0.00664125429466, 0.000758994952776, -0.000392170215491, 0.00063545507146, 0.000636492157355], [0.00026593261282, -0.00194624054711, 0.00119096401613, -0.00221243291162, 0.00143765262328, 0.000521445355844, -0.000167373524164, -0.00664125429466, 0.0168225467205, -0.00740421749651, 0.00175836787093, 0.00158827251289, -0.000676099676639], [-0.000497520319186, 0.00309711368755, -0.00170192238875, 0.00218241638504, -0.00227562966757, 0.00185030489229, 0.000323590269545, 0.000758994952776, -0.00740421749651, 0.0197683759034, -0.00954619422555, 0.000505942385644, 0.00155070249457], [0.000501364993397, -0.00396803813055, 0.0013520126231, -0.00262658135034, 0.0021064223256, -0.00251741684042, 0.000248330063187, -0.000392170215491, 0.00175836787093, -0.00954619422555, 0.0227366890758, -0.0095600867644, 0.00389358797111], [-0.000348354136804, 0.00305014662445, -0.00109722022898, 0.00239386316389, -0.001210214803, 0.000652228365652, 0.000454344175523, 0.00063545507146, 0.00158827251289, 0.000505942385644, -0.0095600867644, 0.023577934131, -0.0112202456221], [0.000610348419286, -0.0013364093611, 0.00101474556141, -0.00192721746862, 1.05147000795e-05, -6.70128938509e-05, -0.000115656148409, 0.000636492157355, -0.000676099676639, 0.00155070249457, 0.00389358797111, -0.0112202456221, 0.0225014910102]]
    },
    "melbands": {
        "mean": [0.000898884376511, 0.00164312648121, 0.000993656809442, 0.000755356100854, 0.000484003132442, 0.000335098127834, 0.000241779329372, 0.000305020716041, 0.000268314324785, 0.000211698716157, 0.000112973124487, 6.90421948093e-05, 9.70415858319e-05, 8.64009052748e-05, 6.23332598479e-05, 7.14582638466e-05, 6.78810829413e-05, 4.28331986768e-05, 2.86797221634e-05, 2.60031156358e-05, 1.97280824068e-05, 1.7807860786e-05, 2.07323409995e-05, 1.75948152901e-05, 1.35150239657e-05, 1.16592109407e-05, 9.21505670703e-06, 5.72475937588e-06, 4.98844337926e-06, 6.83166263116e-06, 5.82901247981e-06, 4.41571910414e-06, 3.96944869863e-06, 3.30738157572e-06, 2.52066956818e-06, 2.76347054751e-06, 2.24396376325e-06, 1.77674758106e-06, 1.59760554652e-06, 1.23370205074e-06],
        "stdev": [0.00217585614882, 0.00341738667339, 0.00151295040268, 0.00105565274134, 0.000645472144242, 0.000636094948277, 0.000571576412767, 0.000819234701339, 0.00077986868564, 0.000713143905159, 0.000459542236058, 0.000302702508634, 0.000365635642083, 0.00026219864958, 0.000202777649974, 0.000240662513534, 0.000212961575016, 0.000115904724225, 9.14680931601e-05, 8.0186262494e-05, 5.08953089593e-05, 3.6661469494e-05, 4.48976970802e-05, 4.90413003718e-05, 2.28160606639e-05, 1.99732639885e-05, 1.74416691152e-05, 1.03701904663e-05, 1.08569383883e-05, 1.60953914019e-05, 1.30834496304e-05, 1.16578985399e-05, 1.07019195639e-05, 9.19338799577e-06, 6.62876482238e-06, 6.26778410151e-06, 6.59702300254e-06, 5.21358242622e-06, 4.71623980047e-06, 2.60000706476e-06]
    },
    "melbands128": {
        "mean": [9.15309065022e-05, 0.000589880801272, 0.0012466419721, 0.00147932197433, 0.00175526365638, 0.00165362714324, 0.00111241545528, 0.000778942718171, 0.000772950297687, 0.000876597012393, 0.000725625432096, 0.000505645875819, 0.000484908843646, 0.000386777886888, 0.000359733065125, 0.000323629879858, 0.000171644947841, 0.000216481115785, 0.000283903209493, 0.000382771220757, 0.000219871668378, 0.000308935210342, 0.000292779033771, 0.000184709089808, 0.000241019690293, 0.000209699908737, 0.000174210304976, 9.22757826629e-05, 6.79510339978e-05, 8.94772601896e-05, 4.92182516609e-05, 6.65266270516e-05, 0.000121795244922, 0.000105595609057, 7.02139514033e-05, 9.65408835327e-05, 9.56820440479e-05, 3.61621423508e-05, 6.62040838506e-05, 6.86394560034e-05, 5.49622636754e-05, 0.000103080667031, 7.30716856197e-05, 5.45606344531e-05, 2.92400673061e-05, 4.90415368404e-05, 5.0233607908e-05, 2.19518788072e-05, 2.14938427234e-05, 3.3540512959e-05, 2.62776939053e-05, 1.81392279046e-05, 2.18168243009e-05, 1.75471159309e-05, 2.24510094995e-05, 1.49183588292e-05, 1.63297972904e-05, 2.34143462876e-05, 2.39531091211e-05, 1.300977965e-05, 2.11759852391e-05, 1.6736521502e-05, 1.10538148874e-05, 1.56504866027e-05, 1.22374603961e-05, 1.07958148874e-05, 1.20004751807e-05, 1.04346354419e-05, 9.15007422009e-06, 6.82595691615e-06, 5.14126622875e-06, 5.89173487242e-06, 4.6249379011e-06, 4.72150031783e-06, 4.89592503072e-06, 7.25441304894e-06, 7.47956437408e-06, 7.47224794395e-06, 5.45533021068e-06, 4.24041945735e-06, 4.34365165347e-06, 4.74149101137e-06, 4.17314822698e-06, 4.00689077651e-06, 3.67534153156e-06, 3.39426082974e-06, 3.42997986991e-06, 2.53945768236e-06, 2.16209787141e-06, 2.89087620331e-06, 2.63923084276e-06, 2.9593659292e-06, 2.47360094363e-06, 2.34770686802e-06, 2.06346885534e-06, 1.61679542998e-06, 1.89078548374e-06, 1.67219513969e-06, 1.6994725911e-06, 1.44740965879e-06, 1.44736520724e-06, 1.12784971407e-06, 1.07966309315e-06, 1.0826321386e-06, 8.27594817565e-07, 9.47505611748e-07, 1.12824943699e-06, 1.32378079343e-06, 8.72629016158e-07, 6.88840032126e-07, 8.19017543563e-07, 6.90028684858e-07, 6.47495312478e-07, 5.66346670894e-07, 5.84268320836e-07, 5.26152689417e-07, 3.79264406547e-07, 4.35643130459e-08, 4.58905136114e-12, 3.60316507533e-12, 3.45819466813e-12, 3.35342669432e-12, 3.26167239918e-12, 3.18891874712e-12, 3.13509765024e-12, 3.09677630761e-12, 3.06845087533e-12, 3.04435318101e-12],
        "stdev": [0.000261534150923, 0.00176897167694, 0.00330602400936, 0.0035134262871, 0.00389807275496, 0.00366389681585, 0.00215754052624, 0.0011700206669, 0.00113230582792, 0.0015370126348, 0.00135685852729, 0.000835574173834, 0.000812370562926, 0.000765412987676, 0.000867559341714, 0.000907920883037, 0.000491047801916, 0.000826445000712, 0.00105269567575, 0.00148105318658, 0.00077645748388, 0.00105952704325, 0.00118413101882, 0.000904146814719, 0.00112278782763, 0.00100151123479, 0.000935410265811, 0.000563837937079, 0.000493515457492, 0.000530634308234, 0.000320482824463, 0.000406588718761, 0.00059270003112, 0.000539144675713, 0.00031187562854, 0.000432766362792, 0.000400619843276, 0.000204679614399, 0.000388035929063, 0.000385566789191, 0.00030855264049, 0.00046553008724, 0.000306061876472, 0.000268172530923, 0.000137648632517, 0.000179657770786, 0.000204159368877, 0.000146054895595, 9.25668355194e-05, 0.000149678235175, 0.000114403221232, 8.14460290712e-05, 9.09008304006e-05, 5.07871736772e-05, 8.43973466544e-05, 4.1908606363e-05, 5.01915856148e-05, 6.79777003825e-05, 7.48196180211e-05, 5.16126165166e-05, 8.44531896291e-05, 6.09646631347e-05, 3.01758118439e-05, 2.91844989988e-05, 2.12284448935e-05, 2.44537950493e-05, 2.81079737761e-05, 2.90381394734e-05, 1.89874772332e-05, 1.29667141664e-05, 1.3142906937e-05, 1.22247201944e-05, 1.24396437968e-05, 1.33269677463e-05, 1.25913838929e-05, 2.05265041586e-05, 2.04237276193e-05, 1.78323407454e-05, 1.38017230711e-05, 1.28001047415e-05, 1.43676661537e-05, 1.2666127077e-05, 1.19507667478e-05, 1.22480641949e-05, 1.07556024886e-05, 1.10275013867e-05, 9.59327189776e-06, 7.88113993622e-06, 7.25075960872e-06, 6.9854377216e-06, 6.49151616017e-06, 7.55581686462e-06, 6.71093812343e-06, 8.14274790173e-06, 7.03379464539e-06, 5.77841501581e-06, 5.38825042895e-06, 6.05784862273e-06, 5.71556211071e-06, 4.1665794015e-06, 3.40783572028e-06, 2.47506091e-06, 2.16175567402e-06, 2.36766709349e-06, 1.62730407283e-06, 1.95238521883e-06, 2.4524665605e-06, 3.43113583767e-06, 1.91718572751e-06, 1.52075540427e-06, 1.82897747436e-06, 1.48560184243e-06, 1.45346086811e-06, 1.24964060433e-06, 1.4511107338e-06, 1.48406058997e-06, 9.00065003862e-07, 1.33977778205e-07, 1.06224248148e-11, 5.99775047336e-12, 5.77341516608e-12, 5.60311042355e-12, 5.46519253464e-12, 5.35262459356e-12, 5.260959203e-12, 5.19042794855e-12, 5.13951988607e-12, 5.10828098571e-12]
    },
    "mfcc": {
        "mean": [-656.802307129, 111.806915283, 2.66967868805, 24.1026535034, 10.9393396378, 3.77534866333, -0.486044377089, 0.173701316118, -4.88382291794, -1.66750061512, -0.36935839057, -2.91113376617, -3.74691200256],
        "cov": [[11681.3505859, -860.665222168, 743.289428711, 244.041107178, -0.200750648975, 616.161132812, 49.6929664612, 34.536365509, -17.2846431732, 104.483978271, 232.064926147, 167.656143188, 12.3296480179], [-860.665222168, 1322.19921875, -316.592529297, 94.2104644775, 141.684234619, -87.7832336426, 38.3300895691, 4.71923732758, -41.815826416, -0.776969432831, 2.82494139671, -13.2685537338, 35.468334198], [743.289428711, -316.592529297, 697.659118652, 80.8183517456, 64.660736084, 143.260040283, 32.452796936, 17.3902645111, 29.4312458038, 22.3982486725, 20.280796051, 43.3436546326, 10.737859726], [244.041107178, 94.2104644775, 80.8183517456, 262.705596924, 111.785064697, 60.6544647217, 24.4773960114, -2.72486424446, 6.71879434586, 7.46060562134, -15.1063871384, 20.3014221191, 29.4086341858], [-0.200750648975, 141.684234619, 64.660736084, 111.785064697, 207.758239746, 68.3923110962, 36.4542007446, 14.8738517761, 12.5499219894, 12.468120575, -6.58021020889, 8.0613117218, 20.8591461182], [616.161132812, -87.7832336426, 143.260040283, 60.6544647217, 68.3923110962, 187.460174561, 78.482460022, 31.5456218719, 17.9643211365, 9.03724765778, 20.4134654999, 17.2665977478, 0.632923960686], [49.6929664612, 38.3300895691, 32.452796936, 24.4773960114, 36.4542007446, 78.482460022, 138.745422363, 55.8052711487, 19.898311615, 13.0699729919, 7.2472205162, 14.0882253647, 4.13416910172], [34.536365509, 4.71923732758, 17.3902645111, -2.72486424446, 14.8738517761, 31.5456218719, 55.8052711487, 102.745826721, 40.4303665161, 19.9351730347, 9.16705608368, 2.53876876831, -0.652675032616], [-17.2846431732, -41.815826416, 29.4312458038, 6.71879434586, 12.5499219894, 17.9643211365, 19.898311615, 40.4303665161, 93.3501205444, 33.1110153198, 14.5473499298, 5.47163629532, -5.22325563431], [104.483978271, -0.776969432831, 22.3982486725, 7.46060562134, 12.468120575, 9.03724765778, 13.0699729919, 19.9351730347, 33.1110153198, 100.046257019, 39.4679069519, 14.9738893509, 8.74401378632], [232.064926147, 2.82494139671, 20.280796051, -15.1063871384, -6.58021020889, 20.4134654999, 7.2472205162, 9.16705608368, 14.5473499298, 39.4679069519, 98.5731658936, 37.2192077637, 6.54976701736], [167.656143188, -13.2685537338, 43.3436546326, 20.3014221191, 8.0613117218, 17.2665977478, 14.0882253647, 2.53876876831, 5.47163629532, 14.9738893509, 37.2192077637, 75.0779190063, 29.1009140015], [12.3296480179, 35.468334198, 10.737859726, 29.4086341858, 20.8591461182, 0.632923960686, 4.13416910172, -0.652675032616, -5.22325563431, 8.74401378632, 6.54976701736, 29.1009140015, 71.810760498]],
        "icov": [[0.000119939380966, 3.1564537494e-05, -2.62405792455e-05, -0.000102005484223, 0.000145305661135, -0.000443058263045, 0.000216831991565, -7.52295090933e-05, 0.000166331010405, -8.45593895065e-05, -0.000154810244567, -0.000104136495793, 3.67608336092e-05], [3.1564537494e-05, 0.00109901884571, 0.000435677880887, -0.000361273530871, -0.000879726489075, 0.000762604700867, -0.000588155991863, -0.000126769809867, 0.00057696638396, 8.01463174867e-05, -0.000649811525363, 0.000360138248652, -0.000238378779613], [-2.62405792455e-05, 0.000435677880887, 0.00197896966711, -0.000283575966023, -0.000425759062637, -0.00101085437927, 0.000278653111309, -4.70784252684e-05, -0.000112446403364, -0.000178998554475, 0.000125986407511, -0.000730506551918, 2.38062748394e-05], [-0.000102005484223, -0.000361273530871, -0.000283575966023, 0.00559944007546, -0.00221513048746, -0.000815259467345, 4.9113019486e-05, 0.000961882993579, -0.000622486462817, -0.000348248082446, 0.00184387073386, -0.00117905286606, -0.00109148921911], [0.000145305661135, -0.000879726489075, -0.000425759062637, -0.00221513048746, 0.00782100763172, -0.00288303708658, 0.000453679356724, -0.000234047518461, -0.000507975695655, -0.00075593352085, 0.000888109614607, 0.000255143881077, -0.0010235485388], [-0.000443058263045, 0.000762604700867, -0.00101085437927, -0.000815259467345, -0.00288303708658, 0.0116836205125, -0.00572325009853, 0.000202800903935, -0.000301692314679, 0.00146725785453, -0.00211076322012, 0.00108206935693, 0.000803652161267], [0.000216831991565, -0.000588155991863, 0.000278653111309, 4.9113019486e-05, 0.000453679356724, -0.00572325009853, 0.012666692026, -0.0054210354574, 0.000609282869846, -0.000820868066512, 0.00135432218667, -0.00236011808738, 0.000308822578518], [-7.52295090933e-05, -0.000126769809867, -4.70784252684e-05, 0.000961882993579, -0.000234047518461, 0.000202800903935, -0.0054210354574, 0.0148887922987, -0.00531369447708, -0.000556464423425, -0.000106693441921, 0.00118332798593, -0.000586287409533], [0.000166331010405, 0.00057696638396, -0.000112446403364, -0.000622486462817, -0.000507975695655, -0.000301692314679, 0.000609282869846, -0.00531369447708, 0.0149683654308, -0.00382898328826, -0.000568451767322, -0.000622700434178, 0.00188422494102], [-8.45593895065e-05, 8.01463174867e-05, -0.000178998554475, -0.000348248082446, -0.00075593352085, 0.00146725785453, -0.000820868066512, -0.000556464423425, -0.00382898328826, 0.0136450883001, -0.0052625820972, 0.00106425280683, -0.00149812188465], [-0.000154810244567, -0.000649811525363, 0.000125986407511, 0.00184387073386, 0.000888109614607, -0.00211076322012, 0.00135432218667, -0.000106693441921, -0.000568451767322, -0.0052625820972, 0.0161987077445, -0.00772461527959, 0.00150760938413], [-0.000104136495793, 0.000360138248652, -0.000730506551918, -0.00117905286606, 0.000255143881077, 0.00108206935693, -0.00236011808738, 0.00118332798593, -0.000622700434178, 0.00106425280683, -0.00772461527959, 0.021055508405, -0.00750788720325], [3.67608336092e-05, -0.000238378779613, 2.38062748394e-05, -0.00109148921911, -0.0010235485388, 0.000803652161267, 0.000308822578518, -0.000586287409533, 0.00188422494102, -0.00149812188465, 0.00150760938413, -0.00750788720325, 0.0179719701409]]
    },
    "spectral_contrast_coeffs": {
        "mean": [-0.704446315765, -0.734828948975, -0.764649093151, -0.781799137592, -0.782312870026, -0.777459442616],
        "stdev": [0.064207278192, 0.0875780954957, 0.0730792507529, 0.0532816648483, 0.0384086854756, 0.0400477610528]
    },
    "spectral_contrast_valleys": {
        "mean": [-6.7722454071, -7.15435266495, -7.77867031097, -7.88165092468, -7.78517007828, -10.2854471207],
        "stdev": [1.39530265331, 1.20410656929, 1.21889352798, 1.24134171009, 1.30178439617, 1.77894246578]
    }
},
"rhythm": {
    "beats_count": 409,
    "beats_loudness": {
        "mean": 0.032375369221,
        "stdev": 0.0213122367859
    },
    "bpm": 86.9809112549,
    "bpm_histogram_first_peak_bpm": 88,
    "bpm_histogram_first_peak_weight": 0.446376800537,
    "bpm_histogram_second_peak_bpm": 157,
    "bpm_histogram_second_peak_spread": 0,
    "bpm_histogram_second_peak_weight": 0.0220588240772,
    "danceability": 1.11935734749,
    "onset_rate": 4.10243368149,
    "beats_loudness_band_ratio": {
        "mean": [0.338093161583, 0.217457279563, 0.152067780495, 0.110835321248, 0.100648313761, 0.119983531535],
        "stdev": [0.259736120701, 0.156691834331, 0.153806582093, 0.124476373196, 0.10211687535, 0.0987984463573]
    },
    "beats_position": [0.371519267559, 0.766258478165, 1.14938771725, 1.53251695633, 1.92725622654, 2.32199549675, 2.70512461662, 3.09986400604, 3.49460315704, 3.87773227692, 4.26086139679, 4.6439909935, 5.02712011337, 5.41024923325, 5.80498838425, 6.19972801208, 6.58285713196, 6.97759628296, 7.45360517502, 7.92961454391, 8.40562343597, 8.88163280487, 9.35764122009, 9.83365058899, 10.4025392532, 10.9714279175, 11.5403175354, 12.0859861374, 12.6316547394, 13.1657142639, 13.6997728348, 14.2454423904, 14.7678909302, 15.301949501, 15.8243989944, 16.3584575653, 16.8925170898, 17.426574707, 17.9722442627, 18.5179138184, 19.0635814667, 19.5860309601, 20.1200904846, 20.642539978, 21.1649875641, 21.6758270264, 22.1866664886, 22.7091159821, 23.2315635681, 23.7656230927, 24.4506111145, 25.1356010437, 25.8205890656, 26.4939670563, 27.1789569855, 27.8639450073, 28.5605430603, 29.2571430206, 29.9421310425, 30.6271190643, 31.3237190247, 32.0087051392, 32.6936950684, 33.3902931213, 34.0752830505, 34.7602729797, 35.4336509705, 36.1302490234, 36.8268470764, 37.5234451294, 38.2200431824, 38.91664505, 39.6016311646, 40.2866210938, 40.9599990845, 41.6565971375, 42.3531951904, 43.0497932434, 43.7347831726, 44.4197731018, 45.1163711548, 45.801361084, 46.4863471985, 47.1829452515, 47.8679351807, 48.5529251099, 49.2263031006, 49.9112930298, 50.6078910828, 51.2928771973, 51.9662590027, 52.6628570557, 53.3594551086, 54.0444450378, 54.7294311523, 55.4260292053, 56.1110191345, 56.7960090637, 57.4809951782, 58.1775970459, 58.8858032227, 59.5824012756, 60.2673912048, 60.952381134, 61.6373672485, 62.3223571777, 63.0073471069, 63.7039451599, 64.4121551514, 65.1087493896, 65.8053512573, 66.5019454956, 67.1985473633, 67.895149231, 68.5801315308, 69.26512146, 69.9501113892, 70.6351013184, 71.3084793091, 72.0050811768, 72.701675415, 73.3866653442, 74.0716552734, 74.7682495117, 75.4648513794, 76.1614532471, 76.8580474854, 77.5430374146, 78.2280273438, 78.9130172729, 79.5979995728, 80.2946014404, 80.9912033081, 81.6877975464, 82.3611755371, 83.0461654663, 83.7311553955, 84.4161453247, 85.1011352539, 85.7977294922, 86.4943313599, 87.1677093506, 87.8526992798, 88.537689209, 89.2342834473, 89.9192733765, 90.6042633057, 91.3008575439, 91.9974594116, 92.6824493408, 93.36743927, 94.0408172607, 94.7257995605, 95.4107894897, 96.0957794189, 96.7923812866, 97.4773712158, 98.1739654541, 98.8589553833, 99.5439453125, 100.240539551, 100.937141418, 101.633743286, 102.330337524, 103.026939392, 103.72353363, 104.40852356, 105.093513489, 105.790107727, 106.486709595, 107.171699524, 107.856689453, 108.541679382, 109.226661682, 109.900039673, 110.596641541, 111.28163147, 111.978225708, 112.674827576, 113.383033752, 114.07963562, 114.776237488, 115.461219788, 116.146209717, 116.819587708, 117.492965698, 118.166343689, 118.862945557, 119.559547424, 120.256141663, 120.929519653, 121.614509583, 122.299499512, 122.984489441, 123.66947937, 124.35446167, 125.039451599, 125.736053467, 126.432647705, 127.129249573, 127.82585144, 128.51083374, 129.195831299, 129.892425537, 130.589019775, 131.274017334, 131.958999634, 132.655593872, 133.352203369, 134.048797607, 134.745391846, 135.441986084, 136.138595581, 136.835189819, 137.531784058, 138.216781616, 138.901763916, 139.598358154, 140.294967651, 140.99156189, 141.688156128, 142.373153687, 143.046524048, 143.731521606, 144.416503906, 145.101501465, 145.786483765, 146.483078003, 147.168075562, 147.853057861, 148.538040161, 149.234649658, 149.931243896, 150.616226196, 151.301223755, 151.986206055, 152.671203613, 153.367797852, 154.06439209, 154.749389648, 155.434371948, 156.119369507, 156.804351807, 157.489334106, 158.174331665, 158.870925903, 159.567520142, 160.264129639, 160.960723877, 161.645706177, 162.330703735, 163.027297974, 163.723892212, 164.432098389, 165.117095947, 165.802078247, 166.487075806, 167.160446167, 167.833831787, 168.530426025, 169.227020264, 169.912017822, 170.597000122, 171.293609619, 171.990203857, 172.675186157, 173.360183716, 174.045166016, 174.730148315, 175.426757812, 176.111740112, 176.796737671, 177.493331909, 178.178314209, 178.863311768, 179.559906006, 180.256500244, 180.953109741, 181.638092041, 182.323074341, 182.996459961, 183.669830322, 184.343215942, 185.028198242, 185.713195801, 186.398178101, 187.083175659, 187.791381836, 188.499588013, 189.207794189, 189.892791748, 190.589385986, 191.285980225, 191.982574463, 192.667572021, 193.352554321, 194.03755188, 194.72253418, 195.3959198, 196.092514038, 196.789108276, 197.485717773, 198.182312012, 198.87890625, 199.575500488, 200.272109985, 200.968704224, 201.665298462, 202.361907959, 203.058502197, 203.731872559, 204.416870117, 205.101852417, 205.798446655, 206.471832275, 207.168426514, 207.865036011, 208.561630249, 209.246612549, 209.931610107, 210.616592407, 211.301589966, 211.998184204, 212.683166504, 213.368164062, 214.064758301, 214.761352539, 215.446350098, 216.131332397, 216.816329956, 217.501312256, 218.197906494, 218.882904053, 219.579498291, 220.264480591, 220.961090088, 221.646072388, 222.331054688, 223.004440308, 223.701034546, 224.386032104, 225.059402466, 225.744400024, 226.440994263, 227.125976562, 227.82258606, 228.507568359, 229.192550659, 229.877548218, 230.574142456, 231.247528076, 231.944122314, 232.640716553, 233.33732605, 234.02230835, 234.707290649, 235.415512085, 236.112106323, 236.797088623, 237.482086182, 238.17868042, 238.86366272, 239.53704834, 240.233642578, 240.918640137, 241.603622437, 242.288604736, 242.973602295, 243.646972656, 244.331970215, 245.016952515, 245.73677063, 246.433380127, 247.141586304, 247.838180542, 248.53477478, 249.231384277, 249.927978516, 250.612960815, 251.309570312, 252.006164551, 252.691146851, 253.376144409, 254.061126709, 254.746124268, 255.442718506, 256.116088867, 256.812683105, 257.509277344, 258.194274902, 258.879272461, 259.575866699, 260.272460938, 260.969055176, 261.688873291, 262.420318604, 263.198181152, 263.976043701, 264.684265137, 265.392456055, 266.11227417, 266.832092285, 267.621582031, 268.411071777, 269.212158203, 270.001617432, 270.791107178, 271.580596924, 272.38168335],
    "bpm_histogram": [0, 0, 0, 0, 0, 0, 0, 0, 0, 0, 0, 0, 0, 0, 0, 0, 0, 0, 0, 0, 0, 0, 0, 0, 0, 0, 0, 0, 0, 0, 0, 0, 0, 0, 0, 0, 0, 0, 0, 0, 0, 0, 0, 0, 0, 0, 0, 0, 0, 0, 0, 0, 0, 0, 0, 0, 0, 0, 0, 0, 0, 0, 0, 0, 0, 0, 0, 0, 0, 0, 0, 0, 0, 0, 0, 0.0049019609578, 0.0122549021617, 0.0049019609578, 0, 0, 0, 0, 0.0024509804789, 0.00980392191559, 0, 0.0269607845694, 0.350490182638, 0, 0.397058814764, 0.0710784345865, 0, 0, 0, 0, 0, 0, 0, 0, 0, 0, 0, 0, 0, 0, 0, 0.00735294120386, 0, 0, 0, 0, 0.0147058824077, 0, 0.0196078438312, 0, 0, 0.0171568635851, 0, 0.0049019609578, 0, 0, 0, 0, 0, 0, 0, 0, 0.0147058824077, 0, 0, 0, 0, 0, 0, 0, 0, 0, 0, 0, 0, 0, 0, 0, 0, 0, 0, 0, 0, 0, 0, 0, 0, 0, 0.0196078438312, 0, 0, 0, 0, 0.0220588240772, 0, 0, 0, 0, 0, 0, 0, 0, 0, 0, 0, 0, 0, 0, 0, 0, 0, 0, 0, 0, 0, 0, 0, 0, 0, 0, 0, 0, 0, 0, 0, 0, 0, 0, 0, 0, 0, 0, 0, 0, 0, 0, 0, 0, 0, 0, 0, 0, 0, 0, 0, 0, 0, 0, 0, 0, 0, 0, 0, 0, 0, 0, 0, 0, 0, 0, 0, 0, 0, 0, 0, 0, 0, 0, 0, 0, 0, 0, 0, 0, 0, 0, 0, 0, 0, 0, 0, 0, 0, 0, 0, 0]
},
"tonal": {
    "chords_changes_rate": 0.0511469841003,
    "chords_number_rate": 0.00203908234835,
    "chords_strength": {
        "mean": 0.531425058842,
        "stdev": 0.0867992416024
    },
    "hpcp_crest": {
        "mean": 14.1383094788,
        "stdev": 7.12022447586
    },
    "hpcp_entropy": {
        "mean": 1.98444950581,
        "stdev": 0.773660480976
    },
    "key_edma": {
        "strength": 0.80366975069,
        "key": "D",
        "scale": "major"
    },
    "key_krumhansl": {
        "strength": 0.816479146481,
        "key": "D",
        "scale": "major"
    },
    "key_temperley": {
        "strength": 0.830012738705,
        "key": "D",
        "scale": "major"
    },
    "tuning_diatonic_strength": 0.634424567223,
    "tuning_equal_tempered_deviation": 0.0360982939601,
    "tuning_frequency": 441.017791748,
    "tuning_nontempered_energy_ratio": 0.687252640724,
    "hpcp": {
        "mean": [0.298984140158, 0.198372095823, 0.0808323994279, 0.0752543061972, 0.0845854729414, 0.140521198511, 0.202210187912, 0.1571328789, 0.115030430257, 0.108943104744, 0.0765697956085, 0.0815676823258, 0.106007054448, 0.0934715718031, 0.16354739666, 0.292700856924, 0.217321574688, 0.0804823935032, 0.0543307326734, 0.0542879551649, 0.118765942752, 0.185951977968, 0.14793458581, 0.0972278639674, 0.0794380903244, 0.0694252103567, 0.123314499855, 0.176112547517, 0.143769368529, 0.141701847315, 0.160550549626, 0.104033827782, 0.0670004189014, 0.0688636004925, 0.0843437165022, 0.198486581445],
        "stdev": [0.345384150743, 0.262693464756, 0.192521736026, 0.190434232354, 0.199564769864, 0.235334381461, 0.3019310534, 0.249651864171, 0.219754248857, 0.232046216726, 0.181254401803, 0.180997163057, 0.215937390924, 0.193052351475, 0.228204190731, 0.348613232374, 0.280703723431, 0.169334575534, 0.137629464269, 0.137453138828, 0.210801512003, 0.292884141207, 0.240911856294, 0.199020072818, 0.185773015022, 0.179693043232, 0.212852492929, 0.259412735701, 0.232737660408, 0.2312707901, 0.270466417074, 0.19620731473, 0.146094784141, 0.156529828906, 0.176157087088, 0.267620950937]
    },
    "chords_histogram": [30.9260826111, 2.97366189957, 7.71452856064, 0.662701785564, 1.56329655647, 0.152931183577, 0.424808830023, 0.186915889382, 0.696686506271, 0.271877646446, 0, 0.135938823223, 0, 0.101954117417, 0, 1.07051825523, 0.2888700068, 3.16057777405, 3.58538651466, 8.51316928864, 3.55140185356, 2.97366189957, 15.24214077, 15.8028888702],
    "thpcp": [1, 0.663487017155, 0.270356804132, 0.251699984074, 0.282909572124, 0.469995498657, 0.676324129105, 0.52555590868, 0.384737551212, 0.364377528429, 0.256099849939, 0.272816091776, 0.354557454586, 0.312630534172, 0.547010302544, 0.97898453474, 0.726866543293, 0.269186168909, 0.181717768312, 0.181574702263, 0.397231578827, 0.621945977211, 0.494790732861, 0.325194060802, 0.265693336725, 0.232203662395, 0.41244494915, 0.589036405087, 0.480859518051, 0.473944365978, 0.53698682785, 0.347957670689, 0.224093556404, 0.230325266719, 0.282100975513, 0.663869917393],
    "chords_key": "D",
    "chords_scale": "major"
}
}