{
"metadata": {
    "version": {
        "essentia": "2.1-dev",
        "essentia_git_sha": "v2.1_beta3-415-gd5473f3",
        "extractor": "music 2.0"
    },
    "audio_properties": {
        "analysis": {
            "equal_loudness": 0,
            "length": 271.908569336,
            "sample_rate": 44100,
            "start_time": 0,
            "downmix": "mix"
        },
        "bit_rate": 192000,
        "length": 271.908569336,
        "lossless": 0,
        "number_channels": 2,
        "replay_gain": -9.93245315552,
        "sample_rate": 44100,
        "codec": "mp3",
        "md5_encoded": "17eb88ba0c0e690f8cde5e2d74820b2a"
    },
    "tags": {
        "file_name": "kylie_minogue-come_into_my_world.mp3",
        "album": ["Fever"],
        "artist": ["Kylie Minogue"],
        "genre": ["Other"],
        "title": ["come into my world"]
    }
},
"lowlevel": {
    "average_loudness": 0.955870807171,
    "barkbands_crest": {
        "mean": 13.53282547,
        "stdev": 5.42505741119
    },
    "barkbands_flatness_db": {
        "mean": 0.147395581007,
        "stdev": 0.0652866512537
    },
    "barkbands_kurtosis": {
        "mean": 6.17523097992,
        "stdev": 18.567193985
    },
    "barkbands_skewness": {
        "mean": 1.72063207626,
        "stdev": 1.73049020767
    },
    "barkbands_spread": {
        "mean": 26.099571228,
        "stdev": 15.4540081024
    },
    "dissonance": {
        "mean": 0.472034901381,
        "stdev": 0.0245039146394
    },
    "dynamic_complexity": 3.32498502731,
    "erbbands_crest": {
        "mean": 8.14450740814,
        "stdev": 3.87665200233
    },
    "erbbands_flatness_db": {
        "mean": 0.15113003552,
        "stdev": 0.0450891852379
    },
    "erbbands_kurtosis": {
        "mean": 0.405959039927,
        "stdev": 2.56655335426
    },
    "erbbands_skewness": {
        "mean": 0.0356543511152,
        "stdev": 0.713907778263
    },
    "erbbands_spread": {
        "mean": 37.7616424561,
        "stdev": 19.7761554718
    },
    "hfc": {
        "mean": 25.0001869202,
        "stdev": 24.992521286
    },
    "loudness_ebu128": {
        "integrated": -12.8265590668,
        "loudness_range": 4.19829940796,
        "momentary": {
            "mean": -16.2745380402,
            "stdev": 25.0026435852
        },
        "short_term": {
            "mean": -14.0820093155,
            "stdev": 6.48931837082
        }
    },
    "melbands_crest": {
        "mean": 19.3304424286,
        "stdev": 6.80099630356
    },
    "melbands_flatness_db": {
        "mean": 0.217742711306,
        "stdev": 0.0884953960776
    },
    "melbands_kurtosis": {
        "mean": 21.5081253052,
        "stdev": 51.3072929382
    },
    "melbands_skewness": {
        "mean": 3.21097373962,
        "stdev": 2.55576515198
    },
    "melbands_spread": {
        "mean": 26.7301921844,
        "stdev": 23.5833721161
    },
    "pitch_salience": {
        "mean": 0.438605844975,
        "stdev": 0.139935165644
    },
    "silence_rate_20dB": {
        "mean": 1,
        "stdev": 0
    },
    "silence_rate_30dB": {
        "mean": 0.986168026924,
        "stdev": 0.116799101233
    },
    "silence_rate_60dB": {
        "mean": 0.0618169382215,
        "stdev": 0.240810960531
    },
    "spectral_centroid": {
        "mean": 1899.63256836,
        "stdev": 1139.77746582
    },
    "spectral_complexity": {
        "mean": 21.0886268616,
        "stdev": 12.9086875916
    },
    "spectral_decrease": {
        "mean": -9.39300726088e-09,
        "stdev": 6.91690438259e-09
    },
    "spectral_energy": {
        "mean": 0.0377190075815,
        "stdev": 0.0272307246923
    },
    "spectral_energyband_high": {
        "mean": 0.00134576112032,
        "stdev": 0.00216827797703
    },
    "spectral_energyband_low": {
        "mean": 0.0231680348516,
        "stdev": 0.0204056613147
    },
    "spectral_energyband_middle_high": {
        "mean": 0.00724085373804,
        "stdev": 0.00740089919418
    },
    "spectral_energyband_middle_low": {
        "mean": 0.00668860645965,
        "stdev": 0.00978483911604
    },
    "spectral_entropy": {
        "mean": 7.71015310287,
        "stdev": 0.500749111176
    },
    "spectral_flux": {
        "mean": 0.0863293483853,
        "stdev": 0.0607082545757
    },
    "spectral_kurtosis": {
        "mean": 4.56248283386,
        "stdev": 3.33470964432
    },
    "spectral_rms": {
        "mean": 0.00558289140463,
        "stdev": 0.00237283692695
    },
    "spectral_rolloff": {
        "mean": 1632.14440918,
        "stdev": 2385.73608398
    },
    "spectral_skewness": {
        "mean": 1.49049413204,
        "stdev": 0.503297805786
    },
    "spectral_spread": {
        "mean": 4986545.5,
        "stdev": 3861597.5
    },
    "spectral_strongpeak": {
        "mean": 0.674640774727,
        "stdev": 0.984930455685
    },
    "zerocrossingrate": {
        "mean": 0.0618050582707,
        "stdev": 0.0607938580215
    },
    "barkbands": {
        "mean": [0.000762222509366, 0.0189974810928, 0.00279146130197, 0.00122444645967, 0.00183552713133, 0.000834852107801, 0.000941063801292, 0.00064783426933, 0.00103292311542, 0.00124241970479, 0.00104115053546, 0.000863647204824, 0.000862819550093, 0.000857503444422, 0.000615462718997, 0.00042056516395, 0.000349517766153, 0.000302993517835, 0.000375474977773, 0.000640853482764, 0.000349859066773, 0.00019794763648, 0.000154698151164, 0.00014524027938, 0.000155071742483, 7.40018876968e-05, 1.90488503904e-06],
        "stdev": [0.000865685462486, 0.0172626692802, 0.00464609032497, 0.00278507708572, 0.00590002303943, 0.00161350204144, 0.00133814418223, 0.00167858751956, 0.00177069928031, 0.00269793113694, 0.00194724940229, 0.00160975952167, 0.00193779205438, 0.00155054684728, 0.00136044062674, 0.000725312333088, 0.000532352249138, 0.000503154296894, 0.000504911819007, 0.000907126406673, 0.000547279254533, 0.000367421976989, 0.000286452617729, 0.000389917870052, 0.000772747735027, 0.000390822679037, 9.38052289712e-06]
    },
    "erbbands": {
        "mean": [0.587801098824, 4.01328754425, 4.29203367233, 3.78080916405, 5.69331216812, 6.00272607803, 4.91443157196, 7.73605012894, 12.0535678864, 14.5592422485, 16.1568508148, 17.7417697906, 38.8128852844, 44.9035301208, 30.4220466614, 32.6983528137, 37.8312263489, 41.7444038391, 36.9997634888, 30.4637527466, 22.8322639465, 22.025384903, 16.9566612244, 17.2571239471, 26.4309864044, 26.5401382446, 18.4875297546, 10.4029626846, 7.3988404274, 5.77061128616, 4.27013397217, 3.04709219933, 2.39929270744, 1.754524827, 1.09371507168, 0.466585725546, 0.10381013155, 0.0114798815921, 0.00028572633164, 5.64598776691e-05],
        "stdev": [0.504066765308, 4.2442317009, 6.71282911301, 6.73956727982, 19.1388168335, 18.6292858124, 11.3846025467, 14.6746940613, 17.4729213715, 25.2343406677, 35.7006607056, 28.8355560303, 71.381187439, 75.208366394, 53.9506950378, 58.3137054443, 78.5238800049, 70.8073730469, 62.4283943176, 58.5083732605, 37.5639533997, 31.3709030151, 29.1388835907, 21.6297531128, 39.0240859985, 36.2510185242, 26.9680614471, 17.2713222504, 13.5337581635, 10.8016996384, 7.97975063324, 6.7228474617, 7.84261322021, 7.87229728699, 6.45644140244, 2.69042801857, 0.481528759003, 0.0468281432986, 0.00107987062074, 6.16116740275e-05]
    },
    "gfcc": {
        "mean": [-12.3853874207, 75.2780685425, -120.399909973, 32.9056663513, -42.3708229065, 27.5163021088, -20.9405326843, 25.2786903381, -22.6205501556, 18.7193565369, -8.75512218475, 3.16170692444, -2.5411939621],
        "cov": [[23324.9882812, 333.77432251, -1353.13635254, 639.400817871, -957.505065918, 496.398345947, -490.367218018, 303.433990479, -461.391723633, 332.657348633, -418.395050049, 55.0469703674, -398.023986816], [333.77432251, 1471.55957031, 153.119903564, 77.9541549683, 450.271453857, -45.9197540283, 160.347015381, -47.8586959839, 37.3367652893, -106.535049438, 49.8556976318, -139.625, 57.100402832], [-1353.13635254, 153.119903564, 1140.1328125, 436.861877441, 243.047821045, 115.790740967, -5.90062618256, -83.6704406738, 45.4811592102, -139.399917603, -52.5201568604, -21.6398658752, -93.9573287964], [639.400817871, 77.9541549683, 436.861877441, 648.252624512, 101.451164246, 145.433624268, -3.54521894455, -58.2956237793, 44.8250465393, -148.633422852, -77.1904220581, -8.46474456787, -71.694732666], [-957.505065918, 450.271453857, 243.047821045, 101.451164246, 458.928192139, 57.5842895508, 146.803237915, 4.98451900482, 16.8022232056, -40.5178985596, 15.6495361328, -68.8836898804, 25.9380283356], [496.398345947, -45.9197540283, 115.790740967, 145.433624268, 57.5842895508, 272.959442139, 97.1886367798, -1.55637609959, 10.7696275711, 10.5916109085, -19.4866371155, -12.6651277542, -28.8578987122], [-490.367218018, 160.347015381, -5.90062618256, -3.54521894455, 146.803237915, 97.1886367798, 237.385955811, 64.2513580322, 25.9690322876, 24.6526908875, 37.7390632629, -38.494808197, 29.1269283295], [303.433990479, -47.8586959839, -83.6704406738, -58.2956237793, 4.98451900482, -1.55637609959, 64.2513580322, 195.659515381, 26.9739208221, 67.4100723267, 36.5425949097, 13.7305765152, 37.2227134705], [-461.391723633, 37.3367652893, 45.4811592102, 44.8250465393, 16.8022232056, 10.7696275711, 25.9690322876, 26.9739208221, 185.227279663, 15.2571496964, 27.4137115479, 45.5973968506, -22.5775814056], [332.657348633, -106.535049438, -139.399917603, -148.633422852, -40.5178985596, 10.5916109085, 24.6526908875, 67.4100723267, 15.2571496964, 191.710586548, 75.7970046997, 33.1829528809, 33.4854927063], [-418.395050049, 49.8556976318, -52.5201568604, -77.1904220581, 15.6495361328, -19.4866371155, 37.7390632629, 36.5425949097, 27.4137115479, 75.7970046997, 147.354400635, 56.4872550964, 48.526512146], [55.0469703674, -139.625, -21.6398658752, -8.46474456787, -68.8836898804, -12.6651277542, -38.494808197, 13.7305765152, 45.5973968506, 33.1829528809, 56.4872550964, 153.102432251, 24.8826389313], [-398.023986816, 57.100402832, -93.9573287964, -71.694732666, 25.9380283356, -28.8578987122, 29.1269283295, 37.2227134705, -22.5775814056, 33.4854927063, 48.526512146, 24.8826389313, 145.028793335]],
        "icov": [[0.000162414085935, -0.000398883857997, 0.000277804356301, -0.000369895948097, 0.000364125939086, -0.000432702334365, 0.000444547535153, -0.000566251866985, 0.000683496822603, -0.000675305898767, 0.000636061129626, -0.000508900091518, 0.000641544582322], [-0.000398883857997, 0.00217356719077, -0.000585781526752, 0.000829248747323, -0.00183577509597, 0.0014795208117, -0.00128123606555, 0.00180104980245, -0.00211377022788, 0.0022241724655, -0.00233365036547, 0.00222621043213, -0.00194598082453], [0.000277804356301, -0.000585781526752, 0.00186932040378, -0.0012959575979, -0.000178752248758, -0.000920267659239, 0.00119480979629, -0.000809154123999, 0.00105775578413, -0.000841957342345, 0.000822895031888, -0.000924937194213, 0.00162242969964], [-0.000369895948097, 0.000829248747323, -0.0012959575979, 0.00361434766091, -0.000910973642021, -0.000410923443269, -0.000497460190672, 0.00107642670628, -0.00207711104304, 0.00317639135756, -0.00111802911852, 0.000795823405497, -0.00130889716092], [0.000364125939086, -0.00183577509597, -0.000178752248758, -0.000910973642021, 0.0050718090497, -0.00104852055665, -0.000807072909083, -0.00129901233595, 0.00159056845587, -0.0015198320616, 0.00141803047154, -0.000562382803764, 0.000756275781896], [-0.000432702334365, 0.0014795208117, -0.000920267659239, -0.000410923443269, -0.00104852055665, 0.00704305013642, -0.00431838771328, 0.00241711107083, -0.00137372571044, -4.97373048347e-06, -0.000506276322994, 0.000908979040105, -0.00093277200358], [0.000444547535153, -0.00128123606555, 0.00119480979629, -0.000497460190672, -0.000807072909083, -0.00431838771328, 0.00933978240937, -0.00363115640357, 0.000808331882581, -0.00109592697117, -0.000288813520456, 0.000716222857591, 0.000946526357438], [-0.000566251866985, 0.00180104980245, -0.000809154123999, 0.00107642670628, -0.00129901233595, 0.00241711107083, -0.00363115640357, 0.00879998039454, -0.00323571939953, 0.000507681455929, -0.00200129672885, 0.00183909130283, -0.00333811412565], [0.000683496822603, -0.00211377022788, 0.00105775578413, -0.00207711104304, 0.00159056845587, -0.00137372571044, 0.000808331882581, -0.00323571939953, 0.00977994315326, -0.00350230117328, 0.00245642056689, -0.00488737830892, 0.00482458202168], [-0.000675305898767, 0.0022241724655, -0.000841957342345, 0.00317639135756, -0.0015198320616, -4.97373048347e-06, -0.00109592697117, 0.000507681455929, -0.00350230117328, 0.0120523804799, -0.00659720366821, 0.00266213295981, -0.00292093725875], [0.000636061129626, -0.00233365036547, 0.000822895031888, -0.00111802911852, 0.00141803047154, -0.000506276322994, -0.000288813520456, -0.00200129672885, 0.00245642056689, -0.00659720366821, 0.0145044950768, -0.00641766982153, 0.00101567280944], [-0.000508900091518, 0.00222621043213, -0.000924937194213, 0.000795823405497, -0.000562382803764, 0.000908979040105, 0.000716222857591, 0.00183909130283, -0.00488737830892, 0.00266213295981, -0.00641766982153, 0.0124198729172, -0.00417240848765], [0.000641544582322, -0.00194598082453, 0.00162242969964, -0.00130889716092, 0.000756275781896, -0.00093277200358, 0.000946526357438, -0.00333811412565, 0.00482458202168, -0.00292093725875, 0.00101567280944, -0.00417240848765, 0.0119733782485]]
    },
    "melbands": {
        "mean": [0.00537603953853, 0.00342099252157, 0.000718603027053, 0.000440948555479, 0.000184344986337, 0.000176548302989, 0.000184468124644, 0.000157652248163, 0.0001308015635, 0.000125026752357, 0.000202892682864, 0.000189151105587, 0.000121029748698, 7.64172436902e-05, 9.64140126598e-05, 9.3745351478e-05, 7.38993549021e-05, 6.27690460533e-05, 5.16116560902e-05, 3.12395131914e-05, 2.44738384936e-05, 2.41748493863e-05, 1.47545515574e-05, 1.51705908138e-05, 1.34345227707e-05, 1.59129594977e-05, 2.45701921813e-05, 1.60309773491e-05, 1.24421176224e-05, 7.96926178737e-06, 5.58148622076e-06, 4.52691529063e-06, 3.19247988045e-06, 3.12480960929e-06, 2.55607073996e-06, 1.93821438188e-06, 1.85307305856e-06, 1.65071912761e-06, 1.60873730692e-06, 1.44150033066e-06],
        "stdev": [0.00463165948167, 0.0041477996856, 0.00142222724389, 0.00149348808918, 0.000414521171479, 0.000313421769533, 0.000252787780482, 0.000302584987367, 0.000290261261398, 0.000215674110223, 0.000385256862501, 0.000322033622069, 0.000221832713578, 0.000148675666424, 0.000223301947699, 0.000214577667066, 0.000126050465042, 0.000124171201605, 0.000131860899273, 5.65934205952e-05, 4.37364251411e-05, 3.68101973436e-05, 2.47364441748e-05, 2.71693297691e-05, 1.71992141986e-05, 2.3083837732e-05, 4.23973469879e-05, 2.44323855441e-05, 1.859166332e-05, 1.28524461616e-05, 9.96922790364e-06, 8.47650790092e-06, 6.15585577179e-06, 5.94122911934e-06, 4.7223797992e-06, 4.02894465878e-06, 4.44070064987e-06, 5.37691812497e-06, 5.67045753996e-06, 7.75707667344e-06]
    },
    "melbands128": {
        "mean": [0.000725443067495, 0.00433840788901, 0.00799866672605, 0.00622947700322, 0.00281855021603, 0.00123038084712, 0.000743264448829, 0.00058831035858, 0.000609598995652, 0.000472139479825, 0.000359212572221, 0.000202947034268, 0.000163113334565, 0.000145058787894, 0.000146245511132, 0.000212416882277, 0.000233460232266, 0.000154926223331, 0.00015890384384, 0.000174510409124, 0.00013111406588, 0.000154014429427, 0.000123177029309, 0.000146325561218, 5.62393834116e-05, 0.00014999639825, 0.000206616226933, 0.000139399911859, 0.000326527137076, 0.000128889005282, 0.000188978316146, 0.000201303497306, 0.000113390342449, 5.56414997845e-05, 9.75994189503e-05, 6.19222628302e-05, 6.98320218362e-05, 0.000155227375217, 5.52166638954e-05, 6.30929134786e-05, 0.000107882144221, 0.000132527187816, 5.55263177375e-05, 4.0466835344e-05, 0.000116898052511, 4.58926842839e-05, 3.20161125273e-05, 7.71145860199e-05, 4.3844411266e-05, 3.23908207065e-05, 3.27937414113e-05, 2.39569599216e-05, 3.21519764839e-05, 2.05121541512e-05, 1.64770717674e-05, 3.37970122928e-05, 2.06321237783e-05, 1.24287444123e-05, 1.47033924804e-05, 1.39342664625e-05, 1.8987502699e-05, 1.21748125821e-05, 9.85020869848e-06, 1.28805650093e-05, 2.11566330108e-05, 1.39667172334e-05, 1.01472060123e-05, 3.14070712193e-05, 2.76423816103e-05, 1.63339136634e-05, 1.64491902979e-05, 1.66163372342e-05, 1.22196497614e-05, 1.19640917546e-05, 1.21184293675e-05, 8.45763588586e-06, 6.5007889134e-06, 4.87572333441e-06, 6.00107478022e-06, 5.34340597369e-06, 5.43748546988e-06, 3.74870387532e-06, 3.37549158758e-06, 2.76239711638e-06, 3.46847582477e-06, 3.60353556061e-06, 2.81693019133e-06, 2.54360838881e-06, 2.68800613412e-06, 2.58873637904e-06, 1.82740768651e-06, 1.91064759747e-06, 1.76591640866e-06, 1.84714565421e-06, 2.02273918148e-06, 1.51722656483e-06, 1.56712019361e-06, 1.78940479145e-06, 1.58034947617e-06, 1.62662115599e-06, 1.40513213864e-06, 1.42841508932e-06, 1.42059138852e-06, 1.42896010402e-06, 1.35750360641e-06, 1.0457569033e-06, 9.58294435804e-07, 9.50032983837e-07, 8.42654173994e-07, 6.95276696661e-07, 5.50176650904e-07, 3.86238014016e-07, 2.80969686628e-07, 1.9790628869e-07, 1.53979485162e-07, 1.13247168088e-07, 7.41432160112e-08, 7.33735827652e-09, 5.86134482963e-12, 5.55226524479e-12, 5.40165655261e-12, 5.27352293778e-12, 5.15358112088e-12, 5.06065328532e-12, 4.98035683874e-12, 4.92285465864e-12, 4.88015444028e-12, 4.84745099963e-12],
        "stdev": [0.00082517392002, 0.00393466604874, 0.00814282801002, 0.00741542130709, 0.00465029990301, 0.00189981574658, 0.00141284067649, 0.00153313227929, 0.0022440594621, 0.00193205149844, 0.00118761241902, 0.000541113957297, 0.000435378897237, 0.000491618586238, 0.000339160498697, 0.000495156855322, 0.000401276687626, 0.000286566384602, 0.0003140187182, 0.00037572227302, 0.000427586608566, 0.000526074145455, 0.000313859229209, 0.000428865663707, 0.000133037639898, 0.000329479575157, 0.000519569090102, 0.000350761692971, 0.00085920089623, 0.000350047979737, 0.000473944644909, 0.000447274127509, 0.000308552727802, 0.000207417280762, 0.000290394440526, 0.000150674270117, 0.000189644895727, 0.000421161355916, 0.00021288228163, 0.00025000621099, 0.000337550794939, 0.000335248623742, 0.000142916003824, 8.69049399626e-05, 0.000323064712575, 0.000100833589386, 8.3766404714e-05, 0.000269780604867, 0.000119956312119, 9.03089603526e-05, 7.55805813242e-05, 6.06091889495e-05, 7.46099758544e-05, 4.36882946815e-05, 3.92321308027e-05, 5.84867193538e-05, 3.54766852979e-05, 2.88958781312e-05, 3.21565385093e-05, 3.76329226128e-05, 4.4052980229e-05, 2.18082223e-05, 1.70940274984e-05, 2.12078575714e-05, 3.30955299432e-05, 3.40698788932e-05, 2.00153190235e-05, 7.32702683308e-05, 5.81524509471e-05, 3.42991261277e-05, 3.6899211409e-05, 3.14839671773e-05, 2.13191397052e-05, 2.07560333365e-05, 2.27573254961e-05, 1.48584322233e-05, 1.16410037663e-05, 9.22559320315e-06, 1.18472871691e-05, 1.03914471765e-05, 1.12355364763e-05, 7.60923103371e-06, 6.6713414526e-06, 5.93199183641e-06, 7.58358282837e-06, 7.56205463404e-06, 5.66852486372e-06, 4.85418604512e-06, 5.14998828294e-06, 5.56291797693e-06, 4.13563384427e-06, 4.30051431977e-06, 3.78215099772e-06, 4.88840942126e-06, 5.4737120081e-06, 5.01917338624e-06, 5.82741540711e-06, 8.32745627122e-06, 6.18961075816e-06, 5.50985123482e-06, 6.10130518908e-06, 1.01694558907e-05, 9.33004866965e-06, 1.03513721115e-05, 9.29030011321e-06, 6.19212323727e-06, 5.66606649954e-06, 6.10343386143e-06, 5.47395302419e-06, 4.71362181997e-06, 3.98017527914e-06, 2.05296805689e-06, 1.10727114588e-06, 6.30348381492e-07, 6.28104317002e-07, 5.91412970152e-07, 3.631739105e-07, 3.41372050627e-08, 9.07674282957e-12, 8.63968532133e-12, 8.40852300982e-12, 8.20904021842e-12, 8.0354256235e-12, 7.89090320863e-12, 7.76922536722e-12, 7.674496455e-12, 7.60501037145e-12, 7.56191897294e-12]
    },
    "mfcc": {
        "mean": [-647.658996582, 108.598640442, -11.7130584717, 19.7142162323, 5.84189224243, 9.56511974335, 20.8355960846, 4.20164728165, 10.5331363678, 12.4844274521, 3.48454141617, 5.40573883057, 5.80423927307],
        "cov": [[10559.1220703, -99.5766372681, 84.9340362549, 150.717025757, -243.212615967, 167.265838623, -95.8056945801, 1.11793923378, -20.3938388824, 82.2742843628, -9.34883308411, 19.3394145966, 62.9224395752], [-99.5766372681, 1579.27038574, -179.721374512, 145.547729492, 212.303695679, 12.8304462433, 250.191848755, -31.1521720886, 88.3487014771, 45.5984649658, 37.1898574829, 17.064163208, -3.13605260849], [84.9340362549, -179.721374512, 839.832397461, 287.952941895, 223.502243042, 217.453445435, -64.5783615112, 141.647476196, -30.2684650421, -44.6814002991, 13.5669841766, -24.3933906555, -65.28540802], [150.717025757, 145.547729492, 287.952941895, 434.361999512, 230.7890625, 118.230819702, 27.7590026855, 116.29221344, 34.1847076416, -27.9816417694, -9.50695133209, -16.0554466248, -55.1628494263], [-243.212615967, 212.303695679, 223.502243042, 230.7890625, 309.346191406, 125.169113159, 47.3241920471, 79.0014572144, 27.2303466797, -17.3123817444, 3.19052863121, -11.5022859573, -31.8241767883], [167.265838623, 12.8304462433, 217.453445435, 118.230819702, 125.169113159, 335.298065186, 44.3887367249, 99.0735321045, 9.59440231323, 20.5036869049, 15.9537992477, -19.381187439, -17.8487930298], [-95.8056945801, 250.191848755, -64.5783615112, 27.7590026855, 47.3241920471, 44.3887367249, 325.048614502, -10.294043541, 71.8232192993, 62.9874267578, -11.582277298, -8.09458827972, -4.89926147461], [1.11793923378, -31.1521720886, 141.647476196, 116.29221344, 79.0014572144, 99.0735321045, -10.294043541, 201.577682495, 33.489730835, -1.3068665266, 30.6322803497, 7.0308008194, -15.2759447098], [-20.3938388824, 88.3487014771, -30.2684650421, 34.1847076416, 27.2303466797, 9.59440231323, 71.8232192993, 33.489730835, 141.048690796, 52.5035324097, 3.83989882469, 7.35080528259, 2.30546331406], [82.2742843628, 45.5984649658, -44.6814002991, -27.9816417694, -17.3123817444, 20.5036869049, 62.9874267578, -1.3068665266, 52.5035324097, 119.689300537, 36.1691055298, 15.8554506302, 15.9307451248], [-9.34883308411, 37.1898574829, 13.5669841766, -9.50695133209, 3.19052863121, 15.9537992477, -11.582277298, 30.6322803497, 3.83989882469, 36.1691055298, 113.024520874, 56.5127029419, 32.648223877], [19.3394145966, 17.064163208, -24.3933906555, -16.0554466248, -11.5022859573, -19.381187439, -8.09458827972, 7.0308008194, 7.35080528259, 15.8554506302, 56.5127029419, 97.2772521973, 46.8302612305], [62.9224395752, -3.13605260849, -65.28540802, -55.1628494263, -31.8241767883, -17.8487930298, -4.89926147461, -15.2759447098, 2.30546331406, 15.9307451248, 32.648223877, 46.8302612305, 105.752616882]],
        "icov": [[0.000104915263364, -1.76256398845e-05, -1.30790704134e-05, -0.000138857052661, 0.000210711514228, -9.21390383155e-05, 5.12821316079e-05, 2.78718125628e-05, 2.96043199342e-05, -0.000105207342131, 7.91211641626e-05, -2.39313976635e-05, -8.78175051184e-05], [-1.76256398845e-05, 0.000897274760064, 0.0003613626468, -0.000193999512703, -0.000750061823055, 8.58955172589e-05, -0.000507017131895, 0.000347428373061, -0.000163444841746, 0.00013449821563, -0.000584814697504, 3.73862603738e-05, 0.000121755125292], [-1.30790704134e-05, 0.0003613626468, 0.00208270456642, -0.000767976278439, -0.000849535979796, -0.000701211160049, 0.000263018388068, -0.000231068130233, 0.000469197693747, 0.000183697557077, -0.000506257172674, 7.63726784498e-05, 0.000593021919485], [-0.000138857052661, -0.000193999512703, -0.000767976278439, 0.00480717886239, -0.00257271691225, 0.000199502741452, -9.95700975182e-05, -0.00124473415781, -0.000647394976113, 0.000639406149276, 0.000664891267661, -0.00050088664284, 0.00111967267003], [0.000210711514228, -0.000750061823055, -0.000849535979796, -0.00257271691225, 0.00708722742274, -0.00123148690909, -0.000235655272263, -0.000138472605613, -0.000506825163029, 0.000853182689752, -0.000103713100543, 0.000118842326629, -0.000258143554674], [-9.21390383155e-05, 8.58955172589e-05, -0.000701211160049, 0.000199502741452, -0.00123148690909, 0.00452238647267, -0.00067013700027, -0.00153533171397, 0.000745218305383, -0.00113211863209, -0.000330461771227, 0.00118337699678, -0.000399298936827], [5.12821316079e-05, -0.000507017131895, 0.000263018388068, -9.95700975182e-05, -0.000235655272263, -0.00067013700027, 0.00433475337923, 0.000453576969448, -0.00117674341891, -0.0018064819742, 0.00116620503832, -5.11303805979e-05, 0.000107596053567], [2.78718125628e-05, 0.000347428373061, -0.000231068130233, -0.00124473415781, -0.000138472605613, -0.00153533171397, 0.000453576969448, 0.00752501282841, -0.00222998228855, 0.00118788937107, -0.00240473938175, -0.000108463922516, 0.000669086526614], [2.96043199342e-05, -0.000163444841746, 0.000469197693747, -0.000647394976113, -0.000506825163029, 0.000745218305383, -0.00117674341891, -0.00222998228855, 0.0102996975183, -0.00449522491544, 0.00192837649956, -0.000868907314725, -0.00023180746939], [-0.000105207342131, 0.00013449821563, 0.000183697557077, 0.000639406149276, 0.000853182689752, -0.00113211863209, -0.0018064819742, 0.00118788937107, -0.00449522491544, 0.0132180675864, -0.0048647117801, 0.000847323099151, -9.94748770609e-05], [7.91211641626e-05, -0.000584814697504, -0.000506257172674, 0.000664891267661, -0.000103713100543, -0.000330461771227, 0.00116620503832, -0.00240473938175, 0.00192837649956, -0.0048647117801, 0.015612192452, -0.00759372161701, -0.00117678556126], [-2.39313976635e-05, 3.73862603738e-05, 7.63726784498e-05, -0.00050088664284, 0.000118842326629, 0.00118337699678, -5.11303805979e-05, -0.000108463922516, -0.000868907314725, 0.000847323099151, -0.00759372161701, 0.0174396280199, -0.0054684295319], [-8.78175051184e-05, 0.000121755125292, 0.000593021919485, 0.00111967267003, -0.000258143554674, -0.000399298936827, 0.000107596053567, 0.000669086526614, -0.00023180746939, -9.94748770609e-05, -0.00117678556126, -0.0054684295319, 0.0132235074416]]
    },
    "spectral_contrast_coeffs": {
        "mean": [-0.740938365459, -0.749620556831, -0.735082924366, -0.778195142746, -0.781056702137, -0.780469655991],
        "stdev": [0.0764196440578, 0.0793285742402, 0.0768698900938, 0.057078640908, 0.0494271330535, 0.038845948875]
    },
    "spectral_contrast_valleys": {
        "mean": [-7.29273509979, -7.41440057755, -7.58993911743, -7.7251791954, -7.65317678452, -10.2728347778],
        "stdev": [2.34483766556, 2.26877331734, 2.2200820446, 2.18799185753, 2.21088123322, 2.08842110634]
    }
},
"rhythm": {
    "beats_count": 565,
    "beats_loudness": {
        "mean": 0.0579112023115,
        "stdev": 0.0254371277988
    },
    "bpm": 125.050071716,
    "bpm_histogram_first_peak_bpm": 126,
    "bpm_histogram_first_peak_weight": 0.533928513527,
    "bpm_histogram_second_peak_bpm": 110,
    "bpm_histogram_second_peak_spread": 0.333333313465,
    "bpm_histogram_second_peak_weight": 0.00354609917849,
    "danceability": 1.37221598625,
    "onset_rate": 4.0966591835,
    "beats_loudness_band_ratio": {
        "mean": [0.641421198845, 0.0378895998001, 0.0663244724274, 0.102498658001, 0.0795386061072, 0.0766932144761],
        "stdev": [0.174410969019, 0.0516514517367, 0.0609045103192, 0.0818621441722, 0.055023342371, 0.0704735592008]
    },
    "beats_position": [0.429569154978, 0.893968224525, 1.369977355, 1.8575963974, 2.32199549675, 2.80961441994, 3.29723358154, 3.78485250473, 4.2492518425, 4.73687076569, 5.20126962662, 5.6888885498, 6.17650794983, 6.65251684189, 7.12852573395, 7.61614513397, 8.08054447174, 8.56816291809, 9.04417228699, 9.52018165588, 10.0078001022, 10.4954195023, 10.95981884, 11.4474372864, 11.9350566864, 12.4110651016, 12.8870744705, 13.3746938705, 13.8390922546, 14.3267116547, 14.8143310547, 15.2903394699, 15.7663488388, 16.2539672852, 16.7299766541, 17.2059860229, 17.693605423, 18.181224823, 18.6456241608, 19.1332416534, 19.6208610535, 20.0968704224, 20.5728797913, 21.0488891602, 21.5248966217, 22.0125160217, 22.5001354218, 22.9761447906, 23.4521541595, 23.9397735596, 24.4157810211, 24.89179039, 25.37940979, 25.8554191589, 26.3314285278, 26.8190479279, 27.2950553894, 27.7710647583, 28.2470741272, 28.7230834961, 29.199092865, 29.6634922028, 30.1394996643, 30.6387290955, 31.1147384644, 31.6023578644, 32.0899772644, 32.5775947571, 33.053604126, 33.5296134949, 34.0172348022, 34.4932403564, 34.9692497253, 35.4568710327, 35.9328804016, 36.4088897705, 36.8848991394, 37.3725166321, 37.848526001, 38.3361434937, 38.8005447388, 39.2881622314, 39.7757797241, 40.251789093, 40.7277984619, 41.2154197693, 41.6914291382, 42.1674385071, 42.6550559998, 43.1310653687, 43.6070747375, 44.0946922302, 44.5590934753, 45.046710968, 45.5343284607, 46.0219497681, 46.4863471985, 46.9739685059, 47.4499778748, 47.9259872437, 48.4136047363, 48.8896141052, 49.3656234741, 49.8532409668, 50.3292503357, 50.8168716431, 51.2928771973, 51.7804985046, 52.2448959351, 52.7325172424, 53.2085266113, 53.6845359802, 54.1605415344, 54.6365509033, 55.1241722107, 55.6117897034, 56.0994110107, 56.5754165649, 57.0514259338, 57.5390472412, 58.0034446716, 58.491065979, 58.9786834717, 59.4546928406, 59.9307022095, 60.4183197021, 60.894329071, 61.3703384399, 61.8347396851, 62.3223571777, 62.8099746704, 63.2975959778, 63.7619934082, 64.2496109009, 64.7256240845, 65.2016296387, 65.6892471313, 66.1652603149, 66.6412658691, 67.1288909912, 67.6048965454, 68.0809020996, 68.5685272217, 69.0561447144, 69.5205459595, 70.0081634521, 70.4841690063, 70.9601821899, 71.4477996826, 71.9354171753, 72.3998184204, 72.8874359131, 73.3750534058, 73.8510665894, 74.3270721436, 74.8146896362, 75.2907028198, 75.766708374, 76.2427215576, 76.7187271118, 77.2063446045, 77.6939697266, 78.1699752808, 78.6459884644, 79.133605957, 79.6212234497, 80.0856246948, 80.5732421875, 81.0608596802, 81.5252609253, 82.012878418, 82.5004959106, 82.9648971558, 83.4525146484, 83.928527832, 84.4045333862, 84.8921508789, 85.3797683716, 85.8441696167, 86.3317871094, 86.8194122314, 87.2954177856, 87.7714233398, 88.2590484619, 88.7234420776, 89.2110671997, 89.6986846924, 90.1746902466, 90.6507034302, 91.1383209229, 91.6143264771, 92.0903396606, 92.5663452148, 93.0539703369, 93.5299758911, 94.0175933838, 94.4936065674, 94.9696121216, 95.4572296143, 95.9332427979, 96.4092483521, 96.8968658447, 97.3728790283, 97.8488845825, 98.3365097046, 98.8125152588, 99.288520813, 99.7761459351, 100.252151489, 100.728164673, 101.215782166, 101.69178772, 102.167800903, 102.655418396, 103.13142395, 103.607437134, 104.095054626, 104.582672119, 105.047073364, 105.534690857, 106.010704041, 106.486709595, 106.974327087, 107.450340271, 107.926345825, 108.413963318, 108.878364563, 109.365982056, 109.853607178, 110.329612732, 110.805618286, 111.293243408, 111.769248962, 112.245262146, 112.732879639, 113.208885193, 113.684898376, 114.172515869, 114.648521423, 115.124534607, 115.6121521, 116.099769592, 116.564170837, 117.05178833, 117.539405823, 118.015419006, 118.491424561, 118.979042053, 119.443443298, 119.931060791, 120.395462036, 120.883079529, 121.370697021, 121.858322144, 122.322715759, 122.810340881, 123.297958374, 123.773963928, 124.249977112, 124.725982666, 125.20199585, 125.689613342, 126.177230835, 126.653244019, 127.129249573, 127.616867065, 128.081268311, 128.568893433, 129.056503296, 129.532516479, 130.008529663, 130.496139526, 130.960540771, 131.448165894, 131.924163818, 132.400177002, 132.887802124, 133.375411987, 133.839813232, 134.327438354, 134.803451538, 135.279449463, 135.767074585, 136.254684448, 136.719085693, 137.206710815, 137.682723999, 138.170333862, 138.646347046, 139.133972168, 139.598358154, 140.085983276, 140.573608398, 141.049606323, 141.525619507, 142.013244629, 142.477645874, 142.965255737, 143.441268921, 143.917282104, 144.393280029, 144.869293213, 145.345306396, 145.82131958, 146.308929443, 146.796554565, 147.284164429, 147.771789551, 148.247802734, 148.723800659, 149.211425781, 149.699050903, 150.16343689, 150.651062012, 151.127075195, 151.603088379, 152.090698242, 152.578323364, 153.042724609, 153.530334473, 154.017959595, 154.493972778, 154.969970703, 155.457595825, 155.933609009, 156.409606934, 156.897232056, 157.373245239, 157.849243164, 158.336868286, 158.801269531, 159.288879395, 159.776504517, 160.2525177, 160.728515625, 161.216140747, 161.680541992, 162.168167114, 162.655776978, 163.131790161, 163.607803345, 164.095413208, 164.571426392, 165.047439575, 165.535049438, 166.011062622, 166.487075806, 166.974685669, 167.439086914, 167.926712036, 168.414321899, 168.890335083, 169.366348267, 169.85395813, 170.341583252, 170.817596436, 171.293609619, 171.781219482, 172.245620728, 172.73324585, 173.209243774, 173.685256958, 174.17288208, 174.648880005, 175.124893188, 175.612518311, 176.088516235, 176.564529419, 177.052154541, 177.539764404, 178.004165649, 178.491790771, 178.967803955, 179.455413818, 179.931427002, 180.419036865, 180.88343811, 181.371063232, 181.858688354, 182.334686279, 182.810699463, 183.298324585, 183.77432251, 184.250335693, 184.714736938, 185.202362061, 185.689971924, 186.177597046, 186.641998291, 187.129608154, 187.617233276, 188.09324646, 188.569244385, 189.056869507, 189.521270752, 190.008880615, 190.496505737, 190.972518921, 191.448516846, 191.924530029, 192.400543213, 192.888153076, 193.375778198, 193.851791382, 194.327789307, 194.815414429, 195.279815674, 195.767440796, 196.243438721, 196.719451904, 197.207077026, 197.69468689, 198.170700073, 198.646713257, 199.13432312, 199.610336304, 200.086349487, 200.573959351, 201.049972534, 201.525985718, 202.013595581, 202.489608765, 202.965621948, 203.453231812, 203.917633057, 204.405258179, 204.881271362, 205.357269287, 205.833282471, 206.309295654, 206.785308838, 207.261306763, 207.748931885, 208.236557007, 208.72416687, 209.211791992, 209.687789917, 210.163803101, 210.651428223, 211.139038086, 211.603439331, 212.091064453, 212.567077637, 213.043075562, 213.530700684, 214.018310547, 214.482711792, 214.970336914, 215.457962036, 215.933959961, 216.409973145, 216.897598267, 217.373596191, 217.849609375, 218.337234497, 218.813232422, 219.289245605, 219.776870728, 220.241271973, 220.728881836, 221.216506958, 221.692520142, 222.168518066, 222.656143188, 223.120544434, 223.608154297, 224.095779419, 224.583404541, 225.059402466, 225.535415649, 226.011428833, 226.487426758, 226.97505188, 227.451065063, 227.927078247, 228.41468811, 228.890701294, 229.366714478, 229.854324341, 230.330337524, 230.806350708, 231.293960571, 231.769973755, 232.245986938, 232.733596802, 233.209609985, 233.685623169, 234.173233032, 234.649246216, 235.125259399, 235.601272583, 236.088882446, 236.56489563, 237.052505493, 237.528518677, 238.00453186, 238.492156982, 238.979766846, 239.455780029, 239.931793213, 240.407791138, 240.883804321, 241.371429443, 241.847427368, 242.323440552, 242.811065674, 243.298675537, 243.774688721, 244.250701904, 244.726715088, 245.202713013, 245.690338135, 246.166351318, 246.653961182, 247.129974365, 247.617584229, 248.081985474, 248.569610596, 249.057235718, 249.533233643, 250.009246826, 250.496871948, 250.961257935, 251.448883057, 251.92489624, 252.400909424, 252.888519287, 253.376144409, 253.840545654, 254.328155518, 254.81578064, 255.291793823, 255.767791748, 256.255401611, 256.731414795, 257.207427979, 257.695037842, 258.171051025, 258.647064209, 259.134674072, 259.610687256, 260.086700439, 260.57434082, 261.050323486, 261.52633667, 262.013977051, 262.489959717, 262.9659729, 263.453613281, 263.929595947, 264.405609131, 264.893249512, 265.369232178, 265.845245361, 266.332885742, 266.808898926, 267.284881592, 267.772521973, 268.248535156, 268.724517822, 269.200531006, 269.688171387, 270.233825684, 270.791107178, 271.336761475],
    "bpm_histogram": [0, 0, 0, 0, 0, 0, 0, 0, 0, 0, 0, 0, 0, 0, 0, 0, 0, 0, 0, 0, 0, 0, 0, 0, 0, 0, 0, 0, 0, 0, 0, 0, 0, 0, 0, 0, 0, 0, 0, 0, 0, 0, 0, 0, 0, 0, 0, 0, 0, 0, 0, 0, 0, 0, 0, 0, 0, 0, 0, 0, 0, 0, 0, 0, 0, 0, 0, 0, 0, 0, 0, 0, 0, 0, 0, 0, 0, 0, 0, 0, 0, 0, 0, 0, 0, 0, 0, 0, 0, 0, 0, 0, 0, 0, 0, 0, 0, 0, 0, 0, 0, 0, 0, 0, 0, 0, 0, 0, 0.00177304958925, 0, 0.00354609917849, 0, 0, 0, 0, 0, 0, 0, 0, 0, 0.00177304958925, 0, 0, 0.432624101639, 0, 0, 0.462765961885, 0, 0, 0.0975177288055, 0, 0, 0, 0, 0, 0, 0, 0, 0, 0, 0, 0, 0, 0, 0, 0, 0, 0, 0, 0, 0, 0, 0, 0, 0, 0, 0, 0, 0, 0, 0, 0, 0, 0, 0, 0, 0, 0, 0, 0, 0, 0, 0, 0, 0, 0, 0, 0, 0, 0, 0, 0, 0, 0, 0, 0, 0, 0, 0, 0, 0, 0, 0, 0, 0, 0, 0, 0, 0, 0, 0, 0, 0, 0, 0, 0, 0, 0, 0, 0, 0, 0, 0, 0, 0, 0, 0, 0, 0, 0, 0, 0, 0, 0, 0, 0, 0, 0, 0, 0, 0, 0, 0, 0, 0, 0, 0, 0, 0, 0, 0, 0, 0, 0, 0, 0, 0, 0, 0, 0]
},
"tonal": {
    "chords_changes_rate": 0.0544647425413,
    "chords_number_rate": 0.0015366228763,
    "chords_strength": {
        "mean": 0.51031088829,
        "stdev": 0.14330291748
    },
    "hpcp_crest": {
        "mean": 13.2186155319,
        "stdev": 6.14686441422
    },
    "hpcp_entropy": {
        "mean": 1.99036240578,
        "stdev": 0.752235949039
    },
    "key_edma": {
        "strength": 0.630608618259,
        "key": "B",
        "scale": "major"
    },
    "key_krumhansl": {
        "strength": 0.63963586092,
        "key": "B",
        "scale": "major"
    },
    "key_temperley": {
        "strength": 0.648945510387,
        "key": "B",
        "scale": "major"
    },
    "tuning_diatonic_strength": 0.575347304344,
    "tuning_equal_tempered_deviation": 0.22380463779,
    "tuning_frequency": 434.193115234,
    "tuning_nontempered_energy_ratio": 0.950523555279,
    "hpcp": {
        "mean": [0.0634847059846, 0.0422517471015, 0.0576573871076, 0.132686495781, 0.135819777846, 0.0749371275306, 0.155951604247, 0.212279394269, 0.124748535454, 0.0692336931825, 0.0659719854593, 0.0779743343592, 0.131606027484, 0.134710207582, 0.0747071057558, 0.0528255999088, 0.0537591762841, 0.091934658587, 0.193133160472, 0.181441292167, 0.0803074389696, 0.0662427172065, 0.0747211351991, 0.0678164362907, 0.0810734927654, 0.0815552547574, 0.0663885623217, 0.136555060744, 0.165490731597, 0.0883202776313, 0.0478732436895, 0.0403223000467, 0.0506326369941, 0.155165091157, 0.202619716525, 0.119693465531],
        "stdev": [0.180096447468, 0.143326252699, 0.152864590287, 0.255207121372, 0.235500976443, 0.160467654467, 0.251820266247, 0.341181159019, 0.228795126081, 0.184982389212, 0.183201119304, 0.205898657441, 0.255212903023, 0.242054089904, 0.175456568599, 0.162782728672, 0.160811990499, 0.204308599234, 0.314772486687, 0.2840718925, 0.182688966393, 0.186676755548, 0.223668411374, 0.189132928848, 0.192768111825, 0.188705548644, 0.156418561935, 0.229677066207, 0.272239297628, 0.182297661901, 0.143601059914, 0.129483342171, 0.137994617224, 0.241172611713, 0.305979430676, 0.222448378801]
    },
    "chords_histogram": [24.432302475, 21.8712654114, 5.51476860046, 1.70735871792, 8.05873298645, 0.221956640482, 2.80006837845, 0, 0, 0, 0, 0, 0, 0, 0, 0, 0, 4.13180828094, 0, 0.256103813648, 0.665869891644, 0.495134025812, 1.84394741058, 28.0006828308],
    "thpcp": [1, 0.587661981583, 0.326144188643, 0.310779035091, 0.367319375277, 0.619966089725, 0.634589195251, 0.351928204298, 0.248849406838, 0.253247261047, 0.433083295822, 0.90980643034, 0.85472869873, 0.378310114145, 0.312054395676, 0.351994305849, 0.319467812777, 0.381918817759, 0.384188264608, 0.312741428614, 0.643279850483, 0.779589235783, 0.416056752205, 0.225519970059, 0.189949199557, 0.238518849015, 0.730947494507, 0.954495429993, 0.563848733902, 0.299062013626, 0.199038386345, 0.271610856056, 0.625055909157, 0.639816105366, 0.353011786938, 0.734652578831],
    "chords_key": "G#",
    "chords_scale": "minor"
}
}