{
"metadata": {
    "version": {
        "essentia": "2.1-dev",
        "essentia_git_sha": "v2.1_beta3-415-gd5473f3",
        "extractor": "music 2.0"
    },
    "audio_properties": {
        "analysis": {
            "equal_loudness": 0,
            "length": 249.417144775,
            "sample_rate": 44100,
            "start_time": 0,
            "downmix": "mix"
        },
        "bit_rate": 192000,
        "length": 249.417144775,
        "lossless": 0,
        "number_channels": 2,
        "replay_gain": -7.37656211853,
        "sample_rate": 44100,
        "codec": "mp3",
        "md5_encoded": "101e9ce3adc9bb42e0fab7f234436ab8"
    },
    "tags": {
        "file_name": "los_canos-una_vida_por_delante.mp3",
        "album": ["Los Caños"],
        "artist": ["Los Caños"],
        "genre": ["Other"],
        "title": ["Una vida por delante"]
    }
},
"lowlevel": {
    "average_loudness": 0.943931519985,
    "barkbands_crest": {
        "mean": 9.62262821198,
        "stdev": 3.86196994781
    },
    "barkbands_flatness_db": {
        "mean": 0.155221283436,
        "stdev": 0.0617992058396
    },
    "barkbands_kurtosis": {
        "mean": 6.52862548828,
        "stdev": 12.8358421326
    },
    "barkbands_skewness": {
        "mean": 1.60616338253,
        "stdev": 1.52339422703
    },
    "barkbands_spread": {
        "mean": 18.901473999,
        "stdev": 12.4567804337
    },
    "dissonance": {
        "mean": 0.444004416466,
        "stdev": 0.0410688668489
    },
    "dynamic_complexity": 2.61725687981,
    "erbbands_crest": {
        "mean": 10.8847589493,
        "stdev": 5.05627536774
    },
    "erbbands_flatness_db": {
        "mean": 0.167967677116,
        "stdev": 0.0503914505243
    },
    "erbbands_kurtosis": {
        "mean": 1.62167429924,
        "stdev": 3.54614925385
    },
    "erbbands_skewness": {
        "mean": 0.452377587557,
        "stdev": 0.952786028385
    },
    "erbbands_spread": {
        "mean": 34.538066864,
        "stdev": 22.4127883911
    },
    "hfc": {
        "mean": 24.398191452,
        "stdev": 19.4884586334
    },
    "loudness_ebu128": {
        "integrated": -15.0868196487,
        "loudness_range": 3.14626502991,
        "momentary": {
            "mean": -17.8808631897,
            "stdev": 23.6887283325
        },
        "short_term": {
            "mean": -15.5408096313,
            "stdev": 2.78994750977
        }
    },
    "melbands_crest": {
        "mean": 13.3633241653,
        "stdev": 5.0395359993
    },
    "melbands_flatness_db": {
        "mean": 0.226941362023,
        "stdev": 0.08032310009
    },
    "melbands_kurtosis": {
        "mean": 15.2503185272,
        "stdev": 24.5474472046
    },
    "melbands_skewness": {
        "mean": 2.47366786003,
        "stdev": 1.8476126194
    },
    "melbands_spread": {
        "mean": 21.6735019684,
        "stdev": 18.4884929657
    },
    "pitch_salience": {
        "mean": 0.540287613869,
        "stdev": 0.106381699443
    },
    "silence_rate_20dB": {
        "mean": 1,
        "stdev": 0
    },
    "silence_rate_30dB": {
        "mean": 0.999906897545,
        "stdev": 0.00964742619544
    },
    "silence_rate_60dB": {
        "mean": 0.0373266302049,
        "stdev": 0.189558357
    },
    "spectral_centroid": {
        "mean": 1150.26013184,
        "stdev": 1095.8449707
    },
    "spectral_complexity": {
        "mean": 16.4232521057,
        "stdev": 8.35819721222
    },
    "spectral_decrease": {
        "mean": -8.40057978735e-09,
        "stdev": 4.46022907497e-09
    },
    "spectral_energy": {
        "mean": 0.0339188016951,
        "stdev": 0.018004829064
    },
    "spectral_energyband_high": {
        "mean": 0.000635019678157,
        "stdev": 0.000952413771302
    },
    "spectral_energyband_low": {
        "mean": 0.0118311373517,
        "stdev": 0.0106533681974
    },
    "spectral_energyband_middle_high": {
        "mean": 0.00857983157039,
        "stdev": 0.0104603469372
    },
    "spectral_energyband_middle_low": {
        "mean": 0.0143923563883,
        "stdev": 0.00993126258254
    },
    "spectral_entropy": {
        "mean": 7.24036884308,
        "stdev": 0.604636192322
    },
    "spectral_flux": {
        "mean": 0.0866711437702,
        "stdev": 0.0464762151241
    },
    "spectral_kurtosis": {
        "mean": 6.4527425766,
        "stdev": 7.48548412323
    },
    "spectral_rms": {
        "mean": 0.00547937164083,
        "stdev": 0.00175155908801
    },
    "spectral_rolloff": {
        "mean": 1350.96289062,
        "stdev": 2083.47241211
    },
    "spectral_skewness": {
        "mean": 1.95638716221,
        "stdev": 0.784848868847
    },
    "spectral_spread": {
        "mean": 5055850,
        "stdev": 3822158.75
    },
    "spectral_strongpeak": {
        "mean": 1.56802213192,
        "stdev": 2.28769898415
    },
    "zerocrossingrate": {
        "mean": 0.0566860288382,
        "stdev": 0.0540537424386
    },
    "barkbands": {
        "mean": [0.000135612819577, 0.00516454735771, 0.00513121858239, 0.00241275201552, 0.00386946904473, 0.00276432698593, 0.00181780802086, 0.00158752955031, 0.00166165526025, 0.00104465091135, 0.000900053186342, 0.00146877381485, 0.00130684359465, 0.00120992260054, 0.0012552983826, 0.000539391767234, 0.000384727551136, 0.000325541011989, 0.000173236257979, 0.000228908917052, 9.45207939367e-05, 8.66498376126e-05, 9.32120747166e-05, 0.000115714792628, 0.000102480342321, 4.2763138481e-05, 1.16347973744e-06],
        "stdev": [0.000156468828209, 0.00533587764949, 0.00602561514825, 0.0042946152389, 0.00510531943291, 0.00360148889013, 0.00325448717922, 0.0026574016083, 0.00283276266418, 0.00204686913639, 0.00261081242934, 0.00367907178588, 0.00366766029038, 0.00330223795027, 0.00319553073496, 0.00155762163922, 0.00104428420309, 0.00057151337387, 0.000266751885647, 0.000423608784331, 0.000178664311534, 0.000166134836036, 0.000157457616297, 0.000250778655754, 0.000258358282736, 0.000103802209196, 3.51541120835e-06]
    },
    "erbbands": {
        "mean": [0.128042146564, 1.2805300951, 5.45840120316, 7.52054262161, 9.48767089844, 14.0314378738, 16.3170547485, 24.1336288452, 29.6051616669, 19.4211330414, 43.2278442383, 38.5923881531, 32.6605949402, 36.9176292419, 44.6929092407, 65.7534255981, 64.7565155029, 60.1878318787, 53.4549942017, 70.3745346069, 23.6789093018, 19.0013408661, 19.2957267761, 9.62740516663, 11.3061733246, 10.6753330231, 5.06196928024, 3.4289624691, 3.0637948513, 2.82964706421, 2.67760109901, 2.55872154236, 1.80843091011, 1.19144701958, 0.705199956894, 0.270662456751, 0.0575769580901, 0.00826885644346, 0.000205483054742, 4.75739216199e-05],
        "stdev": [0.136435464025, 1.34608519077, 6.10680198669, 10.8899011612, 13.6726312637, 21.4700737, 23.1508464813, 36.0521583557, 47.0643768311, 32.6239204407, 69.9735794067, 65.360244751, 70.7672729492, 65.9076309204, 108.113487244, 161.639480591, 178.169937134, 162.196380615, 110.553230286, 203.739608765, 52.7124443054, 45.7584953308, 34.5060310364, 13.6693611145, 18.9572963715, 19.1040763855, 8.89118766785, 6.52426481247, 6.1614818573, 5.04720497131, 4.4258055687, 5.28959083557, 4.09953641891, 2.89985752106, 2.01536417007, 0.670105993748, 0.136919096112, 0.0241633988917, 0.000521490524989, 2.93733028229e-05]
    },
    "gfcc": {
        "mean": [-7.14602184296, 104.734649658, -103.041732788, 25.5531768799, -56.5603752136, 19.4098243713, -43.5833435059, 12.0863037109, -25.4789867401, 1.50421786308, -10.9027986526, -5.00880527496, -10.2897624969],
        "cov": [[19564.7792969, -64.3912887573, -2106.03271484, 489.339050293, -688.972045898, 623.262390137, -535.328552246, 422.720916748, -400.778625488, 209.512374878, -322.224304199, -42.8478240967, -360.016326904], [-64.3912887573, 1178.57775879, -76.9221496582, -97.821472168, 146.55847168, 20.4611129761, 128.67237854, -102.462532043, 92.9348678589, -142.056640625, 175.49458313, -123.54234314, 42.7256278992], [-2106.03271484, -76.9221496582, 1158.32629395, 221.00831604, -4.87139987946, -69.8867263794, 81.0023117065, -31.0764751434, 19.0001964569, 71.598815918, -60.973072052, 135.379623413, -23.3755683899], [489.339050293, -97.821472168, 221.00831604, 554.034240723, -24.8048610687, -49.8606300354, 42.1883773804, -0.38910934329, 69.9563827515, 17.4739646912, -66.282661438, 33.9237632751, -6.67919063568], [-688.972045898, 146.55847168, -4.87139987946, -24.8048610687, 338.373687744, 68.2083206177, 44.2842216492, 47.5458755493, 76.524017334, -13.5630016327, 22.864068985, -34.8205070496, 28.0910453796], [623.262390137, 20.4611129761, -69.8867263794, -49.8606300354, 68.2083206177, 303.565002441, 89.1155929565, 14.2820606232, 2.10608577728, 13.3414869308, 21.1799468994, -28.7234802246, -13.0245923996], [-535.328552246, 128.67237854, 81.0023117065, 42.1883773804, 44.2842216492, 89.1155929565, 277.842346191, -41.2383079529, -2.22577190399, 2.16065096855, 54.9813232422, -9.915102005, -52.3403968811], [422.720916748, -102.462532043, -31.0764751434, -0.38910934329, 47.5458755493, 14.2820606232, -41.2383079529, 187.741485596, 28.2085876465, 17.7901325226, -13.7769079208, -3.47332715988, 28.812456131], [-400.778625488, 92.9348678589, 19.0001964569, 69.9563827515, 76.524017334, 2.10608577728, -2.22577190399, 28.2085876465, 179.494094849, -3.16267347336, -9.83901691437, -4.6341547966, 42.5323219299], [209.512374878, -142.056640625, 71.598815918, 17.4739646912, -13.5630016327, 13.3414869308, 2.16065096855, 17.7901325226, -3.16267347336, 133.101989746, -15.0760784149, 35.9731178284, -24.5694065094], [-322.224304199, 175.49458313, -60.973072052, -66.282661438, 22.864068985, 21.1799468994, 54.9813232422, -13.7769079208, -9.83901691437, -15.0760784149, 155.733642578, -8.89453411102, 6.89207220078], [-42.8478240967, -123.54234314, 135.379623413, 33.9237632751, -34.8205070496, -28.7234802246, -9.915102005, -3.47332715988, -4.6341547966, 35.9731178284, -8.89453411102, 130.537368774, 0.34953802824], [-360.016326904, 42.7256278992, -23.3755683899, -6.67919063568, 28.0910453796, -13.0245923996, -52.3403968811, 28.812456131, 42.5323219299, -24.5694065094, 6.89207220078, 0.34953802824, 124.927833557]],
        "icov": [[0.000256460742094, -0.000532565987669, 0.000577796890866, -0.000596080441028, 0.000522052752785, -0.000800988753326, 0.000723714067135, -0.000845008820761, 0.000749118160456, -0.000528928474523, 0.00072465086123, -0.000649347784929, 0.000897425343283], [-0.000532565987669, 0.00259958091192, -0.00133079546504, 0.00142545194831, -0.0013776330743, 0.00183620490134, -0.00183215667494, 0.00251887086779, -0.00236730999313, 0.00209785439074, -0.00284051289782, 0.0024094528053, -0.00207543070428], [0.000577796890866, -0.00133079546504, 0.00243524415419, -0.001644746284, 0.00103590532672, -0.00155913084745, 0.00122129078954, -0.00181567855179, 0.00179217616096, -0.00159926887136, 0.0021418358665, -0.00254530110396, 0.00198718579486], [-0.000596080441028, 0.00142545194831, -0.001644746284, 0.00365537707694, -0.000934026262257, 0.00223139557056, -0.00233102147467, 0.00196988554671, -0.00279370392673, 0.00136552273761, -0.000965972198173, 0.00149057258386, -0.00203707721084], [0.000522052752785, -0.0013776330743, 0.00103590532672, -0.000934026262257, 0.00486671878025, -0.00222163973376, 0.000999149051495, -0.00267187459394, 0.000207564546145, -0.00101801555138, 0.00144440087024, -0.00076755171176, 0.00147996784654], [-0.000800988753326, 0.00183620490134, -0.00155913084745, 0.00223139557056, -0.00222163973376, 0.00654581468552, -0.00371797918342, 0.00238411780447, -0.00233754096553, 0.00107582961209, -0.00219274638221, 0.00261966069229, -0.00291321217082], [0.000723714067135, -0.00183215667494, 0.00122129078954, -0.00233102147467, 0.000999149051495, -0.00371797918342, 0.0074014775455, -0.00168496347032, 0.00216347677633, -0.00145664694719, 0.000337273871992, -0.00170273357071, 0.00465647922829], [-0.000845008820761, 0.00251887086779, -0.00181567855179, 0.00196988554671, -0.00267187459394, 0.00238411780447, -0.00168496347032, 0.00928820017725, -0.00322932726704, 0.00111428205855, -0.00273026991636, 0.00281181605533, -0.00406842678785], [0.000749118160456, -0.00236730999313, 0.00179217616096, -0.00279370392673, 0.000207564546145, -0.00233754096553, 0.00216347677633, -0.00322932726704, 0.00978567171842, -0.00233123614453, 0.00320484139957, -0.00230106175877, 0.000554806319997], [-0.000528928474523, 0.00209785439074, -0.00159926887136, 0.00136552273761, -0.00101801555138, 0.00107582961209, -0.00145664694719, 0.00111428205855, -0.00233123614453, 0.0106934010983, -0.00200965139084, -0.000166861602338, 1.39025105454e-05], [0.00072465086123, -0.00284051289782, 0.0021418358665, -0.000965972198173, 0.00144440087024, -0.00219274638221, 0.000337273871992, -0.00273026991636, 0.00320484139957, -0.00200965139084, 0.0110343927518, -0.00314959906973, 0.00154019973706], [-0.000649347784929, 0.0024094528053, -0.00254530110396, 0.00149057258386, -0.00076755171176, 0.00261966069229, -0.00170273357071, 0.00281181605533, -0.00230106175877, -0.000166861602338, -0.00314959906973, 0.0120553961024, -0.0031174456235], [0.000897425343283, -0.00207543070428, 0.00198718579486, -0.00203707721084, 0.00147996784654, -0.00291321217082, 0.00465647922829, -0.00406842678785, 0.000554806319997, 1.39025105454e-05, 0.00154019973706, -0.0031174456235, 0.0135538438335]]
    },
    "melbands": {
        "mean": [0.00128408544697, 0.00247939233668, 0.00135283125564, 0.000879756640643, 0.000573685683776, 0.00053123512771, 0.000449542887509, 0.000218112472794, 0.000357148732292, 0.000231446785619, 0.000159080533194, 0.000146297898027, 0.000147379992995, 0.000175324399606, 0.000145098485518, 0.000122294848552, 0.000112539091788, 8.30256394693e-05, 9.99420008156e-05, 6.24462772976e-05, 2.31770536629e-05, 1.80629122042e-05, 2.20397214434e-05, 1.60499403137e-05, 6.47968181511e-06, 6.43510884402e-06, 9.79125070444e-06, 6.52165545034e-06, 3.41895793099e-06, 2.35819720729e-06, 1.89278455309e-06, 1.73491832811e-06, 1.63492734373e-06, 1.57339684392e-06, 1.48716173953e-06, 1.60993658938e-06, 1.56445287303e-06, 1.30338207782e-06, 1.15338059459e-06, 8.91391437108e-07],
        "stdev": [0.00132114661392, 0.00253406888805, 0.00182442145888, 0.00127427617554, 0.000754187407438, 0.000763327931054, 0.000728073297068, 0.000329593778588, 0.000555837177671, 0.000402396166464, 0.000354064861313, 0.000276956969174, 0.000403944432037, 0.000434022309491, 0.000373082730221, 0.000299624894978, 0.000334035779815, 0.000207430101, 0.000268571602646, 0.000190892722458, 6.39538629912e-05, 5.14933708473e-05, 5.22485315742e-05, 2.8152097002e-05, 1.00681654658e-05, 1.08757676571e-05, 2.00042268261e-05, 1.23709860418e-05, 6.34082243778e-06, 4.82534733237e-06, 4.12671261074e-06, 3.64836500921e-06, 3.23412814396e-06, 2.95469112643e-06, 2.53986490861e-06, 2.7277535537e-06, 3.71549640477e-06, 3.20663571074e-06, 2.57747092292e-06, 2.45712794822e-06]
    },
    "melbands128": {
        "mean": [0.000124215468531, 0.000901010236703, 0.00170455640182, 0.00214539002627, 0.00284134526737, 0.00234553078189, 0.00157438765746, 0.00108800863381, 0.000856522645336, 0.00102747022174, 0.000887375266757, 0.000552734767552, 0.000564119662158, 0.000530747231096, 0.000528675795067, 0.000604815606494, 0.00035846978426, 0.00056535837939, 0.000330734357703, 0.000154980807565, 0.000126508792164, 0.000402358738938, 0.000417717441451, 0.000226189877139, 0.000302679574816, 0.000150601117639, 0.0002623469627, 0.000131707274704, 9.43069317145e-05, 0.000202143506613, 0.000119055279356, 0.000124548678286, 0.000215296662645, 7.3650633567e-05, 0.000162901342264, 0.000217255292227, 0.0002116014075, 4.71977145935e-05, 0.000223839509999, 0.000148882740177, 5.73703946429e-05, 0.000140096031828, 0.000113007379696, 9.81370394584e-05, 0.000108142776298, 6.59885408822e-05, 7.51010447857e-05, 8.94304030226e-05, 0.000112857116619, 0.000134365953272, 3.78610056941e-05, 1.67895886989e-05, 2.5562430892e-05, 2.40179579123e-05, 2.38346201513e-05, 1.16848541438e-05, 1.63519071066e-05, 3.37535711878e-05, 1.89802613022e-05, 1.11434937935e-05, 2.13870498555e-05, 1.51779959197e-05, 5.86491569265e-06, 4.863176855e-06, 5.55758197152e-06, 4.12606186728e-06, 8.74093348102e-06, 1.08925105451e-05, 1.00026454675e-05, 9.01653129404e-06, 6.04943170401e-06, 5.81950325795e-06, 4.68956477562e-06, 2.88770434054e-06, 1.97217650566e-06, 2.98353279504e-06, 2.10817006518e-06, 1.51740459842e-06, 2.10683538171e-06, 2.02936871574e-06, 1.72423938238e-06, 1.60522597525e-06, 1.66556992554e-06, 1.80254642146e-06, 1.39092560403e-06, 1.60379931913e-06, 1.55960560733e-06, 1.63588777014e-06, 1.39137421229e-06, 1.41763098327e-06, 1.76466551238e-06, 1.54839335664e-06, 1.65084782111e-06, 1.50897699314e-06, 1.6334074644e-06, 1.36276605645e-06, 1.28885506001e-06, 1.11381655188e-06, 1.03155332454e-06, 1.33545324843e-06, 1.09776033241e-06, 7.55236612804e-07, 7.17274303952e-07, 1.13847170269e-06, 9.75149873739e-07, 5.23707910816e-07, 4.94079984037e-07, 5.67997687995e-07, 5.31944237991e-07, 3.63151940519e-07, 2.89807843501e-07, 2.17855571805e-07, 1.56800098239e-07, 1.0765009506e-07, 7.04559823816e-08, 1.10562446309e-07, 6.369872807e-08, 4.29955848702e-09, 5.62973018897e-12, 5.24511727454e-12, 5.10763176545e-12, 4.99481662627e-12, 4.88365207649e-12, 4.79194808833e-12, 4.72359347817e-12, 4.67352935865e-12, 4.63607624512e-12, 4.60351548548e-12],
        "stdev": [0.000144333418575, 0.00104431936052, 0.00204973248765, 0.00251996121369, 0.00330587406643, 0.0028528792318, 0.0025163074024, 0.00194222142454, 0.00148987676948, 0.00195513293147, 0.00165759155061, 0.00101621972863, 0.00105688464828, 0.000895941455383, 0.000918265490327, 0.00125228322577, 0.000773460313212, 0.00122754904442, 0.000796601525508, 0.000477801280795, 0.000288982671918, 0.000722952070646, 0.000895315839443, 0.000482921139337, 0.000757718691602, 0.000379645935027, 0.000769262434915, 0.000488974095788, 0.000239571440034, 0.000483698648168, 0.000320010207361, 0.000383536127629, 0.000734370085411, 0.000379623437766, 0.000641947204713, 0.000630950031336, 0.000772449013311, 0.000188149060705, 0.000926877488382, 0.000493514293339, 0.000281348824501, 0.000545514165424, 0.000483562500449, 0.00047782403999, 0.000421622302383, 0.000256699044257, 0.000240524095716, 0.000372222712031, 0.000479112932226, 0.000555776292458, 0.00016139827494, 8.14474115032e-05, 8.90200026333e-05, 0.000103474980278, 0.0001169830648, 5.30765792064e-05, 6.38693090877e-05, 0.000104427104816, 6.02265172347e-05, 3.83368424082e-05, 4.82358445879e-05, 3.24361863022e-05, 1.56251335284e-05, 9.47095213633e-06, 1.23798090499e-05, 9.38053290156e-06, 2.08928559005e-05, 2.33183509408e-05, 3.44059590134e-05, 2.25739604502e-05, 1.74570741365e-05, 1.26606164486e-05, 1.03901420516e-05, 7.1347390076e-06, 5.21302627021e-06, 7.66523680795e-06, 4.35794390796e-06, 3.99070358981e-06, 6.27074905424e-06, 4.8168030844e-06, 4.00103999709e-06, 3.58440797754e-06, 4.12168901676e-06, 3.99427108277e-06, 2.61815694103e-06, 3.32087597599e-06, 3.32660488311e-06, 3.13020132126e-06, 2.56799194176e-06, 2.71500289273e-06, 3.38258473676e-06, 2.77007097793e-06, 3.69716622117e-06, 4.13536736232e-06, 4.54502651337e-06, 3.65635560229e-06, 3.60178296432e-06, 2.7345640774e-06, 2.50538528235e-06, 3.86987176171e-06, 2.61895411313e-06, 2.81389884549e-06, 2.60737101598e-06, 4.4695939323e-06, 3.50658706338e-06, 1.59010778589e-06, 1.83180634394e-06, 1.63190475178e-06, 1.51752203692e-06, 1.29186162212e-06, 8.62098488597e-07, 5.34568130206e-07, 4.37865139702e-07, 3.09697696821e-07, 2.0198390871e-07, 4.25598585707e-07, 2.38151713461e-07, 1.68811933321e-08, 8.57794391074e-12, 7.5913806491e-12, 7.39468989513e-12, 7.2241314493e-12, 7.07426565244e-12, 6.94782165828e-12, 6.84330890566e-12, 6.75923162927e-12, 6.69863643721e-12, 6.66187938148e-12]
    },
    "mfcc": {
        "mean": [-647.942626953, 133.631759644, 13.1280136108, 12.6179895401, 12.1326885223, 0.478779375553, 3.32244896889, 0.811828792095, -4.87321853638, 5.66279554367, -2.34347271919, 0.295470774174, -1.98881554604],
        "cov": [[8517.75683594, -127.192192078, -899.683044434, -204.941497803, -66.2590560913, 75.2759552002, 65.1632003784, 85.452835083, -13.9386606216, 245.247329712, 15.8417634964, 6.55031585693, -38.0308113098], [-127.192192078, 1195.32531738, -54.8955078125, -170.953353882, 108.696678162, -3.6375067234, 119.950286865, 35.6062164307, -69.5755462646, 32.480758667, 49.8175048828, 1.78834462166, -6.73750591278], [-899.683044434, -54.8955078125, 879.959777832, 301.633209229, -74.5414276123, 113.46446991, -32.013458252, 23.6665782928, 33.7358093262, -93.3847427368, 6.77280712128, 45.0480384827, 49.1703720093], [-204.941497803, -170.953353882, 301.633209229, 541.725036621, -4.41500091553, 37.8191223145, -88.8890991211, 18.5808200836, 55.0138473511, -31.0559825897, -27.7777118683, 44.9097595215, 49.0316963196], [-66.2590560913, 108.696678162, -74.5414276123, -4.41500091553, 338.892852783, -50.9228096008, -33.5857582092, 17.3478317261, 90.480178833, 47.5439109802, -21.0742835999, 2.91547322273, -12.8472900391], [75.2759552002, -3.6375067234, 113.46446991, 37.8191223145, -50.9228096008, 289.771972656, 59.2301139832, 43.8333435059, 4.86035108566, 17.7633686066, 52.8039054871, 2.47818446159, 5.95630455017], [65.1632003784, 119.950286865, -32.013458252, -88.8890991211, -33.5857582092, 59.2301139832, 248.622283936, 45.0710716248, -50.70885849, 28.4652500153, 51.4603309631, 6.95958423615, 8.68221378326], [85.452835083, 35.6062164307, 23.6665782928, 18.5808200836, 17.3478317261, 43.8333435059, 45.0710716248, 130.144210815, 22.8231315613, 14.644818306, 14.198472023, 20.6177539825, 11.9281578064], [-13.9386606216, -69.5755462646, 33.7358093262, 55.0138473511, 90.480178833, 4.86035108566, -50.70885849, 22.8231315613, 173.011550903, 33.3556098938, -12.6897411346, -6.60698461533, 4.46911478043], [245.247329712, 32.480758667, -93.3847427368, -31.0559825897, 47.5439109802, 17.7633686066, 28.4652500153, 14.644818306, 33.3556098938, 143.089630127, 24.5480003357, -11.5876779556, 1.35428595543], [15.8417634964, 49.8175048828, 6.77280712128, -27.7777118683, -21.0742835999, 52.8039054871, 51.4603309631, 14.198472023, -12.6897411346, 24.5480003357, 105.082832336, 21.3762054443, 7.11392831802], [6.55031585693, 1.78834462166, 45.0480384827, 44.9097595215, 2.91547322273, 2.47818446159, 6.95958423615, 20.6177539825, -6.60698461533, -11.5876779556, 21.3762054443, 92.666633606, 26.3950119019], [-38.0308113098, -6.73750591278, 49.1703720093, 49.0316963196, -12.8472900391, 5.95630455017, 8.68221378326, 11.9281578064, 4.46911478043, 1.35428595543, 7.11392831802, 26.3950119019, 79.5035629272]],
        "icov": [[0.00014099033433, 1.47708851728e-05, 0.000153185465024, -1.69798986462e-05, 8.46359689604e-05, -7.27139777155e-05, 2.32482107094e-05, -9.16664284887e-05, 5.57463363293e-06, -0.000186969307833, 7.59232279961e-05, -0.000112812238513, 4.82964751427e-05], [1.47708851728e-05, 0.000994301051833, -9.16882272577e-05, 0.000246571085881, -0.000493635481689, 6.63142127451e-05, -0.000262800807832, -0.000229751953157, 0.000551375735085, -9.30502283154e-05, -0.000303909182549, 0.000105098275526, -6.27076224191e-05], [0.000153185465024, -9.16882272577e-05, 0.00180414214265, -0.000783816794865, 0.000349360052496, -0.000591648044065, 9.85400765785e-06, -6.80380690028e-05, -0.000450705032563, 0.00082865456352, -9.60512261372e-05, -0.000296922458801, -0.000338594691129], [-1.69798986462e-05, 0.000246571085881, -0.000783816794865, 0.00270885997452, -7.40031318855e-05, -0.000246480689384, 0.000729453226086, -0.000253432895988, -0.00025000833557, -0.000130529806484, 0.000674832030199, -0.000837083847728, -0.000974404159933], [8.46359689604e-05, -0.000493635481689, 0.000349360052496, -7.40031318855e-05, 0.00410418491811, 0.000508018769324, 0.0002478568058, -0.000316308694892, -0.00209088600241, -0.000992515357211, 0.000776550848968, -0.000913534662686, 0.000842012639623], [-7.27139777155e-05, 6.63142127451e-05, -0.000591648044065, -0.000246480689384, 0.000508018769324, 0.00446742819622, -0.000644997053314, -0.00104700226802, -0.000271975295618, -0.000371384900063, -0.00187064462807, 0.000813583144918, 0.000382574042305], [2.32482107094e-05, -0.000262800807832, 9.85400765785e-06, 0.000729453226086, 0.0002478568058, -0.000644997053314, 0.00564341712743, -0.00179561285768, 0.00152432825416, -0.000844400841743, -0.00143844319973, 0.000171726569533, -0.000725235673599], [-9.16664284887e-05, -0.000229751953157, -6.80380690028e-05, -0.000253432895988, -0.000316308694892, -0.00104700226802, -0.00179561285768, 0.00945524685085, -0.00159998389427, -0.000101908073702, 0.00036046950845, -0.00186545529868, -0.000381375895813], [5.57463363293e-06, 0.000551375735085, -0.000450705032563, -0.00025000833557, -0.00209088600241, -0.000271975295618, 0.00152432825416, -0.00159998389427, 0.00833472143859, -0.00175571232103, 0.000108115033072, 0.00116334971972, -0.000596101686824], [-0.000186969307833, -9.30502283154e-05, 0.00082865456352, -0.000130529806484, -0.000992515357211, -0.000371384900063, -0.000844400841743, -0.000101908073702, -0.00175571232103, 0.00933620240539, -0.0022624945268, 0.00163933623116, -0.00095652777236], [7.59232279961e-05, -0.000303909182549, -9.60512261372e-05, 0.000674832030199, 0.000776550848968, -0.00187064462807, -0.00143844319973, 0.00036046950845, 0.000108115033072, -0.0022624945268, 0.0128300422803, -0.00347887095995, 6.18351259618e-05], [-0.000112812238513, 0.000105098275526, -0.000296922458801, -0.000837083847728, -0.000913534662686, 0.000813583144918, 0.000171726569533, -0.00186545529868, 0.00116334971972, 0.00163933623116, -0.00347887095995, 0.013897581026, -0.00368861947209], [4.82964751427e-05, -6.27076224191e-05, -0.000338594691129, -0.000974404159933, 0.000842012639623, 0.000382574042305, -0.000725235673599, -0.000381375895813, -0.000596101686824, -0.00095652777236, 6.18351259618e-05, -0.00368861947209, 0.0149188926443]]
    },
    "spectral_contrast_coeffs": {
        "mean": [-0.711620032787, -0.712612330914, -0.713757157326, -0.739210605621, -0.767656743526, -0.799333751202],
        "stdev": [0.0752568244934, 0.0788134410977, 0.0860021561384, 0.0847597196698, 0.0599734820426, 0.0383157804608]
    },
    "spectral_contrast_valleys": {
        "mean": [-6.52602434158, -6.8861489296, -7.89585828781, -8.19066619873, -8.26955699921, -10.3605098724],
        "stdev": [2.18699622154, 2.15464019775, 2.12780308723, 2.09942960739, 2.12292337418, 1.9653069973]
    }
},
"rhythm": {
    "beats_count": 664,
    "beats_loudness": {
        "mean": 0.0390218384564,
        "stdev": 0.0171517916024
    },
    "bpm": 161.557159424,
    "bpm_histogram_first_peak_bpm": 161,
    "bpm_histogram_first_peak_weight": 0.289556920528,
    "bpm_histogram_second_peak_bpm": 152,
    "bpm_histogram_second_peak_spread": 0.0588235259056,
    "bpm_histogram_second_peak_weight": 0.0241327304393,
    "danceability": 1.12628936768,
    "onset_rate": 4.28980207443,
    "beats_loudness_band_ratio": {
        "mean": [0.365592390299, 0.188798576593, 0.168201521039, 0.142939597368, 0.102911256254, 0.0627767518163],
        "stdev": [0.230039179325, 0.155404061079, 0.127056702971, 0.162307739258, 0.119583263993, 0.0732337906957]
    },
    "beats_position": [0.429569154978, 0.824308395386, 1.21904754639, 1.6137868166, 2.00852608681, 2.39165520668, 2.76317453384, 3.14630389214, 3.52943301201, 3.90095233917, 4.27247142792, 4.6439909935, 5.01551008224, 5.38702917099, 5.7701587677, 6.15328788757, 6.52480697632, 6.8963265419, 7.26784563065, 7.63936471939, 8.01088428497, 8.39401340485, 8.77714252472, 9.14866161346, 9.52018165588, 9.89170074463, 10.2632198334, 10.6347389221, 11.017868042, 11.4009971619, 11.7725172043, 12.144036293, 12.5155553818, 12.8870744705, 13.2585935593, 13.6301136017, 14.0016326904, 14.3847618103, 14.7678909302, 15.1394100189, 15.5109291077, 15.8824491501, 16.2539672852, 16.6254863739, 17.0086174011, 17.391746521, 17.7632656097, 18.1463947296, 18.5295238495, 18.9010429382, 19.272562027, 19.6440811157, 20.0156002045, 20.3871192932, 20.758638382, 21.1301574707, 21.5132884979, 21.8964176178, 22.2679367065, 22.6394557953, 23.010974884, 23.3824939728, 23.7656230927, 24.1371421814, 24.5202713013, 24.89179039, 25.2633094788, 25.6348285675, 26.0063495636, 26.3894786835, 26.7726078033, 27.1441268921, 27.5156459808, 27.8871650696, 28.2586841583, 28.6302032471, 29.0017223358, 29.3848514557, 29.7679805756, 30.1394996643, 30.5110206604, 30.8825397491, 31.265668869, 31.6371879578, 32.0203170776, 32.391834259, 32.7633552551, 33.1348762512, 33.5063934326, 33.8779144287, 34.2610435486, 34.6441726685, 35.0156898499, 35.3872108459, 35.7587280273, 36.1302490234, 36.5017662048, 36.8848991394, 37.2680282593, 37.6395454407, 38.0110664368, 38.3825836182, 38.7541046143, 39.1372337341, 39.5087509155, 39.8802719116, 40.2634010315, 40.6349182129, 41.006439209, 41.3779602051, 41.7494773865, 42.1326065063, 42.5157356262, 42.8872566223, 43.2587738037, 43.6302947998, 44.0018119812, 44.3733329773, 44.7564620972, 45.139591217, 45.5111083984, 45.8826293945, 46.2541503906, 46.625667572, 46.9971885681, 47.380317688, 47.7634468079, 48.1349639893, 48.5180931091, 48.8896141052, 49.2727432251, 49.6442604065, 50.0157814026, 50.3873023987, 50.7588195801, 51.1303405762, 51.5250778198, 51.8965988159, 52.2681159973, 52.6396369934, 53.0111541748, 53.3826751709, 53.7541923523, 54.1257133484, 54.4972343445, 54.8803634644, 55.2634925842, 55.6350097656, 56.0065307617, 56.3780479431, 56.7495689392, 57.1326980591, 57.515827179, 57.8873443604, 58.2588653564, 58.6303825378, 59.0019035339, 59.37342453, 59.7449417114, 60.1280708313, 60.5111999512, 60.8827209473, 61.2542381287, 61.6257591248, 61.9972763062, 62.380405426, 62.7635345459, 63.135055542, 63.5065765381, 63.8780937195, 64.2496109009, 64.6327438354, 65.0042648315, 65.3873901367, 65.7589111328, 66.1304321289, 66.5019454956, 66.8734664917, 67.2449874878, 67.6165084839, 67.9996337891, 68.3827667236, 68.7542877197, 69.1258010864, 69.4973220825, 69.8804550171, 70.2635803223, 70.6351013184, 71.0066223145, 71.3781356812, 71.7496566772, 72.1211776733, 72.5043106079, 72.8758239746, 73.2589569092, 73.6304779053, 74.001991272, 74.3735122681, 74.7450332642, 75.1165542603, 75.4996795654, 75.8828125, 76.2543258667, 76.6258468628, 76.9973678589, 77.368888855, 77.7404098511, 78.1235351562, 78.5066680908, 78.8781814575, 79.2497024536, 79.6212234497, 79.9927444458, 80.3642578125, 80.7473907471, 81.1305236816, 81.5020370483, 81.8735580444, 82.2450790405, 82.6166000366, 82.9997253418, 83.3828582764, 83.7543716431, 84.1258926392, 84.4974136353, 84.8689346313, 85.2404556274, 85.6235809326, 86.0067138672, 86.3782272339, 86.74974823, 87.1212692261, 87.4927902222, 87.8643035889, 88.2474365234, 88.6305618286, 89.0020828247, 89.3736038208, 89.7451248169, 90.116645813, 90.4997711182, 90.8712921143, 91.2544174194, 91.6259384155, 91.9974594116, 92.3689804077, 92.7404937744, 93.123626709, 93.5067520142, 93.8782730103, 94.2497940063, 94.6213150024, 94.9928359985, 95.3643493652, 95.7358703613, 96.1073913574, 96.4905166626, 96.8736495972, 97.2451705933, 97.61668396, 97.9882049561, 98.3597259521, 98.7312469482, 99.1027679443, 99.4858932495, 99.8574142456, 100.240539551, 100.612060547, 100.995193481, 101.378318787, 101.749839783, 102.121360779, 102.492874146, 102.864395142, 103.235916138, 103.607437134, 103.97895813, 104.362083435, 104.74521637, 105.116729736, 105.488250732, 105.859771729, 106.242897034, 106.626029968, 106.997550964, 107.36907196, 107.740585327, 108.112106323, 108.483627319, 108.855148315, 109.238273621, 109.621406555, 109.992919922, 110.364440918, 110.735961914, 111.119087219, 111.502220154, 111.87374115, 112.245262146, 112.616775513, 112.988296509, 113.359817505, 113.731338501, 114.114463806, 114.497596741, 114.869110107, 115.240631104, 115.6121521, 115.983673096, 116.366798401, 116.749931335, 117.121452332, 117.492965698, 117.864486694, 118.23600769, 118.607528687, 118.979042053, 119.362174988, 119.745300293, 120.116821289, 120.488342285, 120.859863281, 121.231384277, 121.602897644, 121.97441864, 122.357551575, 122.74067688, 123.112197876, 123.483718872, 123.866844177, 124.249977112, 124.621498108, 124.993011475, 125.364532471, 125.736053467, 126.107574463, 126.47908783, 126.850608826, 127.222129822, 127.605255127, 127.988388062, 128.359909058, 128.731430054, 129.114562988, 129.497680664, 129.86920166, 130.240722656, 130.612243652, 130.983764648, 131.355285645, 131.726806641, 132.109924316, 132.493057251, 132.864578247, 133.236099243, 133.607620239, 133.979141235, 134.350662231, 134.722167969, 135.093688965, 135.476821899, 135.859954834, 136.23147583, 136.602996826, 136.974502563, 137.34602356, 137.729156494, 138.112289429, 138.483810425, 138.855331421, 139.226852417, 139.598358154, 139.96987915, 140.341400146, 140.724533081, 141.107666016, 141.479187012, 141.850692749, 142.222213745, 142.593734741, 142.976867676, 143.348388672, 143.731521606, 144.103042603, 144.47454834, 144.846069336, 145.229202271, 145.612335205, 145.983856201, 146.355377197, 146.726898193, 147.110015869, 147.469924927, 147.841445923, 148.224578857, 148.607711792, 148.979232788, 149.350738525, 149.722259521, 150.105392456, 150.488525391, 150.860046387, 151.231567383, 151.614685059, 151.974594116, 152.346115112, 152.717636108, 153.089157104, 153.460678101, 153.843811035, 154.215332031, 154.598449707, 154.969970703, 155.341491699, 155.713012695, 156.084533691, 156.456054688, 156.839187622, 157.222305298, 157.582214355, 157.96534729, 158.348480225, 158.731613159, 159.103118896, 159.486251831, 159.857772827, 160.229293823, 160.612426758, 160.983947754, 161.35546875, 161.726974487, 162.098495483, 162.470016479, 162.853149414, 163.236282349, 163.607803345, 163.979324341, 164.350830078, 164.722351074, 165.09387207, 165.477005005, 165.848526001, 166.231658936, 166.603164673, 166.974685669, 167.346206665, 167.717727661, 168.089248657, 168.472381592, 168.843902588, 169.227020264, 169.59854126, 169.970062256, 170.341583252, 170.713104248, 171.096237183, 171.479354858, 171.850875854, 172.222396851, 172.593917847, 172.965438843, 173.336959839, 173.720092773, 174.103210449, 174.474731445, 174.846252441, 175.217773438, 175.589294434, 175.972427368, 176.355545044, 176.72706604, 177.098587036, 177.470108032, 177.841629028, 178.224761963, 178.607894897, 178.979400635, 179.350921631, 179.722442627, 180.093963623, 180.465484619, 180.837005615, 181.208526611, 181.580047607, 181.963165283, 182.346298218, 182.717819214, 183.08934021, 183.472473145, 183.843994141, 184.227111816, 184.598632812, 184.970153809, 185.341674805, 185.713195801, 186.084716797, 186.467849731, 186.850967407, 187.222488403, 187.594009399, 187.965530396, 188.337051392, 188.708572388, 189.091690063, 189.474822998, 189.846343994, 190.21786499, 190.589385986, 190.960906982, 191.332427979, 191.703948975, 192.08706665, 192.470199585, 192.841720581, 193.213241577, 193.584762573, 193.956283569, 194.339401245, 194.72253418, 195.094055176, 195.465576172, 195.837097168, 196.208618164, 196.58013916, 196.951644897, 197.334777832, 197.717910767, 198.089431763, 198.460952759, 198.832473755, 199.203994751, 199.575500488, 199.947021484, 200.341766357, 200.713287354, 201.08480835, 201.479537964, 201.85105896, 202.222579956, 202.594100952, 202.965621948, 203.337142944, 203.70866394, 204.080184937, 204.451690674, 204.834823608, 205.217956543, 205.589477539, 205.960998535, 206.332519531, 206.704025269, 207.087158203, 207.470291138, 207.841812134, 208.21333313, 208.584854126, 208.956375122, 209.339492798, 209.711013794, 210.094146729, 210.465667725, 210.837188721, 211.208709717, 211.580215454, 211.95173645, 212.334869385, 212.718002319, 213.089523315, 213.461044312, 213.832565308, 214.215682983, 214.587203979, 214.958724976, 215.34185791, 215.713378906, 216.084899902, 216.45640564, 216.839538574, 217.222671509, 217.594192505, 217.965713501, 218.337234497, 218.708755493, 219.08026123, 219.451782227, 219.823303223, 220.218048096, 220.589569092, 220.961090088, 221.332611084, 221.704116821, 222.087249756, 222.47038269, 222.841903687, 223.213424683, 223.584945679, 223.968063354, 224.351196289, 224.722717285, 225.094238281, 225.465759277, 225.837280273, 226.20880127, 226.580307007, 226.951828003, 227.323348999, 227.694869995, 228.07800293, 228.461135864, 228.832641602, 229.204162598, 229.575683594, 229.958816528, 230.341949463, 230.713470459, 231.084991455, 231.456497192, 231.828018188, 232.211151123, 232.594284058, 232.965805054, 233.33732605, 233.708831787, 234.080352783, 234.451873779, 234.835006714, 235.218139648, 235.589660645, 235.961181641, 236.332687378, 236.704208374, 237.087341309, 237.470474243, 237.841995239, 238.213516235, 238.585037231, 238.956542969, 239.328063965, 239.699584961, 240.082717896, 240.454238892, 240.825759888, 241.208877563, 241.592010498, 241.986755371, 242.381484985, 242.787841797, 243.18258667, 243.577316284, 243.972061157, 244.366790771, 244.761535645, 245.156280518, 245.492965698, 245.841262817, 246.177947998, 246.514648438, 246.851333618, 247.188018799, 247.524719238, 247.884628296, 248.232925415, 248.581222534, 248.941131592],
    "bpm_histogram": [0, 0, 0, 0, 0, 0, 0, 0, 0, 0, 0, 0, 0, 0, 0, 0, 0, 0, 0, 0, 0, 0, 0, 0, 0, 0, 0, 0, 0, 0, 0, 0, 0, 0, 0, 0, 0, 0, 0, 0, 0, 0, 0, 0, 0, 0, 0, 0, 0, 0, 0, 0, 0, 0, 0, 0, 0, 0, 0, 0, 0, 0, 0, 0, 0, 0, 0, 0, 0, 0, 0, 0, 0, 0, 0, 0, 0, 0, 0, 0, 0, 0, 0, 0, 0, 0, 0, 0, 0, 0, 0, 0, 0, 0, 0, 0, 0, 0, 0, 0, 0, 0, 0, 0, 0, 0, 0, 0, 0, 0, 0, 0, 0, 0, 0, 0, 0, 0, 0, 0, 0, 0, 0, 0, 0, 0, 0, 0, 0, 0, 0, 0, 0, 0, 0, 0, 0, 0, 0, 0, 0, 0, 0, 0, 0, 0, 0, 0, 0.00150829565246, 0, 0, 0, 0.0241327304393, 0, 0, 0, 0, 0.276018112898, 0, 0, 0, 0.600301682949, 0.0769230797887, 0, 0, 0, 0, 0.00754147814587, 0, 0, 0, 0, 0.00452488707379, 0, 0, 0, 0, 0, 0.00904977414757, 0, 0, 0, 0, 0, 0, 0, 0, 0, 0, 0, 0, 0, 0, 0, 0, 0, 0, 0, 0, 0, 0, 0, 0, 0, 0, 0, 0, 0, 0, 0, 0, 0, 0, 0, 0, 0, 0, 0, 0, 0, 0, 0, 0, 0, 0, 0, 0, 0, 0, 0, 0, 0, 0, 0, 0, 0, 0, 0, 0, 0, 0, 0, 0, 0, 0, 0, 0, 0, 0, 0]
},
"tonal": {
    "chords_changes_rate": 0.0511913634837,
    "chords_number_rate": 0.00204765447415,
    "chords_strength": {
        "mean": 0.551162302494,
        "stdev": 0.138386070728
    },
    "hpcp_crest": {
        "mean": 13.8203649521,
        "stdev": 6.70323181152
    },
    "hpcp_entropy": {
        "mean": 1.90581095219,
        "stdev": 0.701136112213
    },
    "key_edma": {
        "strength": 0.81479460001,
        "key": "D",
        "scale": "major"
    },
    "key_krumhansl": {
        "strength": 0.825404047966,
        "key": "D",
        "scale": "major"
    },
    "key_temperley": {
        "strength": 0.836260080338,
        "key": "D",
        "scale": "major"
    },
    "tuning_diatonic_strength": 0.713233292103,
    "tuning_equal_tempered_deviation": 0.099313557148,
    "tuning_frequency": 438.984558105,
    "tuning_nontempered_energy_ratio": 0.759495854378,
    "hpcp": {
        "mean": [0.365086883307, 0.264836132526, 0.0958180055022, 0.0860056057572, 0.0732945948839, 0.107780233026, 0.208688154817, 0.173356726766, 0.0645642802119, 0.0359900221229, 0.0340090841055, 0.0646743327379, 0.112805351615, 0.102305568755, 0.13327729702, 0.318005949259, 0.275301814079, 0.075601644814, 0.0355301424861, 0.0334015749395, 0.0921063423157, 0.2190400213, 0.183004140854, 0.0587212070823, 0.0386227406561, 0.0377796888351, 0.100809402764, 0.210042625666, 0.172835990787, 0.12871979177, 0.193576276302, 0.140797659755, 0.070019967854, 0.0880752429366, 0.0996170341969, 0.203833341599],
