{
"metadata": {
    "version": {
        "essentia": "2.1-dev",
        "essentia_git_sha": "v2.1_beta3-415-gd5473f3",
        "extractor": "music 2.0"
    },
    "audio_properties": {
        "analysis": {
            "equal_loudness": 0,
            "length": 193.619598389,
            "sample_rate": 44100,
            "start_time": 0,
            "downmix": "mix"
        },
        "bit_rate": 192000,
        "length": 193.619598389,
        "lossless": 0,
        "number_channels": 2,
        "replay_gain": -8.33947753906,
        "sample_rate": 44100,
        "codec": "mp3",
        "md5_encoded": "1000810d4f026b05f3478500531ff38b"
    },
    "tags": {
        "file_name": "lydia-no_existen_limites.mp3",
        "genre": ["Blues"]
    }
},
"lowlevel": {
    "average_loudness": 0.0629650950432,
    "barkbands_crest": {
        "mean": 12.2258996964,
        "stdev": 4.94894552231
    },
    "barkbands_flatness_db": {
        "mean": 0.193818688393,
        "stdev": 0.0679166093469
    },
    "barkbands_kurtosis": {
        "mean": 6.18080377579,
        "stdev": 9.25684261322
    },
    "barkbands_skewness": {
        "mean": 1.64895153046,
        "stdev": 1.3840534687
    },
    "barkbands_spread": {
        "mean": 17.9068031311,
        "stdev": 17.8697872162
    },
    "dissonance": {
        "mean": 0.434835106134,
        "stdev": 0.0453161410987
    },
    "dynamic_complexity": 6.18736410141,
    "erbbands_crest": {
        "mean": 11.3881368637,
        "stdev": 5.64527177811
    },
    "erbbands_flatness_db": {
        "mean": 0.195434674621,
        "stdev": 0.0796374753118
    },
    "erbbands_kurtosis": {
        "mean": 2.92464256287,
        "stdev": 6.63895368576
    },
    "erbbands_skewness": {
        "mean": 0.942371964455,
        "stdev": 1.07457101345
    },
    "erbbands_spread": {
        "mean": 29.4993000031,
        "stdev": 20.5055770874
    },
    "hfc": {
        "mean": 22.3067359924,
        "stdev": 41.1662826538
    },
    "loudness_ebu128": {
        "integrated": -14.7962007523,
        "loudness_range": 9.84015464783,
        "momentary": {
            "mean": -19.5761394501,
            "stdev": 20.1334915161
        },
        "short_term": {
            "mean": -17.1710834503,
            "stdev": 6.49140644073
        }
    },
    "melbands_crest": {
        "mean": 15.8666067123,
        "stdev": 6.11002254486
    },
    "melbands_flatness_db": {
        "mean": 0.250811010599,
        "stdev": 0.0886698588729
    },
    "melbands_kurtosis": {
        "mean": 12.0397310257,
        "stdev": 18.8171386719
    },
    "melbands_skewness": {
        "mean": 2.21217513084,
        "stdev": 1.62118518353
    },
    "melbands_spread": {
        "mean": 20.0420265198,
        "stdev": 28.66847229
    },
    "pitch_salience": {
        "mean": 0.52483278513,
        "stdev": 0.130740866065
    },
    "silence_rate_20dB": {
        "mean": 1,
        "stdev": 0
    },
    "silence_rate_30dB": {
        "mean": 0.984892070293,
        "stdev": 0.121983006597
    },
    "silence_rate_60dB": {
        "mean": 0.248201444745,
        "stdev": 0.431979268789
    },
    "spectral_centroid": {
        "mean": 1111.6126709,
        "stdev": 1136.61901855
    },
    "spectral_complexity": {
        "mean": 11.4541969299,
        "stdev": 7.24110174179
    },
    "spectral_decrease": {
        "mean": -5.35661648371e-09,
        "stdev": 6.41649977595e-09
    },
    "spectral_energy": {
        "mean": 0.0222403574735,
        "stdev": 0.0259878691286
    },
    "spectral_energyband_high": {
        "mean": 0.00112876237836,
        "stdev": 0.00396152492613
    },
    "spectral_energyband_low": {
        "mean": 0.00638234708458,
        "stdev": 0.012312409468
    },
    "spectral_energyband_middle_high": {
        "mean": 0.00549805350602,
        "stdev": 0.0155875412747
    },
    "spectral_energyband_middle_low": {
        "mean": 0.00948067288846,
        "stdev": 0.0122094554827
    },
    "spectral_entropy": {
        "mean": 7.13789463043,
        "stdev": 0.760672152042
    },
    "spectral_flux": {
        "mean": 0.0576746538281,
        "stdev": 0.0506500005722
    },
    "spectral_kurtosis": {
        "mean": 13.1989383698,
        "stdev": 18.8040447235
    },
    "spectral_rms": {
        "mean": 0.00389624224044,
        "stdev": 0.00255288090557
    },
    "spectral_rolloff": {
        "mean": 1653.77246094,
        "stdev": 2784.38745117
    },
    "spectral_skewness": {
        "mean": 2.52895665169,
        "stdev": 1.4154201746
    },
    "spectral_spread": {
        "mean": 5441830,
        "stdev": 4156732.25
    },
    "spectral_strongpeak": {
        "mean": 1.37926089764,
        "stdev": 2.59306311607
    },
    "zerocrossingrate": {
        "mean": 0.0689552649856,
        "stdev": 0.0735777541995
    },
    "barkbands": {
        "mean": [0.00047511968296, 0.005132609047, 0.000637017365079, 0.000411246379372, 0.00126856134739, 0.0020355572924, 0.00089915090939, 0.000845934846438, 0.00378730730154, 0.00224779406562, 0.00135186652187, 0.000603245047387, 0.000320099061355, 0.000311540352413, 0.000213877472561, 0.000153535598656, 0.000113528702059, 0.000127835563035, 0.00013895626762, 8.2061305875e-05, 6.08817936154e-05, 5.6300941651e-05, 0.000176310277311, 0.000293129181955, 0.000278338120552, 0.000218557557673, 1.81806536492e-09],
        "stdev": [0.00113372306805, 0.0106761856005, 0.00178558379412, 0.00112924922723, 0.00230529834516, 0.00350196612999, 0.00234835175797, 0.00189400755335, 0.00972216390073, 0.0133562656119, 0.00571283372119, 0.00171439058613, 0.000844113645144, 0.000801139976829, 0.000516956788488, 0.000413686648244, 0.000321553408867, 0.000292252458166, 0.000268159928964, 0.000169251958141, 0.000173860215, 0.000333951960783, 0.00105580873787, 0.00158660800662, 0.00112706189975, 0.0010191439651, 1.68397580325e-08]
    },
    "erbbands": {
        "mean": [0.215743795037, 0.873958289623, 0.898640990257, 1.01534903049, 2.28198766708, 4.49369907379, 12.3097248077, 17.1207103729, 12.5256633759, 14.5104589462, 28.442281723, 78.1217498779, 83.81300354, 54.274723053, 54.0987548828, 21.3759746552, 15.6931362152, 13.3632564545, 13.6329174042, 10.2220258713, 9.35220050812, 7.02892446518, 6.82250499725, 8.3312921524, 5.35046863556, 3.70375967026, 3.31989407539, 1.78976166248, 1.82124304771, 2.77019119263, 5.79018831253, 5.25457429886, 5.46905040741, 3.08469343185, 1.89592421055, 1.15209567547, 0.376731187105, 0.0338656678796, 0.000638702767901, 5.87964714214e-05],
        "stdev": [0.446131110191, 1.9656598568, 2.33212304115, 2.65905785561, 4.89644479752, 9.4658613205, 21.7757205963, 32.2723999023, 26.6142501831, 36.4472885132, 58.327960968, 202.581344604, 319.272796631, 229.444061279, 257.953094482, 58.2172203064, 37.5854797363, 35.3296508789, 29.2330169678, 23.5484008789, 26.3680534363, 18.333065033, 16.4500732422, 16.0210208893, 10.2661628723, 7.71578645706, 7.80500030518, 6.95167922974, 10.9498405457, 14.9540910721, 36.0468940735, 31.1977329254, 28.7120838165, 14.0510072708, 7.4776802063, 6.12255334854, 1.53808248043, 0.150966316462, 0.002593918005, 0.000130383923533]
    },
    "gfcc": {
        "mean": [-86.3752593994, 93.136932373, -109.355903625, -11.76130867, -60.7291717529, 7.18139600754, -48.3763580322, 17.4421730042, -32.0650444031, 6.71998882294, -12.5705003738, 1.17981302738, -5.98852682114],
        "cov": [[29964.6503906, -3203.44726562, 25.5886497498, 1391.78356934, -736.617248535, 1160.63354492, -9.5266160965, 1697.87365723, -695.914489746, 743.927307129, -269.568939209, 506.82611084, -120.702888489], [-3203.44726562, 3315.49169922, -464.442047119, -589.075073242, 709.938415527, -394.834259033, 142.613464355, -423.376251221, 341.539428711, -160.574447632, 145.856842041, -181.965881348, 71.9667663574], [25.5886497498, -464.442047119, 1617.44165039, 597.113647461, 402.411621094, 573.087280273, 90.8398208618, 274.345397949, 79.0970687866, 178.009246826, -62.9391174316, 209.195343018, -130.41394043], [1391.78356934, -589.075073242, 597.113647461, 912.315979004, 205.099914551, 346.135986328, 174.45741272, 266.668243408, 79.2632598877, 137.058517456, -12.3733177185, 138.771987915, -47.0900497437], [-736.617248535, 709.938415527, 402.411621094, 205.099914551, 695.223693848, 143.704360962, 240.911727905, 63.1051101685, 204.448776245, 107.479530334, 46.4549179077, 77.0101394653, -22.1232337952], [1160.63354492, -394.834259033, 573.087280273, 346.135986328, 143.704360962, 482.548919678, 157.441482544, 213.280899048, 11.7224979401, 112.811851501, -11.8779602051, 93.7133407593, -37.1680297852], [-9.5266160965, 142.613464355, 90.8398208618, 174.45741272, 240.911727905, 157.441482544, 371.227844238, 120.852325439, 76.7346191406, 70.9325561523, 34.4378204346, 27.899394989, 11.4221401215], [1697.87365723, -423.376251221, 274.345397949, 266.668243408, 63.1051101685, 213.280899048, 120.852325439, 366.221832275, -11.4307136536, 92.8941802979, -0.808990836143, 77.843132019, -1.05727243423], [-695.914489746, 341.539428711, 79.0970687866, 79.2632598877, 204.448776245, 11.7224979401, 76.7346191406, -11.4307136536, 247.766174316, 31.114490509, 22.4357566833, 19.3531074524, -17.5842056274], [743.927307129, -160.574447632, 178.009246826, 137.058517456, 107.479530334, 112.811851501, 70.9325561523, 92.8941802979, 31.114490509, 177.488769531, 22.8309936523, 61.3602676392, -14.2889814377], [-269.568939209, 145.856842041, -62.9391174316, -12.3733177185, 46.4549179077, -11.8779602051, 34.4378204346, -0.808990836143, 22.4357566833, 22.8309936523, 112.92175293, 8.99701786041, 22.8547840118], [506.82611084, -181.965881348, 209.195343018, 138.771987915, 77.0101394653, 93.7133407593, 27.899394989, 77.843132019, 19.3531074524, 61.3602676392, 8.99701786041, 142.344818115, -11.8426160812], [-120.702888489, 71.9667663574, -130.41394043, -47.0900497437, -22.1232337952, -37.1680297852, 11.4221401215, -1.05727243423, -17.5842056274, -14.2889814377, 22.8547840118, -11.8426160812, 104.058410645]],
        "icov": [[7.77747045504e-05, -6.95135822752e-05, 0.000184632852324, -8.64580506459e-05, 8.71384618222e-05, -0.000207225879421, 0.000169193648617, -0.000338017416652, 0.000194924868993, -0.000300741201499, 0.000263229041593, -0.000211822480196, 0.000162784519489], [-6.95135822752e-05, 0.000880254141521, -0.000122295241454, 0.000454053020803, -0.0011022585677, 0.000385449675377, -0.000213206003536, 0.000711491447873, -0.000660233374219, 0.000892656389624, -0.00078603165457, 0.00082434801152, -0.000425782753155], [0.000184632852324, -0.000122295241454, 0.00203641038388, -0.000466623489046, -0.000625669374131, -0.00193580065388, 0.00125991250388, -0.000897715333849, 0.000525677925907, -0.000715187285095, 0.0012314786436, -0.00123187841382, 0.00124784361105], [-8.64580506459e-05, 0.000454053020803, -0.000466623489046, 0.00210539484397, -0.000479405047372, -0.000125432139612, -0.000534362450708, -4.93935585837e-05, -0.000855913385749, 0.000430933694588, -0.000357399519999, -6.403268344e-05, -0.000149177896674], [8.71384618222e-05, -0.0011022585677, -0.000625669374131, -0.000479405047372, 0.00423078751191, 5.4812822782e-05, -0.00128567032516, -0.000527290860191, -0.000707630359102, -0.0016132153105, 0.000387208390748, -0.00132161704823, 0.000340587052051], [-0.000207225879421, 0.000385449675377, -0.00193580065388, -0.000125432139612, 5.4812822782e-05, 0.00562280789018, -0.00205155927688, 0.000109334163426, -0.000169965976966, 0.0002621258609, -0.000874586286955, 0.000735735171475, -0.000460375042167], [0.000169193648617, -0.000213206003536, 0.00125991250388, -0.000534362450708, -0.00128567032516, -0.00205155927688, 0.00508017092943, -0.00162334099878, 0.000132948262035, -0.000944803934544, 0.000241296394961, 0.000102574565972, -4.79341870232e-05], [-0.000338017416652, 0.000711491447873, -0.000897715333849, -4.93935585837e-05, -0.000527290860191, 0.000109334163426, -0.00162334099878, 0.00610939832404, -0.000530169636477, 0.000688469037414, -0.00121655187104, 0.000394452596083, -0.00154734239914], [0.000194924868993, -0.000660233374219, 0.000525677925907, -0.000855913385749, -0.000707630359102, -0.000169965976966, 0.000132948262035, -0.000530169636477, 0.00641291122884, -0.00126548891421, 0.000519059074577, -0.000959468132351, 0.00140978442505], [-0.000300741201499, 0.000892656389624, -0.000715187285095, 0.000430933694588, -0.0016132153105, 0.0002621258609, -0.000944803934544, 0.000688469037414, -0.00126548891421, 0.00965887773782, -0.00287906709127, -0.00046737640514, -0.000114536480396], [0.000263229041593, -0.00078603165457, 0.0012314786436, -0.000357399519999, 0.000387208390748, -0.000874586286955, 0.000241296394961, -0.00121655187104, 0.000519059074577, -0.00287906709127, 0.0116908662021, -0.00208332994953, -0.0011507574236], [-0.000211822480196, 0.00082434801152, -0.00123187841382, -6.403268344e-05, -0.00132161704823, 0.000735735171475, 0.000102574565972, 0.000394452596083, -0.000959468132351, -0.00046737640514, -0.00208332994953, 0.0110878357664, -0.000920988910366], [0.000162784519489, -0.000425782753155, 0.00124784361105, -0.000149177896674, 0.000340587052051, -0.000460375042167, -4.79341870232e-05, -0.00154734239914, 0.00140978442505, -0.000114536480396, -0.0011507574236, -0.000920988910366, 0.0118576101959]]
    },
    "melbands": {
        "mean": [0.00165196799207, 0.000697508919984, 0.000217138367589, 0.000228650358622, 0.000388951826608, 0.000379065517336, 0.000192221166799, 0.000164102282724, 0.000265207170742, 0.000535719445907, 0.000436088070273, 0.000246834213613, 0.000166805970366, 9.86065642792e-05, 3.87477848562e-05, 3.51243834302e-05, 2.33343853324e-05, 2.31721223827e-05, 1.89447473531e-05, 9.44055682339e-06, 1.06395182229e-05, 7.325599654e-06, 5.6170042626e-06, 6.12836765868e-06, 6.97932273397e-06, 4.86478847961e-06, 2.73990826827e-06, 2.40775466409e-06, 2.26618135457e-06, 1.44123691825e-06, 8.95442724413e-07, 9.34984939249e-07, 1.2524928934e-06, 1.58507248216e-06, 3.28541523231e-06, 3.32832519234e-06, 3.25386349687e-06, 3.90104560211e-06, 3.47254854205e-06, 2.27645591622e-06],
        "stdev": [0.00341500202194, 0.00155677192379, 0.000524283153936, 0.000460499984911, 0.000648647022899, 0.000676415220369, 0.000431544496678, 0.000399570068112, 0.000634269264992, 0.00144298234954, 0.00178681709804, 0.00120689161122, 0.000726104073692, 0.000381803954951, 0.000118468495202, 0.000102974881884, 6.72909300192e-05, 5.96648387727e-05, 4.85207128804e-05, 2.36481682805e-05, 3.26938388753e-05, 2.15477939491e-05, 1.59499522852e-05, 1.29609843498e-05, 1.41594018714e-05, 1.01982823253e-05, 5.71948430661e-06, 5.42339557796e-06, 5.30683337274e-06, 4.20833248427e-06, 4.36717164121e-06, 5.81517269893e-06, 8.08119239082e-06, 8.54687277752e-06, 2.12145132537e-05, 2.13998664549e-05, 2.06386921491e-05, 2.14819938265e-05, 1.72306390596e-05, 1.03613892861e-05]
    },
    "melbands128": {
        "mean": [0.000443780387286, 0.00191465928219, 0.00215221755207, 0.00120271544438, 0.000547323084902, 0.00027504391619, 0.000180522125447, 0.000226831049076, 0.000230780860875, 0.00020794874581, 0.000226665710215, 0.000300284998957, 0.000429057981819, 0.000514268875122, 0.000447838829132, 0.000270976539468, 0.000174966975464, 0.000189896585653, 0.000221896523726, 0.000124499812955, 0.000171654624864, 0.000170902654645, 0.000250609708019, 0.000436217786046, 0.000422311044531, 0.000709520594683, 0.000490884121973, 0.000217844019062, 0.000698664051015, 0.000229798213695, 0.000140657124575, 0.000141848708154, 0.000109986467578, 0.000288090493996, 0.000124647165649, 4.90258425998e-05, 2.41083398578e-05, 6.3378669438e-05, 2.24985760724e-05, 2.91039468721e-05, 4.90249913128e-05, 2.64296995738e-05, 2.06443964998e-05, 1.41789469126e-05, 4.56281268271e-05, 1.75726709131e-05, 8.93627111509e-06, 2.96016660286e-05, 1.74550295924e-05, 7.92995888332e-06, 8.67027665663e-06, 8.1443149611e-06, 1.76446519617e-05, 7.41212988942e-06, 5.15004467161e-06, 9.57354677666e-06, 6.75881028656e-06, 4.41995734946e-06, 5.28829650648e-06, 8.02782051323e-06, 4.57411442767e-06, 5.68544601265e-06, 9.35566004046e-06, 5.33128650204e-06, 7.09267442289e-06, 5.49435890207e-06, 3.12601605401e-06, 3.01370823763e-06, 2.91689593723e-06, 1.96954852072e-06, 2.24565656026e-06, 2.95588233712e-06, 2.16118564822e-06, 2.30555133385e-06, 2.12925033338e-06, 1.44609953168e-06, 1.25632334402e-06, 9.26088432607e-07, 8.12469750144e-07, 8.79570052348e-07, 8.97414111023e-07, 9.57335032581e-07, 1.03376885363e-06, 1.35175980631e-06, 1.36235235004e-06, 1.31310707729e-06, 1.56580813382e-06, 2.24751624955e-06, 3.4778920508e-06, 3.87739510188e-06, 4.01177112508e-06, 2.94429401038e-06, 2.62619460045e-06, 3.16776799991e-06, 3.79412063012e-06, 3.56803639079e-06, 4.06729714086e-06, 4.15846125179e-06, 3.53675955012e-06, 3.17545550388e-06, 2.68249527835e-06, 1.91340541278e-06, 2.0619386305e-06, 2.10661073652e-06, 1.92456946024e-06, 2.1375255983e-06, 2.79149185189e-06, 2.00331101041e-06, 1.59713579251e-06, 2.47731099989e-06, 1.65564460985e-06, 1.23361405713e-06, 1.13358237286e-06, 1.04395303424e-06, 8.83659367901e-07, 2.49485850645e-07, 1.33987404505e-10, 4.48736664146e-12, 3.63042733896e-12, 3.43372574298e-12, 3.28981915494e-12, 3.1778091443e-12, 3.08373660808e-12, 3.00585749867e-12, 2.95042354263e-12, 2.90974687921e-12, 2.87825102294e-12, 2.85588393212e-12],
        "stdev": [0.00104157568421, 0.00397019134834, 0.0048548639752, 0.00284008635208, 0.00148946512491, 0.000766597571783, 0.000539312371984, 0.0006219035713, 0.000554528611246, 0.000539217260666, 0.000711169559509, 0.000736782269087, 0.000861545209773, 0.00123011844698, 0.00101851765066, 0.000698341755196, 0.000489384110551, 0.000536102103069, 0.000864139874466, 0.000445080542704, 0.000553778896574, 0.00049537938321, 0.000750942563172, 0.00146204349585, 0.00151823065244, 0.00243536778726, 0.00262293033302, 0.00107753660996, 0.00471412576735, 0.00151511817239, 0.00083225290291, 0.00070879451232, 0.000608432514127, 0.00193602999207, 0.00047723975149, 0.00023339674226, 0.000153761880938, 0.000232294696616, 9.7709329566e-05, 0.000101719575468, 0.000188457328477, 0.000138036280987, 9.99840922304e-05, 5.60272965231e-05, 0.000147420796566, 5.47622366867e-05, 3.71444002667e-05, 9.30539172259e-05, 6.3810221036e-05, 3.15118777507e-05, 3.49723413819e-05, 2.47786738328e-05, 7.61279516155e-05, 2.82529690594e-05, 2.67850755336e-05, 3.72375761799e-05, 2.33647442656e-05, 2.37424610532e-05, 2.38269676629e-05, 2.51882247539e-05, 1.4876937712e-05, 1.87941823242e-05, 2.57155115833e-05, 1.43097131513e-05, 2.08776364161e-05, 1.45244284795e-05, 8.48169747769e-06, 7.65543791204e-06, 7.31937825549e-06, 5.59423961022e-06, 6.64739991407e-06, 8.29996952234e-06, 5.87236399952e-06, 6.39431527816e-06, 6.27401868769e-06, 4.62226716991e-06, 4.89103194923e-06, 3.75546028408e-06, 5.22281379745e-06, 5.49552260054e-06, 5.48341813555e-06, 6.70511690259e-06, 7.32404532755e-06, 1.04246628325e-05, 8.66518621478e-06, 7.77729746915e-06, 9.20719958231e-06, 1.34959409479e-05, 2.64753489319e-05, 2.72696233878e-05, 3.06774090859e-05, 2.00660851988e-05, 1.85940407391e-05, 2.39040873566e-05, 2.63467318291e-05, 1.9775254259e-05, 2.65848066192e-05, 2.45982864726e-05, 1.88729882211e-05, 1.62353535416e-05, 1.46840829984e-05, 9.32864713832e-06, 9.47005537455e-06, 1.00556781035e-05, 8.60094951349e-06, 8.75543719303e-06, 2.31140184042e-05, 1.16311412057e-05, 8.2638598542e-06, 2.85086643999e-05, 1.34895963129e-05, 5.44291970073e-06, 4.18613853981e-06, 4.14296710005e-06, 4.63831293018e-06, 1.74237584361e-06, 1.7159932364e-09, 2.78277557247e-11, 7.44593796342e-12, 6.99851071193e-12, 6.68587581132e-12, 6.44823734339e-12, 6.2609865209e-12, 6.1097524609e-12, 5.99101887891e-12, 5.89905685064e-12, 5.83253063902e-12, 5.79451070459e-12]
    },
    "mfcc": {
        "mean": [-728.40045166, 136.844192505, 2.49495911598, -9.48112106323, 2.43652915955, -16.2072124481, 2.07159376144, -7.42752361298, -5.0837225914, 0.631405830383, -5.1256275177, -2.61399507523, -3.60224628448],
        "cov": [[15822.9101562, -1440.33032227, -12.9948348999, 697.746704102, 431.355010986, -376.275482178, 1003.58520508, 473.697875977, 472.079772949, 583.276733398, 86.1255187988, 186.141647339, 109.315971375], [-1440.33032227, 2530.61938477, -321.941040039, -53.6425247192, 173.162399292, 168.528305054, -81.5581207275, -38.4550933838, 16.3712291718, -15.7617349625, 134.077270508, 27.2813987732, 35.5258102417], [-12.9948348999, -321.941040039, 951.578369141, 163.987167358, 262.79397583, 289.01763916, 87.6147003174, 164.692398071, 85.3229064941, 48.4024505615, 80.0132980347, 47.5684738159, 42.6488304138], [697.746704102, -53.6425247192, 163.987167358, 552.290344238, 261.17855835, 180.820663452, 153.168548584, 193.260925293, 142.462158203, 93.4753723145, 115.173416138, 84.5112838745, 92.6078643799], [431.355010986, 173.162399292, 262.79397583, 261.17855835, 404.581542969, 187.237701416, 93.2885894775, 155.846206665, 108.41230011, 81.6556015015, 98.5997009277, 88.0384979248, 73.2424240112], [-376.275482178, 168.528305054, 289.01763916, 180.820663452, 187.237701416, 421.600494385, 68.0072555542, 129.066986084, 91.4453125, 50.7420883179, 135.307937622, 34.3624267578, 83.002204895], [1003.58520508, -81.5581207275, 87.6147003174, 153.168548584, 93.2885894775, 68.0072555542, 392.292022705, 110.240821838, 110.529533386, 107.261909485, 43.6721229553, 31.9802875519, 33.7245025635], [473.697875977, -38.4550933838, 164.692398071, 193.260925293, 155.846206665, 129.066986084, 110.240821838, 266.716461182, 107.256088257, 82.6354980469, 80.5716018677, 42.4921188354, 54.1158409119], [472.079772949, 16.3712291718, 85.3229064941, 142.462158203, 108.41230011, 91.4453125, 110.529533386, 107.256088257, 187.416061401, 84.5752258301, 67.0144577026, 41.8887825012, 43.3077354431], [583.276733398, -15.7617349625, 48.4024505615, 93.4753723145, 81.6556015015, 50.7420883179, 107.261909485, 82.6354980469, 84.5752258301, 158.822494507, 57.7731246948, 31.0158901215, 25.2890148163], [86.1255187988, 134.077270508, 80.0132980347, 115.173416138, 98.5997009277, 135.307937622, 43.6721229553, 80.5716018677, 67.0144577026, 57.7731246948, 182.524215698, 51.723575592, 52.2225265503], [186.141647339, 27.2813987732, 47.5684738159, 84.5112838745, 88.0384979248, 34.3624267578, 31.9802875519, 42.4921188354, 41.8887825012, 31.0158901215, 51.723575592, 123.121231079, 48.6416435242], [109.315971375, 35.5258102417, 42.6488304138, 92.6078643799, 73.2424240112, 83.002204895, 33.7245025635, 54.1158409119, 43.3077354431, 25.2890148163, 52.2225265503, 48.6416435242, 123.414970398]],
        "icov": [[9.5645635156e-05, 4.72472675028e-05, 3.14785793307e-05, -2.85995247395e-05, -9.7699034086e-05, 0.000184407050256, -0.000158360810019, -3.69794943254e-05, -6.48163841106e-05, -0.00017748150276, -1.97434183065e-05, 1.22469382404e-05, -3.16494406434e-05], [4.72472675028e-05, 0.000546507886611, 0.000371063215425, 0.000243161004619, -0.000553249556106, -0.000216172789806, -1.76134326466e-05, 0.000122145051137, -9.08065485419e-05, 8.45415561344e-05, -0.000355407857569, 5.07414697495e-05, 6.00488747295e-05], [3.14785793307e-05, 0.000371063215425, 0.00175065407529, 0.000344737578416, -0.00103870849125, -0.00100302835926, -0.000102788246295, -0.000351445371052, -2.13758485188e-05, 0.000236422201851, 4.86218268634e-05, -0.000128107203636, 0.000463826901978], [-2.85995247395e-05, 0.000243161004619, 0.000344737578416, 0.00336295133457, -0.00143711385317, -0.000444877659902, -0.000371358095435, -0.000880190869793, -0.000664143532049, 0.000308007525746, -0.000453489978099, -0.000343839172274, -0.000550421013031], [-9.7699034086e-05, -0.000553249556106, -0.00103870849125, -0.00143711385317, 0.00539250019938, -0.000592230237089, 0.000282197608612, -0.000769021455199, -0.00013422036136, -0.000613873940893, 0.000397570780478, -0.0017408428248, -0.000167964171851], [0.000184407050256, -0.000216172789806, -0.00100302835926, -0.000444877659902, -0.000592230237089, 0.00489865755662, -0.000331317831296, -0.00039194416604, -0.000504239345901, 2.56437269854e-05, -0.00202062376775, 0.00139542820398, -0.00162464671303], [-0.000158360810019, -1.76134326466e-05, -0.000102788246295, -0.000371358095435, 0.000282197608612, -0.000331317831296, 0.00374400080182, -0.000330360082444, -0.00088200182654, -0.00125448731706, 0.000424708501669, -1.72551403921e-06, 2.4169063181e-05], [-3.69794943254e-05, 0.000122145051137, -0.000351445371052, -0.000880190869793, -0.000769021455199, -0.00039194416604, -0.000330360082444, 0.00651075411588, -0.00130330305547, -0.000942016311456, -0.000649593013804, 0.000420176045736, -0.000505456584506], [-6.48163841106e-05, -9.08065485419e-05, -2.13758485188e-05, -0.000664143532049, -0.00013422036136, -0.000504239345901, -0.00088200182654, -0.00130330305547, 0.0090903993696, -0.00232398323715, -0.000550067983568, -0.000612934993114, -0.000418808427639], [-0.00017748150276, 8.45415561344e-05, 0.000236422201851, 0.000308007525746, -0.000613873940893, 2.56437269854e-05, -0.00125448731706, -0.000942016311456, -0.00232398323715, 0.0101668704301, -0.00168115540873, -0.000212566184928, 0.000450344668934], [-1.97434183065e-05, -0.000355407857569, 4.86218268634e-05, -0.000453489978099, 0.000397570780478, -0.00202062376775, 0.000424708501669, -0.000649593013804, -0.000550067983568, -0.00168115540873, 0.00901591032743, -0.00209993077442, -0.000714805559255], [1.22469382404e-05, 5.07414697495e-05, -0.000128107203636, -0.000343839172274, -0.0017408428248, 0.00139542820398, -1.72551403921e-06, 0.000420176045736, -0.000612934993114, -0.000212566184928, -0.00209993077442, 0.0114954393357, -0.00319579220377], [-3.16494406434e-05, 6.00488747295e-05, 0.000463826901978, -0.000550421013031, -0.000167964171851, -0.00162464671303, 2.4169063181e-05, -0.000505456584506, -0.000418808427639, 0.000450344668934, -0.000714805559255, -0.00319579220377, 0.0113903041929]]
    },
    "spectral_contrast_coeffs": {
        "mean": [-0.692961215973, -0.720485746861, -0.715357422829, -0.769253790379, -0.779185116291, -0.815870046616],
        "stdev": [0.116048663855, 0.08341229707, 0.0988529622555, 0.0598345696926, 0.0551855154335, 0.0499846041203]
    },
    "spectral_contrast_valleys": {
        "mean": [-7.94400310516, -7.37379264832, -8.23356437683, -8.73570251465, -9.16674232483, -11.3746776581],
        "stdev": [2.33626317978, 2.10057449341, 2.05208849907, 2.03683757782, 2.31015849113, 2.33644914627]
    }
},
"rhythm": {
    "beats_count": 446,
    "beats_loudness": {
        "mean": 0.0293645542115,
        "stdev": 0.0290415734053
    },
    "bpm": 136.718460083,
    "bpm_histogram_first_peak_bpm": 136,
    "bpm_histogram_first_peak_weight": 0.356435656548,
    "bpm_histogram_second_peak_bpm": 185,
    "bpm_histogram_second_peak_spread": 0,
    "bpm_histogram_second_peak_weight": 0.0382022485137,
    "danceability": 0.91017973423,
    "onset_rate": 3.09350991249,
    "beats_loudness_band_ratio": {
        "mean": [0.255363494158, 0.215792685747, 0.29408967495, 0.145631045103, 0.0485249906778, 0.0738505125046],
        "stdev": [0.280546337366, 0.192174121737, 0.240567475557, 0.175547063351, 0.0551264323294, 0.162293121219]
    },
    "beats_position": [0.476009070873, 0.9287981987, 1.369977355, 1.8111563921, 2.2523355484, 2.69351458549, 3.12308382988, 3.55265307426, 3.99383211136, 4.43501138687, 4.87619018555, 5.31736946106, 5.7701587677, 6.19972801208, 6.64090681076, 7.08208608627, 7.52326536179, 7.95283412933, 8.39401340485, 8.84680271149, 9.32281208038, 9.81043052673, 10.2980499268, 10.8204984665, 11.3429479599, 11.8653964996, 12.3530158997, 12.840634346, 13.328253746, 13.8042631149, 14.2802715302, 14.756280899, 15.2206802368, 15.6850786209, 16.1494789124, 16.6138763428, 17.0782756805, 17.5310649872, 17.9722442627, 18.4018135071, 18.8313827515, 19.2609519958, 19.6905212402, 20.1317005157, 20.5844898224, 21.037279129, 21.4900684357, 21.9312477112, 22.3840351105, 22.825214386, 23.2547836304, 23.6959629059, 24.1255321503, 24.5551013947, 24.984670639, 25.4258499146, 25.8554191589, 26.2965984344, 26.73777771, 27.1673469543, 27.6085262299, 28.0497055054, 28.4908847809, 28.932062149, 29.3500213623, 29.7795906067, 30.2091598511, 30.6503391266, 31.0915184021, 31.5210876465, 31.9506568909, 32.3802261353, 32.7401351929, 33.1000442505, 33.4599533081, 33.8314743042, 34.2029914856, 34.5861206055, 34.9576416016, 35.3407707214, 35.6890678406, 36.0373687744, 36.3740577698, 36.6991386414, 37.0126075745, 37.3376846313, 37.6627655029, 37.9994544983, 38.3361434937, 38.6612243652, 38.9979133606, 39.334602356, 39.6829032898, 40.0428123474, 40.4143295288, 40.7858505249, 41.1573677063, 41.6101570129, 42.0281181335, 42.4692955017, 42.9104766846, 43.340045929, 43.7696151733, 44.2107925415, 44.6519737244, 45.0815429688, 45.4995002747, 45.929069519, 46.3702468872, 46.7998161316, 47.2409973145, 47.6937866211, 48.1349639893, 48.5877532959, 49.0405426025, 49.4817237854, 49.9229011536, 50.3756904602, 50.8052597046, 51.2464370728, 51.6876182556, 52.1171875, 52.5467567444, 52.9879341125, 53.4175033569, 53.8470726013, 54.2650337219, 54.6946029663, 55.08934021, 55.4956893921, 55.8904304504, 56.2967796326, 56.668296814, 57.0398178101, 57.4113349915, 57.8060760498, 58.1892051697, 58.5723342896, 58.9438552856, 59.315372467, 59.6985015869, 60.0816307068, 60.4647598267, 60.859500885, 61.3006782532, 61.741859436, 62.1830368042, 62.6474380493, 63.1234474182, 63.6110649109, 64.1335144043, 64.6675720215, 65.1900177002, 65.7008590698, 66.200088501, 66.7109298706, 67.2101593018, 67.720993042, 68.2434463501, 68.7775039673, 69.299949646, 69.8107910156, 70.3332443237, 70.8556900024, 71.4013595581, 71.9470291138, 72.4694747925, 72.9222640991, 73.3750534058, 73.8278427124, 74.280632019, 74.7218093872, 75.1629943848, 75.6041717529, 76.0453491211, 76.4865264893, 76.9277114868, 77.368888855, 77.8100662231, 78.2512435913, 78.6924285889, 79.133605957, 79.5631713867, 80.0043487549, 80.433921814, 80.8750991821, 81.3162765503, 81.7574615479, 82.198638916, 82.6398162842, 83.0809936523, 83.5105667114, 83.9401321411, 84.3813171387, 84.8224945068, 85.263671875, 85.7048492432, 86.1460266113, 86.5755996704, 87.0167770386, 87.4463500977, 87.8875274658, 88.328704834, 88.7698822021, 89.2110671997, 89.6522445679, 90.0818099976, 90.5113830566, 90.9525604248, 91.393737793, 91.8233108521, 92.2644882202, 92.6940536499, 93.1352386475, 93.5764160156, 94.0175933838, 94.458770752, 94.888343811, 95.3179092407, 95.7590942383, 96.2002716064, 96.6414489746, 97.0826263428, 97.5238113403, 97.9649887085, 98.4061660767, 98.8357315063, 99.2653045654, 99.7064819336, 100.147659302, 100.588844299, 101.030021667, 101.471199036, 101.912376404, 102.341949463, 102.771514893, 103.21269989, 103.653877258, 104.095054626, 104.536231995, 104.977409363, 105.406982422, 105.836547852, 106.277732849, 106.718910217, 107.160087585, 107.601264954, 108.042449951, 108.472015381, 108.90158844, 109.342765808, 109.783943176, 110.225120544, 110.666305542, 111.10748291, 111.548660278, 111.989837646, 112.419410706, 112.848976135, 113.290153503, 113.731338501, 114.172515869, 114.602081299, 115.031654358, 115.472831726, 115.914009094, 116.355194092, 116.79637146, 117.237548828, 117.678726196, 118.108299255, 118.549476624, 118.979042053, 119.420227051, 119.861404419, 120.302581787, 120.743759155, 121.184944153, 121.602897644, 122.044082642, 122.48526001, 122.926437378, 123.367614746, 123.808792114, 124.249977112, 124.679542542, 125.109115601, 125.550292969, 125.991470337, 126.432647705, 126.873832703, 127.315010071, 127.7445755, 128.17414856, 128.615325928, 129.056503296, 129.497680664, 129.938858032, 130.3800354, 130.809616089, 131.239181519, 131.680358887, 132.121536255, 132.562713623, 133.003890991, 133.445083618, 133.886260986, 134.315826416, 134.745391846, 135.186569214, 135.627746582, 136.068939209, 136.510116577, 136.951293945, 137.380859375, 137.822036743, 138.251602173, 138.692779541, 139.133972168, 139.575149536, 140.016326904, 140.445892334, 140.875457764, 141.316635132, 141.757827759, 142.199005127, 142.640182495, 143.081359863, 143.510925293, 143.952102661, 144.393280029, 144.822860718, 145.264038086, 145.705215454, 146.146392822, 146.575958252, 147.01713562, 147.446716309, 147.887893677, 148.329071045, 148.770248413, 149.211425781, 149.640991211, 150.082168579, 150.511749268, 150.952926636, 151.394104004, 151.835281372, 152.27645874, 152.717636108, 153.158813477, 153.588394165, 154.017959595, 154.459136963, 154.900314331, 155.341491699, 155.782669067, 156.212234497, 156.641815186, 157.082992554, 157.524169922, 157.96534729, 158.406524658, 158.836090088, 159.265670776, 159.706848145, 160.148025513, 160.589202881, 161.030380249, 161.471557617, 161.912734985, 162.353912354, 162.783493042, 163.22467041, 163.677459717, 164.130249023, 164.571426392, 165.035827637, 165.488616943, 165.953018188, 166.417419434, 166.893417358, 167.369430542, 167.926712036, 168.460769653, 168.994827271, 169.528884888, 170.074554443, 170.620223999, 171.154281616, 171.71156311, 172.268844604, 172.744842529, 173.220855713, 173.685256958, 174.09161377, 174.509567261, 174.915908813, 175.310653687, 175.635726929, 175.96081543, 176.285888672, 176.610977173, 176.936050415, 177.261123657, 177.586212158, 177.9112854, 178.236373901, 178.561447144, 178.874923706, 179.18838501, 179.490249634, 179.815322876, 180.140411377, 180.465484619, 180.8021698, 181.138870239, 181.521987915, 181.90512085, 182.288253784, 182.671386719, 183.042892456, 183.414413452, 183.77432251, 184.145843506, 184.52897644, 184.912109375, 185.29524231, 185.678359985, 186.084716797, 186.49105835, 186.897415161, 187.315368652, 187.733337402, 188.151290894, 188.569244385, 188.998809814, 189.428390503, 189.846343994, 190.287521362, 190.72869873, 191.181488037, 191.634277344, 192.08706665, 192.539855957, 192.992645264],
    "bpm_histogram": [0, 0, 0, 0, 0, 0, 0, 0, 0, 0, 0, 0, 0, 0, 0, 0, 0, 0, 0, 0, 0, 0, 0, 0, 0, 0, 0, 0, 0, 0, 0, 0, 0, 0, 0, 0, 0, 0, 0, 0, 0, 0, 0, 0, 0, 0, 0, 0, 0, 0, 0, 0, 0, 0, 0, 0, 0, 0, 0, 0, 0, 0, 0, 0, 0, 0, 0, 0, 0, 0, 0, 0, 0, 0, 0, 0, 0, 0, 0, 0, 0, 0, 0, 0, 0, 0, 0, 0, 0, 0, 0, 0, 0, 0, 0, 0, 0, 0, 0, 0, 0, 0, 0, 0, 0, 0, 0, 0, 0.00674157310277, 0, 0.00898876413703, 0, 0.0134831462055, 0, 0, 0.0224719103426, 0, 0.00898876413703, 0, 0, 0.00449438206851, 0, 0, 0.0134831462055, 0, 0, 0.020224718377, 0, 0, 0.0224719103426, 0, 0, 0, 0.0561797767878, 0, 0, 0.438202261925, 0, 0, 0, 0.186516851187, 0, 0, 0, 0.0247191004455, 0, 0, 0, 0.0157303363085, 0, 0, 0, 0.0112359551713, 0, 0, 0, 0, 0.0337078645825, 0, 0, 0, 0.029213482514, 0.00224719103426, 0, 0, 0, 0, 0.0112359551713, 0, 0, 0, 0, 0.00674157310277, 0, 0, 0, 0, 0, 0.0157303363085, 0, 0, 0, 0, 0, 0, 0.0382022485137, 0, 0, 0, 0, 0, 0.00674157310277, 0, 0, 0, 0, 0, 0, 0, 0.00224719103426, 0, 0, 0, 0, 0, 0, 0, 0, 0, 0, 0, 0, 0, 0, 0, 0, 0, 0, 0, 0, 0, 0, 0, 0, 0, 0, 0, 0, 0, 0, 0, 0, 0, 0, 0, 0, 0, 0, 0, 0, 0, 0, 0, 0, 0, 0, 0, 0, 0, 0]
},
"tonal": {
    "chords_changes_rate": 0.0556221529841,
    "chords_number_rate": 0.00335650914349,
    "chords_strength": {
        "mean": 0.49607360363,
        "stdev": 0.122466765344
    },
    "hpcp_crest": {
        "mean": 16.699054718,
        "stdev": 8.34854602814
    },
    "hpcp_entropy": {
        "mean": 1.59496462345,
        "stdev": 0.752209246159
    },
    "key_edma": {
        "strength": 0.607871770859,
        "key": "C#",
        "scale": "major"
    },
    "key_krumhansl": {
        "strength": 0.609961152077,
        "key": "C#",
        "scale": "major"
    },
    "key_temperley": {
        "strength": 0.612209439278,
        "key": "C#",
        "scale": "major"
    },
    "tuning_diatonic_strength": 0.524938344955,
    "tuning_equal_tempered_deviation": 0.21982806921,
    "tuning_frequency": 434.193115234,
    "tuning_nontempered_energy_ratio": 0.978380024433,
    "hpcp": {
        "mean": [0.0619673132896, 0.0686423555017, 0.0555329024792, 0.169165000319, 0.211618006229, 0.0931657105684, 0.0513230152428, 0.050137758255, 0.0432354845107, 0.109114922583, 0.123125866055, 0.0559627600014, 0.11885689199, 0.157253354788, 0.0696021169424, 0.0269192121923, 0.0265117511153, 0.0341389887035, 0.184088230133, 0.258319228888, 0.119380615652, 0.0535932332277, 0.0534142740071, 0.0569997355342, 0.211088612676, 0.260687172413, 0.122053287923, 0.144263416529, 0.158154278994, 0.0711590573192, 0.0526589266956, 0.0550246611238, 0.0616188980639, 0.195751816034, 0.231705352664, 0.0956370010972],
        "stdev": [0.172555863857, 0.201009705663, 0.148714497685, 0.264422267675, 0.313330948353, 0.187121063471, 0.143643572927, 0.152490451932, 0.130769044161, 0.221166580915, 0.242929652333, 0.142754718661, 0.211960867047, 0.272469937801, 0.152456462383, 0.0972532629967, 0.0940295234323, 0.12292034179, 0.258371770382, 0.343876361847, 0.206323117018, 0.165632799268, 0.174126625061, 0.152564764023, 0.311832070351, 0.360740542412, 0.218738421798, 0.27053797245, 0.299646556377, 0.16708432138, 0.15150475502, 0.158690050244, 0.152841389179, 0.288167536259, 0.328358501196, 0.185959294438]
    },
    "chords_histogram": [18.4608001709, 6.88084411621, 19.7794284821, 1.41452884674, 2.10980582237, 0.191800534725, 5.63414049149, 0.239750653505, 0.335650920868, 0.239750653505, 0, 0, 0, 0, 1.17477822304, 5.34643983841, 1.10285305977, 0.83912730217, 0.527451455593, 2.18173098564, 3.26060891151, 10.4291534424, 4.74706315994, 15.1042919159],
    "thpcp": [1, 0.468198299408, 0.553396701813, 0.606682240963, 0.272967249155, 0.202000454068, 0.211075440049, 0.236371040344, 0.75090700388, 0.888825297356, 0.366865009069, 0.237707570195, 0.263313144445, 0.213025063276, 0.648919522762, 0.811769902706, 0.357385098934, 0.196875870228, 0.192329213023, 0.165851980448, 0.418566524982, 0.47231271863, 0.214674010873, 0.45593687892, 0.603226304054, 0.266994804144, 0.103262513876, 0.101699486375, 0.13095767796, 0.706165254116, 0.990916550159, 0.457945883274, 0.205584466457, 0.204897969961, 0.218651860952, 0.809739172459],
    "chords_key": "G#",
    "chords_scale": "major"
}
}