{
"metadata": {
    "version": {
        "essentia": "2.1-dev",
        "essentia_git_sha": "v2.1_beta3-415-gd5473f3",
        "extractor": "music 2.0"
    },
    "audio_properties": {
        "analysis": {
            "equal_loudness": 0,
            "length": 250.644897461,
            "sample_rate": 44100,
            "start_time": 0,
            "downmix": "mix"
        },
        "bit_rate": 192000,
        "length": 250.644897461,
        "lossless": 0,
        "number_channels": 2,
        "replay_gain": -11.4411640167,
        "sample_rate": 44100,
        "codec": "mp3",
        "md5_encoded": "518fb7783885276cb4965afd70672e10"
    },
    "tags": {
        "file_name": "marta_sanchez-dime_la_verdad.mp3",
        "album": ["Los Mejores Años De Nuestra Vida"],
        "artist": ["Marta Sanchez"],
        "genre": ["Other"],
        "title": ["Dime La Verdad"]
    }
},
"lowlevel": {
    "average_loudness": 0.949438750744,
    "barkbands_crest": {
        "mean": 12.8199987411,
        "stdev": 5.0914683342
    },
    "barkbands_flatness_db": {
        "mean": 0.123822152615,
        "stdev": 0.0520389005542
    },
    "barkbands_kurtosis": {
        "mean": 6.89972496033,
        "stdev": 19.0022830963
    },
    "barkbands_skewness": {
        "mean": 1.92342865467,
        "stdev": 1.73812961578
    },
    "barkbands_spread": {
        "mean": 33.8482437134,
        "stdev": 20.1256580353
    },
    "dissonance": {
        "mean": 0.456753909588,
        "stdev": 0.0328539982438
    },
    "dynamic_complexity": 3.36009812355,
    "erbbands_crest": {
        "mean": 9.14505672455,
        "stdev": 4.5382399559
    },
    "erbbands_flatness_db": {
        "mean": 0.114803262055,
        "stdev": 0.0363624282181
    },
    "erbbands_kurtosis": {
        "mean": 0.942019701004,
        "stdev": 2.6561384201
    },
    "erbbands_skewness": {
        "mean": 0.452196508646,
        "stdev": 0.96255248785
    },
    "erbbands_spread": {
        "mean": 57.768283844,
        "stdev": 32.8095664978
    },
    "hfc": {
        "mean": 40.1129417419,
        "stdev": 31.9328231812
    },
    "loudness_ebu128": {
        "integrated": -10.6654882431,
        "loudness_range": 3.02084636688,
        "momentary": {
            "mean": -14.6477041245,
            "stdev": 26.9849815369
        },
        "short_term": {
            "mean": -12.1571111679,
            "stdev": 6.91276407242
        }
    },
    "melbands_crest": {
        "mean": 17.3475399017,
        "stdev": 5.81845140457
    },
    "melbands_flatness_db": {
        "mean": 0.199571669102,
        "stdev": 0.0714485943317
    },
    "melbands_kurtosis": {
        "mean": 33.9072532654,
        "stdev": 66.5939712524
    },
    "melbands_skewness": {
        "mean": 3.91415429115,
        "stdev": 3.0326924324
    },
    "melbands_spread": {
        "mean": 26.3693122864,
        "stdev": 24.1975040436
    },
    "pitch_salience": {
        "mean": 0.47859069705,
        "stdev": 0.136381462216
    },
    "silence_rate_20dB": {
        "mean": 1,
        "stdev": 0
    },
    "silence_rate_30dB": {
        "mean": 0.996758043766,
        "stdev": 0.0568498447537
    },
    "silence_rate_60dB": {
        "mean": 0.058540198952,
        "stdev": 0.234760046005
    },
    "spectral_centroid": {
        "mean": 1598.26525879,
        "stdev": 1235.52539062
    },
    "spectral_complexity": {
        "mean": 17.2825126648,
        "stdev": 10.1832971573
    },
    "spectral_decrease": {
        "mean": -1.01385495554e-08,
        "stdev": 6.31335650425e-09
    },
    "spectral_energy": {
        "mean": 0.0419036634266,
        "stdev": 0.0251974035054
    },
    "spectral_energyband_high": {
        "mean": 0.00288061634637,
        "stdev": 0.00318569201045
    },
    "spectral_energyband_low": {
        "mean": 0.0203832946718,
        "stdev": 0.0187304783612
    },
    "spectral_energyband_middle_high": {
        "mean": 0.00690010841936,
        "stdev": 0.00830927211791
    },
    "spectral_energyband_middle_low": {
        "mean": 0.0129350237548,
        "stdev": 0.013899564743
    },
    "spectral_entropy": {
        "mean": 7.90211486816,
        "stdev": 0.45081397891
    },
    "spectral_flux": {
        "mean": 0.107063002884,
        "stdev": 0.0609642118216
    },
    "spectral_kurtosis": {
        "mean": 1.97022640705,
        "stdev": 1.80290436745
    },
    "spectral_rms": {
        "mean": 0.00597504153848,
        "stdev": 0.00227606692351
    },
    "spectral_rolloff": {
        "mean": 2078.68359375,
        "stdev": 2810.78637695
    },
    "spectral_skewness": {
        "mean": 1.29838573933,
        "stdev": 0.449255168438
    },
    "spectral_spread": {
        "mean": 8190912.5,
        "stdev": 3952005.5
    },
    "spectral_strongpeak": {
        "mean": 0.773080170155,
        "stdev": 1.0912309885
    },
    "zerocrossingrate": {
        "mean": 0.0931257605553,
        "stdev": 0.0636990666389
    },
    "barkbands": {
        "mean": [0.000394501257688, 0.017305707559, 0.0019008879317, 0.0017181923613, 0.00431881612167, 0.00222720904276, 0.000438252318418, 0.00139133294579, 0.00205982849002, 0.00184726773296, 0.00133179593831, 0.00129072589334, 0.00044985927525, 0.000601181236561, 0.000508686585817, 0.000228379532928, 0.000267744937446, 0.000298984261462, 0.000259531458141, 0.000329887698172, 0.000315990939271, 0.000304909073748, 0.000525298702996, 0.000710737658665, 0.000543174042832, 0.000316613237374, 1.81597843039e-05],
        "stdev": [0.000492716731969, 0.017027143389, 0.00455555180088, 0.00371161196381, 0.00671643717214, 0.00403877813369, 0.000913362018764, 0.00318938796408, 0.00480940472335, 0.0038733726833, 0.00274399388582, 0.00269396859221, 0.00113946851343, 0.00134019611869, 0.00100301916245, 0.000449498562375, 0.000405380269513, 0.000421143515268, 0.000357464130502, 0.000556041370146, 0.000440277828602, 0.000501123955473, 0.000934199197218, 0.000924206571653, 0.000673069327604, 0.000386121246265, 3.62527061952e-05]
    },
    "erbbands": {
        "mean": [0.564051449299, 3.60296201706, 2.93068313599, 4.29278182983, 9.12598705292, 15.0823583603, 21.2967529297, 14.8652696609, 8.30431365967, 12.4621505737, 40.0230560303, 45.0878410339, 55.6729164124, 59.2821578979, 50.4617805481, 55.2084617615, 23.2383975983, 32.4359321594, 26.5783138275, 18.5077838898, 14.1098537445, 14.6826353073, 15.6056261063, 14.8667287827, 13.7433652878, 15.7633600235, 14.9687328339, 9.69560813904, 9.28591346741, 14.0308856964, 15.8020935059, 16.0423679352, 10.5620546341, 7.27525663376, 3.17697787285, 1.6118863821, 0.52601402998, 0.0883191972971, 0.00198317086324, 0.00011695613648],
        "stdev": [0.533428132534, 3.84132122993, 5.01902341843, 9.44934940338, 14.7554111481, 26.3400764465, 36.3914413452, 29.9416713715, 16.4088840485, 28.8084220886, 87.2610244751, 102.74407959, 130.178421021, 123.135818481, 101.865196228, 113.383026123, 45.7219734192, 67.6763000488, 51.0631790161, 34.8659439087, 25.6664085388, 21.0786361694, 22.1452465057, 20.0675964355, 20.6135425568, 27.2208652496, 21.9743175507, 13.0324001312, 14.4388036728, 23.6570777893, 30.246591568, 24.8167972565, 13.2874860764, 9.40025138855, 4.01243066788, 2.13275456429, 0.65025138855, 0.133381679654, 0.00292830634862, 9.68828462646e-05]
    },
    "gfcc": {
        "mean": [22.6074581146, 49.3125572205, -78.3917388916, 30.8072929382, -54.8573989868, 32.9219665527, -37.0291519165, 19.6267204285, -31.1016349792, 5.74734640121, -15.1001224518, 8.14960479736, -7.67732906342],
        "cov": [[24723.3613281, 223.772277832, -1129.02929688, 419.608276367, -882.930053711, 509.724029541, -475.63293457, 394.251647949, -450.917877197, 104.789077759, -359.60736084, 156.678329468, -164.403320312], [223.772277832, 754.442260742, -166.68598938, -179.885177612, 90.6978912354, 9.28403759003, 83.6396331787, 58.6823883057, -35.6991424561, -4.90602254868, 87.5173339844, -56.4748382568, 35.5970420837], [-1129.02929688, -166.68598938, 870.844726562, 373.295135498, 82.6502227783, 20.9643955231, -49.9418067932, -55.2614631653, 88.4997253418, 12.8812990189, -28.9778461456, 65.8381118774, -30.1913585663], [419.608276367, -179.885177612, 373.295135498, 661.661865234, 84.4612884521, 20.8802909851, -45.0520210266, -29.3508625031, 42.5309677124, 38.8586120605, -12.9246006012, 38.7982177734, 17.9629650116], [-882.930053711, 90.6978912354, 82.6502227783, 84.4612884521, 330.121276855, 66.1371612549, 89.1258773804, 18.4428749084, 5.50265693665, 20.7346858978, 35.7751693726, -29.0136222839, 59.0953102112], [509.724029541, 9.28403759003, 20.9643955231, 20.8802909851, 66.1371612549, 309.579864502, 112.827674866, 98.7039260864, 35.9006347656, -5.67708826065, 12.0371799469, -9.56821632385, 2.22669196129], [-475.63293457, 83.6396331787, -49.9418067932, -45.0520210266, 89.1258773804, 112.827674866, 214.620315552, 83.3897399902, 35.7560043335, 0.1131080091, 34.7884101868, -26.0100421906, 5.62878704071], [394.251647949, 58.6823883057, -55.2614631653, -29.3508625031, 18.4428749084, 98.7039260864, 83.3897399902, 185.612670898, 70.6375198364, -11.368768692, 15.7485656738, -6.39028644562, 6.88330745697], [-450.917877197, -35.6991424561, 88.4997253418, 42.5309677124, 5.50265693665, 35.9006347656, 35.7560043335, 70.6375198364, 141.371322632, 2.97974801064, 1.07637763023, 16.5353527069, -16.3996067047], [104.789077759, -4.90602254868, 12.8812990189, 38.8586120605, 20.7346858978, -5.67708826065, 0.1131080091, -11.368768692, 2.97974801064, 81.3933258057, 31.0686607361, 8.18086051941, 15.3229141235], [-359.60736084, 87.5173339844, -28.9778461456, -12.9246006012, 35.7751693726, 12.0371799469, 34.7884101868, 15.7485656738, 1.07637763023, 31.0686607361, 111.02028656, 16.0606479645, 25.0543270111], [156.678329468, -56.4748382568, 65.8381118774, 38.7982177734, -29.0136222839, -9.56821632385, -26.0100421906, -6.39028644562, 16.5353527069, 8.18086051941, 16.0606479645, 98.3437042236, 14.6969108582], [-164.403320312, 35.5970420837, -30.1913585663, 17.9629650116, 59.0953102112, 2.22669196129, 5.62878704071, 6.88330745697, -16.3996067047, 15.3229141235, 25.0543270111, 14.6969108582, 107.800033569]],
        "icov": [[0.000101437959529, -0.000132891800604, 0.000172737985849, -0.000201009796001, 0.000200668189791, -0.00026556343073, 0.000285537011223, -0.000457023154013, 0.000537723710295, -0.000428279658081, 0.000502733571921, -0.000371827278286, 0.000266740302322], [-0.000132891800604, 0.00193354219664, -0.000231438112678, 0.000618464080617, -0.00058868911583, 0.000601498642936, -0.000525998184457, 6.04944143561e-05, -0.000233248691075, 0.000973054324277, -0.00199974491261, 0.00135250226595, -0.000568552000914], [0.000172737985849, -0.000231438112678, 0.00213757087477, -0.00114110449795, -0.000249637028901, -0.000684632745106, 0.00079649745021, 4.04475176765e-05, -0.000207712102565, -0.000517020758707, 0.00116980960593, -0.00161215628032, 0.00122529559303], [-0.000201009796001, 0.000618464080617, -0.00114110449795, 0.0026143619325, -0.000837126222905, 0.000373348069843, -0.000127590974444, 0.000838581647258, -0.00119197624736, 7.16101276339e-05, -0.000878057442605, 0.000696981325746, -0.000944155850448], [0.000200668189791, -0.00058868911583, -0.000249637028901, -0.000837126222905, 0.00494129350409, -0.000900844985154, -0.00105992925819, -0.000393656897359, 0.00107359292451, -0.00117913587019, 0.000455495115602, 0.00103941361886, -0.00195633620024], [-0.00026556343073, 0.000601498642936, -0.000684632745106, 0.000373348069843, -0.000900844985154, 0.00522934552282, -0.00251649972051, -0.000792117323726, -0.000812868005596, 0.00128553458489, -0.00122980377637, 0.000900838465896, -0.000433164997958], [0.000285537011223, -0.000525998184457, 0.00079649745021, -0.000127590974444, -0.00105992925819, -0.00251649972051, 0.0084433387965, -0.00285662291571, 0.000476474378956, -0.0010231344495, -0.000153001456056, 5.98745245952e-05, 0.00147336511873], [-0.000457023154013, 6.04944143561e-05, 4.04475176765e-05, 0.000838581647258, -0.000393656897359, -0.000792117323726, -0.00285662291571, 0.0114945610985, -0.00707690091804, 0.00333118485287, -0.0025342584122, 0.00189098052215, -0.00241693132557], [0.000537723710295, -0.000233248691075, -0.000207712102565, -0.00119197624736, 0.00107359292451, -0.000812868005596, 0.000476474378956, -0.00707690091804, 0.0136242331937, -0.00328607019037, 0.00288652745076, -0.00344930053689, 0.00323192263022], [-0.000428279658081, 0.000973054324277, -0.000517020758707, 7.16101276339e-05, -0.00117913587019, 0.00128553458489, -0.0010231344495, 0.00333118485287, -0.00328607019037, 0.0166733358055, -0.00658474676311, 0.0018612582935, -0.00226390175521], [0.000502733571921, -0.00199974491261, 0.00116980960593, -0.000878057442605, 0.000455495115602, -0.00122980377637, -0.000153001456056, -0.0025342584122, 0.00288652745076, -0.00658474676311, 0.0152747705579, -0.00506264483556, 0.000361728656571], [-0.000371827278286, 0.00135250226595, -0.00161215628032, 0.000696981325746, 0.00103941361886, 0.000900838465896, 5.98745245952e-05, 0.00189098052215, -0.00344930053689, 0.0018612582935, -0.00506264483556, 0.0147113520652, -0.00391195295379], [0.000266740302322, -0.000568552000914, 0.00122529559303, -0.000944155850448, -0.00195633620024, -0.000433164997958, 0.00147336511873, -0.00241693132557, 0.00323192263022, -0.00226390175521, 0.000361728656571, -0.00391195295379, 0.0127929979935]]
    },
    "melbands": {
        "mean": [0.00505776377395, 0.00266944849864, 0.000875275523867, 0.000857994076796, 0.00076001038542, 0.000355278898496, 0.000116197785246, 0.00015735568013, 0.000359552446753, 0.000279892061371, 0.000271574768703, 0.000233137150644, 0.000166147467098, 0.000149758954649, 0.000103382102679, 3.84542327083e-05, 6.40336656943e-05, 4.0299117245e-05, 3.70842790289e-05, 1.73063963302e-05, 1.63918066391e-05, 1.63362237799e-05, 1.18214875329e-05, 1.54843528435e-05, 1.15558605103e-05, 9.41673897614e-06, 1.13380883704e-05, 9.81526591204e-06, 9.06989498617e-06, 8.91992840479e-06, 4.35916081187e-06, 4.59074863102e-06, 7.00942928233e-06, 7.74854743213e-06, 8.30810222396e-06, 1.11512008516e-05, 9.14870997804e-06, 7.2027837632e-06, 7.43573446016e-06, 5.68517407373e-06],
        "stdev": [0.00484736124054, 0.00309927319176, 0.00165869668126, 0.00142188440077, 0.0012160880724, 0.000674308044836, 0.000232357750065, 0.000387031439459, 0.000799364468548, 0.000663984392304, 0.000654408009723, 0.000505624338984, 0.00033479204285, 0.00032285854104, 0.000218659493839, 0.000101673031168, 0.000145547877764, 8.16704923636e-05, 7.55491128075e-05, 3.30492111971e-05, 3.19517857861e-05, 2.50904449786e-05, 1.83979700523e-05, 2.27286782319e-05, 1.75855784619e-05, 1.40706752063e-05, 2.22790131374e-05, 1.65806268342e-05, 1.40632855619e-05, 1.37147262649e-05, 6.06973526374e-06, 6.87907413521e-06, 1.39012481668e-05, 1.26753548102e-05, 1.67188700289e-05, 2.11484930333e-05, 1.3594712982e-05, 9.36697688303e-06, 1.01090654425e-05, 7.5503626249e-06]
    },
    "melbands128": {
        "mean": [0.000317356898449, 0.00402503600344, 0.00817798357457, 0.00508441915736, 0.00183280324563, 0.000879152561538, 0.00083773303777, 0.000858951127157, 0.000973377027549, 0.000799312023446, 0.000768144440372, 0.000895188422874, 0.000775895256083, 0.000621793617029, 0.000307163805701, 0.00028052990092, 0.000211283477256, 5.79012958042e-05, 5.94619050389e-05, 0.000128989806399, 0.000207860895898, 0.000244113965891, 0.000442575459601, 0.00043936262955, 0.000238140317379, 0.000269498559646, 0.000245715753408, 0.000356784148607, 0.00018149225798, 0.00021648897382, 0.000289620948024, 0.00019170664018, 0.000124300378957, 0.000204142124858, 0.000106501254777, 0.0001579177042, 0.000180961287697, 0.000108949105197, 5.59576983505e-05, 2.83252738882e-05, 3.60698686563e-05, 4.64392724098e-05, 7.02746983734e-05, 8.12556318124e-05, 2.64051413978e-05, 3.34264768753e-05, 5.22441987414e-05, 4.61874624307e-05, 2.84326852125e-05, 1.5510866433e-05, 1.72968757397e-05, 1.74177330337e-05, 1.37172091854e-05, 1.73104381247e-05, 1.95642987819e-05, 1.70486655406e-05, 1.32078894239e-05, 1.01001578514e-05, 1.1608431123e-05, 1.40236570587e-05, 1.82450603461e-05, 1.31864671857e-05, 1.52260154209e-05, 1.04742830445e-05, 6.38362871541e-06, 1.12774978334e-05, 8.96378423931e-06, 9.22707113205e-06, 1.12580091809e-05, 1.6636098735e-05, 7.28292388885e-06, 8.80621610122e-06, 8.66046684678e-06, 8.63150216901e-06, 1.00052666312e-05, 1.04377368189e-05, 8.12770667835e-06, 5.44545082448e-06, 3.10732821163e-06, 4.30047111877e-06, 3.86174633604e-06, 4.89797503178e-06, 5.97110738454e-06, 6.4095088419e-06, 8.72076270753e-06, 9.01676958165e-06, 6.80664697938e-06, 6.49525281915e-06, 8.60832005856e-06, 9.15357668418e-06, 1.03866905192e-05, 1.1982050637e-05, 1.22584824567e-05, 8.18255648483e-06, 7.57504540161e-06, 9.24121013668e-06, 5.52662777409e-06, 7.16091972208e-06, 8.44870191941e-06, 6.63177934257e-06, 7.1395361374e-06, 5.50226150153e-06, 4.05139826398e-06, 3.82768848795e-06, 3.37188816957e-06, 3.46003730556e-06, 2.8132060379e-06, 2.77988465314e-06, 2.48729838859e-06, 3.43943293046e-06, 2.14645751839e-06, 2.29073316405e-06, 1.49398965732e-06, 1.03039133137e-06, 9.76214664661e-07, 1.13487249109e-06, 7.11220423e-07, 6.28470644415e-08, 7.68919910382e-12, 5.87457599927e-12, 5.58351281876e-12, 5.37585861243e-12, 5.20358669348e-12, 5.07579091605e-12, 4.96950093923e-12, 4.89357469477e-12, 4.83886932259e-12, 4.80138585141e-12],
        "stdev": [0.000452209089417, 0.004013214726, 0.0083026709035, 0.00590468291193, 0.00298466300592, 0.00217191711999, 0.00211695954204, 0.00173638563138, 0.00163063476793, 0.00167161761783, 0.00171956128906, 0.00165804254357, 0.00150989787653, 0.00144369876944, 0.000843441695906, 0.000615010096226, 0.000451519998023, 0.000180502946023, 0.000193066865904, 0.000346361688571, 0.000717069720849, 0.000734844070394, 0.00115522416309, 0.00146718055476, 0.000740915245842, 0.00103400775697, 0.000853680365253, 0.0010808610823, 0.000550121359993, 0.000679248885717, 0.000756849127356, 0.000576896825805, 0.000369467452401, 0.000586701382417, 0.000436574744526, 0.000497207278386, 0.000488820485771, 0.000340384693118, 0.000204073614441, 0.00010320871661, 0.000179019407369, 0.000152727036038, 0.000197846442461, 0.000269628246315, 8.7852604338e-05, 0.000104843842564, 0.000158552531502, 0.000124521728139, 9.01048333617e-05, 5.88276525377e-05, 3.89701926906e-05, 5.58382598683e-05, 4.68664293294e-05, 4.12772569689e-05, 4.47241873189e-05, 3.5298136936e-05, 2.74934955087e-05, 2.40698918788e-05, 2.49758904829e-05, 3.21656552842e-05, 3.50013287971e-05, 2.96757898468e-05, 3.00012980006e-05, 2.25286457862e-05, 1.13437799882e-05, 2.03536928893e-05, 1.50785972437e-05, 2.04424359254e-05, 2.60260276264e-05, 4.55716726719e-05, 1.50553833009e-05, 1.73788939719e-05, 1.58630064107e-05, 1.70997700479e-05, 1.83138945431e-05, 1.89472739294e-05, 1.45744443216e-05, 9.07018966245e-06, 5.08815128342e-06, 7.34924287826e-06, 6.15459657638e-06, 8.55550297274e-06, 1.15353650472e-05, 1.69594113686e-05, 1.83836345968e-05, 1.87243367691e-05, 1.10112632683e-05, 1.16253995657e-05, 1.93291270989e-05, 2.29587294598e-05, 2.43724680331e-05, 2.41017569351e-05, 1.96750315808e-05, 1.54776025738e-05, 1.18829693747e-05, 1.26291351989e-05, 9.53534799919e-06, 1.09947195597e-05, 1.2259288269e-05, 1.04485116026e-05, 1.11552817543e-05, 7.73443662183e-06, 5.0069079407e-06, 5.28527334609e-06, 4.82788846057e-06, 5.31417344973e-06, 4.9185359785e-06, 4.52551603303e-06, 3.48522758031e-06, 5.86896112509e-06, 3.15235092785e-06, 3.35503705173e-06, 2.22273456529e-06, 1.66403719959e-06, 1.62018602623e-06, 1.89595289157e-06, 1.32744810344e-06, 1.39690385481e-07, 1.41794570876e-11, 8.93144846276e-12, 8.53483169555e-12, 8.2433729981e-12, 8.01290544333e-12, 7.82761008788e-12, 7.67886535608e-12, 7.56575357919e-12, 7.48389024363e-12, 7.43394235059e-12]
    },
    "mfcc": {
        "mean": [-626.43939209, 88.1235580444, 31.7812728882, 11.3033695221, 14.6789579391, 7.76650762558, 13.5404319763, 9.47473430634, 1.84101605415, 3.96493601799, -5.83651256561, 1.6922172308, -1.58624112606],
        "cov": [[10832.5566406, 432.830200195, -100.739639282, -118.165931702, -0.230159491301, -5.33674669266, 122.579124451, 167.755889893, 57.4460792542, 97.1260681152, -36.0030899048, -65.4979476929, -117.78793335], [432.830200195, 953.752746582, -195.570083618, -201.428466797, -13.9499826431, -103.917625427, 160.928314209, -17.8750419617, 9.29234600067, 12.3512535095, -9.23127841949, 47.1255226135, -6.39375066757], [-100.739639282, -195.570083618, 725.086120605, 260.106567383, 131.486221313, 127.514968872, -117.001564026, 79.018737793, -0.694473743439, -31.2917728424, 28.4971981049, 30.6567821503, 67.1746520996], [-118.165931702, -201.428466797, 260.106567383, 528.140136719, 157.04838562, 98.0190963745, -46.4523429871, -44.8689231873, -6.49418115616, -26.4975547791, -33.546131134, 26.2918624878, 51.1270256042], [-0.230159491301, -13.9499826431, 131.486221313, 157.04838562, 265.745727539, 89.0178451538, 51.0909347534, 13.1076059341, 43.7863121033, 13.1036682129, -1.29886472225, -1.32741165161, 10.9423789978], [-5.33674669266, -103.917625427, 127.514968872, 98.0190963745, 89.0178451538, 211.061721802, 58.8615150452, 25.8155193329, 17.1611309052, 19.7164859772, 16.2888946533, -24.6477622986, 18.6781654358], [122.579124451, 160.928314209, -117.001564026, -46.4523429871, 51.0909347534, 58.8615150452, 257.576721191, 26.2056999207, 50.3113937378, 47.3849868774, 3.32861638069, 21.0350761414, 4.35040903091], [167.755889893, -17.8750419617, 79.018737793, -44.8689231873, 13.1076059341, 25.8155193329, 26.2056999207, 206.394439697, 71.5398178101, 51.9754104614, 56.3739929199, 20.3939418793, 10.596449852], [57.4460792542, 9.29234600067, -0.694473743439, -6.49418115616, 43.7863121033, 17.1611309052, 50.3113937378, 71.5398178101, 126.055976868, 54.6518592834, 20.7381591797, -2.95216941833, -9.66169929504], [97.1260681152, 12.3512535095, -31.2917728424, -26.4975547791, 13.1036682129, 19.7164859772, 47.3849868774, 51.9754104614, 54.6518592834, 110.567962646, 39.9564208984, 1.38872289658, -2.13395881653], [-36.0030899048, -9.23127841949, 28.4971981049, -33.546131134, -1.29886472225, 16.2888946533, 3.32861638069, 56.3739929199, 20.7381591797, 39.9564208984, 102.478210449, 19.5967388153, 4.00677251816], [-65.4979476929, 47.1255226135, 30.6567821503, 26.2918624878, -1.32741165161, -24.6477622986, 21.0350761414, 20.3939418793, -2.95216941833, 1.38872289658, 19.5967388153, 103.874145508, 44.6502876282], [-117.78793335, -6.39375066757, 67.1746520996, 51.1270256042, 10.9423789978, 18.6781654358, 4.35040903091, 10.596449852, -9.66169929504, -2.13395881653, 4.00677251816, 44.6502876282, 106.061035156]],
        "icov": [[9.8444550531e-05, -5.07595286763e-05, -1.91682579498e-06, -2.05011128855e-05, 1.1491193618e-05, -6.13594374954e-06, -1.10042556116e-05, -0.000123861362226, 6.06558933214e-05, -8.87876449269e-05, 0.000101320714748, 5.37349915248e-05, 0.000107376923552], [-5.07595286763e-05, 0.00143331231084, -3.33558709826e-05, 0.000476494256873, -0.000305341818603, 0.000795262574684, -0.000948339351453, 0.000307557260385, 7.83893774496e-05, 9.48339584284e-05, 4.40028197772e-05, -0.000448325561592, -8.27882977319e-05], [-1.91682579498e-06, -3.33558709826e-05, 0.00241553923115, -0.000635146046989, -0.000658875505906, -0.00124126917217, 0.00142893323209, -0.00109986949246, 7.46450241422e-05, 0.000819859968033, -0.000331756600644, -0.000602751388215, -0.000600440311246], [-2.05011128855e-05, 0.000476494256873, -0.000635146046989, 0.00327469105832, -0.00142187508754, -0.000766076205764, 0.00055533851264, 0.00112486479338, -0.000322916195728, -0.000144477671711, 0.00116290617734, -0.00141325208824, -0.000505192612763], [1.1491193618e-05, -0.000305341818603, -0.000658875505906, -0.00142187508754, 0.00572531763464, -0.00111544993706, -0.00102338870056, 0.000295496545732, -0.00168112420943, 0.000150903884787, -3.93213076677e-06, 0.00044658902334, 0.000377321091946], [-6.13594374954e-06, 0.000795262574684, -0.00124126917217, -0.000766076205764, -0.00111544993706, 0.00829845201224, -0.00322961690836, -0.000284728768747, 0.00104920007288, -0.000458680413431, -0.00161597039551, 0.00382521608844, -0.0014518040698], [-1.10042556116e-05, -0.000948339351453, 0.00142893323209, 0.00055533851264, -0.00102338870056, -0.00322961690836, 0.00689900387079, -0.000200675320229, -0.00147582462523, -0.00123877823353, 0.00135429692455, -0.00257545313798, 4.29937099398e-05], [-0.000123861362226, 0.000307557260385, -0.00109986949246, 0.00112486479338, 0.000295496545732, -0.000284728768747, -0.000200675320229, 0.00797637924552, -0.00370135344565, -0.000946925487369, -0.00230461335741, -0.00121312681586, -0.000492128136102], [6.06558933214e-05, 7.83893774496e-05, 7.46450241422e-05, -0.000322916195728, -0.00168112420943, 0.00104920007288, -0.00147582462523, -0.00370135344565, 0.0129063585773, -0.00432575494051, 0.000613736337982, 0.00110933580436, 0.00119795498904], [-8.87876449269e-05, 9.48339584284e-05, 0.000819859968033, -0.000144477671711, 0.000150903884787, -0.000458680413431, -0.00123877823353, -0.000946925487369, -0.00432575494051, 0.0140539221466, -0.00439691357315, 0.000809770717751, -0.000617967511062], [0.000101320714748, 4.40028197772e-05, -0.000331756600644, 0.00116290617734, -3.93213076677e-06, -0.00161597039551, 0.00135429692455, -0.00230461335741, 0.000613736337982, -0.00439691357315, 0.0139452684671, -0.00338013563305, 0.00108801666647], [5.37349915248e-05, -0.000448325561592, -0.000602751388215, -0.00141325208824, 0.00044658902334, 0.00382521608844, -0.00257545313798, -0.00121312681586, 0.00110933580436, 0.000809770717751, -0.00338013563305, 0.0150993615389, -0.00550880050287], [0.000107376923552, -8.27882977319e-05, -0.000600440311246, -0.000505192612763, 0.000377321091946, -0.0014518040698, 4.29937099398e-05, -0.000492128136102, 0.00119795498904, -0.000617967511062, 0.00108801666647, -0.00550880050287, 0.0128054888919]]
    },
    "spectral_contrast_coeffs": {
        "mean": [-0.732747256756, -0.742273211479, -0.731091141701, -0.780943512917, -0.786021649837, -0.81003254652],
        "stdev": [0.0842657014728, 0.0862620100379, 0.0880696475506, 0.064601175487, 0.0486035868526, 0.035795904696]
    },
    "spectral_contrast_valleys": {
        "mean": [-6.61494112015, -7.36671733856, -7.73389673233, -8.13552761078, -7.82264328003, -9.30772972107],
        "stdev": [2.4062166214, 2.34013962746, 2.30284786224, 2.26085782051, 2.29476046562, 2.1690993309]
    }
},
"rhythm": {
    "beats_count": 408,
    "beats_loudness": {
        "mean": 0.0576866827905,
        "stdev": 0.0260009076446
    },
    "bpm": 97.9966430664,
    "bpm_histogram_first_peak_bpm": 98,
    "bpm_histogram_first_peak_weight": 0.0344826579094,
    "bpm_histogram_second_peak_bpm": 91,
    "bpm_histogram_second_peak_spread": 0,
    "bpm_histogram_second_peak_weight": 0.00245700241067,
    "danceability": 1.28983008862,
    "onset_rate": 4.93897294998,
    "beats_loudness_band_ratio": {
        "mean": [0.610576272011, 0.153363347054, 0.0927875190973, 0.0814032554626, 0.0382899194956, 0.0726865157485],
        "stdev": [0.204090461135, 0.131595045328, 0.0845666453242, 0.0901325196028, 0.0324060469866, 0.0531752444804]
    },
    "beats_position": [0.673378646374, 1.33514738083, 1.9620860815, 2.58902478218, 3.20435357094, 3.80807256699, 4.42340135574, 5.0387301445, 5.65405893326, 6.26938772202, 6.88471651077, 7.50004529953, 8.10376358032, 8.71909236908, 9.33442115784, 9.94974994659, 10.5650787354, 11.1687984467, 11.7841272354, 12.3994560242, 13.0031747818, 13.6185035706, 14.2338323593, 14.8375511169, 15.4528799057, 16.0682086945, 16.6719264984, 17.2872562408, 17.9025840759, 18.5063037872, 19.1216316223, 19.7369613647, 20.3522891998, 20.9676189423, 21.5713367462, 22.1866664886, 22.8019943237, 23.405714035, 24.009431839, 24.6247615814, 25.2400894165, 25.8554191589, 26.470746994, 27.0744667053, 27.6897945404, 28.3051242828, 28.9088420868, 29.5241718292, 30.1394996643, 30.7432193756, 31.358549118, 31.9738769531, 32.5892066956, 33.204536438, 33.8198623657, 34.4351921082, 35.0389099121, 35.6426315308, 36.2579574585, 36.8732872009, 37.4886169434, 38.1039466858, 38.7076644897, 39.3229942322, 39.9383201599, 40.5420417786, 41.1573677063, 41.7726974487, 42.3764152527, 42.9801368713, 43.5954627991, 44.2107925415, 44.8261222839, 45.4414520264, 46.0451698303, 46.6604995728, 47.2758255005, 47.8795471191, 48.4948730469, 49.1102027893, 49.7255325317, 50.3408622742, 50.9445800781, 51.5599098206, 52.1752357483, 52.7789573669, 53.3942832947, 54.0096130371, 54.6133308411, 55.2286605835, 55.8439903259, 56.4593200684, 57.0746459961, 57.6783676147, 58.2820854187, 58.8974151611, 59.5127410889, 60.1280708313, 60.7434005737, 61.3471183777, 61.9624481201, 62.5777778625, 63.1814956665, 63.7968254089, 64.4121551514, 65.0158691406, 65.6312026978, 66.2465286255, 66.8502502441, 67.4655761719, 68.0809020996, 68.6962356567, 69.3115615845, 69.9152832031, 70.5306091309, 71.145942688, 71.7496566772, 72.3649902344, 72.9803161621, 73.5840377808, 74.1993637085, 74.8146896362, 75.4300231934, 76.0453491211, 76.6490707397, 77.252784729, 77.8681182861, 78.4834442139, 79.098777771, 79.7141036987, 80.3178253174, 80.9331512451, 81.5484771729, 82.1521987915, 82.7675247192, 83.3828582764, 83.9981842041, 84.6135101318, 85.2172317505, 85.8209533691, 86.4362792969, 87.0516052246, 87.6669387817, 88.2822647095, 88.8859863281, 89.5013122559, 90.116645813, 90.7319717407, 91.3472976685, 91.9510192871, 92.5663452148, 93.181678772, 93.7853927612, 94.3891143799, 95.0044403076, 95.6197738647, 96.2350997925, 96.8504257202, 97.4657592773, 98.0810852051, 98.6848068237, 99.288520813, 99.9038543701, 100.519180298, 101.122901917, 101.738227844, 102.353561401, 102.968887329, 103.584213257, 104.187934875, 104.803260803, 105.41859436, 106.02230835, 106.637641907, 107.252967834, 107.856689453, 108.472015381, 109.087341309, 109.702674866, 110.318000793, 110.921722412, 111.525436401, 112.140769958, 112.756095886, 113.359817505, 113.975143433, 114.59047699, 115.194190979, 115.809524536, 116.424850464, 117.040176392, 117.655509949, 118.270835876, 118.886169434, 119.489883423, 120.093605042, 120.708930969, 121.324264526, 121.939590454, 122.554916382, 123.158638, 123.762359619, 124.377685547, 124.993011475, 125.608345032, 126.223670959, 126.827392578, 127.431106567, 128.058044434, 128.661773682, 129.277099609, 129.892425537, 130.496139526, 131.099868774, 131.726806641, 132.33052063, 132.945846558, 133.561172485, 134.176498413, 134.780227661, 135.395553589, 136.010879517, 136.626205444, 137.229934692, 137.856872559, 138.460586548, 139.075912476, 139.691238403, 140.294967651, 140.910293579, 141.525619507, 142.129333496, 142.744674683, 143.36000061, 143.9637146, 144.579040527, 145.194366455, 145.798095703, 146.413421631, 147.028747559, 147.644073486, 148.259414673, 148.874740601, 149.490066528, 150.093780518, 150.697509766, 151.312835693, 151.928161621, 152.543487549, 153.158813477, 153.762542725, 154.377868652, 154.99319458, 155.596908569, 156.212234497, 156.827575684, 157.431289673, 158.046615601, 158.661941528, 159.277282715, 159.892608643, 160.496322632, 161.100036621, 161.715377808, 162.330703735, 162.934417725, 163.549743652, 164.16506958, 164.792022705, 165.395736694, 165.999450684, 166.614776611, 167.230117798, 167.833831787, 168.449157715, 169.064483643, 169.668212891, 170.283538818, 170.898864746, 171.502578735, 172.117904663, 172.73324585, 173.348571777, 173.963897705, 174.567611694, 175.171340942, 175.78666687, 176.401992798, 177.017318726, 177.632644653, 178.236373901, 178.851699829, 179.467025757, 180.070739746, 180.686080933, 181.30140686, 181.90512085, 182.532058716, 183.135772705, 183.751113892, 184.366439819, 184.970153809, 185.585479736, 186.200805664, 186.816146851, 187.431472778, 188.035186768, 188.638900757, 189.254241943, 189.869567871, 190.484893799, 191.088607788, 191.703948975, 192.307662964, 192.922988892, 193.538314819, 194.153640747, 194.768981934, 195.384307861, 195.999633789, 196.603347778, 197.207077026, 197.822402954, 198.437728882, 199.041442871, 199.656768799, 200.272109985, 200.887435913, 201.502761841, 202.10647583, 202.721817017, 203.337142944, 203.940856934, 204.556182861, 205.171508789, 205.775238037, 206.390563965, 207.005889893, 207.62121582, 208.236557007, 208.840270996, 209.443984985, 210.059310913, 210.6746521, 211.289978027, 211.905303955, 212.509017944, 213.112747192, 213.72807312, 214.343399048, 214.958724976, 215.574050903, 216.189376831, 216.804718018, 217.408432007, 218.012145996, 218.627471924, 219.24281311, 219.869750977, 220.473464966, 221.077178955, 221.704116821, 222.307846069, 222.911560059, 223.526885986, 224.142211914, 224.757553101, 225.372879028, 225.976593018, 226.591918945, 227.207244873, 227.810974121, 228.426300049, 229.041625977, 229.656951904, 230.260681152, 230.87600708, 231.479721069, 232.095046997, 232.698776245, 233.314102173, 233.929428101, 234.544754028, 235.160079956, 235.775421143, 236.379135132, 236.99446106, 237.609786987, 238.213516235, 238.828842163, 239.444168091, 240.059494019, 240.674819946, 241.278549194, 241.893875122, 242.50920105, 243.112915039, 243.716644287, 244.331970215, 244.947296143, 245.56262207, 246.177947998, 246.793289185, 247.420227051, 248.047164917, 248.685714722, 249.312652588, 249.939590454],
    "bpm_histogram": [0, 0, 0, 0, 0, 0, 0, 0, 0, 0, 0, 0, 0, 0, 0, 0, 0, 0, 0, 0, 0, 0, 0, 0, 0, 0, 0, 0, 0, 0, 0, 0, 0, 0, 0, 0, 0, 0, 0, 0, 0, 0, 0, 0, 0, 0, 0, 0, 0, 0, 0, 0, 0, 0, 0, 0, 0, 0, 0, 0, 0, 0, 0, 0, 0, 0, 0, 0, 0, 0, 0, 0, 0, 0, 0, 0, 0, 0, 0, 0, 0, 0, 0, 0, 0, 0, 0, 0, 0, 0, 0, 0.00245700241067, 0, 0, 0.00245700241067, 0, 0.0319410301745, 0, 0.668304681778, 0.294840306044, 0, 0, 0, 0, 0, 0, 0, 0, 0, 0, 0, 0, 0, 0, 0, 0, 0, 0, 0, 0, 0, 0, 0, 0, 0, 0, 0, 0, 0, 0, 0, 0, 0, 0, 0, 0, 0, 0, 0, 0, 0, 0, 0, 0, 0, 0, 0, 0, 0, 0, 0, 0, 0, 0, 0, 0, 0, 0, 0, 0, 0, 0, 0, 0, 0, 0, 0, 0, 0, 0, 0, 0, 0, 0, 0, 0, 0, 0, 0, 0, 0, 0, 0, 0, 0, 0, 0, 0, 0, 0, 0, 0, 0, 0, 0, 0, 0, 0, 0, 0, 0, 0, 0, 0, 0, 0, 0, 0, 0, 0, 0, 0, 0, 0, 0, 0, 0, 0, 0, 0, 0, 0, 0, 0, 0, 0, 0, 0, 0, 0, 0, 0, 0, 0, 0, 0, 0, 0, 0, 0, 0, 0, 0, 0, 0, 0, 0, 0, 0, 0]
},
"tonal": {
    "chords_changes_rate": 0.0979811102152,
    "chords_number_rate": 0.00240785325877,
    "chords_strength": {
        "mean": 0.51067084074,
        "stdev": 0.147223636508
    },
    "hpcp_crest": {
        "mean": 13.1216430664,
        "stdev": 6.00209093094
    },
    "hpcp_entropy": {
        "mean": 1.97350800037,
        "stdev": 0.741871833801
    },
    "key_edma": {
        "strength": 0.592140138149,
        "key": "C",
        "scale": "minor"
    },
    "key_krumhansl": {
        "strength": 0.597799241543,
        "key": "C",
        "scale": "minor"
    },
    "key_temperley": {
        "strength": 0.602575004101,
        "key": "C",
        "scale": "minor"
    },
    "tuning_diatonic_strength": 0.640035867691,
    "tuning_equal_tempered_deviation": 0.158327162266,
    "tuning_frequency": 434.193115234,
    "tuning_nontempered_energy_ratio": 0.892203271389,
    "hpcp": {
        "mean": [0.0791790708899, 0.100412003696, 0.141449928284, 0.169302806258, 0.14717040956, 0.106911376119, 0.110646933317, 0.132696345448, 0.183448657393, 0.265883266926, 0.225283190608, 0.122551754117, 0.0697838068008, 0.0499981641769, 0.0671907737851, 0.106981240213, 0.122926175594, 0.110159106553, 0.121712893248, 0.117062017322, 0.0834828913212, 0.0568227134645, 0.0464963689446, 0.0584339052439, 0.0787256360054, 0.0775440111756, 0.061251912266, 0.0508311651647, 0.051466461271, 0.0788681656122, 0.140643656254, 0.150367841125, 0.10487356782, 0.11890694499, 0.120360843837, 0.0823601782322],
        "stdev": [0.193301022053, 0.223241448402, 0.274214267731, 0.301946133375, 0.270188391209, 0.221651628613, 0.242567837238, 0.267837822437, 0.300633728504, 0.370425969362, 0.325990825891, 0.250007480383, 0.18519423902, 0.153677612543, 0.172851115465, 0.209282115102, 0.220186978579, 0.207412958145, 0.214289575815, 0.21774071455, 0.191287964582, 0.156350031495, 0.13796877861, 0.147363901138, 0.159101709723, 0.16373822093, 0.157044664025, 0.136616945267, 0.140412271023, 0.171963602304, 0.224067136645, 0.225723966956, 0.196976467967, 0.244520932436, 0.270241856575, 0.194341391325]
    },
    "chords_histogram": [27.4310054779, 7.96443796158, 12.6134471893, 5.38988685608, 3.61177992821, 7.18651580811, 1.20392668247, 5.79736995697, 0.611224293709, 8.61270618439, 0.907575488091, 1.31505835056, 0.0740877911448, 0.555658459663, 0.0555658452213, 0, 2.66716051102, 0, 0.77792185545, 0.296351164579, 0.0370438955724, 0.222263380885, 3.33395075798, 9.33506202698],
    "thpcp": [1, 0.847301125526, 0.460923165083, 0.262460321188, 0.188045546412, 0.252707779408, 0.402361690998, 0.46233138442, 0.414313793182, 0.457768172026, 0.440275996923, 0.313983231783, 0.213713005185, 0.174875125289, 0.219772785902, 0.296090990305, 0.291646838188, 0.230371445417, 0.191178500652, 0.193567886949, 0.296627044678, 0.528967678547, 0.565540850163, 0.394434630871, 0.447214841843, 0.452683031559, 0.309760659933, 0.297796368599, 0.377654463053, 0.532000124454, 0.636756181717, 0.553515136242, 0.402098923922, 0.416148543358, 0.49907746911, 0.689959406853],
    "chords_key": "C",
    "chords_scale": "minor"
}
}