{
"metadata": {
    "version": {
        "essentia": "2.1-dev",
        "essentia_git_sha": "v2.1_beta3-415-gd5473f3",
        "extractor": "music 2.0"
    },
    "audio_properties": {
        "analysis": {
            "equal_loudness": 0,
            "length": 234.893066406,
            "sample_rate": 44100,
            "start_time": 0,
            "downmix": "mix"
        },
        "bit_rate": 192000,
        "length": 234.893066406,
        "lossless": 0,
        "number_channels": 2,
        "replay_gain": -10.7649726868,
        "sample_rate": 44100,
        "codec": "mp3",
        "md5_encoded": "1ba3bce85cf2dcfb9e6f0d9b3c9b9b36"
    },
    "tags": {
        "file_name": "nacho_cano-colgado_de_ti.mp3",
        "album": ["Nacho Cano"],
        "artist": ["Nacho Cano"],
        "genre": ["Other"],
        "title": ["Colgado de ti"]
    }
},
"lowlevel": {
    "average_loudness": 0.770706117153,
    "barkbands_crest": {
        "mean": 11.9137592316,
        "stdev": 4.62890672684
    },
    "barkbands_flatness_db": {
        "mean": 0.186687469482,
        "stdev": 0.0655855312943
    },
    "barkbands_kurtosis": {
        "mean": 6.31890630722,
        "stdev": 13.2472238541
    },
    "barkbands_skewness": {
        "mean": 1.45008134842,
        "stdev": 1.54574632645
    },
    "barkbands_spread": {
        "mean": 16.5809707642,
        "stdev": 13.6607751846
    },
    "dissonance": {
        "mean": 0.42421746254,
        "stdev": 0.0505459271371
    },
    "dynamic_complexity": 4.94442415237,
    "erbbands_crest": {
        "mean": 12.3441228867,
        "stdev": 5.5260887146
    },
    "erbbands_flatness_db": {
        "mean": 0.206992849708,
        "stdev": 0.0695338919759
    },
    "erbbands_kurtosis": {
        "mean": 2.60050106049,
        "stdev": 6.16633796692
    },
    "erbbands_skewness": {
        "mean": 0.702769339085,
        "stdev": 1.19070136547
    },
    "erbbands_spread": {
        "mean": 28.7804756165,
        "stdev": 20.494934082
    },
    "hfc": {
        "mean": 15.8362226486,
        "stdev": 17.9202442169
    },
    "loudness_ebu128": {
        "integrated": -13.5887022018,
        "loudness_range": 8.94373035431,
        "momentary": {
            "mean": -16.967716217,
            "stdev": 16.5080394745
        },
        "short_term": {
            "mean": -15.5336809158,
            "stdev": 5.97640562057
        }
    },
    "melbands_crest": {
        "mean": 15.7182741165,
        "stdev": 6.31216144562
    },
    "melbands_flatness_db": {
        "mean": 0.247107252479,
        "stdev": 0.0776012539864
    },
    "melbands_kurtosis": {
        "mean": 12.1859493256,
        "stdev": 20.4917755127
    },
    "melbands_skewness": {
        "mean": 2.06764173508,
        "stdev": 1.84712409973
    },
    "melbands_spread": {
        "mean": 20.9992675781,
        "stdev": 22.2471179962
    },
    "pitch_salience": {
        "mean": 0.5036277771,
        "stdev": 0.126667305827
    },
    "silence_rate_20dB": {
        "mean": 1,
        "stdev": 0
    },
    "silence_rate_30dB": {
        "mean": 0.999604642391,
        "stdev": 0.0198803842068
    },
    "silence_rate_60dB": {
        "mean": 0.138875156641,
        "stdev": 0.345817416906
    },
    "spectral_centroid": {
        "mean": 1106.64904785,
        "stdev": 867.916503906
    },
    "spectral_complexity": {
        "mean": 10.8785209656,
        "stdev": 5.5820274353
    },
    "spectral_decrease": {
        "mean": -5.91957061147e-09,
        "stdev": 5.46105738408e-09
    },
    "spectral_energy": {
        "mean": 0.0237782318145,
        "stdev": 0.0218144003302
    },
    "spectral_energyband_high": {
        "mean": 0.000319049955579,
        "stdev": 0.000656534160953
    },
    "spectral_energyband_low": {
        "mean": 0.00616504158825,
        "stdev": 0.0105256848037
    },
    "spectral_energyband_middle_high": {
        "mean": 0.00636346498504,
        "stdev": 0.0120614757761
    },
    "spectral_energyband_middle_low": {
        "mean": 0.0104408888146,
        "stdev": 0.0116393268108
    },
    "spectral_entropy": {
        "mean": 6.974650383,
        "stdev": 0.71751075983
    },
    "spectral_flux": {
        "mean": 0.0580924749374,
        "stdev": 0.0435492582619
    },
    "spectral_kurtosis": {
        "mean": 9.22239780426,
        "stdev": 18.6158447266
    },
    "spectral_rms": {
        "mean": 0.00424175895751,
        "stdev": 0.00228160736151
    },
    "spectral_rolloff": {
        "mean": 1361.82751465,
        "stdev": 2001.81958008
    },
    "spectral_skewness": {
        "mean": 2.10176634789,
        "stdev": 1.20544040203
    },
    "spectral_spread": {
        "mean": 4575591.5,
        "stdev": 3253485.25
    },
    "spectral_strongpeak": {
        "mean": 1.45761120319,
        "stdev": 2.09399580956
    },
    "zerocrossingrate": {
        "mean": 0.0535074584186,
        "stdev": 0.0530394017696
    },
    "barkbands": {
        "mean": [0.00273786438629, 0.00333287194371, 0.000624547246844, 0.000469847582281, 0.00214121770114, 0.00337676913477, 0.00163926731329, 0.000524469127413, 0.00218711514026, 0.000838610983919, 0.00122701842338, 0.00199851440266, 0.000515160674695, 0.000847125018481, 0.000317729514791, 0.0002959704143, 6.81671008351e-05, 8.21293142508e-05, 0.000139129973832, 0.000137528288178, 3.00658266497e-05, 3.3867876482e-05, 6.77138668834e-05, 7.90363847045e-05, 4.83011826873e-05, 1.66908448591e-05, 1.50483060679e-06],
        "stdev": [0.00654535042122, 0.00673793861642, 0.00193497317377, 0.00126439786982, 0.00421098805964, 0.00716123171151, 0.00469573726878, 0.00170420226641, 0.00515153305605, 0.00253982143477, 0.00488828402013, 0.00586423184723, 0.00199424778111, 0.00349975889549, 0.000890971918125, 0.000678046490066, 0.000150639185449, 0.000155725312652, 0.000302421394736, 0.000316532765282, 6.42341328785e-05, 0.000102141479147, 0.000162713229656, 0.000252086552791, 0.000169009843376, 4.22627708758e-05, 4.92184199175e-06]
    },
    "erbbands": {
        "mean": [0.164396777749, 0.507429599762, 0.778758406639, 1.27823901176, 2.96584844589, 7.91699171066, 16.2018299103, 32.949886322, 24.5595932007, 20.2301940918, 12.4929761887, 33.1960792542, 53.8568878174, 49.6307563782, 51.0662307739, 55.0185012817, 27.9136886597, 27.5736904144, 37.7395210266, 12.6432285309, 18.3141708374, 5.13879203796, 4.53335762024, 7.2420091629, 7.95657300949, 4.83300209045, 1.79095768929, 0.999450981617, 1.16914951801, 1.52725863457, 2.08678412437, 1.8106534481, 1.19523072243, 0.708319664001, 0.234863445163, 0.0758415088058, 0.0299226976931, 0.00678006932139, 0.000160637515364, 3.24312713929e-05],
        "stdev": [0.304401785135, 1.43786787987, 2.35301804543, 3.82492542267, 6.85943317413, 17.8596744537, 36.6478652954, 71.0579833984, 57.4221305847, 66.041595459, 27.7330760956, 69.5145263672, 117.570121765, 188.843460083, 124.193252563, 160.194747925, 96.5267028809, 79.9382629395, 143.163467407, 24.1356296539, 44.8168792725, 9.5416841507, 8.2771024704, 17.5352020264, 16.5272655487, 9.24064445496, 3.10116028786, 2.4966802597, 3.56525540352, 3.89160466194, 5.12986469269, 6.06181144714, 3.51985859871, 2.43639731407, 0.863904714584, 0.20751516521, 0.0783913582563, 0.0199379753321, 0.000432967935922, 3.01203272102e-05]
    },
    "gfcc": {
        "mean": [-70.0631942749, 106.123420715, -120.199661255, 11.9039812088, -61.5866355896, 10.4866876602, -41.0128479004, 6.70121669769, -21.8244895935, 0.243369400501, -2.10283231735, 1.95552873611, -3.35269641876],
        "cov": [[18312.7167969, -1365.13684082, -58.6935348511, 252.275924683, -181.09715271, 1227.06677246, 47.1006317139, 1068.80212402, -340.328521729, 659.780273438, -88.4989089966, 197.946533203, -135.806488037], [-1365.13684082, 1819.38696289, -252.557601929, -84.8078994751, 245.232818604, -396.712615967, 165.698043823, -243.04258728, 169.40435791, -209.564300537, 144.659332275, -116.293357849, 96.9110870361], [-58.6935348511, -252.557601929, 1397.65905762, 279.426727295, -60.4615211487, 194.183746338, -96.7751235962, 120.157821655, 130.210418701, 83.0355224609, -104.995986938, 147.262420654, -107.855911255], [252.275924683, -84.8078994751, 279.426727295, 635.787353516, 110.285995483, 101.190666199, -58.2284202576, -35.9741859436, 145.597976685, -69.6757659912, -119.851760864, 76.2730789185, -53.4974098206], [-181.09715271, 245.232818604, -60.4615211487, 110.285995483, 565.357177734, 108.467376709, 147.489578247, 35.9482917786, 63.9417457581, 21.8869342804, -31.2437973022, 2.90354204178, -12.6207952499], [1227.06677246, -396.712615967, 194.183746338, 101.190666199, 108.467376709, 475.770019531, 78.178527832, 119.737869263, -9.94954299927, 96.0261383057, -52.6601486206, 14.2775306702, -38.4718475342], [47.1006317139, 165.698043823, -96.7751235962, -58.2284202576, 147.489578247, 78.178527832, 285.303924561, 82.7418746948, -2.2917368412, 59.2247543335, 53.8791809082, -28.7080917358, 12.7036428452], [1068.80212402, -243.04258728, 120.157821655, -35.9741859436, 35.9482917786, 119.737869263, 82.7418746948, 303.881439209, 4.07188653946, 103.58506012, 24.5775604248, 21.4423027039, 10.3610115051], [-340.328521729, 169.40435791, 130.210418701, 145.597976685, 63.9417457581, -9.94954299927, -2.2917368412, 4.07188653946, 233.787246704, -8.49308586121, -34.5700721741, 30.4211368561, -12.713517189], [659.780273438, -209.564300537, 83.0355224609, -69.6757659912, 21.8869342804, 96.0261383057, 59.2247543335, 103.58506012, -8.49308586121, 211.230102539, 44.694858551, 2.65473508835, -19.5876846313], [-88.4989089966, 144.659332275, -104.995986938, -119.851760864, -31.2437973022, -52.6601486206, 53.8791809082, 24.5775604248, -34.5700721741, 44.694858551, 194.544433594, -1.08231532574, 46.3470840454], [197.946533203, -116.293357849, 147.262420654, 76.2730789185, 2.90354204178, 14.2775306702, -28.7080917358, 21.4423027039, 30.4211368561, 2.65473508835, -1.08231532574, 142.84979248, 14.3049144745], [-135.806488037, 96.9110870361, -107.855911255, -53.4974098206, -12.6207952499, -38.4718475342, 12.7036428452, 10.3610115051, -12.713517189, -19.5876846313, 46.3470840454, 14.3049144745, 141.419311523]],
        "icov": [[0.000133454072056, -0.000263482652372, 0.000209652163903, -0.000180913819349, 0.000244541297434, -0.00039856278454, 0.000309554219712, -0.000582797685638, 0.000407044572057, -0.000484795076773, 0.000300966145005, -0.000434149667853, 0.000243187561864], [-0.000263482652372, 0.00202195299789, -0.000745920347981, 0.000633273390122, -0.00120512081776, 0.00168593693525, -0.00158718111925, 0.00210997904651, -0.00200216611847, 0.00226865126751, -0.001797583187, 0.00214531156234, -0.00112251611426], [0.000209652163903, -0.000745920347981, 0.00145348964725, -0.000562886649277, 0.000781950016972, -0.00106928579044, 0.000956216128543, -0.00143937405664, 0.000550985510927, -0.00136565987486, 0.000973484129645, -0.00179407815449, 0.00112935598008], [-0.000180913819349, 0.000633273390122, -0.000562886649277, 0.00273694563657, -0.000815344334114, 0.000173318388988, -0.000323623535223, 0.00124107324518, -0.00185111956671, 0.00174224900547, -5.2099036111e-05, -5.83554037803e-06, 3.45690023096e-06], [0.000244541297434, -0.00120512081776, 0.000781950016972, -0.000815344334114, 0.00311515061185, -0.00145019358024, -0.000186014527571, -0.0014744362561, 0.000847887538839, -0.0016249739565, 0.00158352218568, -0.00164921511896, 0.000855845981278], [-0.00039856278454, 0.00168593693525, -0.00106928579044, 0.000173318388988, -0.00145019358024, 0.00471705524251, -0.00211863708682, 0.0016378936125, -0.00116069370415, 0.00117687066086, -0.000710648251697, 0.00213990337215, -0.000988787738606], [0.000309554219712, -0.00158718111925, 0.000956216128543, -0.000323623535223, -0.000186014527571, -0.00211863708682, 0.00647441064939, -0.00288416165859, 0.00145635369699, -0.00233142822981, 0.000187614525203, -0.000936920929234, 0.00086982070934], [-0.000582797685638, 0.00210997904651, -0.00143937405664, 0.00124107324518, -0.0014744362561, 0.0016378936125, -0.00288416165859, 0.00769294705242, -0.00270477100275, 0.00143196422141, -0.00208294903859, 0.0022335590329, -0.00221251626499], [0.000407044572057, -0.00200216611847, 0.000550985510927, -0.00185111956671, 0.000847887538839, -0.00116069370415, 0.00145635369699, -0.00270477100275, 0.0075894612819, -0.00277002411895, 0.00229392037727, -0.00263606803492, 0.00112361647189], [-0.000484795076773, 0.00226865126751, -0.00136565987486, 0.00174224900547, -0.0016249739565, 0.00117687066086, -0.00233142822981, 0.00143196422141, -0.00277002411895, 0.00984846334904, -0.00378131540492, 0.00260968785733, -3.26834961015e-05], [0.000300966145005, -0.001797583187, 0.000973484129645, -5.2099036111e-05, 0.00158352218568, -0.000710648251697, 0.000187614525203, -0.00208294903859, 0.00229392037727, -0.00378131540492, 0.00878151319921, -0.00275970995426, -0.000588974449784], [-0.000434149667853, 0.00214531156234, -0.00179407815449, -5.83554037803e-06, -0.00164921511896, 0.00213990337215, -0.000936920929234, 0.0022335590329, -0.00263606803492, 0.00260968785733, -0.00275970995426, 0.011291061528, -0.00301526044495], [0.000243187561864, -0.00112251611426, 0.00112935598008, 3.45690023096e-06, 0.000855845981278, -0.000988787738606, 0.00086982070934, -0.00221251626499, 0.00112361647189, -3.26834961015e-05, -0.000588974449784, -0.00301526044495, 0.00942242983729]]
    },
    "melbands": {
        "mean": [0.0013790789526, 0.000505954201799, 0.000257023319136, 0.000369262619643, 0.000537520623766, 0.000705796002876, 0.000379896984668, 0.000200149035663, 9.37608419918e-05, 0.000271245226031, 0.000273760873824, 0.000193037907593, 0.000153306144057, 0.000227748780162, 9.22879116843e-05, 5.87765316595e-05, 5.15504289069e-05, 7.51473780838e-05, 2.46514791797e-05, 1.19914511743e-05, 2.26668489631e-05, 4.5092383516e-06, 3.12872862196e-06, 4.38793131252e-06, 6.149039109e-06, 5.13665827384e-06, 6.61665399093e-06, 2.53961616181e-06, 1.26428301428e-06, 6.0142303937e-07, 5.43965199995e-07, 6.61951048642e-07, 6.78535570842e-07, 9.14923589335e-07, 1.22940161873e-06, 1.11367660338e-06, 1.12478937808e-06, 8.33946046441e-07, 7.78668550083e-07, 5.29776855274e-07],
        "stdev": [0.00246581691317, 0.00144544104114, 0.000644692860078, 0.000867883616593, 0.00107804930303, 0.00147080654278, 0.000864210480358, 0.000634205003735, 0.000204110518098, 0.000619803147856, 0.00061212584842, 0.000711429689545, 0.000393719674321, 0.0007096164627, 0.000514025276061, 0.000252330122748, 0.000168383994605, 0.000328708003508, 6.85903869453e-05, 2.46565014095e-05, 5.9971545852e-05, 1.05805829662e-05, 6.27946519671e-06, 8.97934842214e-06, 1.65950605151e-05, 9.70665314526e-06, 1.69161576196e-05, 5.40022483619e-06, 2.24919153879e-06, 1.58037289566e-06, 1.44942509905e-06, 2.15939280679e-06, 1.99942314794e-06, 2.25952021538e-06, 3.01604063679e-06, 3.26474469148e-06, 4.11185283156e-06, 2.54975657299e-06, 2.44858392762e-06, 1.97409462999e-06]
    },
    "melbands128": {
        "mean": [0.00196410994977, 0.00168738875072, 0.00113941612653, 0.000778907560743, 0.000448176404461, 0.000300212996081, 0.00025389806251, 0.000229965356993, 0.000285270041786, 0.000335785851348, 0.000445836863946, 0.000525064475369, 0.000561957946047, 0.00052048440557, 0.00079450319754, 0.000816773914266, 0.000433918612543, 0.000287593604298, 0.000380586541723, 0.000212866696529, 0.000117797098937, 0.000132029264932, 6.65816551191e-05, 9.40952450037e-05, 9.32498660404e-05, 0.000385071471101, 0.000604024564382, 0.000109687287477, 0.00022675213404, 7.23764969734e-05, 0.00029237891431, 0.000219745692448, 6.21712533757e-05, 7.89757978055e-05, 0.000490293023176, 0.000150176580064, 4.75942724734e-05, 0.000186744437087, 2.51257442869e-05, 4.15887116105e-05, 7.13824483682e-05, 7.52619089326e-05, 2.19511330215e-05, 1.67305861396e-05, 0.000185660479474, 4.56229681731e-05, 1.77690471901e-05, 4.60983646917e-05, 1.3217841115e-05, 8.54962218e-06, 1.14693866635e-05, 6.8957529038e-06, 4.63374235551e-05, 1.48979852383e-05, 2.85719943349e-06, 5.7290899349e-06, 3.66379777006e-06, 2.16551279664e-06, 3.36930429512e-06, 4.38337337982e-06, 4.91811852044e-06, 3.68619589608e-06, 3.54036910721e-06, 7.95258165454e-06, 9.54296501732e-06, 2.72396755463e-06, 2.09749487112e-06, 1.19531196106e-05, 6.27247482043e-06, 2.00955651053e-06, 3.01281897919e-06, 2.87502348328e-06, 1.05219794477e-06, 1.39315750403e-06, 7.32958028493e-07, 5.51950734007e-07, 5.47949184693e-07, 6.02626528234e-07, 4.86125941279e-07, 5.44772376543e-07, 7.3834826253e-07, 6.65487903007e-07, 5.74762339056e-07, 7.13720794465e-07, 7.07903041075e-07, 8.27541100534e-07, 1.01144132714e-06, 1.05260858163e-06, 1.26866996197e-06, 1.39929238685e-06, 1.05001879547e-06, 1.05863591671e-06, 1.14158149245e-06, 1.1493987131e-06, 1.16709759368e-06, 8.55488679008e-07, 7.37278128327e-07, 8.34210197809e-07, 7.24405310848e-07, 8.68706536039e-07, 6.26326027486e-07, 4.92435958677e-07, 3.69082130192e-07, 2.91333748237e-07, 2.55968416241e-07, 2.21188301452e-07, 1.655951678e-07, 1.49420287698e-07, 1.30689798539e-07, 9.15758775477e-08, 8.94445193467e-08, 9.43842550782e-08, 8.40775342681e-08, 1.110815262e-07, 1.05440463471e-07, 7.12267933523e-08, 5.47693481678e-08, 6.31107388571e-09, 4.04020133321e-12, 3.79546524418e-12, 3.69431655406e-12, 3.60902475439e-12, 3.53128615758e-12, 3.46784124854e-12, 3.41612111862e-12, 3.37714209896e-12, 3.34830318853e-12, 3.32789893732e-12],
        "stdev": [0.00427781930193, 0.00331904762425, 0.00254186522216, 0.00251082913019, 0.00149521662388, 0.000949818466324, 0.000895346980542, 0.000557967810892, 0.000719140167348, 0.00109130947385, 0.00137479801197, 0.00118822639342, 0.00150350807235, 0.00182558048982, 0.0019619888626, 0.00198369822465, 0.0013193768682, 0.00087147182785, 0.00142760702875, 0.000973328948021, 0.000534519029316, 0.000464392418507, 0.000172720639966, 0.000266437302344, 0.000331365008606, 0.000977236079052, 0.00177621527109, 0.000281108543277, 0.000892871350516, 0.000233372367802, 0.00150642334484, 0.000983651727438, 0.000234388455283, 0.000420617754571, 0.00171944999602, 0.000511173799168, 0.000247683317866, 0.00115971046034, 0.000120617478387, 0.000221549067646, 0.000444307661382, 0.000375939824153, 8.29835407785e-05, 6.21820945526e-05, 0.000982547644526, 0.000195036394871, 7.09044252289e-05, 0.000168602127815, 3.79436496587e-05, 2.77980834653e-05, 4.2200430471e-05, 2.08388046303e-05, 0.000143057317473, 4.00494027417e-05, 9.71753252088e-06, 1.80484148586e-05, 1.13947462523e-05, 6.60778277961e-06, 9.07617686607e-06, 1.21298726299e-05, 1.42640828926e-05, 9.88235933619e-06, 1.69454051502e-05, 3.64375846402e-05, 2.28317876463e-05, 9.34329000302e-06, 5.24739198227e-06, 3.41771192325e-05, 1.9065611923e-05, 4.40844723926e-06, 9.26391930989e-06, 8.91134550329e-06, 2.39068663177e-06, 2.77014191852e-06, 1.9480685296e-06, 1.83239228591e-06, 1.51011238358e-06, 1.77286585767e-06, 1.44178159189e-06, 1.79089227004e-06, 2.95820427709e-06, 2.29554825637e-06, 1.94985614144e-06, 2.11285350815e-06, 2.4735209081e-06, 2.32686215895e-06, 2.44799025495e-06, 2.78886909655e-06, 3.43694136973e-06, 3.71285977963e-06, 2.93491893899e-06, 3.63956473848e-06, 4.3346253733e-06, 4.51773212262e-06, 4.90041020385e-06, 3.17487888424e-06, 2.12215081774e-06, 2.42209330281e-06, 2.71798717222e-06, 2.74045169135e-06, 2.47829530053e-06, 2.07799098462e-06, 1.47378659676e-06, 1.22442600059e-06, 1.04127821032e-06, 9.13588849016e-07, 6.20981779775e-07, 4.41835140919e-07, 3.62384014352e-07, 2.29875212199e-07, 2.25312064117e-07, 2.527701497e-07, 2.24296030638e-07, 3.30807466753e-07, 3.09881272642e-07, 2.14081779859e-07, 1.74397641217e-07, 2.09849329025e-08, 7.18470855726e-12, 6.80635018832e-12, 6.6302510357e-12, 6.47739414189e-12, 6.34536043501e-12, 6.23393090621e-12, 6.1395055706e-12, 6.06626511176e-12, 6.01185030577e-12, 5.97879645098e-12]
    },
    "mfcc": {
        "mean": [-710.753356934, 135.881576538, 2.90968847275, 4.81707620621, 2.39083361626, -4.96096086502, 0.928783416748, -0.480715990067, -11.8541965485, 5.26076507568, -7.19532346725, -3.13597583771, 6.66544485092],
        "cov": [[10019.5576172, -170.317520142, -346.898620605, -151.708999634, 179.888031006, 224.613998413, 594.296936035, 316.512084961, 191.637329102, 573.059387207, 118.603302002, -81.3228759766, 127.298934937], [-170.317520142, 1644.52697754, -326.059814453, 131.83581543, -13.3567171097, -86.7353668213, 56.4827384949, -23.8996219635, -44.3896102905, 39.741104126, -5.56352949142, 2.62214994431, 88.8333053589], [-346.898620605, -326.059814453, 1164.12255859, 119.046981812, 97.3920059204, 88.9302215576, -226.510055542, 86.9135055542, 55.505355835, -56.924118042, 75.004447937, 91.7455825806, -98.5185699463], [-151.708999634, 131.83581543, 119.046981812, 448.500091553, 146.785980225, 88.1431045532, -117.295249939, 81.62134552, 65.9686660767, -73.7243499756, 45.2989006042, 72.0654678345, -22.4916305542], [179.888031006, -13.3567171097, 97.3920059204, 146.785980225, 355.057250977, 146.702560425, -1.15072500706, 105.099952698, 96.6954574585, 2.83662939072, 25.2526493073, 37.7767944336, 1.05388736725], [224.613998413, -86.7353668213, 88.9302215576, 88.1431045532, 146.702560425, 384.827514648, 29.6326217651, 93.9550018311, 89.89112854, -0.360198974609, 52.3735733032, 32.7806854248, -11.6933937073], [594.296936035, 56.4827384949, -226.510055542, -117.295249939, -1.15072500706, 29.6326217651, 412.928009033, 15.2944374084, 4.56700468063, 125.50793457, 15.5371227264, -42.5928649902, 82.4199447632], [316.512084961, -23.8996219635, 86.9135055542, 81.62134552, 105.099952698, 93.9550018311, 15.2944374084, 211.781311035, 89.3434677124, 9.13995742798, 21.5181217194, 25.9599609375, 10.9496974945], [191.637329102, -44.3896102905, 55.505355835, 65.9686660767, 96.6954574585, 89.89112854, 4.56700468063, 89.3434677124, 209.394851685, 48.6317672729, 43.3696022034, 29.76994133, -7.07709932327], [573.059387207, 39.741104126, -56.924118042, -73.7243499756, 2.83662939072, -0.360198974609, 125.50793457, 9.13995742798, 48.6317672729, 207.488342285, 63.9580421448, -30.0269489288, 27.5496559143], [118.603302002, -5.56352949142, 75.004447937, 45.2989006042, 25.2526493073, 52.3735733032, 15.5371227264, 21.5181217194, 43.3696022034, 63.9580421448, 155.064712524, 58.6433753967, 2.56410646439], [-81.3228759766, 2.62214994431, 91.7455825806, 72.0654678345, 37.7767944336, 32.7806854248, -42.5928649902, 25.9599609375, 29.76994133, -30.0269489288, 58.6433753967, 146.515182495, 35.0510406494], [127.298934937, 88.8333053589, -98.5185699463, -22.4916305542, 1.05388736725, -11.6933937073, 82.4199447632, 10.9496974945, -7.07709932327, 27.5496559143, 2.56410646439, 35.0510406494, 161.151412964]],
        "icov": [[0.000130049957079, 2.80030453723e-05, 3.06457332044e-05, -1.47919781739e-05, -1.11758754429e-05, -4.03770754929e-05, -7.09571395419e-05, -0.00018272343732, 5.69562980672e-05, -0.000357567652827, 8.50363721838e-05, -3.90767563658e-05, 1.51281719809e-05], [2.80030453723e-05, 0.000712863169611, 0.000184378528502, -0.000379049946787, 2.01592301892e-05, 0.000121506971482, -5.62884588362e-06, -1.32225304696e-05, 0.000196650144062, -0.000335874792654, 8.55045946082e-05, -3.6276087485e-05, -0.000270217802608], [3.06457332044e-05, 0.000184378528502, 0.00114974786993, 2.83362942355e-06, -0.00013994568144, -5.74897821934e-05, 0.000488152640173, -0.000430411833804, 0.000157266811584, -0.0001531366579, -0.000322991167195, -0.000494066684041, 0.00049945153296], [-1.47919781739e-05, -0.000379049946787, 2.83362942355e-06, 0.00340946903452, -0.000975502305664, -0.000100909303001, 0.000612200703472, -0.000582358974498, -0.000433230656199, 0.00132743362337, -0.00106452824548, -0.000406525330618, 0.000283140514512], [-1.11758754429e-05, 2.01592301892e-05, -0.00013994568144, -0.000975502305664, 0.00411230046302, -0.000966252293438, -0.000156705835252, -0.000823402253445, -0.000782889837865, -0.000324468041072, 0.000621841521934, -0.000313993048621, -0.000105411971163], [-4.03770754929e-05, 0.000121506971482, -5.74897821934e-05, -0.000100909303001, -0.000966252293438, 0.00353675358929, -0.000510160054546, -0.000586798822042, -0.000694591726642, 0.000847487302963, -0.00102061126381, 0.00012790193432, 0.000292460725177], [-7.09571395419e-05, -5.62884588362e-06, 0.000488152640173, 0.000612200703472, -0.000156705835252, -0.000510160054546, 0.00382591946982, -0.000379889301257, 0.00034474444692, -0.00144947227091, -0.000257883191807, 0.000764576660004, -0.00142315961421], [-0.00018272343732, -1.32225304696e-05, -0.000430411833804, -0.000582358974498, -0.000823402253445, -0.000586798822042, -0.000379889301257, 0.00695222150534, -0.00210101949051, 0.000658211880364, 0.000209542937228, 0.000111157190986, -0.00074036535807], [5.69562980672e-05, 0.000196650144062, 0.000157266811584, -0.000433230656199, -0.000782889837865, -0.000694591726642, 0.00034474444692, -0.00210101949051, 0.00714286277071, -0.00237126857974, 4.19825737481e-05, -0.00116723321844, 0.000775718945079], [-0.000357567652827, -0.000335874792654, -0.0001531366579, 0.00132743362337, -0.000324468041072, 0.000847487302963, -0.00144947227091, 0.000658211880364, -0.00237126857974, 0.00983616057783, -0.00486108521, 0.00331542734057, -0.0011099812109], [8.50363721838e-05, 8.55045946082e-05, -0.000322991167195, -0.00106452824548, 0.000621841521934, -0.00102061126381, -0.000257883191807, 0.000209542937228, 4.19825737481e-05, -0.00486108521, 0.0109471827745, -0.00497474614531, 0.00131990690716], [-3.90767563658e-05, -3.6276087485e-05, -0.000494066684041, -0.000406525330618, -0.000313993048621, 0.00012790193432, 0.000764576660004, 0.000111157190986, -0.00116723321844, 0.00331542734057, -0.00497474614531, 0.0113627072424, -0.00370550039224], [1.51281719809e-05, -0.000270217802608, 0.00049945153296, 0.000283140514512, -0.000105411971163, 0.000292460725177, -0.00142315961421, -0.00074036535807, 0.000775718945079, -0.0011099812109, 0.00131990690716, -0.00370550039224, 0.0084960674867]]
    },
    "spectral_contrast_coeffs": {
        "mean": [-0.702140748501, -0.677381932735, -0.675674259663, -0.728517949581, -0.766942024231, -0.810988128185],
        "stdev": [0.0986289530993, 0.0961145311594, 0.105424501002, 0.0807615444064, 0.0585971809924, 0.0401645749807]
    },
    "spectral_contrast_valleys": {
        "mean": [-7.5633649826, -7.62539386749, -8.3868522644, -8.80121803284, -8.9150428772, -11.0865678787],
        "stdev": [1.85828089714, 1.75994420052, 1.70610952377, 1.67964351177, 1.74151349068, 1.90234518051]
    }
},
"rhythm": {
    "beats_count": 379,
    "beats_loudness": {
        "mean": 0.0333666428924,
        "stdev": 0.0241156481206
    },
    "bpm": 96.9836196899,
    "bpm_histogram_first_peak_bpm": 98,
    "bpm_histogram_first_peak_weight": 0.368271946907,
    "bpm_histogram_second_peak_bpm": 91,
    "bpm_histogram_second_peak_spread": 0.230769276619,
    "bpm_histogram_second_peak_weight": 0.0264550261199,
    "danceability": 1.0084130764,
    "onset_rate": 3.78451371193,
    "beats_loudness_band_ratio": {
        "mean": [0.37096965313, 0.294945180416, 0.175965860486, 0.117702282965, 0.0615949295461, 0.033918004483],
        "stdev": [0.300464063883, 0.243180647492, 0.176111668348, 0.143534913659, 0.0915321335196, 0.0567755661905]
    },
    "beats_position": [0.557278871536, 1.11455774307, 1.68344664574, 2.2523355484, 2.80961441994, 3.35528349876, 3.90095233917, 4.45823097229, 5.00390005112, 5.53795909882, 6.06040811539, 6.59446716309, 7.12852573395, 7.80190467834, 8.47528362274, 9.13705158234, 9.79882049561, 10.4489793777, 11.0991382599, 11.749297142, 12.3762359619, 13.0031747818, 13.6185035706, 14.2454423904, 14.8607711792, 15.4760990143, 16.0914287567, 16.7067565918, 17.3220863342, 17.9490242004, 18.575963974, 19.1912918091, 19.8066215515, 20.4219493866, 21.037279129, 21.6526069641, 22.2679367065, 22.8832645416, 23.4985942841, 24.1255321503, 24.7524719238, 25.37940979, 25.9947395325, 26.6100673676, 27.22539711, 27.8407249451, 28.4560546875, 29.0713825226, 29.6983222961, 30.3136501312, 30.9289798737, 31.5559177399, 32.171245575, 32.7865753174, 33.3902931213, 34.0172348022, 34.6441726685, 35.2711105347, 35.8864402771, 36.5017662048, 37.1287078857, 37.7440338135, 38.3593635559, 38.9746932983, 39.5900230408, 40.2053489685, 40.8206787109, 41.4476165771, 42.0629463196, 42.678276062, 43.2936058044, 43.9205436707, 44.5358734131, 45.1511993408, 45.7665290833, 46.3934669495, 47.0087966919, 47.6241264343, 48.2394561768, 48.8547821045, 49.4701118469, 50.0854415894, 50.7123794556, 51.3393173218, 51.9546470642, 52.5699768066, 53.1736946106, 53.8006324768, 54.4275741577, 55.0545120239, 55.6582298279, 56.2851676941, 56.912109375, 57.5274353027, 58.1427650452, 58.7580947876, 59.37342453, 59.9887504578, 60.6040802002, 61.2310180664, 61.8463478088, 62.4616775513, 63.0770072937, 63.7039451599, 64.3192749023, 64.9346008301, 65.5499343872, 66.1768722534, 66.8038101196, 67.4307479858, 68.0460739136, 68.6614074707, 69.26512146, 69.8920593262, 70.5189971924, 71.1343307495, 71.7496566772, 72.3649902344, 72.9803161621, 73.6072540283, 74.210975647, 74.8379135132, 75.4532394409, 76.0801773071, 76.6955108643, 77.310836792, 77.9261627197, 78.5531082153, 79.1568222046, 79.7837600708, 80.3990936279, 81.0260314941, 81.6413574219, 82.2682952881, 82.8720169067, 83.4989547729, 84.1142807007, 84.7412261963, 85.356552124, 85.9834899902, 86.6104278564, 87.2257614136, 87.8410873413, 88.456413269, 89.0717468262, 89.6870727539, 90.3023986816, 90.9293441772, 91.5562820435, 92.1716079712, 92.7869338989, 93.4022674561, 94.0175933838, 94.6329269409, 95.2482528687, 95.8751907349, 96.5021286011, 97.1290664673, 97.7444000244, 98.3597259521, 98.9750518799, 99.590385437, 100.205711365, 100.821044922, 101.447982788, 102.063308716, 102.678634644, 103.305580139, 103.920906067, 104.536231995, 105.151565552, 105.778503418, 106.393829346, 107.009155273, 107.624488831, 108.251426697, 108.866752625, 109.493690491, 110.109024048, 110.724349976, 111.339683533, 111.966621399, 112.581947327, 113.197273254, 113.812606812, 114.427932739, 115.043266296, 115.670204163, 116.28553009, 116.900856018, 117.516189575, 118.143127441, 118.770065308, 119.397003174, 120.012336731, 120.627662659, 121.242988586, 121.858322144, 122.473648071, 123.088973999, 123.715919495, 124.331245422, 124.94657135, 125.573509216, 126.200454712, 126.81578064, 127.431106567, 128.046432495, 128.661773682, 129.265487671, 129.86920166, 130.496139526, 131.123077393, 131.73840332, 132.353744507, 132.980682373, 133.596008301, 134.211334229, 134.838272095, 135.453598022, 136.068939209, 136.684265137, 137.299591064, 137.926528931, 138.541854858, 139.168792725, 139.784118652, 140.399459839, 141.014785767, 141.630111694, 142.245437622, 142.872375488, 143.487701416, 144.103042603, 144.729980469, 145.345306396, 145.960632324, 146.575958252, 147.19128418, 147.818222046, 148.433563232, 149.04888916, 149.675827026, 150.302764893, 150.929702759, 151.556640625, 152.171966553, 152.78729248, 153.402633667, 154.017959595, 154.621673584, 155.24861145, 155.863937378, 156.479278564, 157.106216431, 157.733154297, 158.336868286, 158.963806152, 159.567520142, 160.194458008, 160.809799194, 161.425125122, 162.052062988, 162.679000854, 163.282714844, 163.90965271, 164.513381958, 165.140319824, 165.755645752, 166.382583618, 166.997909546, 167.624847412, 168.228561401, 168.855514526, 169.459228516, 170.086166382, 170.713104248, 171.328430176, 171.943756104, 172.57069397, 173.174423218, 173.789749146, 174.405075073, 175.032012939, 175.658950806, 176.274276733, 176.88961792, 177.504943848, 178.120269775, 178.747207642, 179.374145508, 180.001083374, 180.616409302, 181.231735229, 181.835464478, 182.450790405, 183.066116333, 183.681442261, 184.296783447, 184.923721313, 185.539047241, 186.154373169, 186.781311035, 187.408248901, 188.023574829, 188.638900757, 189.265853882, 189.892791748, 190.519729614, 191.135055542, 191.75038147, 192.377319336, 192.981033325, 193.607971191, 194.223312378, 194.861862183, 195.465576172, 196.0809021, 196.696228027, 197.323165894, 197.926895142, 198.553833008, 199.157546997, 199.772872925, 200.388198853, 201.015136719, 201.642089844, 202.26902771, 202.884353638, 203.499679565, 204.103393555, 204.730331421, 205.334060669, 205.960998535, 206.587936401, 207.214874268, 207.818588257, 208.445526123, 209.049255371, 209.676193237, 210.291519165, 210.906845093, 211.533782959, 212.160720825, 212.764434814, 213.391372681, 213.995101929, 214.633651733, 215.248977661, 215.864303589, 216.479629517, 217.106567383, 217.710296631, 218.337234497, 218.964172363, 219.591110229, 220.206436157, 220.833374023, 221.448699951, 222.075637817, 222.690963745, 223.306304932, 223.910018921, 224.536956787, 225.163894653, 225.79083252, 226.406158447, 227.033096313, 227.6484375, 228.263763428, 228.890701294, 229.529251099, 230.167800903, 230.817947388, 231.468109131, 232.129882812, 232.791656494, 233.465026855, 234.126800537],
    "bpm_histogram": [0, 0, 0, 0, 0, 0, 0, 0, 0, 0, 0, 0, 0, 0, 0, 0, 0, 0, 0, 0, 0, 0, 0, 0, 0, 0, 0, 0, 0, 0, 0, 0, 0, 0, 0, 0, 0, 0, 0, 0, 0, 0, 0, 0, 0, 0, 0, 0, 0, 0, 0, 0, 0, 0, 0, 0, 0, 0, 0, 0, 0, 0, 0, 0, 0, 0, 0, 0, 0, 0, 0, 0, 0, 0, 0, 0, 0, 0, 0, 0, 0, 0, 0, 0, 0, 0, 0, 0, 0, 0.00793650839478, 0, 0.01322751306, 0.01322751306, 0, 0.0105820102617, 0, 0.333333343267, 0, 0.510582029819, 0.0793650820851, 0, 0, 0, 0, 0, 0.00529100513086, 0, 0, 0.00793650839478, 0, 0.00793650839478, 0, 0.00793650839478, 0, 0, 0.00264550256543, 0, 0, 0, 0, 0, 0, 0, 0, 0, 0, 0, 0, 0, 0, 0, 0, 0, 0, 0, 0, 0, 0, 0, 0, 0, 0, 0, 0, 0, 0, 0, 0, 0, 0, 0, 0, 0, 0, 0, 0, 0, 0, 0, 0, 0, 0, 0, 0, 0, 0, 0, 0, 0, 0, 0, 0, 0, 0, 0, 0, 0, 0, 0, 0, 0, 0, 0, 0, 0, 0, 0, 0, 0, 0, 0, 0, 0, 0, 0, 0, 0, 0, 0, 0, 0, 0, 0, 0, 0, 0, 0, 0, 0, 0, 0, 0, 0, 0, 0, 0, 0, 0, 0, 0, 0, 0, 0, 0, 0, 0, 0, 0, 0, 0, 0, 0, 0, 0, 0, 0, 0, 0, 0, 0, 0, 0, 0, 0, 0, 0, 0, 0, 0, 0]
},
"tonal": {
    "chords_changes_rate": 0.0452658645809,
    "chords_number_rate": 0.00197667512111,
    "chords_strength": {
        "mean": 0.509761154652,
        "stdev": 0.106182917953
    },
    "hpcp_crest": {
        "mean": 19.0652751923,
        "stdev": 8.85198020935
    },
    "hpcp_entropy": {
        "mean": 1.38768327236,
        "stdev": 0.752081274986
    },
    "key_edma": {
        "strength": 0.859486103058,
        "key": "F#",
        "scale": "major"
    },
    "key_krumhansl": {
        "strength": 0.865165054798,
        "key": "F#",
        "scale": "major"
    },
    "key_temperley": {
        "strength": 0.870863616467,
        "key": "F#",
        "scale": "major"
    },
    "tuning_diatonic_strength": 0.640976727009,
    "tuning_equal_tempered_deviation": 0.0542742349207,
    "tuning_frequency": 440,
    "tuning_nontempered_energy_ratio": 0.65445291996,
    "hpcp": {
        "mean": [0.0457015149295, 0.0390829779208, 0.0942842587829, 0.161840900779, 0.112843371928, 0.087501950562, 0.142595291138, 0.0987399071455, 0.0350882820785, 0.0412733778358, 0.0507083497941, 0.166552245617, 0.322615176439, 0.207693353295, 0.0422215536237, 0.0307219959795, 0.0240905657411, 0.0850413218141, 0.156836211681, 0.102707773447, 0.0444865077734, 0.0742965042591, 0.0771200954914, 0.136434659362, 0.152526021004, 0.0698200538754, 0.172584474087, 0.301624536514, 0.169240385294, 0.0302328635007, 0.0278919953853, 0.0298417583108, 0.106751173735, 0.197806254029, 0.123361229897, 0.0397344455123],
        "stdev": [0.156023219228, 0.128990992904, 0.17977142334, 0.285092294216, 0.221196815372, 0.177173808217, 0.290632516146, 0.217024534941, 0.110152579844, 0.134606033564, 0.140160530806, 0.252764433622, 0.397555679083, 0.282355189323, 0.137872099876, 0.122610911727, 0.101532071829, 0.170080736279, 0.282154202461, 0.19847714901, 0.131597086787, 0.203963905573, 0.171744778752, 0.27730512619, 0.281393170357, 0.164421096444, 0.248179510236, 0.390018492937, 0.239425987005, 0.100617796183, 0.102706559002, 0.106196761131, 0.180572494864, 0.310816884041, 0.203580632806, 0.116140983999]
    },
    "chords_histogram": [26.5269813538, 3.41964817047, 16.5645389557, 0.691836357117, 0.0593002587557, 0, 0.573235809803, 0, 0, 0, 0, 0.494168817997, 0.138367265463, 0.276734530926, 0, 0.0197667516768, 0, 7.8869342804, 3.43941497803, 2.01620864868, 9.76477527618, 4.07195091248, 12.235619545, 11.82051754],
    "thpcp": [1, 0.643780469894, 0.130872800946, 0.0952279940248, 0.0746727585793, 0.263599872589, 0.486140221357, 0.318360030651, 0.137893408537, 0.230294510722, 0.239046707749, 0.422902166843, 0.472780048847, 0.216418996453, 0.534954607487, 0.934935986996, 0.524589061737, 0.0937118455768, 0.0864559337497, 0.0924995467067, 0.330893218517, 0.613133728504, 0.382378876209, 0.123163595796, 0.141659528017, 0.121144264936, 0.292249917984, 0.501653075218, 0.349777013063, 0.271227002144, 0.44199809432, 0.306060940027, 0.108762033284, 0.127933770418, 0.157179057598, 0.516256690025],
    "chords_key": "F#",
    "chords_scale": "major"
}
}