{
"metadata": {
    "version": {
        "essentia": "2.1-dev",
        "essentia_git_sha": "v2.1_beta3-415-gd5473f3",
        "extractor": "music 2.0"
    },
    "audio_properties": {
        "analysis": {
            "equal_loudness": 0,
            "length": 190.354278564,
            "sample_rate": 44100,
            "start_time": 0,
            "downmix": "mix"
        },
        "bit_rate": 192000,
        "length": 190.354278564,
        "lossless": 0,
        "number_channels": 2,
        "replay_gain": -10.9308204651,
        "sample_rate": 44100,
        "codec": "mp3",
        "md5_encoded": "6a3dc0876a89d78ba89589e2abb69760"
    },
    "tags": {
        "file_name": "natalia-el_cielo_estara.mp3",
        "album": ["No Soy Un Angel"],
        "artist": ["Natalia"],
        "genre": ["Other"],
        "title": ["El Cielo Estará"]
    }
},
"lowlevel": {
    "average_loudness": 0.885848879814,
    "barkbands_crest": {
        "mean": 10.5894603729,
        "stdev": 4.81350851059
    },
    "barkbands_flatness_db": {
        "mean": 0.121471367776,
        "stdev": 0.0502138435841
    },
    "barkbands_kurtosis": {
        "mean": 4.07797050476,
        "stdev": 12.0421886444
    },
    "barkbands_skewness": {
        "mean": 1.27871656418,
        "stdev": 1.66097354889
    },
    "barkbands_spread": {
        "mean": 34.1410179138,
        "stdev": 18.9138431549
    },
    "dissonance": {
        "mean": 0.459698736668,
        "stdev": 0.0295160617679
    },
    "dynamic_complexity": 3.4816493988,
    "erbbands_crest": {
        "mean": 9.29935264587,
        "stdev": 4.53940582275
    },
    "erbbands_flatness_db": {
        "mean": 0.142421275377,
        "stdev": 0.0430264398456
    },
    "erbbands_kurtosis": {
        "mean": 0.516682803631,
        "stdev": 2.77925872803
    },
    "erbbands_skewness": {
        "mean": 0.141528248787,
        "stdev": 1.01280426979
    },
    "erbbands_spread": {
        "mean": 51.0578575134,
        "stdev": 25.3729019165
    },
    "hfc": {
        "mean": 35.6739845276,
        "stdev": 35.8602485657
    },
    "loudness_ebu128": {
        "integrated": -11.8753538132,
        "loudness_range": 6.49908638,
        "momentary": {
            "mean": -16.9299259186,
            "stdev": 31.4473743439
        },
        "short_term": {
            "mean": -13.2005090714,
            "stdev": 5.37195587158
        }
    },
    "melbands_crest": {
        "mean": 15.2072620392,
        "stdev": 6.68899345398
    },
    "melbands_flatness_db": {
        "mean": 0.163843736053,
        "stdev": 0.0725387856364
    },
    "melbands_kurtosis": {
        "mean": 19.9872398376,
        "stdev": 45.8372192383
    },
    "melbands_skewness": {
        "mean": 2.95605158806,
        "stdev": 2.57670617104
    },
    "melbands_spread": {
        "mean": 39.0802879333,
        "stdev": 34.1562728882
    },
    "pitch_salience": {
        "mean": 0.529892742634,
        "stdev": 0.138531669974
    },
    "silence_rate_20dB": {
        "mean": 1,
        "stdev": 0
    },
    "silence_rate_30dB": {
        "mean": 0.975484788418,
        "stdev": 0.154637366533
    },
    "silence_rate_60dB": {
        "mean": 0.116111718118,
        "stdev": 0.320367455482
    },
    "spectral_centroid": {
        "mean": 2107.64648438,
        "stdev": 1344.09680176
    },
    "spectral_complexity": {
        "mean": 17.0834255219,
        "stdev": 10.9488611221
    },
    "spectral_decrease": {
        "mean": -7.28774063319e-09,
        "stdev": 7.19710557817e-09
    },
    "spectral_energy": {
        "mean": 0.0307413954288,
        "stdev": 0.028331650421
    },
    "spectral_energyband_high": {
        "mean": 0.0030427351594,
        "stdev": 0.00386620452628
    },
    "spectral_energyband_low": {
        "mean": 0.0137942256406,
        "stdev": 0.0250986646861
    },
    "spectral_energyband_middle_high": {
        "mean": 0.00620116246864,
        "stdev": 0.00770727591589
    },
    "spectral_energyband_middle_low": {
        "mean": 0.00832406058908,
        "stdev": 0.00755036901683
    },
    "spectral_entropy": {
        "mean": 7.89232158661,
        "stdev": 0.459680348635
    },
    "spectral_flux": {
        "mean": 0.0936402380466,
        "stdev": 0.0607565753162
    },
    "spectral_kurtosis": {
        "mean": 2.03397917747,
        "stdev": 1.95712983608
    },
    "spectral_rms": {
        "mean": 0.00485880626366,
        "stdev": 0.00252655474469
    },
    "spectral_rolloff": {
        "mean": 3100.65063477,
        "stdev": 3215.14135742
    },
    "spectral_skewness": {
        "mean": 1.08936476707,
        "stdev": 0.396592140198
    },
    "spectral_spread": {
        "mean": 6903325,
        "stdev": 4445067
    },
    "spectral_strongpeak": {
        "mean": 1.19995284081,
        "stdev": 1.47339725494
    },
    "zerocrossingrate": {
        "mean": 0.1074359864,
        "stdev": 0.0745641887188
    },
    "barkbands": {
        "mean": [0.000818119558971, 0.00990870315582, 0.002625240013, 0.000728443323169, 0.00220898701809, 0.00115653523244, 0.00144762569107, 0.000943978666328, 0.00152471137699, 0.00151118333451, 0.00093878316693, 0.00122906791512, 0.0003999194887, 0.0003640439827, 0.000363261438906, 0.000483812473249, 0.000244856899371, 0.00027106856578, 0.000340800033882, 0.000606049608905, 0.000600505911279, 0.000415328046074, 0.0005013315822, 0.000500488211401, 0.000421744975029, 0.000181513649295, 5.28171904079e-06],
        "stdev": [0.00200589001179, 0.0213100723922, 0.00647682277486, 0.00166966882534, 0.00340867275372, 0.00243247835897, 0.00312785618007, 0.00243239011616, 0.00338269211352, 0.00338486093096, 0.00298293028027, 0.00306923920289, 0.00117598730139, 0.00073873862857, 0.000755591376219, 0.00115673581604, 0.000386246509152, 0.00048830913147, 0.000462929863716, 0.000843132729642, 0.000827939424198, 0.000688171596266, 0.000931713497266, 0.000802120834123, 0.000799209228717, 0.000403389334679, 2.17220913328e-05]
    },
    "erbbands": {
        "mean": [0.436903893948, 1.63029253483, 2.83592510223, 3.10833621025, 3.69358611107, 8.17796516418, 10.8151416779, 8.96131229401, 19.4022254944, 19.6769866943, 23.5587100983, 34.9317550659, 39.4387817383, 46.2016067505, 40.4933662415, 44.0337409973, 21.6760520935, 15.3740701675, 19.8081760406, 22.0807914734, 25.8826599121, 14.8385210037, 13.3200740814, 18.0717449188, 17.5501995087, 28.0162792206, 32.1799926758, 18.4103145599, 15.5559844971, 12.5875873566, 14.9123849869, 10.9716920853, 7.97848320007, 4.92471265793, 2.77163767815, 1.29499650002, 0.208451896906, 0.0291634909809, 0.000718166294973, 7.01078388374e-05],
        "stdev": [1.06082820892, 3.11206436157, 6.02791500092, 7.23130655289, 6.17178249359, 14.7887182236, 23.1140193939, 18.3320808411, 44.0880241394, 40.8081741333, 51.6820335388, 84.3536300659, 81.5754013062, 101.886207581, 105.438697815, 102.070365906, 53.195186615, 33.5622253418, 38.8089332581, 43.381729126, 64.9619216919, 21.854309082, 20.7356052399, 25.6377296448, 24.9409675598, 37.3545875549, 43.9774703979, 27.7735862732, 25.4788894653, 21.3420715332, 29.7839927673, 18.2117500305, 12.6753311157, 8.97898864746, 5.45232343674, 3.03819608688, 0.453744471073, 0.0969167426229, 0.00221204129048, 8.27339390526e-05]
    },
    "gfcc": {
        "mean": [-8.51294136047, 43.0417747498, -108.93813324, 37.3036766052, -73.4686813354, 19.7610759735, -37.989440918, 18.1320953369, -29.9419231415, 8.16441345215, -17.1006336212, 2.21383094788, -5.7019443512],
        "cov": [[29198.7109375, 180.429656982, -784.581420898, 528.401000977, -1284.27941895, 986.972351074, -668.897155762, 351.128509521, -736.016723633, 309.043670654, -394.148925781, 312.719177246, -40.3481140137], [180.429656982, 1137.90136719, -96.9907455444, 126.242248535, 278.477386475, 138.199478149, 235.793319702, 65.4276580811, 45.5571861267, 1.12918329239, 72.1613082886, -86.1160964966, 82.5568466187], [-784.581420898, -96.9907455444, 1411.8269043, 394.910552979, 260.959838867, 205.052581787, 3.19179368019, 56.9899940491, 97.1500244141, 14.2962589264, 1.51421833038, 56.6273727417, -89.0803756714], [528.401000977, 126.242248535, 394.910552979, 826.885070801, 260.86517334, 176.326187134, 155.129898071, 91.9223937988, 165.999435425, 13.3926124573, 6.27969455719, 23.1445159912, -54.8351898193], [-1284.27941895, 278.477386475, 260.959838867, 260.86517334, 552.456420898, 227.127639771, 266.231811523, 64.0593643188, 125.440605164, 8.20219707489, 27.5319137573, -4.50240945816, 10.1515808105], [986.972351074, 138.199478149, 205.052581787, 176.326187134, 227.127639771, 479.300750732, 249.904281616, 50.8241958618, 37.19713974, 26.7370033264, 22.5634231567, 32.2573509216, 4.74922180176], [-668.897155762, 235.793319702, 3.19179368019, 155.129898071, 266.231811523, 249.904281616, 395.919525146, 66.0359191895, 98.1421661377, 36.0721549988, 69.9569015503, -0.626509010792, 14.9687900543], [351.128509521, 65.4276580811, 56.9899940491, 91.9223937988, 64.0593643188, 50.8241958618, 66.0359191895, 181.353317261, 87.6170425415, 23.8038463593, -7.59009552002, -1.48666203022, 12.8135614395], [-736.016723633, 45.5571861267, 97.1500244141, 165.999435425, 125.440605164, 37.19713974, 98.1421661377, 87.6170425415, 190.386474609, 40.55078125, 20.692779541, 9.66359806061, -0.461005568504], [309.043670654, 1.12918329239, 14.2962589264, 13.3926124573, 8.20219707489, 26.7370033264, 36.0721549988, 23.8038463593, 40.55078125, 107.434898376, 54.2849731445, 23.1201820374, 4.27160263062], [-394.148925781, 72.1613082886, 1.51421833038, 6.27969455719, 27.5319137573, 22.5634231567, 69.9569015503, -7.59009552002, 20.692779541, 54.2849731445, 137.263137817, 43.0761795044, 22.9317150116], [312.719177246, -86.1160964966, 56.6273727417, 23.1445159912, -4.50240945816, 32.2573509216, -0.626509010792, -1.48666203022, 9.66359806061, 23.1201820374, 43.0761795044, 106.221061707, 21.3344593048], [-40.3481140137, 82.5568466187, -89.0803756714, -54.8351898193, 10.1515808105, 4.74922180176, 14.9687900543, 12.8135614395, -0.461005568504, 4.27160263062, 22.9317150116, 21.3344593048, 124.452728271]],
        "icov": [[0.000127402308863, -0.00016769580543, 0.000147057653521, -0.000248942204053, 0.000323157262756, -0.000479510199511, 0.000350094778696, -0.000444544071797, 0.000698657124303, -0.000735048612114, 0.000610675953794, -0.000562468077987, 0.000155436558998], [-0.00016769580543, 0.00154188950546, -7.69857433625e-05, 0.000147914761328, -0.000895612582099, 0.000524716626387, -0.000632581824902, 0.000263579160674, -0.000600952596869, 0.00123969232664, -0.00180659419857, 0.00228742882609, -0.00106916518416], [0.000147057653521, -7.69857433625e-05, 0.00119930296205, -0.000574819452595, -0.000167282691109, -0.0010210420005, 0.00118721392937, -0.000697133713402, 0.000664772058371, -0.000770731072407, 0.000394015107304, -0.000922417675611, 0.000799940084107], [-0.000248942204053, 0.000147914761328, -0.000574819452595, 0.00231575360522, -0.000893710472155, 0.000706827733666, -0.00076276116306, 0.000740693765692, -0.00252309627831, 0.00180033931974, -0.000986684579402, 0.000543598202057, 0.000508962781169], [0.000323157262756, -0.000895612582099, -0.000167282691109, -0.000893710472155, 0.00441075162962, -0.00158428004943, -0.000812022364698, -0.000642178754788, 0.000561567838304, -0.00126760068815, 0.00203853519633, -0.00133068859577, -5.20927314938e-05], [-0.000479510199511, 0.000524716626387, -0.0010210420005, 0.000706827733666, -0.00158428004943, 0.00570869445801, -0.0038656401448, 0.00138202740345, -0.00112686352804, 0.0018895464018, -0.000903595471755, 0.000621027313173, -0.000697894429322], [0.000350094778696, -0.000632581824902, 0.00118721392937, -0.00076276116306, -0.000812022364698, -0.0038656401448, 0.00728442985564, -0.0018197161844, 0.000426492537372, -0.00165033212397, -0.00113594403956, -0.000249348056968, 0.000882069813088], [-0.000444544071797, 0.000263579160674, -0.000697133713402, 0.000740693765692, -0.000642178754788, 0.00138202740345, -0.0018197161844, 0.00929430499673, -0.00563907809556, 0.00136988551822, -0.000149416024215, 0.00200476893224, -0.00161407305859], [0.000698657124303, -0.000600952596869, 0.000664772058371, -0.00252309627831, 0.000561567838304, -0.00112686352804, 0.000426492537372, -0.00563907809556, 0.0133717423305, -0.00654012290761, 0.0034940938931, -0.00341600412503, 0.000731552776415], [-0.000735048612114, 0.00123969232664, -0.000770731072407, 0.00180033931974, -0.00126760068815, 0.0018895464018, -0.00165033212397, 0.00136988551822, -0.00654012290761, 0.0174382850528, -0.00878011062741, 0.00297894747928, -0.000245948991505], [0.000610675953794, -0.00180659419857, 0.000394015107304, -0.000986684579402, 0.00203853519633, -0.000903595471755, -0.00113594403956, -0.000149416024215, 0.0034940938931, -0.00878011062741, 0.0156942363828, -0.00767737440765, 2.47828211286e-06], [-0.000562468077987, 0.00228742882609, -0.000922417675611, 0.000543598202057, -0.00133068859577, 0.000621027313173, -0.000249348056968, 0.00200476893224, -0.00341600412503, 0.00297894747928, -0.00767737440765, 0.0166105888784, -0.00375979929231], [0.000155436558998, -0.00106916518416, 0.000799940084107, 0.000508962781169, -5.20927314938e-05, -0.000697894429322, 0.000882069813088, -0.00161407305859, 0.000731552776415, -0.000245948991505, 2.47828211286e-06, -0.00375979929231, 0.010337841697]]
    },
    "melbands": {
        "mean": [0.00321901682764, 0.00169365934562, 0.000540047651157, 0.000429476465797, 0.000390911241993, 0.000213080013054, 0.000294918136206, 0.000215187406866, 0.000209875972359, 0.000212307990296, 0.000201964066946, 0.000196105422219, 0.000138202449307, 0.000129458683659, 9.79930700851e-05, 2.82979544863e-05, 2.87054681394e-05, 3.3495703974e-05, 2.85639034701e-05, 3.19214632327e-05, 2.75252696156e-05, 1.50026507981e-05, 1.14385347842e-05, 1.36691260195e-05, 1.46541269714e-05, 1.34030988193e-05, 1.28308793137e-05, 2.02689916478e-05, 2.31845097005e-05, 1.32218310682e-05, 9.9218395917e-06, 9.14470274438e-06, 7.25707741367e-06, 6.85456552674e-06, 8.81766482053e-06, 7.85758766142e-06, 6.39690460957e-06, 5.63988442082e-06, 5.07701406605e-06, 3.84850909541e-06],
        "stdev": [0.00737247895449, 0.00285582384095, 0.0011436464265, 0.000722097407561, 0.000747742073145, 0.000431923370343, 0.000660473830067, 0.000456285284599, 0.000459087401396, 0.000490592618007, 0.000431728898548, 0.000442565884441, 0.00041604184662, 0.000378726574127, 0.00027015741216, 8.59305509948e-05, 6.39144345769e-05, 7.37515219953e-05, 6.07841793681e-05, 7.21857577446e-05, 7.36434813007e-05, 2.47537136602e-05, 1.83659522008e-05, 2.70179025392e-05, 2.13906314457e-05, 1.88589456229e-05, 2.02110441023e-05, 2.8963877412e-05, 3.53235991497e-05, 1.97809767997e-05, 1.64044304256e-05, 1.51286058099e-05, 1.33712073875e-05, 1.20249533211e-05, 2.05550441024e-05, 1.30787984745e-05, 1.11854733404e-05, 9.11023380468e-06, 8.9456070782e-06, 7.34714558348e-06]
    },
    "melbands128": {
        "mean": [0.000774413347244, 0.00397752551362, 0.00407268339768, 0.0021687343251, 0.00146724912338, 0.00125070149079, 0.000664004357532, 0.000293882243568, 0.000335451652063, 0.000474152708193, 0.000451550207799, 0.000463546428364, 0.000387787556974, 0.000310008530505, 0.000167075137142, 0.000172892934643, 0.000288160954369, 0.000344713538652, 0.000263719033683, 0.000196726774448, 0.000215399966692, 0.000201653543627, 0.000161472256877, 0.000269700307399, 0.000273763376754, 0.000152214721311, 0.000171761654201, 0.000173151231138, 0.00027527869679, 0.000237983607803, 0.000140408985317, 0.000165310135344, 0.000159901799634, 7.39677125239e-05, 0.000176178378752, 0.00012308175792, 9.1314475867e-05, 0.000147920509335, 6.02707732469e-05, 2.61177629e-05, 1.92229636014e-05, 3.29036956828e-05, 2.1228526748e-05, 2.87809052679e-05, 4.70838276669e-05, 3.15758879879e-05, 2.20454348892e-05, 3.00521132885e-05, 2.99587845802e-05, 2.96994203381e-05, 2.69358970399e-05, 3.91014873458e-05, 4.28818311775e-05, 1.52490783876e-05, 1.06847164716e-05, 1.87639088836e-05, 1.34792671815e-05, 1.38634277391e-05, 9.39650999499e-06, 9.93452795228e-06, 1.28555575429e-05, 1.849295586e-05, 1.42671333379e-05, 1.18684583867e-05, 1.81283885468e-05, 1.34087349579e-05, 1.09089141915e-05, 1.12990828711e-05, 1.33990342874e-05, 1.44594159792e-05, 1.87990954146e-05, 2.37327985815e-05, 2.65276976279e-05, 2.43167232838e-05, 1.78702703124e-05, 1.37869665195e-05, 1.13951691674e-05, 9.34177387535e-06, 9.89498039417e-06, 1.0157568795e-05, 9.56366875471e-06, 8.65381389303e-06, 8.34316415421e-06, 6.99424890627e-06, 6.45009276923e-06, 6.71539419272e-06, 6.72889154885e-06, 7.3814485404e-06, 1.03144848254e-05, 7.57588668421e-06, 1.03201955426e-05, 6.67792937747e-06, 6.6451893872e-06, 6.09036214883e-06, 6.70813869874e-06, 6.06903631706e-06, 5.04524223288e-06, 5.48199795958e-06, 5.60286252949e-06, 4.51245387012e-06, 4.37225025962e-06, 3.79876087209e-06, 3.17846433973e-06, 2.69181464319e-06, 2.43760609919e-06, 3.06950846607e-06, 5.11058897246e-06, 3.80643541575e-06, 1.50438290802e-06, 1.19304229429e-06, 1.19099706808e-06, 7.00653060903e-07, 4.74377088722e-07, 4.28000390684e-07, 3.69823681012e-07, 3.24582828171e-07, 2.09062307022e-07, 2.9626644249e-08, 7.06851070731e-12, 4.87277882974e-12, 4.68337044493e-12, 4.53589813279e-12, 4.40980281805e-12, 4.30970016618e-12, 4.22800032832e-12, 4.16860513122e-12, 4.12459649768e-12, 4.09362734682e-12],
        "stdev": [0.00191502063535, 0.00996960420161, 0.00948242843151, 0.00378688029014, 0.00290350429714, 0.00320969289169, 0.00165410793852, 0.000656171527226, 0.000640621758066, 0.00105895509478, 0.00110038754065, 0.00104382180143, 0.00101516302675, 0.000901511055417, 0.000432999018813, 0.000607607187703, 0.000849777599797, 0.00103661091998, 0.000823366979603, 0.00056378467707, 0.000709103886038, 0.000695332302712, 0.000521632144228, 0.000912217947189, 0.000938331941143, 0.00045821844833, 0.000539396307431, 0.000601261213887, 0.000761603587307, 0.000751011422835, 0.000499838148244, 0.000689491862431, 0.000667138490826, 0.000288002396701, 0.000740085437428, 0.000483529904159, 0.000342808605637, 0.000515950960107, 0.000234235718381, 0.000138404720929, 9.23390252865e-05, 0.000169810664374, 6.48599379929e-05, 8.5353749455e-05, 0.000133859459311, 0.000108507105324, 7.61020055506e-05, 9.37017612159e-05, 8.87332935235e-05, 0.000110670887807, 9.30046735448e-05, 0.000156001944561, 0.000149874162162, 4.96777611261e-05, 3.25895452988e-05, 4.1010127461e-05, 2.7984218832e-05, 3.32621493726e-05, 1.6853777197e-05, 2.02437568078e-05, 3.3934993553e-05, 5.5808781326e-05, 3.15600809699e-05, 2.19529247261e-05, 2.7653943107e-05, 2.49450258707e-05, 1.90737264347e-05, 2.2005291612e-05, 2.72797660728e-05, 2.42775950028e-05, 4.03869635193e-05, 4.23853234679e-05, 5.88659531786e-05, 4.78799920529e-05, 3.18080128636e-05, 2.49323238677e-05, 2.07108769246e-05, 1.68767819559e-05, 1.88613448699e-05, 1.94455969904e-05, 1.72985692188e-05, 1.65445617313e-05, 1.64740140463e-05, 1.65363107953e-05, 1.3774447325e-05, 1.28923984448e-05, 1.22501187434e-05, 1.61536991072e-05, 3.3747874113e-05, 1.46496977322e-05, 1.89816964848e-05, 1.25363194456e-05, 1.25351352835e-05, 1.29005511553e-05, 1.18546358863e-05, 1.09790198621e-05, 9.36765627557e-06, 9.15176769922e-06, 1.05997387436e-05, 8.99478618521e-06, 8.60846012074e-06, 7.77126751927e-06, 6.54116183796e-06, 4.99685984323e-06, 4.32728347732e-06, 6.97731911714e-06, 1.48164626808e-05, 1.05006110971e-05, 3.4707497889e-06, 2.60771230387e-06, 2.91631386062e-06, 1.7354375359e-06, 1.12177440315e-06, 1.17505510389e-06, 1.22052301776e-06, 1.3387581248e-06, 8.4924681687e-07, 1.61970234558e-07, 2.31711282106e-11, 8.33496899971e-12, 8.04086745104e-12, 7.8033222245e-12, 7.6035584079e-12, 7.44235142264e-12, 7.30644798136e-12, 7.20345658123e-12, 7.12847923051e-12, 7.08123750609e-12]
    },
    "mfcc": {
        "mean": [-642.020874023, 70.722869873, 14.7180919647, 17.5052661896, -4.59466600418, -0.939474701881, 4.85226774216, 1.16049778461, 2.43335604668, 3.54332256317, -6.50289773941, 1.56651687622, -1.50045490265],
        "cov": [[12483.75, 588.848876953, 448.373840332, 1.32594454288, -45.0242538452, 406.212860107, 279.755462646, 97.4166030884, 72.2520523071, 111.295066833, -260.67868042, -49.9193611145, 52.801940918], [588.848876953, 949.953796387, -76.6844100952, -45.6614646912, 69.2912521362, 47.8006629944, 203.792785645, 3.08035087585, 79.1175384521, 58.3017807007, -45.4951782227, 34.4921875, 14.0410394669], [448.373840332, -76.6844100952, 973.560424805, 248.162689209, 261.189331055, 160.498016357, 13.6366376877, 108.235870361, 8.92635631561, 5.12011528015, 89.5991134644, 43.3793258667, 21.7794837952], [1.32594454288, -45.6614646912, 248.162689209, 609.172790527, 223.721588135, 136.486618042, 19.2740688324, 127.193634033, 86.7023925781, 47.8694992065, 114.25692749, 65.5495910645, 31.524684906], [-45.0242538452, 69.2912521362, 261.189331055, 223.721588135, 356.064453125, 143.937179565, 56.3197784424, 116.012641907, 93.1182174683, 50.6854782104, 47.8765144348, 9.63166904449, 23.8741436005], [406.212860107, 47.8006629944, 160.498016357, 136.486618042, 143.937179565, 444.485565186, 214.108047485, 185.263000488, 70.4856796265, 91.3471069336, 86.1730651855, 0.94424200058, 36.2825584412], [279.755462646, 203.792785645, 13.6366376877, 19.2740688324, 56.3197784424, 214.108047485, 290.540313721, 118.487327576, 64.6310653687, 76.116027832, 29.8568954468, 28.4534568787, 21.8718681335], [97.4166030884, 3.08035087585, 108.235870361, 127.193634033, 116.012641907, 185.263000488, 118.487327576, 237.34954834, 107.782203674, 75.0306625366, 74.2277908325, 21.0763206482, 38.7497062683], [72.2520523071, 79.1175384521, 8.92635631561, 86.7023925781, 93.1182174683, 70.4856796265, 64.6310653687, 107.782203674, 187.863586426, 92.3929443359, 31.9543190002, 22.1966552734, 24.7233657837], [111.295066833, 58.3017807007, 5.12011528015, 47.8694992065, 50.6854782104, 91.3471069336, 76.116027832, 75.0306625366, 92.3929443359, 127.351623535, 54.2934608459, 15.762462616, 14.975353241], [-260.67868042, -45.4951782227, 89.5991134644, 114.25692749, 47.8765144348, 86.1730651855, 29.8568954468, 74.2277908325, 31.9543190002, 54.2934608459, 162.223022461, 52.933303833, 23.6255588531], [-49.9193611145, 34.4921875, 43.3793258667, 65.5495910645, 9.63166904449, 0.94424200058, 28.4534568787, 21.0763206482, 22.1966552734, 15.762462616, 52.933303833, 117.71018219, 45.4115753174], [52.801940918, 14.0410394669, 21.7794837952, 31.524684906, 23.8741436005, 36.2825584412, 21.8718681335, 38.7497062683, 24.7233657837, 14.975353241, 23.6255588531, 45.4115753174, 96.3713760376]],
        "icov": [[9.68067615759e-05, -5.51371012989e-05, -8.03220536909e-05, -3.37505371135e-05, 0.000133003835799, -0.000117451651022, 2.66373244813e-05, -9.5511559266e-06, 9.72804991761e-06, -0.000144432706293, 0.000284809997538, 2.70275018011e-06, -5.78966028115e-05], [-5.51371012989e-05, 0.0014709259849, 0.000128770683659, 0.000125263875816, -0.000527663680259, 0.000353967887349, -0.00129402754828, 0.000672189693432, -0.000420234544436, -0.000124694473925, 0.000312538730213, -0.000382465572329, -2.52901600106e-06], [-8.03220536909e-05, 0.000128770683659, 0.00150465127081, -8.17745240056e-05, -0.00109422439709, -0.000226989752264, 0.000257542124018, -0.000255123013631, 0.000525310519151, 0.000425726029789, -0.000456201611087, -0.000569507537875, 0.00029189515044], [-3.37505371135e-05, 0.000125263875816, -8.17745240056e-05, 0.00257980730385, -0.00124305172358, -0.00034404033795, 0.000582214794122, -0.000358014192898, -0.000447147263912, 0.000419431220507, -0.000924058258533, -0.00115796993487, 0.00044583179988], [0.000133003835799, -0.000527663680259, -0.00109422439709, -0.00124305172358, 0.00525909056887, -0.000766856479459, 0.000359835859854, -0.000557725143153, -0.00145808921661, -7.56068984629e-05, 0.000617614365183, 0.00109327258542, -0.00049438350834], [-0.000117451651022, 0.000353967887349, -0.000226989752264, -0.00034404033795, -0.000766856479459, 0.00538000231609, -0.0032495839987, -0.00162156927399, 0.00101319991518, -0.000817337480839, -0.00150996563025, 0.00223287125118, -0.00108430057298], [2.66373244813e-05, -0.00129402754828, 0.000257542124018, 0.000582214794122, 0.000359835859854, -0.0032495839987, 0.0077745472081, -0.00202857959084, 0.000549946329556, -0.00172285409644, 0.00135487213265, -0.00243681436405, 0.00105351768434], [-9.5511559266e-06, 0.000672189693432, -0.000255123013631, -0.000358014192898, -0.000557725143153, -0.00162156927399, -0.00202857959084, 0.00935769826174, -0.00371843320318, 0.000478495465359, -0.00185395288281, 0.0010699814884, -0.00164159585256], [9.72804991761e-06, -0.000420234544436, 0.000525310519151, -0.000447147263912, -0.00145808921661, 0.00101319991518, 0.000549946329556, -0.00371843320318, 0.0110643384978, -0.00659428536892, 0.00184203451499, -0.00108051800635, -0.000322668143781], [-0.000144432706293, -0.000124694473925, 0.000425726029789, 0.000419431220507, -7.56068984629e-05, -0.000817337480839, -0.00172285409644, 0.000478495465359, -0.00659428536892, 0.0158162843436, -0.0046107089147, 0.00102258683182, 0.00027139854501], [0.000284809997538, 0.000312538730213, -0.000456201611087, -0.000924058258533, 0.000617614365183, -0.00150996563025, 0.00135487213265, -0.00185395288281, 0.00184203451499, -0.0046107089147, 0.0113571733236, -0.00438404735178, 0.000582737091463], [2.70275018011e-06, -0.000382465572329, -0.000569507537875, -0.00115796993487, 0.00109327258542, 0.00223287125118, -0.00243681436405, 0.0010699814884, -0.00108051800635, 0.00102258683182, -0.00438404735178, 0.0140504250303, -0.00585463503376], [-5.78966028115e-05, -2.52901600106e-06, 0.00029189515044, 0.00044583179988, -0.00049438350834, -0.00108430057298, 0.00105351768434, -0.00164159585256, -0.000322668143781, 0.00027139854501, 0.000582737091463, -0.00585463503376, 0.0138050066307]]
    },
    "spectral_contrast_coeffs": {
        "mean": [-0.69686716795, -0.713266253471, -0.720225930214, -0.772193491459, -0.777578949928, -0.77991604805],
        "stdev": [0.110430881381, 0.0896520391107, 0.0927891433239, 0.066960722208, 0.047258567065, 0.045966733247]
    },
    "spectral_contrast_valleys": {
        "mean": [-7.61716032028, -7.6226067543, -8.1676568985, -8.33912658691, -7.71348667145, -9.62231445312],
        "stdev": [2.7592151165, 2.54784274101, 2.51115751266, 2.44202113152, 2.50234293938, 2.43699884415]
    }
},
"rhythm": {
    "beats_count": 313,
    "beats_loudness": {
        "mean": 0.0424624457955,
        "stdev": 0.0337826982141
    },
    "bpm": 95.9141845703,
    "bpm_histogram_first_peak_bpm": 96,
    "bpm_histogram_first_peak_weight": 0.188191831112,
    "bpm_histogram_second_peak_bpm": 126,
    "bpm_histogram_second_peak_spread": 0.631578922272,
    "bpm_histogram_second_peak_weight": 0.0448717959225,
    "danceability": 1.18510246277,
    "onset_rate": 5.03233718872,
    "beats_loudness_band_ratio": {
        "mean": [0.2968955338, 0.120635889471, 0.162888273597, 0.0987802073359, 0.0763181000948, 0.261799395084],
        "stdev": [0.32128444314, 0.130992382765, 0.152309656143, 0.127863705158, 0.075470007956, 0.182379648089]
    },
    "beats_position": [0.522448956966, 1.01006805897, 1.48607707024, 1.9620860815, 2.43809509277, 2.90249419212, 3.36689329147, 3.83129239082, 4.3073015213, 4.78331041336, 5.24770975113, 5.71210861206, 6.17650794983, 6.64090681076, 7.11691617966, 7.59292507172, 8.05732440948, 8.52172279358, 8.99773216248, 9.47374153137, 9.93814086914, 10.4025392532, 10.866938591, 11.3429479599, 11.8305664062, 12.3297958374, 12.8290243149, 13.3166437149, 13.8042631149, 14.2918815613, 14.9304304123, 15.5689792633, 16.2075271606, 16.8576869965, 17.5078449249, 18.1580047607, 18.8081626892, 19.458322525, 20.0852603912, 20.7121982574, 21.3275279999, 21.942855835, 22.5697956085, 23.1967334747, 23.8236732483, 24.4506111145, 25.0775508881, 25.7044887543, 26.3314285278, 26.958366394, 27.5853061676, 28.2122440338, 28.8391838074, 29.4661216736, 30.0930614471, 30.7083892822, 31.3353290558, 31.962266922, 32.5892066956, 33.204536438, 33.8314743042, 34.4584121704, 35.0853500366, 35.7122879028, 36.3392295837, 36.96616745, 37.5931053162, 38.2200431824, 38.8353729248, 39.462310791, 40.0776405334, 40.7045783997, 41.3315200806, 41.9584579468, 42.585395813, 43.2123336792, 43.8392753601, 44.4662132263, 45.0931510925, 45.708480835, 46.3238105774, 46.9507484436, 47.5776863098, 48.204624176, 48.8315620422, 49.4585037231, 50.0854415894, 50.7123794556, 51.3393173218, 51.9662590027, 52.5931968689, 53.2201347351, 53.8470726013, 54.4740142822, 55.08934021, 55.7046699524, 56.3316078186, 56.9585494995, 57.5854873657, 58.2124252319, 58.8393630981, 59.4663009644, 60.0932426453, 60.708568573, 61.3238983154, 61.9508361816, 62.5777778625, 63.2047157288, 63.831653595, 64.4585952759, 65.0855331421, 65.7124710083, 66.3394088745, 66.9663467407, 67.5932846069, 68.2202224731, 68.8355560303, 69.450881958, 70.0778198242, 70.7047576904, 71.3316955566, 71.9586410522, 72.5855789185, 73.2125167847, 73.8394546509, 74.4663925171, 75.0933303833, 75.7202682495, 76.3356018066, 76.9509277344, 77.5778656006, 78.2048034668, 78.831741333, 79.4586868286, 80.0856246948, 80.712562561, 81.3395004272, 81.9664382935, 82.5933761597, 83.2203140259, 83.835647583, 84.4509735107, 85.077911377, 85.7048492432, 86.3317871094, 86.9587249756, 87.5856704712, 88.2126083374, 88.8395462036, 89.4664840698, 90.093421936, 90.7203598022, 91.3356933594, 91.9626312256, 92.5779571533, 93.2048950195, 93.8318328857, 94.458770752, 95.0857162476, 95.7126541138, 96.33959198, 96.9665298462, 97.5934677124, 98.2204055786, 98.8357315063, 99.4510650635, 100.07800293, 100.704940796, 101.331878662, 101.958816528, 102.585754395, 103.21269989, 103.839637756, 104.466575623, 105.093513489, 105.720451355, 106.347389221, 106.962722778, 107.578048706, 108.204986572, 108.831924438, 109.458862305, 110.085800171, 110.712738037, 111.339683533, 111.966621399, 112.593559265, 113.208885193, 113.82421875, 114.451156616, 115.078094482, 115.705032349, 116.331970215, 116.958908081, 117.585845947, 118.212783813, 118.839729309, 119.466667175, 120.093605042, 120.720542908, 121.347480774, 121.97441864, 122.589744568, 123.205078125, 123.832015991, 124.458953857, 125.085891724, 125.71282959, 126.339767456, 126.966712952, 127.593650818, 128.208984375, 128.824310303, 129.451248169, 130.078186035, 130.705123901, 131.332061768, 131.958999634, 132.5859375, 133.212875366, 133.839813232, 134.466751099, 135.093688965, 135.720626831, 136.335968018, 136.951293945, 137.578231812, 138.205169678, 138.832107544, 139.45904541, 140.085983276, 140.712921143, 141.339859009, 141.966796875, 142.593734741, 143.220672607, 143.836013794, 144.451339722, 145.078277588, 145.705215454, 146.33215332, 146.959091187, 147.586029053, 148.212966919, 148.839904785, 149.466842651, 150.093780518, 150.720718384, 151.324447632, 151.951385498, 152.578323364, 153.20526123, 153.832199097, 154.459136963, 155.086074829, 155.713012695, 156.339950562, 156.966888428, 157.582214355, 158.197555542, 158.824493408, 159.451431274, 160.078369141, 160.705307007, 161.332244873, 161.959182739, 162.586120605, 163.213058472, 163.839996338, 164.466934204, 165.09387207, 165.720809937, 166.336135864, 166.951477051, 167.578414917, 168.205352783, 168.832290649, 169.459228516, 170.086166382, 170.713104248, 171.340042114, 171.96697998, 172.593917847, 173.209243774, 173.824569702, 174.451522827, 175.078460693, 175.70539856, 176.332336426, 176.959274292, 177.586212158, 178.213150024, 178.840087891, 179.467025757, 180.093963623, 180.720901489, 181.347839355, 181.974777222, 182.590103149, 183.205444336, 183.832382202, 184.308380127, 184.784393311, 185.248794556, 185.724807739, 186.200805664, 186.688430786, 187.176055908, 187.663665771, 188.151290894, 188.650512695, 189.138137817, 189.625762939],
    "bpm_histogram": [0, 0, 0, 0, 0, 0, 0, 0, 0, 0, 0, 0, 0, 0, 0, 0, 0, 0, 0, 0, 0, 0, 0, 0, 0, 0, 0, 0, 0, 0, 0, 0, 0, 0, 0, 0, 0, 0, 0, 0, 0, 0, 0, 0, 0, 0, 0, 0, 0, 0, 0, 0, 0, 0, 0, 0, 0, 0, 0, 0, 0, 0, 0, 0, 0, 0, 0, 0, 0, 0, 0, 0, 0, 0, 0, 0, 0, 0, 0, 0, 0, 0, 0, 0, 0, 0, 0, 0, 0, 0, 0, 0, 0.0160256419331, 0, 0.00961538497359, 0, 0.705128192902, 0, 0.134615391493, 0.00320512824692, 0, 0, 0, 0, 0, 0, 0, 0, 0, 0, 0, 0, 0, 0, 0, 0, 0, 0, 0, 0, 0.00961538497359, 0, 0, 0.0352564118803, 0, 0, 0.0448717959225, 0, 0, 0.0416666679084, 0, 0, 0, 0, 0, 0, 0, 0, 0, 0, 0, 0, 0, 0, 0, 0, 0, 0, 0, 0, 0, 0, 0, 0, 0, 0, 0, 0, 0, 0, 0, 0, 0, 0, 0, 0, 0, 0, 0, 0, 0, 0, 0, 0, 0, 0, 0, 0, 0, 0, 0, 0, 0, 0, 0, 0, 0, 0, 0, 0, 0, 0, 0, 0, 0, 0, 0, 0, 0, 0, 0, 0, 0, 0, 0, 0, 0, 0, 0, 0, 0, 0, 0, 0, 0, 0, 0, 0, 0, 0, 0, 0, 0, 0, 0, 0, 0, 0, 0, 0, 0, 0, 0, 0, 0, 0, 0, 0, 0, 0, 0, 0, 0, 0, 0, 0, 0, 0, 0, 0]
},
"tonal": {
    "chords_changes_rate": 0.0526829250157,
    "chords_number_rate": 0.00292682927102,
    "chords_strength": {
        "mean": 0.540238678455,
        "stdev": 0.17672252655
    },
    "hpcp_crest": {
        "mean": 15.4350910187,
        "stdev": 7.67784690857
    },
    "hpcp_entropy": {
        "mean": 1.71822786331,
        "stdev": 0.771226525307
    },
    "key_edma": {
        "strength": 0.734256088734,
        "key": "C#",
        "scale": "minor"
    },
    "key_krumhansl": {
        "strength": 0.738171696663,
        "key": "C#",
        "scale": "minor"
    },
    "key_temperley": {
        "strength": 0.732770979404,
        "key": "C#",
        "scale": "minor"
    },
    "tuning_diatonic_strength": 0.680902659893,
    "tuning_equal_tempered_deviation": 0.257503509521,
    "tuning_frequency": 434.193115234,
    "tuning_nontempered_energy_ratio": 0.933082401752,
    "hpcp": {
        "mean": [0.147412732244, 0.110905483365, 0.0848385840654, 0.0946438312531, 0.107082188129, 0.111767552793, 0.139776885509, 0.141071856022, 0.0966576859355, 0.0799527838826, 0.0834819898009, 0.0984154418111, 0.176898092031, 0.193435415626, 0.106054857373, 0.0538279302418, 0.0483068712056, 0.0637745112181, 0.102269150317, 0.106549970806, 0.0826391205192, 0.102276980877, 0.120282433927, 0.0878382399678, 0.0699124857783, 0.0629958957434, 0.0635451376438, 0.124637663364, 0.148053914309, 0.0989845916629, 0.0756523013115, 0.0903611406684, 0.125384360552, 0.239813283086, 0.306376129389, 0.223372638226],
        "stdev": [0.267936557531, 0.236112356186, 0.201889127493, 0.217592567205, 0.233493149281, 0.228565737605, 0.259566873312, 0.267057359219, 0.202084779739, 0.183277890086, 0.19107234478, 0.194732576609, 0.271811515093, 0.298752188683, 0.195160001516, 0.145486354828, 0.139410585165, 0.166324585676, 0.208992362022, 0.207234457135, 0.17272092402, 0.203698828816, 0.249779567122, 0.186732307076, 0.164202332497, 0.152364075184, 0.143504500389, 0.240025222301, 0.272306501865, 0.19313955307, 0.175590664148, 0.200692668557, 0.238850176334, 0.308654755354, 0.364916115999, 0.298854440451]
    },
    "chords_histogram": [30.0487804413, 4.36585378647, 14.0243902206, 1.1707316637, 0.0975609719753, 4.85365867615, 2.36585354805, 6.87804889679, 0.536585390568, 13.8292684555, 0, 0.731707334518, 0, 0.146341457963, 0, 0, 0, 0, 0.0243902429938, 0, 2.85365843773, 1.3902438879, 15.3658533096, 1.31707322598],
    "thpcp": [1, 0.729079782963, 0.48114952445, 0.361991256475, 0.276909887791, 0.308913856745, 0.349512189627, 0.364805042744, 0.456226408482, 0.460453152657, 0.315486997366, 0.260962843895, 0.272482037544, 0.321224242449, 0.577388644218, 0.631365835667, 0.346159011126, 0.175692304969, 0.157671779394, 0.20815756917, 0.333802610636, 0.347775042057, 0.26973092556, 0.333828151226, 0.392597287893, 0.286700665951, 0.228191688657, 0.205616205931, 0.207408905029, 0.40681257844, 0.483242332935, 0.323081940413, 0.246926233172, 0.294935315847, 0.409249782562, 0.782741427422],
    "chords_key": "C#",
    "chords_scale": "minor"
}
}