{
"metadata": {
    "version": {
        "essentia": "2.1-dev",
        "essentia_git_sha": "v2.1_beta3-415-gd5473f3",
        "extractor": "music 2.0"
    },
    "audio_properties": {
        "analysis": {
            "equal_loudness": 0,
            "length": 210.520812988,
            "sample_rate": 44100,
            "start_time": 0,
            "downmix": "mix"
        },
        "bit_rate": 192000,
        "length": 210.520812988,
        "lossless": 0,
        "number_channels": 2,
        "replay_gain": -8.28039360046,
        "sample_rate": 44100,
        "codec": "mp3",
        "md5_encoded": "fce750ae34cdfa19f06e8bac86b6d631"
    },
    "tags": {
        "file_name": "nick_carter-who_need_the_world.mp3",
        "album": ["Now or Never"],
        "artist": ["Nick Carter"],
        "date": ["0"],
        "genre": ["Rock"],
        "title": ["Who Need The World"]
    }
},
"lowlevel": {
    "average_loudness": 0.865439355373,
    "barkbands_crest": {
        "mean": 11.9531164169,
        "stdev": 4.45152378082
    },
    "barkbands_flatness_db": {
        "mean": 0.210413634777,
        "stdev": 0.0679629221559
    },
    "barkbands_kurtosis": {
        "mean": 12.9154214859,
        "stdev": 17.0130786896
    },
    "barkbands_skewness": {
        "mean": 2.19814515114,
        "stdev": 1.95597219467
    },
    "barkbands_spread": {
        "mean": 18.8554992676,
        "stdev": 22.1238765717
    },
    "dissonance": {
        "mean": 0.406012415886,
        "stdev": 0.058358412236
    },
    "dynamic_complexity": 4.26732587814,
    "erbbands_crest": {
        "mean": 13.4124107361,
        "stdev": 6.02297210693
    },
    "erbbands_flatness_db": {
        "mean": 0.190363049507,
        "stdev": 0.0613837726414
    },
    "erbbands_kurtosis": {
        "mean": 5.53996896744,
        "stdev": 8.72545719147
    },
    "erbbands_skewness": {
        "mean": 1.20696604252,
        "stdev": 1.57674467564
    },
    "erbbands_spread": {
        "mean": 37.3517150879,
        "stdev": 29.4201011658
    },
    "hfc": {
        "mean": 25.0945415497,
        "stdev": 36.6972465515
    },
    "loudness_ebu128": {
        "integrated": -14.818939209,
        "loudness_range": 5.47312545776,
        "momentary": {
            "mean": -16.8160953522,
            "stdev": 13.4164972305
        },
        "short_term": {
            "mean": -15.5968456268,
            "stdev": 3.5414712429
        }
    },
    "melbands_crest": {
        "mean": 15.62885952,
        "stdev": 5.42542076111
    },
    "melbands_flatness_db": {
        "mean": 0.255725651979,
        "stdev": 0.092593871057
    },
    "melbands_kurtosis": {
        "mean": 24.7447929382,
        "stdev": 33.0825958252
    },
    "melbands_skewness": {
        "mean": 3.01204943657,
        "stdev": 2.16294980049
    },
    "melbands_spread": {
        "mean": 24.0331478119,
        "stdev": 42.7404327393
    },
    "pitch_salience": {
        "mean": 0.538926720619,
        "stdev": 0.118733428419
    },
    "silence_rate_20dB": {
        "mean": 1,
        "stdev": 0
    },
    "silence_rate_30dB": {
        "mean": 0.999338328838,
        "stdev": 0.0257149599493
    },
    "silence_rate_60dB": {
        "mean": 0.118438467383,
        "stdev": 0.323139369488
    },
    "spectral_centroid": {
        "mean": 1027.49938965,
        "stdev": 1215.35888672
    },
    "spectral_complexity": {
        "mean": 9.12604808807,
        "stdev": 4.63890600204
    },
    "spectral_decrease": {
        "mean": -6.12351591656e-09,
        "stdev": 4.96350516244e-09
    },
    "spectral_energy": {
        "mean": 0.0253877565265,
        "stdev": 0.0196841172874
    },
    "spectral_energyband_high": {
        "mean": 0.00171770434827,
        "stdev": 0.00421436782926
    },
    "spectral_energyband_low": {
        "mean": 0.00371330790222,
        "stdev": 0.00561340013519
    },
    "spectral_energyband_middle_high": {
        "mean": 0.00237620738335,
        "stdev": 0.00402049534023
    },
    "spectral_energyband_middle_low": {
        "mean": 0.0188673343509,
        "stdev": 0.0165337622166
    },
    "spectral_entropy": {
        "mean": 7.03263664246,
        "stdev": 0.858569741249
    },
    "spectral_flux": {
        "mean": 0.0611928589642,
        "stdev": 0.0445472225547
    },
    "spectral_kurtosis": {
        "mean": 7.08905220032,
        "stdev": 13.7636947632
    },
    "spectral_rms": {
        "mean": 0.00450100749731,
        "stdev": 0.00212354236282
    },
    "spectral_rolloff": {
        "mean": 1928.3729248,
        "stdev": 3181.41601562
    },
    "spectral_skewness": {
        "mean": 1.95204293728,
        "stdev": 1.32847774029
    },
    "spectral_spread": {
        "mean": 6540908.5,
        "stdev": 3383890.5
    },
    "spectral_strongpeak": {
        "mean": 1.51940250397,
        "stdev": 1.72758293152
    },
    "zerocrossingrate": {
        "mean": 0.0755117163062,
        "stdev": 0.0851306691766
    },
    "barkbands": {
        "mean": [6.74002294545e-05, 0.00126397144049, 0.0012191417627, 0.00201090611517, 0.00521747674793, 0.00317165884189, 0.00163423537742, 0.00392756098881, 0.00259424885735, 0.000972410955001, 0.000363046361599, 0.000270258344244, 0.000143969809869, 0.000164862314705, 0.000250875425991, 0.000135734881042, 9.23619736568e-05, 8.4329796664e-05, 4.74936387036e-05, 0.00012972902914, 0.000106460509414, 0.000200631737243, 0.00036447137245, 0.000525609299075, 0.000311374169542, 0.000117526185932, 1.02049846351e-09],
        "stdev": [0.000176843459485, 0.00396488886327, 0.00160035223234, 0.00323120621033, 0.00590850505978, 0.00488469609991, 0.00422161770985, 0.00968192424625, 0.0081431157887, 0.00294047570787, 0.00126885354985, 0.000625729735475, 0.000502131239045, 0.000674700771924, 0.000837415282149, 0.000732722110115, 0.000330313981976, 0.000208772660699, 0.000140772317536, 0.000380663172109, 0.000253009406151, 0.000534454244189, 0.00101707829162, 0.00173716037534, 0.0010924221715, 0.000382959202398, 2.17858620033e-09]
    },
    "erbbands": {
        "mean": [0.0349514149129, 0.29118296504, 1.13301372528, 4.99484109879, 10.2649021149, 16.8837852478, 32.5436973572, 18.9307022095, 22.5567817688, 35.996799469, 103.072814941, 66.8132095337, 33.5570602417, 29.6883277893, 14.0899295807, 12.5208101273, 6.12078523636, 9.23603725433, 14.0791883469, 9.95244789124, 5.89072608948, 4.08244800568, 4.82535171509, 3.50267100334, 2.53587293625, 6.6369509697, 4.64464712143, 4.47374629974, 6.397793293, 9.52978515625, 10.6732301712, 10.8839797974, 8.61603164673, 3.94375729561, 2.02930355072, 0.712750732899, 0.196582883596, 0.0134371342137, 0.000296627054922, 5.05993448314e-05],
        "stdev": [0.122345879674, 0.900148808956, 1.62553238869, 6.90918302536, 15.0988321304, 24.5918712616, 50.7237014771, 38.4669837952, 55.5248985291, 94.5875549316, 253.979248047, 201.094390869, 112.349845886, 84.5673065186, 37.5452957153, 28.1484355927, 19.9778671265, 31.5844936371, 42.727180481, 41.1841773987, 28.2657966614, 12.3203802109, 11.1835489273, 11.2056293488, 6.07871389389, 21.6379432678, 11.589179039, 11.0948667526, 17.6351890564, 25.0320987701, 30.5423793793, 37.4748077393, 28.6547966003, 14.4769668579, 7.1091170311, 2.40254569054, 0.681688725948, 0.0453170500696, 0.000894289871212, 6.63412283757e-05]
    },
    "gfcc": {
        "mean": [-52.9949455261, 82.7001419067, -77.3534011841, 19.2080116272, -89.2749786377, 12.6077051163, -50.7285308838, 4.39597892761, -31.7995624542, -5.00018548965, -22.5094509125, -2.03237700462, -10.8883485794],
        "cov": [[17897.0761719, -1817.55822754, -1719.7388916, 525.941772461, -857.840515137, 420.481323242, -407.938171387, 463.302246094, 11.9462900162, 274.089202881, -509.277862549, -18.1962127686, -253.978363037], [-1817.55822754, 2891.83154297, -71.3488235474, -666.278564453, 314.543640137, -206.326751709, 305.723358154, -264.599151611, -21.9582233429, -257.576660156, 204.230712891, -192.250137329, 95.3940734863], [-1719.7388916, -71.3488235474, 1201.03527832, 198.940353394, 19.430803299, 44.9437866211, -72.633682251, -8.97455883026, -117.573616028, 25.8125782013, 54.5491638184, 96.412071228, -8.79153633118], [525.941772461, -666.278564453, 198.940353394, 693.736877441, 49.665309906, -11.1292562485, -88.4490280151, 115.4868927, 29.3054199219, 49.7948226929, -6.46497011185, 59.0266418457, 14.2031011581], [-857.840515137, 314.543640137, 19.430803299, 49.665309906, 398.701293945, 48.9572219849, 88.5259094238, 20.8200473785, 39.0237236023, -1.39887261391, 32.5926933289, -5.925740242, 18.5318470001], [420.481323242, -206.326751709, 44.9437866211, -11.1292562485, 48.9572219849, 335.359649658, 91.0680160522, 26.8593769073, 24.6523914337, 66.2758865356, 9.49176597595, 5.75003385544, -39.8483695984], [-407.938171387, 305.723358154, -72.633682251, -88.4490280151, 88.5259094238, 91.0680160522, 261.086700439, 4.81551122665, 20.9193077087, 16.6957302094, 56.7019729614, -20.6490917206, -0.763095021248], [463.302246094, -264.599151611, -8.97455883026, 115.4868927, 20.8200473785, 26.8593769073, 4.81551122665, 190.258071899, 72.2079544067, 43.956401825, -32.9731483459, 24.0605335236, -15.4145441055], [11.9462900162, -21.9582233429, -117.573616028, 29.3054199219, 39.0237236023, 24.6523914337, 20.9193077087, 72.2079544067, 185.393753052, 41.5087585449, -13.3654136658, -16.5184459686, -0.109138019383], [274.089202881, -257.576660156, 25.8125782013, 49.7948226929, -1.39887261391, 66.2758865356, 16.6957302094, 43.956401825, 41.5087585449, 173.962341309, 26.4795379639, 21.714597702, -21.3381538391], [-509.277862549, 204.230712891, 54.5491638184, -6.46497011185, 32.5926933289, 9.49176597595, 56.7019729614, -32.9731483459, -13.3654136658, 26.4795379639, 159.793945312, 32.0286712646, 22.6112480164], [-18.1962127686, -192.250137329, 96.412071228, 59.0266418457, -5.925740242, 5.75003385544, -20.6490917206, 24.0605335236, -16.5184459686, 21.714597702, 32.0286712646, 148.693466187, 38.1557617188], [-253.978363037, 95.3940734863, -8.79153633118, 14.2031011581, 18.5318470001, -39.8483695984, -0.763095021248, -15.4145441055, -0.109138019383, -21.3381538391, 22.6112480164, 38.1557617188, 111.701042175]],
        "icov": [[0.000135891488753, -0.000178687434527, 0.000296001933748, -0.000267540948698, 0.000363815226592, -0.000383416627301, 0.000314490520395, -0.000335457763867, 0.000355292839231, -0.000337363715516, 0.000419363059336, -0.00022737107065, 0.000206292213988], [-0.000178687434527, 0.00126459775493, -0.000623494794127, 0.00114123662934, -0.00114891072735, 0.00122794392519, -0.00115829485003, 0.000914008414838, -0.000896716024727, 0.00151856930461, -0.00166185584385, 0.00140076852404, -0.000786433753092], [0.000296001933748, -0.000623494794127, 0.00171436334495, -0.00100908812601, 0.000826831441373, -0.00119521364104, 0.00114527600817, -0.000812361307908, 0.00151498615742, -0.00103909452446, 0.000861899985466, -0.00119149126112, 0.000836413062643], [-0.000267540948698, 0.00114123662934, -0.00100908812601, 0.00297518377192, -0.00153183774091, 0.0013805469498, -0.000504512805492, -5.11103862664e-05, -0.00103636016138, 0.00117861048784, -0.00179884175304, 0.00112219108269, -0.00109958986286], [0.000363815226592, -0.00114891072735, 0.000826831441373, -0.00153183774091, 0.00431518442929, -0.00176029454451, 0.000416158756707, -0.00131578277797, 0.000677937059663, -0.00117614655755, 0.00149416946806, -0.00102801807225, 0.000370323949028], [-0.000383416627301, 0.00122794392519, -0.00119521364104, 0.0013805469498, -0.00176029454451, 0.0053725107573, -0.00272557232529, 0.00135060807224, -0.00152644806076, 0.00057987094624, -0.0014841145603, 0.000882542284671, 0.000294562370982], [0.000314490520395, -0.00115829485003, 0.00114527600817, -0.000504512805492, 0.000416158756707, -0.00272557232529, 0.00670391554013, -0.00192069553304, 0.00119782157708, -0.00149158807471, -0.000278221996268, -0.000352848612238, 0.000491016486194], [-0.000335457763867, 0.000914008414838, -0.000812361307908, -5.11103862664e-05, -0.00131578277797, 0.00135060807224, -0.00192069553304, 0.0088548315689, -0.00364595092833, 0.000414701004047, 0.000445164507255, -0.000825735856779, 0.000575794489123], [0.000355292839231, -0.000896716024727, 0.00151498615742, -0.00103636016138, 0.000677937059663, -0.00152644806076, 0.00119782157708, -0.00364595092833, 0.00848971586674, -0.00275709968992, 0.00165502354503, 0.000209543097299, -0.000252299680142], [-0.000337363715516, 0.00151856930461, -0.00103909452446, 0.00117861048784, -0.00117614655755, 0.00057987094624, -0.00149158807471, 0.000414701004047, -0.00275709968992, 0.00933770649135, -0.0037961427588, 0.000824066170026, 0.00042146150372], [0.000419363059336, -0.00166185584385, 0.000861899985466, -0.00179884175304, 0.00149416946806, -0.0014841145603, -0.000278221996268, 0.000445164507255, 0.00165502354503, -0.0037961427588, 0.0107736904174, -0.00358827528544, 0.000272800156381], [-0.00022737107065, 0.00140076852404, -0.00119149126112, 0.00112219108269, -0.00102801807225, 0.000882542284671, -0.000352848612238, -0.000825735856779, 0.000209543097299, 0.000824066170026, -0.00358827528544, 0.0106316506863, -0.00432834867388], [0.000206292213988, -0.000786433753092, 0.000836413062643, -0.00109958986286, 0.000370323949028, 0.000294562370982, 0.000491016486194, 0.000575794489123, -0.000252299680142, 0.00042146150372, 0.000272800156381, -0.00432834867388, 0.0119288051501]]
    },
    "melbands": {
        "mean": [0.000331255258061, 0.000533112324774, 0.000975806557108, 0.000945376174059, 0.00106812943704, 0.000468074926175, 0.000347497058101, 0.00044127041474, 0.000833281548694, 0.000367360684322, 0.000157755843247, 0.000122139274026, 5.20636604051e-05, 3.32436939061e-05, 1.9929921109e-05, 1.39454659802e-05, 1.67319776665e-05, 2.22290509555e-05, 1.44216128319e-05, 1.30199841806e-05, 5.89977071286e-06, 4.18765375798e-06, 4.23221808887e-06, 4.76090735901e-06, 2.59144576376e-06, 1.53211294673e-06, 2.32016373047e-06, 5.18365277458e-06, 3.20076833304e-06, 2.22193102672e-06, 2.65046128334e-06, 3.2139087125e-06, 4.67287645733e-06, 5.50430331714e-06, 5.96454265178e-06, 6.63994524075e-06, 6.51225218462e-06, 6.62859065415e-06, 4.01297984354e-06, 3.15081615554e-06],
        "stdev": [0.00108555704355, 0.00092585227685, 0.00127717701253, 0.00118888297584, 0.00153218372725, 0.00088239822071, 0.000837478379253, 0.00106393848546, 0.00196971860714, 0.00115898717195, 0.000563514709938, 0.000370235764422, 0.000173124994035, 7.39399038139e-05, 5.43036512681e-05, 4.61988565803e-05, 6.31691946182e-05, 7.12187611498e-05, 5.47301751794e-05, 6.68979337206e-05, 3.03305514535e-05, 1.46270604091e-05, 1.29679474412e-05, 1.22795918287e-05, 9.69909069681e-06, 4.39521681983e-06, 6.18128615315e-06, 1.9292725483e-05, 9.13864732865e-06, 5.46010005564e-06, 7.0994883572e-06, 9.39385245147e-06, 1.26467111841e-05, 1.51846306835e-05, 1.70949715539e-05, 2.17068973143e-05, 2.39062483161e-05, 2.24899140449e-05, 1.39694029713e-05, 1.25844653667e-05]
    },
    "melbands128": {
        "mean": [6.28747802693e-05, 0.000266047165496, 0.000425575126428, 0.000492102000862, 0.000449007347925, 0.000685301609337, 0.00106888136361, 0.000911884475499, 0.00110376405064, 0.000949746754486, 0.000813348218799, 0.00114376202691, 0.00139898387715, 0.000687124265824, 0.000301930820569, 0.00050428538816, 0.000419514370151, 0.000292912794976, 0.000261609558947, 0.000437762559159, 0.000316565769026, 0.000929637986701, 0.00104739028029, 0.000482098548673, 0.000533002370503, 0.000197191518964, 0.000279116851743, 0.00013488373952, 5.46817936993e-05, 0.000203696487006, 9.81429620879e-05, 6.33945310256e-05, 7.03651603544e-05, 2.61654367932e-05, 2.14364008571e-05, 4.50836741948e-05, 4.12029876316e-05, 9.93975481833e-06, 1.87876739801e-05, 7.38352855478e-06, 6.96941606293e-06, 3.06848633045e-05, 1.40010788527e-05, 1.23466288642e-05, 1.51045614984e-05, 2.65204434982e-05, 3.04856166622e-05, 1.0630750694e-05, 9.50000412558e-06, 1.46880156535e-05, 1.75662826223e-05, 5.44322938367e-06, 4.39111363448e-06, 7.48893216951e-06, 6.6674538175e-06, 1.94243330043e-06, 3.34396099788e-06, 6.63100490783e-06, 2.85269743472e-06, 3.30162311002e-06, 7.27014867152e-06, 2.97761562251e-06, 3.28113605974e-06, 2.49034064836e-06, 1.6672812535e-06, 1.41025191169e-06, 1.48818071466e-06, 1.56976477683e-06, 2.69645670414e-06, 3.02423723042e-06, 5.84514828006e-06, 6.26238625046e-06, 3.41941608895e-06, 3.20072285831e-06, 1.87968259979e-06, 2.20485276259e-06, 2.30107366406e-06, 2.60466754298e-06, 2.75108391179e-06, 2.55845543506e-06, 3.01163277072e-06, 3.15235888593e-06, 4.4189705477e-06, 4.47436195827e-06, 5.42210273125e-06, 5.38469794265e-06, 5.70868587602e-06, 5.43577789358e-06, 6.1473324422e-06, 6.05365448791e-06, 6.30742033536e-06, 6.76858689985e-06, 7.30318106434e-06, 6.66085270495e-06, 5.96098470851e-06, 5.86305168326e-06, 8.28401789477e-06, 5.53451764063e-06, 3.86375540984e-06, 3.12901943289e-06, 3.17145736517e-06, 3.19328819387e-06, 3.11200301439e-06, 2.77899584944e-06, 2.10310258808e-06, 1.9705255454e-06, 1.9549438548e-06, 1.58587067745e-06, 1.16516991966e-06, 8.03430907581e-07, 6.55638018543e-07, 7.46056969092e-07, 7.79875790613e-07, 4.04349265182e-07, 3.11639837491e-07, 6.7962474759e-08, 3.34938812796e-11, 4.43705402281e-12, 4.20004395846e-12, 4.03955081191e-12, 3.90607901926e-12, 3.79918405763e-12, 3.69919546384e-12, 3.61658034249e-12, 3.55685251217e-12, 3.5115684232e-12, 3.47763376256e-12, 3.45228164632e-12],
        "stdev": [0.00017042348918, 0.000995477777906, 0.0016488765832, 0.00154197181109, 0.000984085956588, 0.000918085162994, 0.00160928757396, 0.00167709810194, 0.00203049834818, 0.00151463737711, 0.00170035439078, 0.00194818316959, 0.00251388759352, 0.00128924718592, 0.000971900939476, 0.00150597107131, 0.00135941186454, 0.0011884853011, 0.000970972760115, 0.00156611599959, 0.00147290469613, 0.00270805112086, 0.00298194400966, 0.00195047084708, 0.00228050770238, 0.000963608850725, 0.0013419064926, 0.000759602873586, 0.000233862767345, 0.000713969580829, 0.000374065421056, 0.000289576855721, 0.000290168944048, 0.000108770524093, 9.59567478276e-05, 0.00012209302804, 0.000121570861666, 5.01216200064e-05, 0.000107230982394, 4.54662258562e-05, 4.07588486269e-05, 0.000135424837936, 8.30111675896e-05, 8.53959791129e-05, 0.000110886503535, 0.000106477091322, 0.000125505670439, 8.17983818706e-05, 8.7975000497e-05, 8.41436922201e-05, 0.00011061407713, 7.82006463851e-05, 4.605642971e-05, 4.05356804549e-05, 3.58554025297e-05, 1.16304236144e-05, 1.30280332087e-05, 2.88478149741e-05, 1.16860228445e-05, 1.25486885736e-05, 2.21672253247e-05, 1.06843735921e-05, 2.17610486288e-05, 8.53451092553e-06, 7.19422814655e-06, 4.75254864796e-06, 4.59296552435e-06, 5.87542672292e-06, 9.00406485016e-06, 9.72477664618e-06, 2.95120753435e-05, 2.60828001046e-05, 1.23785102915e-05, 1.22969095173e-05, 5.96883546677e-06, 5.93496906731e-06, 6.55534449834e-06, 7.17194234312e-06, 8.57439863466e-06, 8.31945362734e-06, 9.12796531338e-06, 1.10739038064e-05, 1.38965651786e-05, 1.34772608362e-05, 1.57451722771e-05, 1.6030997358e-05, 1.80731476576e-05, 1.68543338077e-05, 1.88980411622e-05, 1.84030395758e-05, 2.18145651161e-05, 2.39509372477e-05, 2.76560531347e-05, 2.62080338871e-05, 2.4480459615e-05, 2.20468555199e-05, 3.19237915392e-05, 2.01260863832e-05, 1.51523354361e-05, 1.21140119518e-05, 1.30363441713e-05, 1.41420623549e-05, 1.3678396499e-05, 1.05319859358e-05, 8.10943583929e-06, 7.43310010876e-06, 7.82072311267e-06, 6.39404879621e-06, 4.48514174423e-06, 2.96054054161e-06, 2.60610158875e-06, 3.2475786611e-06, 3.06920583171e-06, 1.47938385453e-06, 1.12510906547e-06, 2.9565933346e-07, 7.3497574693e-10, 7.39843603048e-12, 7.02871701813e-12, 6.75945020442e-12, 6.54002546563e-12, 6.35674455782e-12, 6.20360100095e-12, 6.07697225874e-12, 5.97225264035e-12, 5.8906022421e-12, 5.83131893467e-12, 5.79585728369e-12]
    },
    "mfcc": {
        "mean": [-703.26361084, 114.031639099, 48.4886016846, 6.72811841965, -5.97546863556, -4.41977071762, -10.7460184097, -2.057502985, -7.1871008873, -4.28845977783, -11.2855348587, -6.58169269562, -6.11152935028],
        "cov": [[10964.4238281, -1542.52514648, -554.724060059, -59.7085113525, -238.048202515, -16.1292381287, -374.472167969, 51.3021965027, 210.670318604, 444.989746094, 98.1847000122, 41.9028244019, -121.312026978], [-1542.52514648, 2842.00537109, -208.662506104, -312.713745117, -101.196708679, -4.95194339752, 219.573394775, -26.7924175262, -70.7464523315, -148.716796875, 7.18959569931, -34.8431777954, -78.0961456299], [-554.724060059, -208.662506104, 913.292602539, 148.950775146, 88.5517883301, 17.8773918152, 55.5091400146, -6.85649776459, -59.3527832031, -90.9086227417, -49.5702781677, 34.5059318542, 37.193195343], [-59.7085113525, -312.713745117, 148.950775146, 542.146362305, 160.57850647, -71.0945587158, -11.590511322, 17.2663803101, 26.2470417023, -6.02605342865, -66.253944397, 64.2463760376, 66.3641815186], [-238.048202515, -101.196708679, 88.5517883301, 160.57850647, 312.116668701, 35.0127334595, 4.40695381165, 39.1275520325, 33.1996803284, 15.4943943024, -3.37120294571, 19.0455665588, 21.26720047], [-16.1292381287, -4.95194339752, 17.8773918152, -71.0945587158, 35.0127334595, 255.926681519, 104.832702637, 19.7817287445, 15.1856460571, 49.0424499512, 75.9710083008, 5.67313623428, 6.84407806396], [-374.472167969, 219.573394775, 55.5091400146, -11.590511322, 4.40695381165, 104.832702637, 257.547790527, 32.277053833, -24.0402641296, -4.15379619598, 31.5646877289, 27.5687980652, 26.9326152802], [51.3021965027, -26.7924175262, -6.85649776459, 17.2663803101, 39.1275520325, 19.7817287445, 32.277053833, 170.680053711, 54.9199867249, 11.7317066193, 29.2334327698, -1.47499275208, 10.6100988388], [210.670318604, -70.7464523315, -59.3527832031, 26.2470417023, 33.1996803284, 15.1856460571, -24.0402641296, 54.9199867249, 156.393035889, 62.4557113647, 16.7540111542, -0.799283266068, 2.40290021896], [444.989746094, -148.716796875, -90.9086227417, -6.02605342865, 15.4943943024, 49.0424499512, -4.15379619598, 11.7317066193, 62.4557113647, 210.10798645, 90.7158203125, -13.5471782684, -7.568359375], [98.1847000122, 7.18959569931, -49.5702781677, -66.253944397, -3.37120294571, 75.9710083008, 31.5646877289, 29.2334327698, 16.7540111542, 90.7158203125, 185.292556763, 14.306678772, -16.211473465], [41.9028244019, -34.8431777954, 34.5059318542, 64.2463760376, 19.0455665588, 5.67313623428, 27.5687980652, -1.47499275208, -0.799283266068, -13.5471782684, 14.306678772, 164.719390869, 65.2086791992], [-121.312026978, -78.0961456299, 37.193195343, 66.3641815186, 21.26720047, 6.84407806396, 26.9326152802, 10.6100988388, 2.40290021896, -7.568359375, -16.211473465, 65.2086791992, 122.496940613]],
        "icov": [[0.000119556556456, 5.26116273249e-05, 4.53307147836e-05, 3.53566974809e-06, 0.0001184270659, -4.09743879572e-05, 0.000124785045045, -8.16258107079e-05, -1.60204544954e-05, -0.000231906888075, 0.000102542668174, -0.000165454635862, 0.000185258948477], [5.26116273249e-05, 0.000473647407489, 0.000138973337016, 0.000229626239161, -1.80509068741e-05, 0.000211734251934, -0.000469820253784, 0.000103902006231, -7.94534716988e-05, 0.000279630767182, -4.8351692385e-05, -5.53985373699e-05, 0.000314998585964], [4.53307147836e-05, 0.000138973337016, 0.00130622182041, -0.00023551681079, -0.000210379846976, -0.000157353410032, -0.000247010641033, 3.56268938049e-05, 0.000352250790456, 0.0004618683015, 8.34705715533e-05, -7.29290768504e-05, 3.25190048898e-05], [3.53566974809e-06, 0.000229626239161, -0.00023551681079, 0.00279653538018, -0.00126902200282, 0.00102755951229, -0.000400415650802, 1.80492224899e-05, -0.000306490896037, -0.000307913956931, 0.000723679433577, -0.000664222810883, -0.000607922615018], [0.0001184270659, -1.80509068741e-05, -0.000210379846976, -0.00126902200282, 0.0042667966336, -0.00105711538345, 0.000563020817935, -0.000801986840088, -0.000335886143148, -0.00041045283433, 0.000238068954786, -0.000205655407626, 0.000243332891841], [-4.09743879572e-05, 0.000211734251934, -0.000157353410032, 0.00102755951229, -0.00105711538345, 0.00590159231797, -0.00246476219036, 0.000514258164912, -0.000701646960806, -0.000260268745478, -0.00163473852444, 0.000319665239658, -0.000452165753813], [0.000124785045045, -0.000469820253784, -0.000247010641033, -0.000400415650802, 0.000563020817935, -0.00246476219036, 0.00591985974461, -0.00140631280374, 0.0013061723439, -0.000477927853353, 8.16950705484e-05, -0.000663924496621, -0.000714724708814], [-8.16258107079e-05, 0.000103902006231, 3.56268938049e-05, 1.80492224899e-05, -0.000801986840088, 0.000514258164912, -0.00140631280374, 0.00748001830652, -0.00290668895468, 0.00137591327075, -0.00167485547718, 0.000995766255073, -0.000873074808624], [-1.60204544954e-05, -7.94534716988e-05, 0.000352250790456, -0.000306490896037, -0.000335886143148, -0.000701646960806, 0.0013061723439, -0.00290668895468, 0.00885146297514, -0.00260371342301, 0.00103100691922, -0.000446737889433, 9.44318671827e-05], [-0.000231906888075, 0.000279630767182, 0.0004618683015, -0.000307913956931, -0.00041045283433, -0.000260268745478, -0.000477927853353, 0.00137591327075, -0.00260371342301, 0.0081586362794, -0.00385743821971, 0.00158043985721, -0.000749768572859], [0.000102542668174, -4.8351692385e-05, 8.34705715533e-05, 0.000723679433577, 0.000238068954786, -0.00163473852444, 8.16950705484e-05, -0.00167485547718, 0.00103100691922, -0.00385743821971, 0.00867317803204, -0.00213670707308, 0.00185713160317], [-0.000165454635862, -5.53985373699e-05, -7.29290768504e-05, -0.000664222810883, -0.000205655407626, 0.000319665239658, -0.000663924496621, 0.000995766255073, -0.000446737889433, 0.00158043985721, -0.00213670707308, 0.00860117562115, -0.00449463259429], [0.000185258948477, 0.000314998585964, 3.25190048898e-05, -0.000607922615018, 0.000243332891841, -0.000452165753813, -0.000714724708814, -0.000873074808624, 9.44318671827e-05, -0.000749768572859, 0.00185713160317, -0.00449463259429, 0.0116732390597]]
    },
    "spectral_contrast_coeffs": {
        "mean": [-0.625277101994, -0.660209476948, -0.711434900761, -0.776427447796, -0.784836530685, -0.80474036932],
        "stdev": [0.0888273268938, 0.10890275985, 0.0865385308862, 0.0724890530109, 0.0620958954096, 0.0452048704028]
    },
    "spectral_contrast_valleys": {
        "mean": [-7.2988615036, -7.58475017548, -8.51980495453, -9.20626926422, -8.98208141327, -10.2491550446],
        "stdev": [1.61092889309, 1.60059034824, 1.57461881638, 1.61192214489, 1.7354375124, 1.82143497467]
    }
},
"rhythm": {
    "beats_count": 352,
    "beats_loudness": {
        "mean": 0.0316458418965,
        "stdev": 0.0222638957202
    },
    "bpm": 99.9818496704,
    "bpm_histogram_first_peak_bpm": 99,
    "bpm_histogram_first_peak_weight": 0.328267514706,
    "bpm_histogram_second_peak_bpm": 117,
    "bpm_histogram_second_peak_spread": 0.411764740944,
    "bpm_histogram_second_peak_weight": 0.0284900292754,
    "danceability": 1.03894996643,
    "onset_rate": 3.56709742546,
    "beats_loudness_band_ratio": {
        "mean": [0.301539689302, 0.329269677401, 0.229618355632, 0.0509153977036, 0.0213585607708, 0.133803904057],
        "stdev": [0.231232225895, 0.216449514031, 0.219802722335, 0.0766366645694, 0.0357812717557, 0.189734458923]
    },
    "beats_position": [0.626938760281, 1.26548755169, 1.91564619541, 2.55419492722, 3.16952371597, 3.7732424736, 4.37696123123, 4.96907043457, 5.5727891922, 6.17650794983, 6.78022670746, 7.38394546509, 7.98766422272, 8.59138298035, 9.18349170685, 9.77560043335, 10.379319191, 10.9830379486, 11.5867567062, 12.1904764175, 12.7941951752, 13.3979139328, 13.9900226593, 14.5821313858, 15.1858501434, 15.7895689011, 16.3932876587, 16.99700737, 17.600725174, 18.1928348541, 18.784942627, 19.3886623383, 19.9923801422, 20.5844898224, 21.1765975952, 21.7803173065, 22.3840351105, 22.9877548218, 23.5914726257, 24.195192337, 24.7989120483, 25.4026298523, 26.0063495636, 26.5984573364, 27.1905670166, 27.7942848206, 28.3980045319, 29.0017223358, 29.6054420471, 30.2207698822, 30.8477096558, 31.4282073975, 32.0087051392, 32.5892066956, 33.204536438, 33.8082542419, 34.4003639221, 35.0040817261, 35.60779953, 36.211517334, 36.8036270142, 37.3957366943, 37.9878463745, 38.5915641785, 39.1952819824, 39.7989997864, 40.402721405, 41.006439209, 41.6101570129, 42.2022666931, 42.7943763733, 43.3864860535, 43.9785919189, 44.5474815369, 45.0583229065, 45.5575485229, 46.0567779541, 46.5676193237, 47.0784568787, 47.6589546204, 48.2510643005, 48.8315620422, 49.4352836609, 50.0273895264, 50.631111145, 51.2232208252, 51.8269386292, 52.4306564331, 53.0227661133, 53.6148757935, 54.2185935974, 54.8223114014, 55.4260292053, 56.029750824, 56.6334686279, 57.2371864319, 57.8292961121, 58.4214057922, 59.0251235962, 59.6288414001, 60.2325630188, 60.8362808228, 61.4399986267, 62.0437164307, 62.6358261108, 63.227935791, 63.831653595, 64.4353713989, 65.0274810791, 65.6195907593, 66.2233123779, 66.8270263672, 67.4307479858, 68.0344696045, 68.6381835938, 69.2419052124, 69.8456192017, 70.4493408203, 71.053062439, 71.6451721191, 72.2372741699, 72.8409957886, 73.4447174072, 74.0484313965, 74.6405410767, 75.2442626953, 75.8479766846, 76.4400863647, 77.0438079834, 77.6475296021, 78.2628555298, 78.8781814575, 79.4702911377, 80.0624008179, 80.6661224365, 81.2698364258, 81.861946106, 82.4540557861, 83.0461654663, 83.649887085, 84.2419967651, 84.8457107544, 85.449432373, 86.0531539917, 86.656867981, 87.2605895996, 87.8643035889, 88.4680252075, 89.0717468262, 89.6754608154, 90.2675704956, 90.8596801758, 91.451789856, 92.0438995361, 92.6360092163, 93.251335144, 93.8550567627, 94.458770752, 95.0624923706, 95.6662139893, 96.2699279785, 96.8736495972, 97.4773712158, 98.0694732666, 98.6615829468, 99.2653045654, 99.8806304932, 100.472740173, 101.064849854, 101.656959534, 102.260681152, 102.864395142, 103.46811676, 104.083442688, 104.687164307, 105.290885925, 105.882987976, 106.475097656, 107.067207336, 107.670928955, 108.274642944, 108.866752625, 109.470474243, 110.062583923, 110.666305542, 111.270019531, 111.87374115, 112.477455139, 113.081176758, 113.684898376, 114.288612366, 114.892333984, 115.484443665, 116.076553345, 116.680267334, 117.283988953, 117.887710571, 118.491424561, 119.095146179, 119.687255859, 120.290969849, 120.883079529, 121.486801147, 122.090522766, 122.694236755, 123.297958374, 123.890068054, 124.482177734, 125.085891724, 125.689613342, 126.293327332, 126.885437012, 127.477546692, 128.081268311, 128.6849823, 129.288711548, 129.892425537, 130.496139526, 131.099868774, 131.703582764, 132.307296753, 132.911010742, 133.503128052, 134.095230103, 134.698959351, 135.30267334, 135.906387329, 136.510116577, 137.102218628, 137.694335938, 138.298049927, 138.901763916, 139.505477905, 140.109207153, 140.712921143, 141.316635132, 141.908752441, 142.500854492, 143.10458374, 143.708297729, 144.312011719, 144.915740967, 145.507843018, 146.099945068, 146.703674316, 147.307388306, 147.911102295, 148.514831543, 149.118545532, 149.722259521, 150.337600708, 150.929702759, 151.52180481, 152.113922119, 152.717636108, 153.321365356, 153.925079346, 154.528793335, 155.132507324, 155.736236572, 156.328338623, 156.920455933, 157.512557983, 158.116271973, 158.720001221, 159.312103271, 159.915817261, 160.519546509, 161.123260498, 161.726974487, 162.330703735, 162.934417725, 163.526535034, 164.118637085, 164.722351074, 165.326080322, 165.929794312, 166.533508301, 167.137237549, 167.740951538, 168.344665527, 168.925170898, 169.540496826, 170.144210815, 170.736328125, 171.340042114, 171.932144165, 172.524261475, 173.127975464, 173.731704712, 174.335418701, 174.93913269, 175.54284668, 176.146575928, 176.738677979, 177.330795288, 177.934509277, 178.538223267, 179.141952515, 179.745666504, 180.360992432, 180.976318359, 181.568435669, 182.16053772, 182.752655029, 183.34475708, 183.948471069, 184.552200317, 185.155914307, 185.759628296, 186.351745605, 186.955459595, 187.559173584, 188.151290894, 188.755004883, 189.347122192, 189.96244812, 190.566162109, 191.169876099, 191.773605347, 192.365707397, 192.957824707, 193.561538696, 194.165252686, 194.768981934, 195.372695923, 195.964797974, 196.556915283, 197.160629272, 197.764343262, 198.36807251, 198.971786499, 199.575500488, 200.179229736, 200.771331787, 201.363449097, 201.943939209, 202.52444458, 203.116546631, 203.63899231, 204.149841309, 204.672286987, 205.194732666, 205.717178345, 206.251235962, 206.762084961, 207.272918701, 207.772155762, 208.282989502, 208.793823242, 209.304672241, 209.815505981],
    "bpm_histogram": [0, 0, 0, 0, 0, 0, 0, 0, 0, 0, 0, 0, 0, 0, 0, 0, 0, 0, 0, 0, 0, 0, 0, 0, 0, 0, 0, 0, 0, 0, 0, 0, 0, 0, 0, 0, 0, 0, 0, 0, 0, 0, 0, 0, 0, 0, 0, 0, 0, 0, 0, 0, 0, 0, 0, 0, 0, 0, 0, 0, 0, 0, 0, 0, 0, 0, 0, 0, 0, 0, 0, 0, 0, 0, 0, 0, 0, 0, 0, 0, 0, 0, 0, 0, 0, 0, 0, 0, 0, 0, 0, 0, 0.00284900283441, 0, 0.00569800566882, 0, 0.00284900283441, 0, 0.037037037313, 0.592592597008, 0, 0.282051295042, 0, 0.0227920226753, 0, 0.00284900283441, 0, 0, 0, 0, 0, 0, 0.00284900283441, 0, 0, 0.0113960113376, 0, 0.0284900292754, 0, 0, 0.00854700896889, 0, 0, 0, 0, 0, 0, 0, 0, 0, 0, 0, 0, 0, 0, 0, 0, 0, 0, 0, 0, 0, 0, 0, 0, 0, 0, 0, 0, 0, 0, 0, 0, 0, 0, 0, 0, 0, 0, 0, 0, 0, 0, 0, 0, 0, 0, 0, 0, 0, 0, 0, 0, 0, 0, 0, 0, 0, 0, 0, 0, 0, 0, 0, 0, 0, 0, 0, 0, 0, 0, 0, 0, 0, 0, 0, 0, 0, 0, 0, 0, 0, 0, 0, 0, 0, 0, 0, 0, 0, 0, 0, 0, 0, 0, 0, 0, 0, 0, 0, 0, 0, 0, 0, 0, 0, 0, 0, 0, 0, 0, 0, 0, 0, 0, 0, 0, 0, 0, 0, 0, 0, 0, 0, 0, 0, 0, 0, 0, 0]
},
"tonal": {
    "chords_changes_rate": 0.0544652715325,
    "chords_number_rate": 0.00154355017003,
    "chords_strength": {
        "mean": 0.477988302708,
        "stdev": 0.0837101191282
    },
    "hpcp_crest": {
        "mean": 19.5031986237,
        "stdev": 9.35959148407
    },
    "hpcp_entropy": {
        "mean": 1.35484158993,
        "stdev": 0.804363787174
    },
    "key_edma": {
        "strength": 0.861804246902,
        "key": "G",
        "scale": "major"
    },
    "key_krumhansl": {
        "strength": 0.866725027561,
        "key": "G",
        "scale": "major"
    },
    "key_temperley": {
        "strength": 0.871015071869,
        "key": "G",
        "scale": "major"
    },
    "tuning_diatonic_strength": 0.652373790741,
    "tuning_equal_tempered_deviation": 0.0255125798285,
    "tuning_frequency": 438.984558105,
    "tuning_nontempered_energy_ratio": 0.625183582306,
    "hpcp": {
        "mean": [0.158382341266, 0.108910121024, 0.0262523517013, 0.0209521614015, 0.0244800671935, 0.0669793561101, 0.114381283522, 0.0813471898437, 0.113209016621, 0.171845138073, 0.0936640426517, 0.027159774676, 0.0258995126933, 0.0370652787387, 0.232036665082, 0.446334540844, 0.265571296215, 0.0375883951783, 0.0183134991676, 0.0212421733886, 0.090323291719, 0.147974953055, 0.089361988008, 0.0356661640108, 0.0321415513754, 0.0426731407642, 0.0851957127452, 0.104885801673, 0.0768023878336, 0.163375347853, 0.275354504585, 0.16199414432, 0.0341866575181, 0.0255926121026, 0.0250079836696, 0.0789777487516],
        "stdev": [0.254384368658, 0.187835559249, 0.106515489519, 0.0975267887115, 0.106034114957, 0.175558328629, 0.261901706457, 0.196646824479, 0.222747147083, 0.33027368784, 0.198164910078, 0.11077812314, 0.105226673186, 0.12428957969, 0.253965556622, 0.397532999516, 0.275171220303, 0.124379813671, 0.0854158774018, 0.0899867415428, 0.206238031387, 0.307408124208, 0.20337703824, 0.128986462951, 0.122417345643, 0.144696012139, 0.214171409607, 0.241395995021, 0.187884241343, 0.238636136055, 0.362720966339, 0.242686748505, 0.114781871438, 0.0982784554362, 0.0962733030319, 0.152069494128]
    },
    "chords_histogram": [47.541343689, 4.71885347366, 28.1808166504, 0, 0.352811455727, 0, 0, 0, 0, 0, 0.0882028639317, 0, 0.0882028639317, 0, 0, 0.771775066853, 0, 4.60859966278, 0, 4.38809251785, 0, 0.926130115986, 2.86659312248, 5.46857786179],
    "thpcp": [1, 0.5950050354, 0.0842157453299, 0.0410308800638, 0.0475924909115, 0.202366799116, 0.33153373003, 0.200213029981, 0.0799090415239, 0.0720122456551, 0.0956079736352, 0.190878599882, 0.234993696213, 0.172073587775, 0.366037875414, 0.61692404747, 0.362943321466, 0.076594248414, 0.0573395267129, 0.0560296848416, 0.176947429776, 0.354851186275, 0.244010061026, 0.0588176548481, 0.0469427295029, 0.0548469014466, 0.150065362453, 0.256268054247, 0.182256087661, 0.25364163518, 0.385014206171, 0.209851652384, 0.060850713402, 0.0580271296203, 0.0830437168479, 0.519871652126],
    "chords_key": "G",
    "chords_scale": "major"
}
}