{
"metadata": {
    "version": {
        "essentia": "2.1-dev",
        "essentia_git_sha": "v2.1_beta3-415-gd5473f3",
        "extractor": "music 2.0"
    },
    "audio_properties": {
        "analysis": {
            "equal_loudness": 0,
            "length": 241.39755249,
            "sample_rate": 44100,
            "start_time": 0,
            "downmix": "mix"
        },
        "bit_rate": 192000,
        "length": 241.39755249,
        "lossless": 0,
        "number_channels": 2,
        "replay_gain": -11.6621646881,
        "sample_rate": 44100,
        "codec": "mp3",
        "md5_encoded": "89061517190d8861953abbd31ce49386"
    },
    "tags": {
        "file_name": "operacion_triunfo-te_extrano_te_olvido_te_amo.mp3",
        "album": ["Operación Triunfo"],
        "artist": ["Various Artists"],
        "genre": ["Other"],
        "title": ["Te extraño, te olvido, te amo"]
    }
},
"lowlevel": {
    "average_loudness": 0.753252446651,
    "barkbands_crest": {
        "mean": 10.2697668076,
        "stdev": 3.96859669685
    },
    "barkbands_flatness_db": {
        "mean": 0.166947767138,
        "stdev": 0.0494660101831
    },
    "barkbands_kurtosis": {
        "mean": 3.91638231277,
        "stdev": 7.10537672043
    },
    "barkbands_skewness": {
        "mean": 1.06650698185,
        "stdev": 1.15028560162
    },
    "barkbands_spread": {
        "mean": 15.0536270142,
        "stdev": 10.6211023331
    },
    "dissonance": {
        "mean": 0.431841701269,
        "stdev": 0.0449127778411
    },
    "dynamic_complexity": 4.47936868668,
    "erbbands_crest": {
        "mean": 12.251080513,
        "stdev": 5.39321470261
    },
    "erbbands_flatness_db": {
        "mean": 0.197305798531,
        "stdev": 0.0505763441324
    },
    "erbbands_kurtosis": {
        "mean": 2.37171006203,
        "stdev": 4.04587936401
    },
    "erbbands_skewness": {
        "mean": 0.723072767258,
        "stdev": 0.852517485619
    },
    "erbbands_spread": {
        "mean": 24.4306945801,
        "stdev": 15.6809272766
    },
    "hfc": {
        "mean": 17.2400512695,
        "stdev": 17.1194324493
    },
    "loudness_ebu128": {
        "integrated": -12.1801986694,
        "loudness_range": 11.4404392242,
        "momentary": {
            "mean": -17.8054561615,
            "stdev": 30.5871601105
        },
        "short_term": {
            "mean": -14.556883812,
            "stdev": 8.52952289581
        }
    },
    "melbands_crest": {
        "mean": 12.583899498,
        "stdev": 4.7281832695
    },
    "melbands_flatness_db": {
        "mean": 0.231112837791,
        "stdev": 0.0630550682545
    },
    "melbands_kurtosis": {
        "mean": 6.5543847084,
        "stdev": 9.95654296875
    },
    "melbands_skewness": {
        "mean": 1.49525380135,
        "stdev": 1.30455052853
    },
    "melbands_spread": {
        "mean": 20.5654220581,
        "stdev": 19.3299751282
    },
    "pitch_salience": {
        "mean": 0.547257900238,
        "stdev": 0.103606797755
    },
    "silence_rate_20dB": {
        "mean": 1,
        "stdev": 0
    },
    "silence_rate_30dB": {
        "mean": 1,
        "stdev": 0
    },
    "silence_rate_60dB": {
        "mean": 0.147239848971,
        "stdev": 0.354350745678
    },
    "spectral_centroid": {
        "mean": 1150.19226074,
        "stdev": 1235.69238281
    },
    "spectral_complexity": {
        "mean": 13.6642627716,
        "stdev": 6.89987468719
    },
    "spectral_decrease": {
        "mean": -5.52091883321e-09,
        "stdev": 4.60603200025e-09
    },
    "spectral_energy": {
        "mean": 0.0224009398371,
        "stdev": 0.018699772656
    },
    "spectral_energyband_high": {
        "mean": 0.000291814241791,
        "stdev": 0.000600847648457
    },
    "spectral_energyband_low": {
        "mean": 0.00376577652059,
        "stdev": 0.00704825948924
    },
    "spectral_energyband_middle_high": {
        "mean": 0.00749447708949,
        "stdev": 0.0105467839167
    },
    "spectral_energyband_middle_low": {
        "mean": 0.0114923659712,
        "stdev": 0.0103817628697
    },
    "spectral_entropy": {
        "mean": 7.09405374527,
        "stdev": 0.547588169575
    },
    "spectral_flux": {
        "mean": 0.0681815817952,
        "stdev": 0.0460849180818
    },
    "spectral_kurtosis": {
        "mean": 8.06818675995,
        "stdev": 5.78025245667
    },
    "spectral_rms": {
        "mean": 0.00419029593468,
        "stdev": 0.00207268865779
    },
    "spectral_rolloff": {
        "mean": 1386.46374512,
        "stdev": 2303.11083984
    },
    "spectral_skewness": {
        "mean": 2.09318137169,
        "stdev": 0.687534332275
    },
    "spectral_spread": {
        "mean": 4316344,
        "stdev": 4409999
    },
    "spectral_strongpeak": {
        "mean": 1.60579836369,
        "stdev": 1.69335138798
    },
    "zerocrossingrate": {
        "mean": 0.0521916672587,
        "stdev": 0.0593728721142
    },
    "barkbands": {
        "mean": [5.75386984565e-05, 0.00233546807431, 0.00105238740798, 0.000758244888857, 0.00216965004802, 0.00155464489944, 0.00239049363881, 0.00151555670891, 0.00245193019509, 0.00176684593316, 0.00258316355757, 0.000960635719821, 0.000634915486444, 0.000415466172853, 0.000455855188193, 0.000278800871456, 0.000236674502958, 0.000165571909747, 0.000237222935539, 0.000171299718204, 8.27010007924e-05, 2.59277603618e-05, 2.58024974755e-05, 2.72715042229e-05, 3.01620912069e-05, 1.61657771969e-05, 5.75149442739e-07],
        "stdev": [0.000284540525172, 0.00631116889417, 0.00119321828242, 0.00105875160079, 0.00308465887792, 0.00233396422118, 0.00411924161017, 0.00421896157786, 0.0050596203655, 0.00404450111091, 0.00603431463242, 0.00318599119782, 0.00143602991011, 0.00130479317158, 0.00141025008634, 0.000849040690809, 0.000742905889638, 0.000445983198006, 0.000464911805466, 0.000331058108713, 0.00022405886557, 9.43876293604e-05, 0.000117993738968, 0.000113128415251, 0.000125789025333, 7.40700561437e-05, 2.48641390499e-06]
    },
    "erbbands": {
        "mean": [0.0529424697161, 0.56672257185, 1.32055258751, 1.85207676888, 4.09099388123, 8.89508533478, 9.00025939941, 15.1864395142, 24.7101535797, 39.8631286621, 35.1636009216, 57.4897575378, 60.017780304, 89.523109436, 75.443687439, 37.9241485596, 29.3102855682, 26.8764724731, 19.7353553772, 21.4273777008, 16.0976467133, 11.9929685593, 9.80734729767, 10.462761879, 11.5751190186, 7.54375743866, 5.53246355057, 1.67734289169, 0.936355113983, 0.858720302582, 0.728156447411, 0.579942345619, 0.456549555063, 0.339467644691, 0.210350319743, 0.0896762087941, 0.0261457730085, 0.00361205358058, 9.1030036856e-05, 2.93352986773e-05],
        "stdev": [0.221013143659, 1.27129459381, 1.3778424263, 2.14214134216, 5.35191965103, 15.2483444214, 14.0182380676, 24.8378200531, 41.7173538208, 72.5684356689, 96.2678604126, 121.815170288, 126.526748657, 187.056274414, 186.345596313, 123.454597473, 62.2791938782, 70.1299667358, 53.675983429, 67.3011779785, 39.9056854248, 37.6489830017, 27.6896762848, 21.9171504974, 21.2282829285, 13.458404541, 13.907409668, 4.58082008362, 3.38639187813, 3.07760357857, 3.53464865685, 2.29706335068, 2.10379433632, 1.29045367241, 0.95904392004, 0.465482056141, 0.112384110689, 0.0138916056603, 0.000309564988129, 2.58652944467e-05]
    },
    "gfcc": {
        "mean": [-58.6875724792, 116.503639221, -115.783203125, 11.1621627808, -58.231967926, 7.06093120575, -33.1980209351, 13.4415407181, -31.9731140137, 3.25661945343, -11.3928508759, -3.29393076897, -9.0282907486],
        "cov": [[26382.7089844, 616.565429688, -2252.8449707, 467.366699219, -1003.23931885, 434.100372314, -356.813751221, 771.71496582, -625.997192383, 426.613555908, -230.641586304, 78.942024231, -166.06463623], [616.565429688, 1272.21606445, -309.782409668, -102.270401001, 132.462844849, -28.1279125214, 129.860244751, -141.221817017, 25.7702198029, -100.343536377, 79.9968490601, -101.897064209, 13.725112915], [-2252.8449707, -309.782409668, 937.418029785, 31.976442337, -56.4240989685, 49.5477600098, -109.486221313, 12.3948526382, 61.2862319946, -28.914648056, -9.61273097992, 95.5903625488, -90.2695007324], [467.366699219, -102.270401001, 31.976442337, 420.781921387, 40.1889839172, -48.4253349304, -87.6162261963, 3.91631412506, 54.8697166443, -2.88280916214, 8.56101799011, 45.268951416, -8.57898616791], [-1003.23931885, 132.462844849, -56.4240989685, 40.1889839172, 364.714172363, 30.1983776093, 79.8399658203, -53.931602478, 52.8670158386, 16.4036846161, 33.8890991211, -7.0444984436, 38.2452201843], [434.100372314, -28.1279125214, 49.5477600098, -48.4253349304, 30.1983776093, 240.850250244, 69.3298568726, -13.5859251022, -4.16684865952, 25.7287597656, -5.34038877487, 3.48013710976, -36.3518218994], [-356.813751221, 129.860244751, -109.486221313, -87.6162261963, 79.8399658203, 69.3298568726, 288.346984863, 0.749055504799, -12.4555683136, 7.99422311783, 29.203754425, -27.6889362335, 17.3285617828], [771.71496582, -141.221817017, 12.3948526382, 3.91631412506, -53.931602478, -13.5859251022, 0.749055504799, 186.499008179, -3.72721362114, 16.3451728821, -17.7788238525, 21.3051738739, 17.8372783661], [-625.997192383, 25.7702198029, 61.2862319946, 54.8697166443, 52.8670158386, -4.16684865952, -12.4555683136, -3.72721362114, 152.53553772, -11.7451047897, -3.59625816345, 21.6665019989, -7.55658245087], [426.613555908, -100.343536377, -28.914648056, -2.88280916214, 16.4036846161, 25.7287597656, 7.99422311783, 16.3451728821, -11.7451047897, 119.983924866, 13.6708669662, 1.30812489986, 18.6971054077], [-230.641586304, 79.9968490601, -9.61273097992, 8.56101799011, 33.8890991211, -5.34038877487, 29.203754425, -17.7788238525, -3.59625816345, 13.6708669662, 97.6288757324, 3.41413903236, 7.1731801033], [78.942024231, -101.897064209, 95.5903625488, 45.268951416, -7.0444984436, 3.48013710976, -27.6889362335, 21.3051738739, 21.6665019989, 1.30812489986, 3.41413903236, 114.883834839, -4.85750675201], [-166.06463623, 13.725112915, -90.2695007324, -8.57898616791, 38.2452201843, -36.3518218994, 17.3285617828, 17.8372783661, -7.55658245087, 18.6971054077, 7.1731801033, -4.85750675201, 148.759017944]],
        "icov": [[0.000186837365618, -0.000337160687195, 0.000497668341268, -0.000382439349778, 0.000436637870735, -0.000611040857621, 0.000414294510847, -0.000834269740153, 0.000652836286463, -0.000722021330148, 0.000453023414593, -0.000502616399899, 0.000395472015953], [-0.000337160687195, 0.00179866282269, -0.000569524883758, 0.000948015775066, -0.000978086609393, 0.00119493005332, -0.000949374865741, 0.00206951471046, -0.00156037567649, 0.00238106376491, -0.00173803931102, 0.00150893034879, -0.000672809022944], [0.000497668341268, -0.000569524883758, 0.00273819966242, -0.000831466983072, 0.0011969456682, -0.00193586025853, 0.00151005957741, -0.00215579778887, 0.0012303943513, -0.0013676249655, 0.000807209289633, -0.0020726940129, 0.00165133783594], [-0.000382439349778, 0.000948015775066, -0.000831466983072, 0.00366871338338, -0.00138026534114, 0.00166749954224, -5.5796772358e-05, 0.00168269197457, -0.00212605437264, 0.00167771230917, -0.00147882616147, 0.00029478489887, -0.000478225643747], [0.000436637870735, -0.000978086609393, 0.0011969456682, -0.00138026534114, 0.00460689468309, -0.0018266934203, 0.000100141376606, -0.0010135951452, 0.000306313420879, -0.00222984398715, 0.000525550567545, -0.0011203213362, -6.26215332886e-05], [-0.000611040857621, 0.00119493005332, -0.00193586025853, 0.00166749954224, -0.0018266934203, 0.0071454369463, -0.00268053496256, 0.00318549317308, -0.0019491823623, 0.00105659186374, -0.000624372449238, 0.00124710565433, 0.000114123453386], [0.000414294510847, -0.000949374865741, 0.00151005957741, -5.5796772358e-05, 0.000100141376606, -0.00268053496256, 0.00560626387596, -0.00258107157424, 0.00158893887419, -0.00128291838337, -0.000204796349863, -0.000694735208526, 0.000667995132972], [-0.000834269740153, 0.00206951471046, -0.00215579778887, 0.00168269197457, -0.0010135951452, 0.00318549317308, -0.00258107157424, 0.0101123517379, -0.00318509037606, 0.00268735829741, -0.00123758532573, 0.0013803713955, -0.00260106963105], [0.000652836286463, -0.00156037567649, 0.0012303943513, -0.00212605437264, 0.000306313420879, -0.0019491823623, 0.00158893887419, -0.00318509037606, 0.0100380908698, -0.00221642712131, 0.00251363101415, -0.0028372881934, 0.00171315041371], [-0.000722021330148, 0.00238106376491, -0.0013676249655, 0.00167771230917, -0.00222984398715, 0.00105659186374, -0.00128291838337, 0.00268735829741, -0.00221642712131, 0.0130193317309, -0.00403253687546, 0.00238924054429, -0.00257664383389], [0.000453023414593, -0.00173803931102, 0.000807209289633, -0.00147882616147, 0.000525550567545, -0.000624372449238, -0.000204796349863, -0.00123758532573, 0.00251363101415, -0.00403253687546, 0.0132463648915, -0.00249553495087, 0.000869481358677], [-0.000502616399899, 0.00150893034879, -0.0020726940129, 0.00029478489887, -0.0011203213362, 0.00124710565433, -0.000694735208526, 0.0013803713955, -0.0028372881934, 0.00238924054429, -0.00249553495087, 0.0119910407811, -0.00136539991945], [0.000395472015953, -0.000672809022944, 0.00165133783594, -0.000478225643747, -6.26215332886e-05, 0.000114123453386, 0.000667995132972, -0.00260106963105, 0.00171315041371, -0.00257664383389, 0.000869481358677, -0.00136539991945, 0.00880274176598]]
    },
    "melbands": {
        "mean": [0.000570620817598, 0.000739642302506, 0.00038469710853, 0.000472428044304, 0.000341875856975, 0.000321105122566, 0.000428419705713, 0.000416458322434, 0.000271276774583, 0.000385041203117, 0.000288185168756, 0.000342039216775, 0.000294866622426, 0.000130178930704, 6.38045166852e-05, 7.14769921615e-05, 4.56611596746e-05, 2.79501582554e-05, 3.62294304068e-05, 2.30098867178e-05, 1.80861625267e-05, 1.36890139402e-05, 9.47761509451e-06, 7.31521959096e-06, 8.41118617245e-06, 9.67427968135e-06, 6.54671066513e-06, 4.71428256787e-06, 4.21598952016e-06, 1.71704198237e-06, 7.10451445229e-07, 5.0755193115e-07, 5.1136021284e-07, 4.57523327668e-07, 4.16455009145e-07, 3.84258072472e-07, 3.49555591583e-07, 3.19654105851e-07, 3.0416873642e-07, 2.79692045524e-07],
        "stdev": [0.00188717665151, 0.000955076247919, 0.000430949556176, 0.000712452805601, 0.000501104455907, 0.000512637954671, 0.000710501510184, 0.00078993733041, 0.000787451106589, 0.000822447007522, 0.00063808914274, 0.000730174651835, 0.000721347983927, 0.000411828630604, 0.00021142741025, 0.000158809183631, 0.000139034251333, 8.88350623427e-05, 0.000127436011098, 8.06758980616e-05, 4.95847743878e-05, 4.8311187129e-05, 3.2077277865e-05, 1.73210664798e-05, 1.96519231395e-05, 2.070994924e-05, 1.30966036522e-05, 9.07268167794e-06, 1.11801527964e-05, 5.0400381042e-06, 2.43146132561e-06, 1.90656828636e-06, 2.05596825253e-06, 1.73604314568e-06, 2.24244195124e-06, 1.70437954239e-06, 1.36358539748e-06, 1.52960490141e-06, 1.41509610785e-06, 1.00123997981e-06]
    },
    "melbands128": {
        "mean": [5.21340225532e-05, 0.000341856386513, 0.000792714417912, 0.00100220227614, 0.000781339651439, 0.000466475001303, 0.00034034991404, 0.000409965665312, 0.000370502646547, 0.000446094403742, 0.000623375817668, 0.000371652073227, 0.000292254961096, 0.000245342263952, 0.000394982780563, 0.000310445844661, 0.00022246579465, 0.000455320085166, 0.000710575433914, 0.000433144829003, 0.000302229862427, 0.000301053718431, 0.000290391210001, 0.000206384429475, 0.000334809912601, 0.000522057816852, 0.000331022223691, 0.000302008527797, 0.000186305725947, 0.000236004270846, 0.000468235928565, 0.000434440706158, 0.00026026982232, 0.000241551548243, 0.000140345407999, 0.000107706226117, 9.62545746006e-05, 5.92478936596e-05, 4.63946234959e-05, 6.17710174993e-05, 8.77285856404e-05, 6.97137584211e-05, 4.5098051487e-05, 3.66510939784e-05, 2.46267900366e-05, 2.69469910563e-05, 2.79151117866e-05, 5.10304453201e-05, 3.03615124722e-05, 2.33718292293e-05, 2.56560051639e-05, 1.78529844561e-05, 1.67853522726e-05, 2.00313206733e-05, 1.82457260962e-05, 1.37422584885e-05, 8.00296220405e-06, 9.05602064449e-06, 1.06991892608e-05, 9.85392762232e-06, 6.63637092657e-06, 5.45108832739e-06, 6.76148738421e-06, 1.0151891729e-05, 1.00488487078e-05, 1.04711816675e-05, 8.33758167573e-06, 8.31651504996e-06, 5.81260292165e-06, 4.80219296151e-06, 3.59040018338e-06, 6.20783839622e-06, 4.50689231002e-06, 4.38674533143e-06, 2.78750235339e-06, 2.09559516406e-06, 1.00955799098e-06, 8.54071458889e-07, 7.12661801572e-07, 5.11799896685e-07, 5.3871997352e-07, 4.60205285435e-07, 5.15427018399e-07, 5.30698002876e-07, 5.07067795752e-07, 4.73372637089e-07, 4.47997990705e-07, 4.04174926416e-07, 4.08701168908e-07, 4.33263892319e-07, 4.15456270275e-07, 3.72675685867e-07, 3.24843568933e-07, 3.50182659759e-07, 3.74668758241e-07, 3.18708686109e-07, 3.07433197122e-07, 3.14900546527e-07, 3.04130480799e-07, 2.9650777833e-07, 3.06954063944e-07, 2.61078099584e-07, 2.68057362973e-07, 2.70851614914e-07, 2.36457751157e-07, 2.20232223569e-07, 2.16738257564e-07, 1.82526690651e-07, 1.57463716732e-07, 1.20683083082e-07, 9.98651259465e-08, 9.18509357462e-08, 8.82610748931e-08, 6.52203482332e-08, 5.08694917301e-08, 3.91578538483e-08, 2.28401209057e-08, 2.56654852926e-09, 3.37974895466e-12, 3.25708232086e-12, 3.17608461232e-12, 3.10629972265e-12, 3.04286001777e-12, 2.98728554914e-12, 2.94518793034e-12, 2.91225724092e-12, 2.88735918855e-12, 2.87091682892e-12],
        "stdev": [0.000263118825387, 0.0017143485602, 0.00292402249761, 0.00188314146362, 0.000850510667078, 0.000555616803467, 0.000454174587503, 0.000606896821409, 0.000600946135819, 0.000886329740752, 0.00131745974068, 0.000770248007029, 0.000592937984038, 0.000508793222252, 0.000800168083515, 0.000650164671242, 0.000633160176221, 0.000993821537122, 0.00153721810784, 0.00103193311952, 0.00111919420306, 0.00116275763139, 0.00113228580449, 0.000985653256066, 0.000948459783103, 0.00133942614775, 0.000972013396677, 0.00100414548069, 0.000688492436893, 0.000815398874693, 0.00125994265545, 0.00123135640752, 0.00104292621836, 0.000953538808972, 0.000664632942062, 0.000526238640305, 0.00051305006491, 0.000301014340948, 0.000216225729673, 0.000186068980838, 0.000247343705269, 0.000271478813374, 0.0001772303076, 0.000192220089957, 0.000151275424287, 0.000123444246128, 0.000123611302115, 0.000245309434831, 0.000147529950482, 0.000139809169923, 0.00013487348042, 7.78136527515e-05, 7.14979541954e-05, 8.10231140349e-05, 7.60004331823e-05, 8.37479383335e-05, 4.27692466474e-05, 4.76820423501e-05, 5.10752252012e-05, 3.97521434934e-05, 1.92512834474e-05, 1.64118609973e-05, 2.12520844798e-05, 3.35752956744e-05, 3.73426482838e-05, 3.46995402651e-05, 2.25147341553e-05, 2.45941919275e-05, 1.58872935572e-05, 1.38587492984e-05, 9.79061678663e-06, 1.67948128365e-05, 1.59113042173e-05, 1.83874763025e-05, 1.07045707409e-05, 8.26965242595e-06, 3.99422788178e-06, 3.29371891894e-06, 2.87667558041e-06, 1.88900753528e-06, 2.21029745262e-06, 1.98396151063e-06, 2.19277990254e-06, 2.58575437329e-06, 1.88953299585e-06, 1.84992711638e-06, 1.70327848537e-06, 2.73635487247e-06, 2.30036266657e-06, 2.20478477786e-06, 1.96129371943e-06, 1.71742192379e-06, 1.54600627411e-06, 1.42070018683e-06, 1.2787054402e-06, 2.02609112421e-06, 1.50639107233e-06, 1.76895662207e-06, 1.460849262e-06, 1.37979725423e-06, 1.21391781249e-06, 9.22094784528e-07, 9.66928382695e-07, 1.06635809516e-06, 1.21304094591e-06, 1.31797969516e-06, 1.32420268528e-06, 1.05979995624e-06, 9.72677639766e-07, 5.86758972076e-07, 4.47842353424e-07, 4.33265086031e-07, 3.86130182051e-07, 3.00038635714e-07, 2.0165387582e-07, 1.44472082297e-07, 9.65070583447e-08, 1.23684147368e-08, 6.18336284952e-12, 6.00624107741e-12, 5.85779905485e-12, 5.72608670549e-12, 5.61201128971e-12, 5.51376912877e-12, 5.43182946539e-12, 5.36746862234e-12, 5.31962755096e-12, 5.29108614561e-12]
    },
    "mfcc": {
        "mean": [-696.599609375, 151.420761108, -2.31716918945, 12.8472452164, -3.42828512192, -7.83635759354, 9.5504322052, -1.10593926907, -4.14702939987, 2.90539574623, -4.16543340683, -2.57278299332, 1.08894622326],
        "cov": [[11028.4716797, 385.187347412, -738.66204834, 227.540634155, -259.29675293, -109.279563904, 320.099945068, 104.131156921, 169.026794434, 246.780776978, -38.4430198669, 62.0851402283, 303.752197266], [385.187347412, 1423.63928223, -143.393310547, -61.9297409058, -15.4392061234, 60.5431632996, 136.20652771, 18.5443096161, -20.3809127808, 14.0215578079, 42.9716911316, -35.4253044128, -23.8000144958], [-738.66204834, -143.393310547, 706.077026367, -27.7705078125, 23.490064621, -10.5428876877, -151.409606934, 74.9372406006, -73.2299728394, -69.6173782349, 65.6402206421, -5.92779588699, -47.7885932922], [227.540634155, -61.9297409058, -27.7705078125, 354.823974609, 101.300102234, -38.6247406006, -47.0915603638, 1.76548075676, 7.71075582504, -37.1071395874, -19.5342235565, 54.6078491211, 34.4997138977], [-259.29675293, -15.4392061234, 23.490064621, 101.300102234, 292.796264648, 21.7238845825, -72.4026184082, -8.00847244263, 4.73558044434, -20.8495006561, -15.2602386475, 46.3625259399, 8.73157215118], [-109.279563904, 60.5431632996, -10.5428876877, -38.6247406006, 21.7238845825, 279.563140869, 34.9212417603, 29.8192024231, -13.7874088287, 16.435962677, 58.3010177612, -13.6633777618, 3.13119912148], [320.099945068, 136.20652771, -151.409606934, -47.0915603638, -72.4026184082, 34.9212417603, 264.300842285, -18.8045272827, 19.5405826569, 55.4077720642, -17.5647392273, -12.9066667557, 13.0435400009], [104.131156921, 18.5443096161, 74.9372406006, 1.76548075676, -8.00847244263, 29.8192024231, -18.8045272827, 187.973052979, 0.253135561943, -9.02579212189, 61.3553619385, -9.82782936096, 2.68445968628], [169.026794434, -20.3809127808, -73.2299728394, 7.71075582504, 4.73558044434, -13.7874088287, 19.5405826569, 0.253135561943, 141.179962158, 23.5918521881, -29.1418018341, 6.95160722733, 16.0609836578], [246.780776978, 14.0215578079, -69.6173782349, -37.1071395874, -20.8495006561, 16.435962677, 55.4077720642, -9.02579212189, 23.5918521881, 127.863578796, -1.83645200729, -16.8530216217, 1.72044026852], [-38.4430198669, 42.9716911316, 65.6402206421, -19.5342235565, -15.2602386475, 58.3010177612, -17.5647392273, 61.3553619385, -29.1418018341, -1.83645200729, 147.86656189, -2.68920302391, -18.8946914673], [62.0851402283, -35.4253044128, -5.92779588699, 54.6078491211, 46.3625259399, -13.6633777618, -12.9066667557, -9.82782936096, 6.95160722733, -16.8530216217, -2.68920302391, 118.820396423, 24.4022541046], [303.752197266, -23.8000144958, -47.7885932922, 34.4997138977, 8.73157215118, 3.13119912148, 13.0435400009, 2.68445968628, 16.0609836578, 1.72044026852, -18.8946914673, 24.4022541046, 108.546829224]],
        "icov": [[0.000115592200018, -2.79062023765e-05, 7.50053513912e-05, -9.00738305063e-05, 0.000110948763904, 6.31357397651e-05, -3.35660515702e-05, -9.74729846348e-05, -3.45851658494e-05, -0.000183848227607, -2.70296368399e-05, -4.2730000132e-05, -0.000259305903455], [-2.79062023765e-05, 0.000782112474553, 0.000137443959829, 0.000111115557957, -0.000163198812515, -4.10810025642e-05, -0.000387051957659, -6.33105373709e-05, 0.000147986473166, 0.000207489909371, -0.000236827007029, 0.000183506315807, 0.000229497542023], [7.50053513912e-05, 0.000137443959829, 0.00192842353135, 0.000227621276281, -1.70362127392e-05, 0.000163444376085, 0.000728218816221, -0.000640104932245, 0.000642006285489, 0.000441355980001, -0.000383260223316, -1.17270774354e-05, 0.000355815747753], [-9.00738305063e-05, 0.000111115557957, 0.000227621276281, 0.00357852852903, -0.00108870002441, 0.000415415590396, 0.000260446657194, -0.000197777757421, 6.6527420131e-05, 0.000851744203828, 9.35774442041e-05, -0.000840785040054, -0.000529591168743], [0.000110948763904, -0.000163198812515, -1.70362127392e-05, -0.00108870002441, 0.00445390725508, -0.000779611058533, 0.00114070565905, 7.56577574066e-05, -0.000218811808736, -0.000305893801851, 0.000737599271815, -0.00131396972574, -2.14530700759e-05], [6.31357397651e-05, -4.10810025642e-05, 0.000163444376085, 0.000415415590396, -0.000779611058533, 0.00428097927943, -0.00070273730671, -0.000290442054393, 0.000262492656475, -0.000298818078591, -0.00174870004412, 0.000507901946548, -0.000667589192744], [-3.35660515702e-05, -0.000387051957659, 0.000728218816221, 0.000260446657194, 0.00114070565905, -0.00070273730671, 0.00525139970705, 0.000139955169288, -6.19836864644e-05, -0.00141891220119, 0.000709446961991, -0.000256098690443, -0.000246366573265], [-9.74729846348e-05, -6.33105373709e-05, -0.000640104932245, -0.000197777757421, 7.56577574066e-05, -0.000290442054393, 0.000139955169288, 0.00661925319582, -0.000854798476212, 0.000477825669805, -0.00258735218085, 0.000782623421401, -0.0006457081181], [-3.45851658494e-05, 0.000147986473166, 0.000642006285489, 6.6527420131e-05, -0.000218811808736, 0.000262492656475, -6.19836864644e-05, -0.000854798476212, 0.00807793717831, -0.00120446411893, 0.00141053809784, -0.000426483835327, -0.000405391299864], [-0.000183848227607, 0.000207489909371, 0.000441355980001, 0.000851744203828, -0.000305893801851, -0.000298818078591, -0.00141891220119, 0.000477825669805, -0.00120446411893, 0.00963368266821, -0.000523566734046, 0.00110990181565, 0.000360350531992], [-2.70296368399e-05, -0.000236827007029, -0.000383260223316, 9.35774442041e-05, 0.000737599271815, -0.00174870004412, 0.000709446961991, -0.00258735218085, 0.00141053809784, -0.000523566734046, 0.00936910230666, -0.000986415660009, 0.00144730368629], [-4.2730000132e-05, 0.000183506315807, -1.17270774354e-05, -0.000840785040054, -0.00131396972574, 0.000507901946548, -0.000256098690443, 0.000782623421401, -0.000426483835327, 0.00110990181565, -0.000986415660009, 0.0100282197818, -0.0018562823534], [-0.000259305903455, 0.000229497542023, 0.000355815747753, -0.000529591168743, -2.14530700759e-05, -0.000667589192744, -0.000246366573265, -0.0006457081181, -0.000405391299864, 0.000360350531992, 0.00144730368629, -0.0018562823534, 0.0111036030576]]
    },
    "spectral_contrast_coeffs": {
        "mean": [-0.724684119225, -0.707980453968, -0.693608045578, -0.748527705669, -0.765553593636, -0.800953030586],
        "stdev": [0.0709900483489, 0.0812247917056, 0.0898607075214, 0.0699185729027, 0.0597848817706, 0.0409582406282]
    },
    "spectral_contrast_valleys": {
        "mean": [-7.18676900864, -7.22404766083, -8.02879524231, -8.71234703064, -8.71075057983, -11.2946643829],
        "stdev": [2.50831031799, 2.49477481842, 2.44025635719, 2.36825060844, 2.41448783875, 2.22929215431]
    }
},
"rhythm": {
    "beats_count": 499,
    "beats_loudness": {
        "mean": 0.0268826950341,
        "stdev": 0.0190109796822
    },
    "bpm": 124.826812744,
    "bpm_histogram_first_peak_bpm": 126,
    "bpm_histogram_first_peak_weight": 0.473118245602,
    "bpm_histogram_second_peak_bpm": 120,
    "bpm_histogram_second_peak_spread": 0.120000004768,
    "bpm_histogram_second_peak_weight": 0.0441767051816,
    "danceability": 1.00888812542,
    "onset_rate": 3.226770401,
    "beats_loudness_band_ratio": {
        "mean": [0.266187638044, 0.183608919382, 0.275868862867, 0.20804142952, 0.05779164657, 0.0311859156936],
        "stdev": [0.211530432105, 0.155352860689, 0.200435861945, 0.192927822471, 0.0673181563616, 0.0432581789792]
    },
    "beats_position": [0.487619042397, 0.986848056316, 1.49768710136, 1.99691605568, 2.49614500999, 2.99537420273, 3.49460315704, 3.99383211136, 4.5046710968, 5.00390005112, 5.50312900543, 6.00235795975, 6.51319694519, 7.01242637634, 7.51165533066, 8.01088428497, 8.498503685, 8.98612213135, 9.47374153137, 9.96135997772, 10.4489793777, 10.9249887466, 11.412607193, 11.900226593, 12.3762359619, 12.8638544083, 13.3398637772, 13.8158731461, 14.2918815613, 14.7678909302, 15.2555103302, 15.7431287766, 16.2307472229, 16.7067565918, 17.1827659607, 17.6587753296, 18.1231746674, 18.5875740051, 19.0635814667, 19.5512008667, 20.0504302979, 20.5380496979, 21.0256690979, 21.5016784668, 21.9776859283, 22.4536952972, 22.9413146973, 23.4173240662, 23.9049434662, 24.3925609589, 24.8801803589, 25.3561897278, 25.8321990967, 26.3082084656, 26.7842178345, 27.2602272034, 27.747844696, 28.2238540649, 28.711473465, 29.1874828339, 29.6634922028, 30.1394996643, 30.6271190643, 31.1147384644, 31.6023578644, 32.0899772644, 32.5659866333, 33.0419960022, 33.5296134949, 34.0056228638, 34.4816322327, 34.9576416016, 35.4336509705, 35.9212684631, 36.4088897705, 36.8848991394, 37.3609046936, 37.848526001, 38.3245353699, 38.8005447388, 39.2881622314, 39.7757797241, 40.2634010315, 40.7394104004, 41.2154197693, 41.6914291382, 42.1674385071, 42.6550559998, 43.1310653687, 43.6070747375, 44.0946922302, 44.5823135376, 45.0699310303, 45.5459403992, 46.0219497681, 46.497959137, 46.9855766296, 47.4615859985, 47.9375953674, 48.4136047363, 48.901222229, 49.3772315979, 49.8532409668, 50.3408622742, 50.8168716431, 51.2928771973, 51.7804985046, 52.2681159973, 52.7557373047, 53.2433547974, 53.7077522278, 54.1953735352, 54.6713829041, 55.1473922729, 55.6234016418, 56.0994110107, 56.5870285034, 57.0746459961, 57.550655365, 58.0266647339, 58.5142860413, 59.0019035339, 59.4895210266, 59.977142334, 60.4647598267, 60.9407691956, 61.4167785645, 61.8927879333, 62.3687973022, 62.8448066711, 63.32081604, 63.7852134705, 64.2728347778, 64.772064209, 65.2480697632, 65.7240829468, 66.2117004395, 66.6877059937, 67.1753311157, 67.6629486084, 68.1389541626, 68.6265716553, 69.1025848389, 69.5785903931, 70.0546035767, 70.5306091309, 71.0066223145, 71.4942398071, 71.9818572998, 72.4578704834, 72.9338760376, 73.4214935303, 73.9091110229, 74.3851242065, 74.8611297607, 75.3487548828, 75.824760437, 76.3123779297, 76.7883911133, 77.2643966675, 77.7404098511, 78.2280273438, 78.7156448364, 79.2032623291, 79.6792755127, 80.1552810669, 80.6312942505, 81.1072998047, 81.5949172974, 82.070930481, 82.5469360352, 83.0229492188, 83.4989547729, 83.9865722656, 84.4741897583, 84.9618148804, 85.4378204346, 85.9138336182, 86.4014511108, 86.8890686035, 87.3650741577, 87.8410873413, 88.328704834, 88.8047180176, 89.2923355103, 89.7683410645, 90.2559585571, 90.7319717407, 91.2079772949, 91.6839904785, 92.1599960327, 92.6476211548, 93.123626709, 93.5996322632, 94.0872573853, 94.5748748779, 95.0508804321, 95.5384979248, 96.0145111084, 96.5021286011, 96.9781417847, 97.4541473389, 97.9417648315, 98.4293823242, 98.9053955078, 99.381401062, 99.8574142456, 100.3334198, 100.821044922, 101.308662415, 101.796279907, 102.272285461, 102.748298645, 103.235916138, 103.711929321, 104.187934875, 104.66394043, 105.139953613, 105.627571106, 106.115188599, 106.591201782, 107.078819275, 107.566436768, 108.042449951, 108.518455505, 108.994468689, 109.482086182, 109.969703674, 110.434104919, 110.910110474, 111.397727966, 111.87374115, 112.361358643, 112.837364197, 113.31337738, 113.800994873, 114.277008057, 114.764625549, 115.240631104, 115.728248596, 116.20426178, 116.680267334, 117.167892456, 117.655509949, 118.143127441, 118.619132996, 119.095146179, 119.571151733, 120.047164917, 120.523170471, 121.010787964, 121.498413086, 121.97441864, 122.450431824, 122.926437378, 123.414054871, 123.901672363, 124.389297485, 124.86530304, 125.341316223, 125.828933716, 126.316551208, 126.792556763, 127.268569946, 127.7445755, 128.220581055, 128.708206177, 129.195831299, 129.683441162, 130.159454346, 130.635467529, 131.123077393, 131.599090576, 132.086715698, 132.562713623, 133.038726807, 133.51473999, 133.990753174, 134.478363037, 134.954376221, 135.441986084, 135.929611206, 136.417236328, 136.893234253, 137.380859375, 137.856872559, 138.321273804, 138.797271729, 139.273284912, 139.749298096, 140.225296021, 140.724533081, 141.200546265, 141.66494751, 142.152557373, 142.640182495, 143.127792358, 143.61541748, 144.103042603, 144.579040527, 145.055053711, 145.531066895, 146.007064819, 146.494689941, 146.970703125, 147.458312988, 147.934326172, 148.410339355, 148.897949219, 149.373962402, 149.861587524, 150.349197388, 150.825210571, 151.312835693, 151.788833618, 152.264846802, 152.752471924, 153.228485107, 153.716094971, 154.215332031, 154.691329956, 155.16734314, 155.643356323, 156.107757568, 156.572158813, 157.059768677, 157.547393799, 158.035003662, 158.522628784, 158.998641968, 159.474639893, 159.962265015, 160.449890137, 160.925888062, 161.401901245, 161.86630249, 162.353912354, 162.841537476, 163.329162598, 163.816772461, 164.292785645, 164.768798828, 165.256408691, 165.744033813, 166.208435059, 166.696044922, 167.172058105, 167.648071289, 168.124084473, 168.611694336, 169.08770752, 169.575332642, 170.062942505, 170.538955688, 171.014968872, 171.502578735, 171.978591919, 172.454605103, 172.942214966, 173.429840088, 173.905853271, 174.381851196, 174.869476318, 175.333877563, 175.809890747, 176.29750061, 176.785125732, 177.261123657, 177.737136841, 178.213150024, 178.700775146, 179.18838501, 179.676010132, 180.152008057, 180.62802124, 181.115646362, 181.603256226, 182.079269409, 182.555282593, 183.042892456, 183.530517578, 184.006530762, 184.482528687, 184.970153809, 185.446166992, 185.922180176, 186.409790039, 186.885803223, 187.361816406, 187.84942627, 188.325439453, 188.813064575, 189.2890625, 189.765075684, 190.241088867, 190.72869873, 191.216323853, 191.692337036, 192.168334961, 192.655960083, 193.131973267, 193.607971191, 194.095596313, 194.571609497, 195.047622681, 195.535232544, 196.011245728, 196.487258911, 196.974868774, 197.450881958, 197.926895142, 198.414505005, 198.902130127, 199.378143311, 199.854141235, 200.330154419, 200.806167603, 201.293777466, 201.781402588, 202.26902771, 202.745025635, 203.221038818, 203.70866394, 204.196273804, 204.672286987, 205.159912109, 205.635910034, 206.123535156, 206.587936401, 207.075546265, 207.563171387, 208.050796509, 208.538406372, 208.991195679, 209.467208862, 209.954818726, 210.442443848, 210.93006897, 211.417678833, 211.905303955, 212.381317139, 212.857315063, 213.333328247, 213.809341431, 214.285354614, 214.761352539, 215.248977661, 215.736587524, 216.224212646, 216.70022583, 217.176239014, 217.663848877, 218.128250122, 218.615875244, 219.103485107, 219.579498291, 220.055511475, 220.531509399, 221.007522583, 221.495147705, 221.982757568, 222.47038269, 222.946395874, 223.434005737, 223.910018921, 224.397644043, 224.862030029, 225.349655151, 225.825668335, 226.30166626, 226.789291382, 227.265304565, 227.752914429, 228.240539551, 228.716552734, 229.204162598, 229.680175781, 230.179412842, 230.736679077, 231.293960571, 231.874465942, 232.443344116, 233.012237549, 233.511474609, 234.010696411, 234.509933472, 235.009155273, 235.496780396, 235.984390259, 236.472015381, 236.959625244, 237.458862305, 237.911651611, 238.364440918, 238.840454102, 239.316452026, 239.79246521, 240.268478394, 240.744491577],
    "bpm_histogram": [0, 0, 0, 0, 0, 0, 0, 0, 0, 0, 0, 0, 0, 0, 0, 0, 0, 0, 0, 0, 0, 0, 0, 0, 0, 0, 0, 0, 0, 0, 0, 0, 0, 0, 0, 0, 0, 0, 0, 0, 0, 0, 0, 0, 0, 0, 0, 0, 0, 0, 0, 0, 0, 0, 0, 0, 0, 0, 0, 0, 0, 0, 0, 0, 0, 0, 0, 0, 0, 0, 0, 0, 0, 0, 0, 0, 0, 0, 0, 0, 0, 0, 0, 0, 0, 0, 0, 0, 0, 0, 0, 0, 0, 0, 0, 0, 0, 0, 0, 0, 0, 0, 0, 0.00200803205371, 0, 0.00401606410742, 0, 0, 0.00401606410742, 0, 0, 0, 0, 0, 0, 0, 0, 0.00602409616113, 0, 0, 0.0441767051816, 0, 0, 0.411646574736, 0, 0, 0.491967856884, 0, 0, 0.0301204826683, 0, 0, 0, 0.00602409616113, 0, 0, 0, 0, 0, 0, 0, 0, 0, 0, 0, 0, 0, 0, 0, 0, 0, 0, 0, 0, 0, 0, 0, 0, 0, 0, 0, 0, 0, 0, 0, 0, 0, 0, 0, 0, 0, 0, 0, 0, 0, 0, 0, 0, 0, 0, 0, 0, 0, 0, 0, 0, 0, 0, 0, 0, 0, 0, 0, 0, 0, 0, 0, 0, 0, 0, 0, 0, 0, 0, 0, 0, 0, 0, 0, 0, 0, 0, 0, 0, 0, 0, 0, 0, 0, 0, 0, 0, 0, 0, 0, 0, 0, 0, 0, 0, 0, 0, 0, 0, 0, 0, 0, 0, 0, 0, 0, 0, 0, 0, 0, 0, 0, 0, 0, 0]
},
"tonal": {
    "chords_changes_rate": 0.0501923076808,
    "chords_number_rate": 0.00249999994412,
    "chords_strength": {
        "mean": 0.523593962193,
        "stdev": 0.174556747079
    },
    "hpcp_crest": {
        "mean": 16.7724075317,
        "stdev": 7.97965145111
    },
    "hpcp_entropy": {
        "mean": 1.5659737587,
        "stdev": 0.7077267766
    },
    "key_edma": {
        "strength": 0.810860097408,
        "key": "A#",
        "scale": "major"
    },
    "key_krumhansl": {
        "strength": 0.813799738884,
        "key": "A#",
        "scale": "major"
    },
    "key_temperley": {
        "strength": 0.812699437141,
        "key": "A#",
        "scale": "major"
    },
    "tuning_diatonic_strength": 0.545795440674,
    "tuning_equal_tempered_deviation": 0.0101236132905,
    "tuning_frequency": 440.763122559,
    "tuning_nontempered_energy_ratio": 0.650280952454,
    "hpcp": {
        "mean": [0.15637306869, 0.114810049534, 0.166389092803, 0.291409552097, 0.197431430221, 0.0926707237959, 0.128302827477, 0.0942264348269, 0.0870081335306, 0.141767725348, 0.100247494876, 0.05572655797, 0.0789319351315, 0.0637855380774, 0.0786521881819, 0.140268325806, 0.106892943382, 0.101098127663, 0.12946844101, 0.0727598369122, 0.0459477081895, 0.062886312604, 0.0702896714211, 0.198340788484, 0.32516887784, 0.191331923008, 0.0931596457958, 0.133113741875, 0.0991760343313, 0.0973620191216, 0.132666096091, 0.0866170525551, 0.0520361810923, 0.0647726580501, 0.0541976578534, 0.099393427372],
        "stdev": [0.283978492022, 0.211216270924, 0.246096760035, 0.361799567938, 0.274780333042, 0.194436907768, 0.273454844952, 0.205256536603, 0.17090947926, 0.247068673372, 0.193557485938, 0.139269590378, 0.199464604259, 0.161624833941, 0.167702555656, 0.257926672697, 0.205355301499, 0.203083187342, 0.266988039017, 0.158057197928, 0.135144770145, 0.160446017981, 0.163731992245, 0.256962478161, 0.366336077452, 0.235838323832, 0.18680678308, 0.264119178057, 0.205993250012, 0.198657914996, 0.263937979937, 0.185634583235, 0.143553450704, 0.181813985109, 0.149215146899, 0.188883662224]
    },
    "chords_histogram": [29.5961532593, 4.05769252777, 22.5576915741, 0.230769231915, 0.634615361691, 0.288461536169, 0, 1.03846156597, 0, 0.826923072338, 0.942307710648, 0, 1.75, 1.23076927662, 12.4807691574, 1.92307686806, 5.82692289352, 1.80769228935, 0, 1.05769228935, 0, 0.442307680845, 6.76923084259, 6.53846168518],
    "thpcp": [1, 0.588407874107, 0.286496192217, 0.409368038177, 0.304998546839, 0.299419850111, 0.407991379499, 0.266375601292, 0.16002817452, 0.199196979403, 0.166675418615, 0.305667102337, 0.480898022652, 0.353078216314, 0.511700570583, 0.896179080009, 0.607165813446, 0.284992605448, 0.394572913647, 0.289776921272, 0.267578303814, 0.435981839895, 0.308293640614, 0.171377286315, 0.24274136126, 0.196161270142, 0.241881042719, 0.431370705366, 0.328730553389, 0.310909599066, 0.398157536983, 0.223760142922, 0.141304135323, 0.193395853043, 0.21616359055, 0.609962403774],
    "chords_key": "A#",
    "chords_scale": "major"
}
}