{
"metadata": {
    "version": {
        "essentia": "2.1-dev",
        "essentia_git_sha": "v2.1_beta3-415-gd5473f3",
        "extractor": "music 2.0"
    },
    "audio_properties": {
        "analysis": {
            "equal_loudness": 0,
            "length": 202.318374634,
            "sample_rate": 44100,
            "start_time": 0,
            "downmix": "mix"
        },
        "bit_rate": 192000,
        "length": 202.318374634,
        "lossless": 0,
        "number_channels": 2,
        "replay_gain": -9.15354156494,
        "sample_rate": 44100,
        "codec": "mp3",
        "md5_encoded": "7d7e0bcb18d744bc17053e5a812ba8ad"
    },
    "tags": {
        "file_name": "rare_blend-boom_boom_boom.mp3",
        "album": ["Coyote Ugly Soundtrack"],
        "artist": ["Various Artists"],
        "genre": ["Other"],
        "title": ["Boom Boom Boom"]
    }
},
"lowlevel": {
    "average_loudness": 0.93409627676,
    "barkbands_crest": {
        "mean": 10.973772049,
        "stdev": 4.97436380386
    },
    "barkbands_flatness_db": {
        "mean": 0.128754884005,
        "stdev": 0.0680711716413
    },
    "barkbands_kurtosis": {
        "mean": 7.84045648575,
        "stdev": 23.5010242462
    },
    "barkbands_skewness": {
        "mean": 1.98108375072,
        "stdev": 1.70180690289
    },
    "barkbands_spread": {
        "mean": 25.4961414337,
        "stdev": 17.7941398621
    },
    "dissonance": {
        "mean": 0.453226000071,
        "stdev": 0.0442607030272
    },
    "dynamic_complexity": 4.66729307175,
    "erbbands_crest": {
        "mean": 7.9228682518,
        "stdev": 3.75403833389
    },
    "erbbands_flatness_db": {
        "mean": 0.123866014183,
        "stdev": 0.0494898222387
    },
    "erbbands_kurtosis": {
        "mean": 0.31447198987,
        "stdev": 1.89843893051
    },
    "erbbands_skewness": {
        "mean": 0.447728216648,
        "stdev": 0.673857212067
    },
    "erbbands_spread": {
        "mean": 46.9699935913,
        "stdev": 20.9683914185
    },
    "hfc": {
        "mean": 23.2538986206,
        "stdev": 28.9473552704
    },
    "loudness_ebu128": {
        "integrated": -13.8726539612,
        "loudness_range": 4.27321434021,
        "momentary": {
            "mean": -17.5747642517,
            "stdev": 12.4127531052
        },
        "short_term": {
            "mean": -16.3717212677,
            "stdev": 8.76298999786
        }
    },
    "melbands_crest": {
        "mean": 14.9571905136,
        "stdev": 5.83381319046
    },
    "melbands_flatness_db": {
        "mean": 0.207527130842,
        "stdev": 0.0907519459724
    },
    "melbands_kurtosis": {
        "mean": 22.8562965393,
        "stdev": 49.7819709778
    },
    "melbands_skewness": {
        "mean": 3.21760678291,
        "stdev": 2.26526641846
    },
    "melbands_spread": {
        "mean": 22.1211242676,
        "stdev": 19.1851902008
    },
    "pitch_salience": {
        "mean": 0.504590690136,
        "stdev": 0.135400697589
    },
    "silence_rate_20dB": {
        "mean": 1,
        "stdev": 0
    },
    "silence_rate_30dB": {
        "mean": 0.948823869228,
        "stdev": 0.220364838839
    },
    "silence_rate_60dB": {
        "mean": 0.132300630212,
        "stdev": 0.338837325573
    },
    "spectral_centroid": {
        "mean": 1334.70849609,
        "stdev": 684.761291504
    },
    "spectral_complexity": {
        "mean": 16.9868049622,
        "stdev": 12.3116931915
    },
    "spectral_decrease": {
        "mean": -8.00658739308e-09,
        "stdev": 9.79334924267e-09
    },
    "spectral_energy": {
        "mean": 0.0323278158903,
        "stdev": 0.0382047891617
    },
    "spectral_energyband_high": {
        "mean": 0.00138936075382,
        "stdev": 0.00246788444929
    },
    "spectral_energyband_low": {
        "mean": 0.0173989720643,
        "stdev": 0.033099424094
    },
    "spectral_energyband_middle_high": {
        "mean": 0.00470601487905,
        "stdev": 0.0067760432139
    },
    "spectral_energyband_middle_low": {
        "mean": 0.00941089820117,
        "stdev": 0.00903372187167
    },
    "spectral_entropy": {
        "mean": 7.63346242905,
        "stdev": 0.602133989334
    },
    "spectral_flux": {
        "mean": 0.0903816521168,
        "stdev": 0.0781915932894
    },
    "spectral_kurtosis": {
        "mean": 4.81813240051,
        "stdev": 8.28739738464
    },
    "spectral_rms": {
        "mean": 0.00484206946567,
        "stdev": 0.00284493807703
    },
    "spectral_rolloff": {
        "mean": 1567.96484375,
        "stdev": 2220.62792969
    },
    "spectral_skewness": {
        "mean": 1.66319203377,
        "stdev": 0.872435033321
    },
    "spectral_spread": {
        "mean": 5891013.5,
        "stdev": 2064031.125
    },
    "spectral_strongpeak": {
        "mean": 0.576253414154,
        "stdev": 0.795360565186
    },
    "zerocrossingrate": {
        "mean": 0.0730286091566,
        "stdev": 0.0588347278535
    },
    "barkbands": {
        "mean": [0.000536202802323, 0.012966777198, 0.00345634645782, 0.000771906983573, 0.00238310499117, 0.00247333222069, 0.00118028884754, 0.00107529666275, 0.00124541390687, 0.000860691769049, 0.000757036264986, 0.000726576894522, 0.000546108873095, 0.000303805107251, 0.00026515533682, 0.000278246210655, 0.000347863475326, 0.000311956886435, 0.000302586035104, 0.000253950362094, 0.000267718540272, 0.000273547222605, 0.000237545827986, 0.00019019942556, 0.000151191532495, 0.000153290427988, 1.17515828606e-05],
        "stdev": [0.00111903285142, 0.0258662272245, 0.00893147196621, 0.00161323696375, 0.00314426375553, 0.00342897651717, 0.00230494048446, 0.00234855571762, 0.00204513315111, 0.00180337543134, 0.00213057664223, 0.00154598557856, 0.0010563879041, 0.000617300043814, 0.000598368234932, 0.000555951846763, 0.000632250099443, 0.000597784819547, 0.000523405557033, 0.000569762371015, 0.000615762197413, 0.000573004886974, 0.000486415548949, 0.00044471694855, 0.000328748457832, 0.000312077900162, 3.60354642908e-05]
    },
    "erbbands": {
        "mean": [0.387130856514, 2.81442523003, 4.52378463745, 3.3072271347, 3.41451334953, 8.44775295258, 18.80352211, 19.7713737488, 18.2330379486, 16.6831073761, 26.8922996521, 26.5328826904, 29.7959003448, 26.2340297699, 29.8074836731, 28.4375991821, 27.3029670715, 15.8045558929, 14.2843952179, 14.307302475, 16.941400528, 20.6234073639, 17.9288291931, 13.4932584763, 17.0710792542, 12.1709823608, 11.0267963409, 10.2295417786, 10.1718063354, 7.81649446487, 6.45768594742, 4.71718549728, 2.80508828163, 1.7739470005, 1.02177011967, 0.611839950085, 0.277797758579, 0.0594947747886, 0.00126853818074, 7.48414240661e-05],
        "stdev": [0.677683591843, 6.266269207, 11.9799518585, 6.69500350952, 5.3009185791, 12.4691562653, 26.8380031586, 30.0545902252, 34.7531700134, 34.4581336975, 55.4138793945, 43.5390129089, 61.2055282593, 57.4341239929, 68.2172927856, 59.4052314758, 50.5682220459, 31.925868988, 29.777179718, 30.0707931519, 31.1702461243, 36.7287406921, 33.9951782227, 21.3770580292, 30.2523345947, 27.0074234009, 26.8544235229, 22.9004116058, 21.8508434296, 15.8179168701, 13.3058443069, 10.483048439, 6.90781450272, 4.18519973755, 2.24304842949, 1.30103123188, 0.563101708889, 0.135227873921, 0.00279354839586, 9.43541454035e-05]
    },
    "gfcc": {
        "mean": [-24.1458683014, 74.7753677368, -89.7351379395, 29.0422973633, -57.0860176086, 18.4047756195, -33.8391990662, 16.072889328, -23.341178894, 6.96237134933, -13.4207849503, 12.3357143402, -10.6181344986],
        "cov": [[32075.3652344, -513.863464355, -2192.2355957, 644.226867676, -427.510742188, 542.632995605, -410.910614014, 490.315582275, -335.82522583, 510.524658203, 59.5430526733, 473.211303711, -500.695953369], [-513.863464355, 1357.88452148, 185.793380737, -55.6335372925, -13.511349678, -86.3893203735, 93.710105896, -23.8435993195, 95.3299942017, -156.678466797, 8.4333562851, -101.801521301, 119.641159058], [-2192.2355957, 185.793380737, 1110.86950684, -41.8448600769, 104.263275146, -60.5216445923, 82.9788208008, 38.3159103394, 18.2820014954, -3.56972074509, -67.2666168213, 1.86045908928, 66.102897644], [644.226867676, -55.6335372925, -41.8448600769, 358.263519287, 130.37890625, 78.1520690918, -19.228055954, 27.6998100281, 44.6435470581, 27.0574264526, 53.1413612366, -5.73700857162, -16.0505638123], [-427.510742188, -13.511349678, 104.263275146, 130.37890625, 352.849243164, 59.3055763245, 57.6471176147, 29.6854496002, 28.5632038116, 47.8420791626, 19.5745182037, 0.80892264843, -10.5494117737], [542.632995605, -86.3893203735, -60.5216445923, 78.1520690918, 59.3055763245, 186.328186035, 43.648059845, 26.6668186188, 8.89973926544, 29.1147480011, 34.2981719971, 9.27944374084, -28.5945396423], [-410.910614014, 93.710105896, 82.9788208008, -19.228055954, 57.6471176147, 43.648059845, 192.045455933, 47.1539726257, 18.3122653961, 8.50721549988, 14.502579689, -2.35818696022, 3.76352477074], [490.315582275, -23.8435993195, 38.3159103394, 27.6998100281, 29.6854496002, 26.6668186188, 47.1539726257, 128.261245728, 20.8644580841, 28.2534236908, 11.1116638184, 14.0898694992, -8.70895862579], [-335.82522583, 95.3299942017, 18.2820014954, 44.6435470581, 28.5632038116, 8.89973926544, 18.3122653961, 20.8644580841, 135.961181641, 19.374420166, 12.3356685638, -6.66426944733, 19.7495098114], [510.524658203, -156.678466797, -3.56972074509, 27.0574264526, 47.8420791626, 29.1147480011, 8.50721549988, 28.2534236908, 19.374420166, 111.144813538, 28.9537982941, 30.1740665436, -18.4378318787], [59.5430526733, 8.4333562851, -67.2666168213, 53.1413612366, 19.5745182037, 34.2981719971, 14.502579689, 11.1116638184, 12.3356685638, 28.9537982941, 106.787742615, 15.5770559311, -15.0660305023], [473.211303711, -101.801521301, 1.86045908928, -5.73700857162, 0.80892264843, 9.27944374084, -2.35818696022, 14.0898694992, -6.66426944733, 30.1740665436, 15.5770559311, 94.9943084717, 14.7547836304], [-500.695953369, 119.641159058, 66.102897644, -16.0505638123, -10.5494117737, -28.5945396423, 3.76352477074, -8.70895862579, 19.7495098114, -18.4378318787, -15.0660305023, 14.7547836304, 108.899078369]],
        "icov": [[7.56664740038e-05, -0.00016678715474, 0.000140384916449, -0.000191507977434, 0.000167515259818, -0.00016044707445, 0.000172374813701, -0.000295637757517, 0.000305807247059, -0.000475268170703, 0.000390595523641, -0.000452296051662, 0.000341586768627], [-0.00016678715474, 0.0015929674264, -0.000423510209657, 0.000625470653176, -0.000479241512949, 0.000696254661307, -0.000851012766361, 0.000674590119161, -0.00147182540968, 0.00264677102678, -0.00179120735265, 0.00202118023299, -0.00175454630516], [0.000140384916449, -0.000423510209657, 0.00133323553018, -0.000319076440064, -3.02646694763e-05, 5.79139377805e-05, -4.60309747723e-05, -0.000797924876679, 0.000648095621727, -0.00110329955351, 0.0014264275087, -0.000960086414125, 0.000227574564633], [-0.000191507977434, 0.000625470653176, -0.000319076440064, 0.00453471252695, -0.00180648337118, -0.000779806752689, 0.000925210944843, 3.95070019295e-05, -0.0018289971631, 0.00186636229046, -0.00267473165877, 0.0019004488131, -0.00109405058902], [0.000167515259818, -0.000479241512949, -3.02646694763e-05, -0.00180648337118, 0.00420876406133, -0.000775797117967, -0.000645810330752, -0.000416033464717, 0.000718871131539, -0.00251971860416, 0.00130147952586, -0.000886566296685, 0.000985078862868], [-0.00016044707445, 0.000696254661307, 5.79139377805e-05, -0.000779806752689, -0.000775797117967, 0.00744107132778, -0.00217059021816, 0.00035818645847, -0.000694479676895, 0.000822715752292, -0.0017226516502, 0.000599566032179, 0.000275323865935], [0.000172374813701, -0.000851012766361, -4.60309747723e-05, 0.000925210944843, -0.000645810330752, -0.00217059021816, 0.00748513825238, -0.00289685372263, 0.000470687926281, -0.00102006027009, -2.31376216107e-05, -0.000611780676991, 0.00059056491591], [-0.000295637757517, 0.000674590119161, -0.000797924876679, 3.95070019295e-05, -0.000416033464717, 0.00035818645847, -0.00289685372263, 0.0106605049223, -0.00215487810783, 0.000339027203154, -0.00113768514711, 0.000516271975357, -0.000382976024412], [0.000305807247059, -0.00147182540968, 0.000648095621727, -0.0018289971631, 0.000718871131539, -0.000694479676895, 0.000470687926281, -0.00215487810783, 0.0103271109983, -0.00467722071335, 0.00167943409178, -0.000855991209392, -0.000257704261458], [-0.000475268170703, 0.00264677102678, -0.00110329955351, 0.00186636229046, -0.00251971860416, 0.000822715752292, -0.00102006027009, 0.000339027203154, -0.00467722071335, 0.0172292534262, -0.00564219802618, 0.00051434955094, -0.00119887781329], [0.000390595523641, -0.00179120735265, 0.0014264275087, -0.00267473165877, 0.00130147952586, -0.0017226516502, -2.31376216107e-05, -0.00113768514711, 0.00167943409178, -0.00564219802618, 0.0144693413749, -0.00473107025027, 0.00347022013739], [-0.000452296051662, 0.00202118023299, -0.000960086414125, 0.0019004488131, -0.000886566296685, 0.000599566032179, -0.000611780676991, 0.000516271975357, -0.000855991209392, 0.00051434955094, -0.00473107025027, 0.0164117012173, -0.00593909341842], [0.000341586768627, -0.00175454630516, 0.000227574564633, -0.00109405058902, 0.000985078862868, 0.000275323865935, 0.00059056491591, -0.000382976024412, -0.000257704261458, -0.00119887781329, 0.00347022013739, -0.00593909341842, 0.0136268166825]]
    },
    "melbands": {
        "mean": [0.00359187764116, 0.00292092910968, 0.000575847283471, 0.000397509458708, 0.000628471781965, 0.000452477310318, 0.00026143505238, 0.000193054336705, 0.000227107026149, 0.000162541356985, 0.000149070794578, 0.000105604347482, 0.000107749998278, 8.02433642093e-05, 7.49129540054e-05, 4.60364499304e-05, 2.75235943263e-05, 2.34873077716e-05, 1.96414184757e-05, 1.77390920726e-05, 1.92120278371e-05, 2.15445379581e-05, 1.80069546332e-05, 1.51821031977e-05, 9.94358561002e-06, 1.23604222608e-05, 1.13913329187e-05, 7.01123508406e-06, 6.97439509167e-06, 6.32030150882e-06, 5.72797307541e-06, 6.19251977696e-06, 4.72946203445e-06, 4.24100062446e-06, 3.72184831576e-06, 3.45574039784e-06, 2.63934043687e-06, 2.00089607461e-06, 1.63988045188e-06, 1.44994760376e-06],
        "stdev": [0.00657646404579, 0.00704899150878, 0.00109035987407, 0.00056697812397, 0.000856642203871, 0.000655102543533, 0.000490158039611, 0.000385609426303, 0.000447755213827, 0.000268561532721, 0.000308202783344, 0.000225095369387, 0.000274551362963, 0.000173669890501, 0.000166862562764, 8.95660341484e-05, 5.90675590502e-05, 5.12019360031e-05, 4.4105519919e-05, 4.01465695177e-05, 3.50357186107e-05, 3.98499723815e-05, 4.01072902605e-05, 2.94206856779e-05, 1.68538099388e-05, 2.08687451959e-05, 2.31758240261e-05, 1.7124140868e-05, 1.67464659171e-05, 1.60870113177e-05, 1.2988067283e-05, 1.41777099998e-05, 1.00265360743e-05, 8.72384498507e-06, 7.61448245612e-06, 7.46325895307e-06, 6.42971735942e-06, 5.07416734763e-06, 4.22492121288e-06, 3.53111363438e-06]
    },
    "melbands128": {
        "mean": [0.000490775797516, 0.00284830178134, 0.00522586004809, 0.00446207635105, 0.00276655238122, 0.00150819914415, 0.000671725429129, 0.000328656344209, 0.000299708044622, 0.000398275908083, 0.00041099570808, 0.000624368316494, 0.000654595147353, 0.000705570913851, 0.000476324814372, 0.000302239175653, 0.000317269819789, 0.000273348996416, 0.000146715537994, 0.000174596047145, 0.000193336643861, 0.000264506292297, 0.000199515619897, 0.000241507703322, 0.000180086106411, 0.000112996785901, 0.00017306067457, 0.000146569291246, 0.00015070218069, 9.71528570517e-05, 8.28036718303e-05, 0.000129166670376, 0.000134226414957, 5.88907023484e-05, 9.90783591988e-05, 7.99034096417e-05, 6.13598749624e-05, 7.90577978478e-05, 8.71929878485e-05, 5.71306991333e-05, 3.06196270685e-05, 3.82147627533e-05, 2.64189111476e-05, 1.95812353923e-05, 3.31062328769e-05, 2.0998328182e-05, 1.89573966054e-05, 1.9235729269e-05, 1.96256532945e-05, 2.18407512875e-05, 1.37526794788e-05, 1.5495425032e-05, 2.72473389487e-05, 1.60217859957e-05, 1.40042093335e-05, 2.80361582554e-05, 1.94068124983e-05, 2.1374435164e-05, 1.65429864865e-05, 1.37583738251e-05, 1.87761725101e-05, 1.23479867398e-05, 9.69117718341e-06, 8.78801893123e-06, 1.11389354061e-05, 1.18615907923e-05, 1.34358961077e-05, 1.43851675602e-05, 8.93291235116e-06, 1.09661814349e-05, 7.09527103027e-06, 4.44994475401e-06, 7.10735184839e-06, 7.99440567789e-06, 6.13927841187e-06, 6.38952451482e-06, 6.40945199848e-06, 5.83182099945e-06, 5.22801929037e-06, 5.95262099523e-06, 7.51267725718e-06, 5.251901257e-06, 5.32678041054e-06, 4.7310491027e-06, 4.44072702521e-06, 3.92196307075e-06, 4.53947859569e-06, 4.12715871789e-06, 3.45099078913e-06, 3.69323151972e-06, 3.52245501745e-06, 3.5860459775e-06, 2.963520501e-06, 2.84288330477e-06, 2.28116527978e-06, 1.88370506748e-06, 2.18959530685e-06, 1.74155695731e-06, 1.72504792317e-06, 1.42342673826e-06, 1.59148464718e-06, 1.56126861839e-06, 1.12382633688e-06, 1.2425383602e-06, 1.08647691377e-06, 1.08778715457e-06, 1.21067466807e-06, 9.76153160082e-07, 9.80516119853e-07, 9.68928816292e-07, 1.53717132889e-06, 8.5803304728e-07, 6.86610803768e-07, 7.581361956e-07, 1.1918951941e-06, 5.57387238587e-07, 4.73761275543e-07, 3.56567042559e-08, 5.9796369245e-12, 5.02136049754e-12, 4.82094355755e-12, 4.67309697882e-12, 4.54742190084e-12, 4.44976564276e-12, 4.37198107578e-12, 4.31615160279e-12, 4.27591989594e-12, 4.24512508479e-12],
        "stdev": [0.00102746777702, 0.00517814839259, 0.00986223388463, 0.0112609853968, 0.00781975779682, 0.00366470450535, 0.00142407731619, 0.0007048532716, 0.000568690360524, 0.000772729341406, 0.000851614109706, 0.00109897914808, 0.00112653360702, 0.00114961061627, 0.000883345666807, 0.000629882852081, 0.000640488055069, 0.0006782678538, 0.00041156707448, 0.000557187246159, 0.000513384409714, 0.000727414619178, 0.000589591974858, 0.000579381186981, 0.000389113294659, 0.000269581127213, 0.000403871119488, 0.000434360874351, 0.000345721462509, 0.000247562042205, 0.000290696101729, 0.000426286627771, 0.000373833812773, 0.000182568634045, 0.000255640625255, 0.000221716472879, 0.000200934518944, 0.0002800168877, 0.000223623137572, 0.000141773431096, 0.000102713347587, 0.000117380579468, 8.15729072201e-05, 4.97168293805e-05, 8.6733038188e-05, 6.65936604491e-05, 5.92227988818e-05, 5.99642626185e-05, 5.85228845011e-05, 6.43169041723e-05, 5.76469901716e-05, 4.8295401939e-05, 6.81843885104e-05, 3.33043535647e-05, 3.43277279171e-05, 5.89438059251e-05, 4.49065628345e-05, 5.86498790653e-05, 5.56362610951e-05, 4.62512471131e-05, 4.75169872516e-05, 2.59806311078e-05, 2.25515650527e-05, 1.76469475264e-05, 2.15149630094e-05, 2.64403697656e-05, 3.06443071167e-05, 3.75458912458e-05, 2.3712787879e-05, 3.53598588845e-05, 1.93570067495e-05, 1.30698781504e-05, 1.97342633328e-05, 1.82001549547e-05, 2.07230405067e-05, 2.12798022403e-05, 1.41645241456e-05, 1.38946215884e-05, 1.37225515573e-05, 1.54679728439e-05, 1.99258956854e-05, 1.18690959425e-05, 1.20437671285e-05, 1.1100744814e-05, 1.0019984984e-05, 9.58193686529e-06, 1.02506719486e-05, 8.52404627949e-06, 7.34697687221e-06, 9.15083455766e-06, 8.63187779032e-06, 8.04342289484e-06, 7.15120177119e-06, 7.83423092798e-06, 6.21588242211e-06, 5.23943435837e-06, 5.82136499361e-06, 5.25195764567e-06, 4.56073212263e-06, 4.64344748252e-06, 4.10137863582e-06, 4.0922759581e-06, 2.98506483887e-06, 2.98831400869e-06, 2.63380115939e-06, 2.71080875791e-06, 3.33225671056e-06, 2.43077170126e-06, 2.35121774494e-06, 2.18544437303e-06, 4.68586767965e-06, 1.82770429547e-06, 1.54668396135e-06, 1.74347599113e-06, 4.38222969024e-06, 1.19366882245e-06, 1.4478630419e-06, 9.23786274143e-08, 9.90450690214e-12, 8.55613149775e-12, 8.26749259331e-12, 8.04075035721e-12, 7.85304460349e-12, 7.69970979336e-12, 7.5719283274e-12, 7.47423303804e-12, 7.40312151859e-12, 7.35865448437e-12]
    },
    "mfcc": {
        "mean": [-665.791137695, 109.583488464, 19.621969223, 19.3486232758, 4.43689775467, 4.14588689804, 2.76998639107, 9.95913887024, -0.869263291359, 0.034898173064, 0.19484372437, 2.75716900826, 2.92533707619],
        "cov": [[17911.0351562, -83.7729187012, -896.411376953, 16.6705493927, -152.68951416, 217.36265564, 8.35007190704, 116.352432251, -276.022491455, -13.0499591827, 340.265167236, 310.735626221, 3.53237581253], [-83.7729187012, 1299.57592773, 278.052185059, 130.288711548, 23.7201900482, -86.5187530518, 23.304107666, 83.4979782104, 60.3138122559, 39.7784042358, -53.376953125, -50.695854187, 22.8926715851], [-896.411376953, 278.052185059, 740.971252441, 102.694831848, 40.3617401123, -75.551574707, 20.4350528717, 25.5866279602, 74.7835159302, 3.47049283981, -63.5999526978, 2.98588085175, 18.9350376129], [16.6705493927, 130.288711548, 102.694831848, 263.844177246, 120.752410889, 23.3971786499, 32.2000389099, 18.5099220276, 46.3450965881, 23.7408256531, 3.90608048439, 18.3335571289, 19.5298995972], [-152.68951416, 23.7201900482, 40.3617401123, 120.752410889, 252.330673218, 81.1249389648, 23.3469200134, 1.64959728718, 27.00248909, 26.1419067383, 18.1084651947, 30.1089439392, 6.33942842484], [217.36265564, -86.5187530518, -75.551574707, 23.3971786499, 81.1249389648, 185.202087402, 57.0169296265, 13.2442464828, 3.90791988373, 11.7271900177, 43.5527954102, 40.9926528931, 13.1933736801], [8.35007190704, 23.304107666, 20.4350528717, 32.2000389099, 23.3469200134, 57.0169296265, 179.266342163, 44.0927085876, 13.965256691, 11.2007827759, 44.7360305786, 26.1887779236, 3.85165119171], [116.352432251, 83.4979782104, 25.5866279602, 18.5099220276, 1.64959728718, 13.2442464828, 44.0927085876, 113.800666809, 29.3580150604, 17.5420017242, 20.2520256042, 7.80844116211, 16.545671463], [-276.022491455, 60.3138122559, 74.7835159302, 46.3450965881, 27.00248909, 3.90791988373, 13.965256691, 29.3580150604, 129.47442627, 30.4696388245, -11.5099191666, -7.16509103775, 12.1087989807], [-13.0499591827, 39.7784042358, 3.47049283981, 23.7408256531, 26.1419067383, 11.7271900177, 11.2007827759, 17.5420017242, 30.4696388245, 98.2047653198, 34.6698989868, 10.0595378876, 3.23299741745], [340.265167236, -53.376953125, -63.5999526978, 3.90608048439, 18.1084651947, 43.5527954102, 44.7360305786, 20.2520256042, -11.5099191666, 34.6698989868, 118.445610046, 53.1003456116, 8.58938121796], [310.735626221, -50.695854187, 2.98588085175, 18.3335571289, 30.1089439392, 40.9926528931, 26.1887779236, 7.80844116211, -7.16509103775, 10.0595378876, 53.1003456116, 101.184623718, 31.1073493958], [3.53237581253, 22.8926715851, 18.9350376129, 19.5298995972, 6.33942842484, 13.1933736801, 3.85165119171, 16.545671463, 12.1087989807, 3.23299741745, 8.58938121796, 31.1073493958, 74.438659668]],
        "icov": [[6.8331399234e-05, -2.37010808632e-05, 7.33622728148e-05, -7.34212735551e-05, 9.17427241802e-05, -5.29176286364e-05, 7.36991860322e-05, -9.80139666353e-05, 9.79310061666e-05, 4.32429842476e-05, -8.64093744894e-05, -0.000212267623283, 0.000105053819425], [-2.37010808632e-05, 0.000969232467469, -0.000257294421317, -0.000322663516272, -6.45826075925e-05, 0.000382245023502, -0.000141919255839, -0.000568568590097, 9.15964847081e-05, -0.00039821176324, 0.000293649383821, 0.000567099836189, -0.000343850784702], [7.33622728148e-05, -0.000257294421317, 0.00183493003715, -0.000393975758925, -0.000148790844833, 0.000790280406363, -0.000343447172781, -0.000167769569089, -0.000566636619624, 0.000105245868326, 0.000958063930739, -0.00108617672231, 7.08806983312e-05], [-7.34212735551e-05, -0.000322663516272, -0.000393975758925, 0.00558783812448, -0.00255528348498, 0.000462199823232, -0.000686186307576, 0.000160489144037, -0.00106502696872, -0.000238413718762, 0.000182027739356, -5.65265436308e-05, -0.000941359088756], [9.17427241802e-05, -6.45826075925e-05, -0.000148790844833, -0.00255528348498, 0.00624959450215, -0.00261036702432, 0.000568506773561, 0.000463707052404, -0.00014802570513, -0.000728113169316, 4.40415133198e-05, -0.00111175747588, 0.0010369180236], [-5.29176286364e-05, 0.000382245023502, 0.000790280406363, 0.000462199823232, -0.00261036702432, 0.00815651379526, -0.00207432871684, -0.000200144480914, -0.000415716698626, 0.000159320858074, -0.000520359841175, -0.00123214034829, -0.000873202749062], [7.36991860322e-05, -0.000141919255839, -0.000343447172781, -0.000686186307576, 0.000568506773561, -0.00207432871684, 0.00748831173405, -0.00224487972446, -0.000221178110223, 0.000787659839261, -0.00231836806051, -0.000509161502123, 0.00122034281958], [-9.80139666353e-05, -0.000568568590097, -0.000167769569089, 0.000160489144037, 0.000463707052404, -0.000200144480914, -0.00224487972446, 0.0113238729537, -0.00207386887632, -0.000546033959836, -0.00148095958866, 0.000972210371401, -0.00209909700789], [9.79310061666e-05, 9.15964847081e-05, -0.000566636619624, -0.00106502696872, -0.00014802570513, -0.000415716698626, -0.000221178110223, -0.00207386887632, 0.0101583711803, -0.00305786682293, 0.001675974112, 0.000875652884133, -0.00112951418851], [4.32429842476e-05, -0.00039821176324, 0.000105245868326, -0.000238413718762, -0.000728113169316, 0.000159320858074, 0.000787659839261, -0.000546033959836, -0.00305786682293, 0.0131646320224, -0.00482224300504, 0.000541688583326, 0.000526295800228], [-8.64093744894e-05, 0.000293649383821, 0.000958063930739, 0.000182027739356, 4.40415133198e-05, -0.000520359841175, -0.00231836806051, -0.00148095958866, 0.001675974112, -0.00482224300504, 0.0149733349681, -0.0063050519675, 0.00100383337121], [-0.000212267623283, 0.000567099836189, -0.00108617672231, -5.65265436308e-05, -0.00111175747588, -0.00123214034829, -0.000509161502123, 0.000972210371401, 0.000875652884133, 0.000541688583326, -0.0063050519675, 0.0169993601739, -0.00629223510623], [0.000105053819425, -0.000343850784702, 7.08806983312e-05, -0.000941359088756, 0.0010369180236, -0.000873202749062, 0.00122034281958, -0.00209909700789, -0.00112951418851, 0.000526295800228, 0.00100383337121, -0.00629223510623, 0.016907999292]]
    },
    "spectral_contrast_coeffs": {
        "mean": [-0.731462776661, -0.732441008091, -0.752729773521, -0.786413908005, -0.782758533955, -0.78397411108],
        "stdev": [0.0790028572083, 0.0754255503416, 0.077232286334, 0.0596111752093, 0.0552822090685, 0.0446401275694]
    },
    "spectral_contrast_valleys": {
        "mean": [-6.86121749878, -7.26011657715, -7.91132640839, -8.31517982483, -8.20516395569, -10.211391449],
        "stdev": [1.72386145592, 1.71762084961, 1.83191156387, 1.86654496193, 1.87642502785, 1.77083182335]
    }
},
"rhythm": {
    "beats_count": 364,
    "beats_loudness": {
        "mean": 0.0540382526815,
        "stdev": 0.0294845048338
    },
    "bpm": 108.172721863,
    "bpm_histogram_first_peak_bpm": 108,
    "bpm_histogram_first_peak_weight": 0.217630803585,
    "bpm_histogram_second_peak_bpm": 0,
    "bpm_histogram_second_peak_spread": 0,
    "bpm_histogram_second_peak_weight": 0,
    "danceability": 1.41709983349,
    "onset_rate": 3.5336792469,
    "beats_loudness_band_ratio": {
        "mean": [0.390535950661, 0.133295610547, 0.188939124346, 0.141945376992, 0.0619963444769, 0.116253949702],
        "stdev": [0.270249038935, 0.10496892035, 0.113163217902, 0.100687794387, 0.0444091521204, 0.089166149497]
    },
    "beats_position": [0.53405892849, 1.07972788811, 1.62539684772, 2.15945577621, 2.69351458549, 3.22757363319, 3.76163268089, 4.29569149017, 4.841360569, 5.38702917099, 5.93269824982, 6.48997735977, 7.05886602402, 7.6277551651, 8.18503379822, 8.74231243134, 9.287981987, 9.84526062012, 10.4025392532, 10.95981884, 11.5170974731, 12.0743761063, 12.6316547394, 13.1889343262, 13.7462129593, 14.3034915924, 14.8491611481, 15.3948297501, 15.9521083832, 16.50938797, 17.0666656494, 17.6239452362, 18.181224823, 18.7385025024, 19.2957820892, 19.853061676, 20.4103393555, 20.9560089111, 21.5016784668, 22.0589561462, 22.616235733, 23.1735134125, 23.7307929993, 24.2880725861, 24.8453502655, 25.4026298523, 25.9599094391, 26.5055770874, 27.0512466431, 27.6085262299, 28.1658039093, 28.7230834961, 29.2803630829, 29.8376407623, 30.3949203491, 30.9521980286, 31.5094776154, 32.0667572021, 32.6124267578, 33.1697044373, 33.7153739929, 34.2726516724, 34.8299331665, 35.3872108459, 35.9444885254, 36.5017662048, 37.059047699, 37.6047172546, 38.1503829956, 38.7076644897, 39.2649421692, 39.8222198486, 40.3795013428, 40.9367790222, 41.4940567017, 42.0513381958, 42.5970077515, 43.1426734924, 43.6999549866, 44.257232666, 44.8145103455, 45.3717918396, 45.929069519, 46.4863471985, 47.0436286926, 47.6009063721, 48.1581840515, 48.7154655457, 49.2727432251, 49.8184127808, 50.3640823364, 50.9213600159, 51.4786376953, 52.0359191895, 52.5931968689, 53.1504745483, 53.7077522278, 54.2650337219, 54.8223114014, 55.367980957, 55.9136505127, 56.4709281921, 57.0282058716, 57.5854873657, 58.1427650452, 58.7000427246, 59.2573242188, 59.8146018982, 60.3718795776, 60.9175491333, 61.463218689, 62.0204963684, 62.5777778625, 63.135055542, 63.6923332214, 64.2380065918, 64.7952804565, 65.3525619507, 65.9098434448, 66.4555053711, 67.0127868652, 67.5700683594, 68.1273422241, 68.6846237183, 69.2419052124, 69.7991790771, 70.3564605713, 70.9137420654, 71.4710159302, 72.0282974243, 72.57396698, 73.1196365356, 73.6769180298, 74.2341918945, 74.7914733887, 75.3487548828, 75.9060287476, 76.4633102417, 77.0205917358, 77.5778656006, 78.1351470947, 78.6808166504, 79.2264862061, 79.7837600708, 80.3410415649, 80.8983230591, 81.4555969238, 82.012878418, 82.5701599121, 83.1274337769, 83.684715271, 84.2303848267, 84.7760543823, 85.3333282471, 85.8906097412, 86.4478912354, 87.0051651001, 87.5624465942, 88.1197280884, 88.6770019531, 89.2226715088, 89.7799530029, 90.3256225586, 90.8829040527, 91.4401779175, 91.9974594116, 92.5547409058, 93.1120147705, 93.6692962646, 94.2265777588, 94.7838516235, 95.3295211792, 95.8751907349, 96.432472229, 96.9897460938, 97.5470275879, 98.104309082, 98.6615829468, 99.2188644409, 99.7761459351, 100.3334198, 100.890701294, 101.447982788, 101.993652344, 102.53931427, 103.096595764, 103.653877258, 104.211151123, 104.768432617, 105.325714111, 105.882987976, 106.44026947, 106.997550964, 107.554824829, 108.100494385, 108.64616394, 109.203445435, 109.760726929, 110.318000793, 110.875282288, 111.432563782, 111.989837646, 112.535507202, 113.092788696, 113.638458252, 114.195732117, 114.753013611, 115.310295105, 115.86756897, 116.424850464, 116.982131958, 117.539405823, 118.096687317, 118.642356873, 119.188026428, 119.745300293, 120.302581787, 120.859863281, 121.417137146, 121.97441864, 122.531700134, 123.088973999, 123.646255493, 124.203536987, 124.749206543, 125.306480408, 125.852149963, 126.409431458, 126.966712952, 127.523986816, 128.081268311, 128.638549805, 129.195831299, 129.741500854, 130.28717041, 130.844436646, 131.40171814, 131.958999634, 132.516281128, 133.073562622, 133.630844116, 134.188110352, 134.745391846, 135.30267334, 135.848342896, 136.40562439, 136.951293945, 137.508575439, 138.065841675, 138.623123169, 139.180404663, 139.737686157, 140.294967651, 140.852249146, 141.397918701, 141.955184937, 142.500854492, 143.058135986, 143.61541748, 144.172698975, 144.729980469, 145.287246704, 145.844528198, 146.401809692, 146.947479248, 147.493148804, 148.050430298, 148.607711792, 149.164993286, 149.722259521, 150.279541016, 150.83682251, 151.394104004, 151.951385498, 152.508651733, 153.065933228, 153.611602783, 154.168884277, 154.714553833, 155.271835327, 155.829116821, 156.386398315, 156.943664551, 157.500946045, 158.058227539, 158.603897095, 159.14956665, 159.706848145, 160.264129639, 160.821395874, 161.378677368, 161.935958862, 162.493240356, 163.050521851, 163.607803345, 164.1534729, 164.699142456, 165.256408691, 165.813690186, 166.37097168, 166.928253174, 167.485534668, 168.042816162, 168.600082397, 169.157363892, 169.703033447, 170.248703003, 170.805984497, 171.363265991, 171.920547485, 172.477813721, 173.035095215, 173.592376709, 174.149658203, 174.706939697, 175.264221191, 175.809890747, 176.367156982, 176.912826538, 177.470108032, 178.027389526, 178.584671021, 179.141952515, 179.69921875, 180.256500244, 180.813781738, 181.359451294, 181.916732788, 182.462402344, 183.019683838, 183.576965332, 184.134231567, 184.691513062, 185.248794556, 185.80607605, 186.363357544, 186.9090271, 187.466293335, 188.011962891, 188.569244385, 189.126525879, 189.683807373, 190.241088867, 190.798370361, 191.355636597, 191.912918091, 192.458587646, 193.004257202, 193.561538696, 194.11882019, 194.676101685, 195.23336792, 195.790649414, 196.347930908, 196.905212402, 197.462493896, 198.019775391, 198.577041626, 199.122711182, 199.668380737, 200.225662231, 200.782943726, 201.34022522, 201.897506714],
    "bpm_histogram": [0, 0, 0, 0, 0, 0, 0, 0, 0, 0, 0, 0, 0, 0, 0, 0, 0, 0, 0, 0, 0, 0, 0, 0, 0, 0, 0, 0, 0, 0, 0, 0, 0, 0, 0, 0, 0, 0, 0, 0, 0, 0, 0, 0, 0, 0, 0, 0, 0, 0, 0, 0, 0, 0, 0, 0, 0, 0, 0, 0, 0, 0, 0, 0, 0, 0, 0, 0, 0, 0, 0, 0, 0, 0, 0, 0, 0, 0, 0, 0, 0, 0, 0, 0, 0, 0, 0, 0, 0, 0, 0, 0, 0, 0, 0, 0, 0, 0, 0, 0, 0, 0, 0, 0, 0, 0.00550964195281, 0, 0, 0.78236913681, 0, 0.198347106576, 0, 0.0137741044164, 0, 0, 0, 0, 0, 0, 0, 0, 0, 0, 0, 0, 0, 0, 0, 0, 0, 0, 0, 0, 0, 0, 0, 0, 0, 0, 0, 0, 0, 0, 0, 0, 0, 0, 0, 0, 0, 0, 0, 0, 0, 0, 0, 0, 0, 0, 0, 0, 0, 0, 0, 0, 0, 0, 0, 0, 0, 0, 0, 0, 0, 0, 0, 0, 0, 0, 0, 0, 0, 0, 0, 0, 0, 0, 0, 0, 0, 0, 0, 0, 0, 0, 0, 0, 0, 0, 0, 0, 0, 0, 0, 0, 0, 0, 0, 0, 0, 0, 0, 0, 0, 0, 0, 0, 0, 0, 0, 0, 0, 0, 0, 0, 0, 0, 0, 0, 0, 0, 0, 0, 0, 0, 0, 0, 0, 0, 0, 0, 0, 0, 0, 0, 0, 0, 0, 0, 0]
},
"tonal": {
    "chords_changes_rate": 0.0672326758504,
    "chords_number_rate": 0.00298301968724,
    "chords_strength": {
        "mean": 0.554392158985,
        "stdev": 0.11467693001
    },
    "hpcp_crest": {
        "mean": 13.6177005768,
        "stdev": 6.90006685257
    },
    "hpcp_entropy": {
        "mean": 1.96274387836,
        "stdev": 0.779708743095
    },
    "key_edma": {
        "strength": 0.668668210506,
        "key": "A",
        "scale": "major"
    },
    "key_krumhansl": {
        "strength": 0.661402463913,
        "key": "A",
        "scale": "major"
    },
    "key_temperley": {
        "strength": 0.662855803967,
        "key": "E",
        "scale": "major"
    },
    "tuning_diatonic_strength": 0.540054857731,
    "tuning_equal_tempered_deviation": 0.193662896752,
    "tuning_frequency": 434.193115234,
    "tuning_nontempered_energy_ratio": 0.932058751583,
    "hpcp": {
        "mean": [0.194993570447, 0.187553465366, 0.0954897031188, 0.0731873363256, 0.0740792602301, 0.0937794223428, 0.185645401478, 0.215779826045, 0.138017073274, 0.10899848491, 0.102349132299, 0.0980434939265, 0.17182148993, 0.207666322589, 0.134364366531, 0.0975609123707, 0.0981846004725, 0.10460049659, 0.147641479969, 0.137184038758, 0.0953402146697, 0.160208523273, 0.179985404015, 0.105752274394, 0.076950930059, 0.0645407959819, 0.0578301399946, 0.114580370486, 0.120295070112, 0.0620140209794, 0.0720211938024, 0.0766332522035, 0.0646029040217, 0.127992540598, 0.164107143879, 0.13764436543],
        "stdev": [0.312153875828, 0.315642088652, 0.200363472104, 0.187288358808, 0.178111612797, 0.19594399631, 0.286931395531, 0.319945693016, 0.242116555572, 0.238640397787, 0.236946299672, 0.21084792912, 0.26358166337, 0.297115981579, 0.227056264877, 0.207574233413, 0.223883286119, 0.216266229749, 0.248902022839, 0.245755165815, 0.19040428102, 0.245407059789, 0.270014762878, 0.191097825766, 0.185036405921, 0.161022022367, 0.15007185936, 0.206780478358, 0.21686719358, 0.13612511754, 0.176697567105, 0.191141858697, 0.1519959867, 0.214353725314, 0.264342963696, 0.222303241491]
    },
    "chords_histogram": [2.77650308609, 6.05782461166, 13.9743003845, 0.114731527865, 0.321248292923, 0.573657631874, 2.06516742706, 0.114731527865, 2.63882517815, 0, 0, 0, 0.435979813337, 0.619550228119, 0.045892611146, 2.75355672836, 2.43230843544, 4.33685159683, 4.84167051315, 1.33088576794, 0.321248292923, 4.54336833954, 24.7590637207, 24.9426345825],
    "thpcp": [1, 0.639619886875, 0.505137503147, 0.47432205081, 0.454368203878, 0.796281516552, 0.962399184704, 0.622691988945, 0.452131748199, 0.455022156239, 0.484755694866, 0.684222817421, 0.635759353638, 0.441840261221, 0.742462933064, 0.834115982056, 0.490093439817, 0.356617808342, 0.299104869366, 0.268005311489, 0.53100591898, 0.557489871979, 0.287394911051, 0.333771675825, 0.355145573616, 0.299392700195, 0.59316265583, 0.760530531406, 0.637892663479, 0.903669118881, 0.869189083576, 0.442533046007, 0.339175999165, 0.343309491873, 0.434606999159, 0.860346436501],
    "chords_key": "C#",
    "chords_scale": "minor"
}
}