{
"metadata": {
    "version": {
        "essentia": "2.1-dev",
        "essentia_git_sha": "v2.1_beta3-415-gd5473f3",
        "extractor": "music 2.0"
    },
    "audio_properties": {
        "analysis": {
            "equal_loudness": 0,
            "length": 231.627761841,
            "sample_rate": 44100,
            "start_time": 0,
            "downmix": "mix"
        },
        "bit_rate": 192000,
        "length": 231.627761841,
        "lossless": 0,
        "number_channels": 2,
        "replay_gain": -10.7812042236,
        "sample_rate": 44100,
        "codec": "mp3",
        "md5_encoded": "8797904b215bbd49a82a2288d63bb70a"
    },
    "tags": {
        "file_name": "the_coors-only_when_i_sleep.mp3",
        "album": ["Best of the Corrs"],
        "artist": ["The Corrs"],
        "genre": ["Other"],
        "title": ["Only when I sleep"]
    }
},
"lowlevel": {
    "average_loudness": 0.842962563038,
    "barkbands_crest": {
        "mean": 9.20088768005,
        "stdev": 3.39070034027
    },
    "barkbands_flatness_db": {
        "mean": 0.107965826988,
        "stdev": 0.0389143303037
    },
    "barkbands_kurtosis": {
        "mean": 2.06849360466,
        "stdev": 4.43240451813
    },
    "barkbands_skewness": {
        "mean": 1.15138971806,
        "stdev": 0.967613816261
    },
    "barkbands_spread": {
        "mean": 30.0647640228,
        "stdev": 16.6875247955
    },
    "dissonance": {
        "mean": 0.466112524271,
        "stdev": 0.0269450768828
    },
    "dynamic_complexity": 2.94033098221,
    "erbbands_crest": {
        "mean": 9.51924133301,
        "stdev": 4.922311306
    },
    "erbbands_flatness_db": {
        "mean": 0.136029571295,
        "stdev": 0.0422712042928
    },
    "erbbands_kurtosis": {
        "mean": 0.526853442192,
        "stdev": 2.26345086098
    },
    "erbbands_skewness": {
        "mean": 0.222493112087,
        "stdev": 0.809006631374
    },
    "erbbands_spread": {
        "mean": 41.5684623718,
        "stdev": 19.9204101562
    },
    "hfc": {
        "mean": 27.793264389,
        "stdev": 21.2326889038
    },
    "loudness_ebu128": {
        "integrated": -12.1907014847,
        "loudness_range": 2.96882247925,
        "momentary": {
            "mean": -15.274020195,
            "stdev": 23.1697273254
        },
        "short_term": {
            "mean": -13.2593584061,
            "stdev": 5.86131572723
        }
    },
    "melbands_crest": {
        "mean": 12.8879804611,
        "stdev": 4.23692798615
    },
    "melbands_flatness_db": {
        "mean": 0.168026581407,
        "stdev": 0.0523785166442
    },
    "melbands_kurtosis": {
        "mean": 9.62545394897,
        "stdev": 12.7127790451
    },
    "melbands_skewness": {
        "mean": 2.29400515556,
        "stdev": 1.42789614201
    },
    "melbands_spread": {
        "mean": 30.5607795715,
        "stdev": 20.8083400726
    },
    "pitch_salience": {
        "mean": 0.535490453243,
        "stdev": 0.0973619893193
    },
    "silence_rate_20dB": {
        "mean": 1,
        "stdev": 0
    },
    "silence_rate_30dB": {
        "mean": 0.999699294567,
        "stdev": 0.017337795347
    },
    "silence_rate_60dB": {
        "mean": 0.0442016646266,
        "stdev": 0.205540895462
    },
    "spectral_centroid": {
        "mean": 1680.29138184,
        "stdev": 1042.86401367
    },
    "spectral_complexity": {
        "mean": 20.6213283539,
        "stdev": 9.1994562149
    },
    "spectral_decrease": {
        "mean": -6.65747945661e-09,
        "stdev": 4.01660082971e-09
    },
    "spectral_energy": {
        "mean": 0.0276477392763,
        "stdev": 0.0163302570581
    },
    "spectral_energyband_high": {
        "mean": 0.00144846772309,
        "stdev": 0.00195872201584
    },
    "spectral_energyband_low": {
        "mean": 0.00869370345026,
        "stdev": 0.00885145366192
    },
    "spectral_energyband_middle_high": {
        "mean": 0.00720566976815,
        "stdev": 0.00842860899866
    },
    "spectral_energyband_middle_low": {
        "mean": 0.0112372841686,
        "stdev": 0.00941622350365
    },
    "spectral_entropy": {
        "mean": 7.76740026474,
        "stdev": 0.423481851816
    },
    "spectral_flux": {
        "mean": 0.0795787498355,
        "stdev": 0.0439229570329
    },
    "spectral_kurtosis": {
        "mean": 3.45268130302,
        "stdev": 2.03623771667
    },
    "spectral_rms": {
        "mean": 0.00492622563615,
        "stdev": 0.00164492230397
    },
    "spectral_rolloff": {
        "mean": 2106.10668945,
        "stdev": 2345.79321289
    },
    "spectral_skewness": {
        "mean": 1.43073618412,
        "stdev": 0.391056090593
    },
    "spectral_spread": {
        "mean": 5771517,
        "stdev": 3613382.75
    },
    "spectral_strongpeak": {
        "mean": 1.27191865444,
        "stdev": 1.67839694023
    },
    "zerocrossingrate": {
        "mean": 0.0820066854358,
        "stdev": 0.0564115196466
    },
    "barkbands": {
        "mean": [0.000114445909276, 0.00493260473013, 0.00280930148438, 0.00144575582817, 0.00233463477343, 0.00228478806093, 0.00154872518033, 0.00142017682083, 0.00197162479162, 0.000912083894946, 0.00163611548487, 0.000947671884205, 0.000480645889184, 0.0005266466178, 0.00077170523582, 0.000524167262483, 0.000587687944062, 0.000371572823497, 0.00047584209824, 0.000267135445029, 0.000260527915088, 0.000253190053627, 0.000196770590264, 0.000260344444541, 0.000219312612899, 8.91273011803e-05, 5.18276692674e-06],
        "stdev": [0.000388946587918, 0.00473693059757, 0.00392710603774, 0.00315371528268, 0.00298521877266, 0.00352029805072, 0.00330386683345, 0.0030078527052, 0.00409800792113, 0.00269645894878, 0.00464897742495, 0.00285712187178, 0.00134310964495, 0.00160629174206, 0.00149405794218, 0.000977888819762, 0.00107774685603, 0.00058063067263, 0.000573635334149, 0.000317413767334, 0.000371079600882, 0.000575363752432, 0.000382373167668, 0.000473931140732, 0.00042382942047, 0.000174620741745, 1.00090119304e-05]
    },
    "erbbands": {
        "mean": [0.0894236788154, 1.27761769295, 3.39097237587, 4.36881113052, 5.07449769974, 8.16553688049, 17.0119533539, 17.3668518066, 14.3093156815, 31.3056373596, 39.2016487122, 46.0936546326, 29.6610355377, 44.8572044373, 62.2669143677, 35.6452293396, 22.8768157959, 24.0264720917, 35.1764259338, 39.7132987976, 31.4292964935, 32.0124588013, 21.3751163483, 25.5708122253, 17.7886428833, 12.9950666428, 13.8350629807, 7.90656709671, 8.12147045135, 8.42588233948, 5.62434720993, 5.42912197113, 4.13255882263, 2.97352981567, 1.21937525272, 0.451032698154, 0.157605320215, 0.0258806217462, 0.000597804028075, 5.44028443983e-05],
        "stdev": [0.118601672351, 1.19493567944, 3.8599486351, 8.5546836853, 7.34998846054, 11.9192256927, 29.4435043335, 30.2755813599, 27.163356781, 68.526260376, 79.1381530762, 101.106010437, 73.7757797241, 112.841674805, 158.074905396, 97.2219009399, 63.0267486572, 66.0474700928, 76.6315765381, 83.3433685303, 56.2127685547, 62.8942756653, 32.3038635254, 32.5035400391, 19.8968467712, 15.5477952957, 18.3678245544, 14.4727449417, 19.3782711029, 17.5319252014, 11.2123394012, 10.6582784653, 7.61319828033, 6.10394477844, 2.18314981461, 0.955686330795, 0.290685325861, 0.0445242784917, 0.0010120033985, 4.43937569798e-05]
    },
    "gfcc": {
        "mean": [16.8946304321, 69.8337631226, -108.367530823, 32.5554771423, -56.3694992065, 16.3361377716, -39.0266494751, 19.2964801788, -25.334985733, 5.0751657486, -18.8654308319, 1.80307006836, -10.1075897217],
        "cov": [[19531.8261719, 304.771636963, -738.724182129, 435.275909424, -695.486694336, 480.872131348, -478.597869873, 300.016265869, -317.104614258, 167.47076416, -285.261566162, 155.919311523, -217.553329468], [304.771636963, 878.944580078, -263.585174561, -20.3966579437, 115.599578857, -132.427001953, 65.311920166, -21.8574695587, 10.8529062271, -19.6238632202, 53.0739707947, -77.8246231079, 61.4780540466], [-738.724182129, -263.585174561, 916.728637695, 171.534317017, 10.4611721039, 136.589920044, 25.1299552917, 48.4828605652, 35.575302124, 31.5572376251, -49.6183700562, 83.0682144165, -48.6307830811], [435.275909424, -20.3966579437, 171.534317017, 350.670257568, 55.6548156738, 2.50204253197, -15.8959550858, 45.3283462524, 50.527053833, 15.2781705856, -20.2021923065, 33.1926841736, -18.305978775], [-695.486694336, 115.599578857, 10.4611721039, 55.6548156738, 257.673309326, 18.800151825, 63.0093612671, 37.6349449158, 37.9940261841, 19.7184848785, 24.8707790375, -16.6078701019, 9.5491771698], [480.872131348, -132.427001953, 136.589920044, 2.50204253197, 18.800151825, 246.534484863, 44.7922782898, 22.3011379242, -8.56472873688, 16.5258293152, -22.4380283356, 18.9071941376, -31.3237895966], [-478.597869873, 65.311920166, 25.1299552917, -15.8959550858, 63.0093612671, 44.7922782898, 129.670227051, 19.2504634857, 5.21755695343, -3.59683942795, 2.736566782, -6.47524213791, 13.4089374542], [300.016265869, -21.8574695587, 48.4828605652, 45.3283462524, 37.6349449158, 22.3011379242, 19.2504634857, 164.119094849, 39.7372131348, 3.77133607864, 14.0013122559, 18.3209571838, 3.83934569359], [-317.104614258, 10.8529062271, 35.575302124, 50.527053833, 37.9940261841, -8.56472873688, 5.21755695343, 39.7372131348, 104.740859985, 35.2214241028, 14.4829950333, 4.45413351059, -7.68335103989], [167.47076416, -19.6238632202, 31.5572376251, 15.2781705856, 19.7184848785, 16.5258293152, -3.59683942795, 3.77133607864, 35.2214241028, 99.3639297485, 13.7384281158, 3.80218863487, -17.9593486786], [-285.261566162, 53.0739707947, -49.6183700562, -20.2021923065, 24.8707790375, -22.4380283356, 2.736566782, 14.0013122559, 14.4829950333, 13.7384281158, 88.2051620483, 8.45729160309, 10.576212883], [155.919311523, -77.8246231079, 83.0682144165, 33.1926841736, -16.6078701019, 18.9071941376, -6.47524213791, 18.3209571838, 4.45413351059, 3.80218863487, 8.45729160309, 85.821762085, 10.8480520248], [-217.553329468, 61.4780540466, -48.6307830811, -18.305978775, 9.5491771698, -31.3237895966, 13.4089374542, 3.83934569359, -7.68335103989, -17.9593486786, 10.576212883, 10.8480520248, 78.1806411743]],
        "icov": [[0.000150947205839, -0.000279813015368, 0.000252878060564, -0.000275884842267, 0.000412718247389, -0.000474705651868, 0.000550638826098, -0.000566465896554, 0.000685079430696, -0.000546693860088, 0.000542699650396, -0.000428596540587, 0.000353343086317], [-0.000279813015368, 0.0021387655288, -0.000227800774155, 0.00029570053448, -0.00118259643205, 0.00150822172873, -0.00180346437264, 0.00131651444826, -0.00133991381153, 0.00115771451965, -0.00166073231958, 0.00194089417346, -0.00144992792048], [0.000252878060564, -0.000227800774155, 0.00193171121646, -0.000990708125755, 0.000675957533531, -0.00119765195996, 0.000476896500913, -0.000993861234747, 0.00093497952912, -0.00107632938307, 0.00151190476026, -0.00180463516153, 0.00114753958769], [-0.000275884842267, 0.00029570053448, -0.000990708125755, 0.00428338488564, -0.00171955185942, 0.00122578407172, -3.09519127768e-05, 0.000489958445542, -0.00246033282019, 0.00117038493045, 0.000337655423209, -0.000612637668382, 0.000135261900141], [0.000412718247389, -0.00118259643205, 0.000675957533531, -0.00171955185942, 0.00642855791375, -0.00177331117447, -0.000560790358577, -0.00204673432745, 0.00100401602685, -0.00213321647607, 0.000218155953917, 0.000194633932551, 0.000349370966433], [-0.000474705651868, 0.00150822172873, -0.00119765195996, 0.00122578407172, -0.00177331117447, 0.00709420163184, -0.00388201000169, 0.00118599657435, -0.00095460092416, 0.000848607858643, -0.000717024377082, 0.000439696072135, 0.000838707375806], [0.000550638826098, -0.00180346437264, 0.000476896500913, -3.09519127768e-05, -0.000560790358577, -0.00388201000169, 0.0124052828178, -0.00273400289007, 0.00211368035525, -0.00124474742915, 0.00235271872953, -0.00104328000452, -0.000492155435495], [-0.000566465896554, 0.00131651444826, -0.000993861234747, 0.000489958445542, -0.00204673432745, 0.00118599657435, -0.00273400289007, 0.00948996189982, -0.00515699526295, 0.00309312343597, -0.00309896771796, 0.000778563960921, -0.00187207572162], [0.000685079430696, -0.00133991381153, 0.00093497952912, -0.00246033282019, 0.00100401602685, -0.00095460092416, 0.00211368035525, -0.00515699526295, 0.0163070205599, -0.00656495289877, 0.00142566941213, -0.00175973563455, 0.0024969917722], [-0.000546693860088, 0.00115771451965, -0.00107632938307, 0.00117038493045, -0.00213321647607, 0.000848607858643, -0.00124474742915, 0.00309312343597, -0.00656495289877, 0.0144599759951, -0.00383374444209, 0.00124776200391, 0.000857016129885], [0.000542699650396, -0.00166073231958, 0.00151190476026, 0.000337655423209, 0.000218155953917, -0.000717024377082, 0.00235271872953, -0.00309896771796, 0.00142566941213, -0.00383374444209, 0.0158798638731, -0.00464541371912, 0.00102615659125], [-0.000428596540587, 0.00194089417346, -0.00180463516153, -0.000612637668382, 0.000194633932551, 0.000439696072135, -0.00104328000452, 0.000778563960921, -0.00175973563455, 0.00124776200391, -0.00464541371912, 0.0170357804745, -0.0053134909831], [0.000353343086317, -0.00144992792048, 0.00114753958769, 0.000135261900141, 0.000349370966433, 0.000838707375806, -0.000492155435495, -0.00187207572162, 0.0024969917722, 0.000857016129885, 0.00102615659125, -0.0053134909831, 0.0171702168882]]
    },
    "melbands": {
        "mean": [0.00111476436723, 0.00183653563727, 0.000779702619184, 0.000452073552879, 0.000552620331291, 0.000392431393266, 0.000248333439231, 0.000324948166963, 0.000334349490004, 0.000276722625131, 0.000141320124385, 0.000171546489582, 0.000241024361458, 0.000125992359244, 5.71179225517e-05, 4.43608223577e-05, 4.37121489085e-05, 5.76240527153e-05, 5.01802933286e-05, 4.3090141844e-05, 3.68377041013e-05, 3.51926173607e-05, 2.17415381485e-05, 2.00609902095e-05, 2.07385637623e-05, 1.76305638888e-05, 7.83241011959e-06, 8.70816984389e-06, 1.01107671071e-05, 5.34105129191e-06, 4.35107040175e-06, 4.48246601081e-06, 5.11758162247e-06, 4.30389445683e-06, 3.22109212902e-06, 2.93510765914e-06, 3.48869980371e-06, 3.04045261146e-06, 2.35055335907e-06, 2.690945621e-06],
        "stdev": [0.00115330668632, 0.00178555678576, 0.00134868070018, 0.000619969214313, 0.000856606173329, 0.000646059866995, 0.000468603131594, 0.000656940916087, 0.000674718350638, 0.000608310394455, 0.00037289498141, 0.000456667272374, 0.0006648900453, 0.000391109962948, 0.000151768530486, 0.000118730669783, 0.00013773534738, 0.00014693394769, 0.000101628378616, 8.17704349174e-05, 7.7666802099e-05, 7.70029291743e-05, 3.91349676647e-05, 3.35315235134e-05, 2.811021659e-05, 2.30599307542e-05, 8.54249537952e-06, 1.17142353702e-05, 1.45798430822e-05, 7.62223044148e-06, 9.2604841484e-06, 1.1152240404e-05, 1.2193629118e-05, 8.68402366905e-06, 6.53911456538e-06, 6.36478353044e-06, 6.89430544298e-06, 5.808937658e-06, 4.63778314952e-06, 6.35762580714e-06]
    },
    "melbands128": {
        "mean": [0.000104914746771, 0.000487206038088, 0.00150263286196, 0.00237480783835, 0.00197168136947, 0.00128318904899, 0.000916067918297, 0.000651196518447, 0.000477657100419, 0.00043078980525, 0.000455480942037, 0.000488730845973, 0.000640893587843, 0.00058267719578, 0.000416778668296, 0.000305856898194, 0.000169901875779, 0.000195286949747, 0.000325178494677, 0.00045294262236, 0.000165868492331, 0.000329547125148, 0.000345377338817, 0.000327352376189, 0.000368193519535, 0.000196991284611, 0.000219352572458, 0.000111459135951, 9.44047060329e-05, 0.000166005615029, 0.000141228068969, 0.000289785355562, 0.000342336046742, 0.000101203964732, 0.000167511389009, 0.000137333190651, 6.78512005834e-05, 3.56598829967e-05, 7.64178403188e-05, 4.38353345089e-05, 2.18242294068e-05, 6.54197719996e-05, 3.60497506335e-05, 3.52594070137e-05, 6.02056788921e-05, 6.66984997224e-05, 5.32798439963e-05, 3.10389623337e-05, 5.92263277213e-05, 7.46894365875e-05, 3.06703695969e-05, 2.28589251492e-05, 4.00519056711e-05, 4.40087351308e-05, 2.99664461636e-05, 3.96266550524e-05, 3.00819538097e-05, 3.1355797546e-05, 1.5086780877e-05, 1.16017290566e-05, 2.65710423264e-05, 1.99747846636e-05, 1.3737459085e-05, 2.40102090174e-05, 2.79351952486e-05, 1.76151133928e-05, 1.16221026474e-05, 9.06881268747e-06, 5.75235753786e-06, 8.1179487097e-06, 8.3587528934e-06, 9.01635576156e-06, 1.09303655336e-05, 1.17541922009e-05, 7.14081716069e-06, 5.4946367527e-06, 4.54304017694e-06, 4.10411621488e-06, 4.17773162553e-06, 4.63733067591e-06, 4.88177965963e-06, 4.09197127738e-06, 4.42176769866e-06, 4.8287934078e-06, 6.57940699966e-06, 4.6080899665e-06, 3.55185397893e-06, 3.36525340572e-06, 3.09415645461e-06, 3.49700326296e-06, 2.44307625508e-06, 2.92178606287e-06, 3.41075951837e-06, 3.54673284164e-06, 3.66171980204e-06, 2.99758517031e-06, 3.15545412377e-06, 2.66330721388e-06, 2.22971402764e-06, 2.29416582442e-06, 2.25873168347e-06, 3.09486495098e-06, 2.91794526674e-06, 1.38105042424e-06, 1.11572012429e-06, 1.0592812032e-06, 1.06933407551e-06, 8.61592127421e-07, 7.41790699976e-07, 6.37765481315e-07, 6.13621978118e-07, 5.04278830249e-07, 5.54146538434e-07, 4.31434216352e-07, 3.51011635757e-07, 2.68467090336e-07, 2.01740206762e-07, 2.38407693587e-08, 4.56380376199e-12, 4.08423642129e-12, 3.9416230696e-12, 3.83076556587e-12, 3.73384266214e-12, 3.65483121198e-12, 3.59336562242e-12, 3.5481108069e-12, 3.51443006641e-12, 3.48996742963e-12],
        "stdev": [0.00035589755862, 0.00100979686249, 0.00162539375015, 0.00230871886015, 0.00204086257145, 0.00199271086603, 0.00202108453959, 0.00130202469882, 0.000809073389973, 0.000783884490374, 0.000897838268429, 0.0008935413789, 0.00138590624556, 0.00122551119421, 0.000939844700042, 0.000705558340997, 0.000400136021199, 0.000623593456112, 0.000884632288944, 0.00119901751168, 0.000449507148005, 0.0009113404667, 0.000993867171928, 0.000999489449896, 0.00110132235568, 0.000670401845127, 0.000661076745018, 0.000478857778944, 0.000404408870963, 0.000615308876149, 0.000637126038782, 0.000928153283894, 0.00116529094521, 0.000496916705742, 0.000706315622665, 0.000531713943928, 0.000291526230285, 0.00015454950335, 0.000300762912957, 0.000201427435968, 0.000104724618723, 0.000249914097367, 0.000157274174853, 0.000225341646001, 0.000259619089775, 0.000219605746679, 0.00014967903553, 9.98491013888e-05, 0.000197028391995, 0.000208420213312, 9.05963606783e-05, 6.44093524897e-05, 0.000132556451717, 0.000118014970212, 6.44833344268e-05, 0.000143595607369, 8.3597311459e-05, 7.39529059501e-05, 3.77440846933e-05, 3.04898330796e-05, 5.73120487388e-05, 4.08380146837e-05, 3.41484228557e-05, 4.23105884693e-05, 5.13912345923e-05, 3.63733597624e-05, 1.80776823981e-05, 1.35701666295e-05, 8.22204401629e-06, 1.37960514621e-05, 1.3623211089e-05, 1.76392295543e-05, 1.80102979357e-05, 2.2989590434e-05, 1.21312987176e-05, 8.23044774734e-06, 8.02384874987e-06, 8.97232621355e-06, 9.98627183435e-06, 1.14118074634e-05, 1.24410198623e-05, 1.15899501907e-05, 1.25097913042e-05, 1.29771888169e-05, 1.58361926879e-05, 1.07387431854e-05, 7.91810816736e-06, 6.67158019496e-06, 7.0146456892e-06, 8.68389633979e-06, 5.74705700274e-06, 6.83100779497e-06, 8.41451401357e-06, 7.83412906458e-06, 7.09371443008e-06, 6.87028341417e-06, 6.30307749816e-06, 5.47354147784e-06, 4.836053904e-06, 5.31782916369e-06, 4.96373604619e-06, 8.51073218655e-06, 8.86503221409e-06, 2.51654000749e-06, 1.96989458345e-06, 2.07870743907e-06, 2.29197803492e-06, 2.05030801226e-06, 1.89312970633e-06, 1.60018339557e-06, 1.3522962945e-06, 1.02491821963e-06, 1.10370399398e-06, 8.002884897e-07, 6.2327347905e-07, 4.87216709644e-07, 3.85681346415e-07, 5.35943058821e-08, 6.76038348565e-12, 5.9690143453e-12, 5.77848793121e-12, 5.62254669906e-12, 5.49343253178e-12, 5.38436959949e-12, 5.29576599587e-12, 5.22663943375e-12, 5.1757964234e-12, 5.14506796542e-12]
    },
    "mfcc": {
        "mean": [-622.442443848, 101.743637085, 5.5202870369, 20.8222465515, 8.24794387817, -1.6442937851, 2.65007209778, 4.32093811035, 4.73048114777, 4.12115001678, -3.02305173874, -0.601260781288, 1.16158092022],
        "cov": [[8110.26806641, 369.357269287, 115.020050049, 84.5865707397, 73.980758667, 10.1686697006, -8.92648601532, 70.8205947876, 22.8175258636, 25.6730098724, 27.4818305969, 12.2856092453, 37.3248214722], [369.357269287, 902.103759766, -223.952560425, 82.6825408936, 5.29757452011, -41.329914093, 68.8586120605, -46.3489570618, 13.048997879, 28.9842281342, -0.912836909294, -7.13389873505, -16.0412101746], [115.020050049, -223.952560425, 722.062805176, 47.9674606323, 51.4032707214, 103.179389954, -14.0200777054, 90.52394104, 22.1989154816, -23.9425086975, 35.4093208313, 14.5749473572, 2.24505138397], [84.5865707397, 82.6825408936, 47.9674606323, 327.98147583, 87.2588653564, -15.027926445, -21.9497280121, 19.5921173096, 39.544254303, -10.8587303162, 32.3138923645, 30.41796875, 3.41112923622], [73.980758667, 5.29757452011, 51.4032707214, 87.2588653564, 181.354415894, 12.0989704132, 21.6785335541, 43.00233078, 30.1373538971, 31.1040248871, 25.6071090698, 32.5814208984, 22.7691497803], [10.1686697006, -41.329914093, 103.179389954, -15.027926445, 12.0989704132, 206.10269165, 24.0533599854, 10.6182012558, 17.4767227173, 2.57222819328, 30.9825267792, -17.9528694153, 6.14161396027], [-8.92648601532, 68.8586120605, -14.0200777054, -21.9497280121, 21.6785335541, 24.0533599854, 135.163131714, 35.1591453552, 16.0376930237, 28.3565769196, -9.2316570282, -2.39182066917, -5.59544610977], [70.8205947876, -46.3489570618, 90.52394104, 19.5921173096, 43.00233078, 10.6182012558, 35.1591453552, 133.542709351, 41.6227684021, 5.25551652908, 2.03922843933, 12.2826461792, 15.9610567093], [22.8175258636, 13.048997879, 22.1989154816, 39.544254303, 30.1373538971, 17.4767227173, 16.0376930237, 41.6227684021, 96.7441329956, 29.1908760071, 13.3045186996, -1.55868780613, 12.6674365997], [25.6730098724, 28.9842281342, -23.9425086975, -10.8587303162, 31.1040248871, 2.57222819328, 28.3565769196, 5.25551652908, 29.1908760071, 91.6907958984, 21.6875839233, 4.85849285126, -0.656465470791], [27.4818305969, -0.912836909294, 35.4093208313, 32.3138923645, 25.6071090698, 30.9825267792, -9.2316570282, 2.03922843933, 13.3045186996, 21.6875839233, 101.279663086, 29.2904663086, 15.270072937], [12.2856092453, -7.13389873505, 14.5749473572, 30.41796875, 32.5814208984, -17.9528694153, -2.39182066917, 12.2826461792, -1.55868780613, 4.85849285126, 29.2904663086, 84.1990127563, 32.2928390503], [37.3248214722, -16.0412101746, 2.24505138397, 3.41112923622, 22.7691497803, 6.14161396027, -5.59544610977, 15.9610567093, 12.6674365997, -0.656465470791, 15.270072937, 32.2928390503, 85.3066864014]],
        "icov": [[0.000128284082166, -6.9686480856e-05, -2.97256519843e-05, -3.9495657802e-06, -2.42551159317e-05, -5.96781137574e-06, 7.07828294253e-05, -9.03244217625e-05, 4.6102428314e-05, -4.62453972432e-05, -4.34468938693e-06, 3.27902016579e-05, -5.86832757108e-05], [-6.9686480856e-05, 0.001384403673, 0.000353761628503, -0.000480945716845, 0.000106906227302, 0.000184771823115, -0.000913171621505, 0.00057873968035, -0.000182551986654, -9.35781281441e-05, -0.000126995117171, 0.000140620788443, 8.66081682034e-05], [-2.97256519843e-05, 0.000353761628503, 0.00182195880916, -0.000182642237633, -0.000221263646381, -0.000822929840069, 0.000330064387526, -0.00109849718865, 7.83928044257e-05, 0.000479336478747, -0.000327916204697, -0.000250731070992, 0.000530026271008], [-3.9495657802e-06, -0.000480945716845, -0.000182642237633, 0.00426075235009, -0.00201516435482, 0.000471155392006, 0.000907677225769, 0.000201695336727, -0.00192505889572, 0.00187021121383, -0.000900343060493, -0.00091556069674, 0.00107946631033], [-2.42551159317e-05, 0.000106906227302, -0.000221263646381, -0.00201516435482, 0.00787190254778, -0.000389012828236, -0.000760020571761, -0.00147460936569, 0.000174793822225, -0.00264225923456, -1.56249352585e-05, -0.00153872428928, -0.00119091605302], [-5.96781137574e-06, 0.000184771823115, -0.000822929840069, 0.000471155392006, -0.000389012828236, 0.00617449358106, -0.00158909824677, 0.000764203781728, -0.000868678675033, 0.000913847936317, -0.00245940079913, 0.00242743059061, -0.000890382449143], [7.07828294253e-05, -0.000913171621505, 0.000330064387526, 0.000907677225769, -0.000760020571761, -0.00158909824677, 0.00990881863981, -0.00301455100998, 0.000201525966986, -0.00256051938049, 0.00175834540278, -0.000712412933353, 0.00118887331337], [-9.03244217625e-05, 0.00057873968035, -0.00109849718865, 0.000201695336727, -0.00147460936569, 0.000764203781728, -0.00301455100998, 0.011115597561, -0.00431317649782, 0.00162556557916, 0.000583222601563, -0.000821548979729, -0.000910137023311], [4.6102428314e-05, -0.000182551986654, 7.83928044257e-05, -0.00192505889572, 0.000174793822225, -0.000868678675033, 0.000201525966986, -0.00431317649782, 0.0149006359279, -0.00480817398056, -0.000442048738478, 0.00263537792489, -0.00231161015108], [-4.62453972432e-05, -9.35781281441e-05, 0.000479336478747, 0.00187021121383, -0.00264225923456, 0.000913847936317, -0.00256051938049, 0.00162556557916, -0.00480817398056, 0.015232346952, -0.0034331807401, -0.000248214986641, 0.00162230036221], [-4.34468938693e-06, -0.000126995117171, -0.000327916204697, -0.000900343060493, -1.56249352585e-05, -0.00245940079913, 0.00175834540278, 0.000583222601563, -0.000442048738478, -0.0034331807401, 0.0133302854374, -0.00445634732023, -0.000449879764346], [3.27902016579e-05, 0.000140620788443, -0.000250731070992, -0.00091556069674, -0.00153872428928, 0.00242743059061, -0.000712412933353, -0.000821548979729, 0.00263537792489, -0.000248214986641, -0.00445634732023, 0.0172856301069, -0.00574079621583], [-5.86832757108e-05, 8.66081682034e-05, 0.000530026271008, 0.00107946631033, -0.00119091605302, -0.000890382449143, 0.00118887331337, -0.000910137023311, -0.00231161015108, 0.00162230036221, -0.000449879764346, -0.00574079621583, 0.0149469468743]]
    },
    "spectral_contrast_coeffs": {
        "mean": [-0.728826344013, -0.736028909683, -0.736425638199, -0.769777834415, -0.78262168169, -0.789798498154],
        "stdev": [0.0715589895844, 0.0830158889294, 0.0796111002564, 0.0602663941681, 0.0462398603559, 0.0391691103578]
    },
    "spectral_contrast_valleys": {
        "mean": [-6.72233104706, -6.90726184845, -7.60385274887, -7.78020954132, -7.48690748215, -9.75601577759],
        "stdev": [2.12190771103, 2.06493997574, 2.01189875603, 1.98283648491, 2.00447440147, 1.92322659492]
    }
},
"rhythm": {
    "beats_count": 558,
    "beats_loudness": {
        "mean": 0.0393270812929,
        "stdev": 0.0173758547753
    },
    "bpm": 144.978546143,
    "bpm_histogram_first_peak_bpm": 144,
    "bpm_histogram_first_peak_weight": 0.364791333675,
    "bpm_histogram_second_peak_bpm": 133,
    "bpm_histogram_second_peak_spread": 0.400000035763,
    "bpm_histogram_second_peak_weight": 0.00538599630818,
    "danceability": 1.08124732971,
    "onset_rate": 3.19889807701,
    "beats_loudness_band_ratio": {
        "mean": [0.422324299812, 0.144896179438, 0.161312356591, 0.124414093792, 0.0832233577967, 0.0905816704035],
        "stdev": [0.228831365705, 0.114294998348, 0.13980743289, 0.139689102769, 0.0676287636161, 0.066819742322]
    },
    "beats_position": [0.406349211931, 0.824308395386, 1.24226760864, 1.64861679077, 2.0549659729, 2.47292518616, 2.87927436829, 3.29723358154, 3.7151927948, 4.12154197693, 4.52789115906, 4.94585037231, 5.36380958557, 5.78176879883, 6.19972801208, 6.60607719421, 7.01242637634, 7.4303855896, 7.84834432602, 8.26630401611, 8.68426322937, 9.0906124115, 9.49696159363, 9.91492080688, 10.3328800201, 10.7508392334, 11.1571884155, 11.5751476288, 11.9814968109, 12.3994560242, 12.8174142838, 13.235373497, 13.6417226791, 14.0480718613, 14.4660310745, 14.8839902878, 15.301949501, 15.7199087143, 16.1262588501, 16.5442180634, 16.9505672455, 17.3569164276, 17.7632656097, 18.181224823, 18.5991840363, 19.0171432495, 19.4351024628, 19.853061676, 20.2594108582, 20.6657600403, 21.0837192535, 21.5016784668, 21.9196376801, 22.3259868622, 22.7323360443, 23.1502952576, 23.5682544708, 23.9862117767, 24.40417099, 24.8221302032, 25.2400894165, 25.6464385986, 26.0527877808, 26.470746994, 26.8887062073, 27.2950553894, 27.7014045715, 28.1193637848, 28.537322998, 28.9552822113, 29.3732414246, 29.7912006378, 30.1975498199, 30.6038990021, 31.0218582153, 31.4398174286, 31.8461666107, 32.2525177002, 32.6704750061, 33.0884361267, 33.5063934326, 33.9243545532, 34.3307037354, 34.7370529175, 35.1550102234, 35.572971344, 35.9909286499, 36.4088897705, 36.8268470764, 37.2331962585, 37.6395454407, 38.0575065613, 38.4638557434, 38.8702049255, 39.2881622314, 39.7061233521, 40.1124725342, 40.5188217163, 40.9367790222, 41.3547401428, 41.7726974487, 42.1906585693, 42.6086158752, 43.0265769958, 43.432926178, 43.8392753601, 44.257232666, 44.6635818481, 45.0815429688, 45.4995002747, 45.9058494568, 46.3238105774, 46.7417678833, 47.1481170654, 47.5544662476, 47.9724235535, 48.3903846741, 48.80834198, 49.2263031006, 49.6442604065, 50.0506095886, 50.4685707092, 50.8749198914, 51.2928771973, 51.7108383179, 52.1287956238, 52.5467567444, 52.9531059265, 53.3594551086, 53.7774124146, 54.1953735352, 54.6133308411, 55.0312919617, 55.4376411438, 55.8439903259, 56.2619476318, 56.6799087524, 57.0862579346, 57.4926071167, 57.9105644226, 58.3285255432, 58.7464828491, 59.1644439697, 59.5707931519, 59.9887504578, 60.3950996399, 60.8130607605, 61.2310180664, 61.648979187, 62.0553283691, 62.4616775513, 62.8796348572, 63.2975959778, 63.7039451599, 64.1102905273, 64.5282516479, 64.9462127686, 65.3641738892, 65.7821273804, 66.1884765625, 66.5948257446, 67.0127868652, 67.4307479858, 67.8487091064, 68.2666625977, 68.6730117798, 69.0793609619, 69.4973220825, 69.9152832031, 70.3332443237, 70.7511978149, 71.1691589355, 71.5755081177, 71.9934692383, 72.3998184204, 72.8061676025, 73.2125167847, 73.6304779053, 74.0484313965, 74.4663925171, 74.8843536377, 75.3023147583, 75.7086639404, 76.1150131226, 76.5329666138, 76.9393157959, 77.3572769165, 77.7752380371, 78.1815872192, 78.5995483398, 79.0175018311, 79.4238510132, 79.8302001953, 80.2481613159, 80.6661224365, 81.0840835571, 81.5020370483, 81.9199981689, 82.3379592896, 82.7443084717, 83.1506576538, 83.5686187744, 83.9865722656, 84.4045333862, 84.8108825684, 85.2172317505, 85.6351928711, 86.0531539917, 86.4711074829, 86.877456665, 87.2838058472, 87.7017669678, 88.1197280884, 88.537689209, 88.9556427002, 89.3736038208, 89.7915649414, 90.1979141235, 90.6042633057, 91.0222167969, 91.428565979, 91.8465270996, 92.2528762817, 92.6708374023, 93.0887985229, 93.4951477051, 93.9014968872, 94.3194503784, 94.737411499, 95.1553726196, 95.5733337402, 95.9912872314, 96.3976364136, 96.8039855957, 97.2219467163, 97.6399078369, 98.0578689575, 98.4642181396, 98.8705673218, 99.288520813, 99.7064819336, 100.124443054, 100.530792236, 100.948753357, 101.355102539, 101.77305603, 102.191017151, 102.608978271, 103.015327454, 103.433288574, 103.839637756, 104.257591248, 104.675552368, 105.08190155, 105.488250732, 105.906211853, 106.312561035, 106.718910217, 107.136871338, 107.554824829, 107.97278595, 108.39074707, 108.808708191, 109.226661682, 109.644622803, 110.050971985, 110.457321167, 110.875282288, 111.293243408, 111.711196899, 112.12915802, 112.535507202, 112.941856384, 113.359817505, 113.777778625, 114.195732117, 114.613693237, 115.020042419, 115.426391602, 115.844352722, 116.262313843, 116.680267334, 117.086616516, 117.504577637, 117.910926819, 118.328887939, 118.74684906, 119.164802551, 119.571151733, 119.977500916, 120.395462036, 120.813423157, 121.231384277, 121.649337769, 122.055686951, 122.462036133, 122.868385315, 123.274734497, 123.692695618, 124.110656738, 124.528617859, 124.94657135, 125.364532471, 125.782493591, 126.188842773, 126.606803894, 127.013153076, 127.431106567, 127.849067688, 128.267028809, 128.673370361, 129.091339111, 129.497680664, 129.915649414, 130.333602905, 130.751556396, 131.169525146, 131.575866699, 131.982223511, 132.400177002, 132.806533813, 133.212875366, 133.630844116, 134.048797607, 134.466751099, 134.884719849, 135.30267334, 135.720626831, 136.138595581, 136.544937134, 136.951293945, 137.357635498, 137.76399231, 138.181945801, 138.599899292, 139.017868042, 139.435821533, 139.853790283, 140.260131836, 140.678085327, 141.084442139, 141.50239563, 141.92036438, 142.326705933, 142.733062744, 143.151016235, 143.568969727, 143.986938477, 144.393280029, 144.799636841, 145.217590332, 145.612335205, 146.030288696, 146.436645508, 146.854598999, 147.27255249, 147.702133179, 148.12008667, 148.538040161, 148.956008911, 149.373962402, 149.780319214, 150.186660767, 150.604629517, 151.022583008, 151.428924561, 151.835281372, 152.253234863, 152.671203613, 153.089157104, 153.507110596, 153.925079346, 154.331420898, 154.73777771, 155.155731201, 155.573699951, 155.980041504, 156.386398315, 156.804351807, 157.222305298, 157.640274048, 158.058227539, 158.464584351, 158.882537842, 159.288879395, 159.706848145, 160.124801636, 160.542770386, 160.949111938, 161.35546875, 161.773422241, 162.191375732, 162.597732544, 163.004074097, 163.422042847, 163.839996338, 164.257949829, 164.675918579, 165.09387207, 165.500228882, 165.906570435, 166.324539185, 166.742492676, 167.160446167, 167.566802979, 167.973144531, 168.391113281, 168.809066772, 169.227020264, 169.633377075, 170.039718628, 170.457687378, 170.875640869, 171.293609619, 171.71156311, 172.129516602, 172.535873413, 172.942214966, 173.360183716, 173.778137207, 174.184494019, 174.590835571, 175.008789062, 175.426757812, 175.844711304, 176.251068115, 176.669021606, 177.086975098, 177.493331909, 177.9112854, 178.32925415, 178.747207642, 179.153549194, 179.571517944, 179.977859497, 180.395828247, 180.813781738, 181.22013855, 181.626480103, 182.044433594, 182.462402344, 182.868743896, 183.275100708, 183.693054199, 184.111022949, 184.52897644, 184.946929932, 185.364898682, 185.771240234, 186.177597046, 186.595550537, 187.013504028, 187.431472778, 187.84942627, 188.26739502, 188.673736572, 189.091690063, 189.509658813, 189.916000366, 190.322357178, 190.740310669, 191.158279419, 191.564620972, 191.982574463, 192.400543213, 192.818496704, 193.224853516, 193.642807007, 194.049163818, 194.46711731, 194.873458862, 195.291427612, 195.697769165, 196.115737915, 196.533691406, 196.951644897, 197.369613647, 197.7759552, 198.182312012, 198.600265503, 199.006622314, 199.412963867, 199.830932617, 200.248886108, 200.6668396, 201.08480835, 201.491149902, 201.897506714, 202.315460205, 202.733413696, 203.151382446, 203.569335938, 203.975692749, 204.382034302, 204.800003052, 205.217956543, 205.635910034, 206.053878784, 206.460220337, 206.878189087, 207.28453064, 207.702484131, 208.120452881, 208.538406372, 208.956375122, 209.362716675, 209.769073486, 210.187026978, 210.604980469, 211.022949219, 211.429290771, 211.847259521, 212.253601074, 212.671554565, 213.077911377, 213.48425293, 213.90222168, 214.320175171, 214.726531982, 215.144485474, 215.562438965, 215.968795776, 216.386749268, 216.804718018, 217.222671509, 217.62902832, 218.046981812, 218.464935303, 218.871292114, 219.289245605, 219.707214355, 220.125167847, 220.543121338, 220.961090088, 221.367431641, 221.785385132, 222.191741943, 222.609695435, 223.016052246, 223.422393799, 223.840362549, 224.25831604, 224.676269531, 225.082626343, 225.488967896, 225.906936646, 226.324890137, 226.742858887, 227.160812378, 227.590377808, 228.019943237, 228.449523926, 228.879089355, 229.320266724, 229.761444092, 230.214233398, 230.667022705, 231.119812012],
    "bpm_histogram": [0, 0, 0, 0, 0, 0, 0, 0, 0, 0, 0, 0, 0, 0, 0, 0, 0, 0, 0, 0, 0, 0, 0, 0, 0, 0, 0, 0, 0, 0, 0, 0, 0, 0, 0, 0, 0, 0, 0, 0, 0, 0, 0, 0, 0, 0, 0, 0, 0, 0, 0, 0, 0, 0, 0, 0, 0, 0, 0, 0, 0, 0, 0, 0, 0, 0, 0, 0, 0, 0, 0, 0, 0, 0, 0, 0, 0, 0, 0, 0, 0, 0, 0, 0, 0, 0, 0, 0, 0, 0, 0, 0, 0, 0, 0, 0, 0, 0, 0, 0, 0, 0, 0, 0, 0, 0, 0, 0, 0, 0, 0, 0, 0, 0, 0, 0, 0, 0, 0, 0, 0, 0, 0, 0, 0, 0, 0, 0, 0, 0, 0, 0, 0, 0.00538599630818, 0, 0, 0.00359066436067, 0, 0, 0, 0.00897666066885, 0, 0, 0, 0.628366231918, 0, 0, 0, 0.35188511014, 0, 0, 0, 0.00179533218034, 0, 0, 0, 0, 0, 0, 0, 0, 0, 0, 0, 0, 0, 0, 0, 0, 0, 0, 0, 0, 0, 0, 0, 0, 0, 0, 0, 0, 0, 0, 0, 0, 0, 0, 0, 0, 0, 0, 0, 0, 0, 0, 0, 0, 0, 0, 0, 0, 0, 0, 0, 0, 0, 0, 0, 0, 0, 0, 0, 0, 0, 0, 0, 0, 0, 0, 0, 0, 0, 0, 0, 0, 0, 0, 0, 0, 0, 0, 0, 0, 0, 0, 0, 0, 0, 0, 0, 0, 0, 0, 0, 0, 0, 0, 0, 0, 0]
},
"tonal": {
    "chords_changes_rate": 0.0483062751591,
    "chords_number_rate": 0.00220485078171,
    "chords_strength": {
        "mean": 0.528349816799,
        "stdev": 0.140132322907
    },
    "hpcp_crest": {
        "mean": 14.9572696686,
        "stdev": 7.88433027267
    },
    "hpcp_entropy": {
        "mean": 1.84824192524,
        "stdev": 0.78916066885
    },
    "key_edma": {
        "strength": 0.596924245358,
        "key": "E",
        "scale": "minor"
    },
    "key_krumhansl": {
        "strength": 0.600658118725,
        "key": "E",
        "scale": "minor"
    },
    "key_temperley": {
        "strength": 0.611001968384,
        "key": "A",
        "scale": "major"
    },
    "tuning_diatonic_strength": 0.538230597973,
    "tuning_equal_tempered_deviation": 0.026519022882,
    "tuning_frequency": 440.508575439,
    "tuning_nontempered_energy_ratio": 0.708689808846,
    "hpcp": {
        "mean": [0.173857957125, 0.0967225581408, 0.0492708459496, 0.0485249720514, 0.0732191130519, 0.226998180151, 0.325225353241, 0.197342634201, 0.084725305438, 0.0529899187386, 0.0392251759768, 0.0747354179621, 0.117804288864, 0.106568165123, 0.161430373788, 0.273433327675, 0.207830563188, 0.0908852890134, 0.0666866600513, 0.0689630135894, 0.188348501921, 0.326658993959, 0.226844057441, 0.0719214305282, 0.0417255200446, 0.0406198501587, 0.120064921677, 0.193808838725, 0.140448004007, 0.115042865276, 0.113460145891, 0.0724040791392, 0.0876684263349, 0.0973689258099, 0.0779757425189, 0.140821933746],
        "stdev": [0.267686724663, 0.175695285201, 0.125654533505, 0.13702043891, 0.169251471758, 0.284761399031, 0.362532973289, 0.262936353683, 0.173225626349, 0.134270757437, 0.115840107203, 0.157982230186, 0.228771477938, 0.206177145243, 0.237930104136, 0.338062554598, 0.309253960848, 0.184255927801, 0.161074057221, 0.160144522786, 0.251074552536, 0.378286212683, 0.299186766148, 0.168659448624, 0.124561078846, 0.117937959731, 0.192310929298, 0.266200244427, 0.231404259801, 0.218421235681, 0.244350776076, 0.145644962788, 0.16377709806, 0.178169593215, 0.152867376804, 0.222812503576]
    },
    "chords_histogram": [12.5275602341, 2.82621765137, 17.8592910767, 0, 0.942072570324, 0.220485061407, 1.50330722332, 1.16255760193, 0.541190624237, 0.160352781415, 0, 0, 0, 1.14251351357, 0, 0, 0.180396869779, 0.982160747051, 0.0801763907075, 8.89957904816, 8.75927066803, 27.2800159454, 12.7680902481, 2.16476249695],
    "thpcp": [1, 0.694436907768, 0.220172822475, 0.127734184265, 0.124349400401, 0.367554306984, 0.593306303024, 0.429952979088, 0.352180302143, 0.347335129976, 0.221650347114, 0.268379032612, 0.298075139523, 0.238706856966, 0.431097686291, 0.532230734825, 0.296096414328, 0.150832667947, 0.148549318314, 0.224145412445, 0.694908738136, 0.995611190796, 0.604124307632, 0.259369283915, 0.162217840552, 0.120079889894, 0.228787258267, 0.360633850098, 0.326236724854, 0.494186222553, 0.837060451508, 0.636230945587, 0.278226792812, 0.20414763689, 0.211116224527, 0.57659059763],
    "chords_key": "B",
    "chords_scale": "minor"
}
}