{
"metadata": {
    "version": {
        "essentia": "2.1-dev",
        "essentia_git_sha": "v2.1_beta3-415-gd5473f3",
        "extractor": "music 2.0"
    },
    "audio_properties": {
        "analysis": {
            "equal_loudness": 0,
            "length": 200.698776245,
            "sample_rate": 44100,
            "start_time": 0,
            "downmix": "mix"
        },
        "bit_rate": 192000,
        "length": 200.698776245,
        "lossless": 0,
        "number_channels": 2,
        "replay_gain": -10.6564445496,
        "sample_rate": 44100,
        "codec": "mp3",
        "md5_encoded": "e19f184be756523652e358e9ea3f9bcd"
    },
    "tags": {
        "file_name": "varios-mi_habitacion.mp3",
        "album": ["Para Antonio Flores. Cosas tuyas"],
        "artist": ["Varios"],
        "genre": ["Other"],
        "title": ["Mi habitación"]
    }
},
"lowlevel": {
    "average_loudness": 0.89264857769,
    "barkbands_crest": {
        "mean": 9.45363521576,
        "stdev": 3.7898311615
    },
    "barkbands_flatness_db": {
        "mean": 0.128015473485,
        "stdev": 0.0673082843423
    },
    "barkbands_kurtosis": {
        "mean": 7.35169363022,
        "stdev": 16.5851154327
    },
    "barkbands_skewness": {
        "mean": 1.88212752342,
        "stdev": 1.54161214828
    },
    "barkbands_spread": {
        "mean": 23.7028617859,
        "stdev": 15.5566415787
    },
    "dissonance": {
        "mean": 0.461389482021,
        "stdev": 0.0382687859237
    },
    "dynamic_complexity": 3.30709314346,
    "erbbands_crest": {
        "mean": 8.33566951752,
        "stdev": 3.92831683159
    },
    "erbbands_flatness_db": {
        "mean": 0.136898770928,
        "stdev": 0.0490451864898
    },
    "erbbands_kurtosis": {
        "mean": 0.661988973618,
        "stdev": 3.71530461311
    },
    "erbbands_skewness": {
        "mean": 0.251270711422,
        "stdev": 0.985183954239
    },
    "erbbands_spread": {
        "mean": 44.7264976501,
        "stdev": 19.7950973511
    },
    "hfc": {
        "mean": 20.1778182983,
        "stdev": 20.5372905731
    },
    "loudness_ebu128": {
        "integrated": -13.0053138733,
        "loudness_range": 5.15591812134,
        "momentary": {
            "mean": -16.6857585907,
            "stdev": 26.4449291229
        },
        "short_term": {
            "mean": -13.8256225586,
            "stdev": 3.69817686081
        }
    },
    "melbands_crest": {
        "mean": 13.6898765564,
        "stdev": 4.97394418716
    },
    "melbands_flatness_db": {
        "mean": 0.205836609006,
        "stdev": 0.0842133015394
    },
    "melbands_kurtosis": {
        "mean": 20.0308189392,
        "stdev": 32.1366233826
    },
    "melbands_skewness": {
        "mean": 3.14196515083,
        "stdev": 1.90415894985
    },
    "melbands_spread": {
        "mean": 23.6075267792,
        "stdev": 23.3712043762
    },
    "pitch_salience": {
        "mean": 0.573266804218,
        "stdev": 0.104770675302
    },
    "silence_rate_20dB": {
        "mean": 1,
        "stdev": 0
    },
    "silence_rate_30dB": {
        "mean": 0.994447648525,
        "stdev": 0.0743055418134
    },
    "silence_rate_60dB": {
        "mean": 0.0743782520294,
        "stdev": 0.262370973825
    },
    "spectral_centroid": {
        "mean": 1392.46032715,
        "stdev": 1203.31933594
    },
    "spectral_complexity": {
        "mean": 18.3272418976,
        "stdev": 10.41593647
    },
    "spectral_decrease": {
        "mean": -6.63945476376e-09,
        "stdev": 6.46740128118e-09
    },
    "spectral_energy": {
        "mean": 0.0268890094012,
        "stdev": 0.0254908520728
    },
    "spectral_energyband_high": {
        "mean": 0.000979630742222,
        "stdev": 0.00191966607235
    },
    "spectral_energyband_low": {
        "mean": 0.0102477259934,
        "stdev": 0.0180904641747
    },
    "spectral_energyband_middle_high": {
        "mean": 0.00429000006989,
        "stdev": 0.00466796569526
    },
    "spectral_energyband_middle_low": {
        "mean": 0.0127791389823,
        "stdev": 0.013269117102
    },
    "spectral_entropy": {
        "mean": 7.55116796494,
        "stdev": 0.607912838459
    },
    "spectral_flux": {
        "mean": 0.0884905904531,
        "stdev": 0.0634268224239
    },
    "spectral_kurtosis": {
        "mean": 5.18256044388,
        "stdev": 5.95024013519
    },
    "spectral_rms": {
        "mean": 0.00462231738493,
        "stdev": 0.00220620306209
    },
    "spectral_rolloff": {
        "mean": 1607.62280273,
        "stdev": 2357.40551758
    },
    "spectral_skewness": {
        "mean": 1.63614952564,
        "stdev": 0.663946330547
    },
    "spectral_spread": {
        "mean": 5319885.5,
        "stdev": 3956657
    },
    "spectral_strongpeak": {
        "mean": 0.785987257957,
        "stdev": 1.12041604519
    },
    "zerocrossingrate": {
        "mean": 0.0685844495893,
        "stdev": 0.0595057569444
    },
    "barkbands": {
        "mean": [0.00059153867187, 0.00513865239918, 0.00325991469435, 0.00237586232834, 0.00473043089733, 0.00148088426795, 0.00152426329441, 0.001523202518, 0.000885600922629, 0.000495320826303, 0.000503204239067, 0.000524187576957, 0.000381193036446, 0.000344609055901, 0.000321030296618, 0.000376750569558, 0.000659044017084, 0.000283079833025, 0.000369663903257, 0.00028340096469, 0.000191946441191, 0.000162781332619, 0.000122289085994, 0.000133414185257, 0.000129610998556, 8.89658040251e-05, 8.1853768279e-06],
        "stdev": [0.00215110601857, 0.0111020309851, 0.00572245614603, 0.00357035035267, 0.00770918419585, 0.00237519480288, 0.00308427261189, 0.00373992463574, 0.00204113381915, 0.0010798786534, 0.0014920354588, 0.00132284709252, 0.00108714960515, 0.000881857704371, 0.000485735392431, 0.000674292619806, 0.000931984046474, 0.000406330422265, 0.000547474599443, 0.000621994608082, 0.000453715241747, 0.000311049603624, 0.000235870582401, 0.00035548734013, 0.000401987781515, 0.000168877348187, 1.60369072546e-05]
    },
    "erbbands": {
        "mean": [0.167912706733, 1.08296644688, 3.38642311096, 6.72774362564, 11.8250665665, 16.7244510651, 12.0724391937, 12.4789171219, 23.2699584961, 27.0033187866, 27.0573673248, 22.8831424713, 16.9738807678, 12.6118831635, 24.7875461578, 22.0463523865, 19.6644668579, 18.2049655914, 14.7844295502, 17.6871433258, 27.9816665649, 31.4681720734, 18.4360237122, 17.9523067474, 16.2373943329, 13.8777866364, 9.39726066589, 6.97035169601, 5.83253240585, 4.61389350891, 3.38751316071, 2.88061571121, 2.07855844498, 1.5402097702, 0.860069036484, 0.397394388914, 0.157520055771, 0.0346783734858, 0.000803901290055, 5.42640882486e-05],
        "stdev": [0.526059508324, 1.84759402275, 5.40998411179, 10.5984277725, 16.6774711609, 32.5379333496, 18.942697525, 20.2786903381, 44.2742080688, 59.9406509399, 64.0770263672, 50.3610572815, 37.1200637817, 29.8193225861, 69.6730194092, 48.4810829163, 48.4065093994, 48.0654525757, 22.3898162842, 26.1682453156, 42.0983161926, 41.6725082397, 25.6352920532, 29.0578022003, 23.0635814667, 29.6758098602, 23.9506702423, 14.4315757751, 11.4471588135, 8.71214962006, 6.75838661194, 6.91842508316, 6.16851615906, 5.29568815231, 2.5717124939, 0.864109039307, 0.285146266222, 0.0650365650654, 0.00147880974691, 5.98708393227e-05]
    },
    "gfcc": {
        "mean": [-14.5631465912, 84.4327697754, -97.8391189575, 36.0680809021, -48.2097930908, 6.2813782692, -42.8155670166, 10.3536615372, -27.9028244019, 2.31005644798, -21.2656002045, 3.53392148018, -16.5966281891],
        "cov": [[24714.734375, -1028.49865723, -1940.1706543, 383.834991455, -762.232971191, 610.59185791, -377.151000977, 551.903076172, -398.057250977, 455.652496338, -468.227478027, 407.353546143, -424.524047852], [-1028.49865723, 1464.35498047, -235.502441406, -123.611679077, 93.48462677, -248.57901001, 34.5299530029, -138.311340332, 76.246307373, -142.200790405, 87.7275543213, -99.7818527222, 54.3551864624], [-1940.1706543, -235.502441406, 926.362426758, 80.7879562378, 34.289730072, 72.9249191284, -28.7911701202, -18.6202373505, 2.33026647568, 20.5005702972, 12.6918916702, -6.00928211212, 8.10158824921], [383.834991455, -123.611679077, 80.7879562378, 435.294342041, 109.538093567, 26.7246303558, 12.3365573883, 12.2960186005, 18.4152164459, 10.4103794098, 1.04572308064, -2.67152476311, 47.3042030334], [-762.232971191, 93.48462677, 34.289730072, 109.538093567, 385.848205566, 5.61261940002, 71.7701644897, 18.1773319244, 64.1307067871, -1.17724311352, 13.0773849487, 17.0520954132, 30.7886581421], [610.59185791, -248.57901001, 72.9249191284, 26.7246303558, 5.61261940002, 212.161239624, 56.1629066467, 52.998210907, -20.6916637421, 42.22838974, -11.8953733444, 17.0019779205, -22.7128772736], [-377.151000977, 34.5299530029, -28.7911701202, 12.3365573883, 71.7701644897, 56.1629066467, 204.605056763, 32.1767921448, 37.6485595703, 4.36832475662, 14.9343347549, -5.27299547195, 1.74586951733], [551.903076172, -138.311340332, -18.6202373505, 12.2960186005, 18.1773319244, 52.998210907, 32.1767921448, 117.903518677, 20.6348896027, 28.6907024384, -10.257648468, 20.1150016785, -13.0774068832], [-398.057250977, 76.246307373, 2.33026647568, 18.4152164459, 64.1307067871, -20.6916637421, 37.6485595703, 20.6348896027, 99.4575958252, 16.4759216309, 13.9030742645, -6.22050476074, 5.13081741333], [455.652496338, -142.200790405, 20.5005702972, 10.4103794098, -1.17724311352, 42.22838974, 4.36832475662, 28.6907024384, 16.4759216309, 86.1953964233, 7.73789644241, 14.8827791214, -22.7410259247], [-468.227478027, 87.7275543213, 12.6918916702, 1.04572308064, 13.0773849487, -11.8953733444, 14.9343347549, -10.257648468, 13.9030742645, 7.73789644241, 85.3856430054, 4.58135318756, 11.3708963394], [407.353546143, -99.7818527222, -6.00928211212, -2.67152476311, 17.0520954132, 17.0019779205, -5.27299547195, 20.1150016785, -6.22050476074, 14.8827791214, 4.58135318756, 90.4358673096, 11.0701131821], [-424.524047852, 54.3551864624, 8.10158824921, 47.3042030334, 30.7886581421, -22.7128772736, 1.74586951733, -13.0774068832, 5.13081741333, -22.7410259247, 11.3708963394, 11.0701131821, 78.7515792847]],
        "icov": [[0.000157256479724, -0.000235546191107, 0.000315527140629, -0.000386667234125, 0.000284773850581, -0.00036689962144, 0.000314723380143, -0.000523436930962, 0.000543183996342, -0.000783570634667, 0.000788911245763, -0.000759422022384, 0.00063022604445], [-0.000235546191107, 0.00165879004635, -0.000214122934267, 0.000944770930801, -0.000728682207409, 0.00126103556249, -0.000661641126499, 0.00160017749295, -0.001660212758, 0.00265688309446, -0.00231533544138, 0.00211348431185, -0.001118557062], [0.000315527140629, -0.000214122934267, 0.00185707735363, -0.000853684847243, 0.000416986382334, -0.00121635408141, 0.000974540540483, -0.000492351886351, 0.00069239718141, -0.00138749543112, 0.00114990992006, -0.00116042466834, 0.00110454414971], [-0.000386667234125, 0.000944770930801, -0.000853684847243, 0.0037926947698, -0.00147332879715, 0.000732492015231, -0.000612834992353, 0.00128221558407, -0.00152505154256, 0.00165370397735, -0.00201568007469, 0.0028046425432, -0.0034393731039], [0.000284773850581, -0.000728682207409, 0.000416986382334, -0.00147332879715, 0.00391777744517, -0.000868395145517, -0.000218487155507, -0.00106152275112, -0.000677524949424, -0.00118849857245, 0.0017100465484, -0.00248154089786, 0.00072944292333], [-0.00036689962144, 0.00126103556249, -0.00121635408141, 0.000732492015231, -0.000868395145517, 0.00846114940941, -0.00312742358074, -0.000614158809185, 0.001484356937, -0.000178907488589, -0.00159452261869, 0.00179622147698, -0.000586560810916], [0.000314723380143, -0.000661641126499, 0.000974540540483, -0.000612834992353, -0.000218487155507, -0.00312742358074, 0.00712870620191, -0.00193310459144, -0.00103491544724, -0.000533115875442, 0.000501870759763, -0.000766589539126, 0.00107426207978], [-0.000523436930962, 0.00160017749295, -0.000492351886351, 0.00128221558407, -0.00106152275112, -0.000614158809185, -0.00193310459144, 0.0135663542897, -0.00504500186071, 0.00190603209194, -0.00166159530636, 0.00087397597963, -0.00111597403884], [0.000543183996342, -0.001660212758, 0.00069239718141, -0.00152505154256, -0.000677524949424, 0.001484356937, -0.00103491544724, -0.00504500186071, 0.0166990924627, -0.00739788776264, 0.0023172609508, -0.00129215163179, 0.00141981197521], [-0.000783570634667, 0.00265688309446, -0.00138749543112, 0.00165370397735, -0.00118849857245, -0.000178907488589, -0.000533115875442, 0.00190603209194, -0.00739788776264, 0.0217510685325, -0.00743204727769, 0.00234443345107, 0.00133957958315], [0.000788911245763, -0.00231533544138, 0.00114990992006, -0.00201568007469, 0.0017100465484, -0.00159452261869, 0.000501870759763, -0.00166159530636, 0.0023172609508, -0.00743204727769, 0.0178980436176, -0.00541156623513, 0.00140711537097], [-0.000759422022384, 0.00211348431185, -0.00116042466834, 0.0028046425432, -0.00248154089786, 0.00179622147698, -0.000766589539126, 0.00087397597963, -0.00129215163179, 0.00234443345107, -0.00541156623513, 0.01728432253, -0.00635458854958], [0.00063022604445, -0.001118557062, 0.00110454414971, -0.0034393731039, 0.00072944292333, -0.000586560810916, 0.00107426207978, -0.00111597403884, 0.00141981197521, 0.00133957958315, 0.00140711537097, -0.00635458854958, 0.0191407911479]]
    },
    "melbands": {
        "mean": [0.00147185788956, 0.00169155013282, 0.00127248326316, 0.00111083837692, 0.000485921162181, 0.00028895327705, 0.000343265273841, 0.000314587523462, 0.000218364642933, 0.000129228996229, 8.04375013104e-05, 4.70500490337e-05, 7.73311039666e-05, 6.30007853033e-05, 5.24481765751e-05, 3.28904134221e-05, 3.57295430149e-05, 2.24842897296e-05, 2.44335788011e-05, 2.52502723015e-05, 3.61518286809e-05, 3.75960298697e-05, 2.16045045818e-05, 1.26127588373e-05, 1.49094121298e-05, 1.27620514832e-05, 1.01316954897e-05, 9.01340172277e-06, 6.19630964138e-06, 4.51274399893e-06, 3.90316654375e-06, 3.5103830669e-06, 2.69917495643e-06, 2.49092818194e-06, 1.90324476534e-06, 1.90052628568e-06, 1.69498412106e-06, 1.47362834468e-06, 1.33128241941e-06, 1.30637590701e-06],
        "stdev": [0.00381474406458, 0.00254640355706, 0.00176790112164, 0.0019590666052, 0.000740787712857, 0.000468297395855, 0.000667372776661, 0.000743615324609, 0.000534317572601, 0.000282790191704, 0.000184665361303, 0.000118290023238, 0.000226233561989, 0.000154692184879, 0.000135092195706, 9.77301169769e-05, 9.6917123301e-05, 3.83224105462e-05, 3.9941551222e-05, 4.72528881801e-05, 5.73694997001e-05, 5.49458891328e-05, 3.38756508427e-05, 1.83418087545e-05, 2.66991901299e-05, 1.8513550458e-05, 1.85229273484e-05, 2.14826814044e-05, 1.6795749616e-05, 1.12901125249e-05, 7.8005305113e-06, 6.98499798091e-06, 5.58270903639e-06, 4.69898486699e-06, 3.98275233238e-06, 3.83859151043e-06, 4.59187504021e-06, 4.39962059318e-06, 4.52453969046e-06, 4.69104725198e-06]
    },
    "melbands128": {
        "mean": [0.000509770179633, 0.00140741863288, 0.00179080944508, 0.00176649843343, 0.00168659212068, 0.00161424954422, 0.00140584784094, 0.0011003788095, 0.00114303233568, 0.00137012638152, 0.000997000257485, 0.000605402514338, 0.000388388027204, 0.000308813032461, 0.000248713680776, 0.000296452926705, 0.000374429509975, 0.000402476813179, 0.000237306463532, 0.000273932091659, 0.000465898367111, 0.00022211689793, 0.000193612257135, 0.00017715508875, 0.000191023151274, 7.67442761571e-05, 6.5344000177e-05, 0.000116726492706, 5.1329829148e-05, 4.56767338619e-05, 4.2683659558e-05, 5.07644908794e-05, 8.11334612081e-05, 0.000105472332507, 6.43193925498e-05, 4.63292926725e-05, 7.43843702367e-05, 3.73588372895e-05, 5.96141399001e-05, 4.71815728815e-05, 2.08829933399e-05, 2.0825129468e-05, 3.4698536183e-05, 5.28532182216e-05, 1.78359368874e-05, 1.38711739055e-05, 2.84492616629e-05, 2.78249572148e-05, 1.96626006073e-05, 2.48264041147e-05, 2.22422386287e-05, 3.24783868564e-05, 2.66182687483e-05, 3.30603106704e-05, 6.91917302902e-05, 3.08877533826e-05, 1.99917431019e-05, 2.88804731099e-05, 1.91566614376e-05, 1.55488414748e-05, 1.14319018394e-05, 9.36896412895e-06, 1.78877562576e-05, 1.37664283102e-05, 1.53620276251e-05, 1.20799486467e-05, 1.29105146698e-05, 1.03518959804e-05, 8.75169462233e-06, 1.09944066935e-05, 9.17289435165e-06, 8.42661938805e-06, 6.73087515679e-06, 5.91498837821e-06, 5.39942993782e-06, 4.69639144285e-06, 3.9663896132e-06, 4.06291201216e-06, 3.69137273992e-06, 4.04906359108e-06, 3.89944489143e-06, 3.19841637975e-06, 2.76344076156e-06, 2.59115608969e-06, 2.74607464235e-06, 2.58820432464e-06, 2.52771792475e-06, 2.04672574e-06, 1.73509988599e-06, 1.98634461412e-06, 1.69860322785e-06, 2.1054077024e-06, 1.84451516816e-06, 1.66187351169e-06, 1.60547881478e-06, 1.54232191107e-06, 1.44548732806e-06, 1.34892786718e-06, 1.3856355281e-06, 1.27487658119e-06, 1.27012037865e-06, 1.37735094086e-06, 1.27376347336e-06, 1.16861303923e-06, 8.96023323094e-07, 8.41119287998e-07, 8.0475035702e-07, 7.93188235093e-07, 6.99126189829e-07, 5.71222983581e-07, 5.51486778022e-07, 5.09025369411e-07, 5.08541404542e-07, 4.94013136176e-07, 4.12667304772e-07, 3.99787239758e-07, 3.074497954e-07, 4.44159837798e-08, 4.76402944871e-12, 3.76416953163e-12, 3.62135148257e-12, 3.51775162818e-12, 3.42473944169e-12, 3.35360450347e-12, 3.29648439622e-12, 3.25567329172e-12, 3.22626474147e-12, 3.20204908595e-12],
        "stdev": [0.00188377930317, 0.00504765100777, 0.00451730610803, 0.00266702100635, 0.00255284667946, 0.00291892699897, 0.00243232073262, 0.00159704382531, 0.00177080265712, 0.00295884883963, 0.00255106668919, 0.00112326582894, 0.000734867586289, 0.000727425387595, 0.000533880607691, 0.000646385829896, 0.000831996556371, 0.00108546996489, 0.000689738721121, 0.000761173549108, 0.00146096653771, 0.000636580516584, 0.000781614042353, 0.000661380065139, 0.000528392498381, 0.000221789552597, 0.000191045110114, 0.000317259720759, 0.000155669869855, 0.00014951430785, 0.000162903903401, 0.000215564243263, 0.000341562903486, 0.000407636107411, 0.000297419872368, 0.000132746281452, 0.000228975550272, 0.00018634738808, 0.000197985849809, 0.000157257294632, 0.000121284872876, 0.000134389978484, 0.000142267395859, 0.000149598781718, 6.05597488175e-05, 3.45787411788e-05, 5.44603863091e-05, 7.49129758333e-05, 4.07984298363e-05, 5.63050016353e-05, 6.39323916403e-05, 8.44163587317e-05, 7.09140513209e-05, 8.99082733667e-05, 0.000136879389174, 6.88359941705e-05, 3.54803923983e-05, 6.76831332385e-05, 3.88141743315e-05, 3.75370545953e-05, 2.08882538573e-05, 2.07902285183e-05, 4.60721130366e-05, 2.94800011034e-05, 4.18710551457e-05, 1.89241272892e-05, 2.56431630987e-05, 2.08805995499e-05, 2.14878982661e-05, 2.59628050117e-05, 2.40959016082e-05, 2.48478481808e-05, 2.29129509535e-05, 1.67311773112e-05, 1.6297419279e-05, 1.33737758006e-05, 1.03334441519e-05, 9.24767937249e-06, 8.22589663585e-06, 8.47628507472e-06, 8.58033308759e-06, 7.28007626094e-06, 6.27910640105e-06, 5.90852778259e-06, 6.24997437626e-06, 5.27531756234e-06, 5.0974149417e-06, 4.68736607218e-06, 4.0777281356e-06, 4.53747088613e-06, 3.7805618831e-06, 4.26537781095e-06, 4.77848971059e-06, 4.77286903333e-06, 5.34675291419e-06, 5.03516548633e-06, 4.39407403974e-06, 4.5352712732e-06, 4.87935994897e-06, 4.84752263219e-06, 5.12216638526e-06, 5.1237821026e-06, 4.95242147736e-06, 4.20688320446e-06, 3.23032531924e-06, 2.27669306696e-06, 1.9101835278e-06, 1.98307884602e-06, 1.67413202234e-06, 1.26466272832e-06, 1.07755909085e-06, 9.46069860674e-07, 9.50208800532e-07, 9.80796812655e-07, 8.41848986965e-07, 8.06945763543e-07, 6.0280984826e-07, 9.95022659822e-08, 1.15912323143e-11, 6.65317150331e-12, 6.42488536332e-12, 6.248022065e-12, 6.10155979561e-12, 5.98236651189e-12, 5.88364209783e-12, 5.80794396951e-12, 5.75299486869e-12, 5.71862696086e-12]
    },
    "mfcc": {
        "mean": [-656.729614258, 117.373458862, 7.11532783508, 32.1226768494, 12.3745527267, 1.8429287672, -2.75142097473, 3.05688405037, -1.83219230175, -3.01110696793, -3.21148896217, 0.26133158803, 0.227258592844],
        "cov": [[12080.8642578, -722.16809082, -865.234375, -31.1621322632, -169.819824219, 179.199188232, 170.882995605, 280.660614014, 201.397766113, 208.945343018, 139.820587158, 118.205780029, 134.189529419], [-722.16809082, 1313.29309082, -143.679138184, 36.2626991272, -0.759142696857, -50.9682312012, -65.6494445801, 5.69937086105, -39.7915420532, -71.3980941772, 13.3354511261, -6.86738348007, -1.02335393429], [-865.234375, -143.679138184, 763.454345703, 7.04194450378, 31.6049938202, 15.3586740494, 1.03346848488, -62.294467926, -47.2029533386, -0.987727105618, -39.0385284424, -10.1314249039, -3.59051799774], [-31.1621322632, 36.2626991272, 7.04194450378, 385.694274902, 143.285552979, 47.9000892639, 17.6405258179, 15.2870235443, 48.2276687622, 17.2165737152, -22.0802249908, 7.39283895493, 7.89212179184], [-169.819824219, -0.759142696857, 31.6049938202, 143.285552979, 275.082519531, 47.7282104492, 21.2672958374, 8.22291946411, 36.6428604126, 5.52812862396, -15.3364114761, 14.4711427689, 11.0961332321], [179.199188232, -50.9682312012, 15.3586740494, 47.9000892639, 47.7282104492, 148.551254272, 68.2007522583, 28.9480171204, 32.9351768494, 29.7303066254, 16.2743434906, 11.002497673, -0.647072315216], [170.882995605, -65.6494445801, 1.03346848488, 17.6405258179, 21.2672958374, 68.2007522583, 147.904067993, 52.7421951294, 32.3264541626, 34.0585365295, 12.5741825104, 18.5089569092, 19.9440498352], [280.660614014, 5.69937086105, -62.294467926, 15.2870235443, 8.22291946411, 28.9480171204, 52.7421951294, 113.380134583, 47.5203514099, 20.8095912933, 14.3261117935, 19.1726589203, 18.5416145325], [201.397766113, -39.7915420532, -47.2029533386, 48.2276687622, 36.6428604126, 32.9351768494, 32.3264541626, 47.5203514099, 102.968765259, 42.0277824402, 6.15535593033, 7.63789653778, 5.9326467514], [208.945343018, -71.3980941772, -0.987727105618, 17.2165737152, 5.52812862396, 29.7303066254, 34.0585365295, 20.8095912933, 42.0277824402, 106.661956787, 41.517036438, 7.95023393631, 5.27576971054], [139.820587158, 13.3354511261, -39.0385284424, -22.0802249908, -15.3364114761, 16.2743434906, 12.5741825104, 14.3261117935, 6.15535593033, 41.517036438, 92.6689758301, 23.5216999054, -3.84389328957], [118.205780029, -6.86738348007, -10.1314249039, 7.39283895493, 14.4711427689, 11.002497673, 18.5089569092, 19.1726589203, 7.63789653778, 7.95023393631, 23.5216999054, 69.742477417, 27.9214992523], [134.189529419, -1.02335393429, -3.59051799774, 7.89212179184, 11.0961332321, -0.647072315216, 19.9440498352, 18.5416145325, 5.9326467514, 5.27576971054, -3.84389328957, 27.9214992523, 74.5525436401]],
        "icov": [[0.000104349579487, 6.28237539786e-05, 0.000113659640192, -4.97584142067e-06, 8.52489974932e-05, -0.000108126063424, 4.84280280943e-05, -0.000138353090733, -1.97185690922e-05, -9.63970742305e-05, -2.07733210118e-05, -5.00525711686e-05, -0.000147066471982], [6.28237539786e-05, 0.000885212153662, 0.000199434362003, -0.000177286026883, 1.37443721542e-05, 6.54992691125e-05, 0.000305380555801, -0.00036372433533, 0.000243805974605, 0.000547961040866, -0.000497362809256, 0.000202898663701, -0.000225078299991], [0.000113659640192, 0.000199434362003, 0.00160799501464, 5.77537775825e-06, -9.48902379605e-05, -0.000375373696443, -9.38953598961e-05, 0.000483821058879, 0.000769336242229, -0.000594972982071, 0.000722693395801, -0.000179775655852, -0.000123882200569], [-4.97584142067e-06, -0.000177286026883, 5.77537775825e-06, 0.00342554505914, -0.00151090067811, -0.00058935850393, 0.000232914433582, 8.53949750308e-05, -0.000865838024765, -0.00055367720779, 0.00103219761513, -0.000255216291407, 3.7273606722e-05], [8.52489974932e-05, 1.37443721542e-05, -9.48902379605e-05, -0.00151090067811, 0.00490290019661, -0.00107497954741, 1.9098748453e-05, 0.000439012510469, -0.0012133725686, 0.000408108899137, 0.000503241899423, -0.000882649270352, -0.000427040533395], [-0.000108126063424, 6.54992691125e-05, -0.000375373696443, -0.00058935850393, -0.00107497954741, 0.00967943668365, -0.00387570844032, -6.0016358475e-05, -0.00104189373087, -0.000235766769038, -0.00120145943947, -0.000170449842699, 0.00163706589956], [4.84280280943e-05, 0.000305380555801, -9.38953598961e-05, 0.000232914433582, 1.9098748453e-05, -0.00387570844032, 0.0104655558243, -0.00359031255357, 0.000270956865279, -0.00167630671058, 0.000535233877599, -0.00061107223155, -0.00170189701021], [-0.000138353090733, -0.00036372433533, 0.000483821058879, 8.53949750308e-05, 0.000439012510469, -6.0016358475e-05, -0.00359031255357, 0.0136433113366, -0.00519823841751, 0.00107412796933, -0.000928635010496, -0.00126884167548, -0.00147528760135], [-1.97185690922e-05, 0.000243805974605, 0.000769336242229, -0.000865838024765, -0.0012133725686, -0.00104189373087, 0.000270956865279, -0.00519823841751, 0.0157652888447, -0.00554147362709, 0.00239316932857, -0.0002308300609, 0.000906881410629], [-9.63970742305e-05, 0.000547961040866, -0.000594972982071, -0.00055367720779, 0.000408108899137, -0.000235766769038, -0.00167630671058, 0.00107412796933, -0.00554147362709, 0.0153036620468, -0.00725688645616, 0.00220743915997, -0.00151339906733], [-2.07733210118e-05, -0.000497362809256, 0.000722693395801, 0.00103219761513, 0.000503241899423, -0.00120145943947, 0.000535233877599, -0.000928635010496, 0.00239316932857, -0.00725688645616, 0.0166352875531, -0.00625993590802, 0.00348382862285], [-5.00525711686e-05, 0.000202898663701, -0.000179775655852, -0.000255216291407, -0.000882649270352, -0.000170449842699, -0.00061107223155, -0.00126884167548, -0.0002308300609, 0.00220743915997, -0.00625993590802, 0.0199353210628, -0.00720663415268], [-0.000147066471982, -0.000225078299991, -0.000123882200569, 3.7273606722e-05, -0.000427040533395, 0.00163706589956, -0.00170189701021, -0.00147528760135, 0.000906881410629, -0.00151339906733, 0.00348382862285, -0.00720663415268, 0.0174786243588]]
    },
    "spectral_contrast_coeffs": {
        "mean": [-0.705822169781, -0.740657091141, -0.769930183887, -0.789706587791, -0.783202946186, -0.779352545738],
        "stdev": [0.0768292024732, 0.0806926637888, 0.0711994096637, 0.0577780306339, 0.0503849498928, 0.0446865744889]
    },
    "spectral_contrast_valleys": {
        "mean": [-6.71915960312, -7.13734006882, -7.99161720276, -8.07061100006, -7.85592937469, -10.4003915787],
        "stdev": [2.32802009583, 2.29955625534, 2.24245285988, 2.25040578842, 2.31366300583, 2.17789101601]
    }
},
"rhythm": {
    "beats_count": 478,
    "beats_loudness": {
        "mean": 0.0557502396405,
        "stdev": 0.0276636537164
    },
    "bpm": 143.918777466,
    "bpm_histogram_first_peak_bpm": 144,
    "bpm_histogram_first_peak_weight": 0.170731723309,
    "bpm_histogram_second_peak_bpm": 133,
    "bpm_histogram_second_peak_spread": 0.578947365284,
    "bpm_histogram_second_peak_weight": 0.0167714878917,
    "danceability": 1.2765225172,
    "onset_rate": 3.87119364738,
    "beats_loudness_band_ratio": {
        "mean": [0.553549051285, 0.246930807829, 0.0962752401829, 0.0446858517826, 0.052878446877, 0.0499730557203],
        "stdev": [0.27999162674, 0.211231082678, 0.0958434566855, 0.050303503871, 0.0440753735602, 0.0456535480917]
    },
    "beats_position": [0.383129239082, 0.789478421211, 1.20743763447, 1.62539684772, 2.04335594177, 2.46131515503, 2.87927436829, 3.29723358154, 3.70358276367, 4.1099319458, 4.52789115906, 4.94585037231, 5.36380958557, 5.78176879883, 6.19972801208, 6.6176867485, 7.03564596176, 7.45360517502, 7.87156438828, 8.28952407837, 8.6958732605, 9.10222244263, 9.52018165588, 9.93814086914, 10.3560991287, 10.774058342, 11.1920175552, 11.6099767685, 12.0395460129, 12.4691152573, 12.9219045639, 13.3630838394, 13.8158731461, 14.2570514679, 14.7098407745, 15.1394100189, 15.5573692322, 15.9753284454, 16.3932876587, 16.8112468719, 17.2292060852, 17.6471652985, 18.0651245117, 18.483083725, 18.8894329071, 19.2957820892, 19.7137413025, 20.1317005157, 20.549659729, 20.9676189423, 21.3855781555, 21.8035373688, 22.2098865509, 22.616235733, 23.0341949463, 23.4521541595, 23.8701133728, 24.2880725861, 24.7060317993, 25.1239910126, 25.5419502258, 25.9599094391, 26.3778686523, 26.7958278656, 27.22539711, 27.6433563232, 28.0729255676, 28.4908847809, 28.9088420868, 29.3268013, 29.7447605133, 30.1511096954, 30.5574588776, 30.9638080597, 31.3701572418, 31.7881164551, 32.2060775757, 32.6356468201, 33.0652160645, 33.4831733704, 33.901134491, 34.3190917969, 34.7370529175, 35.1550102234, 35.572971344, 35.9909286499, 36.4088897705, 36.8268470764, 37.2331962585, 37.6511573792, 38.0575065613, 38.4754638672, 38.8934249878, 39.3113822937, 39.7293434143, 40.1473007202, 40.5652618408, 40.9832191467, 41.4011802673, 41.8191375732, 42.2370948792, 42.6550559998, 43.0730133057, 43.4909744263, 43.8973236084, 44.3036727905, 44.7216300964, 45.139591217, 45.5575485229, 45.9755096436, 46.3934669495, 46.8114280701, 47.229385376, 47.6473464966, 48.0653038025, 48.4832649231, 48.901222229, 49.3191833496, 49.7371406555, 50.1551017761, 50.573059082, 50.9794082642, 51.3973693848, 51.8153266907, 52.2216758728, 52.6396369934, 53.0575942993, 53.4755554199, 53.8935127258, 54.3114738464, 54.7294311523, 55.1473922729, 55.5653495789, 55.9833106995, 56.4012680054, 56.819229126, 57.2371864319, 57.6551475525, 58.0731048584, 58.491065979, 58.9090232849, 59.3269844055, 59.7449417114, 60.162902832, 60.5808601379, 60.9988212585, 61.4167785645, 61.8231277466, 62.2294769287, 62.6474380493, 63.0653953552, 63.4833564758, 63.9013137817, 64.3192749023, 64.7372360229, 65.1551895142, 65.5731506348, 65.9911117554, 66.409072876, 66.8154220581, 67.2217712402, 67.6397247314, 68.0344696045, 68.4756469727, 68.8936004639, 69.3115615845, 69.7295227051, 70.1474838257, 70.5654373169, 70.9833984375, 71.3897476196, 71.7960968018, 72.2140579224, 72.632019043, 73.0499725342, 73.4679336548, 73.8858947754, 74.303855896, 74.7218093872, 75.1397705078, 75.5577316284, 75.975692749, 76.3936462402, 76.8116073608, 77.2295684814, 77.6475296021, 78.0654830933, 78.4834442139, 78.9014053345, 79.3193664551, 79.7373199463, 80.1552810669, 80.5732421875, 80.9912033081, 81.4091567993, 81.8039016724, 82.2218551636, 82.6398162842, 83.0577774048, 83.4757385254, 83.8936920166, 84.3116531372, 84.7296142578, 85.1475753784, 85.5655288696, 85.9834899902, 86.4014511108, 86.8194122314, 87.2373657227, 87.6553268433, 88.0732879639, 88.4912490845, 88.9092025757, 89.3271636963, 89.7335128784, 90.1398620605, 90.5578231812, 90.9757843018, 91.393737793, 91.8116989136, 92.2296600342, 92.6476211548, 93.065574646, 93.460319519, 93.8782730103, 94.2846221924, 94.702583313, 95.1205444336, 95.5384979248, 95.9564590454, 96.3860321045, 96.8039855957, 97.2219467163, 97.6399078369, 98.0578689575, 98.4758224487, 98.8937835693, 99.3117446899, 99.7297058105, 100.147659302, 100.565620422, 100.971969604, 101.389930725, 101.807891846, 102.214241028, 102.632194519, 103.05015564, 103.46811676, 103.886077881, 104.304031372, 104.721992493, 105.139953613, 105.557914734, 105.975868225, 106.393829346, 106.811790466, 107.229751587, 107.647705078, 108.065666199, 108.483627319, 108.90158844, 109.307937622, 109.714286804, 110.132240295, 110.550201416, 110.968162537, 111.386123657, 111.804077148, 112.222038269, 112.63999939, 113.05796051, 113.475914001, 113.893875122, 114.311836243, 114.729797363, 115.147750854, 115.565711975, 115.983673096, 116.390022278, 116.79637146, 117.214332581, 117.632286072, 118.050247192, 118.468208313, 118.886169434, 119.304122925, 119.722084045, 120.140045166, 120.557998657, 120.975959778, 121.393920898, 121.811882019, 122.22983551, 122.636184692, 123.042533875, 123.460494995, 123.890068054, 124.319633484, 124.737594604, 125.155555725, 125.573509216, 125.991470337, 126.397819519, 126.804168701, 127.222129822, 127.640090942, 128.058044434, 128.476013184, 128.893966675, 129.311920166, 129.729888916, 130.147842407, 130.565795898, 130.983764648, 131.40171814, 131.81968689, 132.237640381, 132.655593872, 133.073562622, 133.491516113, 133.909469604, 134.327438354, 134.745391846, 135.163360596, 135.581314087, 135.98765564, 136.394012451, 136.811965942, 137.229934692, 137.647888184, 138.065841675, 138.483810425, 138.901763916, 139.308120728, 139.726074219, 140.13243103, 140.550384521, 140.968338013, 141.386306763, 141.804260254, 142.222213745, 142.640182495, 143.058135986, 143.476104736, 143.894058228, 144.312011719, 144.729980469, 145.14793396, 145.565887451, 145.983856201, 146.401809692, 146.819763184, 147.237731934, 147.655685425, 148.062042236, 148.468383789, 148.886352539, 149.30430603, 149.699050903, 150.128616333, 150.558181763, 150.976135254, 151.394104004, 151.812057495, 152.230026245, 152.647979736, 153.065933228, 153.483901978, 153.901855469, 154.31980896, 154.73777771, 155.155731201, 155.562088013, 155.968429565, 156.386398315, 156.804351807, 157.222305298, 157.640274048, 158.058227539, 158.47618103, 158.89414978, 159.312103271, 159.730072021, 160.148025513, 160.565979004, 160.983947754, 161.401901245, 161.819854736, 162.237823486, 162.644165039, 163.062133789, 163.468475342, 163.886444092, 164.304397583, 164.722351074, 165.140319824, 165.558273315, 165.976226807, 166.394195557, 166.812149048, 167.230117798, 167.648071289, 168.06602478, 168.472381592, 168.878723145, 169.296691895, 169.714645386, 170.132598877, 170.550567627, 170.968521118, 171.386474609, 171.804443359, 172.222396851, 172.640365601, 173.058319092, 173.476272583, 173.894241333, 174.312194824, 174.730148315, 175.148117065, 175.566070557, 175.984039307, 176.401992798, 176.819946289, 177.237915039, 177.644256592, 178.050613403, 178.468566895, 178.886520386, 179.304489136, 179.722442627, 180.128799438, 180.558364868, 180.976318359, 181.394287109, 181.812240601, 182.230194092, 182.648162842, 183.066116333, 183.484085083, 183.902038574, 184.319992065, 184.737960815, 185.155914307, 185.585479736, 186.003448486, 186.421401978, 186.839355469, 187.24571228, 187.652053833, 188.058410645, 188.476364136, 188.894332886, 189.300674438, 189.70703125, 190.124984741, 190.542938232, 190.972518921, 191.402084351, 191.843261719, 192.272827148, 192.702392578, 193.131973267, 193.584762573, 194.03755188, 194.490341187, 194.954742432, 195.407531738, 195.871917725, 196.33631897, 196.800720215, 197.253509521, 197.717910767, 198.182312012, 198.646713257, 199.145935059, 199.633560181, 200.132781982],
    "bpm_histogram": [0, 0, 0, 0, 0, 0, 0, 0, 0, 0, 0, 0, 0, 0, 0, 0, 0, 0, 0, 0, 0, 0, 0, 0, 0, 0, 0, 0, 0, 0, 0, 0, 0, 0, 0, 0, 0, 0, 0, 0, 0, 0, 0, 0, 0, 0, 0, 0, 0, 0, 0, 0, 0, 0, 0, 0, 0, 0, 0, 0, 0, 0, 0, 0, 0, 0, 0, 0, 0, 0, 0, 0, 0, 0, 0, 0, 0, 0, 0, 0, 0, 0, 0, 0, 0, 0, 0, 0, 0, 0, 0, 0, 0, 0, 0, 0, 0, 0, 0, 0, 0, 0, 0, 0, 0, 0, 0, 0, 0, 0, 0, 0, 0, 0, 0, 0, 0, 0, 0, 0, 0.00419287197292, 0, 0, 0.00209643598646, 0, 0, 0, 0, 0, 0.0146750528365, 0, 0, 0, 0.0167714878917, 0, 0, 0.00838574394584, 0, 0, 0, 0.0398322865367, 0, 0, 0, 0.784067094326, 0, 0, 0, 0.121593289077, 0, 0, 0, 0.00838574394584, 0, 0, 0, 0, 0, 0, 0, 0, 0, 0, 0, 0, 0, 0, 0, 0, 0, 0, 0, 0, 0, 0, 0, 0, 0, 0, 0, 0, 0, 0, 0, 0, 0, 0, 0, 0, 0, 0, 0, 0, 0, 0, 0, 0, 0, 0, 0, 0, 0, 0, 0, 0, 0, 0, 0, 0, 0, 0, 0, 0, 0, 0, 0, 0, 0, 0, 0, 0, 0, 0, 0, 0, 0, 0, 0, 0, 0, 0, 0, 0, 0, 0, 0, 0, 0, 0, 0, 0, 0, 0, 0, 0, 0, 0, 0, 0, 0]
},
"tonal": {
    "chords_changes_rate": 0.0559796430171,
    "chords_number_rate": 0.00300717097707,
    "chords_strength": {
        "mean": 0.558231472969,
        "stdev": 0.151875853539
    },
    "hpcp_crest": {
        "mean": 12.8539171219,
        "stdev": 6.86037063599
    },
    "hpcp_entropy": {
        "mean": 2.10886883736,
        "stdev": 0.774336397648
    },
    "key_edma": {
        "strength": 0.754848957062,
        "key": "C",
        "scale": "major"
    },
    "key_krumhansl": {
        "strength": 0.769581198692,
        "key": "C",
        "scale": "major"
    },
    "key_temperley": {
        "strength": 0.787839412689,
        "key": "C",
        "scale": "major"
    },
    "tuning_diatonic_strength": 0.662696003914,
    "tuning_equal_tempered_deviation": 0.323432683945,
    "tuning_frequency": 434.193115234,
    "tuning_nontempered_energy_ratio": 0.960395812988,
    "hpcp": {
        "mean": [0.169766783714, 0.234982773662, 0.188732534647, 0.126399353147, 0.0995804071426, 0.065542563796, 0.0784020796418, 0.0957790836692, 0.111272282898, 0.20833081007, 0.252841472626, 0.166615128517, 0.101618856192, 0.0819443389773, 0.0856089517474, 0.151235803962, 0.223573043942, 0.170985817909, 0.087163887918, 0.0685565546155, 0.0784310102463, 0.149720177054, 0.188485309482, 0.153938949108, 0.168003886938, 0.158154904842, 0.0877332165837, 0.0620930157602, 0.0723232403398, 0.110402487218, 0.214641422033, 0.251940071583, 0.154802829027, 0.0903026610613, 0.0830273032188, 0.0990832522511],
        "stdev": [0.263481199741, 0.319206118584, 0.281719326973, 0.247710958123, 0.22966645658, 0.157537534833, 0.163630068302, 0.183741599321, 0.196076989174, 0.290697038174, 0.318888634443, 0.249235481024, 0.195110276341, 0.173254072666, 0.179737091064, 0.234749466181, 0.298846304417, 0.245809882879, 0.181957110763, 0.167804270983, 0.170987710357, 0.235027894378, 0.27303430438, 0.224607378244, 0.270319372416, 0.267590224743, 0.172404065728, 0.146356642246, 0.16445055604, 0.203234657645, 0.293788343668, 0.31219252944, 0.233133405447, 0.190840601921, 0.187786221504, 0.195044547319]
    },
    "chords_histogram": [28.3368034363, 3.53920888901, 12.5144577026, 0.1619245857, 3.0071709156, 0, 4.92713403702, 0, 0, 0, 0, 0, 0, 0.532037913799, 0.0231320839375, 1.4110571146, 3.1228313446, 1.8505667448, 0, 6.22253084183, 2.4288687706, 9.13717365265, 12.6301183701, 10.1549854279],
    "thpcp": [1, 0.658970713615, 0.401907384396, 0.324093729258, 0.338587462902, 0.598144769669, 0.884241998196, 0.676257014275, 0.344737291336, 0.271144419909, 0.310198366642, 0.592150390148, 0.745468318462, 0.608835816383, 0.664463341236, 0.625510156155, 0.346989035606, 0.245580822229, 0.286041855812, 0.436647057533, 0.848917007446, 0.996434926987, 0.612252533436, 0.357151299715, 0.328376919031, 0.391878962517, 0.671435654163, 0.929368019104, 0.74644613266, 0.499915421009, 0.393845230341, 0.259223937988, 0.310083925724, 0.378810822964, 0.440087139606, 0.823958218098],
    "chords_key": "C",
    "chords_scale": "major"
}
}