{
"metadata": {
    "version": {
        "essentia": "2.1-dev",
        "essentia_git_sha": "v2.1_beta3-415-gd5473f3",
        "extractor": "music 2.0"
    },
    "audio_properties": {
        "analysis": {
            "equal_loudness": 0,
            "length": 228.597549438,
            "sample_rate": 44100,
            "start_time": 0,
            "downmix": "mix"
        },
        "bit_rate": 192000,
        "length": 228.597549438,
        "lossless": 0,
        "number_channels": 2,
        "replay_gain": -9.28626441956,
        "sample_rate": 44100,
        "codec": "mp3",
        "md5_encoded": "522533d6e7487ee56de222377328c513"
    },
    "tags": {
        "file_name": "alicia_keys-if_i_aint_got_you.mp3",
        "album": ["Nederlandse Top 40 - Week 17"],
        "artist": ["Alicia Keys"],
        "date": ["2004"],
        "genre": ["Top 40"],
        "title": ["If I aint got you"]
    }
},
"lowlevel": {
    "average_loudness": 0.494576185942,
    "barkbands_crest": {
        "mean": 12.1230106354,
        "stdev": 4.98068904877
    },
    "barkbands_flatness_db": {
        "mean": 0.205270320177,
        "stdev": 0.0754777044058
    },
    "barkbands_kurtosis": {
        "mean": 10.2857036591,
        "stdev": 23.2809257507
    },
    "barkbands_skewness": {
        "mean": 1.82889580727,
        "stdev": 1.87017822266
    },
    "barkbands_spread": {
        "mean": 13.6664352417,
        "stdev": 11.6711158752
    },
    "dissonance": {
        "mean": 0.428304731846,
        "stdev": 0.0558608546853
    },
    "dynamic_complexity": 6.64093208313,
    "erbbands_crest": {
        "mean": 12.0012722015,
        "stdev": 6.02481365204
    },
    "erbbands_flatness_db": {
        "mean": 0.204324349761,
        "stdev": 0.0719718635082
    },
    "erbbands_kurtosis": {
        "mean": 2.67831516266,
        "stdev": 7.44451904297
    },
    "erbbands_skewness": {
        "mean": 0.690738141537,
        "stdev": 1.17683708668
    },
    "erbbands_spread": {
        "mean": 28.2776889801,
        "stdev": 19.7027454376
    },
    "hfc": {
        "mean": 13.1596670151,
        "stdev": 17.2079601288
    },
    "loudness_ebu128": {
        "integrated": -14.8878059387,
        "loudness_range": 12.2566833496,
        "momentary": {
            "mean": -19.133430481,
            "stdev": 8.88094520569
        },
        "short_term": {
            "mean": -17.8759803772,
            "stdev": 6.725689888
        }
    },
    "melbands_crest": {
        "mean": 15.8312625885,
        "stdev": 5.98064184189
    },
    "melbands_flatness_db": {
        "mean": 0.29029995203,
        "stdev": 0.0898485630751
    },
    "melbands_kurtosis": {
        "mean": 18.9430465698,
        "stdev": 36.9770622253
    },
    "melbands_skewness": {
        "mean": 2.52854800224,
        "stdev": 2.20535945892
    },
    "melbands_spread": {
        "mean": 15.9285478592,
        "stdev": 14.4644784927
    },
    "pitch_salience": {
        "mean": 0.493285477161,
        "stdev": 0.123117245734
    },
    "silence_rate_20dB": {
        "mean": 1,
        "stdev": 0
    },
    "silence_rate_30dB": {
        "mean": 0.955514907837,
        "stdev": 0.206175595522
    },
    "silence_rate_60dB": {
        "mean": 0.229839533567,
        "stdev": 0.420753926039
    },
    "spectral_centroid": {
        "mean": 954.236633301,
        "stdev": 614.177062988
    },
    "spectral_complexity": {
        "mean": 10.4226083755,
        "stdev": 7.47576761246
    },
    "spectral_decrease": {
        "mean": -6.1127227724e-09,
        "stdev": 9.07763375579e-09
    },
    "spectral_energy": {
        "mean": 0.0242644231766,
        "stdev": 0.0351972579956
    },
    "spectral_energyband_high": {
        "mean": 0.000140701711643,
        "stdev": 0.000399950164137
    },
    "spectral_energyband_low": {
        "mean": 0.0112291537225,
        "stdev": 0.0284037720412
    },
    "spectral_energyband_middle_high": {
        "mean": 0.00580184347928,
        "stdev": 0.0123282307759
    },
    "spectral_energyband_middle_low": {
        "mean": 0.00790369324386,
        "stdev": 0.0117509663105
    },
    "spectral_entropy": {
        "mean": 6.82983732224,
        "stdev": 0.671202540398
    },
    "spectral_flux": {
        "mean": 0.0658016055822,
        "stdev": 0.0682554021478
    },
    "spectral_kurtosis": {
        "mean": 12.5493469238,
        "stdev": 14.2899675369
    },
    "spectral_rms": {
        "mean": 0.00396292563528,
        "stdev": 0.00282273557968
    },
    "spectral_rolloff": {
        "mean": 947.98223877,
        "stdev": 1087.08984375
    },
    "spectral_skewness": {
        "mean": 2.46175479889,
        "stdev": 1.13342094421
    },
    "spectral_spread": {
        "mean": 3659597,
        "stdev": 1874449.25
    },
    "spectral_strongpeak": {
        "mean": 1.16730189323,
        "stdev": 1.87532258034
    },
    "zerocrossingrate": {
        "mean": 0.039909876883,
        "stdev": 0.0295683071017
    },
    "barkbands": {
        "mean": [0.000362758000847, 0.00717905256897, 0.00308934343047, 0.00103434652556, 0.00235169799998, 0.000901725899894, 0.00114205526188, 0.000707860803232, 0.00127238803543, 0.00133800518233, 0.00218364270404, 0.000402652105549, 0.000352003815351, 0.000270551128779, 0.000461745163193, 0.000239937988226, 0.000260823318968, 0.000283185421722, 0.000238191641984, 7.5917239883e-05, 2.47260759352e-05, 2.10233683902e-05, 1.96083547053e-05, 1.98127690965e-05, 1.77785786946e-05, 9.09212394617e-06, 4.47051615993e-06],
        "stdev": [0.00109362613875, 0.0215567201376, 0.00977281946689, 0.00348944589496, 0.00620345864445, 0.00176164938603, 0.00226922519505, 0.00184552650899, 0.00426443526521, 0.00424244394526, 0.00955393258482, 0.00170818227343, 0.0011955111986, 0.000893294578418, 0.00150639773346, 0.000826542323921, 0.000854752142914, 0.000751820043661, 0.000512765313033, 0.000195487999008, 8.50498618092e-05, 9.62389822234e-05, 6.99391457601e-05, 7.22811892047e-05, 6.7491644586e-05, 2.9170390917e-05, 2.32211295952e-05]
    },
    "erbbands": {
        "mean": [0.254436254501, 1.43819594383, 3.35112738609, 3.841101408, 4.97277164459, 9.11714935303, 7.27893686295, 7.40637540817, 12.0860013962, 20.7412776947, 16.3289299011, 28.0065536499, 40.4833450317, 73.0568771362, 55.6033172607, 19.2241706848, 16.126039505, 17.6880970001, 17.4186859131, 21.8846588135, 14.5566310883, 13.862783432, 13.8223991394, 15.1016025543, 9.59719657898, 3.61497759819, 1.31415438652, 0.866538345814, 0.749175131321, 0.634425938129, 0.541432142258, 0.426307618618, 0.334140986204, 0.231026679277, 0.107753001153, 0.0417737290263, 0.0158712659031, 0.00527386274189, 0.000865186390001, 5.30463184987e-05],
        "stdev": [0.781981110573, 4.41855812073, 9.76701927185, 12.8365325928, 14.9494447708, 25.1864910126, 14.2290840149, 14.9473495483, 22.9093799591, 45.5352325439, 45.2989463806, 104.993095398, 121.208335876, 273.186889648, 245.065353394, 78.5459136963, 50.8625564575, 54.6389656067, 67.4219436646, 67.8469619751, 44.328163147, 43.6811752319, 36.509552002, 31.7140350342, 21.587978363, 8.60990333557, 3.88752579689, 3.20686125755, 3.30833220482, 2.9912250042, 1.87262761593, 1.46419095993, 1.35100460052, 0.928171336651, 0.399277895689, 0.135335683823, 0.0517228543758, 0.0212851818651, 0.00469787186012, 0.000157646019943]
    },
    "gfcc": {
        "mean": [-102.081375122, 123.842933655, -104.235160828, 13.555932045, -45.6598243713, 4.93155097961, -35.193687439, 14.7825717926, -25.9905395508, -2.50869941711, -9.49853134155, -4.41115093231, -7.81888818741],
        "cov": [[22738.78125, -2493.8581543, -1514.48303223, 1192.0871582, 526.473205566, 551.475280762, 135.093002319, 1082.88720703, -258.170532227, 117.559150696, 51.3714523315, 497.283508301, -295.214111328], [-2493.8581543, 1536.73986816, 12.5673484802, -292.059234619, 118.569961548, -142.296844482, 74.7511520386, -154.152679443, 46.5653190613, -77.9927902222, 61.4660758972, -198.866485596, 113.770706177], [-1514.48303223, 12.5673484802, 1545.69055176, 466.481811523, 55.5760040283, 265.428314209, 110.330093384, -126.048728943, -29.3272533417, 10.5926656723, -55.4897346497, 9.46806716919, -22.493013382], [1192.0871582, -292.059234619, 466.481811523, 796.30090332, 247.049362183, 169.594482422, 53.3085250854, 43.926448822, 0.736441671848, -5.94945526123, -42.0938186646, 84.7932662964, -13.1501531601], [526.473205566, 118.569961548, 55.5760040283, 247.049362183, 443.05480957, 133.103637695, 81.9052886963, 52.2552108765, 48.5711135864, 0.0672934502363, 36.575969696, 44.829826355, 26.8953819275], [551.475280762, -142.296844482, 265.428314209, 169.594482422, 133.103637695, 383.390533447, 155.984710693, -6.46091413498, -41.8023452759, 71.273399353, 37.5520629883, 32.7849464417, -20.0961151123], [135.093002319, 74.7511520386, 110.330093384, 53.3085250854, 81.9052886963, 155.984710693, 275.194122314, 25.6844711304, -13.6495733261, 55.7685050964, 69.5638809204, 7.43464803696, 6.70286226273], [1082.88720703, -154.152679443, -126.048728943, 43.926448822, 52.2552108765, -6.46091413498, 25.6844711304, 291.46395874, 56.8766326904, -11.4213924408, 34.5126609802, 62.6127929688, 0.482000559568], [-258.170532227, 46.5653190613, -29.3272533417, 0.736441671848, 48.5711135864, -41.8023452759, -13.6495733261, 56.8766326904, 224.577072144, 15.2279024124, -10.4850177765, 47.2335624695, 28.1855354309], [117.559150696, -77.9927902222, 10.5926656723, -5.94945526123, 0.0672934502363, 71.273399353, 55.7685050964, -11.4213924408, 15.2279024124, 146.484573364, 50.7495613098, 1.64570558071, 1.83562242985], [51.3714523315, 61.4660758972, -55.4897346497, -42.0938186646, 36.575969696, 37.5520629883, 69.5638809204, 34.5126609802, -10.4850177765, 50.7495613098, 151.784942627, 28.7249183655, 5.14526510239], [497.283508301, -198.866485596, 9.46806716919, 84.7932662964, 44.829826355, 32.7849464417, 7.43464803696, 62.6127929688, 47.2335624695, 1.64570558071, 28.7249183655, 168.267700195, 6.27023124695], [-295.214111328, 113.770706177, -22.493013382, -13.1501531601, 26.8953819275, -20.0961151123, 6.70286226273, 0.482000559568, 28.1855354309, 1.83562242985, 5.14526510239, 6.27023124695, 121.797637939]],
        "icov": [[8.41530054458e-05, 4.6739638492e-05, 0.000126910352265, -0.00012551904365, -2.75495203823e-05, -9.31343311095e-05, 2.24148402594e-06, -0.000239966757363, 0.000167281599715, -8.36821345729e-05, 9.9826931546e-05, -9.04975604499e-05, 0.000124731508549], [4.6739638492e-05, 0.00135350646451, -0.000138010582305, 0.000411591114243, -0.000705647631548, 0.000492903229315, -0.0005582224112, 0.000545009796042, -0.000511766062118, 0.00111316714901, -0.000985744758509, 0.00150656781625, -0.000800618494395], [0.000126910352265, -0.000138010582305, 0.00116739072837, -0.000828268763144, 0.000407330488088, -0.000747538462747, -0.000118726537039, -1.6746313122e-05, 0.000136298505822, -4.60428454971e-05, 0.000417966657551, -0.000258983433014, 0.000320824969094], [-0.00012551904365, 0.000411591114243, -0.000828268763144, 0.00248015695252, -0.00131346913986, 0.000220509886276, -0.000117316587421, 0.000196122404304, -3.1127008242e-06, 0.000271689932561, 0.000483920011902, -0.000181475945283, -0.0002562556474], [-2.75495203823e-05, -0.000705647631548, 0.000407330488088, -0.00131346913986, 0.00378739112057, -0.00132453662809, -3.00631327264e-05, -0.000276529754046, -0.000748307909817, 0.000470669765491, -0.000541690445971, -0.000450697058113, -0.000314186530886], [-9.31343311095e-05, 0.000492903229315, -0.000747538462747, 0.000220509886276, -0.00132453662809, 0.00498578464612, -0.00202740519308, 0.000624989334028, 0.000711005704943, -0.00127692811657, -9.17585020943e-06, -0.000169045306393, 0.00028761534486], [2.24148402594e-06, -0.0005582224112, -0.000118726537039, -0.000117316587421, -3.00631327264e-05, -0.00202740519308, 0.00567457731813, -0.00082188093802, 0.000308943970595, -0.00108943250962, -0.00136907130945, 2.05404612643e-05, -0.000142932709423], [-0.000239966757363, 0.000545009796042, -1.6746313122e-05, 0.000196122404304, -0.000276529754046, 0.000624989334028, -0.00082188093802, 0.00530952122062, -0.00175975495949, 0.0016883976059, -0.00169068272226, 5.01693139086e-05, -0.000433617213275], [0.000167281599715, -0.000511766062118, 0.000136298505822, -3.1127008242e-06, -0.000748307909817, 0.000711005704943, 0.000308943970595, -0.00175975495949, 0.00635201996192, -0.00240562111139, 0.00219154427759, -0.0025289200712, -0.000215224703425], [-8.36821345729e-05, 0.00111316714901, -4.60428454971e-05, 0.000271689932561, 0.000470669765491, -0.00127692811657, -0.00108943250962, 0.0016883976059, -0.00240562111139, 0.0103108435869, -0.00405575148761, 0.00227693631314, -0.00102774216793], [9.9826931546e-05, -0.000985744758509, 0.000417966657551, 0.000483920011902, -0.000541690445971, -9.17585020943e-06, -0.00136907130945, -0.00169068272226, 0.00219154427759, -0.00405575148761, 0.0104885604233, -0.00328648183495, 0.000772394996602], [-9.04975604499e-05, 0.00150656781625, -0.000258983433014, -0.000181475945283, -0.000450697058113, -0.000169045306393, 2.05404612643e-05, 5.01693139086e-05, -0.0025289200712, 0.00227693631314, -0.00328648183495, 0.0095320828259, -0.00142472155858], [0.000124731508549, -0.000800618494395, 0.000320824969094, -0.0002562556474, -0.000314186530886, 0.00028761534486, -0.000142932709423, -0.000433617213275, -0.000215224703425, -0.00102774216793, 0.000772394996602, -0.00142472155858, 0.00952452793717]]
    },
    "melbands": {
        "mean": [0.00211718305945, 0.00181813177187, 0.000693529960699, 0.000521616602782, 0.000294268305879, 0.000169203121914, 0.000202690775041, 0.000209195088246, 0.000134099391289, 0.000185232711374, 0.000192692867131, 0.000277702725725, 0.000264609407168, 4.8188965593e-05, 3.50985865225e-05, 3.94934540964e-05, 3.01809650409e-05, 2.38450011238e-05, 3.35681252182e-05, 2.02105184144e-05, 1.7850255972e-05, 1.6610012608e-05, 8.92372645467e-06, 1.56862188305e-05, 1.19039123092e-05, 8.16622559796e-06, 4.55541703559e-06, 1.85358146609e-06, 8.42543272483e-07, 5.84653946589e-07, 4.69603378406e-07, 4.330284753e-07, 3.86244465744e-07, 3.36359931907e-07, 3.11450833124e-07, 3.05651155941e-07, 2.41552896796e-07, 2.24111957436e-07, 2.39634260879e-07, 1.80906923219e-07],
        "stdev": [0.00646740244702, 0.0049210973084, 0.00209548510611, 0.00157015281729, 0.000553050660528, 0.000333658710588, 0.0003760655527, 0.00044857172179, 0.000397905532736, 0.000669990608003, 0.000601426232606, 0.00105021626223, 0.0012079612352, 0.000199526984943, 0.000124189900816, 0.000132155561005, 9.82353158179e-05, 0.000101408149931, 0.00010722278239, 6.81477613398e-05, 6.46489788778e-05, 5.99025261181e-05, 2.78061306744e-05, 4.85636446683e-05, 2.75381244137e-05, 1.91267445189e-05, 1.16563223855e-05, 4.97197925142e-06, 2.58644195128e-06, 2.08032861337e-06, 1.80286963314e-06, 1.88502576748e-06, 2.02272735805e-06, 1.50550749822e-06, 1.08110702968e-06, 1.12870839075e-06, 8.37372169826e-07, 8.7392191972e-07, 1.12286636522e-06, 6.93430706633e-07]
    },
    "melbands128": {
        "mean": [0.000344750034856, 0.00207982165739, 0.00292557198554, 0.00211458839476, 0.00176679180004, 0.00144771824125, 0.000798517197836, 0.000460060138721, 0.000475143431686, 0.000538168242201, 0.000583992514294, 0.000379774020985, 0.000241918562097, 0.000169686943991, 0.000142760560266, 0.000199393965886, 0.000176456596819, 0.000179738024599, 0.000249038857874, 0.000289370829705, 0.000141106575029, 0.000119812044431, 0.000134934176458, 0.000120975462778, 0.00020004909311, 0.000162136857398, 0.000265556998784, 0.000220622270717, 9.76333249127e-05, 0.00018380000256, 0.000347549183061, 0.000450831430499, 0.000345659558661, 5.46016308363e-05, 3.37794117513e-05, 5.8110068494e-05, 5.79588631808e-05, 2.35565003095e-05, 3.06541223836e-05, 3.60194026143e-05, 3.37311503245e-05, 5.78616236453e-05, 3.21629231621e-05, 1.74142205651e-05, 1.28776600832e-05, 2.45086012001e-05, 3.91565954487e-05, 2.92715885735e-05, 3.41479717463e-05, 3.77100877813e-05, 1.34287929541e-05, 9.20240745472e-06, 1.57102367666e-05, 2.1600346372e-05, 2.33713017224e-05, 1.92593670363e-05, 6.36981712887e-06, 9.41544840316e-06, 9.28558165469e-06, 8.96490109881e-06, 2.05035266845e-05, 1.58605744218e-05, 1.31153101393e-05, 1.20002077892e-05, 7.49437231207e-06, 9.01212206372e-06, 8.00699854153e-06, 5.37161304237e-06, 4.02116802434e-06, 2.97353381029e-06, 1.86892714282e-06, 1.33967523652e-06, 9.28285771806e-07, 7.9223599414e-07, 6.66553603423e-07, 5.97973837557e-07, 5.67853021494e-07, 4.73302264936e-07, 4.43805248551e-07, 4.77905473417e-07, 4.56567732954e-07, 4.02255295739e-07, 3.99343463187e-07, 3.81637903502e-07, 3.88444448163e-07, 3.4006816918e-07, 2.99620182886e-07, 3.61712920949e-07, 3.15301321052e-07, 2.6129350772e-07, 3.40351277828e-07, 3.10999752173e-07, 2.63506620968e-07, 2.37294671024e-07, 2.34282424572e-07, 2.20599162049e-07, 2.10750087604e-07, 2.44090301749e-07, 2.5984036256e-07, 2.28657427215e-07, 2.00240009463e-07, 1.70841872205e-07, 1.60398869298e-07, 1.43685895182e-07, 1.2117018855e-07, 1.08139218469e-07, 7.96257282332e-08, 7.34575422712e-08, 6.96351136753e-08, 6.64512924686e-08, 6.34092742757e-08, 5.33905613054e-08, 4.54133513017e-08, 4.542757992e-08, 4.55544189037e-08, 4.28640340999e-08, 4.36953264682e-08, 3.94605557119e-08, 3.02691525178e-08, 2.66319819531e-08, 2.65745079275e-08, 2.16165663147e-08, 1.03917070504e-08, 3.24362169069e-11, 3.21526182415e-12, 3.1771007266e-12, 3.15080969128e-12, 3.12866703031e-12],
        "stdev": [0.00104847259354, 0.00640632025898, 0.00994571857154, 0.00649753166363, 0.00504274759442, 0.00482031470165, 0.0029274430126, 0.00148961355444, 0.00152774935123, 0.00213373429142, 0.00188224541489, 0.000776535773184, 0.000598392158281, 0.000392168440158, 0.000366180232959, 0.000495908898301, 0.000479920039652, 0.000507762015332, 0.00068744935561, 0.000769356032833, 0.000475360371638, 0.000413876085076, 0.000563325593248, 0.000575998506974, 0.00112124381121, 0.000816694460809, 0.00111386633944, 0.000887300004251, 0.000443275464932, 0.000874779419973, 0.00184623501264, 0.00224336911924, 0.00207170518115, 0.000281918270048, 0.000200630354811, 0.000351991795469, 0.000348980393028, 0.000123653924675, 0.00015216266911, 0.000189736747416, 0.000198681824259, 0.000263608322712, 0.000146456004586, 7.80504196882e-05, 6.22950901743e-05, 0.0001621228148, 0.000230286284932, 0.00016435739235, 0.0001442378707, 0.000177477719262, 6.66295090923e-05, 5.21588299307e-05, 8.43923262437e-05, 0.000113021218567, 0.000117587609566, 9.74131180556e-05, 3.08188755298e-05, 4.51551386504e-05, 4.15588219767e-05, 3.99361852033e-05, 8.68050774443e-05, 6.60050427541e-05, 4.35711845057e-05, 4.2794708861e-05, 2.75244055956e-05, 2.90292264253e-05, 2.96000434901e-05, 1.911624895e-05, 1.56529549713e-05, 9.6533103715e-06, 6.943182143e-06, 5.06639935338e-06, 3.11267626785e-06, 2.7975154353e-06, 2.72183979177e-06, 2.24646601055e-06, 2.37463109443e-06, 2.15957402361e-06, 1.74035722011e-06, 1.94110634766e-06, 1.8960606667e-06, 2.18606965063e-06, 1.99632336262e-06, 2.1394482701e-06, 2.4425958145e-06, 1.72211332483e-06, 1.29684883632e-06, 1.398000677e-06, 1.17998524729e-06, 9.90599460238e-07, 1.38831967433e-06, 1.27214730128e-06, 9.35200205276e-07, 8.54995448663e-07, 8.83057225565e-07, 8.1627081272e-07, 8.84848191163e-07, 1.18181242215e-06, 1.33638002353e-06, 1.1201907455e-06, 8.17161208033e-07, 6.49585558676e-07, 6.23818948498e-07, 6.08725315487e-07, 4.9858795137e-07, 4.00680335133e-07, 3.09954799604e-07, 2.74294961855e-07, 2.39653360268e-07, 2.09677921248e-07, 2.09505174098e-07, 1.86481145192e-07, 1.54593237767e-07, 1.62470414011e-07, 1.68514276311e-07, 1.7182941292e-07, 1.86666383684e-07, 2.05368664297e-07, 1.78779373528e-07, 1.61244258834e-07, 1.69279488205e-07, 1.56830907372e-07, 7.52509663471e-08, 3.22753129778e-10, 6.92554260467e-12, 6.84303438567e-12, 6.78259792081e-12, 6.74433252301e-12]
    },
    "mfcc": {
        "mean": [-746.29284668, 153.169067383, 5.05995368958, 17.2771987915, 11.0508909225, -8.42862987518, 6.22296619415, 4.2561006546, -3.52379846573, 4.70275306702, -2.65828132629, -5.73326778412, 2.36672616005],
        "cov": [[15509.4023438, -0.00912899989635, -1919.12133789, 524.252746582, 321.976898193, -253.492050171, 539.623596191, 618.599914551, -89.4554748535, 326.310760498, 124.303009033, -178.739898682, 137.049667358], [-0.00912899989635, 1360.86352539, -40.8903274536, -83.326171875, -3.2614428997, -95.7370452881, 82.1043777466, -44.99269104, -9.41386795044, 16.4874076843, -8.51586341858, -0.76249730587, -3.31081676483], [-1919.12133789, -40.8903274536, 1180.32421875, 177.367752075, 52.0529937744, 316.903900146, 82.016204834, -31.8414287567, 78.9983444214, -65.4799118042, 11.9330177307, 73.772064209, -37.9515953064], [524.252746582, -83.326171875, 177.367752075, 587.448974609, 267.604919434, 117.66305542, 99.6552734375, 148.748397827, 63.825214386, -13.0823478699, -14.0172357559, 14.7631759644, 11.4217796326], [321.976898193, -3.2614428997, 52.0529937744, 267.604919434, 379.665222168, 95.8848876953, 57.7706069946, 131.519180298, 46.1553001404, 27.9709682465, -10.250371933, -3.60726857185, 14.7862987518], [-253.492050171, -95.7370452881, 316.903900146, 117.66305542, 95.8848876953, 467.115234375, 159.457626343, 4.44741678238, 45.336517334, -2.0296216011, 40.1457633972, 26.9461555481, 3.67324352264], [539.623596191, 82.1043777466, 82.016204834, 99.6552734375, 57.7706069946, 159.457626343, 398.678253174, 55.8055915833, -33.1645202637, 73.3959960938, 39.0594291687, -29.8819446564, 38.1594734192], [618.599914551, -44.99269104, -31.8414287567, 148.748397827, 131.519180298, 4.44741678238, 55.8055915833, 249.769088745, 50.997428894, 13.5241107941, 23.4289245605, 18.8282718658, 36.2471542358], [-89.4554748535, -9.41386795044, 78.9983444214, 63.825214386, 46.1553001404, 45.336517334, -33.1645202637, 50.997428894, 167.938171387, 18.347650528, -2.99035930634, 39.091583252, 6.02323293686], [326.310760498, 16.4874076843, -65.4799118042, -13.0823478699, 27.9709682465, -2.0296216011, 73.3959960938, 13.5241107941, 18.347650528, 152.294326782, 39.7361526489, -20.9982624054, 20.3074550629], [124.303009033, -8.51586341858, 11.9330177307, -14.0172357559, -10.250371933, 40.1457633972, 39.0594291687, 23.4289245605, -2.99035930634, 39.7361526489, 129.818847656, 33.616481781, 14.2811203003], [-178.739898682, -0.76249730587, 73.772064209, 14.7631759644, -3.60726857185, 26.9461555481, -29.8819446564, 18.8282718658, 39.091583252, -20.9982624054, 33.616481781, 134.485916138, 35.8364944458], [137.049667358, -3.31081676483, -37.9515953064, 11.4217796326, 14.7862987518, 3.67324352264, 38.1594734192, 36.2471542358, 6.02323293686, 20.3074550629, 14.2811203003, 35.8364944458, 120.252082825]],
        "icov": [[0.000102029152913, -5.35379683697e-07, 0.000179013499292, -0.000110725042759, 4.52212407254e-05, -1.34718538902e-05, -0.000102298370621, -0.00017133638903, 3.59623736585e-05, -8.99201913853e-05, -4.03897247452e-05, 2.99557541439e-05, 3.89296546928e-05], [-5.35379683697e-07, 0.000799492350779, -1.14673739517e-05, 0.000179745911737, -0.000224892035476, 0.000335302203894, -0.000408368185163, 0.000267908762908, -0.000186787568964, 0.000124796672026, 1.62916348927e-05, -0.000169347666088, 0.000104987018858], [0.000179013499292, -1.14673739517e-05, 0.00148237962276, -0.000466257246444, 0.000169822422322, -0.000647274777293, -0.000352612201823, 3.87596555811e-05, -0.00032083017868, 0.000266203715, -7.34608474886e-05, -0.00046004971955, 0.000523830938619], [-0.000110725042759, 0.000179745911737, -0.000466257246444, 0.00304950983264, -0.00175838347059, 0.000107506049972, -0.000528032134753, -0.000498055829667, -0.000539185828529, 0.000843215268105, 0.000325992208673, -0.00016665282601, 0.000120516218885], [4.52212407254e-05, -0.000224892035476, 0.000169822422322, -0.00175838347059, 0.00465781847015, -0.000951308757067, 0.000551563280169, -0.00173509353772, 0.000300162500935, -0.00134900538251, 0.000883237516973, 0.000327019457472, -2.23849601753e-05], [-1.34718538902e-05, 0.000335302203894, -0.000647274777293, 0.000107506049972, -0.000951308757067, 0.00354625936598, -0.0015568069648, 0.00101178255863, -0.00112659076694, 0.000989096355624, -0.00107389735058, -0.000165778837982, 7.41213880247e-05], [-0.000102298370621, -0.000408368185163, -0.000352612201823, -0.000528032134753, 0.000551563280169, -0.0015568069648, 0.00429766438901, -0.000924052146729, 0.00169428868685, -0.0019366502529, -7.02985271346e-05, 0.00104592356365, -0.00112245499622], [-0.00017133638903, 0.000267908762908, 3.87596555811e-05, -0.000498055829667, -0.00173509353772, 0.00101178255863, -0.000924052146729, 0.00652658008039, -0.00196547689848, 0.00127592345234, -0.00150763313286, -0.000111491805001, -0.00113417860121], [3.59623736585e-05, -0.000186787568964, -0.00032083017868, -0.000539185828529, 0.000300162500935, -0.00112659076694, 0.00169428868685, -0.00196547689848, 0.00830791145563, -0.00277001247741, 0.00170713488478, -0.00223209476098, 0.00047023879597], [-8.99201913853e-05, 0.000124796672026, 0.000266203715, 0.000843215268105, -0.00134900538251, 0.000989096355624, -0.0019366502529, 0.00127592345234, -0.00277001247741, 0.00972976814955, -0.00339795323089, 0.00232422328554, -0.00131800398231], [-4.03897247452e-05, 1.62916348927e-05, -7.34608474886e-05, 0.000325992208673, 0.000883237516973, -0.00107389735058, -7.02985271346e-05, -0.00150763313286, 0.00170713488478, -0.00339795323089, 0.0103691695258, -0.00341109512374, 0.00066670315573], [2.99557541439e-05, -0.000169347666088, -0.00046004971955, -0.00016665282601, 0.000327019457472, -0.000165778837982, 0.00104592356365, -0.000111491805001, -0.00223209476098, 0.00232422328554, -0.00341109512374, 0.0108627164736, -0.00361441890709], [3.89296546928e-05, 0.000104987018858, 0.000523830938619, 0.000120516218885, -2.23849601753e-05, 7.41213880247e-05, -0.00112245499622, -0.00113417860121, 0.00047023879597, -0.00131800398231, 0.00066670315573, -0.00361441890709, 0.010323792696]]
    },
    "spectral_contrast_coeffs": {
        "mean": [-0.716114103794, -0.73216933012, -0.717442989349, -0.764928221703, -0.761958599091, -0.818293213844],
        "stdev": [0.0932891145349, 0.0876976624131, 0.102038472891, 0.0775513425469, 0.0793613418937, 0.0387827977538]
    },
    "spectral_contrast_valleys": {
        "mean": [-7.31306791306, -7.54232692719, -8.4474029541, -8.97288131714, -9.16090488434, -11.6733465195],
        "stdev": [1.56003034115, 1.3176150322, 1.41566967964, 1.56866729259, 1.66043627262, 1.63476288319]
    }
},
"rhythm": {
    "beats_count": 458,
    "beats_loudness": {
        "mean": 0.0430693812668,
        "stdev": 0.0517874211073
    },
    "bpm": 118.171760559,
    "bpm_histogram_first_peak_bpm": 117,
    "bpm_histogram_first_peak_weight": 0.478260874748,
    "bpm_histogram_second_peak_bpm": 123,
    "bpm_histogram_second_peak_spread": 0.357142865658,
    "bpm_histogram_second_peak_weight": 0.0787746161222,
    "danceability": 1.12772679329,
    "onset_rate": 3.21067929268,
    "beats_loudness_band_ratio": {
        "mean": [0.4625608325, 0.193547308445, 0.187459722161, 0.125162675977, 0.0578810237348, 0.0264799557626],
        "stdev": [0.330573618412, 0.193409606814, 0.213887304068, 0.198700278997, 0.104796402156, 0.0409859605134]
    },
    "beats_position": [0.476009070873, 0.975238084793, 1.46285712719, 1.93886613846, 2.41487526894, 2.89088439941, 3.39011335373, 3.88934230804, 4.38857126236, 4.88780021667, 5.38702917099, 5.87464857101, 6.3622674942, 6.83827638626, 7.31428575516, 7.77868461609, 8.24308395386, 8.71909236908, 9.19510173798, 9.67111110687, 10.1471195221, 10.6115188599, 11.0875282288, 11.5635375977, 12.051156044, 12.5271654129, 13.0031747818, 13.4675731659, 13.9319725037, 14.4079818726, 14.8723802567, 15.3483896255, 15.8127889633, 16.2655773163, 16.7299766541, 17.2059860229, 17.6819953918, 18.1580047607, 18.6456241608, 19.1216316223, 19.6324710846, 20.1317005157, 20.6309299469, 21.2114276886, 21.7803173065, 22.2911567688, 22.8019943237, 23.312833786, 23.8236732483, 24.3229026794, 24.8221302032, 25.3213596344, 25.8205890656, 26.3082084656, 26.8190479279, 27.3066654205, 27.7942848206, 28.3051242828, 28.804353714, 29.3035831451, 29.8144207001, 30.3136501312, 30.8128795624, 31.3237190247, 31.8229465485, 32.322177887, 32.8330154419, 33.332244873, 33.8314743042, 34.3423118591, 34.8531494141, 35.3639907837, 35.8748283386, 36.3740577698, 36.8732872009, 37.3841247559, 37.883354187, 38.3825836182, 38.8934249878, 39.4042625427, 39.9151000977, 40.4143295288, 40.9251708984, 41.4243965149, 41.9352378845, 42.4344673157, 42.9336967468, 43.4445343018, 43.9553718567, 44.4662132263, 44.9770507812, 45.4762802124, 45.9755096436, 46.4863471985, 46.9971885681, 47.508026123, 48.018863678, 48.5297050476, 49.0405426025, 49.5397720337, 50.0390014648, 50.5266189575, 51.0374603271, 51.5366897583, 52.0126991272, 52.5235366821, 53.0227661133, 53.5219955444, 54.0212249756, 54.5204544067, 55.0312919617, 55.5305213928, 56.0181388855, 56.5173683167, 57.0165977478, 57.515827179, 58.0266647339, 58.5375061035, 59.03673172, 59.5359611511, 60.0351905823, 60.5344200134, 61.0220413208, 61.5328788757, 62.0321083069, 62.531337738, 63.0305671692, 63.5181846619, 64.0174102783, 64.5050354004, 65.0042648315, 65.5034942627, 66.0143280029, 66.5251693726, 67.0127868652, 67.5236282349, 68.022857666, 68.5220870972, 69.0097045898, 69.4973220825, 69.9849395752, 70.4957809448, 71.0066223145, 71.5174560547, 72.0282974243, 72.5391387939, 73.0499725342, 73.5724258423, 74.0716552734, 74.5824966431, 75.0933303833, 75.5925598145, 76.0917892456, 76.6142425537, 77.1134643555, 77.6243057251, 78.1235351562, 78.6227645874, 79.1103820801, 79.6212234497, 80.1320648193, 80.6428985596, 81.1537399292, 81.6645812988, 82.1521987915, 82.6398162842, 83.1274337769, 83.6382751465, 84.1491165161, 84.6715621948, 85.1940155029, 85.7164611816, 86.2040786743, 86.7149200439, 87.2257614136, 87.7249908447, 88.235824585, 88.7582778931, 89.2575073242, 89.7683410645, 90.2675704956, 90.7667999268, 91.2776412964, 91.8000869751, 92.2993164062, 92.8101577759, 93.3326034546, 93.8434448242, 94.3542861938, 94.853515625, 95.3527450562, 95.8519744873, 96.3628082275, 96.8736495972, 97.3844909668, 97.895324707, 98.4061660767, 98.9053955078, 99.404624939, 99.9154663086, 100.426300049, 100.937141418, 101.447982788, 101.958816528, 102.469657898, 102.980499268, 103.491333008, 104.002174377, 104.513015747, 105.023849487, 105.534690857, 106.045532227, 106.556373596, 107.067207336, 107.578048706, 108.088890076, 108.599723816, 109.110565186, 109.621406555, 110.132240295, 110.643081665, 111.153923035, 111.653152466, 112.163986206, 112.663215637, 113.185668945, 113.708114624, 114.218955994, 114.729797363, 115.240631104, 115.751472473, 116.273918152, 116.784759521, 117.283988953, 117.794830322, 118.305664062, 118.804893494, 119.292518616, 119.791740417, 120.290969849, 120.778594971, 121.277824402, 121.788658142, 122.31111145, 122.82194519, 123.321174622, 123.820404053, 124.319633484, 124.830474854, 125.352920532, 125.87537384, 126.386207581, 126.89704895, 127.40789032, 127.895507812, 128.417953491, 128.94039917, 129.451248169, 129.950469971, 130.449707031, 130.937316895, 131.448165894, 131.958999634, 132.469833374, 132.980682373, 133.479904175, 133.979141235, 134.501586914, 135.024032593, 135.534866333, 136.045715332, 136.544937134, 137.044174194, 137.555007935, 138.065841675, 138.576690674, 139.087524414, 139.598358154, 140.109207153, 140.608428955, 141.119277954, 141.618499756, 142.129333496, 142.616958618, 143.127792358, 143.627029419, 144.126251221, 144.63710022, 145.159545898, 145.670379639, 146.169616699, 146.692062378, 147.214508057, 147.725341797, 148.236190796, 148.735412598, 149.234649658, 149.757095337, 150.279541016, 150.801986694, 151.324447632, 151.823669434, 152.322906494, 152.833740234, 153.344573975, 153.843811035, 154.354644775, 154.853881836, 155.364715576, 155.875549316, 156.386398315, 156.874008179, 157.373245239, 157.872467041, 158.383300781, 158.89414978, 159.404983521, 159.915817261, 160.42666626, 160.914276123, 161.425125122, 161.947570801, 162.458404541, 162.957641602, 163.456863403, 163.956100464, 164.466934204, 164.977767944, 165.477005005, 165.987838745, 166.487075806, 166.986297607, 167.508743286, 168.019592285, 168.530426025, 169.041259766, 169.540496826, 170.039718628, 170.550567627, 171.061401367, 171.560638428, 172.071472168, 172.582305908, 173.093154907, 173.615600586, 174.114822388, 174.614059448, 175.124893188, 175.635726929, 176.146575928, 176.657409668, 177.179855347, 177.679092407, 178.189926147, 178.689163208, 179.18838501, 179.69921875, 180.210067749, 180.720901489, 181.231735229, 181.73097229, 182.230194092, 182.741043091, 183.251876831, 183.751113892, 184.250335693, 184.761169434, 185.272018433, 185.782852173, 186.305297852, 186.804534912, 187.292144775, 187.791381836, 188.290603638, 188.801452637, 189.312286377, 189.823120117, 190.333969116, 190.833190918, 191.344039917, 191.854873657, 192.354095459, 192.864944458, 193.352554321, 193.840179443, 194.327789307, 194.850250244, 195.361083984, 195.883529663, 196.394378662, 196.916824341, 197.43927002, 197.973327637, 198.495773315, 199.018234253, 199.529067993, 200.051513672, 200.585571289, 201.108016968, 201.618865967, 202.129699707, 202.628936768, 203.128158569, 203.592559814, 204.05696106, 204.509750366, 204.962539673, 205.415328979, 205.868118286, 206.320907593, 206.773696899, 207.214874268, 207.656051636, 208.074005127, 208.503585815, 208.933151245, 209.374328613, 209.885162354, 210.372787476, 210.872009277, 211.359634399, 211.858856201, 212.346481323, 212.857315063, 213.368164062, 213.878997803, 214.378234863, 214.877456665, 215.388290405, 215.806259155, 216.224212646, 216.630569458, 217.036911011, 217.454864502, 217.872833252, 218.290786743, 218.708755493, 219.126708984, 219.544662476, 219.951019287, 220.35736084, 220.77532959, 221.181671143, 221.634460449, 222.098861694, 222.563262939, 223.004440308, 223.434005737, 223.875183105, 224.316360474, 224.76914978, 225.221939087, 225.674728394, 226.1275177, 226.580307007, 227.033096313, 227.48588562, 227.938674927],
    "bpm_histogram": [0, 0, 0, 0, 0, 0, 0, 0, 0, 0, 0, 0, 0, 0, 0, 0, 0, 0, 0, 0, 0, 0, 0, 0, 0, 0, 0, 0, 0, 0, 0, 0, 0, 0, 0, 0, 0, 0, 0, 0, 0, 0, 0, 0, 0, 0, 0, 0, 0, 0, 0, 0, 0, 0, 0, 0, 0, 0, 0, 0, 0, 0, 0, 0, 0, 0, 0, 0, 0, 0, 0, 0, 0, 0, 0, 0, 0, 0, 0, 0, 0, 0, 0, 0, 0, 0, 0, 0, 0, 0, 0, 0, 0, 0, 0, 0, 0, 0, 0, 0, 0, 0, 0, 0.00218818383291, 0, 0.00218818383291, 0, 0, 0, 0, 0, 0, 0.00437636766583, 0, 0, 0.0831509828568, 0, 0.393873095512, 0, 0, 0.277899354696, 0, 0, 0.0787746161222, 0, 0, 0.0437636747956, 0, 0, 0.026258205995, 0, 0, 0, 0.0350109413266, 0, 0, 0.0131291029975, 0, 0, 0, 0.00656455149874, 0, 0, 0, 0.0218818373978, 0, 0, 0, 0.0109409186989, 0, 0, 0, 0, 0, 0, 0, 0, 0, 0, 0, 0, 0, 0, 0, 0, 0, 0, 0, 0, 0, 0, 0, 0, 0, 0, 0, 0, 0, 0, 0, 0, 0, 0, 0, 0, 0, 0, 0, 0, 0, 0, 0, 0, 0, 0, 0, 0, 0, 0, 0, 0, 0, 0, 0, 0, 0, 0, 0, 0, 0, 0, 0, 0, 0, 0, 0, 0, 0, 0, 0, 0, 0, 0, 0, 0, 0, 0, 0, 0, 0, 0, 0, 0, 0, 0, 0, 0, 0, 0, 0, 0, 0, 0, 0, 0, 0, 0, 0, 0, 0]
},
"tonal": {
    "chords_changes_rate": 0.0696588158607,
    "chords_number_rate": 0.00223395624198,
    "chords_strength": {
        "mean": 0.473246783018,
        "stdev": 0.0991935431957
    },
    "hpcp_crest": {
        "mean": 14.8751792908,
        "stdev": 7.08835268021
    },
    "hpcp_entropy": {
        "mean": 1.78839755058,
        "stdev": 0.737491309643
    },
    "key_edma": {
        "strength": 0.645578563213,
        "key": "G",
        "scale": "major"
    },
    "key_krumhansl": {
        "strength": 0.650063812733,
        "key": "G",
        "scale": "major"
    },
    "key_temperley": {
        "strength": 0.653013825417,
        "key": "G",
        "scale": "major"
    },
    "tuning_diatonic_strength": 0.575620055199,
    "tuning_equal_tempered_deviation": 0.23601461947,
    "tuning_frequency": 434.193115234,
    "tuning_nontempered_energy_ratio": 0.954168975353,
    "hpcp": {
        "mean": [0.230067491531, 0.252986133099, 0.109294705093, 0.0762034803629, 0.0784099623561, 0.0909814760089, 0.196014851332, 0.236481159925, 0.125372767448, 0.12014169246, 0.120824187994, 0.0555465966463, 0.0384906455874, 0.035747308284, 0.0397056676447, 0.107710778713, 0.145781561732, 0.0802627280354, 0.0344910286367, 0.026651179418, 0.02860667184, 0.0966405570507, 0.127724379301, 0.0690305903554, 0.0439059063792, 0.0420277751982, 0.0425153188407, 0.0863373875618, 0.111575685441, 0.098749756813, 0.236491501331, 0.269652843475, 0.110808186233, 0.0571285709739, 0.057490568608, 0.0752916038036],
        "stdev": [0.340119123459, 0.356271237135, 0.219687432051, 0.206079050899, 0.216518685222, 0.221052482724, 0.292444765568, 0.347159385681, 0.222921878099, 0.245605409145, 0.256440162659, 0.150966137648, 0.123207233846, 0.113116905093, 0.123025864363, 0.208424165845, 0.271081715822, 0.177201300859, 0.115993738174, 0.1035271734, 0.102781027555, 0.193587139249, 0.252338767052, 0.154159992933, 0.13563786447, 0.138028368354, 0.134936407208, 0.175434485078, 0.216055214405, 0.201512441039, 0.328227967024, 0.36557418108, 0.198280543089, 0.160443559289, 0.179235324264, 0.174458518624]
    },
    "chords_histogram": [17.2420787811, 16.632818222, 9.01705932617, 0.913891136646, 0.751421630383, 0.203086927533, 0.182778224349, 0.182778224349, 0.487408608198, 0, 0, 0, 0.264012992382, 1.52315187454, 0.629569470882, 1.99025177956, 0.304630368948, 4.16328191757, 0, 4.6100730896, 3.71649074554, 17.7091789246, 8.97644233704, 10.4995937347],
    "thpcp": [1, 0.410929054022, 0.211859703064, 0.213202163577, 0.27921679616, 0.853198826313, 0.938191950321, 0.405316352844, 0.282598465681, 0.290781140327, 0.337402254343, 0.726915597916, 0.876983761787, 0.464941382408, 0.445542097092, 0.448073118925, 0.205992996693, 0.142741471529, 0.132567882538, 0.147247359157, 0.399442404509, 0.540626823902, 0.297652065754, 0.127909004688, 0.0988351479173, 0.106087036431, 0.358388781548, 0.473662286997, 0.255998015404, 0.162823826075, 0.155858829618, 0.157666862011, 0.320179790258, 0.413775295019, 0.366210699081, 0.877022087574],
    "chords_key": "A",
    "chords_scale": "minor"
}
}