{
"metadata": {
    "version": {
        "essentia": "2.1-dev",
        "essentia_git_sha": "v2.1_beta3-415-gd5473f3",
        "extractor": "music 2.0"
    },
    "audio_properties": {
        "analysis": {
            "equal_loudness": 0,
            "length": 260.022857666,
            "sample_rate": 44100,
            "start_time": 0,
            "downmix": "mix"
        },
        "bit_rate": 192000,
        "length": 260.022857666,
        "lossless": 0,
        "number_channels": 2,
        "replay_gain": -6.36372947693,
        "sample_rate": 44100,
        "codec": "mp3",
        "md5_encoded": "86011fc0d44b378581aaf175e835363c"
    },
    "tags": {
        "file_name": "all_4_oneiI_swear.mp3"
    }
},
"lowlevel": {
    "average_loudness": 0.733278036118,
    "barkbands_crest": {
        "mean": 10.2909345627,
        "stdev": 3.96760344505
    },
    "barkbands_flatness_db": {
        "mean": 0.142063423991,
        "stdev": 0.0592033304274
    },
    "barkbands_kurtosis": {
        "mean": 6.7846455574,
        "stdev": 10.754026413
    },
    "barkbands_skewness": {
        "mean": 1.75909018517,
        "stdev": 1.33217322826
    },
    "barkbands_spread": {
        "mean": 20.9375228882,
        "stdev": 17.1702442169
    },
    "dissonance": {
        "mean": 0.442951619625,
        "stdev": 0.040006082505
    },
    "dynamic_complexity": 4.37119817734,
    "erbbands_crest": {
        "mean": 10.7303066254,
        "stdev": 5.21491575241
    },
    "erbbands_flatness_db": {
        "mean": 0.147655010223,
        "stdev": 0.0472959838808
    },
    "erbbands_kurtosis": {
        "mean": 2.24130821228,
        "stdev": 3.75232243538
    },
    "erbbands_skewness": {
        "mean": 0.871622502804,
        "stdev": 0.849053621292
    },
    "erbbands_spread": {
        "mean": 35.0620651245,
        "stdev": 21.6807518005
    },
    "hfc": {
        "mean": 25.8792800903,
        "stdev": 33.3333396912
    },
    "loudness_ebu128": {
        "integrated": -16.5480117798,
        "loudness_range": 8.9762134552,
        "momentary": {
            "mean": -19.2963123322,
            "stdev": 9.92432880402
        },
        "short_term": {
            "mean": -18.2414684296,
            "stdev": 5.22868919373
        }
    },
    "melbands_crest": {
        "mean": 14.0792284012,
        "stdev": 5.13368558884
    },
    "melbands_flatness_db": {
        "mean": 0.227160423994,
        "stdev": 0.0791055262089
    },
    "melbands_kurtosis": {
        "mean": 14.3117637634,
        "stdev": 19.9873332977
    },
    "melbands_skewness": {
        "mean": 2.44481539726,
        "stdev": 1.64948391914
    },
    "melbands_spread": {
        "mean": 20.3054542542,
        "stdev": 19.295797348
    },
    "pitch_salience": {
        "mean": 0.540648519993,
        "stdev": 0.103753000498
    },
    "silence_rate_20dB": {
        "mean": 1,
        "stdev": 0
    },
    "silence_rate_30dB": {
        "mean": 0.995267868042,
        "stdev": 0.0686283260584
    },
    "silence_rate_60dB": {
        "mean": 0.0944642871618,
        "stdev": 0.292456775904
    },
    "spectral_centroid": {
        "mean": 1045.47412109,
        "stdev": 888.711547852
    },
    "spectral_complexity": {
        "mean": 14.5556249619,
        "stdev": 7.99181318283
    },
    "spectral_decrease": {
        "mean": -7.18192039173e-09,
        "stdev": 5.75750824794e-09
    },
    "spectral_energy": {
        "mean": 0.0294535495341,
        "stdev": 0.0237320121378
    },
    "spectral_energyband_high": {
        "mean": 0.00122549547814,
        "stdev": 0.00245202984661
    },
    "spectral_energyband_low": {
        "mean": 0.0111116310582,
        "stdev": 0.0130356280133
    },
    "spectral_energyband_middle_high": {
        "mean": 0.00596067775041,
        "stdev": 0.00881057232618
    },
    "spectral_energyband_middle_low": {
        "mean": 0.0121060442179,
        "stdev": 0.0112528968602
    },
    "spectral_entropy": {
        "mean": 7.37400102615,
        "stdev": 0.554731488228
    },
    "spectral_flux": {
        "mean": 0.0714144483209,
        "stdev": 0.048878710717
    },
    "spectral_kurtosis": {
        "mean": 5.84304332733,
        "stdev": 4.89332675934
    },
    "spectral_rms": {
        "mean": 0.00485991407186,
        "stdev": 0.00226193247363
    },
    "spectral_rolloff": {
        "mean": 1418.59606934,
        "stdev": 2296.11669922
    },
    "spectral_skewness": {
        "mean": 1.96854496002,
        "stdev": 0.673445880413
    },
    "spectral_spread": {
        "mean": 5858517.5,
        "stdev": 3269385.75
    },
    "spectral_strongpeak": {
        "mean": 1.1684885025,
        "stdev": 1.67962300777
    },
    "zerocrossingrate": {
        "mean": 0.0645371377468,
        "stdev": 0.0588219761848
    },
    "barkbands": {
        "mean": [0.000691646069754, 0.00707125803456, 0.00259940838441, 0.00150455487892, 0.00271895807236, 0.00170225498732, 0.00112558249384, 0.00161605305038, 0.00291637051851, 0.00178613699973, 0.000792213599198, 0.000668625172693, 0.000734198023565, 0.000872334931046, 0.00041342608165, 0.000345175212715, 0.000270956486929, 0.000213193765376, 0.000106767045509, 0.000159845207236, 9.59772951319e-05, 0.000143237004522, 0.0002165439073, 0.000223615919822, 0.000198812078452, 0.000143868135638, 0.000122533616377],
        "stdev": [0.00122237042524, 0.00976127572358, 0.00348705775104, 0.00223974953406, 0.00336044142023, 0.0022318738047, 0.00215496937744, 0.00400326773524, 0.00681601418182, 0.00492610875517, 0.00268849940039, 0.00177909655031, 0.00245606992394, 0.00238748989068, 0.000975718197878, 0.00087934610201, 0.000904880347662, 0.000489694415592, 0.000202972252737, 0.000284754671156, 0.000223964525503, 0.000293565186439, 0.000521670444869, 0.000583018409088, 0.000596091151237, 0.000415096321376, 0.000508577912115]
    },
    "erbbands": {
        "mean": [0.256574332714, 1.37453520298, 2.96468687057, 4.35593414307, 6.77113342285, 9.83460044861, 11.0216779709, 13.9890956879, 16.0407848358, 18.7350845337, 44.9108047485, 67.5255737305, 61.197303772, 52.653717041, 30.8142280579, 29.5021381378, 36.9958381653, 41.9843788147, 33.0302772522, 21.6078243256, 15.0064706802, 14.7378253937, 11.7556905746, 7.41258382797, 6.40424060822, 7.95259475708, 4.38772964478, 3.8559088707, 4.92525815964, 5.65758323669, 6.310151577, 5.41412734985, 3.24521350861, 2.10676932335, 1.44859528542, 0.6525375247, 0.261366933584, 0.0753743276, 0.0196343641728, 0.00171894975938],
        "stdev": [0.359454393387, 2.09140634537, 4.14352464676, 5.5653796196, 9.85538673401, 13.746846199, 14.3956041336, 20.5724811554, 28.1968326569, 40.0910339355, 107.891746521, 164.785217285, 169.195480347, 140.523574829, 82.8162918091, 72.70337677, 120.460166931, 120.105438232, 75.2842330933, 48.7474021912, 39.4535522461, 51.214515686, 28.0221138, 15.1939840317, 11.7766780853, 14.1768445969, 9.57126903534, 8.81864643097, 10.0648069382, 13.0910749435, 15.5408849716, 13.8247175217, 9.27464199066, 6.41056585312, 4.62284660339, 2.04201745987, 0.759376227856, 0.277694642544, 0.0796055495739, 0.00718334084377]
    },
    "gfcc": {
        "mean": [-15.9922246933, 88.3594360352, -85.7159118652, 13.4252738953, -55.4960098267, 18.7071285248, -36.768901825, 10.7272453308, -21.2342624664, 3.35268759727, -17.2199325562, 0.8583791852, -13.1908779144],
        "cov": [[19512.6074219, -1790.29785156, -892.221984863, 186.380020142, -458.136322021, 580.129699707, -108.103645325, 267.020080566, 122.170951843, 160.915359497, -155.832992554, 88.496383667, -162.958114624], [-1790.29785156, 1717.74206543, -92.0137939453, 32.6856613159, 175.834884644, -85.1673202515, 84.7037277222, -15.4502773285, 16.993309021, -12.6025829315, 67.2004013062, -12.8494129181, 12.3797874451], [-892.221984863, -92.0137939453, 1023.83233643, 74.5718383789, 147.997192383, -54.2358856201, 22.141500473, -15.3889284134, 50.2538490295, 7.64835786819, 36.4110603333, 41.8938064575, 13.4946174622], [186.380020142, 32.6856613159, 74.5718383789, 454.08996582, 77.1822738647, -3.11659359932, -43.8504486084, 45.9029159546, 93.8250198364, 12.5978250504, 18.2767944336, 59.6047363281, 35.2494277954], [-458.136322021, 175.834884644, 147.997192383, 77.1822738647, 429.878173828, -60.810092926, 132.40977478, 9.78652000427, 110.063903809, 52.3025398254, 23.8642978668, 18.2198905945, 60.9222412109], [580.129699707, -85.1673202515, -54.2358856201, -3.11659359932, -60.810092926, 304.00869751, 69.201385498, 26.0052127838, -12.3581790924, 26.8731899261, 23.7027683258, -11.2785434723, 3.92930030823], [-108.103645325, 84.7037277222, 22.141500473, -43.8504486084, 132.40977478, 69.201385498, 273.280548096, 5.78068780899, 24.7066135406, 28.2108974457, 34.1869812012, -5.59870862961, 29.1578884125], [267.020080566, -15.4502773285, -15.3889284134, 45.9029159546, 9.78652000427, 26.0052127838, 5.78068780899, 138.458953857, 52.806640625, 13.734916687, -20.0676631927, 7.71598339081, 12.7493934631], [122.170951843, 16.993309021, 50.2538490295, 93.8250198364, 110.063903809, -12.3581790924, 24.7066135406, 52.806640625, 184.908248901, 24.7021770477, -1.59369170666, 22.6450958252, 20.5708999634], [160.915359497, -12.6025829315, 7.64835786819, 12.5978250504, 52.3025398254, 26.8731899261, 28.2108974457, 13.734916687, 24.7021770477, 120.889602661, 17.5324783325, -5.04130458832, 18.1055717468], [-155.832992554, 67.2004013062, 36.4110603333, 18.2767944336, 23.8642978668, 23.7027683258, 34.1869812012, -20.0676631927, -1.59369170666, 17.5324783325, 119.467819214, 16.5052623749, 10.2192459106], [88.496383667, -12.8494129181, 41.8938064575, 59.6047363281, 18.2198905945, -11.2785434723, -5.59870862961, 7.71598339081, 22.6450958252, -5.04130458832, 16.5052623749, 99.8826599121, 16.6390762329], [-162.958114624, 12.3797874451, 13.4946174622, 35.2494277954, 60.9222412109, 3.92930030823, 29.1578884125, 12.7493934631, 20.5708999634, 18.1055717468, 10.2192459106, 16.6390762329, 94.7239074707]],
        "icov": [[6.73213871778e-05, 6.22443767497e-05, 6.0229376686e-05, -2.8613343602e-05, 2.0696890715e-05, -9.50781832216e-05, 2.00421777663e-06, -6.45140680717e-05, -4.44512916147e-05, -8.98742655409e-05, 5.5657728808e-05, -9.72795751295e-05, 0.000146363076055], [6.22443767497e-05, 0.000708136882167, 0.000171023028088, -8.98423968465e-05, -0.00025053016725, 0.000113932503155, -0.000121456658235, -9.5266252174e-05, 3.64929692296e-05, 0.000127695660922, -0.000359890982509, 9.80252589216e-05, 0.00021948950598], [6.0229376686e-05, 0.000171023028088, 0.00113334076013, -0.000109658583824, -0.00036601012107, 4.57463138446e-05, 2.80997792288e-05, 7.65143195167e-05, -0.000104617764009, 1.12323477879e-05, -0.000255904713413, -0.000354699441232, 0.000285654823529], [-2.8613343602e-05, -8.98423968465e-05, -0.000109658583824, 0.0028458184097, -0.00037664413685, -0.000255220220424, 0.000912503979634, -0.000451094994787, -0.000986355240457, 0.000105392078694, -0.00042233383283, -0.0011116634123, -0.000613317766692], [2.0696890715e-05, -0.00025053016725, -0.00036601012107, -0.00037664413685, 0.00407959567383, 0.00104268686846, -0.00180306215771, 0.000498012988828, -0.00166967464611, -0.00109555851668, 0.000159178278409, 8.84276159923e-05, -0.00137913168874], [-9.50781832216e-05, 0.000113932503155, 4.57463138446e-05, -0.000255220220424, 0.00104268686846, 0.00428055645898, -0.00149280147161, -0.000697486975696, 0.000279347907053, -0.000670838984661, -0.000862510467414, 0.000595472520217, -0.000328771711793], [2.00421777663e-06, -0.000121456658235, 2.80997792288e-05, 0.000912503979634, -0.00180306215771, -0.00149280147161, 0.00529099581763, -0.000182734278496, -0.000109849948785, 4.63216820208e-05, -0.000946197891608, 0.000184538555914, -0.000622087623924], [-6.45140680717e-05, -9.5266252174e-05, 7.65143195167e-05, -0.000451094994787, 0.000498012988828, -0.000697486975696, -0.000182734278496, 0.00891381502151, -0.00238909223117, -0.000552852929104, 0.00175964983646, -0.000212812010432, -0.000904399261344], [-4.44512916147e-05, 3.64929692296e-05, -0.000104617764009, -0.000986355240457, -0.00166967464611, 0.000279347907053, -0.000109849948785, -0.00238909223117, 0.00781075283885, -0.000568532734178, 0.000276603968814, -0.000691198336426, 0.000222367569222], [-8.98742655409e-05, 0.000127695660922, 1.12323477879e-05, 0.000105392078694, -0.00109555851668, -0.000670838984661, 4.63216820208e-05, -0.000552852929104, -0.000568532734178, 0.00962725281715, -0.00145368510857, 0.00125268253032, -0.00119943392929], [5.5657728808e-05, -0.000359890982509, -0.000255904713413, -0.00042233383283, 0.000159178278409, -0.000862510467414, -0.000946197891608, 0.00175964983646, 0.000276603968814, -0.00145368510857, 0.00997817609459, -0.00180023314897, -0.000218250759644], [-9.72795751295e-05, 9.80252589216e-05, -0.000354699441232, -0.0011116634123, 8.84276159923e-05, 0.000595472520217, 0.000184538555914, -0.000212812010432, -0.000691198336426, 0.00125268253032, -0.00180023314897, 0.0118173016235, -0.00179661542643], [0.000146363076055, 0.00021948950598, 0.000285654823529, -0.000613317766692, -0.00137913168874, -0.000328771711793, -0.000622087623924, -0.000904399261344, 0.000222367569222, -0.00119943392929, -0.000218250759644, -0.00179661542643, 0.0127016045153]]
    },
    "melbands": {
        "mean": [0.00212149950676, 0.00166431104299, 0.000818003900349, 0.000625686661806, 0.000388192740502, 0.00031384950853, 0.000248146709055, 0.000213985869777, 0.00039016068331, 0.000425357487984, 0.00029635525425, 0.000216772445128, 0.000111995374027, 7.85983065725e-05, 7.32083062758e-05, 7.98758628662e-05, 7.58974274504e-05, 5.68491850572e-05, 2.86769445665e-05, 2.78916395473e-05, 1.57127306011e-05, 1.46806223711e-05, 1.39044195748e-05, 9.87377734418e-06, 5.4740798987e-06, 4.12677263739e-06, 5.38462336408e-06, 5.25335008206e-06, 2.7542969292e-06, 2.28361818699e-06, 2.15642285184e-06, 2.65034373115e-06, 3.0335095289e-06, 3.2413001918e-06, 3.64453239854e-06, 3.69238500753e-06, 3.1061304071e-06, 2.28584303841e-06, 1.99212377083e-06, 1.6907540612e-06],
        "stdev": [0.002846873831, 0.00230839685537, 0.00100621883757, 0.000840168155264, 0.000468781887321, 0.000452111620689, 0.00043810979696, 0.000446484511485, 0.000902905594558, 0.00104393658694, 0.000855146849062, 0.000610511342529, 0.000358062010491, 0.000220072586671, 0.000202716139029, 0.000250207085628, 0.00023232588137, 0.000149961357238, 6.80014491081e-05, 7.29636376491e-05, 5.01055910718e-05, 5.71848759137e-05, 4.09709682572e-05, 2.40581939579e-05, 1.18777597891e-05, 8.33324793348e-06, 1.10385108201e-05, 1.00480656329e-05, 6.22748439127e-06, 5.56329268875e-06, 5.04074341734e-06, 5.37934101885e-06, 7.15096757631e-06, 8.17232739792e-06, 9.89089585346e-06, 9.36633750825e-06, 8.33198646433e-06, 6.83594453221e-06, 6.15984981778e-06, 5.4137672123e-06]
    },
    "melbands128": {
        "mean": [0.000623411382549, 0.00219417898916, 0.00269865454175, 0.00211376324296, 0.00161204661708, 0.00121462519746, 0.000890111608896, 0.000714538095053, 0.000643220497295, 0.000716475769877, 0.000631828675978, 0.000365210697055, 0.000390410074033, 0.00035238856799, 0.000309676222969, 0.00032879281207, 0.000216482629185, 0.000277571612969, 0.000201733331778, 0.000210311089177, 0.000151660700794, 0.000340578408213, 0.000463965290692, 0.000287195754936, 0.000563263369258, 0.000314929056913, 0.000476191780763, 0.000250437529758, 0.000208558310987, 0.000282065768261, 0.000204766110983, 0.000114832742838, 0.000150777443196, 5.71963610128e-05, 6.90142842359e-05, 9.41656981013e-05, 7.89644764154e-05, 5.26341318619e-05, 8.20495042717e-05, 0.0001018795665, 4.74497683172e-05, 9.95115624391e-05, 9.4791786978e-05, 4.47278944193e-05, 7.13445915608e-05, 5.6174074416e-05, 4.98264489579e-05, 2.3190092179e-05, 1.90278151422e-05, 3.80515848519e-05, 3.26824701915e-05, 1.46791444422e-05, 1.64481061802e-05, 1.49229263116e-05, 1.53247619892e-05, 1.30351245389e-05, 1.54714853124e-05, 1.95537286345e-05, 1.14210524771e-05, 7.17270268069e-06, 1.03317843241e-05, 1.27742478071e-05, 5.47245463167e-06, 3.55821271114e-06, 4.6091195145e-06, 3.54582016371e-06, 4.41082238467e-06, 5.06465403305e-06, 5.45353441339e-06, 5.9060980675e-06, 6.33388071947e-06, 4.57834266854e-06, 2.55740292232e-06, 2.87170428237e-06, 2.27628152061e-06, 2.12076361095e-06, 2.40493682213e-06, 2.27551845455e-06, 1.89040520127e-06, 2.32673642131e-06, 2.4783232675e-06, 2.82058249468e-06, 3.03925457956e-06, 3.15772763315e-06, 2.86590443466e-06, 3.01909062728e-06, 3.296090199e-06, 3.87695899917e-06, 3.67287452718e-06, 3.46784804606e-06, 3.62772334483e-06, 3.77199307877e-06, 3.83575252272e-06, 3.13857344736e-06, 2.72300121651e-06, 2.34522713072e-06, 2.2387541776e-06, 2.08222331821e-06, 2.09204745261e-06, 1.8907978756e-06, 1.72217346517e-06, 1.63465790592e-06, 1.67057316958e-06, 1.70228906882e-06, 1.71188116838e-06, 1.60157435403e-06, 1.64454240803e-06, 1.17481909001e-06, 9.82277697403e-07, 9.56631311055e-07, 1.16255398552e-06, 8.02381862286e-07, 7.62083402606e-07, 8.58954251726e-07, 6.90882131948e-07, 5.82525899517e-07, 5.3698101965e-07, 5.01950125908e-07, 5.79017921609e-07, 5.95796507241e-07, 6.05476998317e-07, 7.43728776342e-07, 5.2847161669e-07, 6.34249317955e-07, 4.54131168226e-07, 7.19936750215e-08, 1.03854433733e-11, 4.13109780759e-12],
        "stdev": [0.00111224851571, 0.00333732157014, 0.00388143630698, 0.00362656032667, 0.00255691353232, 0.00160149857402, 0.00124747795053, 0.00114404561464, 0.00119715521578, 0.00120954785962, 0.00112789310515, 0.000579761166591, 0.000636697455775, 0.000561878085136, 0.000501702830661, 0.00075592257781, 0.000545246817637, 0.000656580843497, 0.000565987080336, 0.000663980201352, 0.000514038198162, 0.000977579271421, 0.00150686106645, 0.000875247409567, 0.00184500473551, 0.00115672079846, 0.0017883698456, 0.00112314301077, 0.000909106398467, 0.000985413556919, 0.00076187500963, 0.000578034378123, 0.000593614473473, 0.000224313698709, 0.00026760721812, 0.000353339826688, 0.000265889364528, 0.000220382586122, 0.000378865195671, 0.000493737519719, 0.000275538186543, 0.000399063079385, 0.00040103556239, 0.000219607332838, 0.000289201212581, 0.000189427024452, 0.000167244914337, 9.6394061984e-05, 7.33997367206e-05, 0.000133903798996, 0.000116587507364, 6.29989226582e-05, 7.81812414061e-05, 5.88068105571e-05, 7.18105366104e-05, 8.90164010343e-05, 8.94223485375e-05, 8.50551878102e-05, 3.69123154087e-05, 2.93299599434e-05, 3.54582916771e-05, 3.79173070542e-05, 1.94201093109e-05, 1.10972923721e-05, 1.20422819236e-05, 1.06131219582e-05, 1.12292791528e-05, 1.44135428854e-05, 1.58159691637e-05, 1.34499023261e-05, 1.55971265485e-05, 1.13382147902e-05, 6.42967097519e-06, 9.48275283008e-06, 6.45024374535e-06, 5.68845962334e-06, 7.6546020864e-06, 6.6728443926e-06, 5.34750324732e-06, 5.17056741955e-06, 5.61973229196e-06, 7.23021094018e-06, 8.20258992462e-06, 8.95039283932e-06, 8.79980871105e-06, 8.02215890872e-06, 9.10011749511e-06, 1.44361438288e-05, 1.13156029329e-05, 9.93122375803e-06, 9.57525480771e-06, 1.11657045636e-05, 1.148028241e-05, 8.99127189768e-06, 8.19802608021e-06, 7.94767493062e-06, 7.43475538911e-06, 6.9235193223e-06, 7.20379830454e-06, 6.16430679656e-06, 6.005403975e-06, 5.59326053917e-06, 5.84225244893e-06, 6.15201588516e-06, 6.13025940766e-06, 5.40738756172e-06, 6.48377726975e-06, 4.28188877777e-06, 3.30111424773e-06, 3.12599672725e-06, 3.8748512452e-06, 2.5953640943e-06, 2.3031652745e-06, 2.7604078241e-06, 2.13952989725e-06, 1.80114000159e-06, 2.74980266113e-06, 3.3687326777e-06, 2.30816772273e-06, 2.70187638307e-06, 2.62346225099e-06, 3.10883729071e-06, 2.54215319728e-06, 3.06074934997e-06, 2.08911046684e-06, 4.4006262101e-07, 7.56611232e-11, 7.98059621859e-12]
    },
    "mfcc": {
        "mean": [-669.110656738, 131.130081177, 21.6856956482, 7.37046098709, 6.29417324066, 4.80525779724, -1.23489785194, 5.29226160049, -1.9178442955, 6.61698389053, -0.504172742367, -0.928275465965, -2.63536190987],
        "cov": [[11493.8408203, -1439.27807617, -457.767913818, -238.049377441, -74.2451248169, 246.517700195, -36.5857772827, 268.139801025, 111.745323181, 337.846984863, 171.128540039, 20.8288917542, -27.0496253967], [-1439.27807617, 1588.74206543, -25.5415363312, 104.671989441, 48.6809425354, 8.4650812149, 79.6780929565, 2.64953279495, 6.36205244064, -6.18606138229, 26.3185310364, 31.2578582764, 25.2357387543], [-457.767913818, -25.5415363312, 720.132446289, 62.4743843079, 83.9211425781, 15.4633836746, 4.2214422226, 10.989109993, -17.3188419342, -60.3189353943, 22.7626037598, 0.903747439384, 20.7526893616], [-238.049377441, 104.671989441, 62.4743843079, 470.020721436, 177.438690186, -0.0298979673535, -60.8646240234, 24.8982467651, 71.1430892944, -37.1181983948, 31.9898281097, 33.7134361267, 71.8425750732], [-74.2451248169, 48.6809425354, 83.9211425781, 177.438690186, 272.195495605, 20.5959300995, -51.1647338867, 13.6929693222, 61.2599411011, 3.64719986916, 28.4563274384, 18.4969120026, 46.4399223328], [246.517700195, 8.4650812149, 15.4633836746, -0.0298979673535, 20.5959300995, 204.271316528, 85.0249404907, 26.2796096802, 30.9943466187, 35.4060287476, 36.1912307739, 8.88158798218, 13.9306020737], [-36.5857772827, 79.6780929565, 4.2214422226, -60.8646240234, -51.1647338867, 85.0249404907, 236.414077759, -4.61976146698, 3.36045885086, 26.469707489, 5.31442451477, 16.0810661316, -2.77600932121], [268.139801025, 2.64953279495, 10.989109993, 24.8982467651, 13.6929693222, 26.2796096802, -4.61976146698, 167.623733521, 23.7274169922, 16.313703537, 16.9343128204, 3.12923002243, 12.2267541885], [111.745323181, 6.36205244064, -17.3188419342, 71.1430892944, 61.2599411011, 30.9943466187, 3.36045885086, 23.7274169922, 184.893417358, 35.3079528809, 38.8243637085, 2.43010354042, 10.6191616058], [337.846984863, -6.18606138229, -60.3189353943, -37.1181983948, 3.64719986916, 35.4060287476, 26.469707489, 16.313703537, 35.3079528809, 151.016326904, 12.4437026978, 3.52212357521, -9.4769744873], [171.128540039, 26.3185310364, 22.7626037598, 31.9898281097, 28.4563274384, 36.1912307739, 5.31442451477, 16.9343128204, 38.8243637085, 12.4437026978, 129.978485107, 11.7564878464, 12.0411787033], [20.8288917542, 31.2578582764, 0.903747439384, 33.7134361267, 18.4969120026, 8.88158798218, 16.0810661316, 3.12923002243, 2.43010354042, 3.52212357521, 11.7564878464, 101.958877563, 23.2760353088], [-27.0496253967, 25.2357387543, 20.7526893616, 71.8425750732, 46.4399223328, 13.9306020737, -2.77600932121, 12.2267541885, 10.6191616058, -9.4769744873, 12.0411787033, 23.2760353088, 108.990577698]],
        "icov": [[0.000116679766506, 0.000104793412902, 6.7114844569e-05, 3.21887673636e-05, 1.17072813737e-05, -9.79720425676e-05, 5.0935534091e-05, -0.000151708241901, 1.45868170875e-05, -0.000182901407243, -0.000135357258841, -4.33756395068e-05, 3.43984447682e-06], [0.000104793412902, 0.000757167115808, 0.000118389063573, -0.000120738695841, -9.71076005953e-05, 3.67930369976e-05, -0.000283146044239, -0.000148357517901, 9.64281280176e-05, -0.000126957951579, -0.000245072180405, -0.000117394643894, -1.44457426359e-05], [6.7114844569e-05, 0.000118389063573, 0.0015699918149, 8.40385382617e-06, -0.000554354628548, -0.000118821488286, -0.000200468566618, -0.000216299085878, 0.000303911423543, 0.000538348394912, -0.000348872155882, 9.91714914562e-05, -1.01182522485e-05], [3.21887673636e-05, -0.000120738695841, 8.40385382617e-06, 0.00324630411342, -0.00158655189443, 7.55015571485e-05, 0.000452354637673, -0.000264489703113, -0.000777137174737, 0.000833300407976, -0.000169975464814, -0.000562076282222, -0.00111095060129], [1.17072813737e-05, -9.71076005953e-05, -0.000554354628548, -0.00158655189443, 0.00561116356403, -0.000691203866154, 0.00120390800294, 0.000239303000853, -0.00102595414501, -0.000656373449601, -0.000134995614644, -0.000307429669192, -0.000998506322503], [-9.79720425676e-05, 3.67930369976e-05, -0.000118821488286, 7.55015571485e-05, -0.000691203866154, 0.00660199346021, -0.00245403824374, -0.000623113766778, -0.000322002975736, -0.000708868552465, -0.00118789460976, 0.000236308609601, -0.00055138929747], [5.0935534091e-05, -0.000283146044239, -0.000200468566618, 0.000452354637673, 0.00120390800294, -0.00245403824374, 0.00572658050805, 0.000405299244449, -0.00029541834374, -0.000535183877219, 0.000285501242615, -0.000971071363892, -0.00012263811368], [-0.000151708241901, -0.000148357517901, -0.000216299085878, -0.000264489703113, 0.000239303000853, -0.000623113766778, 0.000405299244449, 0.00651381444186, -0.000505181204062, -0.000352565490175, -0.000186454082723, 7.4385512562e-05, -0.000507225573529], [1.45868170875e-05, 9.64281280176e-05, 0.000303911423543, -0.000777137174737, -0.00102595414501, -0.000322002975736, -0.00029541834374, -0.000505181204062, 0.00672955997288, -0.00134106492624, -0.00145788106602, 0.000495872867759, 0.000246024806984], [-0.000182901407243, -0.000126957951579, 0.000538348394912, 0.000833300407976, -0.000656373449601, -0.000708868552465, -0.000535183877219, -0.000352565490175, -0.00134106492624, 0.00812307186425, -3.1260693504e-05, -0.00031839121948, 0.000636846118141], [-0.000135357258841, -0.000245072180405, -0.000348872155882, -0.000169975464814, -0.000134995614644, -0.00118789460976, 0.000285501242615, -0.000186454082723, -0.00145788106602, -3.1260693504e-05, 0.00892168376595, -0.000682477490045, -0.000261423643678], [-4.33756395068e-05, -0.000117394643894, 9.91714914562e-05, -0.000562076282222, -0.000307429669192, 0.000236308609601, -0.000971071363892, 7.4385512562e-05, 0.000495872867759, -0.00031839121948, -0.000682477490045, 0.0107251890004, -0.00185532658361], [3.43984447682e-06, -1.44457426359e-05, -1.01182522485e-05, -0.00111095060129, -0.000998506322503, -0.00055138929747, -0.00012263811368, -0.000507225573529, 0.000246024806984, 0.000636846118141, -0.000261423643678, -0.00185532658361, 0.0109197460115]]
    },
    "spectral_contrast_coeffs": {
        "mean": [-0.732147753239, -0.732958614826, -0.737460255623, -0.764558553696, -0.777821063995, -0.794547438622],
        "stdev": [0.0743757709861, 0.0754741281271, 0.0798440650105, 0.0668295845389, 0.0549382567406, 0.0465217791498]
    },
    "spectral_contrast_valleys": {
        "mean": [-6.65661478043, -6.90002584457, -7.78867340088, -8.27588558197, -8.52479839325, -10.4135780334],
        "stdev": [1.80569374561, 1.73057508469, 1.70524466038, 1.72370517254, 1.76734721661, 1.83784687519]
    }
},
"rhythm": {
    "beats_count": 384,
    "beats_loudness": {
        "mean": 0.0410210825503,
        "stdev": 0.0333891734481
    },
    "bpm": 83.242515564,
    "bpm_histogram_first_peak_bpm": 83,
    "bpm_histogram_first_peak_weight": 0.0168918967247,
    "bpm_histogram_second_peak_bpm": 136,
    "bpm_histogram_second_peak_spread": 0.208333313465,
    "bpm_histogram_second_peak_weight": 0.0496083535254,
    "danceability": 1.04739820957,
    "onset_rate": 2.86109519005,
    "beats_loudness_band_ratio": {
        "mean": [0.449967175722, 0.175745263696, 0.183277741075, 0.11372063309, 0.0468205548823, 0.0600107051432],
        "stdev": [0.262772738934, 0.14682649076, 0.163740187883, 0.153465598822, 0.0604260079563, 0.0921977609396]
    },
    "beats_position": [0.708208620548, 1.43963718414, 2.17106580734, 2.91410422325, 3.64553284645, 4.37696123123, 5.15482997894, 5.93269824982, 6.6176867485, 7.30267572403, 7.98766422272, 8.66104316711, 9.33442115784, 10.0078001022, 10.5534696579, 11.0991382599, 11.6448068619, 12.1788663864, 12.7129249573, 13.2469835281, 13.7810430527, 14.3151016235, 14.8491611481, 15.3483896255, 15.8360090256, 16.3352375031, 16.7764167786, 17.2175960541, 17.6587753296, 18.0535144806, 18.4366436005, 18.8197727203, 19.2029018402, 19.5860309601, 19.96916008, 20.3522891998, 20.8050785065, 21.2578678131, 21.7222671509, 22.2911567688, 22.8368244171, 23.3941040039, 23.9513835907, 24.5086612701, 25.0659408569, 25.6232185364, 26.1804981232, 26.73777771, 27.353105545, 27.9568252563, 28.5605430603, 29.1642627716, 29.7563705444, 30.3484802246, 30.9521980286, 31.567527771, 32.1828575134, 32.8097953796, 33.4483451843, 34.1797714233, 34.9112014771, 35.6310195923, 36.3508377075, 37.0706558228, 37.790473938, 38.4986839294, 39.2301139832, 39.9615402222, 40.6813583374, 41.4011802673, 42.1209983826, 42.8524246216, 43.560634613, 44.2804527283, 45.0002708435, 45.7200889587, 46.439907074, 47.1597251892, 47.8911552429, 48.6225852966, 49.3424034119, 50.0622215271, 50.7820396423, 51.5018577576, 52.2216758728, 52.941493988, 53.661315918, 54.3811340332, 55.1009521484, 55.8207702637, 56.5405883789, 57.2604064941, 57.9802246094, 58.7116546631, 59.4314727783, 60.1512908936, 60.8711090088, 61.6025390625, 62.3223571777, 63.042175293, 63.7619934082, 64.4818115234, 65.2016296387, 65.9214477539, 66.6412658691, 67.3610839844, 68.0809020996, 68.8007278442, 69.5205459595, 70.2403640747, 70.9601821899, 71.6800003052, 72.3998184204, 73.1196365356, 73.8394546509, 74.5592727661, 75.2790908813, 76.0105209351, 76.7419509888, 77.461769104, 78.1815872192, 78.9014053345, 79.6212234497, 80.3410415649, 81.0608596802, 81.7806777954, 82.5004959106, 83.2203140259, 83.9401321411, 84.6599502563, 85.3797683716, 86.0995864868, 86.8194122314, 87.5392303467, 88.2590484619, 88.9788665771, 89.6986846924, 90.4301147461, 91.1615371704, 91.8813552856, 92.6011810303, 93.3209991455, 94.0408172607, 94.760635376, 95.4804534912, 96.2002716064, 96.9200897217, 97.6399078369, 98.3597259521, 99.0795440674, 99.7993621826, 100.519180298, 101.238998413, 101.958816528, 102.678634644, 103.398452759, 104.129882812, 104.849700928, 105.569519043, 106.289337158, 107.009155273, 107.728981018, 108.448799133, 109.168617249, 109.876823425, 110.608253479, 111.339683533, 112.059501648, 112.767707825, 113.499137878, 114.218955994, 114.938774109, 115.658592224, 116.378410339, 117.098228455, 117.81804657, 118.537864685, 119.2576828, 119.977500916, 120.697319031, 121.417137146, 122.136962891, 122.856781006, 123.576599121, 124.296417236, 125.016235352, 125.747665405, 126.47908783, 127.198905945, 127.91872406, 128.638549805, 129.35836792, 130.078186035, 130.79800415, 131.517822266, 132.237640381, 132.957458496, 133.677276611, 134.397094727, 135.116912842, 135.836730957, 136.556549072, 137.276367188, 137.996185303, 138.716003418, 139.435821533, 140.155639648, 140.875457764, 141.595275879, 142.326705933, 143.046524048, 143.777954102, 144.497772217, 145.217590332, 145.937408447, 146.657226562, 147.377044678, 148.096862793, 148.816680908, 149.536499023, 150.256317139, 150.976135254, 151.695953369, 152.415786743, 153.135604858, 153.855422974, 154.575241089, 155.295059204, 156.014877319, 156.746307373, 157.477722168, 158.197555542, 158.917373657, 159.637191772, 160.357009888, 161.076828003, 161.796646118, 162.516464233, 163.236282349, 163.956100464, 164.675918579, 165.395736694, 166.11555481, 166.835372925, 167.55519104, 168.275009155, 168.994827271, 169.714645386, 170.434463501, 171.165893555, 171.88571167, 172.605529785, 173.336959839, 174.056777954, 174.776596069, 175.496414185, 176.2162323, 176.936050415, 177.65586853, 178.375686646, 179.095504761, 179.815322876, 180.535140991, 181.254959106, 181.974777222, 182.694595337, 183.414413452, 184.134231567, 184.854049683, 185.573867798, 186.293685913, 187.013504028, 187.744934082, 188.476364136, 189.196182251, 189.916000366, 190.635818481, 191.355636597, 192.075454712, 192.795272827, 193.515090942, 194.234924316, 194.954742432, 195.674560547, 196.394378662, 197.114196777, 197.834014893, 198.553833008, 199.273651123, 199.993469238, 200.713287354, 201.433105469, 202.152923584, 202.884353638, 203.615783691, 204.335601807, 205.055419922, 205.775238037, 206.495056152, 207.214874268, 207.934692383, 208.654510498, 209.374328613, 210.094146729, 210.813964844, 211.533782959, 212.253601074, 212.973419189, 213.693237305, 214.41305542, 215.132873535, 215.85269165, 216.584121704, 217.315551758, 218.035369873, 218.755187988, 219.475006104, 220.194824219, 220.914642334, 221.634460449, 222.354278564, 223.07409668, 223.793914795, 224.51373291, 225.233551025, 225.953369141, 226.673187256, 227.393005371, 228.112823486, 228.832641602, 229.552474976, 230.272293091, 230.992111206, 231.723526001, 232.443344116, 233.16317749, 233.894592285, 234.6144104, 235.334228516, 236.05406189, 236.773880005, 237.49369812, 238.213516235, 238.933334351, 239.653152466, 240.372970581, 241.092788696, 241.812606812, 242.532424927, 243.252243042, 243.890792847, 244.54095459, 245.191101074, 245.655502319, 246.119903564, 246.572692871, 246.990646362, 247.408615112, 247.826568604, 248.267745972, 248.70892334, 249.150115967, 249.591293335, 250.032470703, 250.473648071, 250.914825439, 251.356002808, 251.797180176, 252.238357544, 252.749206543, 253.248428345, 253.759277344, 254.258499146, 254.769332886, 255.280181885, 255.721359253, 256.150939941, 256.592102051, 257.033294678, 257.474456787, 257.904022217, 258.345214844, 258.786376953, 259.204345703],
    "bpm_histogram": [0, 0, 0, 0, 0, 0, 0, 0, 0, 0, 0, 0, 0, 0, 0, 0, 0, 0, 0, 0, 0, 0, 0, 0, 0, 0, 0, 0, 0, 0, 0, 0, 0, 0, 0, 0, 0, 0, 0, 0, 0, 0, 0, 0, 0, 0, 0, 0, 0, 0, 0, 0, 0, 0, 0, 0, 0, 0, 0, 0, 0, 0, 0, 0, 0, 0, 0, 0, 0, 0, 0, 0, 0, 0, 0, 0, 0, 0.00522193219513, 0, 0, 0, 0.00261096609756, 0.0966057404876, 0.663185358047, 0, 0.0104438643903, 0, 0, 0.00783289782703, 0.00783289782703, 0, 0, 0.00522193219513, 0, 0.00522193219513, 0, 0.00261096609756, 0, 0.00783289782703, 0.0104438643903, 0, 0.00522193219513, 0, 0, 0, 0.00261096609756, 0, 0, 0.0182767622173, 0, 0.0104438643903, 0, 0.0156657956541, 0, 0, 0, 0, 0.0104438643903, 0, 0, 0.0104438643903, 0, 0, 0.00261096609756, 0, 0, 0, 0, 0, 0.00783289782703, 0, 0, 0, 0.00783289782703, 0, 0, 0.0496083535254, 0, 0, 0, 0.00522193219513, 0, 0, 0, 0.0104438643903, 0, 0, 0, 0, 0, 0, 0, 0.00261096609756, 0, 0, 0, 0, 0.0156657956541, 0, 0, 0, 0, 0, 0, 0, 0, 0, 0, 0, 0, 0, 0, 0, 0, 0, 0, 0, 0, 0, 0, 0, 0, 0, 0, 0, 0, 0, 0, 0, 0, 0, 0, 0, 0, 0, 0, 0, 0, 0, 0, 0, 0, 0, 0, 0, 0, 0, 0, 0, 0, 0, 0, 0, 0, 0, 0, 0, 0, 0, 0, 0, 0, 0, 0, 0, 0, 0, 0, 0, 0, 0, 0, 0, 0, 0, 0, 0, 0, 0, 0, 0, 0, 0, 0, 0, 0, 0, 0, 0, 0]
},
"tonal": {
    "chords_changes_rate": 0.0478485971689,
    "chords_number_rate": 0.00214247452095,
    "chords_strength": {
        "mean": 0.533433377743,
        "stdev": 0.125731468201
    },
    "hpcp_crest": {
        "mean": 13.5000152588,
        "stdev": 6.30472040176
    },
    "hpcp_entropy": {
        "mean": 1.93684339523,
        "stdev": 0.682809174061
    },
    "key_edma": {
        "strength": 0.736095249653,
        "key": "D",
        "scale": "major"
    },
    "key_krumhansl": {
        "strength": 0.738888025284,
        "key": "D",
        "scale": "major"
    },
    "key_temperley": {
        "strength": 0.73977047205,
        "key": "D",
        "scale": "major"
    },
    "tuning_diatonic_strength": 0.622047841549,
    "tuning_equal_tempered_deviation": 0.497014790773,
    "tuning_frequency": 434.193115234,
    "tuning_nontempered_energy_ratio": 0.993655025959,
    "hpcp": {
        "mean": [0.137103036046, 0.297182947397, 0.260218143463, 0.0743090584874, 0.0367867164314, 0.0349774435163, 0.0575582832098, 0.198311716318, 0.221040442586, 0.0836033895612, 0.0344451144338, 0.0303874909878, 0.052696287632, 0.129353284836, 0.130662575364, 0.0895944088697, 0.233655810356, 0.240953996778, 0.0791627243161, 0.0466985031962, 0.0499239563942, 0.0716010183096, 0.219575092196, 0.248499765992, 0.105193309486, 0.0465500093997, 0.0431794524193, 0.0996009930968, 0.233941733837, 0.215392351151, 0.0935251787305, 0.097183085978, 0.0912945866585, 0.0614003092051, 0.0958305448294, 0.110193856061],
        "stdev": [0.215840950608, 0.350773394108, 0.313554614782, 0.154599994421, 0.116979442537, 0.113561294973, 0.131715252995, 0.275949835777, 0.317627906799, 0.159036681056, 0.11266284436, 0.110673777759, 0.136549219489, 0.233435586095, 0.235507890582, 0.176336854696, 0.328278779984, 0.346301227808, 0.155368804932, 0.137626320124, 0.143309980631, 0.159510478377, 0.294311016798, 0.335300534964, 0.193064630032, 0.135560780764, 0.133431509137, 0.196454003453, 0.309352695942, 0.284393757582, 0.182297870517, 0.227983489633, 0.227746456861, 0.151915192604, 0.206717312336, 0.228516474366]
    },
    "chords_histogram": [26.4595603943, 9.74825954437, 15.318693161, 4.57061243057, 11.0337438583, 2.8566327095, 3.85645413399, 0, 0, 0, 0.0178539548069, 0, 0, 0, 0, 0.178539544344, 0, 1.60685586929, 0, 1.30333864689, 0.321371197701, 5.21335458755, 3.42795920372, 14.0867700577],
    "thpcp": [1, 0.875616014004, 0.250044822693, 0.1237847507, 0.117696672678, 0.193679630756, 0.66730517149, 0.743785738945, 0.281319618225, 0.115905418992, 0.102251797915, 0.177319347858, 0.435264825821, 0.439670503139, 0.301478981972, 0.786235570908, 0.810793459415, 0.266377061605, 0.157137230039, 0.167990654707, 0.2409324646, 0.738854944706, 0.836184501648, 0.353968203068, 0.1566375494, 0.145295858383, 0.335150420666, 0.787197709084, 0.724780321121, 0.314705729485, 0.327014327049, 0.307199954987, 0.2066077739, 0.32246312499, 0.370794683695, 0.461342215538],
    "chords_key": "D",
    "chords_scale": "major"
}
}