{
"metadata": {
    "version": {
        "essentia": "2.1-dev",
        "essentia_git_sha": "v2.1_beta3-415-gd5473f3",
        "extractor": "music 2.0"
    },
    "audio_properties": {
        "analysis": {
            "equal_loudness": 0,
            "length": 216.894699097,
            "sample_rate": 44100,
            "start_time": 0,
            "downmix": "mix"
        },
        "bit_rate": 192000,
        "length": 216.894699097,
        "lossless": 0,
        "number_channels": 2,
        "replay_gain": -5.17508506775,
        "sample_rate": 44100,
        "codec": "mp3",
        "md5_encoded": "669220fa0289a2cf1b947bbd8f2a95e6"
    },
    "tags": {
        "file_name": "atetha_franklin-i_say_a_little_prayer.mp3",
        "album": ["Aretha Now"],
        "artist": ["Aretha Franklin"],
        "date": ["1968"],
        "genre": ["Other"],
        "title": ["I Say A Little Prayer"]
    }
},
"lowlevel": {
    "average_loudness": 0.375353395939,
    "barkbands_crest": {
        "mean": 10.5375614166,
        "stdev": 4.37264585495
    },
    "barkbands_flatness_db": {
        "mean": 0.147527977824,
        "stdev": 0.0494082085788
    },
    "barkbands_kurtosis": {
        "mean": 5.78427696228,
        "stdev": 14.4989547729
    },
    "barkbands_skewness": {
        "mean": 1.20205044746,
        "stdev": 1.68029332161
    },
    "barkbands_spread": {
        "mean": 18.3133525848,
        "stdev": 11.4162778854
    },
    "dissonance": {
        "mean": 0.455506980419,
        "stdev": 0.0337078645825
    },
    "dynamic_complexity": 4.82772111893,
    "erbbands_crest": {
        "mean": 11.4809064865,
        "stdev": 5.80517911911
    },
    "erbbands_flatness_db": {
        "mean": 0.178833961487,
        "stdev": 0.0512338727713
    },
    "erbbands_kurtosis": {
        "mean": 1.5538444519,
        "stdev": 3.12251996994
    },
    "erbbands_skewness": {
        "mean": 0.449503868818,
        "stdev": 0.892670750618
    },
    "erbbands_spread": {
        "mean": 29.9819869995,
        "stdev": 19.0860347748
    },
    "hfc": {
        "mean": 17.5283412933,
        "stdev": 22.2235221863
    },
    "loudness_ebu128": {
        "integrated": -18.4105892181,
        "loudness_range": 7.05154037476,
        "momentary": {
            "mean": -24.874212265,
            "stdev": 35.1494674683
        },
        "short_term": {
            "mean": -21.3050956726,
            "stdev": 18.150177002
        }
    },
    "melbands_crest": {
        "mean": 14.4206409454,
        "stdev": 6.10472393036
    },
    "melbands_flatness_db": {
        "mean": 0.211036905646,
        "stdev": 0.071375310421
    },
    "melbands_kurtosis": {
        "mean": 13.4523363113,
        "stdev": 31.963092804
    },
    "melbands_skewness": {
        "mean": 2.03218269348,
        "stdev": 2.11078643799
    },
    "melbands_spread": {
        "mean": 25.8757228851,
        "stdev": 21.4909572601
    },
    "pitch_salience": {
        "mean": 0.527390480042,
        "stdev": 0.119557470083
    },
    "silence_rate_20dB": {
        "mean": 1,
        "stdev": 0
    },
    "silence_rate_30dB": {
        "mean": 0.997538030148,
        "stdev": 0.0495568737388
    },
    "silence_rate_60dB": {
        "mean": 0.112181544304,
        "stdev": 0.315578222275
    },
    "spectral_centroid": {
        "mean": 1424.9798584,
        "stdev": 1437.42358398
    },
    "spectral_complexity": {
        "mean": 13.6543569565,
        "stdev": 8.51499652863
    },
    "spectral_decrease": {
        "mean": -4.57123272568e-09,
        "stdev": 4.2254399979e-09
    },
    "spectral_energy": {
        "mean": 0.0188427679241,
        "stdev": 0.0177286546677
    },
    "spectral_energyband_high": {
        "mean": 0.000280845910311,
        "stdev": 0.00043386631296
    },
    "spectral_energyband_low": {
        "mean": 0.00459083262831,
        "stdev": 0.00570211093873
    },
    "spectral_energyband_middle_high": {
        "mean": 0.00875580497086,
        "stdev": 0.0139840841293
    },
    "spectral_energyband_middle_low": {
        "mean": 0.00578512810171,
        "stdev": 0.00655340822414
    },
    "spectral_entropy": {
        "mean": 7.3701171875,
        "stdev": 0.542680382729
    },
    "spectral_flux": {
        "mean": 0.0677609071136,
        "stdev": 0.0474224314094
    },
    "spectral_kurtosis": {
        "mean": 5.45436191559,
        "stdev": 2.97228074074
    },
    "spectral_rms": {
        "mean": 0.00382152548991,
        "stdev": 0.00194401585031
    },
    "spectral_rolloff": {
        "mean": 1609.72155762,
        "stdev": 2578.18383789
    },
    "spectral_skewness": {
        "mean": 1.68711817265,
        "stdev": 0.487056791782
    },
    "spectral_spread": {
        "mean": 4745021.5,
        "stdev": 5067783
    },
    "spectral_strongpeak": {
        "mean": 1.55393016338,
        "stdev": 2.23521447182
    },
    "zerocrossingrate": {
        "mean": 0.0590690672398,
        "stdev": 0.0665878802538
    },
    "barkbands": {
        "mean": [2.42476326093e-05, 0.00156976445578, 0.00251123937778, 0.000893990858458, 0.00143171136733, 0.000603945576586, 0.000764210708439, 0.000859012419824, 0.00104194192681, 0.00131578696892, 0.00172623363324, 0.00133098638617, 0.000966588733718, 0.00101744302083, 0.00094648002414, 0.000609255454037, 0.00023786474776, 0.000286943773972, 0.000319499289617, 0.000190718361409, 7.28342420189e-05, 3.45497937815e-05, 3.61166094081e-05, 2.89614363282e-05, 1.79646594916e-05, 4.20803007728e-06, 2.82820224129e-07],
        "stdev": [3.16001132887e-05, 0.00216673500836, 0.0039968220517, 0.00147866399493, 0.00241182837635, 0.00135338655673, 0.00185828551184, 0.0023218144197, 0.00275193620473, 0.00417247181758, 0.00668532913551, 0.00466665579006, 0.00398600706831, 0.00271543022245, 0.00265576969832, 0.00199600565247, 0.000905345659703, 0.000598798622377, 0.000756955705583, 0.000378318422008, 0.000146513673826, 6.8434572313e-05, 6.11854775343e-05, 5.39467400813e-05, 4.56890957139e-05, 1.05955487015e-05, 8.80142920323e-07]
    },
    "erbbands": {
        "mean": [0.0190728753805, 0.475631564856, 2.74129295349, 2.95059013367, 4.22964286804, 4.59120464325, 3.04432797432, 6.36355781555, 11.1293811798, 13.758140564, 17.9680919647, 24.380853653, 28.1558151245, 54.1443519592, 84.0259933472, 46.8803634644, 44.4122772217, 46.4792671204, 62.4279136658, 35.9045410156, 29.9918842316, 14.7161874771, 13.3830966949, 18.2391395569, 14.4174747467, 9.54786396027, 4.64635133743, 1.80612814426, 1.2280715704, 1.20440793037, 1.00850915909, 0.633030772209, 0.476271897554, 0.260095268488, 0.094808280468, 0.0261043533683, 0.0065075843595, 0.00101579108741, 5.31530859007e-05, 2.46596537181e-05],
        "stdev": [0.0353144071996, 0.628594636917, 4.32480430603, 3.85198020935, 8.66945838928, 7.13819503784, 5.02046918869, 14.0082798004, 28.544336319, 32.4472198486, 42.7759552002, 66.1721420288, 84.0191574097, 159.596359253, 294.513793945, 146.148803711, 171.053939819, 137.664337158, 158.165512085, 115.215393066, 92.6016769409, 49.4303779602, 29.007566452, 43.4041519165, 32.1583137512, 19.2103347778, 9.22402667999, 3.14021134377, 2.45240330696, 2.17980313301, 1.75387215614, 1.08044791222, 1.00020885468, 0.666080236435, 0.249373063445, 0.0706577375531, 0.0155504504219, 0.00250653945841, 0.000140946940519, 2.26308966376e-05]
    },
    "gfcc": {
        "mean": [-65.2194976807, 100.00328064, -119.927742004, 29.2646274567, -48.3794174194, 15.2396469116, -35.5199623108, 7.84812545776, -25.3056201935, 0.194759041071, -12.7843360901, -9.78165340424, -14.1832704544],
        "cov": [[30899.3417969, 2258.59619141, -4295.80761719, 678.009338379, -1005.97515869, 524.882263184, -690.403198242, 227.513214111, -671.341552734, -175.379577637, -186.525405884, -347.790405273, -194.504440308], [2258.59619141, 868.692382812, -83.2464141846, -68.4677352905, -17.3830223083, -105.699325562, 0.2046187222, 14.958864212, 8.98594093323, -0.448802441359, 6.83717536926, -89.9052581787, -40.3127555847], [-4295.80761719, -83.2464141846, 1588.73999023, 53.2791862488, -20.4826774597, -93.7668762207, -48.0659790039, -83.0730819702, 120.251487732, 113.322860718, -58.4109306335, 88.750793457, -36.4768829346], [678.009338379, -68.4677352905, 53.2791862488, 251.550827026, -8.23619556427, 25.3460445404, -68.2279281616, -3.77409076691, 7.30273532867, -7.39876031876, -24.4200744629, 18.941116333, -8.70577144623], [-1005.97515869, -17.3830223083, -20.4826774597, -8.23619556427, 263.719451904, 28.8356800079, 83.7959442139, -27.4932537079, 12.8609790802, -12.0931072235, 34.5056724548, -5.89257335663, 28.2841529846], [524.882263184, -105.699325562, -93.7668762207, 25.3460445404, 28.8356800079, 249.737503052, 49.1861953735, -59.5448913574, -78.5296630859, 10.1374349594, 5.63163805008, -3.26054477692, 13.0542354584], [-690.403198242, 0.2046187222, -48.0659790039, -68.2279281616, 83.7959442139, 49.1861953735, 206.985671997, 21.3907489777, 0.434557318687, -19.6402797699, 43.4608039856, -20.5711288452, 7.49709033966], [227.513214111, 14.958864212, -83.0730819702, -3.77409076691, -27.4932537079, -59.5448913574, 21.3907489777, 192.770568848, 75.4171295166, -39.3651390076, -16.2687492371, -16.1633167267, -8.58319377899], [-671.341552734, 8.98594093323, 120.251487732, 7.30273532867, 12.8609790802, -78.5296630859, 0.434557318687, 75.4171295166, 162.483062744, 17.0849533081, -8.23394966125, -13.1763935089, -21.5509052277], [-175.379577637, -0.448802441359, 113.322860718, -7.39876031876, -12.0931072235, 10.1374349594, -19.6402797699, -39.3651390076, 17.0849533081, 115.751930237, 23.0127792358, -9.60932636261, -29.4507884979], [-186.525405884, 6.83717536926, -58.4109306335, -24.4200744629, 34.5056724548, 5.63163805008, 43.4608039856, -16.2687492371, -8.23394966125, 23.0127792358, 122.889091492, 19.8997383118, -12.6322050095], [-347.790405273, -89.9052581787, 88.750793457, 18.941116333, -5.89257335663, -3.26054477692, -20.5711288452, -16.1633167267, -13.1763935089, -9.60932636261, 19.8997383118, 102.993148804, 32.5231170654], [-194.504440308, -40.3127555847, -36.4768829346, -8.70577144623, 28.2841529846, 13.0542354584, 7.49709033966, -8.58319377899, -21.5509052277, -29.4507884979, -12.6322050095, 32.5231170654, 94.01537323]],
        "icov": [[0.000247498624958, -0.000719554489478, 0.000646660395432, -0.000734586268663, 0.000660659861751, -0.000631383038126, 0.000501892704051, -0.000363734725397, 0.000502705574036, -0.000299403938698, 0.000373911607312, -0.000309661932988, 0.000380865647458], [-0.000719554489478, 0.00348052871414, -0.00187887961511, 0.00234632450156, -0.00185491703451, 0.002500429051, -0.00138237758074, 0.00118828495033, -0.00120560009964, 0.00106045859866, -0.00139570282772, 0.00220048055053, -0.000971298781224], [0.000646660395432, -0.00187887961511, 0.00259404885583, -0.00204160297289, 0.00173441937659, -0.00131545471959, 0.000905056658667, -0.000312057469273, 0.000621384766418, -0.00161908823065, 0.00195941329002, -0.00205706106499, 0.00151994545013], [-0.000734586268663, 0.00234632450156, -0.00204160297289, 0.00703242653981, -0.00242534582503, 0.000764848198742, 0.00045805532136, 0.000926301639993, -0.00206223572604, 0.00187574874144, -0.000742456759326, 0.000224971794523, -4.58184076706e-05], [0.000660659861751, -0.00185491703451, 0.00173441937659, -0.00242534582503, 0.00677296658978, -0.00182867795229, -0.000453194865258, 0.000507464981638, -0.00010017335444, -2.07490520552e-05, -0.00025517019094, 0.000170409708517, -0.00080414157128], [-0.000631383038126, 0.002500429051, -0.00131545471959, 0.000764848198742, -0.00182867795229, 0.00760775106028, -0.00330628454685, 0.00190102274064, 0.00116148078814, -0.000722339435015, -9.90976841422e-05, 0.00128443411086, -0.00116031279322], [0.000501892704051, -0.00138237758074, 0.000905056658667, 0.00045805532136, -0.000453194865258, -0.00330628454685, 0.00878098607063, -0.0022267664317, 0.000816617510282, 0.00139539176598, -0.00216243346222, 0.00143375375774, 0.000368840846932], [-0.000363734725397, 0.00118828495033, -0.000312057469273, 0.000926301639993, 0.000507464981638, 0.00190102274064, -0.0022267664317, 0.00893181376159, -0.00491632707417, 0.00309916399419, 0.000146194986883, 0.000600219820626, -4.60380360892e-05], [0.000502705574036, -0.00120560009964, 0.000621384766418, -0.00206223572604, -0.00010017335444, 0.00116148078814, 0.000816617510282, -0.00491632707417, 0.0114103062078, -0.00311486492865, 0.00120999617502, 0.000337309669703, 0.00161381065845], [-0.000299403938698, 0.00106045859866, -0.00161908823065, 0.00187574874144, -2.07490520552e-05, -0.000722339435015, 0.00139539176598, 0.00309916399419, -0.00311486492865, 0.0131127508357, -0.00391075806692, 0.0027936026454, 0.00156076054554], [0.000373911607312, -0.00139570282772, 0.00195941329002, -0.000742456759326, -0.00025517019094, -9.90976841422e-05, -0.00216243346222, 0.000146194986883, 0.00120999617502, -0.00391075806692, 0.0125803174451, -0.00580459460616, 0.00389353791252], [-0.000309661932988, 0.00220048055053, -0.00205706106499, 0.000224971794523, 0.000170409708517, 0.00128443411086, 0.00143375375774, 0.000600219820626, 0.000337309669703, 0.0027936026454, -0.00580459460616, 0.0161196179688, -0.0061673540622], [0.000380865647458, -0.000971298781224, 0.00151994545013, -4.58184076706e-05, -0.00080414157128, -0.00116031279322, 0.000368840846932, -4.60380360892e-05, 0.00161381065845, 0.00156076054554, 0.00389353791252, -0.0061673540622, 0.0154784219339]]
    },
    "melbands": {
        "mean": [0.000300888437778, 0.00116909912322, 0.000551868986804, 0.000354363874067, 0.000117757073895, 0.000135648893774, 0.000167318576132, 0.000166235040524, 0.000144223566167, 0.000153695495101, 0.000141985685332, 0.000214670231799, 0.000275569880614, 0.000175737353857, 0.000104011654912, 8.5690189735e-05, 8.55996549944e-05, 0.000107357882371, 5.63950779906e-05, 4.38154420408e-05, 3.11101248371e-05, 1.38484920171e-05, 1.22147412185e-05, 1.43451861732e-05, 1.47183009176e-05, 1.2587150195e-05, 7.75824719312e-06, 5.85735779168e-06, 3.21230049849e-06, 1.61325601766e-06, 8.40534767121e-07, 6.54926054722e-07, 7.05511524757e-07, 6.55800022287e-07, 6.18083674908e-07, 4.50870231816e-07, 3.62073535598e-07, 3.46672607066e-07, 2.81484545894e-07, 1.99713468874e-07],
        "stdev": [0.000449079379905, 0.00167435593903, 0.000719006697182, 0.0006207638653, 0.000179666865733, 0.000306735892082, 0.000420372700319, 0.000413906178437, 0.000335481541697, 0.000421088625444, 0.000440911971964, 0.000670489040203, 0.00101124669891, 0.000598516839091, 0.000423711491749, 0.000335833523422, 0.000258360640146, 0.000280586478766, 0.000166258003446, 0.000158107155585, 0.000108487409307, 5.49506730749e-05, 4.06937506341e-05, 3.11783442157e-05, 4.01314500778e-05, 3.06478868879e-05, 1.87915229617e-05, 1.27150960907e-05, 7.15124178896e-06, 3.24807319885e-06, 1.5900627659e-06, 1.41886596339e-06, 1.42922465329e-06, 1.19879371141e-06, 1.11558040317e-06, 8.05221759492e-07, 6.40541713892e-07, 7.13109159278e-07, 7.09929906861e-07, 5.35858589501e-07]
    },
    "melbands128": {
        "mean": [1.06315319499e-05, 7.2488161095e-05, 0.00033397768857, 0.00089244695846, 0.00148198963143, 0.00109135627281, 0.000593325472437, 0.000416815135395, 0.000405467726523, 0.000492585881148, 0.000252870726399, 0.000137403272674, 9.55594805419e-05, 7.25368299754e-05, 0.000137246985105, 0.000174813379999, 0.000140675561852, 0.000207470206078, 0.000111847213702, 0.000137340626679, 0.000212634986383, 0.000195322616491, 9.95551381493e-05, 0.000120556665934, 0.000191548999283, 0.000133325651404, 0.00014627611381, 0.000100636432762, 0.00017092609778, 0.000274088728474, 0.000182147778105, 0.000195870437892, 0.000325679284288, 0.000288171053398, 0.000265130162006, 0.00012314626656, 8.72767195688e-05, 8.47278424772e-05, 0.000144433404785, 9.14767297218e-05, 4.6782042773e-05, 0.00011213766993, 7.43539130781e-05, 7.41424810258e-05, 0.000117272997159, 0.0001194974393, 9.96523303911e-05, 4.54124310636e-05, 4.39590075985e-05, 5.12518454343e-05, 3.51401395164e-05, 4.83776857436e-05, 4.54438632005e-05, 1.82453386515e-05, 1.08703579826e-05, 1.33402691063e-05, 1.66586014529e-05, 1.5312267351e-05, 9.68758558884e-06, 7.92910122982e-06, 1.40348010973e-05, 2.06520126085e-05, 1.53663040692e-05, 1.32174782266e-05, 1.27154235088e-05, 1.49571897055e-05, 1.07832802314e-05, 7.45121951695e-06, 7.22514505469e-06, 7.90579815657e-06, 6.93655374562e-06, 4.07228162658e-06, 3.46913407157e-06, 3.44725322066e-06, 2.48092646871e-06, 1.65831352206e-06, 1.32520926854e-06, 8.83204563706e-07, 8.50067806368e-07, 6.82530128415e-07, 6.16839656686e-07, 6.44627220936e-07, 7.20736238691e-07, 7.46049522604e-07, 6.4024590074e-07, 6.91455056767e-07, 6.38079086457e-07, 6.37650884983e-07, 6.7095305667e-07, 5.6533855286e-07, 4.7813114179e-07, 4.30962728615e-07, 3.73311763724e-07, 3.55251131623e-07, 3.54360935262e-07, 3.64464312952e-07, 3.51080217342e-07, 3.16859569693e-07, 2.94716301141e-07, 2.59890896359e-07, 2.21317321802e-07, 2.0287824043e-07, 1.57700995373e-07, 1.31395140102e-07, 1.0074913348e-07, 8.25052168807e-08, 7.04822511466e-08, 5.04631323395e-08, 4.19122443418e-08, 3.15053156896e-08, 2.74581957171e-08, 2.12176658465e-08, 1.91500415525e-08, 1.79939636524e-08, 1.24573444893e-08, 1.01534176622e-08, 7.32349336729e-09, 2.03169014945e-09, 4.46068154636e-10, 2.15537879211e-10, 1.7035593769e-10, 2.28428431726e-09, 6.37276065252e-11, 2.56397572444e-12, 2.51121931409e-12, 2.4929999471e-12, 2.47673062614e-12, 2.45711155415e-12],
        "stdev": [2.52590562013e-05, 0.000193520638277, 0.000667550251819, 0.00122612924315, 0.00240479083732, 0.00165048392955, 0.000858037907165, 0.000766488548834, 0.00109217548743, 0.000990193104371, 0.000462438591057, 0.000261003850028, 0.000198769834242, 0.000209832709515, 0.000306133879349, 0.000562661211006, 0.000509268720634, 0.000667702697683, 0.00036194032873, 0.000454132881714, 0.00077431218233, 0.000633232179098, 0.000318427075399, 0.000478971545817, 0.00068595452467, 0.000509204925038, 0.000712338951416, 0.000464341777842, 0.000726085505448, 0.00105907814577, 0.000833937898278, 0.000974077789579, 0.00165855663363, 0.00153741124086, 0.00128640455659, 0.000615333905444, 0.000556983635761, 0.000509942066856, 0.000771256629378, 0.000542306515854, 0.000317336554872, 0.000702171179, 0.000299973209621, 0.000320005259709, 0.000431927357567, 0.00044082920067, 0.000389298249502, 0.000203256393434, 0.000227809869102, 0.000301482854411, 0.000195037951926, 0.000229276251048, 0.000199954985874, 0.000104564627691, 8.03345465101e-05, 7.26284415578e-05, 9.35609496082e-05, 8.05699455668e-05, 4.35547190136e-05, 2.89158415399e-05, 4.61976378574e-05, 5.40376167919e-05, 5.95372584939e-05, 6.64392719045e-05, 4.67536192446e-05, 5.13389895787e-05, 3.64982806786e-05, 3.70590096281e-05, 2.34714880207e-05, 2.38832235482e-05, 2.1174622816e-05, 1.14981521619e-05, 9.96556354949e-06, 1.10756518552e-05, 7.50998242438e-06, 4.03268040827e-06, 3.57710860044e-06, 1.81460757176e-06, 1.91827166418e-06, 1.67195935319e-06, 1.65395601925e-06, 1.54994108925e-06, 1.75168213445e-06, 1.84233635991e-06, 1.55317422923e-06, 1.54018039211e-06, 1.34605591029e-06, 1.29615091282e-06, 1.37746144446e-06, 1.15067746265e-06, 9.41248174513e-07, 8.74353361269e-07, 7.04234196292e-07, 6.8015145871e-07, 7.09799792276e-07, 7.7008178323e-07, 7.91374361597e-07, 7.75610430992e-07, 8.08272261565e-07, 7.41506369195e-07, 6.66562868901e-07, 5.76406023356e-07, 4.52709059573e-07, 3.62417864608e-07, 3.09276543931e-07, 2.58513153994e-07, 2.0806751877e-07, 1.87137217722e-07, 1.22227987731e-07, 8.39114306928e-08, 6.60909265093e-08, 5.26218961738e-08, 5.19690530609e-08, 5.00665642278e-08, 2.91519910434e-08, 2.41268960366e-08, 1.75118213264e-08, 1.53543346926e-08, 7.41775130209e-09, 3.97211374903e-09, 2.54241205866e-09, 9.61048041148e-09, 3.45602046981e-10, 4.48657734228e-12, 4.37296119454e-12, 4.32194384448e-12, 4.28397248231e-12, 4.26106632617e-12]
    },
    "mfcc": {
        "mean": [-694.66595459, 127.437690735, -6.37518405914, 20.6016597748, 9.02818965912, 4.47071504593, 6.50789451599, 0.993629992008, -4.84118938446, 9.71568393707, -2.49882602692, -1.73959624767, -2.09977436066],
        "cov": [[11530.0097656, 828.078063965, -1508.83886719, -23.4491882324, -56.2252922058, -4.28803014755, 264.498352051, 161.287307739, -83.4300765991, 225.868728638, -154.662612915, -181.660247803, -26.5696334839], [828.078063965, 1230.92724609, 90.1436920166, 71.5927200317, 16.0876216888, -48.5980300903, 35.3417434692, -48.1476402283, -12.1903085709, 95.709487915, 38.805305481, 34.2356834412, -77.8051681519], [-1508.83886719, 90.1436920166, 1013.79656982, 116.794708252, 58.0242805481, 92.1654434204, -140.068328857, -79.0539321899, 18.5449390411, -91.8638763428, 58.9591636658, 50.7115821838, -2.28506684303], [-23.4491882324, 71.5927200317, 116.794708252, 229.203918457, 73.5047607422, -31.6024513245, -58.1590690613, 16.5235729218, 12.3189668655, -13.2076196671, 2.4859085083, 35.2167358398, 20.4762954712], [-56.2252922058, 16.0876216888, 58.0242805481, 73.5047607422, 168.391723633, 27.04712677, -28.9175777435, 2.83409333229, 12.4259738922, -14.8383836746, -18.7855358124, 16.2199459076, 8.35915279388], [-4.28803014755, -48.5980300903, 92.1654434204, -31.6024513245, 27.04712677, 276.081817627, 84.473487854, -53.3044624329, -33.4561195374, -27.5729484558, -5.48782157898, -44.3109970093, 22.4292621613], [264.498352051, 35.3417434692, -140.068328857, -58.1590690613, -28.9175777435, 84.473487854, 208.623748779, 25.3155479431, -32.2439231873, 22.4531269073, -13.2158794403, -32.2766876221, 10.1446809769], [161.287307739, -48.1476402283, -79.0539321899, 16.5235729218, 2.83409333229, -53.3044624329, 25.3155479431, 148.233779907, 40.6173934937, 11.8303585052, -14.6591787338, 0.871034145355, 17.9490318298], [-83.4300765991, -12.1903085709, 18.5449390411, 12.3189668655, 12.4259738922, -33.4561195374, -32.2439231873, 40.6173934937, 130.191101074, 24.1752548218, -10.3291597366, 1.64859974384, -24.1278839111], [225.868728638, 95.709487915, -91.8638763428, -13.2076196671, -14.8383836746, -27.5729484558, 22.4531269073, 11.8303585052, 24.1752548218, 138.276428223, 39.9049682617, 5.65273427963, -25.8870735168], [-154.662612915, 38.805305481, 58.9591636658, 2.4859085083, -18.7855358124, -5.48782157898, -13.2158794403, -14.6591787338, -10.3291597366, 39.9049682617, 110.182723999, 43.5919952393, -6.20018005371], [-181.660247803, 34.2356834412, 50.7115821838, 35.2167358398, 16.2199459076, -44.3109970093, -32.2766876221, 0.871034145355, 1.64859974384, 5.65273427963, 43.5919952393, 118.146560669, 26.5849704742], [-26.5696334839, -77.8051681519, -2.28506684303, 20.4762954712, 8.35915279388, 22.4292621613, 10.1446809769, 17.9490318298, -24.1278839111, -25.8870735168, -6.20018005371, 26.5849704742, 111.95867157]],
        "icov": [[0.000124916085042, -0.000105614395579, 0.000194656749954, -7.95678279246e-05, 4.4018997869e-05, -0.000123698919197, 8.61660810187e-05, -0.000126334329252, 9.59378667176e-05, -8.49540811032e-05, 0.000104375576484, 0.000100990553619, -8.45370959723e-06], [-0.000105614395579, 0.00108071404975, -0.000331415940309, -0.000321423518471, -0.000110012690129, 0.000393520516809, -0.000592208234593, 0.000501712376717, 0.000171361389221, -0.00061943550827, 8.76085614436e-05, -0.000396887800889, 0.000673397269566], [0.000194656749954, -0.000331415940309, 0.00174894463271, -0.000615381693933, 0.00011816987535, -0.00100086000748, 0.000993150402792, 6.87453648425e-05, -0.000350043323124, 0.000984229031019, -0.000776677858084, -9.00430459296e-05, 0.000185302080354], [-7.95678279246e-05, -0.000321423518471, -0.000615381693933, 0.00605481257662, -0.00226104981266, 0.000665813568048, 0.000910251401365, -0.000789719924796, 5.53383542865e-05, 0.000153494664119, -7.71502382122e-05, -0.000481725641293, -0.00112509843893], [4.4018997869e-05, -0.000110012690129, 0.00011816987535, -0.00226104981266, 0.00777241261676, -0.00183949491475, 0.00114927289542, -0.000542368157767, -0.000222899645451, -0.000211938880966, 0.00210412638262, -0.00159616046585, 0.000519450055435], [-0.000123698919197, 0.000393520516809, -0.00100086000748, 0.000665813568048, -0.00183949491475, 0.00632310472429, -0.00327770691365, 0.00264822528698, -0.000368106440874, 0.000677960750181, -0.00116782996338, 0.00242621824145, -0.00171840004623], [8.61660810187e-05, -0.000592208234593, 0.000993150402792, 0.000910251401365, 0.00114927289542, -0.00327770691365, 0.00805028621107, -0.00276609556749, 0.00196586409584, -0.00123454234563, 0.000983451376669, 0.00012813952344, -9.02246029e-05], [-0.000126334329252, 0.000501712376717, 6.87453648425e-05, -0.000789719924796, -0.000542368157767, 0.00264822528698, -0.00276609556749, 0.00979180354625, -0.00342701049522, 9.81079647318e-05, -0.000120378412248, 0.000695957569405, -0.00223247217946], [9.59378667176e-05, 0.000171361389221, -0.000350043323124, 5.53383542865e-05, -0.000222899645451, -0.000368106440874, 0.00196586409584, -0.00342701049522, 0.0104427905753, -0.00262586004101, 0.00236537284218, -0.000779152906034, 0.00254560913891], [-8.49540811032e-05, -0.00061943550827, 0.000984229031019, 0.000153494664119, -0.000211938880966, 0.000677960750181, -0.00123454234563, 9.81079647318e-05, -0.00262586004101, 0.0108200386167, -0.00492471177131, 0.00063002423849, 0.00103110831697], [0.000104375576484, 8.76085614436e-05, -0.000776677858084, -7.71502382122e-05, 0.00210412638262, -0.00116782996338, 0.000983451376669, -0.000120378412248, 0.00236537284218, -0.00492471177131, 0.0142196109518, -0.00535186147317, 0.00152030773461], [0.000100990553619, -0.000396887800889, -9.00430459296e-05, -0.000481725641293, -0.00159616046585, 0.00242621824145, 0.00012813952344, 0.000695957569405, -0.000779152906034, 0.00063002423849, -0.00535186147317, 0.0129416491836, -0.00404731091112], [-8.45370959723e-06, 0.000673397269566, 0.000185302080354, -0.00112509843893, 0.000519450055435, -0.00171840004623, -9.02246029e-05, -0.00223247217946, 0.00254560913891, 0.00103110831697, 0.00152030773461, -0.00404731091112, 0.0121111935005]]
    },
    "spectral_contrast_coeffs": {
        "mean": [-0.722304046154, -0.750178098679, -0.733979225159, -0.76187056303, -0.783287286758, -0.803240060806],
        "stdev": [0.0687825009227, 0.081233330071, 0.105541862547, 0.0816569104791, 0.0670314207673, 0.0398669168353]
    },
    "spectral_contrast_valleys": {
        "mean": [-7.43399190903, -7.56172466278, -8.30419635773, -8.3842048645, -8.47657012939, -11.0113344193],
        "stdev": [2.85771965981, 2.87711668015, 2.79888868332, 2.79174041748, 2.7572145462, 2.3973941803]
    }
},
"rhythm": {
    "beats_count": 478,
    "beats_loudness": {
        "mean": 0.0247071254998,
        "stdev": 0.0193966664374
    },
    "bpm": 132.942886353,
    "bpm_histogram_first_peak_bpm": 133,
    "bpm_histogram_first_peak_weight": 0.435555517673,
    "bpm_histogram_second_peak_bpm": 140,
    "bpm_histogram_second_peak_spread": 0.100000023842,
    "bpm_histogram_second_peak_weight": 0.0188679248095,
    "danceability": 0.992699205875,
    "onset_rate": 3.63746666908,
    "beats_loudness_band_ratio": {
        "mean": [0.359432071447, 0.150552123785, 0.153143018484, 0.207976937294, 0.120319239795, 0.0423174276948],
        "stdev": [0.243656352162, 0.157624647021, 0.165590062737, 0.224256053567, 0.1278437078, 0.0451539009809]
    },
    "beats_position": [0.452789098024, 0.917188167572, 1.38158726692, 1.84598636627, 2.29877543449, 2.76317453384, 3.21596360207, 3.66875267029, 4.1099319458, 4.5627207756, 5.01551008224, 5.46829938889, 5.92108821869, 6.37387752533, 6.82666635513, 7.26784563065, 7.72063493729, 8.17342376709, 8.62621307373, 9.07900238037, 9.53179073334, 9.97297000885, 10.4257593155, 10.8785486221, 11.3313379288, 11.7957363129, 12.2485256195, 12.7013149261, 13.1541042328, 13.6068935394, 14.0596818924, 14.512471199, 14.9652605057, 15.4180498123, 15.8592290878, 16.3120174408, 16.7648067474, 17.2175960541, 17.6703853607, 18.1231746674, 18.575963974, 19.0403633118, 19.4931507111, 19.9459400177, 20.3871192932, 20.8282985687, 21.2810878754, 21.733877182, 22.1750564575, 22.6278457642, 23.0806350708, 23.5334243774, 23.9862117767, 24.4273910522, 24.8801803589, 25.3329696655, 25.774148941, 26.2269382477, 26.6797275543, 27.1441268921, 27.5969161987, 28.0497055054, 28.5024929047, 28.9552822113, 29.4080715179, 29.8608608246, 30.3136501312, 30.7548294067, 31.2076187134, 31.6487979889, 32.1015853882, 32.5543746948, 33.0071640015, 33.4599533081, 33.901134491, 34.3423118591, 34.7951011658, 35.2478904724, 35.7006797791, 36.1534690857, 36.6062583923, 37.0706558228, 37.5234451294, 37.976234436, 38.4290237427, 38.8934249878, 39.3462142944, 39.7989997864, 40.2401809692, 40.6929702759, 41.1457595825, 41.5869369507, 42.0397262573, 42.492515564, 42.9453048706, 43.3980941772, 43.8508834839, 44.2920608521, 44.7332420349, 45.1744194031, 45.6272087097, 46.0916099548, 46.5443992615, 46.9855766296, 47.4267578125, 47.8563270569, 48.297504425, 48.7386856079, 49.1914749146, 49.6442604065, 50.0970497131, 50.5498390198, 51.0142402649, 51.4786376953, 51.931427002, 52.4306564331, 52.9182739258, 53.4058952332, 53.8819046021, 54.3463020325, 54.8107032776, 55.2634925842, 55.7278900146, 56.1922874451, 56.6566886902, 57.1210861206, 57.5854873657, 58.0498847961, 58.5026741028, 58.9554634094, 59.4198646545, 59.8726501465, 60.3254394531, 60.7898406982, 61.2310180664, 61.683807373, 62.1365966797, 62.5777778625, 63.0305671692, 63.4833564758, 63.924533844, 64.3657150269, 64.8185043335, 65.2712936401, 65.7240829468, 66.1768722534, 66.6180496216, 67.0708389282, 67.5236282349, 67.964805603, 68.4292068481, 68.8819961548, 69.3463897705, 69.8107910156, 70.2519683838, 70.6815414429, 71.1343307495, 71.5871200562, 72.0515213013, 72.5043106079, 72.9570999146, 73.3982772827, 73.8510665894, 74.303855896, 74.7682495117, 75.2326507568, 75.6854400635, 76.1382293701, 76.5910186768, 77.0438079834, 77.49659729, 77.9493865967, 78.4021759033, 78.85496521, 79.3077545166, 79.7605438232, 80.2133331299, 80.6661224365, 81.1189117432, 81.5717010498, 82.0244903564, 82.4772796631, 82.9416732788, 83.3944625854, 83.8472518921, 84.3000411987, 84.7528305054, 85.1940155029, 85.6351928711, 86.0763702393, 86.5175476074, 86.9703369141, 87.4231262207, 87.8759155273, 88.328704834, 88.7814941406, 89.2342834473, 89.6870727539, 90.1398620605, 90.5926513672, 91.0454406738, 91.486618042, 91.9277954102, 92.3689804077, 92.8101577759, 93.251335144, 93.7041244507, 94.1569137573, 94.6213150024, 95.0857162476, 95.5501098633, 96.0145111084, 96.4789123535, 96.9665298462, 97.4541473389, 97.918548584, 98.3829498291, 98.8589553833, 99.3117446899, 99.7761459351, 100.240539551, 100.704940796, 101.146118164, 101.587303162, 102.051696777, 102.492874146, 102.945663452, 103.398452759, 103.839637756, 104.292427063, 104.733604431, 105.174781799, 105.615959167, 106.068748474, 106.509933472, 106.962722778, 107.415504456, 107.856689453, 108.30947876, 108.750656128, 109.191833496, 109.644622803, 110.097412109, 110.550201416, 110.991378784, 111.432563782, 111.87374115, 112.30330658, 112.744483948, 113.185668945, 113.626846313, 114.068023682, 114.520812988, 114.985214233, 115.43800354, 115.914009094, 116.378410339, 116.854415894, 117.318817139, 117.794830322, 118.259223938, 118.723625183, 119.188026428, 119.652427673, 120.116821289, 120.581222534, 121.045623779, 121.510017395, 121.97441864, 122.438819885, 122.90322113, 123.356010437, 123.808792114, 124.261581421, 124.714370728, 125.167160034, 125.619949341, 126.072738647, 126.525527954, 126.989929199, 127.442718506, 127.895507812, 128.348297119, 128.801086426, 129.253875732, 129.706665039, 130.159454346, 130.612243652, 131.065032959, 131.517822266, 131.970611572, 132.423400879, 132.876190186, 133.328979492, 133.77015686, 134.222946167, 134.675735474, 135.12852478, 135.581314087, 136.045715332, 136.4868927, 136.928070068, 137.380859375, 137.833648682, 138.286437988, 138.739227295, 139.20362854, 139.668029785, 140.109207153, 140.56199646, 141.003173828, 141.455963135, 141.908752441, 142.361541748, 142.814331055, 143.267120361, 143.719909668, 144.172698975, 144.613876343, 145.066665649, 145.519454956, 145.960632324, 146.401809692, 146.854598999, 147.319000244, 147.771789551, 148.212966919, 148.654144287, 149.095321655, 149.548110962, 150.000900269, 150.465301514, 150.929702759, 151.382492065, 151.823669434, 152.27645874, 152.717636108, 153.158813477, 153.599990845, 154.041183472, 154.505569458, 154.958358765, 155.411148071, 155.863937378, 156.316726685, 156.757904053, 157.19909668, 157.640274048, 158.081451416, 158.522628784, 158.975418091, 159.428207397, 159.880996704, 160.322174072, 160.76335144, 161.216140747, 161.657318115, 162.098495483, 162.539672852, 162.980865479, 163.422042847, 163.874832153, 164.316009521, 164.768798828, 165.221588135, 165.662765503, 166.11555481, 166.579956055, 167.0443573, 167.497146606, 167.961532593, 168.425933838, 168.878723145, 169.331512451, 169.784301758, 170.260314941, 170.724716187, 171.177505493, 171.6302948, 172.083084106, 172.547485352, 173.000274658, 173.453063965, 173.905853271, 174.358642578, 174.799819946, 175.240997314, 175.693786621, 176.134963989, 176.564529419, 176.994094849, 177.446884155, 177.899673462, 178.352462769, 178.805252075, 179.258041382, 179.710830688, 180.163619995, 180.616409302, 181.05758667, 181.498779297, 181.951568604, 182.40435791, 182.857131958, 183.298324585, 183.739501953, 184.19229126, 184.645080566, 185.086257935, 185.539047241, 185.991836548, 186.444625854, 186.897415161, 187.350204468, 187.791381836, 188.244171143, 188.685348511, 189.126525879, 189.567703247, 190.020492554, 190.47328186, 190.90284729, 191.332427979, 191.773605347, 192.214782715, 192.655960083, 193.097137451, 193.538314819, 193.979492188, 194.420669556, 194.861862183, 195.314651489, 195.767440796, 196.208618164, 196.638183594, 197.067749023, 197.508926392, 197.95010376, 198.391296387, 198.832473755, 199.273651123, 199.714828491, 200.156005859, 200.597183228, 201.049972534, 201.502761841, 201.943939209, 202.385116577, 202.837905884, 203.279083252, 203.731872559, 204.184661865, 204.637451172, 205.07862854, 205.49659729, 205.937774658, 206.378952026, 206.820129395, 207.272918701, 207.725708008, 208.178497314, 208.631286621, 209.072463989, 209.525253296, 209.978042603, 210.430831909, 210.883621216, 211.336410522, 211.800811768, 212.265213013, 212.729614258, 213.194015503, 213.716461182, 214.227294922, 214.749740601, 215.2605896, 215.783035278, 216.305480957],
    "bpm_histogram": [0, 0, 0, 0, 0, 0, 0, 0, 0, 0, 0, 0, 0, 0, 0, 0, 0, 0, 0, 0, 0, 0, 0, 0, 0, 0, 0, 0, 0, 0, 0, 0, 0, 0, 0, 0, 0, 0, 0, 0, 0, 0, 0, 0, 0, 0, 0, 0, 0, 0, 0, 0, 0, 0, 0, 0, 0, 0, 0, 0, 0, 0, 0, 0, 0, 0, 0, 0, 0, 0, 0, 0, 0, 0, 0, 0, 0, 0, 0, 0, 0, 0, 0, 0, 0, 0, 0, 0, 0, 0, 0, 0, 0, 0, 0, 0, 0, 0, 0, 0, 0, 0, 0, 0, 0, 0, 0, 0, 0, 0, 0, 0, 0, 0, 0, 0.00838574394584, 0, 0.00419287197292, 0, 0, 0.00209643598646, 0, 0, 0.00838574394584, 0, 0, 0.0125786159188, 0, 0, 0.150943398476, 0, 0, 0, 0.532494783401, 0, 0, 0.259958058596, 0, 0, 0, 0.0188679248095, 0, 0, 0, 0.00209643598646, 0, 0, 0, 0, 0, 0, 0, 0, 0, 0, 0, 0, 0, 0, 0, 0, 0, 0, 0, 0, 0, 0, 0, 0, 0, 0, 0, 0, 0, 0, 0, 0, 0, 0, 0, 0, 0, 0, 0, 0, 0, 0, 0, 0, 0, 0, 0, 0, 0, 0, 0, 0, 0, 0, 0, 0, 0, 0, 0, 0, 0, 0, 0, 0, 0, 0, 0, 0, 0, 0, 0, 0, 0, 0, 0, 0, 0, 0, 0, 0, 0, 0, 0, 0, 0, 0, 0, 0, 0, 0, 0, 0, 0, 0, 0, 0, 0, 0, 0, 0, 0, 0, 0, 0, 0]
},
"tonal": {
    "chords_changes_rate": 0.0605736300349,
    "chords_number_rate": 0.00235445215367,
    "chords_strength": {
        "mean": 0.563645064831,
        "stdev": 0.207926005125
    },
    "hpcp_crest": {
        "mean": 12.9984178543,
        "stdev": 6.09788036346
    },
    "hpcp_entropy": {
        "mean": 1.93076753616,
        "stdev": 0.720421969891
    },
    "key_edma": {
        "strength": 0.754451930523,
        "key": "A",
        "scale": "major"
    },
    "key_krumhansl": {
        "strength": 0.769170045853,
        "key": "A",
        "scale": "major"
    },
    "key_temperley": {
        "strength": 0.786496579647,
        "key": "A",
        "scale": "major"
    },
    "tuning_diatonic_strength": 0.690324306488,
    "tuning_equal_tempered_deviation": 0.0760703384876,
    "tuning_frequency": 439.238189697,
    "tuning_nontempered_energy_ratio": 0.76736497879,
    "hpcp": {
        "mean": [0.3489972651, 0.150793924928, 0.0691933557391, 0.0518165156245, 0.0638265907764, 0.132702410221, 0.173942610621, 0.122031293809, 0.0755045861006, 0.0709722042084, 0.0875351727009, 0.162389114499, 0.195798635483, 0.122645013034, 0.10721591115, 0.119364097714, 0.0759793519974, 0.0495624542236, 0.0474421046674, 0.0612439699471, 0.148165434599, 0.193245708942, 0.128497451544, 0.0831037461758, 0.0633502081037, 0.0585618726909, 0.152093052864, 0.207683309913, 0.138806909323, 0.0944600775838, 0.0723400041461, 0.064722828567, 0.130354836583, 0.175351962447, 0.198017239571, 0.356410086155],
        "stdev": [0.3621917665, 0.232103407383, 0.165633380413, 0.141672194004, 0.159075498581, 0.242621690035, 0.2862021029, 0.22325617075, 0.181254863739, 0.179447293282, 0.198012858629, 0.254355102777, 0.283378511667, 0.201767295599, 0.206414967775, 0.240473777056, 0.170852988958, 0.132091447711, 0.124927937984, 0.146318808198, 0.23111858964, 0.277016341686, 0.218009456992, 0.178325533867, 0.155757680535, 0.14483217895, 0.248832792044, 0.305341809988, 0.227001011372, 0.200572654605, 0.170567020774, 0.146118119359, 0.22080437839, 0.270861595869, 0.265698313713, 0.369190663099]
    },
    "chords_histogram": [24.9785957336, 5.35102748871, 6.80650663376, 0.556506872177, 0.299657523632, 0, 0, 0.278253436089, 5.80051374435, 2.18321919441, 8.43321895599, 0, 0.0214041098952, 0, 0, 1.07020545006, 0.0428082197905, 2.05479454994, 0, 0.128424659371, 0, 8.0907535553, 12.5642127991, 21.3398971558],
    "thpcp": [1, 0.979201436043, 0.423091083765, 0.194139719009, 0.145384535193, 0.179081887007, 0.372330695391, 0.488040655851, 0.342390120029, 0.211847499013, 0.199130743742, 0.245602399111, 0.455624341965, 0.549363315105, 0.344112068415, 0.300821751356, 0.334906607866, 0.213179573417, 0.13906018436, 0.133111000061, 0.171835675836, 0.415716171265, 0.542200446129, 0.360532581806, 0.233168900013, 0.177745267749, 0.164310365915, 0.426736116409, 0.582708835602, 0.389458417892, 0.265031993389, 0.2029684484, 0.181596517563, 0.365743964911, 0.491994947195, 0.555588185787],
    "chords_key": "A",
    "chords_scale": "major"
}
}