{
"metadata": {
    "version": {
        "essentia": "2.1-dev",
        "essentia_git_sha": "v2.1_beta3-415-gd5473f3",
        "extractor": "music 2.0"
    },
    "audio_properties": {
        "analysis": {
            "equal_loudness": 0,
            "length": 252.891433716,
            "sample_rate": 44100,
            "start_time": 0,
            "downmix": "mix"
        },
        "bit_rate": 192000,
        "length": 252.891433716,
        "lossless": 0,
        "number_channels": 2,
        "replay_gain": -7.1829662323,
        "sample_rate": 44100,
        "codec": "mp3",
        "md5_encoded": "c49012d494b15f3ed4058f8265028cf8"
    },
    "tags": {
        "file_name": "atl-calling_all_girls.mp3",
        "album": ["Calling All Girls Vinyl"],
        "artist": ["Atl Ft. Jazze Pha, T.I. & Dang"],
        "date": ["2003"],
        "genre": ["R&B"],
        "title": ["Calling All Girls (Jazze_Pha_&"]
    }
},
"lowlevel": {
    "average_loudness": 0.918189167976,
    "barkbands_crest": {
        "mean": 14.1345005035,
        "stdev": 5.37646007538
    },
    "barkbands_flatness_db": {
        "mean": 0.23910702765,
        "stdev": 0.095499753952
    },
    "barkbands_kurtosis": {
        "mean": 23.1609096527,
        "stdev": 47.1703529358
    },
    "barkbands_skewness": {
        "mean": 2.66952562332,
        "stdev": 2.71342754364
    },
    "barkbands_spread": {
        "mean": 12.1328105927,
        "stdev": 15.4981250763
    },
    "dissonance": {
        "mean": 0.42023447156,
        "stdev": 0.0589023940265
    },
    "dynamic_complexity": 5.66689538956,
    "erbbands_crest": {
        "mean": 12.0284070969,
        "stdev": 5.5888915062
    },
    "erbbands_flatness_db": {
        "mean": 0.215709596872,
        "stdev": 0.0654451549053
    },
    "erbbands_kurtosis": {
        "mean": 3.48171162605,
        "stdev": 7.43595266342
    },
    "erbbands_skewness": {
        "mean": 0.970138967037,
        "stdev": 1.26028370857
    },
    "erbbands_spread": {
        "mean": 29.6230754852,
        "stdev": 22.3661212921
    },
    "hfc": {
        "mean": 9.13840484619,
        "stdev": 14.4089927673
    },
    "loudness_ebu128": {
        "integrated": -16.6888961792,
        "loudness_range": 2.38395786285,
        "momentary": {
            "mean": -19.0951786041,
            "stdev": 7.31074666977
        },
        "short_term": {
            "mean": -17.2903366089,
            "stdev": 2.96790385246
        }
    },
    "melbands_crest": {
        "mean": 19.5961666107,
        "stdev": 8.43185997009
    },
    "melbands_flatness_db": {
        "mean": 0.305059939623,
        "stdev": 0.126150220633
    },
    "melbands_kurtosis": {
        "mean": 44.1885604858,
        "stdev": 119.343666077
    },
    "melbands_skewness": {
        "mean": 3.58266234398,
        "stdev": 3.52585887909
    },
    "melbands_spread": {
        "mean": 15.5599336624,
        "stdev": 26.3137016296
    },
    "pitch_salience": {
        "mean": 0.482463389635,
        "stdev": 0.195510998368
    },
    "silence_rate_20dB": {
        "mean": 0.998806595802,
        "stdev": 0.0345224626362
    },
    "silence_rate_30dB": {
        "mean": 0.821444988251,
        "stdev": 0.382965296507
    },
    "silence_rate_60dB": {
        "mean": 0.29964196682,
        "stdev": 0.45811855793
    },
    "spectral_centroid": {
        "mean": 939.212402344,
        "stdev": 823.867492676
    },
    "spectral_complexity": {
        "mean": 7.44964647293,
        "stdev": 7.57487630844
    },
    "spectral_decrease": {
        "mean": -1.21023084887e-08,
        "stdev": 2.1316930443e-08
    },
    "spectral_energy": {
        "mean": 0.0465059801936,
        "stdev": 0.0811122357845
    },
    "spectral_energyband_high": {
        "mean": 0.000319755548844,
        "stdev": 0.0012733952608
    },
    "spectral_energyband_low": {
        "mean": 0.0367669500411,
        "stdev": 0.0762426182628
    },
    "spectral_energyband_middle_high": {
        "mean": 0.00127689831425,
        "stdev": 0.00219205021858
    },
    "spectral_energyband_middle_low": {
        "mean": 0.0087414374575,
        "stdev": 0.0172624737024
    },
    "spectral_entropy": {
        "mean": 6.97681570053,
        "stdev": 0.728922605515
    },
    "spectral_flux": {
        "mean": 0.106416672468,
        "stdev": 0.124604858458
    },
    "spectral_kurtosis": {
        "mean": 9.64841842651,
        "stdev": 12.4807100296
    },
    "spectral_rms": {
        "mean": 0.00476447166875,
        "stdev": 0.00476145930588
    },
    "spectral_rolloff": {
        "mean": 1146.39746094,
        "stdev": 1874.9810791
    },
    "spectral_skewness": {
        "mean": 2.1997115612,
        "stdev": 1.09869587421
    },
    "spectral_spread": {
        "mean": 4068561.75,
        "stdev": 2058498.5
    },
    "spectral_strongpeak": {
        "mean": 0.63971143961,
        "stdev": 0.601406097412
    },
    "zerocrossingrate": {
        "mean": 0.0443724058568,
        "stdev": 0.0524846129119
    },
    "barkbands": {
        "mean": [0.00420921109617, 0.0273594781756, 0.00463957199827, 0.00162377033848, 0.00310739967972, 0.00121009966824, 0.00135572266299, 0.000654461618979, 0.000709737010766, 0.000327566434862, 0.000201839226065, 0.000155998641276, 0.000117169016448, 0.000126345315948, 8.25451934361e-05, 6.93943802617e-05, 5.69948460907e-05, 4.97712680954e-05, 6.99662195984e-05, 0.000104035403638, 9.97156312224e-05, 7.54186185077e-05, 4.68767684652e-05, 3.19573555316e-05, 1.55403249664e-05, 4.31860371464e-06, 3.56253735845e-07],
        "stdev": [0.00927033834159, 0.0600368715823, 0.0170097090304, 0.00698648905382, 0.00818172097206, 0.002703681821, 0.00305759022012, 0.00188610411715, 0.00178793235682, 0.000961929094046, 0.000649998080917, 0.00055699882796, 0.000367819884559, 0.00038003877853, 0.000207232718822, 0.000196360269911, 0.000132289496833, 0.000109791079012, 0.000215275096707, 0.000464222248411, 0.000416073657107, 0.00032111236942, 0.000184166929103, 0.000114344045869, 5.2625862736e-05, 1.55760189955e-05, 1.62703759088e-06]
    },
    "erbbands": {
        "mean": [1.12363028526, 4.62471437454, 6.94059562683, 5.14945077896, 7.22167491913, 11.7109708786, 9.57727336884, 10.4212808609, 17.7245445251, 18.0446949005, 14.303021431, 16.5767726898, 12.1933822632, 9.88622379303, 7.40955066681, 5.68337965012, 5.28718185425, 5.77476739883, 5.39541292191, 4.11173629761, 4.08932828903, 3.30278110504, 2.71988081932, 3.09381604195, 4.23285293579, 4.90396261215, 3.85483050346, 3.92044377327, 3.13556051254, 1.7503926754, 1.29385733604, 0.795397758484, 0.481854915619, 0.219308257103, 0.0914315804839, 0.0269073341042, 0.00633260468021, 0.00119491072837, 7.04554186086e-05, 5.28249038325e-05],
        "stdev": [2.38480734825, 12.785949707, 23.2594108582, 21.5372638702, 21.8851261139, 33.7189903259, 23.1239700317, 24.4029541016, 39.749294281, 46.9268569946, 39.696434021, 44.5945396423, 32.25258255, 26.565120697, 23.928440094, 18.6488838196, 15.7476644516, 15.1312446594, 14.8719968796, 9.98131656647, 11.5456295013, 7.45522642136, 6.15377473831, 7.67220783234, 15.5499572754, 21.9564781189, 16.6880569458, 16.4251461029, 13.9122190475, 6.88897705078, 5.08276033401, 2.84173369408, 1.80874288082, 0.758299648762, 0.310968190432, 0.0918630436063, 0.0241594966501, 0.00502500217408, 0.000236841893638, 8.81318774191e-05]
    },
    "gfcc": {
        "mean": [-131.342880249, 106.938148499, -111.03553009, 15.5238285065, -69.4287643433, 0.968478083611, -40.4681358337, 7.57132959366, -15.4470348358, 0.616955280304, -7.68466186523, -2.41180753708, -4.39881277084],
        "cov": [[15196.7050781, 919.614685059, 39.8037643433, 1002.65734863, -3.16581130028, 30.2627735138, 61.4821662903, -209.129821777, -193.965118408, -300.471038818, -162.780776978, -160.950378418, 63.810508728], [919.614685059, 3228.54394531, 876.54284668, -103.249771118, 1089.09570312, 32.7521438599, 603.815917969, -13.5624284744, 351.605621338, -186.673049927, 342.188568115, -165.147796631, 181.332427979], [39.8037643433, 876.54284668, 1856.23791504, 865.100158691, 600.273803711, 254.813140869, 309.451599121, 88.9138336182, 179.780197144, -30.8025665283, 135.097900391, 28.9487304688, 62.8274002075], [1002.65734863, -103.249771118, 865.100158691, 1141.57470703, 426.83996582, 127.489967346, 94.4927444458, 64.6448669434, 101.637702942, 10.4849948883, 2.47561311722, 30.6687049866, 60.941608429], [-3.16581130028, 1089.09570312, 600.273803711, 426.83996582, 1105.13647461, 286.834838867, 454.19821167, 119.353462219, 323.805084229, 40.2539291382, 215.644332886, -26.6454849243, 141.778930664], [30.2627735138, 32.7521438599, 254.813140869, 127.489967346, 286.834838867, 495.150115967, 303.243652344, 103.97202301, 82.7201385498, 99.3224258423, 79.9584655762, 32.2015190125, 23.7567329407], [61.4821662903, 603.815917969, 309.451599121, 94.4927444458, 454.19821167, 303.243652344, 603.123901367, 148.946960449, 172.982894897, 48.1608695984, 159.392471313, 27.5827960968, 82.6942825317], [-209.129821777, -13.5624284744, 88.9138336182, 64.6448669434, 119.353462219, 103.97202301, 148.946960449, 247.597045898, 140.93598938, 41.4853286743, 42.425819397, 30.5414981842, 27.4186267853], [-193.965118408, 351.605621338, 179.780197144, 101.637702942, 323.805084229, 82.7201385498, 172.982894897, 140.93598938, 304.296264648, 83.3506164551, 99.5847625732, 2.30934715271, 71.8385620117], [-300.471038818, -186.673049927, -30.8025665283, 10.4849948883, 40.2539291382, 99.3224258423, 48.1608695984, 41.4853286743, 83.3506164551, 185.266738892, 54.3909339905, 21.7388114929, 2.54086995125], [-162.780776978, 342.188568115, 135.097900391, 2.47561311722, 215.644332886, 79.9584655762, 159.392471313, 42.425819397, 99.5847625732, 54.3909339905, 211.182754517, 44.6505393982, 45.235168457], [-160.950378418, -165.147796631, 28.9487304688, 30.6687049866, -26.6454849243, 32.2015190125, 27.5827960968, 30.5414981842, 2.30934715271, 21.7388114929, 44.6505393982, 145.087615967, 44.780708313], [63.810508728, 181.332427979, 62.8274002075, 60.941608429, 141.778930664, 23.7567329407, 82.6942825317, 27.4186267853, 71.8385620117, 2.54086995125, 45.235168457, 44.780708313, 130.668121338]],
        "icov": [[9.0994159109e-05, -0.000118805466627, 0.000123645950225, -0.000232485486777, 0.000151408617967, -0.000117508046969, -2.85194687422e-06, 2.74701287708e-05, 3.55293013854e-05, 5.57501552976e-05, 4.10577667935e-05, 2.35637307924e-05, -2.03737199627e-05], [-0.000118805466627, 0.00132920907345, -0.000714356079698, 0.00108590116724, -0.000923216633964, 0.000733218388632, -0.000595752790105, 0.000669879082125, -0.0006136749289, 0.00120165979024, -0.000972842681222, 0.00125594635028, -0.0006242863019], [0.000123645950225, -0.000714356079698, 0.0014295943547, -0.00139114446938, 0.000518718035892, -0.000695608789101, 0.000111903238576, -0.000103651931568, -3.94142916775e-05, 0.000133366978844, 5.87176691624e-06, -0.000636277720332, 0.000642063212581], [-0.000232485486777, 0.00108590116724, -0.00139114446938, 0.00273866578937, -0.00150237232447, 0.000779647671152, -3.42818202625e-05, 8.79494764376e-05, -0.000108299180283, 0.000177606445504, 0.000243301139562, 0.000315631390549, -0.000646490254439], [0.000151408617967, -0.000923216633964, 0.000518718035892, -0.00150237232447, 0.00313417240977, -0.00121054891497, -0.000363347731763, 0.000305323250359, -0.00127352413256, 0.000190910242964, -0.000666053267196, 0.00056960247457, -0.000624374602921], [-0.000117508046969, 0.000733218388632, -0.000695608789101, 0.000779647671152, -0.00121054891497, 0.00409619463608, -0.0017407417763, -0.000416660594055, 0.000877105165273, -0.00144170143176, 0.000133518595248, 4.87844008603e-05, 0.000251422723522], [-2.85194687422e-06, -0.000595752790105, 0.000111903238576, -3.42818202625e-05, -0.000363347731763, -0.0017407417763, 0.00387642183341, -0.00142493413296, 0.000302363798255, -0.000151577536599, -0.000628240173683, -0.000467036734335, -0.000438916234998], [2.74701287708e-05, 0.000669879082125, -0.000103651931568, 8.79494764376e-05, 0.000305323250359, -0.000416660594055, -0.00142493413296, 0.00697231478989, -0.00387887354009, 0.00147666654084, -2.73807108897e-05, -0.000577147176955, 0.000560088665225], [3.55293013854e-05, -0.0006136749289, -3.94142916775e-05, -0.000108299180283, -0.00127352413256, 0.000877105165273, 0.000302363798255, -0.00387887354009, 0.00835866387933, -0.00374693027698, -0.000149323692312, 0.000791754748207, -0.00199356162921], [5.57501552976e-05, 0.00120165979024, 0.000133366978844, 0.000177606445504, 0.000190910242964, -0.00144170143176, -0.000151577536599, 0.00147666654084, -0.00374693027698, 0.00956410169601, -0.00280295335688, 0.000746302714106, 0.000587859423831], [4.10577667935e-05, -0.000972842681222, 5.87176691624e-06, 0.000243301139562, -0.000666053267196, 0.000133518595248, -0.000628240173683, -2.73807108897e-05, -0.000149323692312, -0.00280295335688, 0.00887391064316, -0.00364382262342, 0.000628800247796], [2.35637307924e-05, 0.00125594635028, -0.000636277720332, 0.000315631390549, 0.00056960247457, 4.87844008603e-05, -0.000467036734335, -0.000577147176955, 0.000791754748207, 0.000746302714106, -0.00364382262342, 0.0112010557204, -0.00483296625316], [-2.03737199627e-05, -0.0006242863019, 0.000642063212581, -0.000646490254439, -0.000624374602921, 0.000251422723522, -0.000438916234998, 0.000560088665225, -0.00199356162921, 0.000587859423831, 0.000628800247796, -0.00483296625316, 0.0118372580037]]
    },
    "melbands": {
        "mean": [0.00861412473023, 0.00460965326056, 0.000941990176216, 0.000716975075193, 0.00037026652717, 0.000238347973209, 0.000275604776107, 0.00018676664331, 0.000113129186502, 0.000103978381958, 5.97958132857e-05, 4.12520603277e-05, 2.54715250776e-05, 1.83595620911e-05, 1.25213473439e-05, 1.22239462144e-05, 1.06074521682e-05, 9.55303949013e-06, 6.69737482895e-06, 4.09666745327e-06, 4.94452433486e-06, 3.34291235049e-06, 2.85223518404e-06, 2.28829549087e-06, 2.44485045187e-06, 2.92043682748e-06, 3.63092885891e-06, 3.08783842229e-06, 2.18250465878e-06, 2.51735036727e-06, 2.09727886613e-06, 1.71868794041e-06, 1.46376407884e-06, 8.3215752511e-07, 7.97567793143e-07, 5.82726443099e-07, 4.40210953911e-07, 3.53458773361e-07, 2.55285698358e-07, 1.5932234021e-07],
        "stdev": [0.0178260337561, 0.0140127781779, 0.00375213613734, 0.00199550483376, 0.000886843423359, 0.000543943664525, 0.000608234491665, 0.000479518464999, 0.000318431528285, 0.000283672387013, 0.000163203192642, 0.000115235401609, 8.55443649925e-05, 7.04485937604e-05, 4.63457363367e-05, 3.77868091164e-05, 2.96128910122e-05, 3.14488934237e-05, 1.7714810383e-05, 1.05711660581e-05, 1.50546911755e-05, 7.72920247982e-06, 7.25450718164e-06, 5.19731156601e-06, 6.17173827777e-06, 9.79469677986e-06, 1.55741963681e-05, 1.39623816722e-05, 9.76401952357e-06, 1.02318326753e-05, 8.89746297617e-06, 7.70854512666e-06, 6.21974822934e-06, 3.25198561768e-06, 3.24091456605e-06, 2.13771227209e-06, 1.56818521191e-06, 1.36579808441e-06, 9.06603077055e-07, 5.56697330012e-07]
    },
    "melbands128": {
        "mean": [0.00382092827931, 0.0106547148898, 0.00913916807622, 0.00756934750825, 0.00457688467577, 0.00186390336603, 0.00101684266701, 0.000733830267563, 0.000662210048176, 0.000821410911158, 0.000781435461249, 0.000420844793553, 0.000335139629897, 0.000230890305829, 0.000211839927942, 0.000250203185715, 0.000293823424727, 0.000275951431831, 0.000288229406578, 0.000193678599317, 0.000153255590703, 0.000129176492919, 0.000104490376543, 9.79226751952e-05, 0.000115131726488, 0.000108837950393, 7.10543827154e-05, 4.6239074436e-05, 6.45604231977e-05, 3.8959828089e-05, 3.95321621909e-05, 3.1479910831e-05, 2.12306313188e-05, 2.3974227588e-05, 2.45059472945e-05, 1.44049990922e-05, 1.25836413645e-05, 1.53193086589e-05, 9.3720973382e-06, 1.10288156066e-05, 1.20106742543e-05, 1.55434536282e-05, 7.66112771089e-06, 8.36280923977e-06, 1.7297337763e-05, 6.97965697327e-06, 4.818758498e-06, 8.75958448887e-06, 6.26834435025e-06, 5.08160201207e-06, 3.21187735608e-06, 3.24389861817e-06, 6.71895304549e-06, 4.75890465168e-06, 3.02556509268e-06, 3.36443054039e-06, 3.31688147526e-06, 3.40118526765e-06, 2.5983431442e-06, 2.11624296753e-06, 2.18645413952e-06, 2.38825055021e-06, 2.58225168182e-06, 2.19683624891e-06, 2.62372464022e-06, 3.17108356285e-06, 3.13070245284e-06, 2.37136509895e-06, 4.19951720687e-06, 4.85289638164e-06, 2.81713732875e-06, 2.36001528719e-06, 2.26701195061e-06, 1.71974295426e-06, 2.82686960418e-06, 2.55748204836e-06, 2.14071474147e-06, 3.00341321235e-06, 2.1478472263e-06, 1.2478797089e-06, 1.28326325921e-06, 2.24121936299e-06, 1.9877786599e-06, 1.53112830503e-06, 8.23831555863e-07, 7.73388990183e-07, 8.45379815928e-07, 9.45985789258e-07, 8.05405306892e-07, 7.09601920335e-07, 6.1016737618e-07, 5.5095819107e-07, 4.91201376462e-07, 5.00690646277e-07, 3.44623003912e-07, 3.76185710138e-07, 3.5971626744e-07, 3.21396555591e-07, 2.67694105105e-07, 2.14764995121e-07, 1.94171263956e-07, 1.43112131923e-07, 1.28717317693e-07, 1.24967087345e-07, 1.03952018549e-07, 9.21136944498e-08, 6.43669366696e-08, 5.14648696992e-08, 4.21156620689e-08, 3.72621364875e-08, 2.98221571882e-08, 2.13332764787e-08, 1.69311480391e-08, 1.40597737897e-08, 1.48558045865e-08, 1.25377210836e-08, 9.83471437621e-09, 2.69185007618e-09, 1.02448416417e-09, 7.97454768886e-10, 6.00301086617e-10, 5.65002655772e-10, 1.73051309393e-10, 5.52352087679e-12, 4.93357308132e-12, 4.88453895386e-12, 4.8476669727e-12, 4.81337539271e-12],
        "stdev": [0.00856098532677, 0.0236929599196, 0.0208903774619, 0.0238035582006, 0.0155892278999, 0.00718769850209, 0.00461114710197, 0.00307318940759, 0.00215990957804, 0.00239249947481, 0.00269752182066, 0.00111927103717, 0.000888209149707, 0.000625837070402, 0.000591695250478, 0.000752238731366, 0.000837267783936, 0.000751769635826, 0.000877527869307, 0.000684742582962, 0.00052791077178, 0.000461799500044, 0.000438567862147, 0.00034481685725, 0.000423183344537, 0.000372030714061, 0.000301880325424, 0.00019003781199, 0.000211969425436, 0.000189522528672, 0.000130839922349, 0.000127504419652, 0.000116981595056, 0.000104516431747, 0.00013179135567, 7.66132943681e-05, 5.88228976994e-05, 7.61281771702e-05, 5.26484400325e-05, 4.7245357564e-05, 5.32354206371e-05, 6.52752860333e-05, 3.11842704832e-05, 3.67967149941e-05, 7.67230885685e-05, 3.04856657749e-05, 1.7340949853e-05, 3.17560698022e-05, 2.04495154321e-05, 1.79421931534e-05, 1.07042897071e-05, 1.12404277388e-05, 2.40516310441e-05, 1.65884121088e-05, 8.60222007759e-06, 1.01046753116e-05, 8.56623591972e-06, 1.10663768282e-05, 7.29839575797e-06, 6.13355450696e-06, 6.49562252875e-06, 5.86132728131e-06, 7.71201212046e-06, 5.93030927121e-06, 7.38760127206e-06, 1.14199910968e-05, 1.27865641844e-05, 8.82212771103e-06, 1.87841251318e-05, 2.60409797193e-05, 1.29326590468e-05, 9.75119837676e-06, 1.12969564725e-05, 7.69017970015e-06, 1.33327876028e-05, 1.02203184724e-05, 8.32199293654e-06, 1.37714332595e-05, 9.3467770057e-06, 5.12025053467e-06, 5.69737130718e-06, 1.0821379874e-05, 9.17172110348e-06, 6.61780086375e-06, 3.05086086883e-06, 2.90463094643e-06, 3.84192389902e-06, 4.01274473916e-06, 3.36943776347e-06, 2.96062944471e-06, 2.27011946663e-06, 2.04264893e-06, 1.82200710697e-06, 1.95887355403e-06, 1.15128557354e-06, 1.46342108565e-06, 1.58563557306e-06, 1.28192164084e-06, 9.41695304846e-07, 7.801838251e-07, 7.16439217285e-07, 5.07470701905e-07, 4.89884257604e-07, 4.48229485528e-07, 3.56444047611e-07, 3.32926106239e-07, 2.17997836671e-07, 1.76203528213e-07, 1.52472438231e-07, 1.38732886512e-07, 1.17629731733e-07, 8.48712460311e-08, 6.95206239243e-08, 6.00315104293e-08, 6.68967246042e-08, 5.56258825668e-08, 4.54200836941e-08, 1.74186016721e-08, 1.03136432728e-08, 8.29802004887e-09, 5.61720270298e-09, 5.62591973008e-09, 2.45139508692e-09, 1.57936563133e-11, 1.30651791469e-11, 1.29160623169e-11, 1.28067400434e-11, 1.27342580925e-11]
    },
    "mfcc": {
        "mean": [-773.390808105, 137.290802002, 9.33892250061, 12.7650766373, -3.86934018135, -8.01384449005, -9.45710277557, -0.965369820595, -4.6469244957, 2.34881067276, 1.70330202579, -0.970197021961, -2.02579522133],
        "cov": [[10999.2304688, 304.002075195, -68.8185501099, 865.461791992, -57.7529907227, 301.642181396, 59.6796607971, 83.2308197021, -6.54654598236, -126.767478943, -288.878082275, -110.94846344, -84.637550354], [304.002075195, 3374.4597168, 173.786468506, 175.247833252, 456.949676514, 228.726318359, 402.733337402, 269.149353027, 155.803924561, 129.859420776, 166.026641846, 103.49760437, 84.9207229614], [-68.8185501099, 173.786468506, 1287.28601074, 561.792236328, 265.757904053, 231.544616699, 140.19569397, 143.721740723, 69.9324417114, -6.11235904694, -14.2363147736, 96.5945281982, 67.9164581299], [865.461791992, 175.247833252, 561.792236328, 1016.27545166, 483.141204834, 214.377868652, 111.044021606, 146.699935913, 150.843551636, 33.0683631897, -15.4186010361, 78.4958190918, 80.3354187012], [-57.7529907227, 456.949676514, 265.757904053, 483.141204834, 664.29473877, 255.017807007, 136.774841309, 147.605255127, 151.590621948, 120.952430725, 78.7998504639, 78.5927810669, 68.9572219849], [301.642181396, 228.726318359, 231.544616699, 214.377868652, 255.017807007, 467.573638916, 294.049835205, 143.017547607, 139.283676147, 105.067893982, 102.943489075, 78.5369415283, 43.8165664673], [59.6796607971, 402.733337402, 140.19569397, 111.044021606, 136.774841309, 294.049835205, 427.485076904, 215.090805054, 118.376434326, 90.308631897, 121.545890808, 83.7690658569, 53.9883346558], [83.2308197021, 269.149353027, 143.721740723, 146.699935913, 147.605255127, 143.017547607, 215.090805054, 299.255889893, 158.489151001, 65.5191192627, 79.9953460693, 76.6189727783, 70.8164215088], [-6.54654598236, 155.803924561, 69.9324417114, 150.843551636, 151.590621948, 139.283676147, 118.376434326, 158.489151001, 264.877624512, 125.513153076, 65.2968673706, 74.50390625, 64.5940170288], [-126.767478943, 129.859420776, -6.11235904694, 33.0683631897, 120.952430725, 105.067893982, 90.308631897, 65.5191192627, 125.513153076, 218.251098633, 121.560173035, 36.661277771, 23.8562583923], [-288.878082275, 166.026641846, -14.2363147736, -15.4186010361, 78.7998504639, 102.943489075, 121.545890808, 79.9953460693, 65.2968673706, 121.560173035, 205.836364746, 78.2160797119, 15.9989843369], [-110.94846344, 103.49760437, 96.5945281982, 78.4958190918, 78.5927810669, 78.5369415283, 83.7690658569, 76.6189727783, 74.50390625, 36.661277771, 78.2160797119, 178.252319336, 78.4674835205], [-84.637550354, 84.9207229614, 67.9164581299, 80.3354187012, 68.9572219849, 43.8165664673, 53.9883346558, 70.8164215088, 64.5940170288, 23.8562583923, 15.9989843369, 78.4674835205, 155.838684082]],
        "icov": [[0.000121542310808, -3.29696194967e-05, 9.61024779826e-05, -0.000204158946872, 0.000187935482245, -0.000215095889871, 0.000104904480395, -0.000140433359775, 0.00011950256885, -8.07273754617e-05, 0.000227216936764, -2.2856042051e-05, 0.000103136422695], [-3.29696194967e-05, 0.000379754026653, -4.87922225147e-05, 0.00015171803534, -0.000361691258149, 0.000276214297628, -0.000422614160925, 2.26348311116e-05, -6.13958982285e-05, 8.01400019554e-05, -0.000142955614137, 4.20988144469e-05, -5.66257913306e-05], [9.61024779826e-05, -4.87922225147e-05, 0.00119715591427, -0.000725284335203, 0.000271564436844, -0.000612025265582, 0.00021770625608, -0.000501918955706, 0.000510353595018, -8.93569304026e-05, 0.000525464012753, -0.000452444946859, 0.000111519570055], [-0.000204158946872, 0.00015171803534, -0.000725284335203, 0.00231219409034, -0.00158224848565, 0.00044045082177, -0.000295528152492, 0.000242489564698, -0.000773565785494, 0.000533655402251, 0.000144854231621, -3.88522203139e-05, -0.000257296807831], [0.000187935482245, -0.000361691258149, 0.000271564436844, -0.00158224848565, 0.00348799605854, -0.00160883343779, 0.00115786120296, -0.000833902740851, 0.000417968636611, -0.0011019455269, 0.000131046428578, -0.000108406500658, -8.01968635642e-05], [-0.000215095889871, 0.000276214297628, -0.000612025265582, 0.00044045082177, -0.00160883343779, 0.00546255800873, -0.00360831385478, 0.00157837325241, -0.00146801827941, 0.000173865424586, -0.000791946658865, 3.22300838889e-05, 0.000128095867694], [0.000104904480395, -0.000422614160925, 0.00021770625608, -0.000295528152492, 0.00115786120296, -0.00360831385478, 0.00661673117429, -0.00347227603197, 0.00122407218441, -0.000495714019053, -0.00069761154009, -0.000280540552922, -8.60855798237e-05], [-0.000140433359775, 2.26348311116e-05, -0.000501918955706, 0.000242489564698, -0.000833902740851, 0.00157837325241, -0.00347227603197, 0.00786543637514, -0.00381061062217, 0.00178945774678, -0.00163751863874, 0.000458505906863, -0.00119817024097], [0.00011950256885, -6.13958982285e-05, 0.000510353595018, -0.000773565785494, 0.000417968636611, -0.00146801827941, 0.00122407218441, -0.00381061062217, 0.00852851569653, -0.00438875705004, 0.00209076423198, -0.00169853540137, -0.000412483059336], [-8.07273754617e-05, 8.01400019554e-05, -8.93569304026e-05, 0.000533655402251, -0.0011019455269, 0.000173865424586, -0.000495714019053, 0.00178945774678, -0.00438875705004, 0.00983741786331, -0.00535775953904, 0.00206007761881, -0.000700461270753], [0.000227216936764, -0.000142955614137, 0.000525464012753, 0.000144854231621, 0.000131046428578, -0.000791946658865, -0.00069761154009, -0.00163751863874, 0.00209076423198, -0.00535775953904, 0.0106448968872, -0.00411638850346, 0.00198151450604], [-2.2856042051e-05, 4.20988144469e-05, -0.000452444946859, -3.88522203139e-05, -0.000108406500658, 3.22300838889e-05, -0.000280540552922, 0.000458505906863, -0.00169853540137, 0.00206007761881, -0.00411638850346, 0.00962178688496, -0.00392386782914], [0.000103136422695, -5.66257913306e-05, 0.000111519570055, -0.000257296807831, -8.01968635642e-05, 0.000128095867694, -8.60855798237e-05, -0.00119817024097, -0.000412483059336, -0.000700461270753, 0.00198151450604, -0.00392386782914, 0.00921207293868]]
    },
    "spectral_contrast_coeffs": {
        "mean": [-0.659799873829, -0.712778687477, -0.754566729069, -0.797314465046, -0.811130404472, -0.805136203766],
        "stdev": [0.133551999927, 0.0992953106761, 0.0875148400664, 0.0663436576724, 0.0499015301466, 0.046368714422]
    },
    "spectral_contrast_valleys": {
        "mean": [-8.36247730255, -7.72113704681, -8.73616695404, -9.0472574234, -9.0633649826, -11.4655952454],
        "stdev": [2.08571863174, 1.45373213291, 1.37878251076, 1.30823326111, 1.37771368027, 1.37361848354]
    }
},
"rhythm": {
    "beats_count": 399,
    "beats_loudness": {
        "mean": 0.081225425005,
        "stdev": 0.0889494866133
    },
    "bpm": 95.0238952637,
    "bpm_histogram_first_peak_bpm": 96,
    "bpm_histogram_first_peak_weight": 0.412658214569,
    "bpm_histogram_second_peak_bpm": 86,
    "bpm_histogram_second_peak_spread": 0.333333313465,
    "bpm_histogram_second_peak_weight": 0.00502512557432,
    "danceability": 1.47956621647,
    "onset_rate": 4.84358692169,
    "beats_loudness_band_ratio": {
        "mean": [0.442319840193, 0.278458982706, 0.10544513166, 0.0486629270017, 0.033911395818, 0.125216469169],
        "stdev": [0.412885963917, 0.23720023036, 0.141059428453, 0.0927907377481, 0.0365575626493, 0.153701871634]
    },
    "beats_position": [0.684988677502, 1.38158726692, 2.06657600403, 2.76317453384, 3.40172338486, 4.04027223587, 4.66721057892, 5.30575942993, 5.94430828094, 6.57124710083, 7.19818592072, 7.8251247406, 8.47528362274, 9.10222244263, 9.72916126251, 10.3560991287, 10.9946479797, 11.6331968307, 12.2601356506, 12.8870744705, 13.5140132904, 14.1409521103, 14.756280899, 15.3948297501, 16.0449886322, 16.6719264984, 17.3104763031, 17.9490242004, 18.5643539429, 19.2029018402, 19.8298416138, 20.4683895111, 21.1069393158, 21.733877182, 22.3608150482, 22.9877548218, 23.614692688, 24.2416324615, 24.89179039, 25.5187301636, 26.1456680298, 26.7726078033, 27.4227657318, 28.0497055054, 28.6766433716, 29.3035831451, 29.9421310425, 30.5806789398, 31.2076187134, 31.8345565796, 32.4614944458, 33.0884361267, 33.7269821167, 34.3655319214, 34.9924697876, 35.6194114685, 36.2463493347, 36.8732872009, 37.5118370056, 38.1503829956, 38.7773246765, 39.4042625427, 40.0312004089, 40.6581382751, 41.2966880798, 41.9352378845, 42.5621757507, 43.1891136169, 43.8392753601, 44.4662132263, 45.0815429688, 45.7200889587, 46.347026825, 46.9971885681, 47.6241264343, 48.2510643005, 48.901222229, 49.5397720337, 50.1667098999, 50.7820396423, 51.4089775085, 52.0359191895, 52.6744651794, 53.3014030457, 53.9399528503, 54.5668907166, 55.1938323975, 55.8207702637, 56.4593200684, 57.0978660583, 57.7248077393, 58.3517456055, 58.9786834717, 59.6056213379, 60.2441711426, 60.8827209473, 61.5096588135, 62.1365966797, 62.7751464844, 63.4136962891, 64.0406341553, 64.6675720215, 65.2945098877, 65.9214477539, 66.5599975586, 67.1985473633, 67.8254852295, 68.4524230957, 69.0793609619, 69.7062988281, 70.3448486328, 70.9833984375, 71.6103363037, 72.2488861084, 72.8874359131, 73.5143737793, 74.1413116455, 74.7682495117, 75.4067993164, 76.0337371826, 76.6722869873, 77.2992248535, 77.9261627197, 78.5531082153, 79.1800460815, 79.8302001953, 80.4571380615, 81.0840835571, 81.7110214233, 82.3379592896, 82.9765090942, 83.6150588989, 84.2419967651, 84.8689346313, 85.507484436, 86.1460266113, 86.7729721069, 87.3999099731, 88.0268478394, 88.665397644, 89.3039474487, 89.9308853149, 90.5578231812, 91.1847610474, 91.8116989136, 92.4618606567, 93.100402832, 93.7273483276, 94.3542861938, 94.9928359985, 95.6313781738, 96.246711731, 96.8736495972, 97.5005874634, 98.1275253296, 98.7544631958, 99.3930130005, 100.019950867, 100.658500671, 101.297050476, 101.935600281, 102.562538147, 103.189476013, 103.816413879, 104.443351746, 105.070289612, 105.708839417, 106.347389221, 106.974327087, 107.601264954, 108.239814758, 108.866752625, 109.505302429, 110.132240295, 110.759178162, 111.386123657, 112.024665833, 112.663215637, 113.290153503, 113.917098999, 114.555641174, 115.194190979, 115.821128845, 116.448066711, 117.075012207, 117.701950073, 118.340499878, 118.967437744, 119.605987549, 120.232925415, 120.859863281, 121.498413086, 122.136962891, 122.763900757, 123.390838623, 124.017776489, 124.656326294, 125.294876099, 125.921813965, 126.548751831, 127.175689697, 127.802627563, 128.441177368, 129.079727173, 129.706665039, 130.333602905, 130.97215271, 131.610702515, 132.237640381, 132.864578247, 133.491516113, 134.130065918, 134.768615723, 135.395553589, 136.022491455, 136.649429321, 137.276367188, 137.903305054, 138.541854858, 139.180404663, 139.807342529, 140.445892334, 141.084442139, 141.711380005, 142.338317871, 142.976867676, 143.603805542, 144.230743408, 144.869293213, 145.496231079, 146.134780884, 146.750106812, 147.388656616, 148.015594482, 148.654144287, 149.281082153, 149.919631958, 150.558181763, 151.196731567, 151.812057495, 152.438995361, 153.065933228, 153.704483032, 154.331420898, 154.969970703, 155.596908569, 156.223846436, 156.850784302, 157.489334106, 158.127883911, 158.754821777, 159.381759644, 160.00869751, 160.635650635, 161.262588501, 161.901138306, 162.539672852, 163.166610718, 163.805160522, 164.443710327, 165.070648193, 165.69758606, 166.324539185, 166.951477051, 167.601623535, 168.228561401, 168.867111206, 169.482452393, 170.109390259, 170.736328125, 171.363265991, 172.001815796, 172.628753662, 173.267303467, 173.894241333, 174.521179199, 175.159729004, 175.798278809, 176.425216675, 177.052154541, 177.690704346, 178.32925415, 178.956192017, 179.583129883, 180.210067749, 180.860229492, 181.487167358, 182.114105225, 182.741043091, 183.367980957, 184.006530762, 184.645080566, 185.272018433, 185.898956299, 186.514282227, 187.152832031, 187.791381836, 188.429931641, 189.056869507, 189.683807373, 190.310745239, 190.937683105, 191.57623291, 192.203170776, 192.841720581, 193.468658447, 194.107208252, 194.734146118, 195.372695923, 195.999633789, 196.626571655, 197.253509521, 197.892059326, 198.530609131, 199.157546997, 199.784484863, 200.411422729, 201.049972534, 201.6769104, 202.315460205, 202.942398071, 203.569335938, 204.207885742, 204.846435547, 205.473373413, 206.100311279, 206.738861084, 207.377410889, 208.004348755, 208.631286621, 209.258224487, 209.885162354, 210.523712158, 211.150650024, 211.777587891, 212.416137695, 213.043075562, 213.670013428, 214.320175171, 214.947113037, 215.574050903, 216.20098877, 216.827926636, 217.454864502, 218.081817627, 218.720352173, 219.358901978, 219.985839844, 220.624389648, 221.262939453, 221.889877319, 222.516815186, 223.15536499, 223.793914795, 224.420852661, 225.047790527, 225.674728394, 226.313278198, 226.940216064, 227.555557251, 228.194107056, 228.832641602, 229.459594727, 230.086532593, 230.725082397, 231.363616943, 231.990570068, 232.617507935, 233.244445801, 233.871383667, 234.509933472, 235.136871338, 235.775421143, 236.402359009, 237.029296875, 237.66784668, 238.306396484, 238.933334351, 239.560272217, 240.187210083, 240.814147949, 241.441085815, 242.07963562, 242.718185425, 243.345123291, 243.972061157, 244.610610962, 245.237548828, 245.876098633, 246.503036499, 247.129974365, 247.76852417, 248.407073975, 249.034011841, 249.672561646, 250.299499512, 250.926437378, 251.564987183, 252.203536987],
    "bpm_histogram": [0, 0, 0, 0, 0, 0, 0, 0, 0, 0, 0, 0, 0, 0, 0, 0, 0, 0, 0, 0, 0, 0, 0, 0, 0, 0, 0, 0, 0, 0, 0, 0, 0, 0, 0, 0, 0, 0, 0, 0, 0, 0, 0, 0, 0, 0, 0, 0, 0, 0, 0, 0, 0, 0, 0, 0, 0, 0, 0, 0, 0, 0, 0, 0, 0, 0, 0, 0, 0, 0, 0, 0, 0, 0, 0, 0, 0, 0, 0, 0, 0, 0, 0, 0, 0, 0, 0.00502512557432, 0, 0.00251256278716, 0, 0, 0, 0.0301507543772, 0, 0.354271352291, 0, 0.582914590836, 0, 0.0251256283373, 0, 0, 0, 0, 0, 0, 0, 0, 0, 0, 0, 0, 0, 0, 0, 0, 0, 0, 0, 0, 0, 0, 0, 0, 0, 0, 0, 0, 0, 0, 0, 0, 0, 0, 0, 0, 0, 0, 0, 0, 0, 0, 0, 0, 0, 0, 0, 0, 0, 0, 0, 0, 0, 0, 0, 0, 0, 0, 0, 0, 0, 0, 0, 0, 0, 0, 0, 0, 0, 0, 0, 0, 0, 0, 0, 0, 0, 0, 0, 0, 0, 0, 0, 0, 0, 0, 0, 0, 0, 0, 0, 0, 0, 0, 0, 0, 0, 0, 0, 0, 0, 0, 0, 0, 0, 0, 0, 0, 0, 0, 0, 0, 0, 0, 0, 0, 0, 0, 0, 0, 0, 0, 0, 0, 0, 0, 0, 0, 0, 0, 0, 0, 0, 0, 0, 0, 0, 0, 0, 0, 0, 0, 0, 0, 0, 0, 0, 0, 0, 0, 0]
},
"tonal": {
    "chords_changes_rate": 0.0973012670875,
    "chords_number_rate": 0.00201946031302,
    "chords_strength": {
        "mean": 0.517721712589,
        "stdev": 0.103286385536
    },
    "hpcp_crest": {
        "mean": 14.4393177032,
        "stdev": 6.68953847885
    },
    "hpcp_entropy": {
        "mean": 1.8392739296,
        "stdev": 0.730740606785
    },
    "key_edma": {
        "strength": 0.5270408988,
        "key": "A#",
        "scale": "minor"
    },
    "key_krumhansl": {
        "strength": 0.539001882076,
        "key": "A#",
        "scale": "minor"
    },
    "key_temperley": {
        "strength": 0.540193855762,
        "key": "A#",
        "scale": "minor"
    },
    "tuning_diatonic_strength": 0.532789647579,
    "tuning_equal_tempered_deviation": 0.14030200243,
    "tuning_frequency": 434.193115234,
    "tuning_nontempered_energy_ratio": 0.850590407848,
    "hpcp": {
        "mean": [0.0721560940146, 0.0708715468645, 0.124514296651, 0.176589488983, 0.139227926731, 0.083843819797, 0.0823145359755, 0.0738134309649, 0.0498428568244, 0.0439109057188, 0.0478282682598, 0.0630309730768, 0.0864823386073, 0.0866196453571, 0.0663675218821, 0.0586005300283, 0.0556432716548, 0.0675773099065, 0.117518551648, 0.115206219256, 0.0674521028996, 0.0671867802739, 0.103341184556, 0.206231936812, 0.253375083208, 0.166768163443, 0.113351844251, 0.142129927874, 0.12307484448, 0.0714717432857, 0.0617711469531, 0.0647193491459, 0.0964526385069, 0.174302220345, 0.173374116421, 0.101215660572],
        "stdev": [0.188324451447, 0.183390274644, 0.260304659605, 0.310714542866, 0.263170748949, 0.197829455137, 0.195989698172, 0.190248444676, 0.144873857498, 0.13342602551, 0.137189090252, 0.169826701283, 0.209698885679, 0.208307206631, 0.173083245754, 0.165737137198, 0.155677959323, 0.169896647334, 0.234533369541, 0.234745800495, 0.173599869013, 0.181045949459, 0.233691170812, 0.318206220865, 0.35739710927, 0.27497792244, 0.236448794603, 0.274192780256, 0.246644809842, 0.180776298046, 0.172803759575, 0.174088597298, 0.20439556241, 0.29568618536, 0.29870724678, 0.218726605177]
    },
    "chords_histogram": [27.4095840454, 27.079126358, 7.03139352798, 5.94822835922, 0.128511101007, 0.110152378678, 0, 5.63612985611, 1.15659999847, 0.936295211315, 0.862860262394, 1.00973010063, 0.0550761893392, 0.0183587297797, 0.0367174595594, 0, 0.275380939245, 0.0367174595594, 1.46869838238, 0.605838060379, 5.8013586998, 0.183587297797, 8.44501590729, 5.76464128494],
    "thpcp": [1, 0.658186912537, 0.447367757559, 0.560946762562, 0.485741704702, 0.282078802586, 0.243793293834, 0.255429029465, 0.380671352148, 0.687921702862, 0.684258759022, 0.399469673634, 0.284779757261, 0.279709994793, 0.49142280221, 0.696948885918, 0.54949337244, 0.330907911062, 0.324872255325, 0.291320800781, 0.196715697646, 0.173303961754, 0.188764691353, 0.248765468597, 0.341321408749, 0.341863304377, 0.261933892965, 0.231279760599, 0.219608306885, 0.26670858264, 0.463812589645, 0.454686462879, 0.266214430332, 0.26516726613, 0.407858520746, 0.813939273357],
    "chords_key": "A#",
    "chords_scale": "minor"
}
}