{
"metadata": {
    "version": {
        "essentia": "2.1-dev",
        "essentia_git_sha": "v2.1_beta3-415-gd5473f3",
        "extractor": "music 2.0"
    },
    "audio_properties": {
        "analysis": {
            "equal_loudness": 0,
            "length": 207.647354126,
            "sample_rate": 44100,
            "start_time": 0,
            "downmix": "mix"
        },
        "bit_rate": 192000,
        "length": 207.647354126,
        "lossless": 0,
        "number_channels": 2,
        "replay_gain": -8.78689575195,
        "sample_rate": 44100,
        "codec": "mp3",
        "md5_encoded": "dc1b244420e586e7f27c2de696eca2a8"
    },
    "tags": {
        "file_name": "barry_white-you_heart_and_soul.mp3",
        "album": ["the heart and soul of "],
        "artist": ["barry white"],
        "date": ["2002"],
        "genre": ["Soul"],
        "title": ["you heart and soul"]
    }
},
"lowlevel": {
    "average_loudness": 0.611402451992,
    "barkbands_crest": {
        "mean": 8.43865203857,
        "stdev": 3.63332533836
    },
    "barkbands_flatness_db": {
        "mean": 0.172726482153,
        "stdev": 0.04664202407
    },
    "barkbands_kurtosis": {
        "mean": 1.19573259354,
        "stdev": 3.487606287
    },
    "barkbands_skewness": {
        "mean": 0.749831020832,
        "stdev": 0.982845187187
    },
    "barkbands_spread": {
        "mean": 22.005399704,
        "stdev": 11.1769886017
    },
    "dissonance": {
        "mean": 0.465472728014,
        "stdev": 0.030355239287
    },
    "dynamic_complexity": 5.08007526398,
    "erbbands_crest": {
        "mean": 9.16081905365,
        "stdev": 4.58605337143
    },
    "erbbands_flatness_db": {
        "mean": 0.232580706477,
        "stdev": 0.0433330088854
    },
    "erbbands_kurtosis": {
        "mean": 0.236174806952,
        "stdev": 1.85509896278
    },
    "erbbands_skewness": {
        "mean": -0.0761503875256,
        "stdev": 0.780642926693
    },
    "erbbands_spread": {
        "mean": 30.8165607452,
        "stdev": 13.3982124329
    },
    "hfc": {
        "mean": 14.5476303101,
        "stdev": 20.1923274994
    },
    "loudness_ebu128": {
        "integrated": -16.7673282623,
        "loudness_range": 6.58849716187,
        "momentary": {
            "mean": -23.1453113556,
            "stdev": 33.141418457
        },
        "short_term": {
            "mean": -19.1384677887,
            "stdev": 11.6630067825
        }
    },
    "melbands_crest": {
        "mean": 11.5599393845,
        "stdev": 4.58701944351
    },
    "melbands_flatness_db": {
        "mean": 0.201589003205,
        "stdev": 0.0669907033443
    },
    "melbands_kurtosis": {
        "mean": 4.93567895889,
        "stdev": 8.33097934723
    },
    "melbands_skewness": {
        "mean": 1.6146478653,
        "stdev": 1.21433568001
    },
    "melbands_spread": {
        "mean": 31.8523693085,
        "stdev": 22.2180480957
    },
    "pitch_salience": {
        "mean": 0.600418448448,
        "stdev": 0.095187291503
    },
    "silence_rate_20dB": {
        "mean": 1,
        "stdev": 0
    },
    "silence_rate_30dB": {
        "mean": 1,
        "stdev": 0
    },
    "silence_rate_60dB": {
        "mean": 0.190742403269,
        "stdev": 0.392882585526
    },
    "spectral_centroid": {
        "mean": 1763.28149414,
        "stdev": 1351.828125
    },
    "spectral_complexity": {
        "mean": 15.5980548859,
        "stdev": 8.90048122406
    },
    "spectral_decrease": {
        "mean": -3.14112535982e-09,
        "stdev": 3.24653037787e-09
    },
    "spectral_energy": {
        "mean": 0.0131748085842,
        "stdev": 0.0139012644067
    },
    "spectral_energyband_high": {
        "mean": 0.000292830605758,
        "stdev": 0.000493609812111
    },
    "spectral_energyband_low": {
        "mean": 0.00113315240014,
        "stdev": 0.00109541614074
    },
    "spectral_energyband_middle_high": {
        "mean": 0.00606733933091,
        "stdev": 0.0100020440295
    },
    "spectral_energyband_middle_low": {
        "mean": 0.00596124166623,
        "stdev": 0.00623166328296
    },
    "spectral_entropy": {
        "mean": 7.34736347198,
        "stdev": 0.44901663065
    },
    "spectral_flux": {
        "mean": 0.0545644722879,
        "stdev": 0.04172706604
    },
    "spectral_kurtosis": {
        "mean": 4.94644021988,
        "stdev": 6.82003641129
    },
    "spectral_rms": {
        "mean": 0.00313218240626,
        "stdev": 0.00174440501723
    },
    "spectral_rolloff": {
        "mean": 2077.90649414,
        "stdev": 2389.88208008
    },
    "spectral_skewness": {
        "mean": 1.09125125408,
        "stdev": 0.708035349846
    },
    "spectral_spread": {
        "mean": 3270992.25,
        "stdev": 4805356
    },
    "spectral_strongpeak": {
        "mean": 1.29399549961,
        "stdev": 1.92127978802
    },
    "zerocrossingrate": {
        "mean": 0.0667969211936,
        "stdev": 0.0613821148872
    },
    "barkbands": {
        "mean": [9.79001561063e-06, 0.000484030402731, 0.000429415696999, 0.000601524894591, 0.0013900033664, 0.000660211662762, 0.000922120525502, 0.00141762616113, 0.000839203305077, 0.000613765383605, 0.000542460067663, 0.000974421971478, 0.000889660208486, 0.000603372347541, 0.000675451359712, 0.00067400658736, 0.000360733800335, 0.000211607999518, 0.000421680713771, 0.000270537188044, 0.000132609944558, 3.61642050848e-05, 1.02220828921e-05, 3.16278328683e-06, 8.9959229399e-07, 1.53625492771e-07, 1.01571879796e-08],
        "stdev": [1.0317556189e-05, 0.000610239163507, 0.000536236038897, 0.000915206794161, 0.00188534799963, 0.00130841194186, 0.00210105907172, 0.00341037428007, 0.00290276901796, 0.00190756900702, 0.00265214173123, 0.00378924608231, 0.00299995997921, 0.00276869116351, 0.00215537822805, 0.00179656490218, 0.000942586164456, 0.000304001703626, 0.00108399987221, 0.000541933055501, 0.000267685158178, 8.62490342115e-05, 2.49947261182e-05, 1.00578808997e-05, 4.00775570597e-06, 8.82210485997e-07, 1.25427305875e-07]
    },
    "erbbands": {
        "mean": [0.00862031616271, 0.129394799471, 0.475902080536, 1.23519384861, 3.87180876732, 4.47235822678, 4.5733165741, 5.68332862854, 10.1573143005, 20.8973255157, 32.4651145935, 19.1221923828, 16.7679691315, 21.9740257263, 25.0923938751, 41.7677993774, 40.4566459656, 35.8074111938, 29.9258861542, 36.2788925171, 38.9925575256, 19.170797348, 13.1622810364, 13.6773796082, 23.1293792725, 13.0917425156, 7.25005817413, 3.66645932198, 1.59252774715, 0.657884776592, 0.248274311423, 0.0935847535729, 0.0410938896239, 0.0142458640039, 0.00455527054146, 0.00126560253557, 0.000180630362593, 2.24154464377e-05, 9.77505169431e-06, 1.63801760209e-05],
        "stdev": [0.0133093055338, 0.157253935933, 0.563145279884, 1.39324879646, 6.24861288071, 7.02344465256, 10.2980413437, 10.8437328339, 22.5000286102, 48.7899513245, 80.3880844116, 63.9551963806, 48.1720085144, 71.6833114624, 90.181022644, 161.409454346, 132.302078247, 139.017028809, 104.567008972, 98.898109436, 102.410171509, 45.7552871704, 18.392162323, 30.0533943176, 65.5323638916, 24.1846618652, 13.8171825409, 7.87437868118, 3.76683807373, 1.55775666237, 0.6059923172, 0.270358085632, 0.145496830344, 0.0619118064642, 0.0211615525186, 0.00691079674289, 0.000999767915346, 0.000148641149281, 2.62234807451e-05, 1.77356068889e-05]
    },
    "gfcc": {
        "mean": [-111.108573914, 151.62890625, -176.619247437, 47.1004295349, -52.4426269531, -13.8123617172, -16.8116130829, -12.138220787, -8.88959884644, -11.6647434235, -5.43650817871, -16.6739253998, -0.627800822258],
        "cov": [[28384.3144531, 1221.09228516, -4183.47167969, 1639.94238281, -1504.81115723, 102.764007568, -585.999084473, -237.4324646, -246.202148438, -103.106651306, -89.4461593628, -411.627410889, 77.716506958], [1221.09228516, 1581.2611084, -272.679260254, -64.733505249, 95.314666748, -279.477905273, 228.438995361, -178.386077881, 110.57636261, -171.85760498, 50.7979011536, -91.716506958, 35.0802383423], [-4183.47167969, -272.679260254, 1000.11486816, -131.104293823, 219.294937134, 50.1070175171, 12.4901762009, 88.9647674561, 8.55645656586, 32.4437789917, -12.6131439209, 87.8272323608, -1.08869016171], [1639.94238281, -64.733505249, -131.104293823, 651.236022949, -17.0521030426, -48.8056144714, -75.3356552124, -5.44159555435, -6.15127182007, -41.3856010437, 2.42560696602, -6.92278432846, 50.9443321228], [-1504.81115723, 95.314666748, 219.294937134, -17.0521030426, 272.105712891, -32.5946083069, 39.2862281799, -25.4434928894, 26.5650272369, 5.77489995956, -6.9131398201, 8.33544158936, -0.238264918327], [102.764007568, -279.477905273, 50.1070175171, -48.8056144714, -32.5946083069, 216.232177734, -9.80101585388, 51.3298988342, -34.3915100098, 49.5783119202, -3.9400267601, 17.9468288422, -10.7870912552], [-585.999084473, 228.438995361, 12.4901762009, -75.3356552124, 39.2862281799, -9.80101585388, 226.823318481, 3.98045921326, 38.7659568787, -41.7954940796, 28.727191925, 1.07058691978, 0.776636064053], [-237.4324646, -178.386077881, 88.9647674561, -5.44159555435, -25.4434928894, 51.3298988342, 3.98045921326, 144.312179565, 2.94858169556, 28.8223419189, -6.4483499527, 34.7641906738, -9.11035633087], [-246.202148438, 110.57636261, 8.55645656586, -6.15127182007, 26.5650272369, -34.3915100098, 38.7659568787, 2.94858169556, 106.661735535, 16.014339447, 20.6331691742, -15.0796279907, 9.57396697998], [-103.106651306, -171.85760498, 32.4437789917, -41.3856010437, 5.77489995956, 49.5783119202, -41.7954940796, 28.8223419189, 16.014339447, 114.194145203, 10.6431779861, 3.95902657509, -20.6485729218], [-89.4461593628, 50.7979011536, -12.6131439209, 2.42560696602, -6.9131398201, -3.9400267601, 28.727191925, -6.4483499527, 20.6331691742, 10.6431779861, 77.6764068604, 11.0710353851, 3.56149983406], [-411.627410889, -91.716506958, 87.8272323608, -6.92278432846, 8.33544158936, 17.9468288422, 1.07058691978, 34.7641906738, -15.0796279907, 3.95902657509, 11.0710353851, 82.5982208252, 17.3896255493], [77.716506958, 35.0802383423, -1.08869016171, 50.9443321228, -0.238264918327, -10.7870912552, 0.776636064053, -9.11035633087, 9.57396697998, -20.6485729218, 3.56149983406, 17.3896255493, 66.6245422363]],
        "icov": [[0.00023156037787, -0.000374108029064, 0.000707527622581, -0.000471480743727, 0.00064759387169, -0.00056484452216, 0.00046048645163, -0.000164971366758, 0.000323036190821, -0.00039965272299, 0.000443130586063, 9.40261088545e-05, -3.66277636203e-05], [-0.000374108029064, 0.0019139109645, -0.000865754904225, 0.00103853072505, -0.00142972287722, 0.00190055277199, -0.00148638465907, 0.000873318698723, -0.00115688890219, 0.00185821321793, -0.00128145422786, 0.000582233071327, -0.000281576620182], [0.000707527622581, -0.000865754904225, 0.00371283199638, -0.00110782112461, 0.000607982510701, -0.00176722439937, 0.00154677708633, -0.00120438681915, 0.000696151982993, -0.00074161629891, 0.00132725515869, -0.000648183515295, -0.000160030904226], [-0.000471480743727, 0.00103853072505, -0.00110782112461, 0.00287447520532, -0.00171712553129, 0.00158312497661, -0.000223398717935, -0.000164415119798, -0.000683837512042, 0.00183899432886, -0.00156157952733, 0.000401347788284, -0.00133567338344], [0.00064759387169, -0.00142972287722, 0.000607982510701, -0.00171712553129, 0.00721783190966, -0.00112910021562, 0.000302261672914, 0.00131583830807, 0.00027911842335, -0.00265527958982, 0.00275257206522, -0.000477807741845, 0.000454257125966], [-0.00056484452216, 0.00190055277199, -0.00176722439937, 0.00158312497661, -0.00112910021562, 0.00835334137082, -0.00248209317215, -0.000583062588703, 0.00144488969818, -0.0011755884625, -0.00129872141406, 0.000575084181037, -0.000936245836783], [0.00046048645163, -0.00148638465907, 0.00154677708633, -0.000223398717935, 0.000302261672914, -0.00248209317215, 0.00764437625185, -0.00171875243541, -0.00136044190731, 0.00241430685855, -0.00127915712073, -0.00024551191018, 0.000792863836978], [-0.000164971366758, 0.000873318698723, -0.00120438681915, -0.000164415119798, 0.00131583830807, -0.000583062588703, -0.00171875243541, 0.0103891240433, -0.00236908812076, -0.000920193211641, 0.00186493480578, -0.00404365593567, 0.00220059463754], [0.000323036190821, -0.00115688890219, 0.000696151982993, -0.000683837512042, 0.00027911842335, 0.00144488969818, -0.00136044190731, -0.00236908812076, 0.0142335165292, -0.00511291343719, -0.00181935308501, 0.00411151349545, -0.00391242327169], [-0.00039965272299, 0.00185821321793, -0.00074161629891, 0.00183899432886, -0.00265527958982, -0.0011755884625, 0.00241430685855, -0.000920193211641, -0.00511291343719, 0.0155539577827, -0.00405477965251, 2.54094447882e-05, 0.00348106399179], [0.000443130586063, -0.00128145422786, 0.00132725515869, -0.00156157952733, 0.00275257206522, -0.00129872141406, -0.00127915712073, 0.00186493480578, -0.00181935308501, -0.00405477965251, 0.0168817061931, -0.00404794188216, 0.00060195295373], [9.40261088545e-05, 0.000582233071327, -0.000648183515295, 0.000401347788284, -0.000477807741845, 0.000575084181037, -0.00024551191018, -0.00404365593567, 0.00411151349545, 2.54094447882e-05, -0.00404794188216, 0.0181929990649, -0.00630750553682], [-3.66277636203e-05, -0.000281576620182, -0.000160030904226, -0.00133567338344, 0.000454257125966, -0.000936245836783, 0.000792863836978, 0.00220059463754, -0.00391242327169, 0.00348106399179, 0.00060195295373, -0.00630750553682, 0.0196161065251]]
    },
    "melbands": {
        "mean": [0.000107559761091, 0.000226943724556, 0.000297802209388, 0.00032009134884, 0.000163400822203, 0.000126747705508, 0.000166257246747, 0.00025144655956, 0.00025367672788, 0.000109840671939, 8.51320655784e-05, 9.05542110559e-05, 7.99771078164e-05, 0.000110567438242, 9.61066762102e-05, 8.59901774675e-05, 6.22260922682e-05, 4.53278007626e-05, 5.05389543832e-05, 4.36013106082e-05, 4.6615707106e-05, 2.13037546928e-05, 1.17361996672e-05, 1.13668884296e-05, 1.00073139038e-05, 1.83435968211e-05, 1.33433395604e-05, 7.59163413022e-06, 4.90652428198e-06, 3.03594856632e-06, 1.83192446457e-06, 8.96210963219e-07, 5.86749990816e-07, 2.85307208969e-07, 1.54333875457e-07, 7.79802959983e-08, 4.67036613827e-08, 3.06047454046e-08, 1.8692801973e-08, 9.49513268012e-09],
        "stdev": [0.000144435543916, 0.000251796533121, 0.000408890540712, 0.000456702167867, 0.000315417419188, 0.000241389730945, 0.000357942422852, 0.000555773731321, 0.000655046547763, 0.000379747129045, 0.000253236532444, 0.000294065452181, 0.000351513968781, 0.000460082374047, 0.000353272655047, 0.000284782348899, 0.000271048891591, 0.000187136771274, 0.000178771399078, 0.000118058291264, 0.000130872227601, 6.05835666647e-05, 1.83029696927e-05, 1.83323245437e-05, 2.69201646006e-05, 5.43420937902e-05, 3.60654848919e-05, 1.33365065267e-05, 9.53886956268e-06, 7.52494770495e-06, 3.93057871406e-06, 2.22521089199e-06, 1.58707189257e-06, 7.16965871561e-07, 3.99079254976e-07, 2.23295643309e-07, 1.51795433112e-07, 1.11948196491e-07, 7.49829283109e-08, 4.50454287204e-08]
    },
    "melbands128": {
        "mean": [5.3209851103e-06, 4.57250644104e-05, 0.000144842299051, 0.000235493469518, 0.000247674703132, 0.000203337840503, 0.000207197881537, 0.000350695685484, 0.000417302187998, 0.00036506485776, 0.000263409456238, 0.000170978222741, 0.000165291887242, 0.000126068101963, 0.000115147966426, 0.000143379133078, 0.000118862073577, 0.000172712476342, 0.000188585705473, 0.000235572719248, 0.000249686039751, 0.000352893519448, 0.000238696215092, 0.000192810941371, 0.000115231625387, 8.39851272758e-05, 8.68003335199e-05, 6.93705442245e-05, 9.84895523288e-05, 0.000106826773845, 6.62798411213e-05, 0.000102862461063, 8.30772114568e-05, 5.5785963923e-05, 9.52635746216e-05, 0.000142668563058, 0.000111990266305, 8.03666480351e-05, 0.000100262572232, 8.98898942978e-05, 7.22214608686e-05, 9.66281368164e-05, 6.76811832818e-05, 4.16754046455e-05, 4.331981836e-05, 4.80896669615e-05, 4.54076034657e-05, 4.61738054582e-05, 5.83840774198e-05, 5.02168113599e-05, 3.47693421645e-05, 4.2522806325e-05, 5.50816803297e-05, 4.91489154228e-05, 2.85758651444e-05, 1.90559421753e-05, 1.25790011225e-05, 1.42397921081e-05, 9.71400822891e-06, 1.01216000985e-05, 1.72676009242e-05, 5.92048945691e-06, 6.05381683272e-06, 1.2886190234e-05, 1.33774174174e-05, 1.98796933546e-05, 2.04219340958e-05, 1.59317605721e-05, 1.11528188427e-05, 1.14796202979e-05, 6.53191409583e-06, 7.02178340362e-06, 5.04081253894e-06, 4.75073056805e-06, 4.37002381659e-06, 3.07931782118e-06, 2.7294352094e-06, 1.84502437151e-06, 2.21400682676e-06, 1.09224322387e-06, 8.76349474765e-07, 7.8573157225e-07, 9.37272886858e-07, 5.18307956554e-07, 3.79156830377e-07, 3.19876448884e-07, 2.51274883567e-07, 2.06424218163e-07, 1.57790907451e-07, 1.14080634717e-07, 8.66599947358e-08, 6.64041905907e-08, 6.330218838e-08, 4.93540888158e-08, 3.36510765919e-08, 3.47133628509e-08, 2.92652071465e-08, 2.67622048966e-08, 1.88725284289e-08, 1.56466271051e-08, 1.12632969618e-08, 8.84870310358e-09, 6.78296085965e-09, 5.79404035861e-09, 4.97437380176e-09, 4.28116964102e-09, 3.23881343967e-09, 2.56050647351e-09, 2.23104978936e-09, 1.26825128177e-09, 1.1952182577e-09, 5.39754740903e-10, 3.92597898635e-10, 2.09703643339e-10, 1.41981870705e-10, 1.24358620623e-10, 1.41431769074e-10, 9.38701685826e-11, 9.4098333292e-11, 6.51930384676e-11, 2.27411509762e-11, 1.33851046566e-11, 5.90869367323e-12, 1.76524289977e-12, 1.74232644371e-12, 1.72616445877e-12, 1.71346021139e-12, 1.70128429573e-12],
        "stdev": [8.83545180841e-06, 8.44538735691e-05, 0.000232218866586, 0.000300611485727, 0.000324526190525, 0.000259780790657, 0.000255632359767, 0.000641049351543, 0.000809089455288, 0.000652180809993, 0.000530102057382, 0.000390229688492, 0.000460534793092, 0.000440917909145, 0.000257886422332, 0.000368433771655, 0.000341522303643, 0.000543764152098, 0.000585627218243, 0.000785263779107, 0.000830605567899, 0.000998254166916, 0.0008907893789, 0.00101374066435, 0.000578879902605, 0.000414659705712, 0.000364423060091, 0.000317305937642, 0.000443315337179, 0.000412884633988, 0.000378636614187, 0.000637856835965, 0.000530532328412, 0.000328348192852, 0.000549837190192, 0.000784871226642, 0.000648226006888, 0.00045484941802, 0.0005397683708, 0.000493338971864, 0.000383667793358, 0.000493302126415, 0.000434627203504, 0.000342571729561, 0.000338755548, 0.000250841112575, 0.000262809247943, 0.000305636320263, 0.000253858306678, 0.000180386559805, 0.000169090140844, 0.000172295796801, 0.000220955887926, 0.000169430873939, 0.000119497759442, 8.80225779838e-05, 3.84161212423e-05, 2.99292169075e-05, 2.01216807909e-05, 2.16782882489e-05, 3.52509741788e-05, 1.10644341476e-05, 1.88677167898e-05, 5.1311471907e-05, 4.86464014102e-05, 8.02799186204e-05, 8.83295360836e-05, 6.21550425421e-05, 3.8804653741e-05, 3.26766603393e-05, 1.34563078973e-05, 1.58374223247e-05, 1.16149085443e-05, 1.16946066555e-05, 1.15327811727e-05, 8.85038662091e-06, 9.79882497631e-06, 5.05389380123e-06, 5.46866385776e-06, 2.70328814622e-06, 2.48003721026e-06, 2.54474207395e-06, 3.17774652103e-06, 1.56464784595e-06, 1.1588272173e-06, 8.75471755535e-07, 7.50764627355e-07, 6.29527391993e-07, 4.59039625866e-07, 3.4431405993e-07, 2.83717497496e-07, 2.18122195861e-07, 1.96527764729e-07, 1.81853508252e-07, 1.34822059294e-07, 1.34689869924e-07, 1.18257617032e-07, 1.04064362461e-07, 7.72295436491e-08, 7.41905594737e-08, 5.9275077291e-08, 4.23477466427e-08, 3.49692932389e-08, 3.16666479705e-08, 2.73327458444e-08, 2.25613021598e-08, 1.92229681062e-08, 1.42257112756e-08, 1.66575819804e-08, 7.98095900478e-09, 8.45905567814e-09, 3.43561645799e-09, 2.42856090793e-09, 1.31630817357e-09, 9.44635036859e-10, 9.231381215e-10, 1.28260713161e-09, 1.9119583694e-09, 1.74585834678e-09, 1.49667678251e-09, 6.06291905569e-10, 3.96164046013e-10, 1.83128456843e-10, 3.51806127633e-12, 3.46497179907e-12, 3.42332043789e-12, 3.39307098043e-12, 3.3741783239e-12]
    },
    "mfcc": {
        "mean": [-710.282043457, 149.546264648, -46.5701560974, 44.7192382812, -13.423119545, 4.28064060211, -3.8443570137, -2.98994851112, 0.598863482475, -0.000297035207041, -3.93074393272, 0.0514923296869, 2.37639164925],
        "cov": [[10364.7783203, 853.669555664, -1422.42407227, 577.354980469, -506.806549072, 338.979766846, -270.08706665, -44.7649879456, -166.030212402, 169.942840576, -122.552932739, -32.3370704651, 15.2778482437], [853.669555664, 1543.88061523, -141.213912964, 114.7840271, -64.8549575806, -43.1867980957, 64.7501373291, -20.526638031, 84.655456543, -74.0856704712, 16.7395515442, 17.6721153259, 37.0529441833], [-1422.42407227, -141.213912964, 502.400543213, -33.5111312866, 115.918045044, -46.685333252, 34.1131782532, 27.7849998474, 34.1369247437, -43.0352516174, -2.00233459473, 15.979765892, 1.5076622963], [577.354980469, 114.7840271, -33.5111312866, 470.1355896, 82.4509048462, 0.768704950809, -21.8706111908, 17.3964214325, 10.6342344284, -21.5715122223, -30.6024265289, -27.5326805115, 4.75257587433], [-506.806549072, -64.8549575806, 115.918045044, 82.4509048462, 249.795227051, 7.70288896561, -7.47863483429, -38.207157135, 8.08159637451, 3.39264845848, -17.5029850006, -16.6844940186, -12.3084163666], [338.979766846, -43.1867980957, -46.685333252, 0.768704950809, 7.70288896561, 143.134536743, 13.1352815628, -15.7653331757, -11.5665426254, 16.7592201233, -0.608155846596, -2.53403019905, 0.0805517062545], [-270.08706665, 64.7501373291, 34.1131782532, -21.8706111908, -7.47863483429, 13.1352815628, 121.778656006, 44.6713638306, 15.8647089005, -15.2689008713, 10.8760480881, 16.8667850494, -3.46660590172], [-44.7649879456, -20.526638031, 27.7849998474, 17.3964214325, -38.207157135, -15.7653331757, 44.6713638306, 123.208427429, 27.9943943024, -24.6629581451, -0.351534426212, 10.696103096, 3.52193808556], [-166.030212402, 84.655456543, 34.1369247437, 10.6342344284, 8.08159637451, -11.5665426254, 15.8647089005, 27.9943943024, 92.2235565186, 5.76089143753, -1.51383137703, 2.27211308479, 8.615026474], [169.942840576, -74.0856704712, -43.0352516174, -21.5715122223, 3.39264845848, 16.7592201233, -15.2689008713, -24.6629581451, 5.76089143753, 93.9556121826, 28.1774845123, -1.21593081951, -2.15556168556], [-122.552932739, 16.7395515442, -2.00233459473, -30.6024265289, -17.5029850006, -0.608155846596, 10.8760480881, -0.351534426212, -1.51383137703, 28.1774845123, 84.0626373291, 32.5957679749, -0.73506295681], [-32.3370704651, 17.6721153259, 15.979765892, -27.5326805115, -16.6844940186, -2.53403019905, 16.8667850494, 10.696103096, 2.27211308479, -1.21593081951, 32.5957679749, 76.0101089478, 17.9779071808], [15.2778482437, 37.0529441833, 1.5076622963, 4.75257587433, -12.3084163666, 0.0805517062545, -3.46660590172, 3.52193808556, 8.615026474, -2.15556168556, -0.73506295681, 17.9779071808, 63.4416656494]],
        "icov": [[0.000262513465714, -0.000171713807504, 0.000449547020253, -0.000296830199659, 0.000384430401027, -0.000530638906639, 0.000567096052691, -0.000340083584888, 0.00044447183609, -0.000631108589005, 0.000715181871783, -0.000445347395726, 0.000226436633966], [-0.000171713807504, 0.000999861746095, 7.98734326963e-05, -5.10674690304e-05, -3.29798604071e-05, 0.000670215347782, -0.00104379432742, 0.00115075579379, -0.00140336260665, 0.0015199824702, -0.00101249769796, 0.000373135932023, -0.000544112233911], [0.000449547020253, 7.98734326963e-05, 0.00358526688069, -0.000115576804092, -0.000806318013929, -5.1087270549e-05, 0.000353736744728, -0.000708734442014, -0.000362872728147, 0.000581979693379, 0.000676330004353, -0.00106175174005, 4.86136632389e-05], [-0.000296830199659, -5.10674690304e-05, -0.000115576804092, 0.00291288783774, -0.00164608552586, 0.000485195982037, 0.000117194664199, -0.000760754395742, -0.000411440210883, 0.00108819734305, -0.000526922871359, 0.00110103643965, -0.0006107648951], [0.000384430401027, -3.29798604071e-05, -0.000806318013929, -0.00164608552586, 0.00622594775632, -0.0011703785276, 0.000359615602065, 0.00194227206521, -0.000124121157569, -0.00143670779653, 0.0018421598943, -0.000395859911805, 0.00129193777684], [-0.000530638906639, 0.000670215347782, -5.1087270549e-05, 0.000485195982037, -0.0011703785276, 0.00892925355583, -0.00313916383311, 0.0018714183243, -0.000376268319087, 0.000316614052281, -0.000993433059193, 0.000966329593211, -0.00103610381484], [0.000567096052691, -0.00104379432742, 0.000353736744728, 0.000117194664199, 0.000359615602065, -0.00313916383311, 0.012274838984, -0.0049468590878, 0.000720927899238, -0.000662294216454, 0.000723885488696, -0.00242913514376, 0.00205132551491], [-0.000340083584888, 0.00115075579379, -0.000708734442014, -0.000760754395742, 0.00194227206521, 0.0018714183243, -0.0049468590878, 0.0128931850195, -0.00454308837652, 0.00386820337735, -0.00132806727197, 0.000100709446997, -0.000423556251917], [0.00044447183609, -0.00140336260665, -0.000362872728147, -0.000411440210883, -0.000124121157569, -0.000376268319087, 0.000720927899238, -0.00454308837652, 0.0147904790938, -0.00494476687163, 0.00277831614949, -0.000605153269134, -0.000952759350184], [-0.000631108589005, 0.0015199824702, 0.000581979693379, 0.00108819734305, -0.00143670779653, 0.000316614052281, -0.000662294216454, 0.00386820337735, -0.00494476687163, 0.0171323549002, -0.00803945120424, 0.00307051301934, -0.00107086333446], [0.000715181871783, -0.00101249769796, 0.000676330004353, -0.000526922871359, 0.0018421598943, -0.000993433059193, 0.000723885488696, -0.00132806727197, 0.00277831614949, -0.00803945120424, 0.0193446576595, -0.00859472341835, 0.00292370817624], [-0.000445347395726, 0.000373135932023, -0.00106175174005, 0.00110103643965, -0.000395859911805, 0.000966329593211, -0.00242913514376, 0.000100709446997, -0.000605153269134, 0.00307051301934, -0.00859472341835, 0.0190738085657, -0.00570244109258], [0.000226436633966, -0.000544112233911, 4.86136632389e-05, -0.0006107648951, 0.00129193777684, -0.00103610381484, 0.00205132551491, -0.000423556251917, -0.000952759350184, -0.00107086333446, 0.00292370817624, -0.00570244109258, 0.0182007476687]]
    },
    "spectral_contrast_coeffs": {
        "mean": [-0.716771423817, -0.760115265846, -0.762924671173, -0.767578005791, -0.767584323883, -0.678772926331],
        "stdev": [0.0751204416156, 0.0813388228416, 0.0786361545324, 0.0721588805318, 0.0562245808542, 0.0579521581531]
    },
    "spectral_contrast_valleys": {
        "mean": [-7.67128610611, -7.35778093338, -8.15009784698, -8.25739383698, -8.27672100067, -12.7516994476],
        "stdev": [2.65775942802, 2.69118595123, 2.63153243065, 2.63464546204, 2.68838334084, 2.24361276627]
    }
},
"rhythm": {
    "beats_count": 453,
    "beats_loudness": {
        "mean": 0.0176091808826,
        "stdev": 0.0155856003985
    },
    "bpm": 132.989715576,
    "bpm_histogram_first_peak_bpm": 133,
    "bpm_histogram_first_peak_weight": 0.574850320816,
    "bpm_histogram_second_peak_bpm": 140,
    "bpm_histogram_second_peak_spread": 0.122448980808,
    "bpm_histogram_second_peak_weight": 0.0951327458024,
    "danceability": 1.01629030704,
    "onset_rate": 3.07221627235,
    "beats_loudness_band_ratio": {
        "mean": [0.217792719603, 0.169994756579, 0.238438785076, 0.180474460125, 0.157337203622, 0.0721594020724],
        "stdev": [0.195801526308, 0.129851654172, 0.176614820957, 0.169987276196, 0.137589484453, 0.0690882354975]
    },
    "beats_position": [0.383129239082, 0.777868449688, 1.18421769142, 1.60217678547, 2.02013611794, 2.4497051239, 2.86766433716, 3.29723358154, 3.72680258751, 4.15637159348, 4.58594083786, 5.01551008224, 5.45668935776, 5.89786815643, 6.33904743195, 6.78022670746, 7.20979595184, 7.63936471939, 8.05732440948, 8.48689365387, 8.92807197571, 9.35764122009, 9.78721046448, 10.2167797089, 10.6579589844, 11.0875282288, 11.5170974731, 11.9582767487, 12.387845993, 12.8174142838, 13.2585935593, 13.6997728348, 14.1409521103, 14.5705213547, 15.0117006302, 15.4528799057, 15.8940582275, 16.3468475342, 16.7880268097, 17.2292060852, 17.6703853607, 18.1115646362, 18.5527439117, 18.9939231873, 19.4234924316, 19.853061676, 20.2826309204, 20.7121982574, 21.1417675018, 21.5713367462, 22.0009059906, 22.4420852661, 22.8716545105, 23.3012237549, 23.7307929993, 24.1603622437, 24.589931488, 25.0195007324, 25.4722900391, 25.9018592834, 26.343038559, 26.8538761139, 27.3647155762, 27.8871650696, 28.3980045319, 28.9204521179, 29.4080715179, 29.8840808868, 30.3600902557, 30.8477096558, 31.358549118, 31.869386673, 32.3686180115, 32.8910636902, 33.4135131836, 33.935962677, 34.4700202942, 34.9808616638, 35.5033111572, 35.9444885254, 36.3856697083, 36.8268470764, 37.2680282593, 37.7092056274, 38.1503829956, 38.5915641785, 39.0327415466, 39.4739227295, 39.9267120361, 40.3678894043, 40.8090705872, 41.2386398315, 41.6914291382, 42.1326065063, 42.5737876892, 43.0265769958, 43.4793624878, 43.9205436707, 44.3733329773, 44.8261222839, 45.2672996521, 45.708480835, 46.1496582031, 46.590839386, 47.0320167542, 47.4848060608, 47.9259872437, 48.3671646118, 48.80834198, 49.2495231628, 49.7023124695, 50.1551017761, 50.6078910828, 51.0374603271, 51.4786376953, 51.9198188782, 52.3609962463, 52.8021774292, 53.2549667358, 53.7077522278, 54.1489334106, 54.6017227173, 55.0545120239, 55.4956893921, 55.936870575, 56.3780479431, 56.819229126, 57.2720184326, 57.7131958008, 58.1659851074, 58.6187744141, 59.0715637207, 59.5127410889, 59.9539222717, 60.4067115784, 60.859500885, 61.3006782532, 61.7534675598, 62.2062568665, 62.6590461731, 63.100227356, 63.5414047241, 63.9825820923, 64.4237594604, 64.8765487671, 65.3293380737, 65.7821273804, 66.2233123779, 66.6761016846, 67.1288909912, 67.5816802979, 68.0344696045, 68.4872512817, 68.9516525269, 69.416053772, 69.8688430786, 70.3332443237, 70.7976379395, 71.2504272461, 71.7032165527, 72.1560058594, 72.608795166, 73.0615844727, 73.5143737793, 73.9671630859, 74.4199523926, 74.8727416992, 75.3255310059, 75.766708374, 76.2194976807, 76.6722869873, 77.1366882324, 77.5894775391, 78.0422668457, 78.5066680908, 78.9710617065, 79.4238510132, 79.8766403198, 80.3294296265, 80.7822189331, 81.2350082397, 81.6877975464, 82.1289749146, 82.5701599121, 83.0113372803, 83.4641265869, 83.8936920166, 84.3348770142, 84.7760543823, 85.2172317505, 85.6584091187, 86.0995864868, 86.5523757935, 87.0167770386, 87.4811782837, 88.0152359009, 88.537689209, 89.0601348877, 89.5245361328, 89.9889297485, 90.4649429321, 90.9293441772, 91.4053497314, 91.8581390381, 92.3225402832, 92.7753295898, 93.2281188965, 93.6809082031, 94.1220855713, 94.5748748779, 95.0276641846, 95.4688415527, 95.9216308594, 96.374420166, 96.8272094727, 97.2799987793, 97.7327880859, 98.1739654541, 98.6151428223, 99.0447158813, 99.4858932495, 99.9154663086, 100.356643677, 100.786209106, 101.227394104, 101.680175781, 102.156188965, 102.632194519, 103.096595764, 103.560997009, 104.025398254, 104.48979187, 104.942581177, 105.395370483, 105.836547852, 106.254508972, 106.69568634, 107.136871338, 107.589660645, 108.042449951, 108.495239258, 108.948028564, 109.389205933, 109.830383301, 110.271560669, 110.712738037, 111.153923035, 111.606712341, 112.059501648, 112.512290955, 112.965080261, 113.417869568, 113.859046936, 114.311836243, 114.753013611, 115.205802917, 115.658592224, 116.099769592, 116.54094696, 116.993736267, 117.446525574, 117.89931488, 118.352104187, 118.793289185, 119.234466553, 119.675643921, 120.116821289, 120.557998657, 121.010787964, 121.451972961, 121.904762268, 122.369155884, 122.82194519, 123.274734497, 123.715919495, 124.168708801, 124.621498108, 125.085891724, 125.550292969, 126.014694214, 126.467483521, 126.908660889, 127.361450195, 127.791015625, 128.243804932, 128.708206177, 129.172607422, 129.637008667, 130.113006592, 130.589019775, 131.053421021, 131.506210327, 131.970611572, 132.423400879, 132.864578247, 133.328979492, 133.793380737, 134.257781982, 134.722167969, 135.186569214, 135.650970459, 136.115371704, 136.579772949, 137.020950317, 137.462127686, 137.914916992, 138.379318237, 138.855331421, 139.319732666, 139.772521973, 140.202087402, 140.643264771, 141.096054077, 141.548843384, 142.013244629, 142.466033936, 142.907211304, 143.348388672, 143.801177979, 144.253967285, 144.706756592, 145.14793396, 145.57749939, 146.007064819, 146.448257446, 146.889434814, 147.342224121, 147.795013428, 148.247802734, 148.700592041, 149.153381348, 149.606170654, 150.070556641, 150.534957886, 150.999359131, 151.463760376, 151.928161621, 152.392562866, 152.856964111, 153.309753418, 153.750930786, 154.203720093, 154.644897461, 155.097686768, 155.550476074, 156.026489258, 156.502487183, 156.966888428, 157.431289673, 157.895690918, 158.360092163, 158.81288147, 159.265670776, 159.718460083, 160.17124939, 160.647247314, 161.11164856, 161.576049805, 162.04045105, 162.504852295, 162.96925354, 163.422042847, 163.863220215, 164.316009521, 164.75718689, 165.209976196, 165.662765503, 166.11555481, 166.579956055, 167.0443573, 167.497146606, 168.031204224, 168.565261841, 169.110931396, 169.691421509, 170.27192688, 170.852416992, 171.432922363, 172.013427734, 172.582305908, 173.151199341, 173.708480835, 174.196090698, 174.68371582, 175.182937622, 175.658950806, 176.123352051, 176.576141357, 177.028930664, 177.470108032, 177.9112854, 178.375686646, 178.840087891, 179.292877197, 179.745666504, 180.198455811, 180.651245117, 181.115646362, 181.580047607, 182.032836914, 182.485626221, 182.950012207, 183.414413452, 183.878814697, 184.343215942, 184.807617188, 185.272018433, 185.748016357, 186.212417603, 186.665206909, 187.129608154, 187.570785522, 188.023574829, 188.476364136, 188.917541504, 189.358734131, 189.811508179, 190.264297485, 190.717086792, 191.169876099, 191.611068726, 192.075454712, 192.539855957, 193.004257202, 193.433822632, 193.86340332, 194.281356812, 194.734146118, 195.186935425, 195.65133667, 196.16217041, 196.649795532, 197.137405396, 197.636642456, 198.11265564, 198.588653564, 199.064666748, 199.529067993, 199.993469238, 200.457870483, 200.968704224, 201.479537964, 201.990386963, 202.52444458, 203.058502197, 203.580947876, 204.05696106, 204.532974243, 205.032196045, 205.519821167, 206.00743103, 206.495056152, 206.994277954],
    "bpm_histogram": [0, 0, 0, 0, 0, 0, 0, 0, 0, 0, 0, 0, 0, 0, 0, 0, 0, 0, 0, 0, 0, 0, 0, 0, 0, 0, 0, 0, 0, 0, 0, 0, 0, 0, 0, 0, 0, 0, 0, 0, 0, 0, 0, 0, 0, 0, 0, 0, 0, 0, 0, 0, 0, 0, 0, 0, 0, 0, 0, 0, 0, 0, 0, 0, 0, 0, 0, 0, 0, 0, 0, 0, 0, 0, 0, 0, 0, 0, 0, 0, 0, 0, 0, 0, 0, 0, 0, 0, 0, 0, 0, 0, 0, 0, 0, 0, 0, 0, 0, 0, 0, 0, 0, 0.0110619468614, 0, 0.00442477874458, 0, 0, 0.00221238937229, 0, 0.00221238937229, 0, 0.0132743362337, 0, 0, 0.0199115052819, 0, 0.0221238937229, 0, 0, 0.0110619468614, 0, 0, 0.0199115052819, 0, 0, 0.0420353971422, 0, 0, 0.165929198265, 0, 0, 0, 0.314159303904, 0, 0, 0.258849561214, 0, 0, 0, 0.0951327458024, 0, 0, 0, 0.0132743362337, 0, 0, 0, 0.00221238937229, 0, 0, 0, 0.00221238937229, 0, 0, 0, 0, 0, 0, 0, 0, 0, 0, 0, 0, 0, 0, 0, 0, 0, 0, 0, 0, 0, 0, 0, 0, 0, 0, 0, 0, 0, 0, 0, 0, 0, 0, 0, 0, 0, 0, 0, 0, 0, 0, 0, 0, 0, 0, 0, 0, 0, 0, 0, 0, 0, 0, 0, 0, 0, 0, 0, 0, 0, 0, 0, 0, 0, 0, 0, 0, 0, 0, 0, 0, 0, 0, 0, 0, 0, 0, 0, 0, 0, 0, 0, 0, 0, 0, 0, 0, 0, 0, 0, 0, 0, 0, 0, 0, 0]
},
"tonal": {
    "chords_changes_rate": 0.0503018125892,
    "chords_number_rate": 0.00268276315182,
    "chords_strength": {
        "mean": 0.501792490482,
        "stdev": 0.186122819781
    },
    "hpcp_crest": {
        "mean": 13.7288007736,
        "stdev": 6.83059978485
    },
    "hpcp_entropy": {
        "mean": 1.92821097374,
        "stdev": 0.762346386909
    },
    "key_edma": {
        "strength": 0.823646068573,
        "key": "D",
        "scale": "major"
    },
    "key_krumhansl": {
        "strength": 0.835691154003,
        "key": "D",
        "scale": "major"
    },
    "key_temperley": {
        "strength": 0.84724766016,
        "key": "D",
        "scale": "major"
    },
    "tuning_diatonic_strength": 0.657142281532,
    "tuning_equal_tempered_deviation": 0.0141467358917,
    "tuning_frequency": 434.193115234,
    "tuning_nontempered_energy_ratio": 0.678652048111,
    "hpcp": {
        "mean": [0.281298160553, 0.176909819245, 0.0819757804275, 0.0745412260294, 0.0718984976411, 0.157963395119, 0.239233493805, 0.162847235799, 0.0844144970179, 0.0746085047722, 0.0687754824758, 0.115577623248, 0.171617001295, 0.14897967875, 0.212616398931, 0.313228309155, 0.206016406417, 0.0966613963246, 0.0835421085358, 0.0626346245408, 0.116514451802, 0.196812480688, 0.154662683606, 0.0842578932643, 0.0738485306501, 0.0723885372281, 0.17192517221, 0.275986105204, 0.183911815286, 0.113008916378, 0.16218097508, 0.127382576466, 0.0793400779366, 0.0872987881303, 0.0857967734337, 0.188482359052],
        "stdev": [0.33304053545, 0.240277290344, 0.1747418046, 0.163992524147, 0.158251613379, 0.230982869864, 0.314279168844, 0.235250011086, 0.16694457829, 0.160792604089, 0.162426710129, 0.203348651528, 0.265670329332, 0.23976290226, 0.255193710327, 0.353012412786, 0.254193782806, 0.180027455091, 0.172613814473, 0.147658348083, 0.191324114799, 0.284849017859, 0.234955385327, 0.164761394262, 0.159302577376, 0.157322794199, 0.23159520328, 0.337058514357, 0.252972751856, 0.19949606061, 0.27265048027, 0.228634878993, 0.151633948088, 0.162128970027, 0.165071666241, 0.244643971324]
    },
    "chords_histogram": [24.9720554352, 6.68455171585, 11.4688129425, 0.178850889206, 2.12385416031, 0.223563596606, 4.96311187744, 0, 2.48155593872, 0.156494528055, 0, 0, 0, 0, 0, 3.33109760284, 0.223563596606, 1.31902527809, 0, 1.56494522095, 0, 8.27185344696, 10.0827188492, 21.9539451599],
    "thpcp": [1, 0.657719612122, 0.308597266674, 0.266713142395, 0.199964761734, 0.37197932601, 0.628335535526, 0.493769824505, 0.268998324871, 0.235765829682, 0.231104701757, 0.548881351948, 0.881102025509, 0.587149381638, 0.360787689686, 0.517772376537, 0.406676441431, 0.253297924995, 0.2787065804, 0.273911297321, 0.60174113512, 0.898061096668, 0.564795136452, 0.261712551117, 0.237977296114, 0.229540228844, 0.504307508469, 0.763767123222, 0.519899487495, 0.269498288631, 0.238192081451, 0.219569817185, 0.36898842454, 0.547897458076, 0.475626468658, 0.678790509701],
    "chords_key": "D",
    "chords_scale": "major"
}
}