{
"metadata": {
    "version": {
        "essentia": "2.1-dev",
        "essentia_git_sha": "v2.1_beta3-415-gd5473f3",
        "extractor": "music 2.0"
    },
    "audio_properties": {
        "analysis": {
            "equal_loudness": 0,
            "length": 171.389389038,
            "sample_rate": 44100,
            "start_time": 0,
            "downmix": "mix"
        },
        "bit_rate": 192000,
        "length": 171.389389038,
        "lossless": 0,
        "number_channels": 2,
        "replay_gain": -8.09192848206,
        "sample_rate": 44100,
        "codec": "mp3",
        "md5_encoded": "5fb154b26a746c5958a087e695c8ab66"
    },
    "tags": {
        "file_name": "ben_e_king_and_the_drifters-stand_by_me.mp3",
        "artist": ["Ben E King and the Drifters"],
        "genre": ["Other"],
        "title": ["Stand By Me"]
    }
},
"lowlevel": {
    "average_loudness": 0.910195231438,
    "barkbands_crest": {
        "mean": 11.0644769669,
        "stdev": 4.63848829269
    },
    "barkbands_flatness_db": {
        "mean": 0.184823334217,
        "stdev": 0.0968049988151
    },
    "barkbands_kurtosis": {
        "mean": 6.5012140274,
        "stdev": 14.3721981049
    },
    "barkbands_skewness": {
        "mean": 1.56862342358,
        "stdev": 1.48276460171
    },
    "barkbands_spread": {
        "mean": 24.980512619,
        "stdev": 20.9202842712
    },
    "dissonance": {
        "mean": 0.439832031727,
        "stdev": 0.0468851365149
    },
    "dynamic_complexity": 4.55085706711,
    "erbbands_crest": {
        "mean": 10.7096881866,
        "stdev": 4.73463153839
    },
    "erbbands_flatness_db": {
        "mean": 0.177628919482,
        "stdev": 0.0535129271448
    },
    "erbbands_kurtosis": {
        "mean": 2.23475599289,
        "stdev": 6.35511684418
    },
    "erbbands_skewness": {
        "mean": 0.506439208984,
        "stdev": 1.28871154785
    },
    "erbbands_spread": {
        "mean": 41.3690109253,
        "stdev": 26.1891345978
    },
    "hfc": {
        "mean": 24.0989570618,
        "stdev": 32.6269340515
    },
    "loudness_ebu128": {
        "integrated": -16.0995159149,
        "loudness_range": 5.5536813736,
        "momentary": {
            "mean": -18.0313739777,
            "stdev": 6.07498693466
        },
        "short_term": {
            "mean": -17.15533638,
            "stdev": 4.31351900101
        }
    },
    "melbands_crest": {
        "mean": 14.9605007172,
        "stdev": 5.28087091446
    },
    "melbands_flatness_db": {
        "mean": 0.24784013629,
        "stdev": 0.122152686119
    },
    "melbands_kurtosis": {
        "mean": 18.9433059692,
        "stdev": 30.0418071747
    },
    "melbands_skewness": {
        "mean": 2.80854964256,
        "stdev": 1.98039114475
    },
    "melbands_spread": {
        "mean": 26.6907672882,
        "stdev": 27.9865455627
    },
    "pitch_salience": {
        "mean": 0.496208369732,
        "stdev": 0.113140918314
    },
    "silence_rate_20dB": {
        "mean": 1,
        "stdev": 0
    },
    "silence_rate_30dB": {
        "mean": 0.999729096889,
        "stdev": 0.0164573732764
    },
    "silence_rate_60dB": {
        "mean": 0.10767980665,
        "stdev": 0.309979498386
    },
    "spectral_centroid": {
        "mean": 1416.47888184,
        "stdev": 896.209533691
    },
    "spectral_complexity": {
        "mean": 12.5476093292,
        "stdev": 7.29260540009
    },
    "spectral_decrease": {
        "mean": -5.71021585571e-09,
        "stdev": 4.68946304011e-09
    },
    "spectral_energy": {
        "mean": 0.0237376037985,
        "stdev": 0.0189970731735
    },
    "spectral_energyband_high": {
        "mean": 0.00143556972034,
        "stdev": 0.00300259445794
    },
    "spectral_energyband_low": {
        "mean": 0.00718433596194,
        "stdev": 0.00838823523372
    },
    "spectral_energyband_middle_high": {
        "mean": 0.00476518971846,
        "stdev": 0.0069547877647
    },
    "spectral_energyband_middle_low": {
        "mean": 0.0109709622338,
        "stdev": 0.0135060921311
    },
    "spectral_entropy": {
        "mean": 6.98408412933,
        "stdev": 0.794667363167
    },
    "spectral_flux": {
        "mean": 0.0599635057151,
        "stdev": 0.0454363450408
    },
    "spectral_kurtosis": {
        "mean": 6.80817937851,
        "stdev": 9.7483215332
    },
    "spectral_rms": {
        "mean": 0.00434671109542,
        "stdev": 0.00206512585282
    },
    "spectral_rolloff": {
        "mean": 2015.36376953,
        "stdev": 2620.80810547
    },
    "spectral_skewness": {
        "mean": 1.76227641106,
        "stdev": 0.983654558659
    },
    "spectral_spread": {
        "mean": 4612913,
        "stdev": 2220623.25
    },
    "spectral_strongpeak": {
        "mean": 1.34437525272,
        "stdev": 3.3375389576
    },
    "zerocrossingrate": {
        "mean": 0.0711412504315,
        "stdev": 0.0619626045227
    },
    "barkbands": {
        "mean": [5.25151017428e-06, 0.0043003638275, 0.00234505813569, 0.00127659167629, 0.00406273361295, 0.00179517909419, 0.000800013775006, 0.000720759911928, 0.00214691855945, 0.000932031660341, 0.000590546173044, 0.000695365481079, 0.000531678495463, 0.000344749365468, 0.000272327190032, 0.000559465959668, 0.000298303551972, 0.000260466127656, 0.000261594657786, 0.000332337018335, 0.000158470720635, 0.000182202100405, 0.000196063570911, 0.000324761116644, 0.000143722209032, 0.000198277673917, 2.35653988057e-06],
        "stdev": [1.24913576656e-05, 0.00707817682996, 0.00275225425139, 0.00267919991165, 0.00769373169169, 0.00399977201596, 0.00206322432496, 0.00293420115486, 0.00700155133381, 0.00240301527083, 0.0020195087418, 0.00273543130606, 0.00212394935079, 0.00124280084856, 0.000647808250505, 0.00175383302849, 0.000767749035731, 0.000568485294934, 0.000578833569307, 0.000559290987439, 0.00042711396236, 0.00049152498832, 0.000637350487523, 0.00101834570523, 0.000554958358407, 0.00111921969801, 8.39387575979e-06]
    },
    "erbbands": {
        "mean": [0.0516293793917, 1.20943129063, 3.19817996025, 3.15130066872, 8.23259544373, 15.1168823242, 13.728181839, 16.1332187653, 13.0967884064, 11.8960151672, 19.8203372955, 48.9668159485, 32.5152320862, 31.3382911682, 28.5659828186, 23.7614707947, 23.3719596863, 17.0411281586, 18.3252410889, 15.3245382309, 33.9859848022, 17.6504440308, 16.9498786926, 11.1845149994, 14.3163433075, 14.2953720093, 9.06765842438, 6.98469495773, 6.81987905502, 4.66578578949, 6.42158699036, 3.74698710442, 7.19247245789, 1.67519593239, 1.29966878891, 0.379828453064, 0.51840287447, 0.0796446800232, 0.00133142794948, 7.75109510869e-05],
        "stdev": [0.102216638625, 1.8686234951, 3.08742856979, 4.91926527023, 13.8911943436, 34.492149353, 37.7931251526, 35.8476905823, 26.5921878815, 44.8934440613, 67.0844039917, 175.101791382, 92.1450195312, 72.3788452148, 76.5400543213, 83.4742584229, 89.5019226074, 58.5169410706, 50.4777145386, 42.538772583, 114.696342468, 39.3013381958, 32.800201416, 20.6796398163, 33.9024848938, 24.2289390564, 15.7630176544, 19.6590652466, 18.4069004059, 14.8386850357, 20.8892269135, 16.0299301147, 23.5379562378, 4.72449922562, 5.93441295624, 1.26671111584, 3.18738698959, 0.504019975662, 0.00780520029366, 0.000277304236079]
    },
    "gfcc": {
        "mean": [-47.3963356018, 93.8731536865, -98.8715286255, 38.2676963806, -58.9998703003, 4.08784627914, -33.7533378601, 9.03186893463, -28.1115398407, -1.95021319389, -19.6240596771, -4.29745769501, -7.65197563171],
        "cov": [[14708.3037109, -2920.6315918, -1768.33850098, -1066.23510742, -417.818847656, 904.456054688, -471.570678711, 698.60760498, -442.550842285, 176.104385376, -360.590484619, 565.782287598, -260.743621826], [-2920.6315918, 2828.00341797, 55.0876426697, 54.7415428162, 516.008666992, -543.294799805, 388.694946289, -283.806274414, 282.925964355, -225.060501099, 192.717025757, -229.411056519, 139.957229614], [-1768.33850098, 55.0876426697, 2078.90551758, 570.412780762, -43.7778320312, -47.1506156921, 13.0054626465, -117.184036255, -7.35246992111, 85.0086975098, 91.7979354858, -245.154266357, 38.0272979736], [-1066.23510742, 54.7415428162, 570.412780762, 618.807434082, 24.7963409424, -26.230386734, 3.99097156525, -78.5906448364, 86.023223877, -4.39646196365, 42.7965164185, -110.684928894, 53.3298454285], [-417.818847656, 516.008666992, -43.7778320312, 24.7963409424, 470.559814453, -88.5111236572, 86.5090179443, -28.2873821259, 60.6051597595, -15.2475223541, 20.8960781097, 7.06829452515, 2.68506741524], [904.456054688, -543.294799805, -47.1506156921, -26.230386734, -88.5111236572, 353.437835693, -8.11813545227, 97.7681503296, -61.6193809509, 43.0195579529, -7.00854063034, 30.4339332581, -28.4975280762], [-471.570678711, 388.694946289, 13.0054626465, 3.99097156525, 86.5090179443, -8.11813545227, 248.418426514, 6.70833826065, 39.7289733887, -10.5519762039, 40.5081176758, -47.3032302856, 2.87550640106], [698.60760498, -283.806274414, -117.184036255, -78.5906448364, -28.2873821259, 97.7681503296, 6.70833826065, 212.270675659, -14.2149410248, 30.8858604431, -11.5635881424, 16.4706249237, -4.3651471138], [-442.550842285, 282.925964355, -7.35246992111, 86.023223877, 60.6051597595, -61.6193809509, 39.7289733887, -14.2149410248, 165.779464722, -6.77702617645, 9.37341690063, -19.678861618, 8.67855644226], [176.104385376, -225.060501099, 85.0086975098, -4.39646196365, -15.2475223541, 43.0195579529, -10.5519762039, 30.8858604431, -6.77702617645, 124.421401978, 14.7568187714, 7.60448598862, -14.7445402145], [-360.590484619, 192.717025757, 91.7979354858, 42.7965164185, 20.8960781097, -7.00854063034, 40.5081176758, -11.5635881424, 9.37341690063, 14.7568187714, 137.037094116, -30.3184299469, 30.8600273132], [565.782287598, -229.411056519, -245.154266357, -110.684928894, 7.06829452515, 30.4339332581, -47.3032302856, 16.4706249237, -19.678861618, 7.60448598862, -30.3184299469, 177.813491821, -32.1520271301], [-260.743621826, 139.957229614, 38.0272979736, 53.3298454285, 2.68506741524, -28.4975280762, 2.87550640106, -4.3651471138, 8.67855644226, -14.7445402145, 30.8600273132, -32.1520271301, 105.759239197]],
        "icov": [[0.000119620737678, 2.22391645366e-06, 4.54925066151e-05, 6.83398611727e-05, 7.83346604294e-06, -0.000173113949131, 0.00014706121874, -0.000228277058341, 0.000130524378619, -5.54236321477e-05, 0.000137000723043, -0.0001275963441, 8.36863182485e-05], [2.22391645366e-06, 0.00157533877064, -2.78905736195e-05, 0.00073875678936, -0.000916714256164, 0.00119073002134, -0.0013677009847, 0.00117388332728, -0.00152351497672, 0.00186305551324, -0.00135824037716, 0.00116865290329, -0.000875614816323], [4.54925066151e-05, -2.78905736195e-05, 0.000809518678579, -0.000633199058939, 7.50904873712e-05, 3.58736215276e-05, 9.35489224503e-05, 9.97939496301e-05, 0.000548272393644, -0.000677487987559, -9.30869136937e-05, 0.000671882648021, 0.00027860319824], [6.83398611727e-05, 0.00073875678936, -0.000633199058939, 0.00303737702779, -0.000551731209271, -3.72654903913e-05, -0.000178115980816, 0.00103118561674, -0.00209203688428, 0.00120917835739, -0.000647071166895, 0.0010243919678, -0.00122123339679], [7.83346604294e-06, -0.000916714256164, 7.50904873712e-05, -0.000551731209271, 0.00300810905173, -0.000172314263182, -2.48140859185e-05, -0.000613080628682, 0.000414313341025, -0.00106569123454, 0.000605901353993, -0.00118100387044, 0.000617824553046], [-0.000173113949131, 0.00119073002134, 3.58736215276e-05, -3.72654903913e-05, -0.000172314263182, 0.0049401987344, -0.00158413604368, -0.000309420400299, -4.33998357039e-05, 0.000715857022442, -0.00137149682269, 0.000623902247753, 6.24057356617e-05], [0.00014706121874, -0.0013677009847, 9.35489224503e-05, -0.000178115980816, -2.48140859185e-05, -0.00158413604368, 0.00634454935789, -0.00159741274547, 0.000495092652272, -0.00109530892223, 3.33855532517e-05, 0.000261285575107, 0.00144040747546], [-0.000228277058341, 0.00117388332728, 9.97939496301e-05, 0.00103118561674, -0.000613080628682, -0.000309420400299, -0.00159741274547, 0.00725097861141, -0.00173153693322, 0.000228695556871, -0.000719211238902, 0.00138934445567, -0.00159102259204], [0.000130524378619, -0.00152351497672, 0.000548272393644, -0.00209203688428, 0.000414313341025, -4.33998357039e-05, 0.000495092652272, -0.00173153693322, 0.00928741134703, -0.00231492705643, 0.00151898420881, -0.00103296153247, 0.00124647421762], [-5.54236321477e-05, 0.00186305551324, -0.000677487987559, 0.00120917835739, -0.00106569123454, 0.000715857022442, -0.00109530892223, 0.000228695556871, -0.00231492705643, 0.0116936638951, -0.00313811027445, 0.000761255796533, 0.00025826372439], [0.000137000723043, -0.00135824037716, -9.30869136937e-05, -0.000647071166895, 0.000605901353993, -0.00137149682269, 3.33855532517e-05, -0.000719211238902, 0.00151898420881, -0.00313811027445, 0.0100425006822, -0.000713357585482, -0.00162994058337], [-0.0001275963441, 0.00116865290329, 0.000671882648021, 0.0010243919678, -0.00118100387044, 0.000623902247753, 0.000261285575107, 0.00138934445567, -0.00103296153247, 0.000761255796533, -0.000713357585482, 0.00884369667619, 0.000716705340892], [8.36863182485e-05, -0.000875614816323, 0.00027860319824, -0.00122123339679, 0.000617824553046, 6.24057356617e-05, 0.00144040747546, -0.00159102259204, 0.00124647421762, 0.00025826372439, -0.00162994058337, 0.000716705340892, 0.0118596674874]]
    },
    "melbands": {
        "mean": [0.000867770169862, 0.0017249971861, 0.000682025798596, 0.000896061945241, 0.000537595828064, 0.000348367670085, 0.00019425417122, 0.000140096701216, 0.000179638038389, 0.000318235048326, 0.000161294345162, 0.000130829808768, 9.47931985138e-05, 8.91909949132e-05, 5.36802217539e-05, 4.40077128587e-05, 2.94439214485e-05, 3.19975115417e-05, 1.75596233021e-05, 2.33891933021e-05, 4.04698075727e-05, 1.30686239572e-05, 2.25162439165e-05, 1.26251898109e-05, 8.09717494121e-06, 1.14319045679e-05, 8.11573227111e-06, 1.08874501166e-05, 7.66156881582e-06, 3.39487587553e-06, 4.15341173721e-06, 4.00079397878e-06, 3.23114204548e-06, 2.27453074331e-06, 3.49530091626e-06, 3.31727846969e-06, 1.86414899872e-06, 4.44891247753e-06, 4.13229599872e-06, 7.65661752666e-07],
        "stdev": [0.00154462107457, 0.00175011600368, 0.000985380960628, 0.00160593132023, 0.00140439218376, 0.000766603508964, 0.000397429859731, 0.000518452143297, 0.000593764241785, 0.00114313326776, 0.00046798348194, 0.00030985462945, 0.000281464657746, 0.00037718101521, 0.000248729891609, 0.000156190784764, 0.000112563124276, 0.000102407546365, 4.69468141091e-05, 6.15327226114e-05, 0.000146436024806, 3.4868306102e-05, 6.18490958004e-05, 3.03687957057e-05, 1.75963432412e-05, 2.8186435884e-05, 2.19539360842e-05, 1.90512419067e-05, 1.2503563994e-05, 1.0327081327e-05, 1.25967126223e-05, 1.11485460366e-05, 9.37076947594e-06, 8.10168148746e-06, 1.19925662148e-05, 1.18231673696e-05, 9.49550576479e-06, 1.44662117236e-05, 1.34303008963e-05, 2.9777124837e-06]
    },
    "melbands128": {
        "mean": [4.73447698823e-06, 0.00011538418039, 0.00120803888422, 0.00233233626932, 0.00202568992972, 0.000931085436605, 0.000547858944628, 0.000698472606018, 0.000751654035412, 0.00107681122608, 0.000886257912498, 0.000671343354043, 0.000420419382863, 0.000423631892772, 0.000387849082472, 0.000324890075717, 0.000158060123795, 0.00023068615701, 0.00011787054973, 0.000115297858429, 0.000139746596687, 0.000196671957383, 0.00010129428847, 0.000252983096289, 0.00035020217183, 0.000363468629075, 0.000232088787016, 9.4506831374e-05, 0.000132913832203, 0.000184921576874, 8.75644545886e-05, 0.000109546141175, 0.000112476016511, 4.5050837798e-05, 0.000153450208018, 8.24377639219e-05, 2.83472545561e-05, 4.78530710097e-05, 8.61461085151e-05, 4.11818582506e-05, 3.16409386869e-05, 4.93228653795e-05, 2.38614920818e-05, 2.21651334869e-05, 3.64077968698e-05, 3.67066022591e-05, 2.54930127994e-05, 9.63768070505e-06, 1.58765378728e-05, 3.00488809444e-05, 9.55708856054e-06, 1.93880823645e-05, 9.08511719899e-05, 1.69489012478e-05, 4.80502239952e-06, 1.08791091407e-05, 1.74072574737e-05, 4.0430782974e-05, 1.49934157889e-05, 9.67033429333e-06, 1.60388881341e-05, 1.29317932078e-05, 4.09112089983e-06, 7.5351108535e-06, 1.27844195958e-05, 1.03142574517e-05, 1.27595712911e-05, 9.88514057099e-06, 6.31578041066e-06, 6.63845457893e-06, 4.37011431131e-06, 2.27244981943e-05, 1.10154196591e-05, 4.32022216046e-06, 2.80262975139e-06, 2.88656906378e-06, 3.82642838304e-06, 4.32476917922e-06, 4.18657600676e-06, 3.98893917009e-06, 4.14924306824e-06, 4.00464023187e-06, 3.66292124454e-06, 3.34216883857e-06, 2.72110651167e-06, 2.18546256292e-06, 2.10521739064e-06, 2.4237224352e-06, 2.38741608882e-06, 5.91874868405e-06, 4.36656227976e-06, 2.20000947593e-06, 2.13672478822e-06, 1.94805602405e-06, 1.61253979059e-06, 1.56261580742e-06, 3.0120493193e-06, 1.28342398966e-05, 3.35525214723e-06, 9.90448597804e-07, 8.77153922829e-07, 7.10289612016e-07, 6.56050758607e-07, 6.26110647772e-07, 6.14321606918e-07, 4.10109760196e-06, 1.0707705087e-06, 4.53643281162e-07, 4.46061221737e-07, 3.37787383842e-07, 2.34317084846e-07, 8.18499756861e-07, 1.88893272934e-06, 3.13138980346e-06, 3.11341568704e-06, 1.22778601508e-07, 9.70172564507e-08, 9.69923252825e-09, 4.42831795539e-12, 3.84616991034e-12, 3.65538372141e-12, 3.52007615764e-12, 3.40453186476e-12, 3.31270991541e-12, 3.24855745602e-12, 3.20131312952e-12, 3.16764041212e-12, 3.14087753202e-12],
        "stdev": [1.17318340926e-05, 0.00030145549681, 0.00252804439515, 0.00361008336768, 0.00193476129789, 0.00114060624037, 0.00104509002995, 0.00145425449591, 0.00159047113266, 0.00226569245569, 0.00249321595766, 0.00240701343864, 0.00155230041128, 0.00141682219692, 0.000963190977927, 0.001001774217, 0.000461880816147, 0.00059803534532, 0.000371714733774, 0.000745752709918, 0.000669158005621, 0.000954999995884, 0.000560325337574, 0.00121635105461, 0.00165880308487, 0.00185057765339, 0.000945076695643, 0.000535942614079, 0.000432338245446, 0.000541527406313, 0.000330045208102, 0.000461311661638, 0.000457890768303, 0.000198214882403, 0.00072322122287, 0.000433591776527, 0.00021299700893, 0.000307177426293, 0.000504525436554, 0.000213398132473, 0.000187360448763, 0.000277483661193, 0.000126590661239, 0.000171808511368, 0.000171898383996, 0.000145112615428, 9.88080428215e-05, 5.65929440199e-05, 5.80150917813e-05, 0.000138820862048, 4.57268797618e-05, 6.68401480652e-05, 0.000352733855834, 7.43065320421e-05, 2.65316139121e-05, 4.51992127637e-05, 7.00555247022e-05, 0.000136963339173, 5.6365821365e-05, 3.90530803998e-05, 4.63508004032e-05, 4.45584555564e-05, 1.50036457853e-05, 2.59749431279e-05, 4.16945003963e-05, 3.54813601007e-05, 4.92897452204e-05, 3.62408864021e-05, 2.96438884106e-05, 2.33852861129e-05, 1.82160929398e-05, 4.3376647227e-05, 1.97589561139e-05, 1.27987013911e-05, 9.3065400506e-06, 1.20548129416e-05, 1.3092439076e-05, 1.41912723848e-05, 1.68639780895e-05, 1.28360770759e-05, 1.42344160849e-05, 1.29303934955e-05, 1.15241200547e-05, 1.01289197119e-05, 9.72808084043e-06, 8.35629907669e-06, 7.93469280325e-06, 1.07508585643e-05, 1.27706089188e-05, 1.91952676687e-05, 1.42953122122e-05, 1.16100700325e-05, 1.14990771181e-05, 1.06789202619e-05, 8.57533541421e-06, 7.98596011009e-06, 1.20233526104e-05, 4.7641711717e-05, 1.16590244943e-05, 4.08580308431e-06, 3.45570742866e-06, 3.07390610033e-06, 2.75740035249e-06, 2.5817171263e-06, 2.51265691986e-06, 2.60003907897e-05, 4.5696028792e-06, 1.78257187144e-06, 1.41027317113e-06, 1.1272258007e-06, 8.24301139346e-07, 5.42994257557e-06, 1.43115439641e-05, 2.19296034629e-05, 2.19265402848e-05, 5.95073345266e-07, 3.58936972589e-07, 3.17871204913e-08, 9.27695680691e-12, 7.57265170709e-12, 7.05734732806e-12, 6.70835175604e-12, 6.45227100915e-12, 6.26066993387e-12, 6.11271927173e-12, 6.00281326382e-12, 5.92464835872e-12, 5.87816123901e-12]
    },
    "mfcc": {
        "mean": [-699.450012207, 126.092636108, 16.9134597778, 33.3390197754, 1.5694206953, -0.229526177049, 2.81975865364, 2.36912202835, 2.04971837997, 4.66894388199, -10.9949502945, -2.39028692245, -2.40079927444],
        "cov": [[13502.1650391, -1574.33691406, -2333.52783203, -1407.84777832, -517.440917969, -127.653266907, -77.1249847412, 389.40737915, 136.975250244, -383.972290039, 252.118515015, -145.218338013, -209.573776245], [-1574.33691406, 2296.00878906, -149.878967285, 365.690124512, 74.4160308838, -72.2526168823, 76.2465438843, -15.3366117477, 23.9315071106, 88.8946151733, -73.1459350586, 98.0330123901, 47.4251976013], [-2333.52783203, -149.878967285, 1834.19042969, 407.930664062, 252.060073853, 111.873680115, 92.7228469849, -141.967178345, -75.3804321289, 204.708709717, -175.59967041, 122.944412231, 110.721611023], [-1407.84777832, 365.690124512, 407.930664062, 594.878540039, 184.50453186, 64.9814987183, -32.7584190369, -55.4816627502, -0.229162871838, 72.7511291504, -52.6834869385, 13.5324306488, 61.3711166382], [-517.440917969, 74.4160308838, 252.060073853, 184.50453186, 315.396972656, 61.2866363525, 23.627368927, -26.7029819489, 6.28075122833, 47.2857513428, -43.6946411133, 34.9441108704, 41.403678894], [-127.653266907, -72.2526168823, 111.873680115, 64.9814987183, 61.2866363525, 198.326141357, 28.0326709747, 8.77388954163, 3.41061258316, -14.2852325439, 30.7591629028, 4.48634958267, -8.81530570984], [-77.1249847412, 76.2465438843, 92.7228469849, -32.7584190369, 23.627368927, 28.0326709747, 244.783676147, 14.6011104584, 7.11819267273, 62.6127433777, -28.5987091064, 57.0401496887, 37.6390380859], [389.40737915, -15.3366117477, -141.967178345, -55.4816627502, -26.7029819489, 8.77388954163, 14.6011104584, 151.616470337, 39.4025039673, -21.9842967987, 36.6690368652, -6.92393493652, 2.04040455818], [136.975250244, 23.9315071106, -75.3804321289, -0.229162871838, 6.28075122833, 3.41061258316, 7.11819267273, 39.4025039673, 133.99508667, 17.3435497284, 26.6012935638, -15.4943084717, -2.30198431015], [-383.972290039, 88.8946151733, 204.708709717, 72.7511291504, 47.2857513428, -14.2852325439, 62.6127433777, -21.9842967987, 17.3435497284, 240.245956421, -83.6631774902, 50.793838501, 66.069229126], [252.118515015, -73.1459350586, -175.59967041, -52.6834869385, -43.6946411133, 30.7591629028, -28.5987091064, 36.6690368652, 26.6012935638, -83.6631774902, 237.840011597, -44.4338569641, -77.7223434448], [-145.218338013, 98.0330123901, 122.944412231, 13.5324306488, 34.9441108704, 4.48634958267, 57.0401496887, -6.92393493652, -15.4943084717, 50.793838501, -44.4338569641, 139.767120361, 55.037815094], [-209.573776245, 47.4251976013, 110.721611023, 61.3711166382, 41.403678894, -8.81530570984, 37.6390380859, 2.04040455818, -2.30198431015, 66.069229126, -77.7223434448, 55.037815094, 149.209228516]],
        "icov": [[0.000123034187709, 6.87093779561e-05, 0.000118717282021, 0.000156450609211, -5.64247693546e-06, -9.72002999333e-06, 1.22637457025e-05, -0.000140163188917, -5.16927648277e-05, 3.36862249242e-05, 5.30080869794e-05, -6.47142151138e-05, 3.41092818417e-05], [6.87093779561e-05, 0.000609397073276, 0.000253130216151, -0.000445715879323, 3.18399870594e-05, 0.00029858876951, -0.000249647593591, -6.84119295329e-05, -8.96258861758e-05, -3.24288776028e-05, 0.000133087363793, -0.000504756171722, 0.000239507426159], [0.000118717282021, 0.000253130216151, 0.000983299105428, -0.000370210589608, -0.000214872998185, -0.0002420519304, -0.000211054823012, 0.000285003974568, 0.000257778156083, -0.000355778902303, 0.000305957306409, -0.000510871817823, 0.000112892674224], [0.000156450609211, -0.000445715879323, -0.000370210589608, 0.00314837810583, -0.00103143113665, -0.000762932933867, 0.000929373549297, 0.000223758688662, -0.000206362994504, -0.000225234529353, -9.46252475842e-05, 0.00079374446068, -0.000900716520846], [-5.64247693546e-06, 3.18399870594e-05, -0.000214872998185, -0.00103143113665, 0.0042926906608, -0.000890735245775, -0.000174831904587, 0.000293408869766, -0.000509296660312, -1.0687565009e-05, 0.000330397917423, -0.00053923233645, -0.000270181946689], [-9.72002999333e-06, 0.00029858876951, -0.0002420519304, -0.000762932933867, -0.000890735245775, 0.00618662405759, -0.000988625572063, -0.000588655471802, -7.6074907156e-06, 0.000648958724923, -0.000857365317643, -0.000290962023428, 0.00062822655309], [1.22637457025e-05, -0.000249647593591, -0.000211054823012, 0.000929373549297, -0.000174831904587, -0.000988625572063, 0.00515865953639, -0.00053073046729, -0.000200352282263, -0.000975373375695, 3.43906394846e-05, -0.00121795851737, -0.000537040410563], [-0.000140163188917, -6.84119295329e-05, 0.000285003974568, 0.000223758688662, 0.000293408869766, -0.000588655471802, -0.00053073046729, 0.00824217963964, -0.00199356884696, 0.00048552401131, -0.00082976941485, 3.7508609239e-05, -0.0012654743623], [-5.16927648277e-05, -8.96258861758e-05, 0.000257778156083, -0.000206362994504, -0.000509296660312, -7.6074907156e-06, -0.000200352282263, -0.00199356884696, 0.00879560504109, -0.0014162567677, -0.000931092479732, 0.00113540282473, -7.28493832867e-05], [3.36862249242e-05, -3.24288776028e-05, -0.000355778902303, -0.000225234529353, -1.0687565009e-05, 0.000648958724923, -0.000975373375695, 0.00048552401131, -0.0014162567677, 0.00587541703135, 0.00109809846617, -0.000716599693988, -0.00109215686098], [5.30080869794e-05, 0.000133087363793, 0.000305957306409, -9.46252475842e-05, 0.000330397917423, -0.000857365317643, 3.43906394846e-05, -0.00082976941485, -0.000931092479732, 0.00109809846617, 0.00594583246857, 8.59205174493e-05, 0.0022692354396], [-6.47142151138e-05, -0.000504756171722, -0.000510871817823, 0.00079374446068, -0.00053923233645, -0.000290962023428, -0.00121795851737, 3.7508609239e-05, 0.00113540282473, -0.000716599693988, 8.59205174493e-05, 0.00994475279003, -0.00272735022008], [3.41092818417e-05, 0.000239507426159, 0.000112892674224, -0.000900716520846, -0.000270181946689, 0.00062822655309, -0.000537040410563, -0.0012654743623, -7.28493832867e-05, -0.00109215686098, 0.0022692354396, -0.00272735022008, 0.00989587791264]]
    },
    "spectral_contrast_coeffs": {
        "mean": [-0.659800231457, -0.711322128773, -0.724511682987, -0.753066539764, -0.732298135757, -0.741496503353],
        "stdev": [0.0841269418597, 0.0793866068125, 0.0920649245381, 0.0846862792969, 0.0704953372478, 0.0492069236934]
    },
    "spectral_contrast_valleys": {
        "mean": [-7.21717071533, -7.47691965103, -8.33288478851, -8.73628902435, -8.67759513855, -11.2979316711],
        "stdev": [1.032797575, 1.10399532318, 1.23038053513, 1.18541061878, 1.23044800758, 1.56420493126]
    }
},
"rhythm": {
    "beats_count": 341,
    "beats_loudness": {
        "mean": 0.0274362619966,
        "stdev": 0.0194031409919
    },
    "bpm": 119.82711792,
    "bpm_histogram_first_peak_bpm": 120,
    "bpm_histogram_first_peak_weight": 0.504559278488,
    "bpm_histogram_second_peak_bpm": 126,
    "bpm_histogram_second_peak_spread": 0,
    "bpm_histogram_second_peak_weight": 0.0176470596343,
    "danceability": 1.13802194595,
    "onset_rate": 2.71863269806,
    "beats_loudness_band_ratio": {
        "mean": [0.377566069365, 0.201868146658, 0.137377634645, 0.0947015807033, 0.0700854733586, 0.153782621026],
        "stdev": [0.257540434599, 0.173501431942, 0.144474044442, 0.11969396472, 0.0722381547093, 0.186940044165]
    },
    "beats_position": [0.53405892849, 1.06811785698, 1.6137868166, 2.12462592125, 2.62385487556, 3.12308382988, 3.63392281532, 4.13315200806, 4.62077093124, 5.10838985443, 5.59600877762, 6.08362817764, 6.5596370697, 7.05886602402, 7.55809497833, 8.06893444061, 8.56816291809, 9.05578231812, 9.54340076447, 10.0426301956, 10.5302495956, 11.017868042, 11.505487442, 11.9931058884, 12.4923353195, 12.9799547195, 13.4675731659, 13.966802597, 14.4660310745, 14.9652605057, 15.4644899368, 15.9521083832, 16.4397277832, 16.9389572144, 17.4381847382, 17.9258041382, 18.4134235382, 18.9126529694, 19.4118824005, 19.9111099243, 20.4103393555, 20.9095687866, 21.3971881866, 21.8964176178, 22.3840351105, 22.8832645416, 23.3824939728, 23.8585033417, 24.3461227417, 24.8337402344, 25.3329696655, 25.8321990967, 26.3314285278, 26.8190479279, 27.3066654205, 27.7826747894, 28.2819042206, 28.7811336517, 29.2803630829, 29.7679805756, 30.2555999756, 30.7432193756, 31.2308387756, 31.7184581757, 32.2060775757, 32.7053070068, 33.204536438, 33.6921539307, 34.1913833618, 34.690612793, 35.2014503479, 35.6890678406, 36.1766891479, 36.6643066406, 37.151927948, 37.6511573792, 38.1503829956, 38.638004303, 39.1256217957, 39.613243103, 40.1008605957, 40.5884780884, 41.0760993958, 41.5637168884, 42.0513381958, 42.550567627, 43.0265769958, 43.5258026123, 44.0250320435, 44.5242614746, 45.011882782, 45.4878921509, 45.9755096436, 46.4747390747, 46.9507484436, 47.4383659363, 47.9259872437, 48.4136047363, 48.901222229, 49.4004516602, 49.8996810913, 50.3873023987, 50.8981399536, 51.4089775085, 51.9198188782, 52.4190483093, 52.9182739258, 53.4175033569, 53.9167327881, 54.4275741577, 54.9384117126, 55.4376411438, 55.936870575, 56.4361000061, 56.9353294373, 57.4461669922, 57.9453964233, 58.4446258545, 58.9438552856, 59.4430847168, 59.9307022095, 60.4183197021, 60.9175491333, 61.4167785645, 61.9043960571, 62.4036254883, 62.9028549194, 63.3904762268, 63.889705658, 64.3889312744, 64.899772644, 65.4106140137, 65.9214477539, 66.409072876, 66.9082946777, 67.4191360474, 67.9183654785, 68.4175949097, 68.9284362793, 69.4392700195, 69.9384994507, 70.4377288818, 70.936958313, 71.4361877441, 71.9354171753, 72.4462585449, 72.9570999146, 73.4679336548, 73.9671630859, 74.4663925171, 74.9540100098, 75.4416275024, 75.9408569336, 76.4400863647, 76.9393157959, 77.4385452271, 77.9261627197, 78.4253921509, 78.924621582, 79.4238510132, 79.9230804443, 80.4223098755, 80.9215393066, 81.4207687378, 81.9199981689, 82.4192276001, 82.9184570312, 83.4292984009, 83.9169158936, 84.4277572632, 84.9385910034, 85.449432373, 85.9602737427, 86.4595031738, 86.9587249756, 87.4579544067, 87.9571838379, 88.4680252075, 88.9672546387, 89.4780960083, 89.9773254395, 90.4765548706, 90.9757843018, 91.4750061035, 91.9742355347, 92.4734649658, 92.972694397, 93.4719238281, 93.9711532593, 94.458770752, 94.9696121216, 95.4804534912, 95.9912872314, 96.5021286011, 97.0129699707, 97.5238113403, 98.0346450806, 98.5454864502, 99.0679321289, 99.5671615601, 100.066390991, 100.565620422, 101.053237915, 101.552467346, 102.051696777, 102.550926208, 103.05015564, 103.549385071, 104.048614502, 104.559455872, 105.070289612, 105.581130981, 106.091972351, 106.602806091, 107.113647461, 107.624488831, 108.123718262, 108.634559631, 109.133781433, 109.633010864, 110.132240295, 110.643081665, 111.153923035, 111.653152466, 112.152381897, 112.651611328, 113.15083313, 113.650062561, 114.149291992, 114.660133362, 115.170974731, 115.681808472, 116.192649841, 116.703491211, 117.214332581, 117.725166321, 118.23600769, 118.735237122, 119.234466553, 119.745300293, 120.256141663, 120.766983032, 121.266212463, 121.777046204, 122.276275635, 122.775505066, 123.274734497, 123.785575867, 124.296417236, 124.807250977, 125.306480408, 125.805709839, 126.316551208, 126.81578064, 127.315010071, 127.814239502, 128.313461304, 128.824310303, 129.335144043, 129.845977783, 130.356826782, 130.856048584, 131.355285645, 131.866119385, 132.376953125, 132.876190186, 133.375411987, 133.886260986, 134.397094727, 134.896316528, 135.395553589, 135.906387329, 136.40562439, 136.91645813, 137.42729187, 137.938140869, 138.437362671, 138.94821167, 139.45904541, 139.96987915, 140.480728149, 140.979949951, 141.479187012, 141.990020752, 142.500854492, 143.011703491, 143.522537231, 144.021759033, 144.520996094, 145.020217896, 145.519454956, 146.041900635, 146.564346313, 147.075195312, 147.574417114, 148.085250854, 148.584487915, 149.083709717, 149.594558716, 150.105392456, 150.616226196, 151.127075195, 151.637908936, 152.137145996, 152.647979736, 153.158813477, 153.669662476, 154.180496216, 154.691329956, 155.178955078, 155.689788818, 156.189025879, 156.688247681, 157.187484741, 157.686706543, 158.197555542, 158.696777344, 159.195999146, 159.706848145, 160.217681885, 160.716918945, 161.227752686, 161.738586426, 162.237823486, 162.737045288, 163.236282349, 163.747116089, 164.257949829, 164.768798828, 165.279632568, 165.790466309, 166.301315308, 166.812149048, 167.311386108, 167.81060791, 168.309844971, 168.809066772, 169.308303833, 169.807525635, 170.318359375, 170.817596436],
    "bpm_histogram": [0, 0, 0, 0, 0, 0, 0, 0, 0, 0, 0, 0, 0, 0, 0, 0, 0, 0, 0, 0, 0, 0, 0, 0, 0, 0, 0, 0, 0, 0, 0, 0, 0, 0, 0, 0, 0, 0, 0, 0, 0, 0, 0, 0, 0, 0, 0, 0, 0, 0, 0, 0, 0, 0, 0, 0, 0, 0, 0, 0, 0, 0, 0, 0, 0, 0, 0, 0, 0, 0, 0, 0, 0, 0, 0, 0, 0, 0, 0, 0, 0, 0, 0, 0, 0, 0, 0, 0, 0, 0, 0, 0, 0, 0, 0, 0, 0, 0, 0, 0, 0, 0, 0, 0, 0, 0, 0, 0, 0, 0, 0.00294117652811, 0, 0.00294117652811, 0, 0, 0.00882352981716, 0, 0.311764717102, 0, 0, 0.479411751032, 0, 0, 0.176470592618, 0, 0, 0.0176470596343, 0, 0, 0, 0, 0, 0, 0, 0, 0, 0, 0, 0, 0, 0, 0, 0, 0, 0, 0, 0, 0, 0, 0, 0, 0, 0, 0, 0, 0, 0, 0, 0, 0, 0, 0, 0, 0, 0, 0, 0, 0, 0, 0, 0, 0, 0, 0, 0, 0, 0, 0, 0, 0, 0, 0, 0, 0, 0, 0, 0, 0, 0, 0, 0, 0, 0, 0, 0, 0, 0, 0, 0, 0, 0, 0, 0, 0, 0, 0, 0, 0, 0, 0, 0, 0, 0, 0, 0, 0, 0, 0, 0, 0, 0, 0, 0, 0, 0, 0, 0, 0, 0, 0, 0, 0, 0, 0, 0, 0, 0, 0, 0, 0, 0, 0, 0, 0, 0, 0, 0, 0, 0, 0]
},
"tonal": {
    "chords_changes_rate": 0.0400866754353,
    "chords_number_rate": 0.00216684723273,
    "chords_strength": {
        "mean": 0.548205435276,
        "stdev": 0.0920788794756
    },
    "hpcp_crest": {
        "mean": 17.864402771,
        "stdev": 7.91307783127
    },
    "hpcp_entropy": {
        "mean": 1.49185585976,
        "stdev": 0.724786639214
    },
    "key_edma": {
        "strength": 0.770977199078,
        "key": "A",
        "scale": "major"
    },
    "key_krumhansl": {
        "strength": 0.788303732872,
        "key": "A",
        "scale": "major"
    },
    "key_temperley": {
        "strength": 0.807825624943,
        "key": "A",
        "scale": "major"
    },
    "tuning_diatonic_strength": 0.662039160728,
    "tuning_equal_tempered_deviation": 0.0438078939915,
    "tuning_frequency": 440.254241943,
    "tuning_nontempered_energy_ratio": 0.681993246078,
    "hpcp": {
        "mean": [0.351409494877, 0.107947982848, 0.0312902294099, 0.02529569529, 0.029139297083, 0.0516867898405, 0.0710960105062, 0.0529609397054, 0.0291909500957, 0.0238310918212, 0.0328180044889, 0.0919270887971, 0.153137251735, 0.103474594653, 0.0728604272008, 0.107748188078, 0.066847242415, 0.0239347405732, 0.0326949432492, 0.0581949017942, 0.191569164395, 0.275350958109, 0.142753824592, 0.0389642976224, 0.037139095366, 0.0516624487936, 0.184155642986, 0.243752613664, 0.108638443053, 0.028587564826, 0.0259059052914, 0.0369701422751, 0.0749246329069, 0.105760246515, 0.105902537704, 0.31342124939],
        "stdev": [0.409921556711, 0.169875845313, 0.115764416754, 0.102930404246, 0.118696771562, 0.142853468657, 0.180918812752, 0.154779136181, 0.115200661123, 0.101827412844, 0.119038455188, 0.169416040182, 0.254084080458, 0.201819032431, 0.178187221289, 0.287565857172, 0.177478730679, 0.102063141763, 0.117389291525, 0.165376931429, 0.272182226181, 0.367731124163, 0.217755272985, 0.129186064005, 0.12771692872, 0.156508773565, 0.290256053209, 0.38130569458, 0.191298782825, 0.102704167366, 0.101901754737, 0.131677553058, 0.17761041224, 0.219644621015, 0.207463413477, 0.364463180304]
    },
    "chords_histogram": [44.1765975952, 4.06283855438, 3.98158168793, 0, 0.866738915443, 0, 2.46478867531, 0, 0.0270855911076, 0, 0.514626204967, 0, 0, 0, 0.189599126577, 0.460455030203, 0, 3.81906819344, 0.352112680674, 0, 0, 4.46912240982, 10.0216684341, 24.5937156677],
    "thpcp": [1, 0.307185739279, 0.0890420749784, 0.0719835311174, 0.0829211995006, 0.147084221244, 0.202316701412, 0.150710046291, 0.0830681920052, 0.0678157284856, 0.0933896377683, 0.261595338583, 0.43578004837, 0.294455885887, 0.207337677479, 0.306617170572, 0.190226063132, 0.0681106820703, 0.0930394381285, 0.165604233742, 0.545145094395, 0.783561527729, 0.406232118607, 0.110880039632, 0.105686090887, 0.147014945745, 0.524048566818, 0.693642675877, 0.309150576591, 0.081351146102, 0.0737199932337, 0.105205304921, 0.213211745024, 0.300960123539, 0.301365047693, 0.891897499561],
    "chords_key": "A",
    "chords_scale": "major"
}
}