{
"metadata": {
    "version": {
        "essentia": "2.1-dev",
        "essentia_git_sha": "v2.1_beta3-415-gd5473f3",
        "extractor": "music 2.0"
    },
    "audio_properties": {
        "analysis": {
            "equal_loudness": 0,
            "length": 139.546127319,
            "sample_rate": 44100,
            "start_time": 0,
            "downmix": "mix"
        },
        "bit_rate": 192000,
        "length": 139.546127319,
        "lossless": 0,
        "number_channels": 2,
        "replay_gain": -6.19101905823,
        "sample_rate": 44100,
        "codec": "mp3",
        "md5_encoded": "a2d242881e5099a27061ceab4dd4abdc"
    },
    "tags": {
        "file_name": "brenton_good-gimme_little_sign.mp3"
    }
},
"lowlevel": {
    "average_loudness": 0.92883759737,
    "barkbands_crest": {
        "mean": 10.6445569992,
        "stdev": 3.88624238968
    },
    "barkbands_flatness_db": {
        "mean": 0.167817443609,
        "stdev": 0.0553375445306
    },
    "barkbands_kurtosis": {
        "mean": 5.88323163986,
        "stdev": 9.86235427856
    },
    "barkbands_skewness": {
        "mean": 1.66774606705,
        "stdev": 1.43716883659
    },
    "barkbands_spread": {
        "mean": 21.439371109,
        "stdev": 14.7561569214
    },
    "dissonance": {
        "mean": 0.455428421497,
        "stdev": 0.0367292165756
    },
    "dynamic_complexity": 4.91252946854,
    "erbbands_crest": {
        "mean": 10.3411741257,
        "stdev": 4.93162631989
    },
    "erbbands_flatness_db": {
        "mean": 0.169907674193,
        "stdev": 0.0441423840821
    },
    "erbbands_kurtosis": {
        "mean": 1.28070533276,
        "stdev": 3.98310518265
    },
    "erbbands_skewness": {
        "mean": 0.283515125513,
        "stdev": 1.10753107071
    },
    "erbbands_spread": {
        "mean": 39.7530708313,
        "stdev": 19.8931751251
    },
    "hfc": {
        "mean": 16.7923488617,
        "stdev": 19.0873966217
    },
    "loudness_ebu128": {
        "integrated": -18.1203517914,
        "loudness_range": 3.55625534058,
        "momentary": {
            "mean": -20.1315803528,
            "stdev": 6.84964561462
        },
        "short_term": {
            "mean": -19.2981815338,
            "stdev": 4.80068445206
        }
    },
    "melbands_crest": {
        "mean": 14.7206525803,
        "stdev": 4.80659484863
    },
    "melbands_flatness_db": {
        "mean": 0.218643143773,
        "stdev": 0.073851570487
    },
    "melbands_kurtosis": {
        "mean": 17.286157608,
        "stdev": 22.9619865417
    },
    "melbands_skewness": {
        "mean": 2.88488936424,
        "stdev": 1.87846875191
    },
    "melbands_spread": {
        "mean": 24.0567264557,
        "stdev": 25.121723175
    },
    "pitch_salience": {
        "mean": 0.516805231571,
        "stdev": 0.109773300588
    },
    "silence_rate_20dB": {
        "mean": 1,
        "stdev": 0
    },
    "silence_rate_30dB": {
        "mean": 0.99883544445,
        "stdev": 0.034106310457
    },
    "silence_rate_60dB": {
        "mean": 0.123440362513,
        "stdev": 0.328940153122
    },
    "spectral_centroid": {
        "mean": 1349.44335938,
        "stdev": 790.958984375
    },
    "spectral_complexity": {
        "mean": 13.6918983459,
        "stdev": 10.2112026215
    },
    "spectral_decrease": {
        "mean": -5.57238921672e-09,
        "stdev": 5.01378316642e-09
    },
    "spectral_energy": {
        "mean": 0.022554602474,
        "stdev": 0.020162191242
    },
    "spectral_energyband_high": {
        "mean": 0.000743330456316,
        "stdev": 0.00184884108603
    },
    "spectral_energyband_low": {
        "mean": 0.00683203153312,
        "stdev": 0.00836739130318
    },
    "spectral_energyband_middle_high": {
        "mean": 0.00474244821817,
        "stdev": 0.00695625599474
    },
    "spectral_energyband_middle_low": {
        "mean": 0.0111905522645,
        "stdev": 0.01279457286
    },
    "spectral_entropy": {
        "mean": 7.40815210342,
        "stdev": 0.487828284502
    },
    "spectral_flux": {
        "mean": 0.0740266367793,
        "stdev": 0.0511685311794
    },
    "spectral_kurtosis": {
        "mean": 3.86970686913,
        "stdev": 3.19334840775
    },
    "spectral_rms": {
        "mean": 0.00416158232838,
        "stdev": 0.00216465373524
    },
    "spectral_rolloff": {
        "mean": 1392.15356445,
        "stdev": 1617.13757324
    },
    "spectral_skewness": {
        "mean": 1.34807765484,
        "stdev": 0.507905721664
    },
    "spectral_spread": {
        "mean": 4318996.5,
        "stdev": 1307528.875
    },
    "spectral_strongpeak": {
        "mean": 1.0002156496,
        "stdev": 1.35833597183
    },
    "zerocrossingrate": {
        "mean": 0.0555048510432,
        "stdev": 0.0422861911356
    },
    "barkbands": {
        "mean": [3.86690726373e-06, 0.00375338108279, 0.00231121620163, 0.00176813395228, 0.00357500719838, 0.00166770222131, 0.000930992886424, 0.00129200948868, 0.00156627432443, 0.000893802905921, 0.000961181009188, 0.000583687156904, 0.000367402564734, 0.000541977700777, 0.000422595679993, 0.000256694213022, 0.000245263072429, 0.000268971169135, 0.000232056525419, 0.000283952220343, 0.000235385785345, 0.000161843883689, 0.000115109462058, 6.85715131112e-05, 3.84254308301e-05, 9.03264299268e-06, 3.09109040586e-08],
        "stdev": [8.01053192845e-06, 0.00512336939573, 0.00358024216257, 0.00294506247155, 0.00613392423838, 0.0034335271921, 0.00276201264933, 0.00405301246792, 0.00510000856593, 0.00249037588947, 0.00275766057894, 0.00209552282467, 0.00126078154426, 0.00136227207258, 0.00108914601151, 0.000561562774237, 0.000426861341111, 0.000454084627563, 0.00046432466479, 0.000452267151559, 0.000781878770795, 0.000669555040076, 0.000325030996464, 0.000165386882145, 9.63679704e-05, 2.17115666601e-05, 1.30103202878e-07]
    },
    "erbbands": {
        "mean": [0.0331292524934, 1.07531285286, 3.15331459045, 4.03674268723, 8.12500667572, 14.4026241302, 11.4119205475, 15.1713132858, 12.5375947952, 21.3661289215, 28.9296760559, 37.6795883179, 30.4758758545, 39.4460067749, 24.0550441742, 25.0973052979, 19.1687889099, 26.4238815308, 23.4068031311, 17.2086353302, 14.5459651947, 14.4420232773, 16.9210853577, 10.8527126312, 14.212761879, 12.0437612534, 9.00272750854, 9.55092906952, 6.36640262604, 3.96849012375, 3.15205359459, 1.83022272587, 0.988924860954, 0.511137008667, 0.234137624502, 0.0652753710747, 0.0121212899685, 0.000967990141362, 3.53816867573e-05, 2.87002021651e-05],
        "stdev": [0.0420642979443, 1.47212338448, 4.73578119278, 5.19887018204, 13.8770561218, 28.9990577698, 18.7027568817, 36.1075210571, 34.8671150208, 64.6055679321, 79.388710022, 132.5965271, 91.0621795654, 113.253318787, 64.9266357422, 88.3087692261, 56.5327110291, 66.9061813354, 61.9659957886, 31.4031219482, 28.0233325958, 24.7227592468, 28.768819809, 17.7025756836, 29.7960567474, 18.7861347198, 22.0801429749, 37.7877464294, 26.0607318878, 13.3399543762, 9.40850925446, 5.17974090576, 2.22597455978, 1.26320374012, 0.598708152771, 0.16131798923, 0.028530549258, 0.00223709689453, 5.8546254877e-05, 2.5894431019e-05]
    },
    "gfcc": {
        "mean": [-49.1383857727, 103.885604858, -120.661186218, 49.1118736267, -58.995475769, 11.1791419983, -33.9043464661, 2.55677247047, -25.0540390015, -2.90344524384, -18.6649532318, -5.16294002533, -9.78084087372],
        "cov": [[14658.5820312, -839.14465332, -970.159667969, 15.3404741287, -629.535461426, 249.040679932, -243.680587769, 153.807907104, -185.098754883, 138.032043457, -203.73664856, -39.1733169556, -202.410629272], [-839.14465332, 1319.62158203, 140.52444458, -173.926361084, 276.033172607, -193.112976074, 237.978240967, -118.651542664, 38.6577148438, -107.41318512, 134.473434448, -38.4666557312, 37.7120628357], [-970.159667969, 140.52444458, 719.489440918, 163.651763916, 13.4833898544, 21.445438385, -51.6978874207, 37.7434768677, 16.6356296539, 2.33073759079, 20.3220119476, 41.7917747498, 25.7794742584], [15.3404741287, -173.926361084, 163.651763916, 474.354522705, 160.286804199, -31.3059692383, -67.1625137329, -17.5325164795, 59.7731628418, 1.32402276993, -30.0998058319, 24.3975925446, 20.818944931], [-629.535461426, 276.033172607, 13.4833898544, 160.286804199, 427.943817139, 43.0900001526, 58.0056877136, 11.9840250015, 36.4558296204, -31.3931465149, 6.20220327377, -16.4292354584, 40.4680671692], [249.040679932, -193.112976074, 21.445438385, -31.3059692383, 43.0900001526, 336.624389648, 80.6148757935, 95.8062057495, -18.9072494507, 36.7513008118, -13.8587636948, -20.7887706757, -4.86396360397], [-243.680587769, 237.978240967, -51.6978874207, -67.1625137329, 58.0056877136, 80.6148757935, 258.100128174, -0.968196213245, 26.1235027313, -7.53716897964, 45.2821121216, -27.0341491699, -7.59283733368], [153.807907104, -118.651542664, 37.7434768677, -17.5325164795, 11.9840250015, 95.8062057495, -0.968196213245, 173.52154541, 25.1855945587, 42.9858016968, -26.2369880676, -13.6908330917, -4.30172967911], [-185.098754883, 38.6577148438, 16.6356296539, 59.7731628418, 36.4558296204, -18.9072494507, 26.1235027313, 25.1855945587, 111.311149597, 28.9189891815, 10.027718544, -6.08169078827, 2.66117048264], [138.032043457, -107.41318512, 2.33073759079, 1.32402276993, -31.3931465149, 36.7513008118, -7.53716897964, 42.9858016968, 28.9189891815, 110.09727478, 18.9360752106, -4.083132267, -2.31674361229], [-203.73664856, 134.473434448, 20.3220119476, -30.0998058319, 6.20220327377, -13.8587636948, 45.2821121216, -26.2369880676, 10.027718544, 18.9360752106, 103.29460144, 31.7726573944, 1.83520853519], [-39.1733169556, -38.4666557312, 41.7917747498, 24.3975925446, -16.4292354584, -20.7887706757, -27.0341491699, -13.6908330917, -6.08169078827, -4.083132267, 31.7726573944, 87.2430038452, 24.149477005], [-202.410629272, 37.7120628357, 25.7794742584, 20.818944931, 40.4680671692, -4.86396360397, -7.59283733368, -4.30172967911, 2.66117048264, -2.31674361229, 1.83520853519, 24.149477005, 69.4680709839]],
        "icov": [[0.00011059139797, -0.000230977704632, 0.000282034772681, -0.000311581301503, 0.00035010711872, -0.000269555719569, 0.000207697303267, -0.000178833055543, 0.000230006262427, -0.00019968948618, 0.000258137268247, -0.000227523923968, 0.000281945220195], [-0.000230977704632, 0.0031568959821, -0.00172997545451, 0.00249123899266, -0.00274300668389, 0.00261808186769, -0.00216934923083, 0.00114162359387, -0.00104863534216, 0.00192959979177, -0.00272838864475, 0.00247747846879, -0.00156123947818], [0.000282034772681, -0.00172997545451, 0.00285936286673, -0.00228680414148, 0.00206177518703, -0.00177428638563, 0.00156449712813, -0.00141655141488, 0.000850562297273, -0.000613942975178, 0.000656643998809, -0.00151263258886, 0.000598567945417], [-0.000311581301503, 0.00249123899266, -0.00228680414148, 0.00553701398894, -0.00382446288131, 0.00216999580152, -0.00103990384378, 0.00228835828602, -0.00281416904181, 0.00080643070396, -0.000239450018853, 0.000456497335108, -0.000680820434354], [0.00035010711872, -0.00274300668389, 0.00206177518703, -0.00382446288131, 0.00610591284931, -0.00288630835712, 0.00149806973059, -0.00187328073662, 0.00076554925181, 3.66914064216e-05, 0.000914303120226, -0.000414039153839, -0.000729383318685], [-0.000269555719569, 0.00261808186769, -0.00177428638563, 0.00216999580152, -0.00288630835712, 0.00665039103478, -0.00362704624422, -0.00109587528277, 0.00116184598301, -4.43049657406e-06, -0.00125246273819, 0.00188606290612, -0.00118306512013], [0.000207697303267, -0.00216934923083, 0.00156449712813, -0.00103990384378, 0.00149806973059, -0.00362704624422, 0.00738096795976, -0.000233096725424, -0.00136396102607, 0.000470150174806, -0.00136333727278, 0.000458844471723, 0.00112400751095], [-0.000178833055543, 0.00114162359387, -0.00141655141488, 0.00228835828602, -0.00187328073662, -0.00109587528277, -0.000233096725424, 0.00925049092621, -0.00298927631229, -0.00203435402364, 0.00215996801853, 7.48370730435e-05, 0.000224530347623], [0.000230006262427, -0.00104863534216, 0.000850562297273, -0.00281416904181, 0.00076554925181, 0.00116184598301, -0.00136396102607, -0.00298927631229, 0.0130335083231, -0.00383337028325, 0.000178705813596, 0.000102858844912, 0.000400775636081], [-0.00019968948618, 0.00192959979177, -0.000613942975178, 0.00080643070396, 3.66914064216e-05, -4.43049657406e-06, 0.000470150174806, -0.00203435402364, -0.00383337028325, 0.01433588285, -0.00678038597107, 0.00419791927561, -0.00239474815316], [0.000258137268247, -0.00272838864475, 0.000656643998809, -0.000239450018853, 0.000914303120226, -0.00125246273819, -0.00136333727278, 0.00215996801853, 0.000178705813596, -0.00678038597107, 0.0186231229454, -0.00976527482271, 0.00409559393302], [-0.000227523923968, 0.00247747846879, -0.00151263258886, 0.000456497335108, -0.000414039153839, 0.00188606290612, 0.000458844471723, 7.48370730435e-05, 0.000102858844912, 0.00419791927561, -0.00976527482271, 0.0194136090577, -0.00751011865214], [0.000281945220195, -0.00156123947818, 0.000598567945417, -0.000680820434354, -0.000729383318685, -0.00118306512013, 0.00112400751095, 0.000224530347623, 0.000400775636081, -0.00239474815316, 0.00409559393302, -0.00751011865214, 0.0189322475344]]
    },
    "melbands": {
        "mean": [0.000673597329296, 0.00166726333555, 0.000836396066006, 0.00082525156904, 0.000471011939226, 0.00033211405389, 0.000193492902326, 0.000243104761466, 0.00025021712645, 0.000233336177189, 0.00014212167298, 0.000151195155922, 9.85419683275e-05, 5.35134495294e-05, 6.77728676237e-05, 3.4617165511e-05, 5.30544712092e-05, 3.64802108379e-05, 3.52104834747e-05, 1.93218511413e-05, 1.51123049363e-05, 1.61969655892e-05, 1.27634111777e-05, 1.30622584038e-05, 8.29578675621e-06, 8.68339247972e-06, 1.18587831821e-05, 7.08622610546e-06, 5.42756333743e-06, 6.12860685578e-06, 5.17162743563e-06, 3.87631371268e-06, 2.47932212005e-06, 2.08920664591e-06, 1.8436735445e-06, 1.54627696247e-06, 9.63485717875e-07, 7.50070398681e-07, 5.05561047248e-07, 3.9903011384e-07],
        "stdev": [0.000888622947969, 0.00234234612435, 0.00113630108535, 0.0014594468521, 0.000774008920416, 0.000753017084207, 0.000535051629413, 0.000790521095041, 0.000712725450285, 0.000853572273627, 0.000451284082374, 0.0004390119866, 0.000274860678473, 0.000175351116923, 0.000258686806774, 0.000127819206682, 0.000146696038428, 0.000107517269498, 7.99365079729e-05, 4.2360250518e-05, 2.89721483568e-05, 2.9152013667e-05, 2.31202047871e-05, 2.29395445785e-05, 1.50755176946e-05, 1.96302571567e-05, 2.24308187171e-05, 1.17457448141e-05, 1.28901674543e-05, 1.94700860447e-05, 2.31790745602e-05, 1.6595597117e-05, 9.58005603025e-06, 6.69906012263e-06, 5.65291702515e-06, 5.14514522365e-06, 2.58603881775e-06, 1.71976910224e-06, 1.20283095839e-06, 1.0325132962e-06]
    },
    "melbands128": {
        "mean": [3.1809313441e-06, 5.08166267537e-05, 0.000728883140255, 0.00225543114357, 0.0019944657106, 0.000947604712564, 0.000734267057851, 0.000953321694396, 0.000753472268116, 0.000777220469899, 0.000934293027967, 0.000592982687522, 0.000327125948388, 0.000344938976923, 0.000389413384255, 0.000292417331366, 0.000221341193537, 0.000153623099322, 0.000225491938181, 0.000229556695558, 0.000329392380081, 0.000158021997777, 0.000299069652101, 0.000261350069195, 0.000254490820225, 0.000234220220591, 0.000137280643685, 0.00017710767861, 9.58820455708e-05, 8.24443995953e-05, 0.000231825062656, 0.000173047825228, 6.83559119352e-05, 7.15268834028e-05, 3.68455403077e-05, 4.38927090727e-05, 8.05340823717e-05, 9.74345966824e-05, 3.46198175976e-05, 3.19313548971e-05, 4.36825830548e-05, 2.342870539e-05, 5.31850382686e-05, 7.41335898056e-05, 3.91693247366e-05, 2.86601789412e-05, 2.98326922348e-05, 5.73469915253e-05, 2.55941540672e-05, 6.4876739998e-06, 2.29017987294e-05, 2.97542228509e-05, 1.24199159472e-05, 9.88544343272e-06, 1.74865672307e-05, 2.01539587579e-05, 1.26624445329e-05, 6.47691194899e-06, 1.16414148579e-05, 2.72578126896e-05, 1.10781620606e-05, 5.78252274863e-06, 9.08075162442e-06, 8.99235874385e-06, 7.13308054401e-06, 7.81725611887e-06, 9.41990856518e-06, 1.387332577e-05, 1.26787008412e-05, 9.01607290871e-06, 5.54792404728e-06, 8.11488916952e-06, 5.73538954995e-06, 4.76392733617e-06, 4.79069694848e-06, 6.07964329902e-06, 6.97149062034e-06, 6.17663090452e-06, 4.8410315685e-06, 4.26933866038e-06, 4.11813653045e-06, 3.81692552764e-06, 2.96649159282e-06, 2.29774741456e-06, 2.04470666176e-06, 2.31780040849e-06, 2.01417128665e-06, 1.82295639206e-06, 1.91574781638e-06, 1.74065610281e-06, 1.84811506188e-06, 1.4776566104e-06, 1.08138567612e-06, 9.22276910842e-07, 9.4322666655e-07, 8.03007367267e-07, 7.61688568218e-07, 5.79911329623e-07, 4.67382477609e-07, 5.05215894009e-07, 4.6373000373e-07, 3.71012276901e-07, 3.40393199849e-07, 2.81649619183e-07, 3.09435108647e-07, 2.22127098937e-07, 1.60710541763e-07, 1.3003224808e-07, 1.12203544234e-07, 7.94328869347e-08, 5.34889217363e-08, 4.37775113937e-08, 3.41970434192e-08, 2.49767762028e-08, 1.64288547211e-08, 8.9852116858e-09, 1.44842982053e-09, 1.59222444257e-11, 3.37238201774e-12, 3.27709018776e-12, 3.2009666185e-12, 3.13883966561e-12, 3.07199036174e-12, 3.01269252601e-12, 2.97515354367e-12, 2.94905137636e-12, 2.9265333646e-12, 2.90442496442e-12],
        "stdev": [7.26856706024e-06, 8.64436879056e-05, 0.000962869089562, 0.00318867876194, 0.0031067491509, 0.00140111998189, 0.00101744942367, 0.00176765280776, 0.00158470135648, 0.00189492746722, 0.00239205849357, 0.0014077895321, 0.000657218159176, 0.000836965278722, 0.00113139685709, 0.000895973935258, 0.000935980700888, 0.000531680590939, 0.000988313811831, 0.000796950829681, 0.00153632287402, 0.000678948417772, 0.00106905109715, 0.00110585137736, 0.00121939415112, 0.0012318744557, 0.000652295653708, 0.000704842037521, 0.000333053001668, 0.000350935326423, 0.00083734333748, 0.000639171397779, 0.000342565734172, 0.000292841374176, 0.000170545536093, 0.00023820696515, 0.000424528378062, 0.000457450136309, 0.000190330596524, 0.000161786563694, 0.000229802026297, 9.88246902125e-05, 0.000189849059097, 0.000262343965005, 0.000126463084598, 0.000178217844223, 0.000128078900161, 0.000151824307977, 7.22206605133e-05, 2.61041768681e-05, 6.073509212e-05, 8.24636372272e-05, 3.95165770897e-05, 2.25275907724e-05, 4.41645242972e-05, 4.55199078715e-05, 3.13525961246e-05, 2.23528331844e-05, 3.01230738842e-05, 5.29733297299e-05, 2.87327129627e-05, 1.65724304679e-05, 2.05128271773e-05, 2.10086836887e-05, 1.79562812264e-05, 2.11770220631e-05, 4.06325780204e-05, 3.44328436768e-05, 2.76840273727e-05, 2.04056268558e-05, 1.13297983262e-05, 1.80156894203e-05, 1.48955323311e-05, 1.45489912029e-05, 1.47404853124e-05, 1.89447109733e-05, 2.4687305995e-05, 2.73265286523e-05, 2.58279796981e-05, 2.13183229789e-05, 1.95650663954e-05, 1.56542319019e-05, 1.28669007609e-05, 9.43826034927e-06, 8.115235687e-06, 9.13701569516e-06, 6.19699176241e-06, 5.81773292652e-06, 6.9140182859e-06, 5.96839890932e-06, 7.13209828973e-06, 5.15489955433e-06, 3.9866968109e-06, 2.58024988398e-06, 2.34593221649e-06, 1.97064719032e-06, 1.90326261418e-06, 1.38911104841e-06, 1.18168338759e-06, 1.31320121e-06, 1.23019708553e-06, 1.02200579022e-06, 9.64520268099e-07, 7.32372086532e-07, 8.51580352901e-07, 6.04656406722e-07, 4.33005880041e-07, 3.32872645004e-07, 2.90517505164e-07, 2.03486195005e-07, 1.35693014158e-07, 1.08817587829e-07, 8.16655898461e-08, 6.27787031249e-08, 3.9958717224e-08, 2.34051622527e-08, 5.21804066622e-09, 2.69587269175e-10, 5.75880792705e-12, 5.52869642428e-12, 5.38486269464e-12, 5.26007883084e-12, 5.15081206853e-12, 5.05648778057e-12, 4.98097570134e-12, 4.91933316998e-12, 4.8738088218e-12, 4.84746704582e-12]
    },
    "mfcc": {
        "mean": [-684.484863281, 120.490737915, 2.27082586288, 36.2621612549, 0.597472965717, 11.4725837708, 0.0474393442273, 4.41642856598, -1.59393167496, 2.67392683029, -5.6684679985, -4.32052707672, -6.37703275681],
        "cov": [[11726.3242188, -436.802581787, -684.865356445, -265.489990234, -421.331787109, -35.1131858826, -92.1477661133, -51.5244369507, -35.7131538391, 105.340866089, -2.74764966965, 8.27196121216, -35.6876564026], [-436.802581787, 1409.27258301, -97.5472564697, 81.3655319214, -12.3032093048, -4.21220970154, 128.184112549, 43.6433410645, -41.6364097595, -55.0109138489, 28.2109794617, -6.59296607971, 32.239566803], [-684.865356445, -97.5472564697, 649.73828125, 45.9105453491, 69.9418640137, -7.59588241577, -9.22669792175, -7.56737613678, 33.2040901184, -72.1442260742, 40.1778945923, 58.5272827148, -7.61137485504], [-265.489990234, 81.3655319214, 45.9105453491, 483.451446533, 149.80291748, 37.6031112671, -80.6430206299, -3.04960131645, -6.83544540405, -10.0748271942, -37.9805603027, 0.152599349618, -1.39735412598], [-421.331787109, -12.3032093048, 69.9418640137, 149.80291748, 357.585723877, 42.8976364136, 19.9477062225, 30.0393772125, 73.2612228394, 8.09673500061, -17.8689250946, 4.95294618607, 10.1440267563], [-35.1131858826, -4.21220970154, -7.59588241577, 37.6031112671, 42.8976364136, 202.334518433, 90.0244598389, 54.1941337585, 16.2290821075, 52.3138580322, -5.62743520737, -6.09505987167, 6.0895819664], [-92.1477661133, 128.184112549, -9.22669792175, -80.6430206299, 19.9477062225, 90.0244598389, 204.325439453, 69.9089889526, 36.9419212341, 41.0589752197, 28.2510719299, 1.90216553211, 20.5738945007], [-51.5244369507, 43.6433410645, -7.56737613678, -3.04960131645, 30.0393772125, 54.1941337585, 69.9089889526, 128.288360596, 37.9493408203, 21.6378593445, 4.44206190109, 0.931303918362, 10.4715795517], [-35.7131538391, -41.6364097595, 33.2040901184, -6.83544540405, 73.2612228394, 16.2290821075, 36.9419212341, 37.9493408203, 142.424591064, 51.0178413391, 24.6618595123, 6.52826023102, -7.27749586105], [105.340866089, -55.0109138489, -72.1442260742, -10.0748271942, 8.09673500061, 52.3138580322, 41.0589752197, 21.6378593445, 51.0178413391, 164.690582275, 32.3728065491, -2.73389196396, 4.01364278793], [-2.74764966965, 28.2109794617, 40.1778945923, -37.9805603027, -17.8689250946, -5.62743520737, 28.2510719299, 4.44206190109, 24.6618595123, 32.3728065491, 104.584861755, 36.9064674377, 5.50456476212], [8.27196121216, -6.59296607971, 58.5272827148, 0.152599349618, 4.95294618607, -6.09505987167, 1.90216553211, 0.931303918362, 6.52826023102, -2.73389196396, 36.9064674377, 85.666633606, 31.2960281372], [-35.6876564026, 32.239566803, -7.61137485504, -1.39735412598, 10.1440267563, 6.0895819664, 20.5738945007, 10.4715795517, -7.27749586105, 4.01364278793, 5.50456476212, 31.2960281372, 93.6226425171]],
        "icov": [[9.68910462689e-05, 3.05286303046e-05, 0.000106906816654, 1.55412162712e-05, 9.70146502368e-05, -2.02138344321e-05, 3.37625933753e-05, 1.26086788441e-05, -4.37422204413e-05, -4.19129810325e-06, 1.18306024888e-05, -0.00010798688163, 4.94992382301e-05], [3.05286303046e-05, 0.000880805542693, 0.000218504443183, -0.000385795137845, 0.000120727512694, 0.000350101967342, -0.000874406250659, -0.000108234868094, 0.000236580934143, 0.000484072254039, -0.000449469836894, 0.000202395909582, -0.00015485358017], [0.000106906816654, 0.000218504443183, 0.0020351971034, -0.000177529393113, -0.000128138039145, -0.000193376108655, -0.000122162906337, 0.000213951076148, -0.000565104652196, 0.00125416845549, -0.000787067983765, -0.00114622991532, 0.000489436089993], [1.55412162712e-05, -0.000385795137845, -0.000177529393113, 0.00300113135017, -0.00122693949379, -0.00108046573587, 0.00201828265563, -0.000244505354203, 0.000414328824263, -0.000345097942045, 0.000561096298043, -0.000269703130471, 6.03426015005e-05], [9.70146502368e-05, 0.000120727512694, -0.000128138039145, -0.00122693949379, 0.00401005195454, -0.000253121223068, -0.000562223198358, 2.65885464614e-05, -0.00216996017843, 0.000377264601411, 0.000874154677149, -0.000159544302733, -0.000513684994075], [-2.02138344321e-05, 0.000350101967342, -0.000193376108655, -0.00108046573587, -0.000253121223068, 0.00759434048086, -0.00351108494215, -0.00149260042235, 0.00117260287516, -0.00197913032025, 0.00129763176665, -5.67611896258e-05, 0.000430540618254], [3.37625933753e-05, -0.000874406250659, -0.000122162906337, 0.00201828265563, -0.000562223198358, -0.00351108494215, 0.00934445951134, -0.00264366553165, -0.000818968750536, -0.000475412409287, -0.00156160187908, 0.000831463024952, -0.00136372959241], [1.26086788441e-05, -0.000108234868094, 0.000213951076148, -0.000244505354203, 2.65885464614e-05, -0.00149260042235, -0.00264366553165, 0.0105632347986, -0.00232975673862, 0.000404843623983, 0.000553265679628, -0.000134509740747, -0.000636523356661], [-4.37422204413e-05, 0.000236580934143, -0.000565104652196, 0.000414328824263, -0.00216996017843, 0.00117260287516, -0.000818968750536, -0.00232975673862, 0.0103856921196, -0.00288848183118, -0.00122947490308, -0.000260794709902, 0.00155209493823], [-4.19129810325e-06, 0.000484072254039, 0.00125416845549, -0.000345097942045, 0.000377264601411, -0.00197913032025, -0.000475412409287, 0.000404843623983, -0.00288848183118, 0.00898872688413, -0.00313776195981, 0.00115224183537, -0.000734996807296], [1.18306024888e-05, -0.000449469836894, -0.000787067983765, 0.000561096298043, 0.000874154677149, 0.00129763176665, -0.00156160187908, 0.000553265679628, -0.00122947490308, -0.00313776195981, 0.0141255352646, -0.00604469981045, 0.00143488810863], [-0.00010798688163, 0.000202395909582, -0.00114622991532, -0.000269703130471, -0.000159544302733, -5.67611896258e-05, 0.000831463024952, -0.000134509740747, -0.000260794709902, 0.00115224183537, -0.00604469981045, 0.0172653850168, -0.00584048032761], [4.94992382301e-05, -0.00015485358017, 0.000489436089993, 6.03426015005e-05, -0.000513684994075, 0.000430540618254, -0.00136372959241, -0.000636523356661, 0.00155209493823, -0.000734996807296, 0.00143488810863, -0.00584048032761, 0.0132127329707]]
    },
    "spectral_contrast_coeffs": {
        "mean": [-0.694014668465, -0.739764034748, -0.752796530724, -0.779873788357, -0.785527586937, -0.748237788677],
        "stdev": [0.0801614969969, 0.0939269512892, 0.0882515534759, 0.0650213137269, 0.0539836920798, 0.0504538565874]
    },
    "spectral_contrast_valleys": {
        "mean": [-6.96865034103, -7.36752653122, -8.05298137665, -8.23302078247, -7.99817705154, -10.8183164597],
        "stdev": [1.18458604813, 1.17470812798, 1.17276632786, 1.18395864964, 1.23972976208, 1.39283299446]
    }
},
"rhythm": {
    "beats_count": 264,
    "beats_loudness": {
        "mean": 0.0387474298477,
        "stdev": 0.0215783920139
    },
    "bpm": 113.439315796,
    "bpm_histogram_first_peak_bpm": 112,
    "bpm_histogram_first_peak_weight": 0.516746401787,
    "bpm_histogram_second_peak_bpm": 117,
    "bpm_histogram_second_peak_spread": 0,
    "bpm_histogram_second_peak_weight": 0.193916350603,
    "danceability": 1.27663338184,
    "onset_rate": 3.74739718437,
    "beats_loudness_band_ratio": {
        "mean": [0.31713154912, 0.194986552, 0.20331685245, 0.130363300443, 0.120947413146, 0.0805981829762],
        "stdev": [0.202666535974, 0.147916525602, 0.162132948637, 0.131110012531, 0.0927203297615, 0.0526589639485]
    },
    "beats_position": [0.568888902664, 1.16099774837, 1.75310659409, 2.33360528946, 2.89088439941, 3.43655323982, 3.97061228752, 4.5046710968, 5.0387301445, 5.5727891922, 6.10684776306, 6.65251684189, 7.19818592072, 7.73224496841, 8.26630401611, 8.80036258698, 9.34603118896, 9.89170074463, 10.4257593155, 10.95981884, 11.4938774109, 12.0279359818, 12.5736055374, 13.1076641083, 13.6417226791, 14.1641721725, 14.6982307434, 15.2206802368, 15.7431287766, 16.2539672852, 16.7648067474, 17.298866272, 17.8213157654, 18.3437633514, 18.8546028137, 19.365442276, 19.8878898621, 20.3987293243, 20.9095687866, 21.4204082489, 21.9312477112, 22.4536952972, 22.9877548218, 23.5334243774, 24.0558719635, 24.589931488, 25.1239910126, 25.6580486298, 26.1921081543, 26.7145576477, 27.2370071411, 27.7710647583, 28.2935142517, 28.8159637451, 29.3500213623, 29.8840808868, 30.4181404114, 30.9521980286, 31.474647522, 31.9970970154, 32.5311546326, 33.0652160645, 33.5992736816, 34.1333312988, 34.6673927307, 35.2014503479, 35.7238998413, 36.2463493347, 36.7804069519, 37.3144645691, 37.8369140625, 38.3593635559, 38.8934249878, 39.427482605, 39.9499320984, 40.4839897156, 41.006439209, 41.5172767639, 42.0513381958, 42.585395813, 43.1194534302, 43.6419029236, 44.1759643555, 44.6984100342, 45.2324714661, 45.7665290833, 46.3005905151, 46.8346481323, 47.3687057495, 47.9027671814, 48.4368247986, 48.9708824158, 49.4933319092, 50.0157814026, 50.5498390198, 51.0839004517, 51.6179580688, 52.152015686, 52.6860771179, 53.2201347351, 53.73097229, 54.2418136597, 54.7526512146, 55.2634925842, 55.7859382629, 56.3083877563, 56.819229126, 57.3300666809, 57.8409042358, 58.3517456055, 58.8625831604, 59.3850326538, 59.9074821472, 60.4183197021, 60.9291610718, 61.4399986267, 61.9624481201, 62.4848976135, 62.9957351685, 63.5181846619, 64.0522460938, 64.5746917725, 65.0971450806, 65.6195907593, 66.1536483765, 66.6877059937, 67.2101593018, 67.7326049805, 68.2666625977, 68.8007278442, 69.3347854614, 69.8572311401, 70.3796844482, 70.902130127, 71.4245758057, 71.9586410522, 72.481086731, 73.0035324097, 73.5375976562, 74.0716552734, 74.5941009521, 75.1165542603, 75.638999939, 76.1614532471, 76.6838989258, 77.217956543, 77.7404098511, 78.2628555298, 78.7853012085, 79.3077545166, 79.8302001953, 80.3642578125, 80.8867111206, 81.3975524902, 81.9199981689, 82.4540557861, 82.9765090942, 83.4989547729, 84.0330123901, 84.5670700073, 85.1011352539, 85.6235809326, 86.1460266113, 86.6684799194, 87.1909255981, 87.7249908447, 88.2474365234, 88.7698822021, 89.3039474487, 89.8380050659, 90.3720626831, 90.9061203003, 91.4401779175, 91.9742355347, 92.5083007812, 93.03074646, 93.5415878296, 94.0524215698, 94.5632629395, 95.0741043091, 95.5965499878, 96.1073913574, 96.6182327271, 97.1290664673, 97.6399078369, 98.1507492065, 98.6615829468, 99.1724243164, 99.683265686, 100.194099426, 100.704940796, 101.215782166, 101.726615906, 102.249069214, 102.771514893, 103.305580139, 103.839637756, 104.350471497, 104.884536743, 105.41859436, 105.952651978, 106.486709595, 107.020767212, 107.554824829, 108.065666199, 108.599723816, 109.122177124, 109.644622803, 110.17868042, 110.712738037, 111.235191345, 111.757637024, 112.291702271, 112.825759888, 113.348205566, 113.870658875, 114.404716492, 114.92716217, 115.449615479, 115.983673096, 116.517730713, 117.05178833, 117.574241638, 118.096687317, 118.619132996, 119.141586304, 119.664031982, 120.186485291, 120.708930969, 121.231384277, 121.765441895, 122.299499512, 122.82194519, 123.344398499, 123.878456116, 124.412513733, 124.934967041, 125.45741272, 125.979858398, 126.502311707, 127.036369324, 127.570426941, 128.081268311, 128.603713989, 129.126159668, 129.648620605, 130.171066284, 130.693511963, 131.215957642, 131.73840332, 132.260864258, 132.783309937, 133.305755615, 133.816589355, 134.327438354, 134.838272095, 135.349105835, 135.859954834, 136.370788574, 136.881637573, 137.392471313, 137.903305054, 138.425750732, 138.94821167],
    "bpm_histogram": [0, 0, 0, 0, 0, 0, 0, 0, 0, 0, 0, 0, 0, 0, 0, 0, 0, 0, 0, 0, 0, 0, 0, 0, 0, 0, 0, 0, 0, 0, 0, 0, 0, 0, 0, 0, 0, 0, 0, 0, 0, 0, 0, 0, 0, 0, 0, 0, 0, 0, 0, 0, 0, 0, 0, 0, 0, 0, 0, 0, 0, 0, 0, 0, 0, 0, 0, 0, 0, 0, 0, 0, 0, 0, 0, 0, 0, 0, 0, 0, 0, 0, 0, 0, 0, 0, 0, 0, 0, 0, 0, 0, 0, 0, 0, 0, 0, 0, 0, 0, 0, 0.00760456267744, 0, 0.00380228133872, 0, 0, 0, 0, 0.00380228133872, 0, 0.0266159698367, 0, 0.384030431509, 0, 0, 0.38022813201, 0, 0.193916350603, 0, 0, 0, 0, 0, 0, 0, 0, 0, 0, 0, 0, 0, 0, 0, 0, 0, 0, 0, 0, 0, 0, 0, 0, 0, 0, 0, 0, 0, 0, 0, 0, 0, 0, 0, 0, 0, 0, 0, 0, 0, 0, 0, 0, 0, 0, 0, 0, 0, 0, 0, 0, 0, 0, 0, 0, 0, 0, 0, 0, 0, 0, 0, 0, 0, 0, 0, 0, 0, 0, 0, 0, 0, 0, 0, 0, 0, 0, 0, 0, 0, 0, 0, 0, 0, 0, 0, 0, 0, 0, 0, 0, 0, 0, 0, 0, 0, 0, 0, 0, 0, 0, 0, 0, 0, 0, 0, 0, 0, 0, 0, 0, 0, 0, 0, 0, 0, 0, 0, 0, 0, 0, 0, 0, 0, 0, 0, 0, 0, 0, 0, 0]
},
"tonal": {
    "chords_changes_rate": 0.070858284831,
    "chords_number_rate": 0.00399201596156,
    "chords_strength": {
        "mean": 0.533901751041,
        "stdev": 0.102292314172
    },
    "hpcp_crest": {
        "mean": 14.6607446671,
        "stdev": 7.06947755814
    },
    "hpcp_entropy": {
        "mean": 1.86187684536,
        "stdev": 0.759246349335
    },
    "key_edma": {
        "strength": 0.658825159073,
        "key": "D#",
        "scale": "major"
    },
    "key_krumhansl": {
        "strength": 0.663135409355,
        "key": "D#",
        "scale": "major"
    },
    "key_temperley": {
        "strength": 0.668820977211,
        "key": "D#",
        "scale": "major"
    },
    "tuning_diatonic_strength": 0.669072926044,
    "tuning_equal_tempered_deviation": 0.0527351796627,
    "tuning_frequency": 442.03793335,
    "tuning_nontempered_energy_ratio": 0.766328394413,
    "hpcp": {
        "mean": [0.0662290900946, 0.0910940468311, 0.144802302122, 0.198548316956, 0.142687499523, 0.0527674928308, 0.0419530496001, 0.065585270524, 0.140293106437, 0.184657454491, 0.110031858087, 0.0398699119687, 0.0275100450963, 0.0206020195037, 0.032010179013, 0.0612311847508, 0.0974929630756, 0.18847438693, 0.245685949922, 0.159496456385, 0.081449046731, 0.0900352224708, 0.126409068704, 0.213654637337, 0.258815735579, 0.167534962296, 0.100913316011, 0.112299963832, 0.115600116551, 0.129067391157, 0.136370956898, 0.104521304369, 0.0829095765948, 0.0757420063019, 0.0570319667459, 0.053014729172],
        "stdev": [0.163478657603, 0.209187656641, 0.245314881206, 0.307116508484, 0.252373427153, 0.146058022976, 0.1352968961, 0.17618766427, 0.248987421393, 0.307188898325, 0.210807099938, 0.119576454163, 0.0922138690948, 0.084249034524, 0.0916293412447, 0.144940033555, 0.196953371167, 0.273151606321, 0.342316955328, 0.252094507217, 0.180081963539, 0.213403105736, 0.247381269932, 0.309090673923, 0.34676489234, 0.259360134602, 0.209988057613, 0.242909237742, 0.245093390346, 0.239709272981, 0.238717883825, 0.201785296202, 0.177366673946, 0.173515513539, 0.142580062151, 0.137792602181]
    },
    "chords_histogram": [27.8443107605, 2.89421153069, 11.9427814484, 0.931470394135, 13.8057222366, 1.3972055912, 0.0998004004359, 2.92747831345, 2.5282766819, 0.798403203487, 0.133067205548, 0, 0.365934789181, 0.532268822193, 1.56353962421, 0, 0, 4.45775127411, 0, 0.199600800872, 0, 13.2734527588, 4.72388553619, 9.58083820343],
    "thpcp": [1, 0.647313654423, 0.389904111624, 0.433899283409, 0.446650266647, 0.498684495687, 0.526903629303, 0.403844475746, 0.320342093706, 0.292648375034, 0.22035741806, 0.204835802317, 0.255892813206, 0.351964861155, 0.559480309486, 0.767141580582, 0.551309227943, 0.203880548477, 0.162096202374, 0.253405272961, 0.542057871819, 0.713470757008, 0.425135880709, 0.154047474265, 0.106292009354, 0.0796011090279, 0.123679414392, 0.236582159996, 0.376688688993, 0.728218436241, 0.949269771576, 0.616254866123, 0.314698964357, 0.347873836756, 0.488413393497, 0.825508713722],
    "chords_key": "D#",
    "chords_scale": "major"
}
}