{
"metadata": {
    "version": {
        "essentia": "2.1-dev",
        "essentia_git_sha": "v2.1_beta3-415-gd5473f3",
        "extractor": "music 2.0"
    },
    "audio_properties": {
        "analysis": {
            "equal_loudness": 0,
            "length": 305.789398193,
            "sample_rate": 44100,
            "start_time": 0,
            "downmix": "mix"
        },
        "bit_rate": 192000,
        "length": 305.789398193,
        "lossless": 0,
        "number_channels": 2,
        "replay_gain": -6.88785743713,
        "sample_rate": 44100,
        "codec": "mp3",
        "md5_encoded": "7934e4921c819002d3fa79fcbcb1e880"
    },
    "tags": {
        "file_name": "brownstone-if_you_love_me.mp3",
        "album": ["Sexy Soul - CD1"],
        "artist": ["Brownstone"],
        "date": ["2002"],
        "genre": ["Soul"],
        "title": ["If You Love Me"]
    }
},
"lowlevel": {
    "average_loudness": 0.903725683689,
    "barkbands_crest": {
        "mean": 12.5806112289,
        "stdev": 5.31605815887
    },
    "barkbands_flatness_db": {
        "mean": 0.183101579547,
        "stdev": 0.0855020806193
    },
    "barkbands_kurtosis": {
        "mean": 13.7626895905,
        "stdev": 33.5034561157
    },
    "barkbands_skewness": {
        "mean": 2.23598694801,
        "stdev": 2.20244550705
    },
    "barkbands_spread": {
        "mean": 19.1131019592,
        "stdev": 18.458147049
    },
    "dissonance": {
        "mean": 0.430235356092,
        "stdev": 0.0591135770082
    },
    "dynamic_complexity": 4.41072893143,
    "erbbands_crest": {
        "mean": 11.3691120148,
        "stdev": 5.59992218018
    },
    "erbbands_flatness_db": {
        "mean": 0.18084423244,
        "stdev": 0.0746174678206
    },
    "erbbands_kurtosis": {
        "mean": 3.63071084023,
        "stdev": 10.146191597
    },
    "erbbands_skewness": {
        "mean": 0.906029045582,
        "stdev": 1.26795697212
    },
    "erbbands_spread": {
        "mean": 36.5830879211,
        "stdev": 27.9408149719
    },
    "hfc": {
        "mean": 24.2353038788,
        "stdev": 33.4178161621
    },
    "loudness_ebu128": {
        "integrated": -16.1328639984,
        "loudness_range": 6.08915710449,
        "momentary": {
            "mean": -20.1517543793,
            "stdev": 22.1955718994
        },
        "short_term": {
            "mean": -18.1996917725,
            "stdev": 8.00785541534
        }
    },
    "melbands_crest": {
        "mean": 17.6036682129,
        "stdev": 7.66324043274
    },
    "melbands_flatness_db": {
        "mean": 0.251236438751,
        "stdev": 0.108808264136
    },
    "melbands_kurtosis": {
        "mean": 26.2328796387,
        "stdev": 59.3064575195
    },
    "melbands_skewness": {
        "mean": 3.10552334785,
        "stdev": 2.68308568001
    },
    "melbands_spread": {
        "mean": 20.0650310516,
        "stdev": 24.9900245667
    },
    "pitch_salience": {
        "mean": 0.488188534975,
        "stdev": 0.159358859062
    },
    "silence_rate_20dB": {
        "mean": 1,
        "stdev": 0
    },
    "silence_rate_30dB": {
        "mean": 0.921190500259,
        "stdev": 0.269455522299
    },
    "silence_rate_60dB": {
        "mean": 0.118517957628,
        "stdev": 0.323209494352
    },
    "spectral_centroid": {
        "mean": 1245.64685059,
        "stdev": 1134.09667969
    },
    "spectral_complexity": {
        "mean": 13.0673446655,
        "stdev": 9.15106296539
    },
    "spectral_decrease": {
        "mean": -8.95405705137e-09,
        "stdev": 1.17320944071e-08
    },
    "spectral_energy": {
        "mean": 0.0359928719699,
        "stdev": 0.0452311635017
    },
    "spectral_energyband_high": {
        "mean": 0.00137713470031,
        "stdev": 0.00302761397325
    },
    "spectral_energyband_low": {
        "mean": 0.0199719872326,
        "stdev": 0.0414237529039
    },
    "spectral_energyband_middle_high": {
        "mean": 0.00441063614562,
        "stdev": 0.00704620731995
    },
    "spectral_energyband_middle_low": {
        "mean": 0.0107831275091,
        "stdev": 0.013616788201
    },
    "spectral_entropy": {
        "mean": 7.24437999725,
        "stdev": 0.828134417534
    },
    "spectral_flux": {
        "mean": 0.0974342599511,
        "stdev": 0.0800382345915
    },
    "spectral_kurtosis": {
        "mean": 8.46319675446,
        "stdev": 18.7622280121
    },
    "spectral_rms": {
        "mean": 0.00502264965326,
        "stdev": 0.00314453407191
    },
    "spectral_rolloff": {
        "mean": 1719.16259766,
        "stdev": 2835.71435547
    },
    "spectral_skewness": {
        "mean": 2.02082586288,
        "stdev": 1.44578039646
    },
    "spectral_spread": {
        "mean": 5926862,
        "stdev": 4204675
    },
    "spectral_strongpeak": {
        "mean": 1.02929997444,
        "stdev": 1.25432777405
    },
    "zerocrossingrate": {
        "mean": 0.0646073073149,
        "stdev": 0.0650584176183
    },
    "barkbands": {
        "mean": [0.00219167442992, 0.0138118872419, 0.00348477158695, 0.00116283167154, 0.00217043142766, 0.00194403715432, 0.00153769692406, 0.00213733920828, 0.0016980037326, 0.000988565967418, 0.000733677938115, 0.000658253149595, 0.00052239903016, 0.000303784298012, 0.000322321400745, 0.00023581754067, 0.000146937964018, 0.000253075908404, 0.000222996124648, 0.000166509213159, 0.000156010792125, 0.000169239399838, 0.000327809131704, 0.000190962950001, 0.000197751185624, 0.00021485054458, 4.31254011346e-05],
        "stdev": [0.00679682381451, 0.0321631394327, 0.0122372414917, 0.0045808525756, 0.00419739075005, 0.0038529005833, 0.00392906321213, 0.00440606288612, 0.00511763803661, 0.00269748084247, 0.00248835119419, 0.00202791509219, 0.00152148422785, 0.000965151644778, 0.000998055329546, 0.00070860341657, 0.000477010209579, 0.000615663651843, 0.000476496992633, 0.0003288150765, 0.000523107883055, 0.000388768035918, 0.000773478765041, 0.000465330900624, 0.000592480937485, 0.000686768617015, 0.000165845893207]
    },
    "erbbands": {
        "mean": [0.593581855297, 2.342253685, 3.97242617607, 4.31496667862, 4.31548261642, 7.42162275314, 14.4364290237, 16.3835411072, 21.66314888, 26.6863002777, 50.8012542725, 41.232421875, 27.4454689026, 36.7304611206, 31.4513530731, 24.8855552673, 21.7895259857, 18.9133014679, 17.8454151154, 14.8439998627, 12.6862850189, 8.36478805542, 12.5536718369, 12.5695419312, 10.7582216263, 8.13994503021, 6.28395223618, 6.01117706299, 6.00757932663, 8.5690984726, 8.77642250061, 4.87099933624, 3.01366376877, 2.32198381424, 1.37787270546, 1.14248347282, 0.327051967382, 0.0662035122514, 0.00654190732166, 0.000352816481609],
        "stdev": [1.50848484039, 5.44810390472, 12.2821512222, 15.4987182617, 13.002579689, 15.3114843369, 30.7957019806, 38.3630218506, 56.9169960022, 71.8118362427, 101.563285828, 121.528518677, 79.5332183838, 92.9482955933, 88.8527069092, 70.7766494751, 63.2806549072, 51.2176017761, 53.9054832458, 51.9175033569, 37.8011703491, 25.4183673859, 30.5871391296, 26.4444198608, 22.8953819275, 15.0784721375, 22.5410308838, 18.917427063, 14.0625963211, 18.8285675049, 21.2414703369, 11.8876895905, 7.42127037048, 6.84701156616, 4.23190546036, 3.63120746613, 1.03775370121, 0.241277605295, 0.0246095266193, 0.00120623758994]
    },
    "gfcc": {
        "mean": [-52.5371398926, 77.7270584106, -97.3439559937, 5.01548624039, -75.3155670166, 8.9439573288, -37.1221961975, 13.7024040222, -20.9824962616, 3.77556872368, -9.56382083893, 2.98390197754, -11.660574913],
        "cov": [[25017.5664062, -1572.0123291, -1405.98071289, 1309.17248535, -28.4575767517, 744.948547363, -172.028564453, 320.259765625, -120.122497559, 128.892822266, -171.761184692, 296.929626465, -348.95223999], [-1572.0123291, 2684.83251953, 154.487350464, -164.555389404, 328.022918701, -97.608795166, 279.395202637, 0.881660342216, 139.672195435, -93.2959594727, 162.899261475, -164.82371521, 106.474563599], [-1405.98071289, 154.487350464, 1973.57006836, 273.825195312, 353.721313477, 347.291259766, 313.609832764, 71.96900177, 255.451980591, 53.3345375061, -65.8807220459, 73.2570343018, -23.0091705322], [1309.17248535, -164.555389404, 273.825195312, 1129.96972656, 606.407104492, 336.445495605, 270.670806885, 257.888122559, 249.803268433, 82.2799224854, 56.5255393982, 124.684768677, 31.7376728058], [-28.4575767517, 328.022918701, 353.721313477, 606.407104492, 863.076293945, 351.36730957, 354.710479736, 194.914581299, 230.017486572, 54.4953346252, 72.5042037964, 49.04063797, 23.2424564362], [744.948547363, -97.608795166, 347.291259766, 336.445495605, 351.36730957, 483.1222229, 267.535736084, 87.5704727173, 102.367759705, 75.8483276367, 27.419052124, 35.8720321655, -16.8201198578], [-172.028564453, 279.395202637, 313.609832764, 270.670806885, 354.710479736, 267.535736084, 416.112792969, 88.3575744629, 126.152069092, 54.968711853, 64.0800247192, 23.4253845215, 7.9236741066], [320.259765625, 0.881660342216, 71.96900177, 257.888122559, 194.914581299, 87.5704727173, 88.3575744629, 265.2527771, 114.861045837, 38.2062683105, 47.488368988, 48.761302948, 28.8189945221], [-120.122497559, 139.672195435, 255.451980591, 249.803268433, 230.017486572, 102.367759705, 126.152069092, 114.861045837, 274.360534668, 58.8399543762, 40.8811264038, 44.0927734375, 52.420791626], [128.892822266, -93.2959594727, 53.3345375061, 82.2799224854, 54.4953346252, 75.8483276367, 54.968711853, 38.2062683105, 58.8399543762, 150.953674316, 44.5002365112, 31.3048458099, 6.38589429855], [-171.761184692, 162.899261475, -65.8807220459, 56.5255393982, 72.5042037964, 27.419052124, 64.0800247192, 47.488368988, 40.8811264038, 44.5002365112, 193.418319702, 26.0742378235, 38.5719604492], [296.929626465, -164.82371521, 73.2570343018, 124.684768677, 49.04063797, 35.8720321655, 23.4253845215, 48.761302948, 44.0927734375, 31.3048458099, 26.0742378235, 141.028381348, 38.411605835], [-348.95223999, 106.474563599, -23.0091705322, 31.7376728058, 23.2424564362, -16.8201198578, 7.9236741066, 28.8189945221, 52.420791626, 6.38589429855, 38.5719604492, 38.411605835, 118.227661133]],
        "icov": [[5.894570495e-05, -2.4276192562e-05, 7.11496031727e-05, -8.24649687274e-05, 8.46467082738e-05, -0.000170650047949, 8.41968649183e-05, -4.79300033476e-05, -5.92764627072e-06, -2.73116188509e-06, 7.67392048147e-05, -0.000174743065145, 0.000231461235671], [-2.4276192562e-05, 0.000628480571322, -8.82985332282e-05, 0.000237416796153, -0.000348528497852, 0.000505763688125, -0.000526577816345, 0.000103760692582, -0.000201140661375, 0.000410851236666, -0.000489375088364, 0.000900601386093, -0.000634051568341], [7.11496031727e-05, -8.82985332282e-05, 0.000789681740571, -9.49885998125e-06, 0.000123828591313, -0.000547045725398, -0.000147358092363, 5.90506861045e-05, -0.000621862476692, 6.79947042954e-05, 0.000550142955035, -0.000652323418763, 0.000643573177513], [-8.24649687274e-05, 0.000237416796153, -9.49885998125e-06, 0.00195717369206, -0.00102435587905, -7.83731593401e-05, -0.000207935605431, -0.000600502942689, -0.00060775160091, 0.000137160284794, -3.83425503969e-05, -0.000429491861723, -0.000219802430365], [8.46467082738e-05, -0.000348528497852, 0.000123828591313, -0.00102435587905, 0.00298200640827, -0.00113631074782, -0.000716886133887, -0.000516069936566, -0.000669325061608, 0.000375621166313, 8.31762881717e-05, -0.000253086356679, 0.000620319740847], [-0.000170650047949, 0.000505763688125, -0.000547045725398, -7.83731593401e-05, -0.00113631074782, 0.00483441259712, -0.00215949770063, 0.00023914045596, 0.000443852273747, -0.000870743417181, -0.000283935398329, 0.000966182909906, -0.000418017734773], [8.41968649183e-05, -0.000526577816345, -0.000147358092363, -0.000207935605431, -0.000716886133887, -0.00215949770063, 0.00528760859743, -0.00010365594062, -0.000226076794206, -0.000466087978566, -0.000543966714758, -0.000497288245242, 0.00071892485721], [-4.79300033476e-05, 0.000103760692582, 5.90506861045e-05, -0.000600502942689, -0.000516069936566, 0.00023914045596, -0.00010365594062, 0.00552066089585, -0.00124638644047, -9.24577616388e-05, -0.000685281411279, -0.000418773619458, -0.000348242785549], [-5.92764627072e-06, -0.000201140661375, -0.000621862476692, -0.00060775160091, -0.000669325061608, 0.000443852273747, -0.000226076794206, -0.00124638644047, 0.00665264343843, -0.00170639925636, 0.000111536908662, 0.000105915387394, -0.00220886711031], [-2.73116188509e-06, 0.000410851236666, 6.79947042954e-05, 0.000137160284794, 0.000375621166313, -0.000870743417181, -0.000466087978566, -9.24577616388e-05, -0.00170639925636, 0.0085992179811, -0.00184698437806, -0.000657499942463, 0.000562718953006], [7.67392048147e-05, -0.000489375088364, 0.000550142955035, -3.83425503969e-05, 8.31762881717e-05, -0.000283935398329, -0.000543966714758, -0.000685281411279, 0.000111536908662, -0.00184698437806, 0.00695493025705, -0.00128896802198, -0.000868631992489], [-0.000174743065145, 0.000900601386093, -0.000652323418763, -0.000429491861723, -0.000253086356679, 0.000966182909906, -0.000497288245242, -0.000418773619458, 0.000105915387394, -0.000657499942463, -0.00128896802198, 0.0107688140124, -0.00410552555695], [0.000231461235671, -0.000634051568341, 0.000643573177513, -0.000219802430365, 0.000620319740847, -0.000418017734773, 0.00071892485721, -0.000348242785549, -0.00220886711031, 0.000562718953006, -0.000868631992489, -0.00410552555695, 0.0123182320967]]
    },
    "melbands": {
        "mean": [0.00456723710522, 0.00241937302053, 0.000750528939534, 0.000406154111261, 0.000472266168799, 0.0003571047273, 0.000332384981448, 0.000322626176057, 0.000396183313569, 0.000248551659752, 0.000136518254294, 0.000153176122694, 0.000110195513116, 8.38267660583e-05, 4.43998142146e-05, 5.12480692123e-05, 3.17378871841e-05, 2.93547855108e-05, 2.09215795621e-05, 1.75768836925e-05, 1.40586371344e-05, 8.19730939838e-06, 8.49496336741e-06, 1.40397032737e-05, 9.57413249125e-06, 8.77003640198e-06, 6.55459825794e-06, 5.0152152653e-06, 3.80141614187e-06, 3.58175202564e-06, 3.44294176102e-06, 3.12329166263e-06, 3.57580438504e-06, 5.42238967682e-06, 4.94034702569e-06, 4.60283354187e-06, 2.44657871917e-06, 2.02182422981e-06, 2.13525208892e-06, 1.92140646504e-06],
        "stdev": [0.0109595730901, 0.00589187303558, 0.00253366585821, 0.000941355130635, 0.000947633292526, 0.000790373829659, 0.000861773558427, 0.000799188914243, 0.0007976431516, 0.000787097378634, 0.000407830404583, 0.000400101271225, 0.000346042856108, 0.000260300788796, 0.000143209923408, 0.000151624466525, 9.2929272796e-05, 9.67126470641e-05, 6.65964616928e-05, 5.88747388974e-05, 4.72137326142e-05, 3.10499635816e-05, 2.54005044553e-05, 3.59041841875e-05, 2.17770320887e-05, 2.21607897402e-05, 1.31814176711e-05, 9.93465255306e-06, 1.3958369891e-05, 1.38648056236e-05, 1.13605919978e-05, 7.87172211858e-06, 7.87329190644e-06, 1.25150736494e-05, 1.15820439532e-05, 1.24937569126e-05, 6.03469788985e-06, 4.97456676385e-06, 5.96475729253e-06, 5.95515939494e-06]
    },
    "melbands128": {
        "mean": [0.00196264963597, 0.00542181450874, 0.00552538456395, 0.00327492272481, 0.00215712888166, 0.00162392680068, 0.000908034853637, 0.000505559961312, 0.000391509849578, 0.000432286353316, 0.000401553406846, 0.000465435819933, 0.000576276448555, 0.000371190166334, 0.000375958159566, 0.000358588993549, 0.000216756190639, 0.000428811676102, 0.000267109135166, 0.000272805569693, 0.000295607635053, 0.000533688580617, 0.000417261355324, 0.000232324469835, 0.000287002767436, 0.000247203017352, 0.000182221017894, 7.74900545366e-05, 0.000131737499032, 0.000217073742533, 0.00011070495384, 0.000131444903673, 0.000132074594148, 6.77581847413e-05, 0.00010289382044, 9.65434883256e-05, 4.90576348966e-05, 2.99072908092e-05, 5.55539263587e-05, 4.18082563556e-05, 5.12341030117e-05, 6.50885413052e-05, 2.43352878897e-05, 1.97061490326e-05, 2.87166185444e-05, 3.48122048308e-05, 2.72154447885e-05, 1.60887993843e-05, 2.08820711123e-05, 2.40268582274e-05, 1.20552440421e-05, 1.89461679838e-05, 1.54038043547e-05, 1.35868867801e-05, 8.27761232358e-06, 6.82478730596e-06, 8.48376839713e-06, 9.1341071311e-06, 6.85429313307e-06, 9.99135136226e-06, 1.79516682692e-05, 1.47530590766e-05, 8.57934082887e-06, 8.70414805831e-06, 9.69576467469e-06, 9.26728534978e-06, 8.12646430859e-06, 6.59971829009e-06, 6.08571190241e-06, 6.63673017698e-06, 5.57228440812e-06, 3.73189209313e-06, 3.77435981136e-06, 3.65550931747e-06, 3.98157999371e-06, 4.18690115112e-06, 2.61766876974e-06, 3.91599223803e-06, 3.92857828047e-06, 2.66180427388e-06, 2.4067655886e-06, 3.75477111447e-06, 3.87898808185e-06, 2.78347965832e-06, 4.04598904424e-06, 5.22783011547e-06, 6.18281637799e-06, 5.43511532669e-06, 3.79129528483e-06, 5.55985434403e-06, 6.09409653407e-06, 4.16834291173e-06, 2.61379250333e-06, 2.45072192229e-06, 2.21630307351e-06, 2.08630331144e-06, 1.94538301912e-06, 1.87074101632e-06, 2.49714662459e-06, 2.05452124646e-06, 1.82136295734e-06, 1.99285000235e-06, 1.93069126908e-06, 1.53107305323e-06, 1.49911534209e-06, 1.59667820299e-06, 1.17463230254e-06, 1.08853964775e-06, 2.14676310861e-06, 3.24910138261e-06, 2.18382774619e-06, 8.73449891969e-07, 6.88592024289e-07, 8.13517999632e-07, 6.45501415875e-07, 5.70759880247e-07, 5.39749919426e-07, 3.51261462583e-07, 2.62706890908e-07, 9.83689574241e-08, 1.16319839094e-07, 2.44489626766e-07, 2.35697854123e-07, 1.67839830922e-09, 5.12163922384e-12, 4.8821532754e-12, 4.81934674459e-12, 4.77515943453e-12],
        "stdev": [0.00609985785559, 0.0145103009418, 0.0137080196291, 0.00782405119389, 0.00644128536806, 0.00587927829474, 0.00350672588684, 0.00200945953839, 0.00135189434513, 0.00126713502686, 0.00105928978883, 0.00113790819887, 0.00143645727076, 0.0010232811328, 0.00111995707266, 0.00101592391729, 0.000652830756735, 0.00144342740532, 0.000774995074607, 0.00114335713442, 0.000981705379672, 0.00122043862939, 0.00109385419637, 0.000941067817621, 0.00114316982217, 0.0012020993745, 0.00090833514696, 0.000403065845603, 0.000426476239227, 0.000718672992662, 0.000411362561863, 0.00057709030807, 0.000533399463166, 0.00029940152308, 0.000499281217344, 0.000363481609384, 0.000196667169803, 0.000179329523235, 0.000246406416409, 0.000182196949027, 0.000233181810472, 0.000234450199059, 0.00010884666699, 0.000105577899376, 0.000139670170029, 0.000152152206283, 0.000139355674037, 6.46581247565e-05, 0.000109956381493, 0.000137148206704, 5.78525978199e-05, 8.76727135619e-05, 6.12744915998e-05, 8.2066275354e-05, 4.8136094847e-05, 4.80302005599e-05, 3.021167322e-05, 3.51033195329e-05, 3.36177799909e-05, 3.87090658478e-05, 5.71286109334e-05, 5.52685887669e-05, 3.05723588099e-05, 2.63618785539e-05, 2.97823917208e-05, 3.77281940018e-05, 2.3744203645e-05, 1.81566319952e-05, 1.67695561686e-05, 1.65043184097e-05, 1.29978407131e-05, 9.9661783679e-06, 1.72190757439e-05, 1.6926036551e-05, 2.7310274163e-05, 2.24583709496e-05, 1.00176794149e-05, 1.68600290635e-05, 1.42205735756e-05, 9.4713350336e-06, 8.40129450808e-06, 9.56665462581e-06, 9.31098384171e-06, 7.25835843696e-06, 9.9400349427e-06, 1.39714748002e-05, 1.70338698808e-05, 1.40365445986e-05, 8.98432790564e-06, 1.53818127728e-05, 1.83182255569e-05, 1.16432329378e-05, 6.95983726473e-06, 6.39712698103e-06, 5.85912766837e-06, 5.49861033505e-06, 5.32515423401e-06, 4.86292492496e-06, 7.62986292102e-06, 6.12935627942e-06, 5.33663114766e-06, 6.87001784172e-06, 6.61604508423e-06, 5.25988752997e-06, 4.93266088597e-06, 5.0929261306e-06, 3.89004389945e-06, 3.17176954923e-06, 7.18842466085e-06, 1.13707246783e-05, 7.44071758163e-06, 2.52374456977e-06, 2.13022394746e-06, 2.90521097668e-06, 2.23608458327e-06, 2.15709928852e-06, 2.13260295823e-06, 1.55312034167e-06, 1.12650934625e-06, 4.42105374532e-07, 5.06745891471e-07, 9.81301582215e-07, 1.03706759091e-06, 1.02774633248e-08, 1.07092763477e-11, 1.04437326842e-11, 1.03213201874e-11, 1.02488338996e-11]
    },
    "mfcc": {
        "mean": [-698.133422852, 118.503234863, 20.4262065887, 1.64068233967, -10.453001976, -9.90157794952, -5.09977769852, 3.73943042755, -9.09880161285, 8.06138801575, 0.638770580292, -2.44875597954, 1.79460954666],
        "cov": [[14260.5849609, -1258.95629883, -774.434143066, 484.38684082, 436.364379883, 520.957641602, 187.576095581, 484.562133789, 14.4164104462, 220.337722778, 96.7032852173, -46.2042655945, 117.389007568], [-1258.95629883, 2394.76635742, 172.487091064, 15.027504921, -43.2569656372, -68.5615158081, 111.841903687, -1.26175558567, -1.02248322964, 58.9977111816, 17.7202301025, 41.5137672424, -15.4906988144], [-774.434143066, 172.487091064, 1352.3729248, 101.561630249, 125.378463745, 258.668609619, 37.1258277893, 129.11756897, 185.400100708, 0.149533957243, 97.602180481, 101.124168396, 21.127035141], [484.38684082, 15.027504921, 101.561630249, 725.966125488, 407.640594482, 243.218902588, 142.302764893, 277.445831299, 233.911804199, 97.2384109497, 108.498016357, 133.203582764, 110.192680359], [436.364379883, -43.2569656372, 125.378463745, 407.640594482, 566.910766602, 244.596603394, 154.376739502, 257.716583252, 202.428344727, 122.219055176, 97.2681732178, 94.7170944214, 97.2421188354], [520.957641602, -68.5615158081, 258.668609619, 243.218902588, 244.596603394, 546.613525391, 235.391387939, 198.967086792, 195.107666016, 80.96900177, 129.504547119, 94.2959671021, 69.5718994141], [187.576095581, 111.841903687, 37.1258277893, 142.302764893, 154.376739502, 235.391387939, 352.063964844, 154.362228394, 77.9743423462, 84.9005432129, 102.330116272, 46.5309410095, 55.8537902832], [484.562133789, -1.26175558567, 129.11756897, 277.445831299, 257.716583252, 198.967086792, 154.362228394, 311.322296143, 162.522171021, 87.0765838623, 82.9818878174, 69.3925552368, 79.1425170898], [14.4164104462, -1.02248322964, 185.400100708, 233.911804199, 202.428344727, 195.107666016, 77.9743423462, 162.522171021, 289.940460205, 58.4935874939, 73.0629730225, 84.4984893799, 52.4564170837], [220.337722778, 58.9977111816, 0.149533957243, 97.2384109497, 122.219055176, 80.96900177, 84.9005432129, 87.0765838623, 58.4935874939, 182.549423218, 73.3561477661, 19.5821552277, 33.8015670776], [96.7032852173, 17.7202301025, 97.602180481, 108.498016357, 97.2681732178, 129.504547119, 102.330116272, 82.9818878174, 73.0629730225, 73.3561477661, 163.240188599, 69.2392959595, 41.0829582214], [-46.2042655945, 41.5137672424, 101.124168396, 133.203582764, 94.7170944214, 94.2959671021, 46.5309410095, 69.3925552368, 84.4984893799, 19.5821552277, 69.2392959595, 142.259033203, 60.0210533142], [117.389007568, -15.4906988144, 21.127035141, 110.192680359, 97.2421188354, 69.5718994141, 55.8537902832, 79.1425170898, 52.4564170837, 33.8015670776, 41.0829582214, 60.0210533142, 135.609420776]],
        "icov": [[8.70207586559e-05, 3.50091868313e-05, 6.19473794359e-05, -2.42872119998e-05, 3.27414750245e-06, -0.000113162554044, 7.21471587894e-05, -0.000164401295478, 0.000114578077046, -5.19405039086e-05, -7.30832607587e-06, 6.82733152644e-05, 1.31450349272e-06], [3.50091868313e-05, 0.000471092265798, -7.10842359695e-05, -6.4784566348e-05, 9.84099970083e-05, 0.000171288105776, -0.000278771389276, 6.70946974424e-06, 3.83275400964e-05, -0.000247879419476, 0.000144336314406, -0.000225099662202, 0.000142546006828], [6.19473794359e-05, -7.10842359695e-05, 0.000964285398368, 0.000174372195033, -3.32388626703e-05, -0.000480366143165, 0.000404423044529, -0.000372985377908, -0.000255384889897, 0.000292809825623, -0.000360624020686, -0.000214106403291, 0.000197538378416], [-2.42872119998e-05, -6.4784566348e-05, 0.000174372195033, 0.00284679885954, -0.00120821630117, -6.43984094495e-05, 0.000186268604011, -0.00100886169821, -0.000690092158038, 0.000178490328835, -0.000112632682431, -0.0009617289179, -0.000233060723986], [3.27414750245e-06, 9.84099970083e-05, -3.32388626703e-05, -0.00120821630117, 0.00379836186767, -0.000323664862663, -0.000117898140161, -0.00119770003948, -0.000499938905705, -0.00105123803951, 0.00033346679993, -0.000111618028313, -0.000410971959354], [-0.000113162554044, 0.000171288105776, -0.000480366143165, -6.43984094495e-05, -0.000323664862663, 0.00377250928432, -0.00185906514525, 5.36181141797e-05, -0.00125193200074, 0.000194191874471, -0.00066995958332, -0.000380146462703, 8.28594784252e-05], [7.21471587894e-05, -0.000278771389276, 0.000404423044529, 0.000186268604011, -0.000117898140161, -0.00185906514525, 0.00514410017058, -0.00163484050427, 0.000844094611239, -0.000438968476374, -0.0015343776904, 0.000557515886612, -0.000433984358096], [-0.000164401295478, 6.70946974424e-06, -0.000372985377908, -0.00100886169821, -0.00119770003948, 5.36181141797e-05, -0.00163484050427, 0.00758639210835, -0.00171623984352, -0.00061732227914, 3.56255150109e-05, 0.000368233682821, -0.00125785218552], [0.000114578077046, 3.83275400964e-05, -0.000255384889897, -0.000690092158038, -0.000499938905705, -0.00125193200074, 0.000844094611239, -0.00171623984352, 0.00652741361409, -0.000458054069895, -5.60325497645e-05, -0.00136592506897, 0.000371232745238], [-5.19405039086e-05, -0.000247879419476, 0.000292809825623, 0.000178490328835, -0.00105123803951, 0.000194191874471, -0.000438968476374, -0.00061732227914, -0.000458054069895, 0.00796162802726, -0.00309016881511, 0.00161440845113, -0.000564423389733], [-7.30832607587e-06, 0.000144336314406, -0.000360624020686, -0.000112632682431, 0.00033346679993, -0.00066995958332, -0.0015343776904, 3.56255150109e-05, -5.60325497645e-05, -0.00309016881511, 0.010659054853, -0.00375157943927, 0.000109496242658], [6.82733152644e-05, -0.000225099662202, -0.000214106403291, -0.0009617289179, -0.000111618028313, -0.000380146462703, 0.000557515886612, 0.000368233682821, -0.00136592506897, 0.00161440845113, -0.00375157943927, 0.0120259048417, -0.0034996306058], [1.31450349272e-06, 0.000142546006828, 0.000197538378416, -0.000233060723986, -0.000410971959354, 8.28594784252e-05, -0.000433984358096, -0.00125785218552, 0.000371232745238, -0.000564423389733, 0.000109496242658, -0.0034996306058, 0.0102257523686]]
    },
    "spectral_contrast_coeffs": {
        "mean": [-0.669152915478, -0.720754563808, -0.712696492672, -0.760249912739, -0.776404857635, -0.802929103374],
        "stdev": [0.125207707286, 0.0843472629786, 0.0844057872891, 0.0750057995319, 0.0693269371986, 0.0501353032887]
    },
    "spectral_contrast_valleys": {
        "mean": [-7.79881620407, -7.07462692261, -8.27005958557, -8.89111423492, -8.76997852325, -10.5770711899],
        "stdev": [2.3250272274, 2.07695436478, 2.06972670555, 2.08575415611, 2.1446928978, 2.06755971909]
    }
},
"rhythm": {
    "beats_count": 485,
    "beats_loudness": {
        "mean": 0.0670074671507,
        "stdev": 0.0618569813669
    },
    "bpm": 95.0616989136,
    "bpm_histogram_first_peak_bpm": 96,
    "bpm_histogram_first_peak_weight": 0.384782612324,
    "bpm_histogram_second_peak_bpm": 91,
    "bpm_histogram_second_peak_spread": 0,
    "bpm_histogram_second_peak_weight": 0.0144628100097,
    "danceability": 1.19629848003,
    "onset_rate": 3.9534766674,
    "beats_loudness_band_ratio": {
        "mean": [0.388123720884, 0.15659481287, 0.241460293531, 0.141785696149, 0.0467775575817, 0.054270517081],
        "stdev": [0.376620858908, 0.169446408749, 0.216241851449, 0.144833102822, 0.0677858889103, 0.0864589735866]
    },
    "beats_position": [0.626938760281, 1.26548755169, 1.90403628349, 2.53097510338, 3.15791368484, 3.79646253586, 4.43501138687, 5.06195020676, 5.6888885498, 6.31582736969, 6.94276618958, 7.56970500946, 8.20825386047, 8.84680271149, 9.47374153137, 10.1006803513, 10.7276191711, 11.354557991, 11.9814968109, 12.6200447083, 13.2585935593, 13.8855323792, 14.512471199, 15.1394100189, 15.7779588699, 16.4165077209, 17.0666656494, 17.7168254852, 18.3089332581, 18.9242630005, 19.5163707733, 20.0852603912, 20.6541500092, 21.2230377197, 21.7919273376, 22.3143768311, 22.8368244171, 23.3708839417, 23.9165534973, 24.4738311768, 25.0311107635, 25.5767803192, 26.1224479675, 26.6565074921, 27.2021770477, 27.747844696, 28.3980045319, 29.0365524292, 29.6634922028, 30.3020401001, 30.9405899048, 31.5559177399, 32.1596374512, 32.7981834412, 33.4367332458, 34.0752830505, 34.7022209167, 35.329158783, 35.9561004639, 36.5830383301, 37.2099761963, 37.8369140625, 38.4754638672, 39.1256217957, 39.7873916626, 40.4259414673, 41.0644874573, 41.703037262, 42.3415870667, 42.9801368713, 43.6186828613, 44.257232666, 44.8725624084, 45.4878921509, 46.1032180786, 46.718547821, 47.322265625, 47.9375953674, 48.5645332336, 49.2030830383, 49.8532409668, 50.5033988953, 51.1535606384, 51.7921066284, 52.4190483093, 53.0459861755, 53.6845359802, 54.3346939087, 54.9848518372, 55.6350097656, 56.2851676941, 56.946937561, 57.608707428, 58.2704734802, 58.9322433472, 59.5824012756, 60.2325630188, 60.859500885, 61.4864387512, 62.1249885559, 62.7635345459, 63.3904762268, 64.0174102783, 64.6443557739, 65.2712936401, 65.9098434448, 66.5483856201, 67.1753311157, 67.8022689819, 68.4292068481, 69.0561447144, 69.6830825806, 70.3100204468, 70.9601821899, 71.5871200562, 72.2140579224, 72.8409957886, 73.4679336548, 74.1064834595, 74.7450332642, 75.3719711304, 75.9989089966, 76.6258468628, 77.252784729, 77.8913345337, 78.5182723999, 79.1568222046, 79.7837600708, 80.410697937, 81.0376434326, 81.6645812988, 82.291519165, 82.9300689697, 83.5686187744, 84.1955566406, 84.8224945068, 85.449432373, 86.0879821777, 86.7265319824, 87.3534698486, 87.9804077148, 88.6073455811, 89.2342834473, 89.8612213135, 90.4997711182, 91.1383209229, 91.7652587891, 92.3921966553, 93.0191345215, 93.6460723877, 94.2730178833, 94.8999557495, 95.5268936157, 96.1654434204, 96.8039855957, 97.4309310913, 98.0578689575, 98.6964187622, 99.3349609375, 99.9619064331, 100.588844299, 101.227394104, 101.85433197, 102.481269836, 103.119819641, 103.746757507, 104.373695374, 105.00063324, 105.627571106, 106.266120911, 106.904670715, 107.531608582, 108.158546448, 108.785484314, 109.41242218, 110.039360046, 110.677909851, 111.316459656, 111.943397522, 112.570335388, 113.197273254, 113.82421875, 114.451156616, 115.089706421, 115.728248596, 116.366798401, 117.016960144, 117.64389801, 118.282447815, 118.909385681, 119.536323547, 120.151649475, 120.766983032, 121.393920898, 122.020858765, 122.659408569, 123.297958374, 123.92489624, 124.551834106, 125.178771973, 125.817321777, 126.455871582, 127.082809448, 127.709747314, 128.336685181, 128.975234985, 129.61378479, 130.240722656, 130.867660522, 131.506210327, 132.144760132, 132.771697998, 133.398635864, 134.02557373, 134.652511597, 135.279449463, 135.906387329, 136.556549072, 137.183486938, 137.810424805, 138.437362671, 139.075912476, 139.71446228, 140.341400146, 140.968338013, 141.606887817, 142.233825684, 142.86076355, 143.499313354, 144.126251221, 144.753189087, 145.380126953, 146.007064819, 146.645614624, 147.284164429, 147.911102295, 148.538040161, 149.176589966, 149.815139771, 150.442077637, 151.069015503, 151.695953369, 152.322906494, 152.94984436, 153.576782227, 154.203720093, 154.842269897, 155.480819702, 156.107757568, 156.734695435, 157.361633301, 157.988571167, 158.615509033, 159.254058838, 159.892608643, 160.519546509, 161.146484375, 161.78503418, 162.423583984, 163.050521851, 163.677459717, 164.304397583, 164.931335449, 165.558273315, 166.185211182, 166.823760986, 167.462310791, 168.089248657, 168.716186523, 169.34312439, 169.970062256, 170.608612061, 171.247161865, 171.874099731, 172.501037598, 173.127975464, 173.75491333, 174.393463135, 175.032012939, 175.658950806, 176.285888672, 176.912826538, 177.539764404, 178.166702271, 178.805252075, 179.432189941, 180.070739746, 180.709289551, 181.336227417, 181.974777222, 182.601715088, 183.228652954, 183.85559082, 184.482528687, 185.109481812, 185.736419678, 186.363357544, 187.001907349, 187.640457153, 188.26739502, 188.894332886, 189.521270752, 190.159820557, 190.798370361, 191.425308228, 192.052246094, 192.67918396, 193.306121826, 193.933059692, 194.571609497, 195.210159302, 195.837097168, 196.464035034, 197.0909729, 197.717910767, 198.344848633, 198.983398438, 199.621948242, 200.248886108, 200.875823975, 201.502761841, 202.152923584, 202.77986145, 203.406799316, 204.033737183, 204.660675049, 205.287612915, 205.914550781, 206.553100586, 207.191650391, 207.818588257, 208.445526123, 209.072463989, 209.699401855, 210.33795166, 210.976501465, 211.603439331, 212.230377197, 212.857315063, 213.48425293, 214.122802734, 214.761352539, 215.388290405, 216.015228271, 216.642166138, 217.269119263, 217.896057129, 218.522994995, 219.1615448, 219.800079346, 220.427032471, 221.053970337, 221.680908203, 222.319458008, 222.958007812, 223.596542358, 224.223495483, 224.862030029, 225.488967896, 226.1275177, 226.766067505, 227.393005371, 228.031555176, 228.658493042, 229.285430908, 229.900772095, 230.539321899, 231.177871704, 231.80480957, 232.431747437, 233.058685303, 233.697235107, 234.324172974, 234.95111084, 235.589660645, 236.216598511, 236.843536377, 237.470474243, 238.109024048, 238.735961914, 239.36289978, 240.001449585, 240.628387451, 241.255325317, 241.882263184, 242.520812988, 243.136138916, 243.763076782, 244.390014648, 245.016952515, 245.643890381, 246.282440186, 246.92098999, 247.547927856, 248.174865723, 248.801803589, 249.428741455, 250.05569458, 250.694229126, 251.332778931, 251.959716797, 252.586654663, 253.213607788, 253.840545654, 254.479095459, 255.117630005, 255.74458313, 256.371520996, 256.998443604, 257.636993408, 258.275543213, 258.902496338, 259.529418945, 260.15637207, 260.783294678, 261.410247803, 262.03717041, 262.687347412, 263.31427002, 263.941223145, 264.568145752, 265.206695557, 265.845245361, 266.472198486, 267.099121094, 267.726074219, 268.352996826, 268.979949951, 269.606903076, 270.245422363, 270.883972168, 271.510925293, 272.137878418, 272.764801025, 273.39175415, 274.018676758, 274.657226562, 275.295776367, 275.922729492, 276.5496521, 277.176605225, 277.826751709, 278.453704834, 279.080627441, 279.707580566, 280.334503174, 280.961456299, 281.588378906, 282.215332031, 282.865478516, 283.492431641, 284.119354248, 284.746307373, 285.37322998, 286.011779785, 286.65032959, 287.277282715, 287.904205322, 288.531158447, 289.158081055, 289.78503418, 290.423583984, 291.062133789, 291.689056396, 292.316009521, 292.942932129, 293.569885254, 294.208435059, 294.846984863, 295.473907471, 296.100860596, 296.727783203, 297.354736328, 297.993286133, 298.631835938, 299.258758545, 299.88571167, 300.512634277, 301.151184082, 301.789733887, 302.428283691, 303.078460693, 303.728607178, 304.390380859, 305.052154541],
    "bpm_histogram": [0, 0, 0, 0, 0, 0, 0, 0, 0, 0, 0, 0, 0, 0, 0, 0, 0, 0, 0, 0, 0, 0, 0, 0, 0, 0, 0, 0, 0, 0, 0, 0, 0, 0, 0, 0, 0, 0, 0, 0, 0, 0, 0, 0, 0, 0, 0, 0, 0, 0, 0, 0, 0, 0, 0, 0, 0, 0, 0, 0, 0, 0, 0, 0, 0, 0, 0, 0, 0, 0, 0, 0, 0, 0, 0, 0, 0, 0, 0, 0, 0, 0, 0, 0, 0, 0, 0, 0, 0, 0, 0, 0.0144628100097, 0.0454545468092, 0, 0.293388426304, 0, 0.584710717201, 0, 0.0227272734046, 0.00413223123178, 0, 0.00413223123178, 0, 0, 0, 0.00826446246356, 0, 0, 0.00413223123178, 0, 0.0103305783123, 0, 0.00413223123178, 0, 0, 0.00413223123178, 0, 0, 0, 0, 0, 0, 0, 0, 0, 0, 0, 0, 0, 0, 0, 0, 0, 0, 0, 0, 0, 0, 0, 0, 0, 0, 0, 0, 0, 0, 0, 0, 0, 0, 0, 0, 0, 0, 0, 0, 0, 0, 0, 0, 0, 0, 0, 0, 0, 0, 0, 0, 0, 0, 0, 0, 0, 0, 0, 0, 0, 0, 0, 0, 0, 0, 0, 0, 0, 0, 0, 0, 0, 0, 0, 0, 0, 0, 0, 0, 0, 0, 0, 0, 0, 0, 0, 0, 0, 0, 0, 0, 0, 0, 0, 0, 0, 0, 0, 0, 0, 0, 0, 0, 0, 0, 0, 0, 0, 0, 0, 0, 0, 0, 0, 0, 0, 0, 0, 0, 0, 0, 0, 0, 0, 0, 0, 0, 0, 0, 0, 0, 0, 0]
},
"tonal": {
    "chords_changes_rate": 0.0926207080483,
    "chords_number_rate": 0.00182204681914,
    "chords_strength": {
        "mean": 0.496297568083,
        "stdev": 0.128600567579
    },
    "hpcp_crest": {
        "mean": 13.5966291428,
        "stdev": 7.15463161469
    },
    "hpcp_entropy": {
        "mean": 1.93997502327,
        "stdev": 0.746853291988
    },
    "key_edma": {
        "strength": 0.6523899436,
        "key": "D",
        "scale": "major"
    },
    "key_krumhansl": {
        "strength": 0.663075208664,
        "key": "D",
        "scale": "major"
    },
    "key_temperley": {
        "strength": 0.670986950397,
        "key": "D",
        "scale": "major"
    },
    "tuning_diatonic_strength": 0.561086297035,
    "tuning_equal_tempered_deviation": 0.163797393441,
    "tuning_frequency": 434.193115234,
    "tuning_nontempered_energy_ratio": 0.874978661537,
    "hpcp": {
        "mean": [0.212576732039, 0.193068012595, 0.0843475535512, 0.107098467648, 0.116506993771, 0.102394498885, 0.153874546289, 0.17188501358, 0.143605783582, 0.111993536353, 0.069007307291, 0.07133153826, 0.143458917737, 0.139382258058, 0.113311678171, 0.262642681599, 0.243498682976, 0.0775368884206, 0.0558901913464, 0.0540800243616, 0.0621251314878, 0.123918898404, 0.129770770669, 0.0783075019717, 0.0702895000577, 0.0697645917535, 0.0954521149397, 0.181873843074, 0.177905037999, 0.113627538085, 0.103442832828, 0.079489864409, 0.0742097347975, 0.13050493598, 0.138812765479, 0.119187682867],
        "stdev": [0.298252344131, 0.285459339619, 0.189825385809, 0.236252978444, 0.24954983592, 0.228916049004, 0.265803307295, 0.281802594662, 0.270860701799, 0.251571446657, 0.181598141789, 0.166952461004, 0.257164567709, 0.252123475075, 0.205681875348, 0.330491423607, 0.307836413383, 0.179496794939, 0.159575983882, 0.153177365661, 0.1633207798, 0.227953001857, 0.231521949172, 0.183215841651, 0.176088705659, 0.164594680071, 0.198128029704, 0.26772710681, 0.254918754101, 0.221881940961, 0.225289419293, 0.190426319838, 0.180701375008, 0.242724195123, 0.245897769928, 0.227817341685]
    },
    "chords_histogram": [37.731552124, 3.76556324959, 4.46401453018, 5.14728212357, 3.21894931793, 0.242939561605, 0.10628606379, 0, 5.64834499359, 1.13877928257, 1.85241425037, 0.242939561605, 0, 0, 0, 0.652900099754, 3.55299115181, 8.97358036041, 0.0151837226003, 0.971758246422, 0, 0.774369895458, 2.86972355843, 18.6304283142],
    "thpcp": [1, 0.927110075951, 0.295218169689, 0.212799340487, 0.205907225609, 0.236538603902, 0.471815526485, 0.494096279144, 0.298152238131, 0.267624050379, 0.265625506639, 0.363429576159, 0.692476332188, 0.67736530304, 0.432631641626, 0.393853843212, 0.302654027939, 0.282550185919, 0.496891587973, 0.528523266315, 0.45380166173, 0.809376180172, 0.735097646713, 0.32114943862, 0.407772511244, 0.443595051765, 0.38986235857, 0.585870325565, 0.654444336891, 0.546772480011, 0.426410257816, 0.262742161751, 0.271591573954, 0.546213269234, 0.530691564083, 0.431429028511],
    "chords_key": "D",
    "chords_scale": "major"
}
}