{
"metadata": {
    "version": {
        "essentia": "2.1-dev",
        "essentia_git_sha": "v2.1_beta3-415-gd5473f3",
        "extractor": "music 2.0"
    },
    "audio_properties": {
        "analysis": {
            "equal_loudness": 0,
            "length": 248.18939209,
            "sample_rate": 44100,
            "start_time": 0,
            "downmix": "mix"
        },
        "bit_rate": 192000,
        "length": 248.18939209,
        "lossless": 0,
        "number_channels": 2,
        "replay_gain": -7.42995834351,
        "sample_rate": 44100,
        "codec": "mp3",
        "md5_encoded": "5067d736769841486fc09425b1d0a3ad"
    },
    "tags": {
        "file_name": "destiny_child-my_heart_still_beats_featuring_beyonce.mp3",
        "album": ["Survivor"],
        "artist": ["Destiny's Child"],
        "genre": ["Other"],
        "title": ["My Heart Still Beats (featuring Beyonce)"]
    }
},
"lowlevel": {
    "average_loudness": 0.209810569882,
    "barkbands_crest": {
        "mean": 14.0472078323,
        "stdev": 5.66151571274
    },
    "barkbands_flatness_db": {
        "mean": 0.215912058949,
        "stdev": 0.0795197784901
    },
    "barkbands_kurtosis": {
        "mean": 27.9198513031,
        "stdev": 91.4833831787
    },
    "barkbands_skewness": {
        "mean": 2.91154384613,
        "stdev": 3.24395561218
    },
    "barkbands_spread": {
        "mean": 13.2097549438,
        "stdev": 15.1068267822
    },
    "dissonance": {
        "mean": 0.411451816559,
        "stdev": 0.0569791793823
    },
    "dynamic_complexity": 5.72284412384,
    "erbbands_crest": {
        "mean": 14.9749851227,
        "stdev": 7.01192045212
    },
    "erbbands_flatness_db": {
        "mean": 0.213889837265,
        "stdev": 0.0754975751042
    },
    "erbbands_kurtosis": {
        "mean": 8.09942913055,
        "stdev": 18.5824966431
    },
    "erbbands_skewness": {
        "mean": 1.65875840187,
        "stdev": 1.87091362476
    },
    "erbbands_spread": {
        "mean": 29.7817611694,
        "stdev": 22.975730896
    },
    "hfc": {
        "mean": 13.3879108429,
        "stdev": 20.851688385
    },
    "loudness_ebu128": {
        "integrated": -16.6787605286,
        "loudness_range": 12.9793395996,
        "momentary": {
            "mean": -21.5610237122,
            "stdev": 18.4051074982
        },
        "short_term": {
            "mean": -19.5288257599,
            "stdev": 5.51125049591
        }
    },
    "melbands_crest": {
        "mean": 17.5484027863,
        "stdev": 6.56090736389
    },
    "melbands_flatness_db": {
        "mean": 0.289365828037,
        "stdev": 0.0930923447013
    },
    "melbands_kurtosis": {
        "mean": 44.9386520386,
        "stdev": 93.1079025269
    },
    "melbands_skewness": {
        "mean": 3.50701951981,
        "stdev": 3.19472885132
    },
    "melbands_spread": {
        "mean": 14.8468790054,
        "stdev": 25.6906929016
    },
    "pitch_salience": {
        "mean": 0.463526159525,
        "stdev": 0.151946336031
    },
    "silence_rate_20dB": {
        "mean": 1,
        "stdev": 0
    },
    "silence_rate_30dB": {
        "mean": 0.99738073349,
        "stdev": 0.0511140227318
    },
    "silence_rate_60dB": {
        "mean": 0.230495795608,
        "stdev": 0.42113006115
    },
    "spectral_centroid": {
        "mean": 903.163513184,
        "stdev": 1062.83752441
    },
    "spectral_complexity": {
        "mean": 8.97043991089,
        "stdev": 6.7019906044
    },
    "spectral_decrease": {
        "mean": -5.17355136509e-09,
        "stdev": 5.18780129966e-09
    },
    "spectral_energy": {
        "mean": 0.0207405202091,
        "stdev": 0.0206459667534
    },
    "spectral_energyband_high": {
        "mean": 0.00053181470139,
        "stdev": 0.0018241899088
    },
    "spectral_energyband_low": {
        "mean": 0.00526803266257,
        "stdev": 0.0108565324917
    },
    "spectral_energyband_middle_high": {
        "mean": 0.00310553610325,
        "stdev": 0.00693962769583
    },
    "spectral_energyband_middle_low": {
        "mean": 0.0125021236017,
        "stdev": 0.0116586871445
    },
    "spectral_entropy": {
        "mean": 6.75831317902,
        "stdev": 0.813136279583
    },
    "spectral_flux": {
        "mean": 0.0555484555662,
        "stdev": 0.0450857877731
    },
    "spectral_kurtosis": {
        "mean": 10.7759160995,
        "stdev": 17.887720108
    },
    "spectral_rms": {
        "mean": 0.00387427676469,
        "stdev": 0.00228575593792
    },
    "spectral_rolloff": {
        "mean": 1208.5526123,
        "stdev": 2407.82006836
    },
    "spectral_skewness": {
        "mean": 2.39382410049,
        "stdev": 1.37257480621
    },
    "spectral_spread": {
        "mean": 5415652,
        "stdev": 3793431.25
    },
    "spectral_strongpeak": {
        "mean": 1.13312196732,
        "stdev": 1.33577656746
    },
    "zerocrossingrate": {
        "mean": 0.0507332459092,
        "stdev": 0.0642659068108
    },
    "barkbands": {
        "mean": [0.0001894779125, 0.00333990599029, 0.0013292892836, 0.000831538171042, 0.00364525080658, 0.00402375822887, 0.00153573660646, 0.000925677944906, 0.000982329016551, 0.00136700028088, 0.000639071688056, 0.000140518910484, 0.00016298033006, 0.000138522693305, 0.000184421456652, 0.000168898041011, 0.00021111346723, 0.000182741394383, 0.000153597342432, 0.000187218931387, 7.56630906835e-05, 2.80775821011e-05, 4.93686311529e-05, 0.000103882724943, 0.000113439637062, 3.02774642478e-05, 7.38159542379e-07],
        "stdev": [0.00051241699839, 0.00794159527868, 0.00320824515074, 0.00234078033827, 0.00605553202331, 0.00597131298855, 0.00368755799718, 0.00239009526558, 0.00327339954674, 0.00476405350491, 0.00305314967409, 0.00048537980183, 0.000769792182837, 0.000619826430921, 0.000763986899983, 0.000785310054198, 0.000722102238797, 0.000591489777435, 0.000429137580795, 0.000512838014401, 0.00029731716495, 0.000177444526344, 0.000351168739144, 0.000747513317037, 0.000636410433799, 0.000167101621628, 4.63952392238e-06]
    },
    "erbbands": {
        "mean": [0.101421944797, 0.712769925594, 1.63179063797, 2.26653027534, 5.23601388931, 13.8027582169, 30.887506485, 28.5082435608, 24.301651001, 19.216501236, 22.2424163818, 24.5785865784, 37.1742019653, 38.6450080872, 17.9112586975, 7.04679584503, 8.01870536804, 7.72512340546, 8.63908100128, 9.10346984863, 10.6758699417, 11.1728773117, 8.61076259613, 11.0034074783, 6.40239048004, 8.91671657562, 6.17643690109, 1.57424962521, 1.0348354578, 1.08322262764, 1.51844656467, 1.88698363304, 1.86915707588, 1.56651222706, 0.634890139103, 0.202009290457, 0.0392314866185, 0.00494406884536, 0.000126457511215, 2.98495051538e-05],
        "stdev": [0.267246812582, 1.74964153767, 3.99275970459, 6.00577259064, 10.6285171509, 27.3075656891, 48.7353401184, 52.5938682556, 55.0911636353, 53.0216331482, 53.3811225891, 80.4053649902, 134.870361328, 153.182922363, 87.1306228638, 20.4647541046, 36.9604949951, 32.8550643921, 37.3897323608, 34.1478691101, 47.3485145569, 38.7373771667, 25.3786735535, 34.3090934753, 18.1627101898, 24.9599838257, 20.8701324463, 5.99902248383, 6.80870056152, 7.87340354919, 10.9582805634, 14.0123472214, 13.7425441742, 9.0845708847, 3.60308480263, 1.09314119816, 0.247374922037, 0.0297839269042, 0.000650754664093, 4.12010012951e-05]
    },
    "gfcc": {
        "mean": [-102.693359375, 104.864486694, -92.157951355, 9.23892021179, -71.6410980225, 1.45000398159, -55.3122177124, 17.2587356567, -35.2656936646, -2.86843729019, -7.69744634628, -6.41590356827, 1.48671615124],
        "cov": [[24464.6308594, -587.960632324, -1412.52478027, 1920.94616699, 13.7935056686, 427.704589844, 48.3484725952, 1172.58605957, -543.734619141, 762.912109375, -163.328567505, 58.44373703, -60.3950958252], [-587.960632324, 2016.57446289, -180.779067993, -339.830993652, 282.841766357, -39.4898414612, 309.940185547, -101.094268799, 233.085220337, -186.24458313, 99.2940292358, -198.568908691, 10.0383872986], [-1412.52478027, -180.779067993, 1228.11218262, 223.008422852, 71.4025115967, 185.821105957, -167.256240845, -60.6825370789, 25.5156116486, -39.4633407593, -50.344379425, 179.636444092, -58.240070343], [1920.94616699, -339.830993652, 223.008422852, 916.030334473, 233.325866699, 89.8050308228, 59.6121139526, 173.009719849, 35.6091003418, 117.204536438, -19.4882888794, 150.380279541, 19.9464359283], [13.7935056686, 282.841766357, 71.4025115967, 233.325866699, 399.334228516, 61.9188728333, 180.675292969, 81.8823776245, 96.7406311035, 39.245880127, 5.18935441971, 27.6050701141, -2.23063731194], [427.704589844, -39.4898414612, 185.821105957, 89.8050308228, 61.9188728333, 337.97076416, 151.737838745, -20.8839130402, 15.5434532166, 79.5915679932, -79.2364730835, -23.3282413483, -54.1164054871], [48.3484725952, 309.940185547, -167.256240845, 59.6121139526, 180.675292969, 151.737838745, 492.352264404, -1.01223671436, 142.437210083, 105.52230072, -51.0552253723, -45.7750358582, -61.4111709595], [1172.58605957, -101.094268799, -60.6825370789, 173.009719849, 81.8823776245, -20.8839130402, -1.01223671436, 272.668945312, 30.9487228394, 57.1190185547, 43.8410835266, 28.888376236, 26.1121749878], [-543.734619141, 233.085220337, 25.5156116486, 35.6091003418, 96.7406311035, 15.5434532166, 142.437210083, 30.9487228394, 251.451049805, 20.8701477051, 0.265959620476, 34.7169342041, -14.1108732224], [762.912109375, -186.24458313, -39.4633407593, 117.204536438, 39.245880127, 79.5915679932, 105.52230072, 57.1190185547, 20.8701477051, 212.032836914, -9.59509086609, 14.0899143219, 1.88214790821], [-163.328567505, 99.2940292358, -50.344379425, -19.4882888794, 5.18935441971, -79.2364730835, -51.0552253723, 43.8410835266, 0.265959620476, -9.59509086609, 186.046295166, 28.4848499298, 54.5775566101], [58.44373703, -198.568908691, 179.636444092, 150.380279541, 27.6050701141, -23.3282413483, -45.7750358582, 28.888376236, 34.7169342041, 14.0899143219, 28.4848499298, 207.369049072, 10.4882574081], [-60.3950958252, 10.0383872986, -58.240070343, 19.9464359283, -2.23063731194, -54.1164054871, -61.4111709595, 26.1121749878, -14.1108732224, 1.88214790821, 54.5775566101, 10.4882574081, 143.973937988]],
        "icov": [[0.000120376862469, -0.000208722543903, 0.000225525480346, -0.000275676895399, 0.00026310433168, -0.000248034688411, 0.000198416353669, -0.000473183608847, 0.000411209941376, -0.000361972459359, 0.000253052217886, -0.000273841578746, 0.000244827271672], [-0.000208722543903, 0.00139923905954, -0.00045112639782, 0.000758114503697, -0.00119066762272, 0.000551361648832, -0.00083625712432, 0.00115591369104, -0.00142213620711, 0.00159419316333, -0.00114199647214, 0.00143574702088, -0.000682093028445], [0.000225525480346, -0.00045112639782, 0.00180256471504, -0.00068104302045, 0.000131394044729, -0.00155237014405, 0.00139102397952, -0.000441535376012, 0.000436773087131, -0.000430987944128, 0.000606978952419, -0.00156318629161, 0.000973755843006], [-0.000275676895399, 0.000758114503697, -0.00068104302045, 0.00242772093043, -0.00156258395873, 0.000410236010794, -0.00057877675863, 0.00038838465116, -0.000803279632237, 0.000589820207097, -0.000284528068732, -0.000113712500024, -0.000937959703151], [0.00026310433168, -0.00119066762272, 0.000131394044729, -0.00156258395873, 0.00501319998875, -0.000518883578479, -0.000785937008914, -0.00204591220245, 0.00091036723461, -0.000890623661689, 0.000661455327645, -0.00100734387524, 0.000304988701828], [-0.000248034688411, 0.000551361648832, -0.00155237014405, 0.000410236010794, -0.000518883578479, 0.00546422787011, -0.00202227849513, 0.00112791045103, -0.000292732933303, -0.000461101561086, 0.000381125224521, 0.00176065450069, -0.000144008226926], [0.000198416353669, -0.00083625712432, 0.00139102397952, -0.00057877675863, -0.000785937008914, -0.00202227849513, 0.00500671053305, -6.83351172484e-05, -0.000887966714799, -0.00228717457503, 0.000931327522267, -0.000564581947401, 0.00179104215931], [-0.000473183608847, 0.00115591369104, -0.000441535376012, 0.00038838465116, -0.00204591220245, 0.00112791045103, -6.83351172484e-05, 0.00692230975255, -0.00250693107955, 0.000605739711318, -0.00213513313793, 0.00148105469998, -0.000956007454079], [0.000411209941376, -0.00142213620711, 0.000436773087131, -0.000803279632237, 0.00091036723461, -0.000292732933303, -0.000887966714799, -0.00250693107955, 0.00728189619258, -0.00163329881616, 0.00138121168129, -0.0026199077256, 0.000941933016293], [-0.000361972459359, 0.00159419316333, -0.000430987944128, 0.000589820207097, -0.000890623661689, -0.000461101561086, -0.00228717457503, 0.000605739711318, -0.00163329881616, 0.00836776196957, -0.00142088078428, 0.00103247386869, -0.00159766711295], [0.000253052217886, -0.00114199647214, 0.000606978952419, -0.000284528068732, 0.000661455327645, 0.000381125224521, 0.000931327522267, -0.00213513313793, 0.00138121168129, -0.00142088078428, 0.00787247065455, -0.00217867968604, -0.00126290228218], [-0.000273841578746, 0.00143574702088, -0.00156318629161, -0.000113712500024, -0.00100734387524, 0.00176065450069, -0.000564581947401, 0.00148105469998, -0.0026199077256, 0.00103247386869, -0.00217867968604, 0.00841791369021, -0.00075242650928], [0.000244827271672, -0.000682093028445, 0.000973755843006, -0.000937959703151, 0.000304988701828, -0.000144008226926, 0.00179104215931, -0.000956007454079, 0.000941933016293, -0.00159766711295, -0.00126290228218, -0.00075242650928, 0.00915451068431]]
    },
    "melbands": {
        "mean": [0.000907454115804, 0.000910316768568, 0.000460622017272, 0.000646301195957, 0.000996722374111, 0.000673223403282, 0.000358171469998, 0.000197356115677, 0.000182841569767, 0.000151295607793, 0.000183357027709, 0.00015797233209, 7.07322542439e-05, 2.12489685509e-05, 1.64928769664e-05, 1.63874901773e-05, 1.42599265018e-05, 1.28699848574e-05, 1.26962386275e-05, 1.18507614388e-05, 1.29460449898e-05, 1.28238489197e-05, 7.61928276916e-06, 8.59899955685e-06, 9.13691565074e-06, 4.9909090194e-06, 3.88913258575e-06, 6.7011255851e-06, 4.91832633998e-06, 1.64001619396e-06, 6.45465547677e-07, 5.77132652779e-07, 5.21380911778e-07, 6.20705804977e-07, 7.91088552887e-07, 1.09472853183e-06, 1.16405828976e-06, 1.19569972412e-06, 1.51161930262e-06, 1.26782083498e-06],
        "stdev": [0.00221382523887, 0.00212202896364, 0.00102067110129, 0.00125791318715, 0.00147681962699, 0.00111914414447, 0.000805941002909, 0.00055868329946, 0.000476112501929, 0.000513928360306, 0.000685193459503, 0.000644351239316, 0.000343623716617, 8.67794660735e-05, 6.67506537866e-05, 8.11502322904e-05, 6.9629844802e-05, 5.8116245782e-05, 5.07404620294e-05, 4.79387599626e-05, 6.35117685306e-05, 4.80479247926e-05, 2.66452116193e-05, 2.83514073089e-05, 3.07214977511e-05, 1.59234677994e-05, 1.07458081402e-05, 2.02904648177e-05, 1.71993997355e-05, 6.56896918372e-06, 3.25544192492e-06, 4.01153374696e-06, 3.49790093424e-06, 5.08316497871e-06, 5.83368228035e-06, 8.09037828731e-06, 8.89368766366e-06, 9.03488944459e-06, 1.05161889223e-05, 7.53752010496e-06]
    },
    "melbands128": {
        "mean": [0.00017661464517, 0.000818686909042, 0.00114797451533, 0.00120874564163, 0.000947278458625, 0.000594125594944, 0.000440927426098, 0.000412060995586, 0.000505616713781, 0.000582976848818, 0.000783543626312, 0.00087038136553, 0.00119513249956, 0.00103286723606, 0.00064754037885, 0.000508772325702, 0.000478605332319, 0.000314551143674, 0.000294510682579, 0.000205035830732, 0.000167084290297, 0.00015100769815, 0.000227553580771, 0.000157080459758, 0.000159586939844, 0.000140556221595, 0.000139527430292, 0.000244149065111, 0.000145390600665, 0.000178362271981, 0.000171289546415, 0.00010377891158, 6.08155714872e-05, 6.12296134932e-05, 1.24495336422e-05, 1.72221425601e-05, 1.90241207747e-05, 1.30316957438e-05, 1.76841422217e-05, 2.09253012144e-05, 1.62727592397e-05, 9.50699995883e-06, 1.66604622791e-05, 1.57541580847e-05, 8.47789669933e-06, 1.3000682884e-05, 1.82206094905e-05, 1.08203948912e-05, 1.17433837659e-05, 1.28746714836e-05, 1.21945067804e-05, 9.85291444522e-06, 1.21407274492e-05, 1.41163927765e-05, 1.58209604706e-05, 1.35221998789e-05, 9.28414101509e-06, 8.2876513261e-06, 6.75610408507e-06, 7.06257833372e-06, 6.93557740306e-06, 1.04511673271e-05, 1.41031041494e-05, 7.07228491592e-06, 4.71175098937e-06, 5.51323500986e-06, 4.74241869597e-06, 3.48990693055e-06, 3.20854587699e-06, 5.15192232342e-06, 5.91277375861e-06, 8.80140760273e-06, 6.67939275445e-06, 4.26094084105e-06, 2.63315291704e-06, 2.07746802516e-06, 9.11715858365e-07, 7.24020878806e-07, 6.37701305095e-07, 5.4432325669e-07, 5.24373660937e-07, 6.69667656439e-07, 5.30302258994e-07, 4.3285956508e-07, 5.89574995047e-07, 6.11246548488e-07, 6.45185423309e-07, 6.03217301887e-07, 7.90231126757e-07, 9.07559581265e-07, 1.02377555322e-06, 1.14529370876e-06, 1.22744199871e-06, 1.16669832551e-06, 1.15003342671e-06, 1.06117863652e-06, 1.15866600936e-06, 1.42438989315e-06, 1.60444596986e-06, 1.48440676639e-06, 1.5007027514e-06, 1.17007334666e-06, 1.108560582e-06, 9.02625913568e-07, 6.98669168742e-07, 5.38634196801e-07, 3.98487145503e-07, 4.65244283987e-07, 3.62807327292e-07, 2.51294409281e-07, 1.7950299025e-07, 1.27819120621e-07, 1.10665212105e-07, 8.98695873275e-08, 5.50561125578e-08, 6.03122458642e-08, 2.92837238902e-08, 3.56714791039e-09, 3.27079530994e-12, 3.09174127272e-12, 3.01204243838e-12, 2.94699898165e-12, 2.88144790146e-12, 2.82504943917e-12, 2.78687186175e-12, 2.75792279639e-12, 2.73728847748e-12, 2.717323545e-12],
        "stdev": [0.000472402520245, 0.00226897769608, 0.00314828543924, 0.00319850351661, 0.00251556606963, 0.00140591920353, 0.00140965462197, 0.00101754791103, 0.00130709330551, 0.00148942728993, 0.00216532754712, 0.00191155215725, 0.00222357176244, 0.001987866126, 0.00175244291313, 0.0012503619073, 0.00140231044497, 0.00106255779974, 0.000993550987914, 0.000788015080616, 0.000766665558331, 0.000443604192697, 0.000712708511855, 0.000747685320675, 0.000752127962187, 0.000719211122487, 0.000728081387933, 0.00113249372225, 0.000844666326884, 0.000943496124819, 0.000920866208617, 0.00068533961894, 0.000431346212281, 0.000462638912722, 8.43833840918e-05, 6.91797031322e-05, 6.96514034644e-05, 9.0883258963e-05, 0.000114907437819, 0.000147277445649, 0.000106979190605, 7.03300684108e-05, 0.000107164938527, 9.4428047305e-05, 5.58182509849e-05, 7.86539894762e-05, 0.000129159467178, 6.51756927255e-05, 6.67171771056e-05, 8.64099347382e-05, 7.1291164204e-05, 5.98132683081e-05, 0.000113651258289, 8.52428202052e-05, 7.72876155679e-05, 7.60076436563e-05, 5.7130924688e-05, 4.65597659058e-05, 3.07681875711e-05, 3.53001305484e-05, 3.31451592501e-05, 5.65998634556e-05, 6.67385756969e-05, 3.09151619149e-05, 2.1212052161e-05, 2.4777262297e-05, 1.99400674319e-05, 1.81313826033e-05, 1.14731128633e-05, 1.99005789909e-05, 2.540038804e-05, 3.89769083995e-05, 3.00408501062e-05, 2.43942322413e-05, 1.45453632285e-05, 1.08819403977e-05, 4.71036628369e-06, 3.87096133636e-06, 3.98047723138e-06, 3.23347808262e-06, 3.95810502596e-06, 5.47624040337e-06, 5.87132717556e-06, 2.73659429695e-06, 4.34210642197e-06, 5.40416795047e-06, 6.24644553682e-06, 4.91769242217e-06, 5.04008494318e-06, 1.08413560156e-05, 7.14469297236e-06, 9.37488402997e-06, 1.03359570858e-05, 9.81411267276e-06, 8.66082609718e-06, 7.91600450611e-06, 1.12900579552e-05, 1.41677455758e-05, 1.46989759742e-05, 9.52864411374e-06, 9.78078787739e-06, 7.54610937292e-06, 7.09916548658e-06, 5.64267202208e-06, 4.48952778243e-06, 3.64624179383e-06, 2.41792145061e-06, 2.58636237049e-06, 2.09979839383e-06, 1.68154906532e-06, 1.30734554205e-06, 9.37596098538e-07, 7.35520814032e-07, 6.27659574093e-07, 3.9655958517e-07, 5.00202077092e-07, 1.75664808921e-07, 2.78959362277e-08, 6.38491820179e-12, 6.01073010809e-12, 5.84896540923e-12, 5.70962591442e-12, 5.58897459563e-12, 5.48711033208e-12, 5.40124368842e-12, 5.33413330867e-12, 5.28620333271e-12, 5.25593457645e-12]
    },
    "mfcc": {
        "mean": [-748.561340332, 138.3699646, 25.2683143616, 6.67378044128, 7.53854799271, -24.9476909637, 3.41741251945, -8.96724033356, -7.31204080582, -0.691780030727, -14.048828125, -3.73762607574, -3.44363880157],
        "cov": [[14158.9462891, -169.866668701, -1170.87194824, 1465.98254395, 442.570068359, -156.544235229, 818.751037598, 193.207275391, 349.671325684, 652.440612793, 31.3196105957, 428.110778809, 291.305969238], [-169.866668701, 1615.43713379, 13.5720882416, -86.9037628174, -20.1251220703, 79.2028427124, 63.2591400146, 33.177696228, 33.9404830933, 36.0548095703, 82.4971237183, -11.1578769684, -25.3416862488], [-1170.87194824, 13.5720882416, 896.954650879, -60.8552474976, 152.213058472, 164.077865601, -143.910476685, 92.149017334, -40.1804618835, -150.461242676, 72.8757400513, -52.4002952576, -25.2825241089], [1465.98254395, -86.9037628174, -60.8552474976, 696.436889648, 251.111709595, 44.1020050049, 90.908821106, 153.069244385, 118.780151367, 6.09939336777, 37.3958053589, 165.419036865, 72.6572036743], [442.570068359, -20.1251220703, 152.213058472, 251.111709595, 442.593963623, -95.2986221313, 28.7461090088, 74.7309646606, -12.742890358, -36.7071495056, -32.3900413513, 40.8645172119, 10.4307565689], [-156.544235229, 79.2028427124, 164.077865601, 44.1020050049, -95.2986221313, 520.086425781, 44.3373718262, 86.85131073, 133.069702148, 34.9612236023, 157.848403931, -44.7173919678, 23.1904029846], [818.751037598, 63.2591400146, -143.910476685, 90.908821106, 28.7461090088, 44.3373718262, 265.43548584, -7.75500202179, 30.0617427826, 107.303855896, 2.39136648178, 14.1707286835, 10.7171869278], [193.207275391, 33.177696228, 92.149017334, 153.069244385, 74.7309646606, 86.85131073, -7.75500202179, 225.924758911, 62.928478241, -19.6380558014, 75.5132904053, 58.3677864075, 25.2582817078], [349.671325684, 33.9404830933, -40.1804618835, 118.780151367, -12.742890358, 133.069702148, 30.0617427826, 62.928478241, 237.086044312, 60.6304206848, 83.6045379639, 47.1317939758, 38.0085525513], [652.440612793, 36.0548095703, -150.461242676, 6.09939336777, -36.7071495056, 34.9612236023, 107.303855896, -19.6380558014, 60.6304206848, 241.630371094, 29.1576976776, -6.30597829819, 27.5383110046], [31.3196105957, 82.4971237183, 72.8757400513, 37.3958053589, -32.3900413513, 157.848403931, 2.39136648178, 75.5132904053, 83.6045379639, 29.1576976776, 202.32611084, 27.6768436432, 28.4465198517], [428.110778809, -11.1578769684, -52.4002952576, 165.419036865, 40.8645172119, -44.7173919678, 14.1707286835, 58.3677864075, 47.1317939758, -6.30597829819, 27.6768436432, 198.756011963, 52.0404853821], [291.305969238, -25.3416862488, -25.2825241089, 72.6572036743, 10.4307565689, 23.1904029846, 10.7171869278, 25.2582817078, 38.0085525513, 27.5383110046, 28.4465198517, 52.0404853821, 119.967201233]],
        "icov": [[0.000121791752463, 9.54884762905e-06, 6.98525982443e-05, -0.000201108152396, -1.2820271877e-05, 6.88369982527e-05, -0.000197833112907, -2.48155247391e-05, -4.82642917632e-06, -0.00019549310673, -9.73002079263e-06, -1.64595148817e-05, -9.064104961e-05], [9.54884762905e-06, 0.000655522278976, 2.33858627325e-05, 0.000155562142027, -6.87666397425e-05, -1.50814821609e-05, -0.000210274738492, -0.00010681830463, -4.49379949714e-05, -1.53738637891e-05, -0.000260133325355, -4.99976740684e-05, 0.000177304886165], [6.98525982443e-05, 2.33858627325e-05, 0.00183519127313, 0.000350483343937, -0.001037027454, -0.000773397507146, 0.000615527678747, -0.000334584707161, 0.000410585780628, 0.000542468391359, -0.000463577278424, 0.000100949306216, 7.64646756579e-05], [-0.000201108152396, 0.000155562142027, 0.000350483343937, 0.00316405156627, -0.00150152447168, -0.000656597025227, -0.000166289421031, -0.000832509191241, -0.000643607694656, 0.000650885689538, 0.000249130098382, -0.00148145970888, -0.000235546278418], [-1.2820271877e-05, -6.87666397425e-05, -0.001037027454, -0.00150152447168, 0.00388427870348, 0.0012357281521, -0.00070809799945, -0.000660460733343, 8.84857508936e-05, 5.98644692218e-05, 0.000472669460578, 0.00066788418917, -0.000110420383862], [6.88369982527e-05, -1.50814821609e-05, -0.000773397507146, -0.000656597025227, 0.0012357281521, 0.00366266351193, -0.00110612181015, -0.000614068587311, -0.00127613777295, 6.93857728038e-05, -0.00166892004199, 0.00168258347549, -0.000468788610306], [-0.000197833112907, -0.000210274738492, 0.000615527678747, -0.000166289421031, -0.00070809799945, -0.00110612181015, 0.00573789747432, 0.000502663780935, 0.00049927260261, -0.00175740278792, 0.000426537095336, -0.000339490245096, 0.000614712596871], [-2.48155247391e-05, -0.00010681830463, -0.000334584707161, -0.000832509191241, -0.000660460733343, -0.000614068587311, 0.000502663780935, 0.00656150048599, -0.000486649485538, 0.000465312332381, -0.00149790453725, -0.000987896462902, 5.22187656316e-05], [-4.82642917632e-06, -4.49379949714e-05, 0.000410585780628, -0.000643607694656, 8.84857508936e-05, -0.00127613777295, 0.00049927260261, -0.000486649485538, 0.00632975436747, -0.00121196336113, -0.00110400363337, -0.00084752147086, -0.00032238845597], [-0.00019549310673, -1.53738637891e-05, 0.000542468391359, 0.000650885689538, 5.98644692218e-05, 6.93857728038e-05, -0.00175740278792, 0.000465312332381, -0.00121196336113, 0.00635639298707, -0.000869891373441, 0.000891711388249, -0.00102368823718], [-9.73002079263e-06, -0.000260133325355, -0.000463577278424, 0.000249130098382, 0.000472669460578, -0.00166892004199, 0.000426537095336, -0.00149790453725, -0.00110400363337, -0.000869891373441, 0.00791552104056, -0.00110544753261, -0.000569051655475], [-1.64595148817e-05, -4.99976740684e-05, 0.000100949306216, -0.00148145970888, 0.00066788418917, 0.00168258347549, -0.000339490245096, -0.000987896462902, -0.00084752147086, 0.000891711388249, -0.00110544753261, 0.00785938370973, -0.00228045531549], [-9.064104961e-05, 0.000177304886165, 7.64646756579e-05, -0.000235546278418, -0.000110420383862, -0.000468788610306, 0.000614712596871, 5.22187656316e-05, -0.00032238845597, -0.00102368823718, -0.000569051655475, -0.00228045531549, 0.0102475406602]]
    },
    "spectral_contrast_coeffs": {
        "mean": [-0.64443308115, -0.694340109825, -0.726405858994, -0.783630013466, -0.779909491539, -0.825841546059],
        "stdev": [0.115529425442, 0.0939625352621, 0.0870008841157, 0.0633636042476, 0.0675749033689, 0.0429635457695]
    },
    "spectral_contrast_valleys": {
        "mean": [-7.73076629639, -7.69196844101, -8.73286533356, -9.29416847229, -9.20092201233, -11.2543716431],
        "stdev": [2.26168632507, 1.99327790737, 1.93826162815, 1.96251928806, 2.08112239838, 1.92670547962]
    }
},
"rhythm": {
    "beats_count": 497,
    "beats_loudness": {
        "mean": 0.0247341282666,
        "stdev": 0.0238797180355
    },
    "bpm": 122.084274292,
    "bpm_histogram_first_peak_bpm": 123,
    "bpm_histogram_first_peak_weight": 0.452173948288,
    "bpm_histogram_second_peak_bpm": 117,
    "bpm_histogram_second_peak_spread": 0.058823466301,
    "bpm_histogram_second_peak_weight": 0.0645161271095,
    "danceability": 0.974186182022,
    "onset_rate": 2.83228254318,
    "beats_loudness_band_ratio": {
        "mean": [0.256688416004, 0.421392440796, 0.207506373525, 0.0735540241003, 0.0354562178254, 0.0588462427258],
        "stdev": [0.275147527456, 0.319745600224, 0.233029514551, 0.126972869039, 0.0610858611763, 0.142724752426]
    },
    "beats_position": [0.46439909935, 0.952018141747, 1.43963718414, 1.93886613846, 2.42648530006, 2.92571425438, 3.41333317757, 3.90095233917, 4.38857126236, 4.87619018555, 5.3754196167, 5.87464857101, 6.3622674942, 6.84988641739, 7.3491153717, 7.84834432602, 8.33596324921, 8.82358264923, 9.31120204926, 9.79882049561, 10.2864398956, 10.774058342, 11.2732877731, 11.7725172043, 12.2601356506, 12.7593650818, 13.2585935593, 13.7926530838, 14.3267116547, 14.9188203812, 15.4993190765, 16.0914287567, 16.6835365295, 17.2640361786, 17.8445339203, 18.4134235382, 18.9823131561, 19.5512008667, 20.1317005157, 20.7121982574, 21.3159179688, 21.9196376801, 22.5117454529, 23.1038551331, 23.6959629059, 24.2880725861, 24.8801803589, 25.4258499146, 25.9599094391, 26.4939670563, 27.0628566742, 27.6317462921, 28.2122440338, 28.7811336517, 29.3500213623, 29.9189109802, 30.4878005981, 31.079908371, 31.7184581757, 32.357006073, 32.9955558777, 33.6224937439, 34.2726516724, 34.9228096008, 35.572971344, 36.1650772095, 36.7571868896, 37.3492965698, 37.94140625, 38.5335159302, 39.1024017334, 39.6712913513, 40.2285690308, 40.7858505249, 41.3315200806, 41.9004058838, 42.4692955017, 43.0381851196, 43.5954627991, 44.164352417, 44.7216300964, 45.2789115906, 45.8245811462, 46.3702468872, 46.9159164429, 47.4615859985, 47.9492073059, 48.4368247986, 48.9244422913, 49.4933319092, 50.0738296509, 50.6427192688, 51.2232208252, 51.8037185669, 52.2913360596, 52.7905654907, 53.2897949219, 53.789024353, 54.2882537842, 54.7990913391, 55.2983207703, 55.8091583252, 56.3199996948, 56.7727890015, 57.2255783081, 57.6783676147, 58.1195449829, 58.5607261658, 59.0019035339, 59.4663009644, 59.9307022095, 60.4067115784, 60.8827209473, 61.3587303162, 61.8347396851, 62.3223571777, 62.8331947327, 63.3440361023, 63.8432655334, 64.3541030884, 64.8533325195, 65.3525619507, 65.8517913818, 66.3626327515, 66.8502502441, 67.3378677368, 67.837097168, 68.3363265991, 68.8471679688, 69.358001709, 69.8688430786, 70.3796844482, 70.8905181885, 71.4013595581, 71.9005889893, 72.3882064819, 72.8874359131, 73.3982772827, 73.9091110229, 74.396736145, 74.8843536377, 75.3719711304, 75.8712005615, 76.3704299927, 76.8696594238, 77.3572769165, 77.8448944092, 78.3325119019, 78.8201370239, 79.3193664551, 79.8069839478, 80.2946014404, 80.7938308716, 81.2930603027, 81.7806777954, 82.2682952881, 82.7559204102, 83.2435379028, 83.742767334, 84.2419967651, 84.7412261963, 85.2404556274, 85.7280731201, 86.2156906128, 86.691696167, 87.1793212891, 87.6669387817, 88.1661682129, 88.6537857056, 89.1414031982, 89.6290206909, 90.1282501221, 90.6274795532, 91.1267089844, 91.6259384155, 92.1135559082, 92.6011810303, 93.0887985229, 93.5764160156, 94.0059814453, 94.4355545044, 94.8651199341, 95.2946929932, 95.7358703613, 96.1770477295, 96.6414489746, 97.1174621582, 97.5818557739, 98.046257019, 98.5106582642, 98.9866638184, 99.474281311, 99.9619064331, 100.437911987, 100.92552948, 101.43637085, 101.935600281, 102.423217773, 102.922447205, 103.410064697, 103.909294128, 104.396911621, 104.896141052, 105.383758545, 105.871383667, 106.370613098, 106.858230591, 107.38067627, 107.914733887, 108.448799133, 108.98285675, 109.516914368, 110.039360046, 110.550201416, 111.061042786, 111.548660278, 112.036277771, 112.523895264, 113.011520386, 113.48752594, 113.986755371, 114.485984802, 114.985214233, 115.472831726, 115.960449219, 116.45967865, 116.947296143, 117.446525574, 117.945755005, 118.444984436, 118.932601929, 119.420227051, 119.907844543, 120.395462036, 120.883079529, 121.370697021, 121.858322144, 122.357551575, 122.856781006, 123.344398499, 123.832015991, 124.331245422, 124.830474854, 125.318092346, 125.805709839, 126.30493927, 126.804168701, 127.291786194, 127.779411316, 128.267028809, 128.754638672, 129.242263794, 129.741500854, 130.240722656, 130.728347778, 131.215957642, 131.703582764, 132.191192627, 132.690429688, 133.189651489, 133.677276611, 134.164901733, 134.652511597, 135.140136719, 135.627746582, 136.126983643, 136.626205444, 137.113830566, 137.613052368, 138.123901367, 138.61151123, 139.087524414, 139.575149536, 140.062759399, 140.550384521, 141.049606323, 141.548843384, 142.036453247, 142.512466431, 142.872375488, 143.232284546, 143.603805542, 143.986938477, 144.358459473, 144.729980469, 145.101501465, 145.473007202, 145.856140137, 146.227661133, 146.610794067, 146.993927002, 147.365432739, 147.748565674, 148.131698608, 148.514831543, 148.886352539, 149.257858276, 149.640991211, 150.035736084, 150.453689575, 150.871658325, 151.277999878, 151.695953369, 152.102310181, 152.497055054, 152.891784668, 153.298141479, 153.704483032, 154.110839844, 154.528793335, 154.946762085, 155.376327515, 155.805892944, 156.363174438, 156.920455933, 157.477722168, 158.035003662, 158.592285156, 159.137954712, 159.683624268, 160.229293823, 160.774963379, 161.320632935, 161.854690552, 162.423583984, 162.992462158, 163.619400024, 164.257949829, 164.884887695, 165.488616943, 166.092330933, 166.649612427, 167.206893921, 167.764175415, 168.275009155, 168.785842896, 169.296691895, 169.749481201, 170.213867188, 170.666656494, 171.107849121, 171.549026489, 171.990203857, 172.454605103, 172.930603027, 173.395004272, 173.894241333, 174.393463135, 174.881088257, 175.36869812, 175.856323242, 176.343948364, 176.843170166, 177.330795288, 177.83001709, 178.32925415, 178.816864014, 179.304489136, 179.792098999, 180.29133606, 180.790557861, 181.278182983, 181.765808105, 182.253417969, 182.741043091, 183.228652954, 183.716278076, 184.203903198, 184.703125, 185.202362061, 185.689971924, 186.189208984, 186.688430786, 187.176055908, 187.663665771, 188.151290894, 188.638900757, 189.126525879, 189.614151001, 190.101760864, 190.589385986, 191.088607788, 191.587844849, 192.075454712, 192.574691772, 193.073913574, 193.573150635, 194.072372437, 194.559997559, 195.047622681, 195.535232544, 196.022857666, 196.522079468, 197.00970459, 197.508926392, 198.008163452, 198.495773315, 198.995010376, 199.540679932, 200.074737549, 200.620407104, 201.16607666, 201.711746216, 202.26902771, 202.814697266, 203.360351562, 203.964080811, 204.5677948, 205.159912109, 205.75201416, 206.332519531, 206.843353271, 207.342575073, 207.841812134, 208.341033936, 208.840270996, 209.351104736, 209.90838623, 210.454055786, 211.01133728, 211.568618774, 212.137496948, 212.694778442, 213.252059937, 213.809341431, 214.355010986, 214.91229248, 215.469558716, 216.038452148, 216.61895752, 217.12979126, 217.640625, 218.151473999, 218.615875244, 219.068664551, 219.533050537, 219.997451782, 220.473464966, 220.937866211, 221.448699951, 221.95954895, 222.47038269, 222.969604492, 223.480453491, 223.991287231, 224.618225098, 225.245162964, 225.860488892, 226.487426758, 227.114364624, 227.718093872, 228.321807861, 228.879089355, 229.43637085, 229.993652344, 230.44644165, 230.910827637, 231.363616943, 231.80480957, 232.164718628, 232.536224365, 232.896133423, 233.256057739, 233.662399292, 234.080352783, 234.475097656, 234.869842529, 235.252960205, 235.647705078, 236.042449951, 236.483627319, 236.924804688, 237.354370117, 237.772338867, 238.190292358, 238.60824585, 239.002990723, 239.397735596, 239.79246521, 240.187210083, 240.581939697, 240.97668457, 241.383041382, 241.789382935, 242.184127808, 242.59046936, 242.996826172, 243.403167725, 243.844345093, 244.285522461, 244.726715088, 245.179489136, 245.632278442, 246.085067749, 246.549468994, 247.002258301, 247.455047607],
    "bpm_histogram": [0, 0, 0, 0, 0, 0, 0, 0, 0, 0, 0, 0, 0, 0, 0, 0, 0, 0, 0, 0, 0, 0, 0, 0, 0, 0, 0, 0, 0, 0, 0, 0, 0, 0, 0, 0, 0, 0, 0, 0, 0, 0, 0, 0, 0, 0, 0, 0, 0, 0, 0, 0, 0, 0, 0, 0, 0, 0, 0, 0, 0, 0, 0, 0, 0, 0, 0, 0, 0, 0, 0, 0, 0, 0, 0, 0, 0, 0, 0, 0, 0, 0, 0, 0, 0, 0, 0, 0, 0, 0, 0, 0, 0.00604838691652, 0, 0.00806451588869, 0, 0.0141129028052, 0, 0.00201612897217, 0.0161290317774, 0, 0.0322580635548, 0, 0.0221774186939, 0, 0.0423387102783, 0, 0, 0.050403226167, 0, 0.0383064523339, 0, 0.0201612897217, 0, 0, 0.00403225794435, 0, 0.0645161271095, 0, 0, 0.183467745781, 0, 0, 0.254032254219, 0, 0, 0.0262096766382, 0, 0, 0.0302419345826, 0, 0, 0, 0.0262096766382, 0, 0, 0.0282258056104, 0, 0, 0, 0.0141129028052, 0, 0, 0, 0.0181451607496, 0, 0, 0, 0.0221774186939, 0, 0, 0, 0.0282258056104, 0, 0, 0, 0, 0.0181451607496, 0, 0, 0, 0.012096773833, 0.00806451588869, 0, 0, 0, 0, 0.0100806448609, 0, 0, 0, 0, 0, 0, 0, 0, 0, 0, 0, 0, 0, 0, 0, 0, 0, 0, 0, 0, 0, 0, 0, 0, 0, 0, 0, 0, 0, 0, 0, 0, 0, 0, 0, 0, 0, 0, 0, 0, 0, 0, 0, 0, 0, 0, 0, 0, 0, 0, 0, 0, 0, 0, 0, 0, 0, 0, 0, 0, 0, 0, 0, 0, 0, 0, 0, 0, 0, 0, 0, 0, 0, 0, 0, 0, 0, 0, 0, 0, 0, 0]
},
"tonal": {
    "chords_changes_rate": 0.0536849983037,
    "chords_number_rate": 0.00243172468618,
    "chords_strength": {
        "mean": 0.528848528862,
        "stdev": 0.10038293153
    },
    "hpcp_crest": {
        "mean": 18.7807598114,
        "stdev": 8.75503253937
    },
    "hpcp_entropy": {
        "mean": 1.39896440506,
        "stdev": 0.734667003155
    },
    "key_edma": {
        "strength": 0.786433458328,
        "key": "D#",
        "scale": "major"
    },
    "key_krumhansl": {
        "strength": 0.788280308247,
        "key": "D#",
        "scale": "major"
    },
    "key_temperley": {
        "strength": 0.788997650146,
        "key": "D#",
        "scale": "major"
    },
    "tuning_diatonic_strength": 0.565138816833,
    "tuning_equal_tempered_deviation": 0.0156829990447,
    "tuning_frequency": 439.238189697,
    "tuning_nontempered_energy_ratio": 0.655911803246,
    "hpcp": {
        "mean": [0.0808316618204, 0.0710629224777, 0.0982929095626, 0.169757783413, 0.12022344768, 0.0444751828909, 0.0550249069929, 0.0505995415151, 0.0941798090935, 0.143346950412, 0.089569427073, 0.0384370237589, 0.031237764284, 0.0279450248927, 0.0921390429139, 0.16762638092, 0.146565183997, 0.148605808616, 0.195077031851, 0.131691709161, 0.0673867464066, 0.0746981576085, 0.0580604746938, 0.124860063195, 0.192961543798, 0.110816881061, 0.0379391498864, 0.0356365740299, 0.0376191474497, 0.125249296427, 0.205930307508, 0.121451549232, 0.0625414475799, 0.0758656859398, 0.0533931106329, 0.0568472445011],
        "stdev": [0.212759271264, 0.188748806715, 0.20764131844, 0.297833561897, 0.231712237, 0.13412976265, 0.17350526154, 0.159810394049, 0.204148903489, 0.281038850546, 0.197906062007, 0.146412461996, 0.136426448822, 0.117462977767, 0.202346026897, 0.291862994432, 0.259336322546, 0.272492676973, 0.33608007431, 0.258857905865, 0.188421562314, 0.215772807598, 0.165830478072, 0.230451658368, 0.32759052515, 0.21834744513, 0.142529502511, 0.141560062766, 0.141656845808, 0.222701519728, 0.326857686043, 0.216475501657, 0.167138129473, 0.199250251055, 0.156229868531, 0.169415161014]
    },
    "chords_histogram": [20.5574264526, 5.40591096878, 16.6292552948, 3.98428726196, 7.76281309128, 0.542461633682, 11.2607555389, 0.430228203535, 10.5312385559, 0.598578393459, 2.22596335411, 0.355405896902, 0, 0.205761313438, 0.0561167225242, 2.31949114799, 0.0187055747956, 1.87055742741, 0, 0.635989546776, 0.168350175023, 2.58136916161, 3.81593704224, 8.04339694977],
    "thpcp": [1, 0.589770138264, 0.303701996803, 0.368404656649, 0.259277582169, 0.276050895452, 0.392519503832, 0.345082402229, 0.477311521769, 0.824345767498, 0.583806455135, 0.215972006321, 0.267201602459, 0.245711967349, 0.457338273525, 0.696094453335, 0.434950202703, 0.186650633812, 0.151690945029, 0.135701373219, 0.447428286076, 0.813995659351, 0.711722254753, 0.721631586552, 0.947296380997, 0.63949650526, 0.327230840921, 0.362735122442, 0.281942337751, 0.606321930885, 0.93702352047, 0.538128077984, 0.184232965112, 0.17305162549, 0.182679027319, 0.608212053776],
    "chords_key": "D#",
    "chords_scale": "major"
}
}