{
"metadata": {
    "version": {
        "essentia": "2.1-dev",
        "essentia_git_sha": "v2.1_beta3-415-gd5473f3",
        "extractor": "music 2.0"
    },
    "audio_properties": {
        "analysis": {
            "equal_loudness": 0,
            "length": 282.383666992,
            "sample_rate": 44100,
            "start_time": 0,
            "downmix": "mix"
        },
        "bit_rate": 128000,
        "length": 282.383666992,
        "lossless": 0,
        "number_channels": 2,
        "replay_gain": -9.78633308411,
        "sample_rate": 44100,
        "codec": "mp3",
        "md5_encoded": "e6cce15ae0571147f34125474f4af6cd"
    },
    "tags": {
        "file_name": "en_vogue-never_gonna_get_it.mp3"
    }
},
"lowlevel": {
    "average_loudness": 0.881634354591,
    "barkbands_crest": {
        "mean": 10.132557869,
        "stdev": 4.4508357048
    },
    "barkbands_flatness_db": {
        "mean": 0.141897961497,
        "stdev": 0.0587045699358
    },
    "barkbands_kurtosis": {
        "mean": 6.67721128464,
        "stdev": 25.1585140228
    },
    "barkbands_skewness": {
        "mean": 1.69451892376,
        "stdev": 1.92402350903
    },
    "barkbands_spread": {
        "mean": 30.9599246979,
        "stdev": 18.4075489044
    },
    "dissonance": {
        "mean": 0.467439115047,
        "stdev": 0.0296461991966
    },
    "dynamic_complexity": 4.39349412918,
    "erbbands_crest": {
        "mean": 9.11311817169,
        "stdev": 4.31266021729
    },
    "erbbands_flatness_db": {
        "mean": 0.150994077325,
        "stdev": 0.0423261709511
    },
    "erbbands_kurtosis": {
        "mean": 0.791414439678,
        "stdev": 4.15518951416
    },
    "erbbands_skewness": {
        "mean": -0.1700168401,
        "stdev": 1.06067085266
    },
    "erbbands_spread": {
        "mean": 49.1730003357,
        "stdev": 27.2501068115
    },
    "hfc": {
        "mean": 19.1552829742,
        "stdev": 20.4392795563
    },
    "loudness_ebu128": {
        "integrated": -14.487039566,
        "loudness_range": 4.69883823395,
        "momentary": {
            "mean": -16.8338127136,
            "stdev": 8.47212409973
        },
        "short_term": {
            "mean": -16.0570964813,
            "stdev": 6.11613893509
        }
    },
    "melbands_crest": {
        "mean": 15.2881698608,
        "stdev": 5.93608140945
    },
    "melbands_flatness_db": {
        "mean": 0.203332647681,
        "stdev": 0.0808771923184
    },
    "melbands_kurtosis": {
        "mean": 29.5108585358,
        "stdev": 80.49559021
    },
    "melbands_skewness": {
        "mean": 3.59199714661,
        "stdev": 3.09607505798
    },
    "melbands_spread": {
        "mean": 31.3724155426,
        "stdev": 28.3460197449
    },
    "pitch_salience": {
        "mean": 0.517586946487,
        "stdev": 0.121015325189
    },
    "silence_rate_20dB": {
        "mean": 1,
        "stdev": 0
    },
    "silence_rate_30dB": {
        "mean": 1,
        "stdev": 0
    },
    "silence_rate_60dB": {
        "mean": 0.118638493121,
        "stdev": 0.323362231255
    },
    "spectral_centroid": {
        "mean": 1873.91149902,
        "stdev": 809.954223633
    },
    "spectral_complexity": {
        "mean": 14.545753479,
        "stdev": 11.9942951202
    },
    "spectral_decrease": {
        "mean": -5.11435338524e-09,
        "stdev": 4.32542579532e-09
    },
    "spectral_energy": {
        "mean": 0.0210402272642,
        "stdev": 0.0174423698336
    },
    "spectral_energyband_high": {
        "mean": 0.00122447451577,
        "stdev": 0.00178730185144
    },
    "spectral_energyband_low": {
        "mean": 0.00988688506186,
        "stdev": 0.0108513720334
    },
    "spectral_energyband_middle_high": {
        "mean": 0.00438668113202,
        "stdev": 0.00599931878969
    },
    "spectral_energyband_middle_low": {
        "mean": 0.00685518421233,
        "stdev": 0.00886223465204
    },
    "spectral_entropy": {
        "mean": 7.64323091507,
        "stdev": 0.436381101608
    },
    "spectral_flux": {
        "mean": 0.0822455510497,
        "stdev": 0.0503224655986
    },
    "spectral_kurtosis": {
        "mean": 2.93520593643,
        "stdev": 2.1217417717
    },
    "spectral_rms": {
        "mean": 0.00408183503896,
        "stdev": 0.00196614698507
    },
    "spectral_rolloff": {
        "mean": 1983.35717773,
        "stdev": 2022.77624512
    },
    "spectral_skewness": {
        "mean": 1.14433538914,
        "stdev": 0.386930495501
    },
    "spectral_spread": {
        "mean": 4986746,
        "stdev": 1663012.75
    },
    "spectral_strongpeak": {
        "mean": 0.630380690098,
        "stdev": 1.03189969063
    },
    "zerocrossingrate": {
        "mean": 0.0769394040108,
        "stdev": 0.0468054413795
    },
    "barkbands": {
        "mean": [0.000332912517479, 0.00570089416578, 0.00268882722594, 0.00220600469038, 0.00186731014401, 0.000706419406924, 0.000404251157306, 0.000495098356623, 0.000903577776626, 0.00080065021757, 0.000562490313314, 0.000334022479365, 0.000309427297907, 0.000270129239652, 0.000343240302755, 0.000364683422958, 0.00048029073514, 0.000362356106052, 0.000507238786668, 0.000361255253665, 0.000290234631393, 0.000311164360028, 0.000169848906808, 0.000145181023981, 8.77787097124e-05, 1.89583915926e-05, 1.59386800078e-05],
        "stdev": [0.000390652974602, 0.00675012404099, 0.00414961017668, 0.00500877015293, 0.0032326541841, 0.00134112930391, 0.00103471486364, 0.00119665649254, 0.00227913074195, 0.00200938875787, 0.00167037197389, 0.00114074989688, 0.00121038313955, 0.000722541532014, 0.000934731215239, 0.00100439519156, 0.000973237212747, 0.000588528520893, 0.00080037250882, 0.000575863872655, 0.000568347808439, 0.000541971821804, 0.000344953878084, 0.000255587132415, 0.000257870269706, 4.73126237921e-05, 6.23239466222e-05]
    },
    "erbbands": {
        "mean": [0.191899389029, 1.17632997036, 3.10960149765, 5.54291534424, 6.63588666916, 5.62757968903, 7.61224794388, 4.99808120728, 4.81070280075, 7.50160217285, 14.1573572159, 21.1241130829, 23.1146774292, 28.269569397, 16.3424701691, 12.7817802429, 14.3787574768, 12.8331861496, 16.5058021545, 18.0037288666, 21.8527107239, 26.8579654694, 21.8833141327, 25.0218925476, 22.7464752197, 17.1031112671, 13.8608407974, 10.0264005661, 10.0145425797, 9.18727302551, 4.40168237686, 3.35342335701, 2.17115020752, 1.22575092316, 0.477022111416, 0.116089642048, 0.0316697582603, 0.0133978240192, 0.00328501989134, 8.20456552901e-05],
        "stdev": [0.25328630209, 1.43497931957, 4.49443817139, 10.9312791824, 14.6688709259, 9.43051528931, 13.3475399017, 10.3343763351, 11.6743564606, 18.2941761017, 33.366733551, 57.1725769043, 60.5914077759, 75.8182525635, 38.327041626, 44.0364074707, 54.442855835, 34.2604980469, 37.8131256104, 47.0270042419, 57.4675292969, 50.2903366089, 34.7567443848, 42.1458587646, 33.9163284302, 27.6481246948, 26.3499107361, 20.0801734924, 18.8620262146, 15.2469673157, 9.76663589478, 6.02634525299, 4.14248847961, 3.57773447037, 1.40130114555, 0.336839318275, 0.0770018771291, 0.0456317588687, 0.0129987569526, 0.000220869042096]
    },
    "gfcc": {
        "mean": [-40.670375824, 68.486541748, -108.756660461, 61.0898971558, -53.0643692017, 18.8523769379, -30.2423439026, 16.396522522, -22.2986946106, -4.62757110596, -14.2069330215, -2.86042904854, -8.79703903198],
        "cov": [[17795.8007812, 292.452941895, -716.534851074, 150.230331421, -166.769470215, 271.921447754, 55.1840705872, 200.633010864, -243.674041748, -6.3070731163, -408.505371094, -10.5852794647, -153.389755249], [292.452941895, 1146.47497559, -97.4184646606, -103.946853638, 129.381546021, -104.300827026, 137.561065674, 44.3782463074, -5.21393013, -85.806022644, 126.724098206, -101.904571533, 112.4686203], [-716.534851074, -97.4184646606, 1414.44116211, 399.957458496, 221.132476807, -50.2215499878, 68.7099227905, -145.499130249, 90.7489395142, -48.0691719055, -11.5649585724, 115.34311676, -109.197746277], [150.230331421, -103.946853638, 399.957458496, 761.571105957, 264.045379639, 119.305335999, -14.8175296783, 78.5507507324, 81.8679733276, -15.3299722672, -47.6906356812, 34.8526382446, -49.7919044495], [-166.769470215, 129.381546021, 221.132476807, 264.045379639, 553.065307617, 28.8900032043, 201.110534668, 12.3177967072, 68.5432662964, -78.9844970703, 12.2528972626, 6.89147949219, -33.7842979431], [271.921447754, -104.300827026, -50.2215499878, 119.305335999, 28.8900032043, 415.227478027, 82.1461791992, 64.6905136108, -37.2294120789, 66.8109970093, -40.4117202759, -23.4025039673, -7.29361629486], [55.1840705872, 137.561065674, 68.7099227905, -14.8175296783, 201.110534668, 82.1461791992, 319.049926758, 25.9134750366, 36.688659668, -46.7000045776, 7.2717499733, -32.9544143677, -2.86806464195], [200.633010864, 44.3782463074, -145.499130249, 78.5507507324, 12.3177967072, 64.6905136108, 25.9134750366, 284.820587158, 30.5247020721, 15.9770650864, -9.18391418457, -13.1983032227, 28.0619354248], [-243.674041748, -5.21393013, 90.7489395142, 81.8679733276, 68.5432662964, -37.2294120789, 36.688659668, 30.5247020721, 160.389587402, -0.938088238239, 1.10010814667, 1.9544891119, -13.5419998169], [-6.3070731163, -85.806022644, -48.0691719055, -15.3299722672, -78.9844970703, 66.8109970093, -46.7000045776, 15.9770650864, -0.938088238239, 144.895645142, 32.9751091003, -3.37589383125, -1.64521813393], [-408.505371094, 126.724098206, -11.5649585724, -47.6906356812, 12.2528972626, -40.4117202759, 7.2717499733, -9.18391418457, 1.10010814667, 32.9751091003, 168.142272949, 29.9736347198, 21.160194397], [-10.5852794647, -101.904571533, 115.34311676, 34.8526382446, 6.89147949219, -23.4025039673, -32.9544143677, -13.1983032227, 1.9544891119, -3.37589383125, 29.9736347198, 121.206497192, 3.03981590271], [-153.389755249, 112.4686203, -109.197746277, -49.7919044495, -33.7842979431, -7.29361629486, -2.86806464195, 28.0619354248, -13.5419998169, -1.64521813393, 21.160194397, 3.03981590271, 127.83694458]],
        "icov": [[6.98534349794e-05, -8.14914965304e-05, 6.16653851466e-05, -5.39806678717e-05, 4.94913183502e-05, 1.19950955195e-05, -7.71890845499e-05, -1.3350349036e-05, 0.000112980793347, -9.18688310776e-05, 0.000252710888162, -0.000199796515517, 0.000175829482032], [-8.14914965304e-05, 0.00150423287414, -0.000182109055459, 0.000144275982166, -0.000279121304629, 0.000220872592763, -0.000100727076642, -0.000240696492256, 7.91372149251e-05, 0.000974611088168, -0.00159734452609, 0.00184753176291, -0.00128973228857], [6.16653851466e-05, -0.000182109055459, 0.00116583681665, -0.000663677928969, 0.000130059648654, 0.000253976933891, -0.000560116139241, 0.000657329452224, -0.000148434453877, -0.000211922975723, 0.000453882501461, -0.00124119373504, 0.0007994978223], [-5.39806678717e-05, 0.000144275982166, -0.000663677928969, 0.00248398655094, -0.00130303727929, -0.00092467997456, 0.00150721590035, -0.00078998884419, -0.000830245146062, 0.000397453841288, 7.46714358684e-05, 0.000261272391072, -8.24091039249e-05], [4.94913183502e-05, -0.000279121304629, 0.000130059648654, -0.00130303727929, 0.00341875036247, 0.000213414648897, -0.00210591149516, 0.000297924154438, -0.000250900367973, 0.000851339020301, -0.000274681689916, -0.000595999415964, 0.000755562330596], [1.19950955195e-05, 0.000220872592763, 0.000253976933891, -0.00092467997456, 0.000213414648897, 0.00375151401386, -0.0017935836222, -0.000361808895832, 0.00158844678663, -0.00224677124061, 0.00098526396323, 6.52342205285e-05, -3.880276563e-05], [-7.71890845499e-05, -0.000100727076642, -0.000560116139241, 0.00150721590035, -0.00210591149516, -0.0017935836222, 0.00580485537648, -0.000536878651474, -0.00134555622935, 0.00173931859899, -0.000856026890688, 0.0015913490206, -0.000322482868796], [-1.3350349036e-05, -0.000240696492256, 0.000657329452224, -0.00078998884419, 0.000297924154438, -0.000361808895832, -0.000536878651474, 0.00441465852782, -0.000979076838121, -0.00044838222675, 0.000376319367206, -0.000427787948865, -0.000635101983789], [0.000112980793347, 7.91372149251e-05, -0.000148434453877, -0.000830245146062, -0.000250900367973, 0.00158844678663, -0.00134555622935, -0.000979076838121, 0.00792295113206, -0.00133963313419, 0.000514368235599, -1.45953856645e-06, 0.000561770633794], [-9.18688310776e-05, 0.000974611088168, -0.000211922975723, 0.000397453841288, 0.000851339020301, -0.00224677124061, 0.00173931859899, -0.00044838222675, -0.00133963313419, 0.0105001712218, -0.00397341838107, 0.00214129220694, -0.000159638861078], [0.000252710888162, -0.00159734452609, 0.000453882501461, 7.46714358684e-05, -0.000274681689916, 0.00098526396323, -0.000856026890688, 0.000376319367206, 0.000514368235599, -0.00397341838107, 0.00960275158286, -0.00426697917283, 0.000522457587067], [-0.000199796515517, 0.00184753176291, -0.00124119373504, 0.000261272391072, -0.000595999415964, 6.52342205285e-05, 0.0015913490206, -0.000427787948865, -1.45953856645e-06, 0.00214129220694, -0.00426697917283, 0.0125001762062, -0.00241134036332], [0.000175829482032, -0.00128973228857, 0.0007994978223, -8.24091039249e-05, 0.000755562330596, -3.880276563e-05, -0.000322482868796, -0.000635101983789, 0.000561770633794, -0.000159638861078, 0.000522457587067, -0.00241134036332, 0.0101769082248]]
    },
    "melbands": {
        "mean": [0.0016289500054, 0.00159886060283, 0.00102229102049, 0.000419357296778, 0.000269958574791, 0.00011392335, 7.77769091656e-05, 8.66072368808e-05, 0.000126565850223, 0.00013178725203, 0.000113277601486, 0.000114226611913, 6.12431686022e-05, 3.91861794924e-05, 3.04132736346e-05, 3.17156336678e-05, 2.29555607802e-05, 2.56818639173e-05, 2.84194629785e-05, 2.28174849326e-05, 2.50237462751e-05, 2.69047741313e-05, 2.67369487119e-05, 1.5657642507e-05, 2.07773646252e-05, 1.83893480425e-05, 1.32535360535e-05, 1.09186457848e-05, 8.92527441465e-06, 7.27466976969e-06, 5.34163200427e-06, 5.08929952048e-06, 7.23131552149e-06, 4.11331802752e-06, 2.44884631684e-06, 2.08945562008e-06, 2.20692027142e-06, 1.74770912054e-06, 1.13758301268e-06, 9.63012098509e-07],
        "stdev": [0.00199054856785, 0.00205485615879, 0.00199981522746, 0.000784313830081, 0.000438150891569, 0.000227431766689, 0.000189864338608, 0.000207044737181, 0.000316281599225, 0.000367131113308, 0.000307037786115, 0.000304431421682, 0.000159459770657, 0.000139088340802, 0.00010027019016, 0.000135085690999, 6.74582406646e-05, 6.42130253254e-05, 8.44376190798e-05, 6.50000656606e-05, 7.29559906176e-05, 5.55796395929e-05, 4.89020640089e-05, 2.95704521704e-05, 3.84644808946e-05, 3.0964583857e-05, 2.11401384149e-05, 1.9113678718e-05, 1.77998208528e-05, 1.5254418031e-05, 1.14009317258e-05, 1.08478334369e-05, 1.32475415739e-05, 6.97520226822e-06, 5.60690523344e-06, 4.99232828588e-06, 3.82967255064e-06, 3.09309280055e-06, 3.33704019795e-06, 2.97830524687e-06]
    },
    "melbands128": {
        "mean": [0.000293132819934, 0.00157532806043, 0.00214979657903, 0.00183210044634, 0.00168642797507, 0.00120013765991, 0.0011487014126, 0.00104460783768, 0.000671212445013, 0.000354141928256, 0.000274903839454, 0.00031753766234, 0.000284740759525, 0.000197947272682, 0.000121608863992, 6.41571605229e-05, 5.0660866691e-05, 8.67186972755e-05, 0.000109538537799, 6.83572870912e-05, 8.93621472642e-05, 9.7934549558e-05, 0.000135532172862, 0.000158838229254, 0.000140008109156, 0.000129943888169, 8.57715494931e-05, 0.000130735526909, 0.000117125251563, 9.38779048738e-05, 0.000143107507029, 9.82666024356e-05, 4.01638717449e-05, 4.85111522721e-05, 4.81670394947e-05, 3.41765844496e-05, 2.74965132121e-05, 3.56887430826e-05, 2.43351223617e-05, 3.48402645614e-05, 3.85022358387e-05, 2.10885300476e-05, 1.95944376173e-05, 2.35205825447e-05, 3.20140570693e-05, 2.24678224185e-05, 2.20088404603e-05, 3.73773364117e-05, 2.75854818028e-05, 1.62860578712e-05, 2.28663502639e-05, 2.68776020675e-05, 2.91252545139e-05, 2.23779843509e-05, 2.0027771825e-05, 2.9814118534e-05, 2.59781827481e-05, 3.67274806194e-05, 2.42157329922e-05, 1.6983720343e-05, 1.20038484965e-05, 1.36644257509e-05, 2.72463475994e-05, 1.87401565199e-05, 1.93979776668e-05, 1.8993507183e-05, 1.82503517863e-05, 1.417569365e-05, 1.16629853437e-05, 1.2590163351e-05, 1.04677192212e-05, 1.07556488729e-05, 9.75687635218e-06, 8.46688271849e-06, 8.10086930869e-06, 8.1736852735e-06, 6.673891221e-06, 5.03960700371e-06, 5.44114800505e-06, 5.16554928254e-06, 5.37378400622e-06, 4.51909909316e-06, 5.46544470126e-06, 9.60840134212e-06, 6.47231445328e-06, 4.50843617728e-06, 3.44590171153e-06, 2.91015976472e-06, 1.95172947315e-06, 2.39058158513e-06, 2.90805223813e-06, 1.58769034897e-06, 1.60841034358e-06, 1.74278000031e-06, 3.43854071616e-06, 2.0767317892e-06, 1.34504750804e-06, 1.07837183805e-06, 9.97099391498e-07, 1.32188642965e-06, 1.23616553083e-06, 8.75312196058e-07, 6.75629564739e-07, 5.77596097173e-07, 5.72112185182e-07, 5.11856285357e-07, 2.91245328299e-07, 2.0818075086e-07, 1.8909611299e-07, 1.23790499629e-07, 1.20690799577e-07, 1.01482520165e-07, 1.03265804796e-07, 8.06936029107e-08, 7.42882093618e-08, 5.47123590877e-08, 6.92818247217e-08, 2.05172653978e-07, 1.8713885197e-07, 1.41792497743e-07, 8.47974632734e-08, 2.53966998542e-08, 2.06562184024e-10, 1.27543305778e-11, 2.94094089359e-12, 2.90268156733e-12, 2.87404627007e-12, 2.85197148016e-12],
        "stdev": [0.000362511433195, 0.00221342500299, 0.00289169396274, 0.00242580100894, 0.00247441069223, 0.00193615013268, 0.00236721802503, 0.00244261045009, 0.00167852872983, 0.000773198669776, 0.000600112834945, 0.000619485857897, 0.000583623594139, 0.000486544566229, 0.000319802988088, 0.000192054023501, 0.000190756138181, 0.0002559995919, 0.00033391721081, 0.000243201444391, 0.000277812679997, 0.000301367981592, 0.000439180847025, 0.000565078109503, 0.000489281024784, 0.000498607521877, 0.000284336827463, 0.000478352914797, 0.000432772183558, 0.000312175718136, 0.000528819044121, 0.000376372452592, 0.000170012237504, 0.000157290545758, 0.000210899117519, 0.000212878992897, 0.00015011485084, 0.000148095365148, 0.000121656470583, 0.000198136389372, 0.000196670749574, 8.54591635289e-05, 7.96430613264e-05, 0.000100567995105, 0.000111369838123, 7.66755038057e-05, 9.29626403376e-05, 0.00014050253958, 0.000109354856249, 8.58307030285e-05, 8.35239989101e-05, 0.00011372006702, 0.000109008105937, 9.5869298093e-05, 6.56354168314e-05, 7.63547432143e-05, 5.41492554476e-05, 9.93399735307e-05, 4.17814844695e-05, 3.45869448211e-05, 3.87865511584e-05, 3.65074338333e-05, 5.372209489e-05, 6.11831565038e-05, 6.05030109e-05, 4.13207562815e-05, 3.51582129952e-05, 3.16516343446e-05, 2.48188607657e-05, 2.92744807666e-05, 2.39822365984e-05, 2.32842976402e-05, 2.24621417146e-05, 2.22978451347e-05, 1.94291042135e-05, 2.00524573302e-05, 1.67485595739e-05, 1.37114084282e-05, 1.36143871714e-05, 1.33724242914e-05, 1.29262598421e-05, 1.39489147841e-05, 1.28190404212e-05, 2.05601463676e-05, 1.13394535219e-05, 8.25920869829e-06, 7.01579983797e-06, 6.76014542478e-06, 4.86387762066e-06, 6.45454792902e-06, 8.55426333146e-06, 3.97092344429e-06, 3.685673164e-06, 3.56079590347e-06, 6.45435375191e-06, 3.8735729504e-06, 2.71845465249e-06, 3.13185046252e-06, 3.30529815074e-06, 4.3380932766e-06, 3.90426976082e-06, 3.00458214042e-06, 2.56106659435e-06, 2.11888141166e-06, 1.70344776507e-06, 1.6999683794e-06, 1.08803294552e-06, 7.04393755768e-07, 5.9741989844e-07, 4.22350865392e-07, 4.00647337528e-07, 2.89381773655e-07, 3.04229388348e-07, 2.19915378352e-07, 1.75033946448e-07, 1.55290749149e-07, 2.15505380652e-07, 1.04478647245e-06, 7.83197833698e-07, 6.43795431188e-07, 4.16835092665e-07, 1.42244601875e-07, 8.30842505906e-09, 5.80024639429e-10, 4.77308643998e-12, 4.70843459707e-12, 4.66191798706e-12, 4.63357173811e-12]
    },
    "mfcc": {
        "mean": [-678.806091309, 85.3918151855, 10.3919324875, 41.573638916, 10.6131849289, 6.04512357712, 7.86328363419, 13.533159256, 3.1246817112, 5.40329837799, -0.891329467297, -2.15495061874, -2.56658005714],
        "cov": [[12857.1621094, 485.944702148, -612.804748535, 40.603515625, -217.225387573, 56.1349029541, 145.484054565, 160.845703125, 213.780380249, 123.875770569, -83.3914489746, -169.014511108, -96.6386184692], [485.944702148, 1211.74645996, -128.22706604, 18.3788032532, -64.284072876, -129.940460205, 145.365036011, 26.6353759766, -61.2211799622, 92.8263168335, -59.9500198364, -90.6752319336, -37.7919044495], [-612.804748535, -128.22706604, 990.038757324, 275.563140869, 138.650802612, 160.633834839, -64.9671859741, 25.22813797, -24.8156223297, -83.5522232056, 43.8215141296, 30.1702632904, 28.1207942963], [40.603515625, 18.3788032532, 275.563140869, 682.549987793, 322.101348877, 92.9146728516, 7.6803355217, 139.119415283, 77.3490447998, -47.6455764771, 51.1374320984, 90.365814209, 2.4622168541], [-217.225387573, -64.284072876, 138.650802612, 322.101348877, 352.318054199, 100.593635559, 29.7378482819, 97.3827896118, 56.775970459, -28.2916126251, 54.5068359375, 53.8388023376, 22.1793823242], [56.1349029541, -129.940460205, 160.633834839, 92.9146728516, 100.593635559, 378.929077148, 96.4804229736, 54.0885543823, 53.4767990112, -11.9567251205, 53.4880943298, 9.8852186203, -19.9512271881], [145.484054565, 145.365036011, -64.9671859741, 7.6803355217, 29.7378482819, 96.4804229736, 273.929107666, 84.3547363281, 39.8369445801, 63.7676887512, 22.9797916412, -27.2468490601, 14.2156381607], [160.845703125, 26.6353759766, 25.22813797, 139.119415283, 97.3827896118, 54.0885543823, 84.3547363281, 226.895294189, 98.2991256714, 19.1139030457, 37.7424316406, 10.7158031464, -3.88954257965], [213.780380249, -61.2211799622, -24.8156223297, 77.3490447998, 56.775970459, 53.4767990112, 39.8369445801, 98.2991256714, 203.841888428, 61.7668190002, 25.1437091827, -10.6988801956, -15.6341753006], [123.875770569, 92.8263168335, -83.5522232056, -47.6455764771, -28.2916126251, -11.9567251205, 63.7676887512, 19.1139030457, 61.7668190002, 153.265441895, 26.9941997528, -34.0346221924, -9.76417064667], [-83.3914489746, -59.9500198364, 43.8215141296, 51.1374320984, 54.5068359375, 53.4880943298, 22.9797916412, 37.7424316406, 25.1437091827, 26.9941997528, 143.375762939, 56.1202468872, -2.46213293076], [-169.014511108, -90.6752319336, 30.1702632904, 90.365814209, 53.8388023376, 9.8852186203, -27.2468490601, 10.7158031464, -10.6988801956, -34.0346221924, 56.1202468872, 135.055465698, 41.7857589722], [-96.6386184692, -37.7919044495, 28.1207942963, 2.4622168541, 22.1793823242, -19.9512271881, 14.2156381607, -3.88954257965, -15.6341753006, -9.76417064667, -2.46213293076, 41.7857589722, 114.553642273]],
        "icov": [[8.65109905135e-05, -2.69010670308e-05, 6.33738891338e-05, -7.19535746612e-05, 0.00011411619198, -5.50709155505e-05, 2.25074672926e-05, -4.26542464993e-05, -6.76212584949e-05, 1.89876245713e-05, -1.1480287867e-06, 9.98012255877e-05, -2.98709128401e-05], [-2.69010670308e-05, 0.00112803815864, 1.15249786177e-05, -0.000328833848471, 0.000152785272803, 0.000456643581856, -0.0006684709806, -0.000178249611054, 0.000751595711336, -0.00065702147549, 0.000359714729711, 0.000343918800354, 0.000409397820476], [6.33738891338e-05, 1.15249786177e-05, 0.00141155812889, -0.000668129185215, 0.000235185594647, -0.000661564234179, 0.000591073185205, -0.000101551995613, 0.000348384637618, 0.000367688917322, -0.000553669349756, 0.00088924128795, -0.00076982146129], [-7.19535746612e-05, -0.000328833848471, -0.000668129185215, 0.0033371374011, -0.00254318281077, 0.000215463063796, 6.89010048518e-05, -0.000629811198451, -0.000623423489742, 0.000293376040645, 0.000706873834133, -0.0019373819232, 0.00108490569983], [0.00011411619198, 0.000152785272803, 0.000235185594647, -0.00254318281077, 0.00583064835519, -0.000742815434933, -5.13121085532e-05, -0.000656535150483, -0.000313345750328, 0.000683320569806, -0.00118091516197, 0.000740830670111, -0.001410733792], [-5.50709155505e-05, 0.000456643581856, -0.000661564234179, 0.000215463063796, -0.000742815434933, 0.00395955517888, -0.00194103468675, 0.000389856577385, -0.000687600171659, 0.00084603385767, -0.000649715948384, -0.000172139349161, 0.00137660640758], [2.25074672926e-05, -0.0006684709806, 0.000591073185205, 6.89010048518e-05, -5.13121085532e-05, -0.00194103468675, 0.00600803503767, -0.00191353249829, 0.000576053571422, -0.00163144047838, -0.000585253466852, 0.00145181361586, -0.00208938983269], [-4.26542464993e-05, -0.000178249611054, -0.000101551995613, -0.000629811198451, -0.000656535150483, 0.000389856577385, -0.00191353249829, 0.00710805784911, -0.00294052623212, 0.001051065512, -0.000929175526835, -0.000130972373881, 0.000333572650561], [-6.76212584949e-05, 0.000751595711336, 0.000348384637618, -0.000623423489742, -0.000313345750328, -0.000687600171659, 0.000576053571422, -0.00294052623212, 0.00815386045724, -0.00355821778066, 0.000411848799558, 0.00072537251981, 0.000442170712631], [1.89876245713e-05, -0.00065702147549, 0.000367688917322, 0.000293376040645, 0.000683320569806, 0.00084603385767, -0.00163144047838, 0.001051065512, -0.00355821778066, 0.0105016119778, -0.00343152601272, 0.00254482356831, -0.000636643439066], [-1.1480287867e-06, 0.000359714729711, -0.000553669349756, 0.000706873834133, -0.00118091516197, -0.000649715948384, -0.000585253466852, -0.000929175526835, 0.000411848799558, -0.00343152601272, 0.0109570911154, -0.00579659454525, 0.00250863563269], [9.98012255877e-05, 0.000343918800354, 0.00088924128795, -0.0019373819232, 0.000740830670111, -0.000172139349161, 0.00145181361586, -0.000130972373881, 0.00072537251981, 0.00254482356831, -0.00579659454525, 0.013561449945, -0.00509251467884], [-2.98709128401e-05, 0.000409397820476, -0.00076982146129, 0.00108490569983, -0.001410733792, 0.00137660640758, -0.00208938983269, 0.000333572650561, 0.000442170712631, -0.000636643439066, 0.00250863563269, -0.00509251467884, 0.0117061622441]]
    },
    "spectral_contrast_coeffs": {
        "mean": [-0.722174406052, -0.757788896561, -0.744149029255, -0.780643343925, -0.766286730766, -0.749885737896],
        "stdev": [0.0803556069732, 0.0869047790766, 0.0913221910596, 0.0678891837597, 0.061786994338, 0.0606894940138]
    },
    "spectral_contrast_valleys": {
        "mean": [-7.08246135712, -7.7829079628, -8.40559768677, -8.40749645233, -7.81086969376, -10.4011774063],
        "stdev": [1.47822296619, 1.37015998363, 1.4262765646, 1.44664978981, 1.3694190979, 1.43954277039]
    }
},
"rhythm": {
    "beats_count": 460,
    "beats_loudness": {
        "mean": 0.0383120439947,
        "stdev": 0.0167202185839
    },
    "bpm": 97.9997329712,
    "bpm_histogram_first_peak_bpm": 98,
    "bpm_histogram_first_peak_weight": 0.048034965992,
    "bpm_histogram_second_peak_bpm": 91,
    "bpm_histogram_second_peak_spread": 0,
    "bpm_histogram_second_peak_weight": 0.00217864918523,
    "danceability": 1.24248623848,
    "onset_rate": 5.45677757263,
    "beats_loudness_band_ratio": {
        "mean": [0.500881016254, 0.0860313773155, 0.0924106016755, 0.0951079428196, 0.150902837515, 0.109740428627],
        "stdev": [0.29734569788, 0.0949936956167, 0.0971787720919, 0.101103231311, 0.125771403313, 0.0756603702903]
    },
    "beats_position": [0.592108845711, 1.19582760334, 1.79954648018, 2.41487526894, 3.04181408882, 3.68036270142, 4.34213161469, 4.96907043457, 5.58439922333, 6.19972801208, 6.81505680084, 7.4303855896, 8.04571437836, 8.66104316711, 9.26476192474, 9.86848068237, 10.4838094711, 11.0991382599, 11.7028570175, 12.3297958374, 12.933514595, 13.5372333527, 14.1525621414, 14.7678909302, 15.3832197189, 15.9985485077, 16.6138763428, 17.2292060852, 17.8329238892, 18.4366436005, 19.0519733429, 19.667301178, 20.2826309204, 20.8863487244, 21.5016784668, 22.128616333, 22.7323360443, 23.3360538483, 23.9513835907, 24.5667114258, 25.1820411682, 25.7973690033, 26.4010887146, 27.0280265808, 27.6317462921, 28.2354640961, 28.8391838074, 29.4661216736, 30.081451416, 30.6967792511, 31.3004989624, 31.9158267975, 32.5311546326, 33.1348762512, 33.750202179, 34.3655319214, 34.9692497253, 35.5845794678, 36.1999092102, 36.8152389526, 37.4305648804, 38.034286499, 38.6496124268, 39.2649421692, 39.8802719116, 40.4956016541, 41.099319458, 41.703037262, 42.3183670044, 42.9336967468, 43.5374145508, 44.1527442932, 44.7680702209, 45.3717918396, 45.9871177673, 46.6024475098, 47.2177772522, 47.8331069946, 48.4368247986, 49.0637626648, 49.6674804688, 50.2828102112, 50.8865280151, 51.5018577576, 52.1055755615, 52.720905304, 53.3362350464, 53.9515647888, 54.5668907166, 55.1706123352, 55.7859382629, 56.4012680054, 57.0049858093, 57.6203155518, 58.2356452942, 58.8509750366, 59.4663009644, 60.070022583, 60.673740387, 61.3006782532, 61.9043960571, 62.5197257996, 63.135055542, 63.7503852844, 64.3657150269, 64.9694290161, 65.5731506348, 66.200088501, 66.8038101196, 67.4191360474, 68.0344696045, 68.6497955322, 69.26512146, 69.8688430786, 70.4841690063, 71.0995025635, 71.7032165527, 72.3185501099, 72.9338760376, 73.5492019653, 74.1645355225, 74.7682495117, 75.3835830688, 75.9989089966, 76.6026306152, 77.217956543, 77.8216781616, 78.4370040894, 79.0639419556, 79.6676635742, 80.2713851929, 80.8983230591, 81.5020370483, 82.105758667, 82.7210845947, 83.3364181519, 83.9517440796, 84.5670700073, 85.170791626, 85.7861175537, 86.4014511108, 87.0051651001, 87.6204986572, 88.235824585, 88.8511581421, 89.4664840698, 90.0702056885, 90.6855316162, 91.3008575439, 91.9045791626, 92.5199050903, 93.1352386475, 93.7389526367, 94.3426742554, 94.9580001831, 95.5733337402, 96.188659668, 96.8039855957, 97.4193191528, 98.0346450806, 98.6499786377, 99.2653045654, 99.8690261841, 100.472740173, 101.08807373, 101.703399658, 102.318725586, 102.934059143, 103.537773132, 104.141494751, 104.756820679, 105.372154236, 105.987480164, 106.602806091, 107.218139648, 107.833465576, 108.437187195, 109.040908813, 109.656234741, 110.271560669, 110.875282288, 111.490608215, 112.105941772, 112.7212677, 113.336593628, 113.940315247, 114.555641174, 115.170974731, 115.786300659, 116.401634216, 117.016960144, 117.632286072, 118.23600769, 118.839729309, 119.455055237, 120.070381165, 120.674102783, 121.289428711, 121.904762268, 122.520088196, 123.135414124, 123.739135742, 124.35446167, 124.969795227, 125.573509216, 126.188842773, 126.804168701, 127.419502258, 128.034820557, 128.638549805, 129.253875732, 129.86920166, 130.484527588, 131.088256836, 131.703582764, 132.318908691, 132.934234619, 133.537963867, 134.141677856, 134.768615723, 135.372329712, 135.97605896, 136.591384888, 137.206710815, 137.833648682, 138.437362671, 139.052688599, 139.668029785, 140.271743774, 140.887069702, 141.50239563, 142.117736816, 142.733062744, 143.336776733, 143.952102661, 144.567428589, 145.171157837, 145.774871826, 146.390197754, 147.005523682, 147.620864868, 148.236190796, 148.839904785, 149.455230713, 150.070556641, 150.674285889, 151.289611816, 151.904937744, 152.520263672, 153.135604858, 153.739318848, 154.354644775, 154.969970703, 155.573699951, 156.17741394, 156.804351807, 157.419677734, 158.035003662, 158.63873291, 159.265670776, 159.869384766, 160.473098755, 161.088439941, 161.703765869, 162.319091797, 162.934417725, 163.538131714, 164.1534729, 164.768798828, 165.372512817, 165.987838745, 166.603164673, 167.218505859, 167.833831787, 168.437545776, 169.052871704, 169.656600952, 170.27192688, 170.887252808, 171.502578735, 172.106307983, 172.721633911, 173.336959839, 173.952285767, 174.567611694, 175.171340942, 175.78666687, 176.401992798, 177.017318726, 177.632644653, 178.236373901, 178.840087891, 179.455413818, 180.070739746, 180.686080933, 181.30140686, 181.90512085, 182.508834839, 183.124176025, 183.739501953, 184.354827881, 184.970153809, 185.585479736, 186.200805664, 186.804534912, 187.408248901, 188.023574829, 188.638900757, 189.254241943, 189.869567871, 190.484893799, 191.100219727, 191.703948975, 192.307662964, 192.922988892, 193.538314819, 194.153640747, 194.768981934, 195.384307861, 195.999633789, 196.603347778, 197.207077026, 197.822402954, 198.437728882, 199.05305481, 199.668380737, 200.272109985, 200.887435913, 201.502761841, 202.10647583, 202.721817017, 203.337142944, 203.952468872, 204.5677948, 205.171508789, 205.786849976, 206.402175903, 207.017501831, 207.62121582, 208.224945068, 208.817047119, 209.420761108, 210.036102295, 210.651428223, 211.26675415, 211.882080078, 212.497406006, 213.112747192, 213.72807312, 214.331787109, 214.935501099, 215.550842285, 216.166168213, 216.793106079, 217.408432007, 218.035369873, 218.639083862, 219.24281311, 219.858139038, 220.473464966, 221.088790894, 221.704116821, 222.319458008, 222.934783936, 223.538497925, 224.142211914, 224.757553101, 225.372879028, 225.988204956, 226.603530884, 227.207244873, 227.82258606, 228.437911987, 229.041625977, 229.656951904, 230.272293091, 230.87600708, 231.491333008, 232.106658936, 232.721984863, 233.33732605, 233.941040039, 234.544754028, 235.171691895, 235.775421143, 236.39074707, 237.006072998, 237.609786987, 238.225112915, 238.840454102, 239.455780029, 240.071105957, 240.674819946, 241.278549194, 241.893875122, 242.50920105, 243.124526978, 243.739852905, 244.343582153, 244.97052002, 245.574234009, 246.177947998, 246.793289185, 247.408615112, 248.012329102, 248.616043091, 249.231384277, 249.846710205, 250.462036133, 251.077362061, 251.681091309, 252.296417236, 252.911743164, 253.515457153, 254.130783081, 254.746124268, 255.361450195, 255.976776123, 256.580505371, 257.195831299, 257.811157227, 258.414855957, 259.018585205, 259.64553833, 260.260864258, 260.864562988, 261.479919434, 262.095245361, 262.710571289, 263.31427002, 263.929595947, 264.544952393, 265.148651123, 265.763977051, 266.379302979, 266.994628906, 267.609985352, 268.213684082, 268.81741333, 269.432739258, 270.048065186, 270.651794434, 271.267120361, 271.882446289, 272.497772217, 273.113098145, 273.716827393, 274.33215332, 274.947479248, 275.551208496, 276.166534424, 276.781860352, 277.397186279, 278.000915527, 278.616241455, 279.231567383, 279.846893311, 280.462219238, 281.077545166, 281.692871094],
    "bpm_histogram": [0, 0, 0, 0, 0, 0, 0, 0, 0, 0, 0, 0, 0, 0, 0, 0, 0, 0, 0, 0, 0, 0, 0, 0, 0, 0, 0, 0, 0, 0, 0, 0, 0, 0, 0, 0, 0, 0, 0, 0, 0, 0, 0, 0, 0, 0, 0, 0, 0, 0, 0, 0, 0, 0, 0, 0, 0, 0, 0, 0, 0, 0, 0, 0, 0, 0, 0, 0, 0, 0, 0, 0, 0, 0, 0, 0, 0, 0, 0, 0, 0, 0, 0, 0, 0, 0, 0, 0, 0, 0, 0, 0.00217864918523, 0, 0, 0.00217864918523, 0, 0.0435729846358, 0, 0.647058844566, 0.302832245827, 0, 0.00217864918523, 0, 0, 0, 0, 0, 0, 0, 0, 0, 0, 0, 0, 0, 0, 0, 0, 0, 0, 0, 0, 0, 0, 0, 0, 0, 0, 0, 0, 0, 0, 0, 0, 0, 0, 0, 0, 0, 0, 0, 0, 0, 0, 0, 0, 0, 0, 0, 0, 0, 0, 0, 0, 0, 0, 0, 0, 0, 0, 0, 0, 0, 0, 0, 0, 0, 0, 0, 0, 0, 0, 0, 0, 0, 0, 0, 0, 0, 0, 0, 0, 0, 0, 0, 0, 0, 0, 0, 0, 0, 0, 0, 0, 0, 0, 0, 0, 0, 0, 0, 0, 0, 0, 0, 0, 0, 0, 0, 0, 0, 0, 0, 0, 0, 0, 0, 0, 0, 0, 0, 0, 0, 0, 0, 0, 0, 0, 0, 0, 0, 0, 0, 0, 0, 0, 0, 0, 0, 0, 0, 0, 0, 0, 0, 0, 0, 0, 0, 0]
},
"tonal": {
    "chords_changes_rate": 0.105228543282,
    "chords_number_rate": 0.00180861563422,
    "chords_strength": {
        "mean": 0.464075088501,
        "stdev": 0.10267945379
    },
    "hpcp_crest": {
        "mean": 12.1433010101,
        "stdev": 5.8132147789
    },
    "hpcp_entropy": {
        "mean": 2.18877577782,
        "stdev": 0.734322249889
    },
    "key_edma": {
        "strength": 0.67690628767,
        "key": "G#",
        "scale": "major"
    },
    "key_krumhansl": {
        "strength": 0.686954796314,
        "key": "G#",
        "scale": "major"
    },
    "key_temperley": {
        "strength": 0.702483415604,
        "key": "G#",
        "scale": "major"
    },
    "tuning_diatonic_strength": 0.57326734066,
    "tuning_equal_tempered_deviation": 0.20359005034,
    "tuning_frequency": 434.193115234,
    "tuning_nontempered_energy_ratio": 0.901600122452,
    "hpcp": {
        "mean": [0.16795578599, 0.122683674097, 0.138316676021, 0.221098825336, 0.198077648878, 0.0945127308369, 0.0598104894161, 0.0546207241714, 0.0674637183547, 0.103098124266, 0.102497413754, 0.0938531905413, 0.136027693748, 0.134030506015, 0.0872673392296, 0.0825156792998, 0.0895220637321, 0.113230489194, 0.192830726504, 0.184805959463, 0.102478660643, 0.0870632007718, 0.0829512253404, 0.0921139493585, 0.163039177656, 0.149939209223, 0.0735231637955, 0.0642772167921, 0.0787958651781, 0.107976913452, 0.165000274777, 0.186356976628, 0.157837614417, 0.212661758065, 0.270223706961, 0.228780657053],
        "stdev": [0.280366837978, 0.236361891031, 0.235777288675, 0.331136137247, 0.299023091793, 0.185336589813, 0.154150635004, 0.153171166778, 0.165849685669, 0.214652746916, 0.197031840682, 0.184529855847, 0.245799422264, 0.238781943917, 0.174173057079, 0.173277795315, 0.174512222409, 0.193859472871, 0.279527455568, 0.263907581568, 0.196353241801, 0.187457844615, 0.181991323829, 0.16428604722, 0.237261429429, 0.223020508885, 0.157844886184, 0.158299401402, 0.188503742218, 0.225504383445, 0.272550582886, 0.289291769266, 0.253332167864, 0.29110866785, 0.354288220406, 0.311405360699]
    },
    "chords_histogram": [8.78000640869, 11.4271621704, 19.2206516266, 0.707004249096, 0.279513329268, 0.065767839551, 3.63367319107, 0.739888191223, 6.80697154999, 0.0164419598877, 0, 0, 0, 0, 0.542584657669, 11.3120679855, 1.06872737408, 1.36468267441, 0, 0.197303518653, 0.230187430978, 12.0848407745, 18.5629730225, 2.95955276489],
    "thpcp": [1, 0.846634268761, 0.621543467045, 0.454007804394, 0.511859893799, 0.818206608295, 0.733013570309, 0.349757373333, 0.221336945891, 0.202131509781, 0.249658763409, 0.381528794765, 0.379305779934, 0.347316652536, 0.503389179707, 0.495998322964, 0.322944790125, 0.305360615253, 0.331288725138, 0.41902500391, 0.713596642017, 0.683899879456, 0.379236370325, 0.322189360857, 0.306972414255, 0.340880334377, 0.603348910809, 0.554870665073, 0.272082567215, 0.237866684794, 0.291594952345, 0.399583429098, 0.610606193542, 0.689639627934, 0.584099829197, 0.786984086037],
    "chords_key": "D#",
    "chords_scale": "major"
}
}