{
"metadata": {
    "version": {
        "essentia": "2.1-dev",
        "essentia_git_sha": "v2.1_beta3-415-gd5473f3",
        "extractor": "music 2.0"
    },
    "audio_properties": {
        "analysis": {
            "equal_loudness": 0,
            "length": 362.292236328,
            "sample_rate": 44100,
            "start_time": 0,
            "downmix": "mix"
        },
        "bit_rate": 192000,
        "length": 362.292236328,
        "lossless": 0,
        "number_channels": 2,
        "replay_gain": -7.08152008057,
        "sample_rate": 44100,
        "codec": "mp3",
        "md5_encoded": "39f28fdb1dea8cb15f8b51fa0c6a911d"
    },
    "tags": {
        "file_name": "etta_james-sunday_kind_of_life.mp3",
        "album": ["Heart Of A Woman "],
        "artist": ["Etta James"],
        "date": ["1999"],
        "genre": ["Soul"],
        "title": ["Sunday Kind Of Life"]
    }
},
"lowlevel": {
    "average_loudness": 0.59244954586,
    "barkbands_crest": {
        "mean": 10.5268115997,
        "stdev": 4.12853002548
    },
    "barkbands_flatness_db": {
        "mean": 0.201435789466,
        "stdev": 0.0758364424109
    },
    "barkbands_kurtosis": {
        "mean": 7.37140607834,
        "stdev": 16.6248722076
    },
    "barkbands_skewness": {
        "mean": 1.59521138668,
        "stdev": 1.61332082748
    },
    "barkbands_spread": {
        "mean": 15.2691307068,
        "stdev": 12.7763471603
    },
    "dissonance": {
        "mean": 0.428709954023,
        "stdev": 0.0475485995412
    },
    "dynamic_complexity": 4.510389328,
    "erbbands_crest": {
        "mean": 10.9909477234,
        "stdev": 5.00014591217
    },
    "erbbands_flatness_db": {
        "mean": 0.193620234728,
        "stdev": 0.0560844391584
    },
    "erbbands_kurtosis": {
        "mean": 2.01672387123,
        "stdev": 4.71556186676
    },
    "erbbands_skewness": {
        "mean": 0.592418968678,
        "stdev": 1.00752198696
    },
    "erbbands_spread": {
        "mean": 28.1146907806,
        "stdev": 18.8330879211
    },
    "hfc": {
        "mean": 12.6532821655,
        "stdev": 17.6389827728
    },
    "loudness_ebu128": {
        "integrated": -18.4922046661,
        "loudness_range": 7.55204200745,
        "momentary": {
            "mean": -22.50938797,
            "stdev": 25.1024932861
        },
        "short_term": {
            "mean": -19.8530578613,
            "stdev": 7.15446090698
        }
    },
    "melbands_crest": {
        "mean": 13.6177253723,
        "stdev": 4.63695859909
    },
    "melbands_flatness_db": {
        "mean": 0.288707494736,
        "stdev": 0.105568826199
    },
    "melbands_kurtosis": {
        "mean": 14.6887102127,
        "stdev": 30.7782764435
    },
    "melbands_skewness": {
        "mean": 2.30165600777,
        "stdev": 1.82645606995
    },
    "melbands_spread": {
        "mean": 19.2682800293,
        "stdev": 21.584728241
    },
    "pitch_salience": {
        "mean": 0.522902846336,
        "stdev": 0.111484758556
    },
    "silence_rate_20dB": {
        "mean": 1,
        "stdev": 0
    },
    "silence_rate_30dB": {
        "mean": 0.999295055866,
        "stdev": 0.0265424009413
    },
    "silence_rate_60dB": {
        "mean": 0.0940143540502,
        "stdev": 0.291863203049
    },
    "spectral_centroid": {
        "mean": 1083.32568359,
        "stdev": 1219.15087891
    },
    "spectral_complexity": {
        "mean": 10.1485519409,
        "stdev": 5.72392416
    },
    "spectral_decrease": {
        "mean": -4.20617674024e-09,
        "stdev": 4.01512467718e-09
    },
    "spectral_energy": {
        "mean": 0.0170228481293,
        "stdev": 0.0163363926113
    },
    "spectral_energyband_high": {
        "mean": 0.000237127693254,
        "stdev": 0.00049775937805
    },
    "spectral_energyband_low": {
        "mean": 0.00623587146401,
        "stdev": 0.00883736275136
    },
    "spectral_energyband_middle_high": {
        "mean": 0.00434720190242,
        "stdev": 0.00760237127542
    },
    "spectral_energyband_middle_low": {
        "mean": 0.00671651726589,
        "stdev": 0.00803785957396
    },
    "spectral_entropy": {
        "mean": 6.77914905548,
        "stdev": 0.664057016373
    },
    "spectral_flux": {
        "mean": 0.0548137538135,
        "stdev": 0.0462879575789
    },
    "spectral_kurtosis": {
        "mean": 12.7928647995,
        "stdev": 15.6944160461
    },
    "spectral_rms": {
        "mean": 0.00366669544019,
        "stdev": 0.0017784627853
    },
    "spectral_rolloff": {
        "mean": 1191.0814209,
        "stdev": 2098.66479492
    },
    "spectral_skewness": {
        "mean": 2.44921731949,
        "stdev": 1.31176686287
    },
    "spectral_spread": {
        "mean": 4115919.5,
        "stdev": 4133302.5
    },
    "spectral_strongpeak": {
        "mean": 1.03056120872,
        "stdev": 1.78114235401
    },
    "zerocrossingrate": {
        "mean": 0.0431149452925,
        "stdev": 0.0549399107695
    },
    "barkbands": {
        "mean": [8.9392386144e-05, 0.003995237872, 0.00172676343936, 0.000848663505167, 0.00150519073941, 0.00117975147441, 0.000644565443508, 0.00123611686286, 0.00109405117109, 0.000415658694692, 0.000350148155121, 0.000541538116522, 0.000591746065766, 0.000638430181425, 0.000487517478177, 0.000261501583736, 0.00032380130142, 0.000486422679387, 0.000274814898148, 0.000175062756171, 3.83183505619e-05, 4.57531932625e-05, 2.10942471313e-05, 1.73171119968e-05, 2.20216625166e-05, 9.67640607996e-06, 2.26592965191e-06],
        "stdev": [0.000168889018823, 0.00683074304834, 0.00260704779066, 0.00130997365341, 0.00274870172143, 0.00189857871737, 0.00182407279499, 0.00399403600022, 0.00357313873246, 0.0019158028299, 0.00114531186409, 0.00202411646023, 0.00200053863227, 0.00219384511001, 0.0017219861038, 0.000838103413116, 0.000947318912949, 0.00140382093377, 0.000711339933332, 0.000424421799835, 0.000108218970126, 0.000127644860186, 6.60531586618e-05, 8.31861689221e-05, 6.41094302409e-05, 2.74869762507e-05, 1.06102061181e-05]
    },
    "erbbands": {
        "mean": [0.114882923663, 0.894092917442, 2.04027175903, 2.47047472, 4.0991063118, 4.78522586823, 7.06787776947, 10.0621576309, 8.79705524445, 20.9199409485, 24.8009967804, 25.953950882, 14.3367595673, 11.5577602386, 17.2646903992, 25.1985836029, 28.9356880188, 34.0761680603, 30.0316371918, 18.0518474579, 13.4551019669, 17.9860973358, 22.9368915558, 21.8824138641, 12.8685684204, 8.37792015076, 2.50881099701, 1.76517820358, 1.57626509666, 1.25072515011, 0.522514343262, 0.360588610172, 0.296812653542, 0.266303747892, 0.142424866557, 0.0524645186961, 0.0152413640171, 0.00361792300828, 0.000426836952101, 3.18210841215e-05],
        "stdev": [0.193322628736, 1.58962619305, 3.07448267937, 3.60192537308, 8.2424955368, 8.75460624695, 11.2773666382, 18.0696544647, 18.409696579, 66.1593780518, 80.5571365356, 86.6066207886, 64.1648635864, 49.233631134, 58.945350647, 84.3669586182, 92.3790893555, 105.416908264, 109.875862122, 50.6823043823, 39.8043212891, 51.6446609497, 69.561126709, 56.1092643738, 31.1072711945, 20.5268535614, 6.51355934143, 4.87745571136, 4.17376613617, 3.95739531517, 1.69628417492, 1.90214943886, 1.26952803135, 0.810092866421, 0.431601077318, 0.152657285333, 0.0436416640878, 0.0116340694949, 0.00217684451491, 6.8477835157e-05]
    },
    "gfcc": {
        "mean": [-92.735534668, 128.226989746, -94.596244812, 24.9210567474, -42.5045547485, 5.82569694519, -31.3838157654, 12.3394031525, -20.0836162567, 5.43248844147, -7.96696043015, -1.47274053097, -13.845328331],
        "cov": [[22740.4121094, -1440.28381348, -3590.109375, 959.685180664, -655.466064453, 451.26776123, -671.361206055, 410.746765137, -651.30871582, 304.230773926, -229.848587036, 57.5861701965, -366.218475342], [-1440.28381348, 2514.90478516, 360.203399658, -369.388153076, 227.333312988, -329.154693604, 167.796875, -151.172744751, 201.123291016, -179.472122192, 103.408424377, -156.453811646, 60.6042366028], [-3590.109375, 360.203399658, 1987.85266113, -175.370788574, -40.6307754517, 92.7082519531, 67.6576156616, -44.578540802, 116.210716248, -62.4893455505, -93.5112457275, 22.7545223236, -2.24624061584], [959.685180664, -369.388153076, -175.370788574, 527.97088623, -1.51805317402, 32.2210884094, -68.6878051758, 46.0730667114, 3.0812561512, -4.37229967117, -24.8547077179, 2.19023275375, 42.544757843], [-655.466064453, 227.333312988, -40.6307754517, -1.51805317402, 361.145324707, -45.755317688, 36.5178413391, -18.8578033447, 36.6588783264, -8.13862800598, 8.34124088287, -17.9773635864, 24.6154613495], [451.26776123, -329.154693604, 92.7082519531, 32.2210884094, -45.755317688, 298.927276611, 16.1128005981, -3.5546605587, -45.2604637146, 32.0073928833, -16.4375038147, 14.0278873444, -32.4640045166], [-671.361206055, 167.796875, 67.6576156616, -68.6878051758, 36.5178413391, 16.1128005981, 234.847991943, -16.7151355743, -5.55139636993, -19.2987098694, 23.4723243713, 0.989742696285, -20.8259353638], [410.746765137, -151.172744751, -44.578540802, 46.0730667114, -18.8578033447, -3.5546605587, -16.7151355743, 173.393188477, 12.2977714539, -0.110231518745, -19.3673992157, -6.75125598907, -3.38141584396], [-651.30871582, 201.123291016, 116.210716248, 3.0812561512, 36.6588783264, -45.2604637146, -5.55139636993, 12.2977714539, 158.890213013, -2.16754484177, -18.7323246002, -28.5594444275, 28.122505188], [304.230773926, -179.472122192, -62.4893455505, -4.37229967117, -8.13862800598, 32.0073928833, -19.2987098694, -0.110231518745, -2.16754484177, 124.99193573, 11.9344139099, 5.47944116592, -24.5850982666], [-229.848587036, 103.408424377, -93.5112457275, -24.8547077179, 8.34124088287, -16.4375038147, 23.4723243713, -19.3673992157, -18.7323246002, 11.9344139099, 121.893783569, 14.8732662201, -2.56344652176], [57.5861701965, -156.453811646, 22.7545223236, 2.19023275375, -17.9773635864, 14.0278873444, 0.989742696285, -6.75125598907, -28.5594444275, 5.47944116592, 14.8732662201, 115.105102539, 11.5147333145], [-366.218475342, 60.6042366028, -2.24624061584, 42.544757843, 24.6154613495, -32.4640045166, -20.8259353638, -3.38141584396, 28.122505188, -24.5850982666, -2.56344652176, 11.5147333145, 107.660842896]],
        "icov": [[0.000144774894579, -0.000212005907088, 0.000271036697086, -0.000245482951868, 0.000216065178392, -0.000287638162263, 0.000348481000401, -0.000313802156597, 0.000490422244184, -0.000326673529344, 0.000600561732426, -0.000350993359461, 0.000485026306706], [-0.000212005907088, 0.00116121617611, -0.000501370581333, 0.000780522532295, -0.000554367084987, 0.00101099151652, -0.000806314637884, 0.00101685174741, -0.00142906978726, 0.00143684900831, -0.00168225623202, 0.00150850857608, -0.000886151508894], [0.000271036697086, -0.000501370581333, 0.00113293540198, -0.000300449406495, 0.000527121301275, -0.000879225030076, 0.00057007430587, -0.000481049646623, 0.000426840881119, -0.000381724734325, 0.00165828398895, -0.0010703302687, 0.00101137370802], [-0.000245482951868, 0.000780522532295, -0.000300449406495, 0.00280367210507, -0.000522252928931, 0.000343226420227, -0.000253219768638, 0.00034248130396, -0.00126366212498, 0.00119933416136, -0.00107248779386, 0.00103022053372, -0.00173569272738], [0.000216065178392, -0.000554367084987, 0.000527121301275, -0.000522252928931, 0.00339833763428, -0.000287551840302, 3.64545958291e-05, -0.000276661856333, 0.000370557507267, -0.000814149389043, 0.0010463532526, -0.000429846550105, 0.000187246085261], [-0.000287638162263, 0.00101099151652, -0.000879225030076, 0.000343226420227, -0.000287551840302, 0.00493743969128, -0.00132408551872, 0.00112635549158, -0.00032478038338, 0.00020825957472, -0.00111110601574, 0.00120834598783, -0.000390986184357], [0.000348481000401, -0.000806314637884, 0.00057007430587, -0.000253219768638, 3.64545958291e-05, -0.00132408551872, 0.0057782526128, -0.00080413458636, 0.00137764343526, -4.96778520755e-05, 0.000724707148038, -0.00127941789106, 0.00221902108751], [-0.000313802156597, 0.00101685174741, -0.000481049646623, 0.00034248130396, -0.000276661856333, 0.00112635549158, -0.00080413458636, 0.00719069084153, -0.00215272675268, 0.00144271319732, -0.000947641034145, 0.00145540677477, -0.000598467478994], [0.000490422244184, -0.00142906978726, 0.000426840881119, -0.00126366212498, 0.000370557507267, -0.00032478038338, 0.00137764343526, -0.00215272675268, 0.0102691324428, -0.00295870727859, 0.00339365913533, -1.05891158455e-05, -0.000278985069599], [-0.000326673529344, 0.00143684900831, -0.000381724734325, 0.00119933416136, -0.000814149389043, 0.00020825957472, -4.96778520755e-05, 0.00144271319732, -0.00295870727859, 0.0109913758934, -0.003213085467, 0.00116292969324, 0.000964626611676], [0.000600561732426, -0.00168225623202, 0.00165828398895, -0.00107248779386, 0.0010463532526, -0.00111110601574, 0.000724707148038, -0.000947641034145, 0.00339365913533, -0.003213085467, 0.012610909529, -0.003495862009, 0.00203836685978], [-0.000350993359461, 0.00150850857608, -0.0010703302687, 0.00103022053372, -0.000429846550105, 0.00120834598783, -0.00127941789106, 0.00145540677477, -1.05891158455e-05, 0.00116292969324, -0.003495862009, 0.0117094153538, -0.00327896187082], [0.000485026306706, -0.000886151508894, 0.00101137370802, -0.00173569272738, 0.000187246085261, -0.000390986184357, 0.00221902108751, -0.000598467478994, -0.000278985069599, 0.000964626611676, 0.00203836685978, -0.00327896187082, 0.0130862500519]]
    },
    "melbands": {
        "mean": [0.00107465835754, 0.00112834258471, 0.000487471435918, 0.0003232457384, 0.000245448522037, 0.000225321738981, 0.000132523971843, 0.000244078430114, 0.000216135231312, 0.000150212959852, 6.60180667182e-05, 4.39373325207e-05, 5.03771916556e-05, 5.99297090957e-05, 7.60041439207e-05, 5.03484116052e-05, 6.64332401357e-05, 4.80758717458e-05, 2.9337250453e-05, 2.23849820031e-05, 1.3895200027e-05, 1.72668460436e-05, 2.18407567445e-05, 2.16704647755e-05, 1.74852939381e-05, 9.47084481595e-06, 7.52750065658e-06, 5.22799336977e-06, 1.97013901015e-06, 7.76408228376e-07, 1.0751306263e-06, 9.05465981305e-07, 8.7570543883e-07, 6.02477541634e-07, 3.05283521129e-07, 2.30696684866e-07, 2.0941442358e-07, 1.970749679e-07, 2.17224382482e-07, 2.31981033494e-07],
        "stdev": [0.00182181689888, 0.00170474674087, 0.000680222350638, 0.00067296018824, 0.000357432552846, 0.000384385435609, 0.000292785232887, 0.000787422119174, 0.000703634112142, 0.000499697693158, 0.000317363563227, 0.000210674785194, 0.000167902529938, 0.000223753348109, 0.000237929896684, 0.000175691748154, 0.000224388131755, 0.000195849337615, 9.83554346021e-05, 7.22922704881e-05, 4.56705965917e-05, 5.15413048561e-05, 7.59654649301e-05, 6.91362656653e-05, 4.77310022688e-05, 2.55217692029e-05, 1.8017110051e-05, 1.38693494591e-05, 5.89457658862e-06, 2.77243498203e-06, 3.02280068354e-06, 2.50085963671e-06, 3.08976041197e-06, 1.90906280295e-06, 9.77677700575e-07, 1.06132074507e-06, 1.1841492551e-06, 8.88937961463e-07, 8.65697359131e-07, 7.12604673936e-07]
    },
    "melbands128": {
        "mean": [8.77698039403e-05, 0.000834076083265, 0.00155452126637, 0.00143048923928, 0.00115346140228, 0.00077241595136, 0.0004830750986, 0.00042330470751, 0.000442583754193, 0.000332725816406, 0.000236360239796, 0.000249960023211, 0.000231527897995, 0.000256335886661, 0.000248435593676, 0.000204822441447, 0.000154199224198, 0.000109678956505, 0.000104860468127, 0.000266099406872, 0.000352011527866, 0.000150637410115, 0.000215505293454, 0.000264454050921, 0.00019537442131, 9.56548174145e-05, 6.95304697729e-05, 8.67656126502e-05, 3.02052540064e-05, 5.03129886056e-05, 4.64664954052e-05, 3.60471167369e-05, 4.46871490567e-05, 7.5082971307e-05, 4.38190945715e-05, 6.27782574156e-05, 7.10317326593e-05, 6.8402638135e-05, 9.9472097645e-05, 5.50455151824e-05, 3.66647145711e-05, 3.95528732042e-05, 8.61973821884e-05, 6.98111325619e-05, 3.35365803039e-05, 5.46630981262e-05, 5.326581595e-05, 2.71219996648e-05, 2.12663599086e-05, 2.07005523407e-05, 2.75583188341e-05, 1.76088724402e-05, 1.20804679682e-05, 1.34494639497e-05, 1.54153021867e-05, 1.53116379806e-05, 2.02904575417e-05, 2.45826122409e-05, 2.14792798943e-05, 1.96630098799e-05, 1.72961590579e-05, 2.59581829596e-05, 2.99649309454e-05, 1.03393467725e-05, 6.73578597343e-06, 9.83087738859e-06, 1.12159232231e-05, 8.37204333948e-06, 6.24592303211e-06, 7.24115534467e-06, 4.62502657683e-06, 5.2300047173e-06, 3.49558149537e-06, 1.08228380213e-06, 5.03525427575e-07, 6.25178017799e-07, 1.01983891909e-06, 9.68189056039e-07, 1.25136546103e-06, 9.00454097064e-07, 1.06493530438e-06, 8.4563606606e-07, 6.50935533031e-07, 9.84497205536e-07, 1.03898321413e-06, 5.28510554432e-07, 5.83699318213e-07, 4.10247508853e-07, 2.6825716759e-07, 2.34445479919e-07, 2.56398010379e-07, 1.94961444322e-07, 2.58132047293e-07, 2.13911462765e-07, 1.79164686642e-07, 1.88281347846e-07, 1.89886634416e-07, 2.29299999432e-07, 2.04989262897e-07, 2.27768595096e-07, 2.18270699293e-07, 2.386360336e-07, 2.46536444592e-07, 1.98941890517e-07, 1.54388757778e-07, 1.31897976985e-07, 1.06615175355e-07, 1.144636812e-07, 8.24342052397e-08, 7.79951179197e-08, 6.16084889771e-08, 5.57827668501e-08, 4.41190408651e-08, 3.88700804876e-08, 3.09931635911e-08, 3.33398624264e-08, 2.91365402916e-08, 2.09252224437e-08, 1.54492418858e-08, 1.28220074558e-08, 1.1285415269e-08, 9.07287844853e-09, 3.65078589581e-09, 1.36322481081e-11, 2.35559575318e-12, 2.33282273707e-12, 2.31595580387e-12, 2.29879071507e-12],
        "stdev": [0.000165639008628, 0.00144343124703, 0.00287780142389, 0.00269310199656, 0.00185812218115, 0.00116754509509, 0.000781423819717, 0.000670233275741, 0.000978963566013, 0.00103787728585, 0.000554840604309, 0.000431132182712, 0.000465425750008, 0.000569265743252, 0.000564098358154, 0.000468664598884, 0.000403962505516, 0.000389211752918, 0.000469046120998, 0.0010041090427, 0.00139840517659, 0.000803010480013, 0.00100265513174, 0.00115211273078, 0.000879038765561, 0.000474285829114, 0.000383669917937, 0.00055600219639, 0.000210102240089, 0.000343483843608, 0.000261734385276, 0.000169022910995, 0.000190689243027, 0.000372185488231, 0.000314453413012, 0.000341817212757, 0.000378853525035, 0.000326074165059, 0.0004317748826, 0.000303140026517, 0.00023633116507, 0.000242197245825, 0.000368252454791, 0.000322761072312, 0.000251134217251, 0.00033651618287, 0.000273364566965, 0.00015648297267, 0.000109743377834, 0.000107797575765, 0.000124300990137, 8.70426883921e-05, 7.77646055212e-05, 6.55273033772e-05, 6.66498090141e-05, 7.48455786379e-05, 9.58110904321e-05, 0.000118743657367, 0.000129187275888, 0.000100383498648, 0.000113382680865, 0.000113544439955, 0.000106011175376, 4.82530085719e-05, 3.24269130942e-05, 3.89296947105e-05, 4.22184130002e-05, 3.00166466332e-05, 2.28732187679e-05, 2.58857890003e-05, 1.94908570847e-05, 1.93883061002e-05, 1.3718574337e-05, 5.06256674271e-06, 2.21510890697e-06, 2.69497559202e-06, 5.40621249456e-06, 3.9376109271e-06, 4.42804685008e-06, 2.7944656722e-06, 3.78552567781e-06, 3.11849066748e-06, 2.27686473409e-06, 4.703747436e-06, 4.86136195832e-06, 1.90626269614e-06, 2.25348071581e-06, 1.45866420098e-06, 9.01815440102e-07, 9.29941109007e-07, 1.09551979222e-06, 9.48948297719e-07, 1.76874948465e-06, 1.36538903917e-06, 9.92408104139e-07, 8.9430591288e-07, 9.14214410841e-07, 1.17115234843e-06, 8.9049979124e-07, 9.98324480861e-07, 7.15810301699e-07, 8.87402279659e-07, 8.91643708201e-07, 7.71780491959e-07, 5.441810913e-07, 4.67822985684e-07, 3.7349940385e-07, 3.69199909755e-07, 2.58942122855e-07, 2.36238577145e-07, 1.91888545942e-07, 1.77988113137e-07, 1.33171127459e-07, 1.23616047176e-07, 9.5269292899e-08, 1.04303168769e-07, 9.61152366585e-08, 9.67849658196e-08, 8.36741378407e-08, 7.95918353447e-08, 7.44131440911e-08, 6.51366391935e-08, 2.74507936382e-08, 1.13493714426e-10, 4.4163756853e-12, 4.36155191824e-12, 4.3226234224e-12, 4.29801897198e-12]
    },
    "mfcc": {
        "mean": [-739.107910156, 158.650253296, 11.5054798126, 28.8990039825, 12.001496315, -0.186330318451, 4.28294801712, 3.31032729149, -4.23063468933, 3.18964505196, 10.8909339905, -0.0750641599298, 1.76079189777],
        "cov": [[12093.6679688, -1986.77087402, -2541.76074219, 491.879486084, -74.7968597412, 10.5745306015, 90.1548538208, -17.1974143982, -169.041015625, 47.2616157532, 149.729598999, -253.266738892, 210.703231812], [-1986.77087402, 2469.99511719, 495.033813477, -95.8344039917, 45.1067008972, -59.5320663452, -6.8606595993, 12.1735296249, 16.7289028168, -4.46260213852, 27.1251144409, 110.050666809, -80.486579895], [-2541.76074219, 495.033813477, 1595.17504883, -126.858253479, 35.9822349548, 95.618057251, -32.2603645325, 44.5516166687, 129.121704102, -41.3157730103, -53.6263465881, 119.36832428, -74.4945755005], [491.879486084, -95.8344039917, -126.858253479, 383.262878418, 79.0065917969, -39.6198425293, -20.3126373291, 12.3797531128, 38.0200767517, -0.704352498055, -34.5431938171, 8.03522109985, 22.5464782715], [-74.7968597412, 45.1067008972, 35.9822349548, 79.0065917969, 285.313995361, -10.2056455612, -41.9724655151, -4.10162973404, 50.0010566711, 13.6408729553, -19.1564826965, -8.32863998413, -2.70002603531], [10.5745306015, -59.5320663452, 95.618057251, -39.6198425293, -10.2056455612, 239.859283447, 55.3687858582, -0.890024900436, -0.84299325943, -8.42793369293, 15.86414814, -3.11975812912, -22.165391922], [90.1548538208, -6.8606595993, -32.2603645325, -20.3126373291, -41.9724655151, 55.3687858582, 188.470062256, 39.3059921265, -47.0481300354, 7.87364387512, 25.5427856445, -19.208990097, 3.10730338097], [-17.1974143982, 12.1735296249, 44.5516166687, 12.3797531128, -4.10162973404, -0.890024900436, 39.3059921265, 132.49395752, 27.5609226227, -17.0477104187, -2.14801549911, 4.43843412399, 4.37535810471], [-169.041015625, 16.7289028168, 129.121704102, 38.0200767517, 50.0010566711, -0.84299325943, -47.0481300354, 27.5609226227, 163.677871704, 16.3233604431, -30.6187267303, 13.6837520599, -9.2137928009], [47.2616157532, -4.46260213852, -41.3157730103, -0.704352498055, 13.6408729553, -8.42793369293, 7.87364387512, -17.0477104187, 16.3233604431, 125.894584656, 37.9854888916, -21.2001590729, -9.88742351532], [149.729598999, 27.1251144409, -53.6263465881, -34.5431938171, -19.1564826965, 15.86414814, 25.5427856445, -2.14801549911, -30.6187267303, 37.9854888916, 125.530319214, 5.64251804352, -10.7393312454], [-253.266738892, 110.050666809, 119.36832428, 8.03522109985, -8.32863998413, -3.11975812912, -19.208990097, 4.43843412399, 13.6837520599, -21.2001590729, 5.64251804352, 117.32901001, 14.6386604309], [210.703231812, -80.486579895, -74.4945755005, 22.5464782715, -2.70002603531, -22.165391922, 3.10730338097, 4.37535810471, -9.2137928009, -9.88742351532, -10.7393312454, 14.6386604309, 112.063919067]],
        "icov": [[0.000144152581925, 6.40631478745e-05, 0.000190449383808, -0.000126683415147, 3.09701645165e-05, -8.62175947987e-05, 1.66565168911e-05, -3.24340871884e-05, -3.07861228066e-05, 5.88036164118e-05, -0.000167605336173, 0.000106574785605, -0.000115764945804], [6.40631478745e-05, 0.000496170832776, -2.89277631964e-05, 4.01201905333e-05, -0.000104427250335, 0.000189057100215, -9.61773912422e-05, -1.31244587465e-05, 5.00103669765e-05, 1.73947573785e-05, -0.000158656344865, -0.00034837712883, 0.000282613531454], [0.000190449383808, -2.89277631964e-05, 0.00110556837171, 0.000158804003149, -5.62273671676e-05, -0.00042872861377, 2.91403794108e-05, -0.000221718932153, -0.000553960271645, 0.000161829681019, 0.000203685980523, -0.000655488984194, 0.000319688144373], [-0.000126683415147, 4.01201905333e-05, 0.000158804003149, 0.00319407810457, -0.000820755842142, 0.000396118877688, -0.000138130460982, -0.000218991641304, -0.000518892076798, -0.00011427357822, 0.000873811310157, -0.000746810401324, -7.05523198121e-05], [3.09701645165e-05, -0.000104427250335, -5.62273671676e-05, -0.000820755842142, 0.0040421471931, -0.000147030616063, 0.000671476766001, 0.000142593329656, -0.000806731055491, -0.000323338288581, 9.39201199799e-05, 0.000714459107257, -0.00014054098574], [-8.62175947987e-05, 0.000189057100215, -0.00042872861377, 0.000396118877688, -0.000147030616063, 0.0050105927512, -0.00177135982085, 0.000816357671283, -0.00057537999237, 0.000794301333372, -0.00059532711748, -2.640099774e-05, 0.000907126290258], [1.66565168911e-05, -9.61773912422e-05, 2.91403794108e-05, -0.000138130460982, 0.000671476766001, -0.00177135982085, 0.00733228540048, -0.00279089529067, 0.00230140704662, -0.00105932215229, -0.000451519357739, 0.00104504451156, -0.000565785216168], [-3.24340871884e-05, -1.31244587465e-05, -0.000221718932153, -0.000218991641304, 0.000142593329656, 0.000816357671283, -0.00279089529067, 0.00925526302308, -0.00256232125685, 0.00195156037807, -0.000715221569408, 0.000130308661028, -0.000294886354823], [-3.07861228066e-05, 5.00103669765e-05, -0.000553960271645, -0.000518892076798, -0.000806731055491, -0.00057537999237, 0.00230140704662, -0.00256232125685, 0.008674624376, -0.00242612254806, 0.00201097945683, -0.000724686891772, 0.000519483408425], [5.88036164118e-05, 1.73947573785e-05, 0.000161829681019, -0.00011427357822, -0.000323338288581, 0.000794301333372, -0.00105932215229, 0.00195156037807, -0.00242612254806, 0.0101660033688, -0.00367466360331, 0.00197351491079, 0.000222519549425], [-0.000167605336173, -0.000158656344865, 0.000203685980523, 0.000873811310157, 9.39201199799e-05, -0.00059532711748, -0.000451519357739, -0.000715221569408, 0.00201097945683, -0.00367466360331, 0.0104966275394, -0.00208982173353, 0.00120576214977], [0.000106574785605, -0.00034837712883, -0.000655488984194, -0.000746810401324, 0.000714459107257, -2.640099774e-05, 0.00104504451156, 0.000130308661028, -0.000724686891772, 0.00197351491079, -0.00208982173353, 0.0108375977725, -0.00225957343355], [-0.000115764945804, 0.000282613531454, 0.000319688144373, -7.05523198121e-05, -0.00014054098574, 0.000907126290258, -0.000565785216168, -0.000294886354823, 0.000519483408425, 0.000222519549425, 0.00120576214977, -0.00225957343355, 0.0102471234277]]
    },
    "spectral_contrast_coeffs": {
        "mean": [-0.754432201385, -0.712200880051, -0.723861217499, -0.737359583378, -0.746291935444, -0.791679739952],
        "stdev": [0.0623523294926, 0.0879203528166, 0.0939477980137, 0.0964403301477, 0.0942157134414, 0.0584104433656]
    },
    "spectral_contrast_valleys": {
        "mean": [-6.90126943588, -7.56544828415, -8.9280128479, -9.33677196503, -9.41034030914, -11.8407726288],
        "stdev": [2.21990776062, 2.16795372963, 2.0606982708, 2.08614587784, 2.14346385002, 2.01882481575]
    }
},
"rhythm": {
    "beats_count": 900,
    "beats_loudness": {
        "mean": 0.0232037249953,
        "stdev": 0.0184779856354
    },
    "bpm": 152.411254883,
    "bpm_histogram_first_peak_bpm": 152,
    "bpm_histogram_first_peak_weight": 0.300191223621,
    "bpm_histogram_second_peak_bpm": 157,
    "bpm_histogram_second_peak_spread": 0.198501884937,
    "bpm_histogram_second_peak_weight": 0.238042265177,
    "danceability": 1.10409653187,
    "onset_rate": 3.35621809959,
    "beats_loudness_band_ratio": {
        "mean": [0.517022848129, 0.168059453368, 0.150000154972, 0.0941095203161, 0.0759724825621, 0.032093282789],
        "stdev": [0.26957410574, 0.130136787891, 0.147079512477, 0.136879459023, 0.121033124626, 0.0416210368276]
    },
