{
"metadata": {
    "version": {
        "essentia": "2.1-dev",
        "essentia_git_sha": "v2.1_beta3-415-gd5473f3",
        "extractor": "music 2.0"
    },
    "audio_properties": {
        "analysis": {
            "equal_loudness": 0,
            "length": 275.905303955,
            "sample_rate": 44100,
            "start_time": 0,
            "downmix": "mix"
        },
        "bit_rate": 192000,
        "length": 275.905303955,
        "lossless": 0,
        "number_channels": 2,
        "replay_gain": -9.64921951294,
        "sample_rate": 44100,
        "codec": "mp3",
        "md5_encoded": "ec0a799b4dbce4d2bb74b3fe23ba6a33"
    },
    "tags": {
        "file_name": "gladys_knight_and_the_pips-midnight_train_to_georgia.mp3",
        "album": ["                              "],
        "artist": ["Gladys Knight and the Pips    "],
        "date": ["    "],
        "genre": ["Soul"],
        "title": ["Midnight Train To Georgia'    "]
    }
},
"lowlevel": {
    "average_loudness": 0.892013728619,
    "barkbands_crest": {
        "mean": 11.7038583755,
        "stdev": 4.26856613159
    },
    "barkbands_flatness_db": {
        "mean": 0.166885539889,
        "stdev": 0.0640347599983
    },
    "barkbands_kurtosis": {
        "mean": 7.99976873398,
        "stdev": 14.0073804855
    },
    "barkbands_skewness": {
        "mean": 1.85691833496,
        "stdev": 1.71915245056
    },
    "barkbands_spread": {
        "mean": 20.3723392487,
        "stdev": 14.4850292206
    },
    "dissonance": {
        "mean": 0.452224165201,
        "stdev": 0.0366725958884
    },
    "dynamic_complexity": 4.00395202637,
    "erbbands_crest": {
        "mean": 9.95542049408,
        "stdev": 5.55473661423
    },
    "erbbands_flatness_db": {
        "mean": 0.162173032761,
        "stdev": 0.0522199831903
    },
    "erbbands_kurtosis": {
        "mean": 1.32768344879,
        "stdev": 4.34190797806
    },
    "erbbands_skewness": {
        "mean": 0.453862220049,
        "stdev": 0.989613294601
    },
    "erbbands_spread": {
        "mean": 43.1254615784,
        "stdev": 24.6385765076
    },
    "hfc": {
        "mean": 18.851102829,
        "stdev": 24.8939323425
    },
    "loudness_ebu128": {
        "integrated": -14.2905426025,
        "loudness_range": 4.11504364014,
        "momentary": {
            "mean": -18.0725078583,
            "stdev": 27.2768249512
        },
        "short_term": {
            "mean": -15.3098964691,
            "stdev": 6.06403112411
        }
    },
    "melbands_crest": {
        "mean": 15.0962457657,
        "stdev": 4.85923576355
    },
    "melbands_flatness_db": {
        "mean": 0.228839635849,
        "stdev": 0.0848516300321
    },
    "melbands_kurtosis": {
        "mean": 22.8219852448,
        "stdev": 31.0813789368
    },
    "melbands_skewness": {
        "mean": 3.1454603672,
        "stdev": 2.3176472187
    },
    "melbands_spread": {
        "mean": 22.357755661,
        "stdev": 23.465297699
    },
    "pitch_salience": {
        "mean": 0.499405026436,
        "stdev": 0.117820136249
    },
    "silence_rate_20dB": {
        "mean": 1,
        "stdev": 0
    },
    "silence_rate_30dB": {
        "mean": 1,
        "stdev": 0
    },
    "silence_rate_60dB": {
        "mean": 0.0573880858719,
        "stdev": 0.232586845756
    },
    "spectral_centroid": {
        "mean": 1347.77856445,
        "stdev": 1201.76843262
    },
    "spectral_complexity": {
        "mean": 12.3864860535,
        "stdev": 6.34424877167
    },
    "spectral_decrease": {
        "mean": -5.85331250136e-09,
        "stdev": 4.04201827564e-09
    },
    "spectral_energy": {
        "mean": 0.0238016359508,
        "stdev": 0.0166802108288
    },
    "spectral_energyband_high": {
        "mean": 0.00076620595064,
        "stdev": 0.00229018065147
    },
    "spectral_energyband_low": {
        "mean": 0.00905469618738,
        "stdev": 0.00670026428998
    },
    "spectral_energyband_middle_high": {
        "mean": 0.00661380030215,
        "stdev": 0.0120176579803
    },
    "spectral_energyband_middle_low": {
        "mean": 0.00839986931533,
        "stdev": 0.0104037988931
    },
    "spectral_entropy": {
        "mean": 7.44973087311,
        "stdev": 0.579764842987
    },
    "spectral_flux": {
        "mean": 0.0773696154356,
        "stdev": 0.0531609877944
    },
    "spectral_kurtosis": {
        "mean": 3.96060085297,
        "stdev": 6.32938432693
    },
    "spectral_rms": {
        "mean": 0.0044874236919,
        "stdev": 0.00175615609623
    },
    "spectral_rolloff": {
        "mean": 1316.54724121,
        "stdev": 2252.25830078
    },
    "spectral_skewness": {
        "mean": 1.44326376915,
        "stdev": 0.658224284649
    },
    "spectral_spread": {
        "mean": 5124042,
        "stdev": 3999687.25
    },
    "spectral_strongpeak": {
        "mean": 1.16662371159,
        "stdev": 1.98520898819
    },
    "zerocrossingrate": {
        "mean": 0.0579008534551,
        "stdev": 0.0583698935807
    },
    "barkbands": {
        "mean": [0.000102598132798, 0.00528079178184, 0.00293979956768, 0.00151671213098, 0.00171745603438, 0.00141740660183, 0.00101309618913, 0.000989124295302, 0.00126769696362, 0.00195160042495, 0.000620797625743, 0.000665421655867, 0.000720042269677, 0.00113149371464, 0.000475079315947, 0.000402795500122, 0.000240691340878, 0.000327323388774, 0.00018940375594, 0.00012911867816, 0.000138717499794, 0.000164298995514, 0.000192972147488, 0.000136482834932, 5.98063306825e-05, 1.07361083792e-05, 1.67902257431e-07],
        "stdev": [0.00014327208919, 0.00420431606472, 0.00361812766641, 0.00332441553473, 0.00282917800359, 0.00343298050575, 0.00293806777336, 0.0031589907594, 0.00534449284896, 0.00696339085698, 0.00319408159703, 0.00267803645693, 0.00326278875582, 0.00434383144602, 0.00185231212527, 0.00164300692268, 0.000797481101472, 0.000856278813444, 0.000569651310798, 0.000334874173859, 0.000341801409377, 0.000571680022404, 0.00078533240594, 0.000611269439105, 0.000314383680234, 3.77214309992e-05, 7.30677925276e-07]
    },
    "erbbands": {
        "mean": [0.129224687815, 1.26805734634, 3.38225507736, 4.31707668304, 5.27812242508, 5.73836135864, 8.66788101196, 12.4740562439, 15.3825902939, 15.3590698242, 22.6991577148, 29.6970405579, 53.2070655823, 44.4327812195, 24.6992912292, 25.2351436615, 32.3598022461, 40.663684845, 50.992641449, 22.4054775238, 19.603925705, 14.3376607895, 18.9786891937, 11.5471782684, 8.39308929443, 5.57695674896, 5.67603254318, 5.44888067245, 5.50249958038, 6.34960126877, 5.33309555054, 3.40005278587, 2.02444505692, 0.993683159351, 0.249525055289, 0.0639129728079, 0.0175244547427, 0.00162154145073, 5.26074582012e-05, 3.14062781399e-05],
        "stdev": [0.109604425728, 1.07801103592, 3.59539628029, 6.19902133942, 10.8386440277, 9.74342918396, 18.8300762177, 33.0391464233, 44.449016571, 41.3324890137, 72.618347168, 124.688613892, 179.795272827, 164.290008545, 101.466415405, 93.731590271, 133.847518921, 146.706161499, 190.956619263, 69.3417358398, 74.6070556641, 38.7842178345, 50.4559936523, 35.1368141174, 18.5133972168, 13.7448740005, 16.7300567627, 12.909485817, 17.7880687714, 25.6801376343, 22.5281028748, 14.3161697388, 9.81888103485, 5.10336828232, 1.32623016834, 0.274896413088, 0.0550421215594, 0.0050076902844, 0.00012508360669, 2.73086643574e-05]
    },
    "gfcc": {
        "mean": [-42.1753349304, 104.171974182, -110.957862854, 50.0733604431, -57.8930244446, 21.5394172668, -33.3493232727, 9.22493648529, -10.8538713455, 1.77883899212, -9.18235778809, -3.89428973198, -8.22356128693],
        "cov": [[20913.6640625, -58.4515686035, -2009.09204102, 465.774505615, -1265.26757812, 725.850769043, -748.906677246, 371.603088379, -362.39666748, 62.1635932922, -329.898040771, 45.7935562134, -316.901245117], [-58.4515686035, 1502.53369141, -88.4582901001, -10.0950145721, 342.175445557, -241.368148804, 241.474609375, -169.35899353, 109.203903198, -142.551834106, 142.147079468, -132.433700562, 117.241638184], [-2009.09204102, -88.4582901001, 1120.46228027, 210.078186035, 23.756734848, -72.1028289795, -40.8368301392, -55.831829071, -10.9571838379, 22.6991348267, -81.6069107056, 20.2876529694, -29.2883052826], [465.774505615, -10.0950145721, 210.078186035, 440.775360107, -10.0903587341, -60.4128684998, -102.674468994, -25.9851646423, 37.5696716309, 9.2845697403, -34.9090576172, -27.9945487976, 7.97804117203], [-1265.26757812, 342.175445557, 23.756734848, -10.0903587341, 422.991882324, -59.4270896912, 121.468597412, -65.9395370483, 44.6042976379, -7.23334884644, 53.3623123169, -38.0709953308, 36.3218727112], [725.850769043, -241.368148804, -72.1028289795, -60.4128684998, -59.4270896912, 279.658599854, 22.9391727448, 57.2283210754, -44.0735702515, 19.5402488708, -14.4254274368, 14.1625747681, -40.7115592957], [-748.906677246, 241.474609375, -40.8368301392, -102.674468994, 121.468597412, 22.9391727448, 288.297576904, -3.30078148842, 2.23408555984, -20.8736724854, 45.0393371582, -18.9803218842, 23.2390213013], [371.603088379, -169.35899353, -55.831829071, -25.9851646423, -65.9395370483, 57.2283210754, -3.30078148842, 181.422164917, 26.0339832306, 28.5359458923, -13.8079452515, 20.3127059937, -20.4034175873], [-362.39666748, 109.203903198, -10.9571838379, 37.5696716309, 44.6042976379, -44.0735702515, 2.23408555984, 26.0339832306, 154.391815186, 16.6725196838, 32.085018158, -17.486661911, 26.7677593231], [62.1635932922, -142.551834106, 22.6991348267, 9.2845697403, -7.23334884644, 19.5402488708, -20.8736724854, 28.5359458923, 16.6725196838, 143.205368042, 8.85650730133, 17.7957420349, -29.5346508026], [-329.898040771, 142.147079468, -81.6069107056, -34.9090576172, 53.3623123169, -14.4254274368, 45.0393371582, -13.8079452515, 32.085018158, 8.85650730133, 136.724716187, 11.5088977814, 26.1162033081], [45.7935562134, -132.433700562, 20.2876529694, -27.9945487976, -38.0709953308, 14.1625747681, -18.9803218842, 20.3127059937, -17.486661911, 17.7957420349, 11.5088977814, 107.327171326, 12.1970491409], [-316.901245117, 117.241638184, -29.2883052826, 7.97804117203, 36.3218727112, -40.7115592957, 23.2390213013, -20.4034175873, 26.7677593231, -29.5346508026, 26.1162033081, 12.1970491409, 112.312591553]],
        "icov": [[0.000176130066393, -0.000414359063143, 0.000375087663997, -0.000371949747205, 0.000420306489104, -0.000509984034579, 0.000432891218225, -0.000260266620899, 0.000418019801145, -0.000275465252344, 0.000482910196297, -0.000390404864447, 0.000354145566234], [-0.000414359063143, 0.00238395435736, -0.000822171801701, 0.000869404349942, -0.00140796892811, 0.00198775297031, -0.00176557572559, 0.00122417497914, -0.00145924894605, 0.00158251309767, -0.001991920406, 0.00204077106901, -0.00116481841542], [0.000375087663997, -0.000822171801701, 0.0018874934176, -0.00129070796538, 0.000766520155594, -0.000826665840577, 0.000711549073458, -0.000189623562619, 0.000848967698403, -0.000696559436619, 0.00165936176199, -0.00138006382622, 0.00114978395868], [-0.000371949747205, 0.000869404349942, -0.00129070796538, 0.00371347717009, -0.000865557754878, 0.00127128174063, 8.11022036942e-05, 0.000755207845941, -0.00147523940541, 0.00036627726513, -0.000683051010128, 0.00175835844129, -0.0012804743601], [0.000420306489104, -0.00140796892811, 0.000766520155594, -0.000865557754878, 0.00427724653855, -0.00111005699728, 5.71935379412e-05, 0.000153622968355, 0.000470253406093, -0.0012269144645, 0.000827139243484, -0.000516749219969, 0.000576571852434], [-0.000509984034579, 0.00198775297031, -0.000826665840577, 0.00127128174063, -0.00111005699728, 0.00632060831413, -0.00223999191076, -2.33051177929e-05, -0.000357563985744, 0.000935466610827, -0.00170709239319, 0.00152516167145, -0.000147934610141], [0.000432891218225, -0.00176557572559, 0.000711549073458, 8.11022036942e-05, 5.71935379412e-05, -0.00223999191076, 0.00613998249173, -0.00147364404984, 0.00166445458308, -0.00068603962427, 0.00054799875943, -0.000495428510476, 0.000224959105253], [-0.000260266620899, 0.00122417497914, -0.000189623562619, 0.000755207845941, 0.000153622968355, -2.33051177929e-05, -0.00147364404984, 0.00780877331272, -0.00314480485395, 2.89739055006e-05, 9.7146104963e-05, -0.000391275068978, 0.000327047426254], [0.000418019801145, -0.00145924894605, 0.000848967698403, -0.00147523940541, 0.000470253406093, -0.000357563985744, 0.00166445458308, -0.00314480485395, 0.00975694041699, -0.00213692244142, -0.000444262375822, 0.000687668274622, -0.00102715298999], [-0.000275465252344, 0.00158251309767, -0.000696559436619, 0.00036627726513, -0.0012269144645, 0.000935466610827, -0.00068603962427, 2.89739055006e-05, -0.00213692244142, 0.00924078933895, -0.00223421002738, -0.00022535455355, 0.00172953994479], [0.000482910196297, -0.001991920406, 0.00165936176199, -0.000683051010128, 0.000827139243484, -0.00170709239319, 0.00054799875943, 9.7146104963e-05, -0.000444262375822, -0.00223421002738, 0.0111898640171, -0.00348724634387, 0.000236200736254], [-0.000390404864447, 0.00204077106901, -0.00138006382622, 0.00175835844129, -0.000516749219969, 0.00152516167145, -0.000495428510476, -0.000391275068978, 0.000687668274622, -0.00022535455355, -0.00348724634387, 0.0132808806375, -0.00381984957494], [0.000354145566234, -0.00116481841542, 0.00114978395868, -0.0012804743601, 0.000576571852434, -0.000147934610141, 0.000224959105253, 0.000327047426254, -0.00102715298999, 0.00172953994479, 0.000236200736254, -0.00381984957494, 0.0123420152813]]
    },
    "melbands": {
        "mean": [0.001329558203, 0.00178904051427, 0.000812800950371, 0.000386919535231, 0.000296557293041, 0.00028540295898, 0.000223948532948, 0.000184198390343, 0.000188625330338, 0.00018462150183, 0.000277683866443, 0.000199305228307, 8.23419977678e-05, 6.98631411069e-05, 7.32974149287e-05, 6.78444921505e-05, 8.0682701082e-05, 0.000101298006484, 3.09535353153e-05, 3.05623907479e-05, 2.03222152777e-05, 1.47068212755e-05, 1.62295527844e-05, 1.4969458789e-05, 8.87209625944e-06, 6.53911411064e-06, 5.3347089306e-06, 3.32630202138e-06, 3.73538478016e-06, 3.26731492351e-06, 3.0023149975e-06, 2.95739641842e-06, 3.43402666658e-06, 3.53860832547e-06, 3.16081286655e-06, 2.64482355306e-06, 1.85655665064e-06, 1.43942224895e-06, 1.18704372198e-06, 7.17883494872e-07],
        "stdev": [0.00103186734486, 0.00158992910292, 0.00127475871705, 0.000658014439978, 0.000579627114348, 0.000712912355084, 0.000626159249805, 0.000506565032993, 0.000643147621304, 0.000803375500254, 0.00095930165844, 0.000752278603613, 0.00038179877447, 0.00031486430089, 0.000341975013725, 0.000330690352712, 0.000326960871462, 0.000405612227041, 0.000111584886326, 0.000130616303068, 8.50334108691e-05, 4.79396439914e-05, 4.94452251587e-05, 4.26087208325e-05, 3.18388738378e-05, 1.79172475328e-05, 1.51849253598e-05, 9.65884191828e-06, 1.20967906696e-05, 8.04336468718e-06, 7.65711502027e-06, 9.26816665014e-06, 1.3682350982e-05, 1.447678369e-05, 1.30693397296e-05, 1.1749623809e-05, 8.18160151539e-06, 7.05641559762e-06, 6.12880603512e-06, 3.83412498195e-06]
    },
    "melbands128": {
        "mean": [8.99650040083e-05, 0.000855501100887, 0.00190766341984, 0.00214130384848, 0.00188487465493, 0.00134180311579, 0.000853324541822, 0.000766573823057, 0.000511787366122, 0.000362701655831, 0.000310454459395, 0.000291058357107, 0.000297894293908, 0.000299807521515, 0.000285410700599, 0.000260468950728, 0.000317119789543, 0.000200191701879, 0.000172825588379, 0.000131752691232, 0.000234465900576, 0.00021906766051, 0.000158403272508, 0.000185932120075, 0.000201313989237, 0.000178606089321, 0.000157017086167, 0.000279344909359, 0.000423540041083, 0.000229448691243, 0.000127100080135, 0.000112275680294, 6.37527264189e-05, 7.05121492501e-05, 9.91387641989e-05, 5.18963461218e-05, 5.54123289476e-05, 9.05460765352e-05, 6.96755669196e-05, 6.70697481837e-05, 8.5097446572e-05, 4.39517352788e-05, 4.66842247988e-05, 0.000112248897494, 0.000164438344655, 9.71132030827e-05, 3.17217163683e-05, 3.58427751053e-05, 2.56271687249e-05, 2.43851736741e-05, 3.62638093065e-05, 3.16799705615e-05, 2.06326458283e-05, 1.63046915986e-05, 1.67156522366e-05, 1.58929378813e-05, 1.13796986625e-05, 1.15749571705e-05, 2.00805498025e-05, 2.18911900447e-05, 1.5143516066e-05, 1.00103179648e-05, 7.52683808969e-06, 9.6003032013e-06, 9.48268007051e-06, 5.59575983061e-06, 4.80529888591e-06, 7.43158489058e-06, 5.25514178662e-06, 3.15399302053e-06, 2.82834821519e-06, 3.64125912711e-06, 4.11862447436e-06, 3.93008713218e-06, 3.00879446513e-06, 2.90019829663e-06, 3.74982073481e-06, 3.45386979461e-06, 2.75241836789e-06, 2.66005190497e-06, 2.92126856039e-06, 3.03435990645e-06, 3.18282536682e-06, 3.33780189976e-06, 3.85185330742e-06, 3.63292701877e-06, 3.4136010072e-06, 3.39240637004e-06, 3.18956108458e-06, 2.94650612886e-06, 2.92322692985e-06, 2.59917737822e-06, 2.13084058487e-06, 1.8770222141e-06, 1.68737199147e-06, 1.42588351082e-06, 1.43630734328e-06, 1.38129541938e-06, 1.22556912174e-06, 1.07732000743e-06, 9.41629252793e-07, 6.3807431161e-07, 4.86431588342e-07, 3.83995853781e-07, 2.28832874427e-07, 1.74451002977e-07, 1.36892339242e-07, 1.14540696927e-07, 9.85557164768e-08, 8.77348753647e-08, 9.27603736045e-08, 8.43001402018e-08, 4.53108128795e-08, 2.93249726724e-08, 2.35235138035e-08, 1.67702172149e-08, 6.87157442059e-09, 5.65235691585e-10, 4.96876151335e-12, 6.84138639837e-12, 5.74872007636e-12, 3.39489959582e-12, 1.27064496078e-11, 6.65405994194e-11, 6.6182545555e-11, 2.9607295348e-12, 2.90403465164e-12, 2.88470939844e-12],
        "stdev": [0.00013877080346, 0.000906139728613, 0.00170297187287, 0.00211804220453, 0.00200242223218, 0.00174405938014, 0.00121093378402, 0.00193695886992, 0.00117033091374, 0.000736089656129, 0.000672630558256, 0.000637947057839, 0.000746408244595, 0.000992650282569, 0.000968589854892, 0.000915084558073, 0.00115707737859, 0.000710237305611, 0.000739108189009, 0.00052578287432, 0.000835742626805, 0.000883477856405, 0.000847158778924, 0.0010835067369, 0.00122065027244, 0.0011021863902, 0.00110332656186, 0.00122876861133, 0.00184175325558, 0.0012307963334, 0.000783097464591, 0.000789272366092, 0.000500174239278, 0.000470911618322, 0.000619358092081, 0.000375509203877, 0.00033523447928, 0.000529685989022, 0.000518402957823, 0.000405882427003, 0.000599332619458, 0.000324645108776, 0.000340235070325, 0.000623237865511, 0.000789071433246, 0.000572061457206, 0.000202941577299, 0.000173780717887, 0.000139270225191, 0.000137296068715, 0.000206843338674, 0.000215175969061, 0.000131455162773, 0.000101126737718, 0.000106951076305, 6.27413828624e-05, 5.10885474796e-05, 6.36051772744e-05, 8.56289771036e-05, 8.24973249109e-05, 6.56529009575e-05, 4.60151350126e-05, 3.32793897542e-05, 5.58465362701e-05, 4.70661798317e-05, 2.09998524952e-05, 1.69428967638e-05, 2.30727309827e-05, 2.34932522289e-05, 1.66493828146e-05, 1.17879508252e-05, 1.50518426381e-05, 1.7585734895e-05, 1.70545590663e-05, 1.69660743268e-05, 9.3744156402e-06, 1.00594616015e-05, 1.06436209535e-05, 8.29051168694e-06, 7.53717222324e-06, 9.12207633519e-06, 1.12417801574e-05, 1.31021743073e-05, 1.37782371894e-05, 1.80723309313e-05, 1.77480997081e-05, 1.46425518324e-05, 1.29177524286e-05, 1.35601485454e-05, 1.54921035573e-05, 1.53037181008e-05, 1.112443897e-05, 9.14084193937e-06, 8.62579327077e-06, 8.48049057822e-06, 7.35090543458e-06, 6.91920195095e-06, 8.00855377747e-06, 6.63278206048e-06, 6.11022687735e-06, 4.88922069053e-06, 3.68692712982e-06, 2.7851269806e-06, 2.05261790143e-06, 1.38847610742e-06, 1.03768411464e-06, 7.22995196156e-07, 6.09510664162e-07, 4.60436439198e-07, 3.26599746359e-07, 3.16467975381e-07, 2.71852940159e-07, 1.45964861531e-07, 1.01534070041e-07, 7.90308902765e-08, 5.73278491345e-08, 2.77931206938e-08, 3.56011509162e-09, 1.11542289294e-10, 3.08166964169e-10, 1.90738189132e-10, 2.96413241174e-11, 7.48296979936e-10, 4.89574958351e-09, 5.46982104055e-09, 5.72644362484e-12, 4.76601050292e-12, 4.73914657517e-12]
    },
    "mfcc": {
        "mean": [-673.777526855, 118.171165466, 13.9359903336, 29.421585083, 8.90104103088, 11.6291427612, -2.56772422791, 6.96016836166, 1.07945644855, 8.39505195618, 4.3401017189, 1.75231730938, -2.34747338295],
        "cov": [[9040.68554688, -518.514831543, -411.468994141, -393.37789917, -210.391906738, -25.4145374298, -181.994125366, 175.995742798, -73.6415557861, 61.4261398315, 39.0861129761, -48.8113288879, -118.810882568], [-518.514831543, 1576.17004395, -177.845352173, 204.055999756, 76.2477874756, 45.3889427185, 150.133728027, 7.99296569824, 17.2415370941, 9.84498691559, 18.4620723724, 9.76518154144, -17.017911911], [-411.468994141, -177.845352173, 853.093994141, 158.976699829, 44.6303596497, 42.6308326721, -69.7417068481, -28.1487808228, 8.18908977509, -40.0188217163, -31.0542812347, -15.8659753799, 32.7207946777], [-393.37789917, 204.055999756, 158.976699829, 430.78894043, 127.619064331, 15.2362222672, -35.0672683716, -57.5009613037, 26.4706096649, -11.1040086746, -33.6617584229, 5.69426774979, 9.92732143402], [-210.391906738, 76.2477874756, 44.6303596497, 127.619064331, 252.310440063, 24.1895599365, -35.6034965515, -23.5614452362, 10.3362207413, 7.45178127289, -12.5625734329, 5.25848054886, 7.67476034164], [-25.4145374298, 45.3889427185, 42.6308326721, 15.2362222672, 24.1895599365, 181.776885986, 64.4390182495, -3.78993916512, -1.54537367821, 9.15737724304, -0.983568131924, -13.2068214417, -2.22708058357], [-181.994125366, 150.133728027, -69.7417068481, -35.0672683716, -35.6034965515, 64.4390182495, 207.336425781, 37.5744018555, 0.474076926708, 7.36391067505, 23.229467392, -8.08101558685, -0.887316048145], [175.995742798, 7.99296569824, -28.1487808228, -57.5009613037, -23.5614452362, -3.78993916512, 37.5744018555, 137.798553467, 18.896697998, 3.71526837349, 6.51653051376, -3.73793244362, -4.30575370789], [-73.6415557861, 17.2415370941, 8.18908977509, 26.4706096649, 10.3362207413, -1.54537367821, 0.474076926708, 18.896697998, 118.302330017, 26.5602855682, -0.82104998827, 4.38187932968, 0.00730670569465], [61.4261398315, 9.84498691559, -40.0188217163, -11.1040086746, 7.45178127289, 9.15737724304, 7.36391067505, 3.71526837349, 26.5602855682, 111.810424805, 35.7818336487, 1.8991522789, -5.7829041481], [39.0861129761, 18.4620723724, -31.0542812347, -33.6617584229, -12.5625734329, -0.983568131924, 23.229467392, 6.51653051376, -0.82104998827, 35.7818336487, 113.797065735, 33.4595985413, -1.63654696941], [-48.8113288879, 9.76518154144, -15.8659753799, 5.69426774979, 5.25848054886, -13.2068214417, -8.08101558685, -3.73793244362, 4.38187932968, 1.8991522789, 33.4595985413, 113.763664246, 27.8103199005], [-118.810882568, -17.017911911, 32.7207946777, 9.92732143402, 7.67476034164, -2.22708058357, -0.887316048145, -4.30575370789, 0.00730670569465, -5.7829041481, -1.63654696941, 27.8103199005, 97.9816131592]],
        "icov": [[0.000128941741423, 2.47373936872e-05, 6.19415659457e-05, 4.14223686676e-05, 8.01087080617e-05, -8.566462202e-05, 0.000204489944736, -0.000186362769455, 9.5934366982e-05, -6.01845604251e-05, -3.11802687065e-05, 3.47810128005e-05, 0.000107255284092], [2.47373936872e-05, 0.000787585333455, 0.000210883299587, -0.000461089599412, -0.000118065654533, 1.1722495401e-06, -0.000550721131731, -9.03241380001e-05, 9.66759034782e-06, 3.38505924447e-05, -0.000104191327409, -4.98652480019e-05, 0.000157808608492], [6.19415659457e-05, 0.000210883299587, 0.0014487139415, -0.000563653418794, 0.00011435108172, -0.000547262432519, 0.000528540695086, -0.000167471618624, -7.71251870901e-05, 0.00046404794557, -0.000172293628566, 0.000348921777913, -0.000413438625401], [4.14223686676e-05, -0.000461089599412, -0.000563653418794, 0.00342467101291, -0.00126501382329, 4.13174675487e-05, 0.000245270231972, 0.00106047536246, -0.000709380838089, 0.000137035895023, 0.000702540099155, -0.000272798788501, 5.75465819566e-05], [8.01087080617e-05, -0.000118065654533, 0.00011435108172, -0.00126501382329, 0.00495636928827, -0.000927530927584, 0.00113207497634, -9.43877239479e-05, 2.74476278719e-05, -0.000509747420438, 0.00015365651052, -0.00011698200251, -0.000230907477089], [-8.566462202e-05, 1.1722495401e-06, -0.000547262432519, 4.13174675487e-05, -0.000927530927584, 0.00676463544369, -0.00266375043429, 0.000757060770411, 0.000173873355379, -0.000670208071824, 0.000451776868431, 0.000378399039619, 0.000171029867488], [0.000204489944736, -0.000550721131731, 0.000528540695086, 0.000245270231972, 0.00113207497634, -0.00266375043429, 0.00713687809184, -0.00180219998583, 0.000151751810336, 0.000232927079196, -0.00132025475614, 0.000768588215578, -0.000439297233243], [-0.000186362769455, -9.03241380001e-05, -0.000167471618624, 0.00106047536246, -9.43877239479e-05, 0.000757060770411, -0.00180219998583, 0.0086401598528, -0.0017619188875, 0.000331810908392, 6.37283155811e-05, 0.000123371617519, 8.05435047369e-05], [9.5934366982e-05, 9.66759034782e-06, -7.71251870901e-05, -0.000709380838089, 2.74476278719e-05, 0.000173873355379, 0.000151751810336, -0.0017619188875, 0.00958163943142, -0.00266178674065, 0.000891126750503, -0.00059042009525, 0.000166036581504], [-6.01845604251e-05, 3.38505924447e-05, 0.00046404794557, 0.000137035895023, -0.000509747420438, -0.000670208071824, 0.000232927079196, 0.000331810908392, -0.00266178674065, 0.0110285263509, -0.00372195593081, 0.000987549545243, 0.000114074064186], [-3.11802687065e-05, -0.000104191327409, -0.000172293628566, 0.000702540099155, 0.00015365651052, 0.000451776868431, -0.00132025475614, 6.37283155811e-05, 0.000891126750503, -0.00372195593081, 0.0115433856845, -0.00370828760788, 0.000945127161685], [3.47810128005e-05, -4.98652480019e-05, 0.000348921777913, -0.000272798788501, -0.00011698200251, 0.000378399039619, 0.000768588215578, 0.000123371617519, -0.00059042009525, 0.000987549545243, -0.00370828760788, 0.0108354380354, -0.00310427532531], [0.000107255284092, 0.000157808608492, -0.000413438625401, 5.75465819566e-05, -0.000230907477089, 0.000171029867488, -0.000439297233243, 8.05435047369e-05, 0.000166036581504, 0.000114074064186, 0.000945127161685, -0.00310427532531, 0.0114208329469]]
    },
    "spectral_contrast_coeffs": {
        "mean": [-0.746258497238, -0.74311542511, -0.735715091228, -0.766502022743, -0.77027541399, -0.759947657585],
        "stdev": [0.0673683807254, 0.0773057639599, 0.0935586988926, 0.0716595202684, 0.0585192553699, 0.0451692156494]
    },
    "spectral_contrast_valleys": {
        "mean": [-6.8355922699, -7.25733709335, -8.3121509552, -8.348320961, -8.39380455017, -10.6791143417],
        "stdev": [2.2913274765, 2.25578331947, 2.17589998245, 2.17200303078, 2.20002007484, 2.15696763992]
    }
},
"rhythm": {
    "beats_count": 470,
    "beats_loudness": {
        "mean": 0.0298879984766,
        "stdev": 0.0146288312972
    },
    "bpm": 89.0807952881,
    "bpm_histogram_first_peak_bpm": 89,
    "bpm_histogram_first_peak_weight": 0.323262870312,
    "bpm_histogram_second_peak_bpm": 185,
    "bpm_histogram_second_peak_spread": 0,
    "bpm_histogram_second_peak_weight": 0.125799566507,
    "danceability": 1.20305323601,
    "onset_rate": 3.88876986504,
    "beats_loudness_band_ratio": {
        "mean": [0.517331182957, 0.111549712718, 0.127582907677, 0.131672456861, 0.083916798234, 0.0554379336536],
        "stdev": [0.258483588696, 0.111843459308, 0.139654278755, 0.187476441264, 0.124619543552, 0.0714569091797]
    },
    "beats_position": [0.754648506641, 1.50929701328, 2.27555561066, 3.01859402657, 3.76163268089, 4.48145103455, 5.17804956436, 5.87464857101, 6.57124710083, 7.26784563065, 7.96444416046, 8.66104316711, 9.34603118896, 10.0310201645, 10.71600914, 11.4009971619, 12.0743761063, 12.7477550507, 13.4211339951, 14.1061220169, 14.7911109924, 15.4877090454, 16.1843090057, 16.8809070587, 17.5775051117, 18.2624931335, 18.9474830627, 19.6324710846, 20.3174591064, 21.0140590668, 21.6874370575, 22.3724250793, 23.0574150085, 23.7307929993, 24.3925609589, 25.0775508881, 25.7625389099, 26.4475269318, 27.1209068298, 27.8058948517, 28.4908847809, 29.1758728027, 29.8608608246, 30.5342407227, 31.2076187134, 31.9042167664, 32.5892066956, 33.2741928101, 33.9591827393, 34.6093406677, 35.2711105347, 35.9561004639, 36.6410865784, 37.3260765076, 38.0110664368, 38.6960525513, 39.3810424805, 40.0660324097, 40.7510185242, 41.4360084534, 42.1209983826, 42.7943763733, 43.467754364, 44.1527442932, 44.8377304077, 45.5227203369, 46.2077102661, 46.8810882568, 47.5544662476, 48.2394561768, 48.9128341675, 49.5978240967, 50.2712020874, 50.9445800781, 51.6295700073, 52.3145561218, 52.9879341125, 53.661315918, 54.3346939087, 55.0080718994, 55.6698417664, 56.3432197571, 57.0165977478, 57.701587677, 58.3749656677, 59.0483436584, 59.7217216492, 60.3950996399, 61.0800895691, 61.7650794983, 62.438457489, 63.1118354797, 63.7852134705, 64.4585952759, 65.1319732666, 65.8053512573, 66.478729248, 67.1521072388, 67.8254852295, 68.5104751587, 69.1954650879, 69.8688430786, 70.5422210693, 71.2272109985, 71.8889770508, 72.5623550415, 73.2357330322, 73.9091110229, 74.5824966431, 75.2674789429, 75.9408569336, 76.6142425537, 77.276008606, 77.9493865967, 78.6227645874, 79.2961425781, 79.9695205688, 80.6428985596, 81.3162765503, 81.9896621704, 82.6630401611, 83.3364181519, 84.0097961426, 84.6831741333, 85.356552124, 86.0299301147, 86.7033081055, 87.3766860962, 88.0500640869, 88.7234420776, 89.3968200684, 90.05859375, 90.7435836792, 91.4169616699, 92.0903396606, 92.7637176514, 93.4370956421, 94.1336975098, 94.830291748, 95.5384979248, 96.246711731, 96.9433059692, 97.6282958984, 98.3132858276, 98.9866638184, 99.6484298706, 100.310203552, 100.995193481, 101.680175781, 102.353561401, 103.038543701, 103.72353363, 104.396911621, 105.070289612, 105.755279541, 106.44026947, 107.113647461, 107.787025452, 108.472015381, 109.15700531, 109.830383301, 110.492149353, 111.153923035, 111.850517273, 112.547119141, 113.220497131, 113.905487061, 114.567253113, 115.240631104, 115.914009094, 116.587387085, 117.249160767, 117.910926819, 118.58430481, 119.2576828, 119.931060791, 120.581222534, 121.242988586, 121.904762268, 122.578140259, 123.25151825, 123.913284302, 124.575057983, 125.248435974, 125.921813965, 126.595191956, 127.268569946, 127.953559875, 128.638549805, 129.311920166, 129.985305786, 130.647079468, 131.308837891, 131.982223511, 132.655593872, 133.340591431, 134.02557373, 134.698959351, 135.372329712, 136.057327271, 136.730697632, 137.404083252, 138.065841675, 138.739227295, 139.412597656, 140.085983276, 140.747756958, 141.421127319, 142.082901001, 142.756271362, 143.418045044, 144.091430664, 144.764801025, 145.438186646, 146.123168945, 146.796554565, 147.458312988, 148.12008667, 148.770248413, 149.432022095, 150.093780518, 150.755554199, 151.417327881, 152.090698242, 152.752471924, 153.414230347, 154.087615967, 154.784210205, 155.457595825, 156.130966187, 156.804351807, 157.477722168, 158.151107788, 158.824493408, 159.486251831, 160.148025513, 160.809799194, 161.483169556, 162.144943237, 162.79510498, 163.445251465, 164.107025146, 164.768798828, 165.430557251, 166.092330933, 166.754104614, 167.415863037, 168.089248657, 168.762634277, 169.436004639, 170.109390259, 170.78276062, 171.444534302, 172.106307983, 172.768066406, 173.429840088, 174.080001831, 174.741760254, 175.403533936, 176.076919556, 176.738677979, 177.412063599, 178.073822021, 178.723983765, 179.374145508, 180.047531128, 180.709289551, 181.371063232, 182.044433594, 182.717819214, 183.391204834, 184.052963257, 184.714736938, 185.3881073, 186.06149292, 186.73487854, 187.408248901, 188.081634521, 188.743392944, 189.416778564, 190.078552246, 190.751922607, 191.425308228, 192.098678589, 192.772064209, 193.433822632, 194.095596313, 194.768981934, 195.430740356, 196.104125977, 196.765899658, 197.43927002, 198.11265564, 198.797637939, 199.47102356, 200.156005859, 200.840988159, 201.537597656, 202.222579956, 202.907577515, 203.580947876, 204.219497681, 204.846435547, 205.473373413, 206.100311279, 206.727249146, 207.354187012, 208.050796509, 208.747390747, 209.432373047, 210.105758667, 210.790740967, 211.464126587, 212.137496948, 212.787658691, 213.437820435, 214.099594116, 214.761352539, 215.411514282, 216.061676025, 216.70022583, 217.361984253, 218.023757935, 218.685531616, 219.347290039, 220.020675659, 220.682449341, 221.344207764, 222.005981445, 222.679367065, 223.352737427, 224.026123047, 224.699493408, 225.372879028, 226.034637451, 226.71963501, 227.393005371, 228.066390991, 228.739776611, 229.413146973, 230.086532593, 230.736679077, 231.38684082, 232.037002563, 232.66394043, 233.290878296, 233.743667603, 234.208068848, 234.684082031, 234.997543335, 235.322631836, 235.659317017, 235.996002197, 236.332687378, 236.657775879, 236.99446106, 237.33114624, 237.656234741, 237.981307983, 238.317993164, 238.654693604, 239.002990723, 239.328063965, 239.676361084, 240.013061523, 240.349746704, 240.674819946, 240.999908447, 241.324981689, 241.638458252, 241.951919556, 242.277008057, 242.602081299, 242.927154541, 243.252243042, 243.565704346, 243.890792847, 244.227478027, 244.55255127, 244.877639771, 245.202713013, 245.527801514, 245.852874756, 246.201171875, 246.537857056, 246.874557495, 247.199630737, 247.524719238, 247.84979248, 248.174865723, 248.499954224, 248.825027466, 249.161712646, 249.498413086, 249.823486328, 250.160171509, 250.496871948, 250.82194519, 251.147018433, 251.483718872, 251.820404053, 252.145477295, 252.470565796, 252.795639038, 253.132324219, 253.45741272, 253.770874023, 254.095962524, 254.432647705, 254.769332886, 255.094421387, 255.431106567, 255.767791748, 256.104492188, 256.441162109, 256.777862549, 257.102935791, 257.43963623, 257.764709473, 258.089782715, 258.414855957, 258.739959717, 259.065032959, 259.390106201, 259.726806641, 260.063476562, 260.400177002, 260.736877441, 261.073547363, 261.410247803, 261.735321045, 262.072021484, 262.385467529, 262.710571289, 263.035644531, 263.360717773, 263.674194336, 263.999267578, 264.312744141, 264.637817383, 264.962890625, 265.287963867, 265.613067627, 265.938140869, 266.274810791, 266.599914551, 266.924987793, 267.261688232, 267.598358154, 267.923431396, 268.248535156, 268.585205078, 268.91027832, 269.23538208, 269.560455322, 269.885528564, 270.210601807, 270.547302246, 270.895599365, 271.243896484, 271.592193604, 271.9637146, 272.335235596, 272.718353271, 273.113098145, 273.519439697, 273.91418457, 274.308929443, 274.703674316, 275.098419189],
    "bpm_histogram": [0, 0, 0, 0, 0, 0, 0, 0, 0, 0, 0, 0, 0, 0, 0, 0, 0, 0, 0, 0, 0, 0, 0, 0, 0, 0, 0, 0, 0, 0, 0, 0, 0, 0, 0, 0, 0, 0, 0, 0, 0, 0, 0, 0, 0, 0, 0, 0, 0, 0, 0, 0, 0, 0, 0, 0, 0, 0, 0, 0, 0, 0, 0, 0, 0, 0, 0, 0, 0, 0, 0, 0, 0, 0, 0, 0, 0, 0, 0.00213219621219, 0, 0.00213219621219, 0.00426439242437, 0, 0.00213219621219, 0, 0.00426439242437, 0.0447761192918, 0, 0.155650317669, 0.321961611509, 0, 0.147121533751, 0.0319829434156, 0, 0.00426439242437, 0, 0.0149253727868, 0, 0, 0, 0, 0, 0, 0, 0, 0, 0, 0, 0, 0, 0, 0, 0, 0, 0, 0, 0, 0, 0, 0, 0, 0, 0, 0, 0, 0, 0.00213219621219, 0, 0, 0.00213219621219, 0, 0, 0, 0.00213219621219, 0, 0, 0, 0, 0, 0, 0, 0, 0, 0, 0, 0, 0, 0, 0.00213219621219, 0, 0, 0, 0.0106609808281, 0, 0, 0, 0, 0.00213219621219, 0, 0, 0, 0.00426439242437, 0, 0, 0, 0, 0, 0, 0, 0, 0, 0, 0.0127931768075, 0, 0, 0, 0, 0, 0.0831556469202, 0, 0, 0, 0, 0, 0, 0.125799566507, 0, 0, 0, 0, 0, 0.0170575696975, 0, 0, 0, 0, 0, 0, 0, 0, 0, 0, 0, 0, 0, 0, 0, 0, 0, 0, 0, 0, 0, 0, 0, 0, 0, 0, 0, 0, 0, 0, 0, 0, 0, 0, 0, 0, 0, 0, 0, 0, 0, 0, 0, 0, 0, 0, 0, 0, 0, 0, 0, 0, 0, 0, 0, 0, 0, 0]
},
"tonal": {
    "chords_changes_rate": 0.0632677078247,
    "chords_number_rate": 0.00168265181128,
    "chords_strength": {
        "mean": 0.52184176445,
        "stdev": 0.166644319892
    },
    "hpcp_crest": {
        "mean": 14.1175775528,
        "stdev": 6.38710355759
    },
    "hpcp_entropy": {
        "mean": 1.82231509686,
        "stdev": 0.683452785015
    },
    "key_edma": {
        "strength": 0.826155185699,
        "key": "C#",
        "scale": "major"
    },
    "key_krumhansl": {
        "strength": 0.823553800583,
        "key": "C#",
        "scale": "major"
    },
    "key_temperley": {
        "strength": 0.815636217594,
        "key": "C#",
        "scale": "major"
    },
    "tuning_diatonic_strength": 0.712229013443,
    "tuning_equal_tempered_deviation": 0.0122694047168,
    "tuning_frequency": 435.952270508,
    "tuning_nontempered_energy_ratio": 0.697576165199,
    "hpcp": {
        "mean": [0.0565842613578, 0.0477983802557, 0.100605666637, 0.193827718496, 0.148559391499, 0.0491183623672, 0.0403264313936, 0.0447160638869, 0.0955635234714, 0.135905951262, 0.104161575437, 0.1559394449, 0.175733655691, 0.0814687162638, 0.0385244823992, 0.0335003249347, 0.0394449420273, 0.0957371667027, 0.152634739876, 0.105701245368, 0.0515561848879, 0.0567208901048, 0.0785779505968, 0.145639449358, 0.208312749863, 0.142789930105, 0.0719491913915, 0.0758028998971, 0.0538669042289, 0.0482343584299, 0.0672452747822, 0.0856776684523, 0.157724574208, 0.266571670771, 0.23049582541, 0.106717929244],
        "stdev": [0.161869615316, 0.142730131745, 0.195403233171, 0.330369979143, 0.266674786806, 0.140972152352, 0.131785020232, 0.141754895449, 0.208142578602, 0.269964843988, 0.191647335887, 0.284265041351, 0.305368095636, 0.165528029203, 0.123850896955, 0.109101966023, 0.115611404181, 0.188593670726, 0.276180922985, 0.198627203703, 0.145575091243, 0.162908136845, 0.197538420558, 0.251415193081, 0.32607331872, 0.258458912373, 0.161431565881, 0.186766058207, 0.149258971214, 0.133644416928, 0.167222559452, 0.190592944622, 0.247051283717, 0.347058057785, 0.334961533546, 0.218318209052]
    },
    "chords_histogram": [35.6049118042, 15.3289585114, 13.999663353, 0.45431599021, 0.992764592171, 0.1682651788, 0.18509170413, 0, 0, 0.0336530357599, 2.40619206429, 0, 0, 0, 0, 1.76678442955, 0.723540306091, 1.39660108089, 0, 5.97341394424, 0, 1.36294806004, 2.99512028694, 16.6077747345],
    "thpcp": [1, 0.864667356014, 0.400334835052, 0.212266594172, 0.179307803512, 0.377405703068, 0.727112948895, 0.557296276093, 0.18425950408, 0.15127800405, 0.167744994164, 0.358490914106, 0.509828925133, 0.390745103359, 0.584981322289, 0.659236073494, 0.305616557598, 0.14451828599, 0.125670984387, 0.147971242666, 0.359142303467, 0.572584271431, 0.396520912647, 0.193404585123, 0.212779134512, 0.294772326946, 0.546342551708, 0.781451165676, 0.535653054714, 0.269905626774, 0.28436216712, 0.202072873712, 0.18094329536, 0.252259641886, 0.321405738592, 0.591677904129],
    "chords_key": "C#",
    "chords_scale": "major"
}
}