{
"metadata": {
    "version": {
        "essentia": "2.1-dev",
        "essentia_git_sha": "v2.1_beta3-415-gd5473f3",
        "extractor": "music 2.0"
    },
    "audio_properties": {
        "analysis": {
            "equal_loudness": 0,
            "length": 207.542861938,
            "sample_rate": 44100,
            "start_time": 0,
            "downmix": "mix"
        },
        "bit_rate": 192000,
        "length": 207.542861938,
        "lossless": 0,
        "number_channels": 2,
        "replay_gain": -5.87513923645,
        "sample_rate": 44100,
        "codec": "mp3",
        "md5_encoded": "35c1a5492bfce273158f8ec50837e9e6"
    },
    "tags": {
        "file_name": "harold_melvin_and_the_blue_notes-if_you_dont_know_me_by_now.mp3",
        "album": ["L'amour - CD5"],
        "artist": ["Harold Melvin & The Blue Notes"],
        "title": ["If you dont know me by now"]
    }
},
"lowlevel": {
    "average_loudness": 0.653132915497,
    "barkbands_crest": {
        "mean": 9.0788936615,
        "stdev": 3.76719307899
    },
    "barkbands_flatness_db": {
        "mean": 0.110791742802,
        "stdev": 0.0366031341255
    },
    "barkbands_kurtosis": {
        "mean": 2.798132658,
        "stdev": 4.60991001129
    },
    "barkbands_skewness": {
        "mean": 1.32065331936,
        "stdev": 0.927500188351
    },
    "barkbands_spread": {
        "mean": 21.9587306976,
        "stdev": 10.3141670227
    },
    "dissonance": {
        "mean": 0.462205886841,
        "stdev": 0.0240020081401
    },
    "dynamic_complexity": 4.63630962372,
    "erbbands_crest": {
        "mean": 8.43370914459,
        "stdev": 4.09031915665
    },
    "erbbands_flatness_db": {
        "mean": 0.156785205007,
        "stdev": 0.0338508747518
    },
    "erbbands_kurtosis": {
        "mean": 0.195210903883,
        "stdev": 1.95225656033
    },
    "erbbands_skewness": {
        "mean": 0.552385985851,
        "stdev": 0.678182601929
    },
    "erbbands_spread": {
        "mean": 40.5943565369,
        "stdev": 16.1356277466
    },
    "hfc": {
        "mean": 17.2085609436,
        "stdev": 19.0681972504
    },
    "loudness_ebu128": {
        "integrated": -18.5608081818,
        "loudness_range": 7.38414764404,
        "momentary": {
            "mean": -21.8490352631,
            "stdev": 14.538187027
        },
        "short_term": {
            "mean": -20.2154998779,
            "stdev": 5.37810325623
        }
    },
    "melbands_crest": {
        "mean": 11.3300380707,
        "stdev": 4.42179203033
    },
    "melbands_flatness_db": {
        "mean": 0.164233669639,
        "stdev": 0.0535070672631
    },
    "melbands_kurtosis": {
        "mean": 9.82026100159,
        "stdev": 12.6297769547
    },
    "melbands_skewness": {
        "mean": 2.22280263901,
        "stdev": 1.29648625851
    },
    "melbands_spread": {
        "mean": 25.3603591919,
        "stdev": 18.281879425
    },
    "pitch_salience": {
        "mean": 0.601820588112,
        "stdev": 0.0935185328126
    },
    "silence_rate_20dB": {
        "mean": 1,
        "stdev": 0
    },
    "silence_rate_30dB": {
        "mean": 0.9986577034,
        "stdev": 0.0366134643555
    },
    "silence_rate_60dB": {
        "mean": 0.153020128608,
        "stdev": 0.360013753176
    },
    "spectral_centroid": {
        "mean": 1523.85632324,
        "stdev": 1031.24499512
    },
    "spectral_complexity": {
        "mean": 16.4720363617,
        "stdev": 9.08671951294
    },
    "spectral_decrease": {
        "mean": -4.32087832181e-09,
        "stdev": 4.3770453928e-09
    },
    "spectral_energy": {
        "mean": 0.0178689081222,
        "stdev": 0.0180178098381
    },
    "spectral_energyband_high": {
        "mean": 0.000733411987312,
        "stdev": 0.00109454046469
    },
    "spectral_energyband_low": {
        "mean": 0.00199164962396,
        "stdev": 0.00457018148154
    },
    "spectral_energyband_middle_high": {
        "mean": 0.0055292667821,
        "stdev": 0.00883892551064
    },
    "spectral_energyband_middle_low": {
        "mean": 0.0101708648726,
        "stdev": 0.0115624507889
    },
    "spectral_entropy": {
        "mean": 7.64075803757,
        "stdev": 0.367791444063
    },
    "spectral_flux": {
        "mean": 0.0656733736396,
        "stdev": 0.0478149428964
    },
    "spectral_kurtosis": {
        "mean": 3.01307988167,
        "stdev": 1.67573106289
    },
    "spectral_rms": {
        "mean": 0.00369156314991,
        "stdev": 0.00195075187366
    },
    "spectral_rolloff": {
        "mean": 1722.16552734,
        "stdev": 2112.03100586
    },
    "spectral_skewness": {
        "mean": 1.25460410118,
        "stdev": 0.34380787611
    },
    "spectral_spread": {
        "mean": 4827658.5,
        "stdev": 3527086.5
    },
    "spectral_strongpeak": {
        "mean": 1.10576331615,
        "stdev": 1.35672616959
    },
    "zerocrossingrate": {
        "mean": 0.0703208595514,
        "stdev": 0.0524867773056
    },
    "barkbands": {
        "mean": [6.88292566338e-05, 0.000951751193497, 0.000585832458455, 0.000988755607978, 0.00192168832291, 0.00263822148554, 0.00117289717309, 0.000788140750956, 0.00217565824278, 0.00157748954371, 0.000549519027118, 0.000977220828645, 0.00059796689311, 0.000739749462809, 0.000305174995447, 0.000284889625618, 0.000241659450694, 0.000213327104575, 0.000236171952565, 0.000217704160605, 0.000222778660827, 0.000189868951566, 0.000111660483526, 7.1299225965e-05, 2.67123359663e-05, 1.30565513246e-05, 8.70059068347e-07],
        "stdev": [3.61705606338e-05, 0.00159658945631, 0.00213692872785, 0.00346647854894, 0.00282492744736, 0.00420270953327, 0.00195661210455, 0.00182371283881, 0.00531895039603, 0.00490392558277, 0.00141380773857, 0.00247597345151, 0.00176455301698, 0.00224538776092, 0.000990528962575, 0.000717637536582, 0.000524305331055, 0.000369531917386, 0.000409309053794, 0.000327409390593, 0.000387487874832, 0.000352322735125, 0.000243320610025, 0.000149584186147, 5.82081411267e-05, 2.99739476759e-05, 4.91427181259e-06]
    },
    "erbbands": {
        "mean": [0.0153632927686, 0.253047674894, 0.708276927471, 2.05575704575, 4.2625541687, 7.04716348648, 14.5324344635, 22.2539844513, 15.8787488937, 18.0365219116, 23.0785732269, 38.0023498535, 63.3546295166, 38.9110488892, 25.6140804291, 36.3410415649, 27.0454616547, 40.2748756409, 20.8673057556, 16.6905918121, 15.1352643967, 13.8782138824, 12.1869192123, 11.4887704849, 12.5753574371, 9.78299808502, 9.6885175705, 7.50141906738, 6.82109928131, 5.21758794785, 2.93692159653, 1.84453868866, 0.970653653145, 0.324312359095, 0.186957463622, 0.073983989656, 0.0207845624536, 0.00350797199644, 0.000135403650347, 2.57542506006e-05],
        "stdev": [0.030666353181, 0.429322868586, 1.95956504345, 7.4110417366, 10.0608797073, 10.0648889542, 23.9857406616, 36.9614028931, 26.5121555328, 31.5723247528, 50.5680122375, 90.9172821045, 178.837463379, 100.518089294, 53.7162094116, 86.9436645508, 69.8628692627, 120.055915833, 66.1882553101, 40.5859680176, 36.7083778381, 27.3245372772, 21.4237365723, 17.8225345612, 20.4834060669, 15.3885068893, 15.6749629974, 15.5603981018, 13.1096935272, 9.84809017181, 6.76696777344, 4.39898872375, 1.89626049995, 0.656779229641, 0.455544471741, 0.175497606397, 0.050245411694, 0.0109015610069, 0.000933937029913, 3.11857620545e-05]
    },
    "gfcc": {
        "mean": [-33.4629440308, 86.2049102783, -128.922210693, 30.5653934479, -73.1030578613, 4.16105699539, -34.8372535706, 3.71838068962, -24.6188335419, 4.08932781219, -15.39427948, 5.14350605011, -9.58985710144],
        "cov": [[20474.7089844, 511.218811035, -2059.44213867, 145.547332764, -1381.39172363, 342.24017334, -672.22052002, -66.9311294556, -473.598907471, -81.9827270508, -293.685272217, -74.6520309448, -189.799819946], [511.218811035, 821.050354004, -40.5952301025, 169.745025635, 168.306152344, -189.214538574, 84.8642730713, -26.9216632843, 32.6441116333, -13.221496582, 21.6391048431, -18.913225174, -2.18239855766], [-2059.44213867, -40.5952301025, 810.069946289, 179.091400146, 205.083084106, -11.5009174347, 2.10535478592, 44.6338768005, 61.8993110657, 4.82923603058, 0.464690804482, 27.6787319183, -19.5088729858], [145.547332764, 169.745025635, 179.091400146, 332.33190918, 80.9713821411, -86.4904937744, -36.0831794739, -15.3382644653, 28.911359787, 3.97523713112, 9.22182369232, -9.20492935181, 2.95969033241], [-1381.39172363, 168.306152344, 205.083084106, 80.9713821411, 305.438598633, -40.1153564453, 69.5194091797, 8.78080272675, 48.8128089905, 9.06433010101, 8.18036460876, -10.2791690826, -5.15044784546], [342.24017334, -189.214538574, -11.5009174347, -86.4904937744, -40.1153564453, 222.116973877, 24.1668434143, 16.8085193634, -23.6676063538, -7.22876691818, -18.0884990692, -4.39394855499, -16.9532566071], [-672.22052002, 84.8642730713, 2.10535478592, -36.0831794739, 69.5194091797, 24.1668434143, 193.455596924, 32.7796401978, 7.92790031433, -1.15813875198, 15.4039707184, -4.96557331085, -2.09184122086], [-66.9311294556, -26.9216632843, 44.6338768005, -15.3382644653, 8.78080272675, 16.8085193634, 32.7796401978, 99.1175537109, 17.0909194946, 12.7715854645, -5.07954025269, 3.38529467583, -8.52406692505], [-473.598907471, 32.6441116333, 61.8993110657, 28.911359787, 48.8128089905, -23.6676063538, 7.92790031433, 17.0909194946, 103.368530273, 32.2269439697, 7.80977678299, -6.05511760712, 5.5113067627], [-81.9827270508, -13.221496582, 4.82923603058, 3.97523713112, 9.06433010101, -7.22876691818, -1.15813875198, 12.7715854645, 32.2269439697, 85.129234314, 27.4206829071, -1.57027852535, 7.65524578094], [-293.685272217, 21.6391048431, 0.464690804482, 9.22182369232, 8.18036460876, -18.0884990692, 15.4039707184, -5.07954025269, 7.80977678299, 27.4206829071, 77.09425354, 24.2295322418, 14.7132530212], [-74.6520309448, -18.913225174, 27.6787319183, -9.20492935181, -10.2791690826, -4.39394855499, -4.96557331085, 3.38529467583, -6.05511760712, -1.57027852535, 24.2295322418, 80.5660552979, 17.8064689636], [-189.799819946, -2.18239855766, -19.5088729858, 2.95969033241, -5.15044784546, -16.9532566071, -2.09184122086, -8.52406692505, 5.5113067627, 7.65524578094, 14.7132530212, 17.8064689636, 70.1353759766]],
        "icov": [[0.000202608556719, -0.000420573458541, 0.000408035033615, -0.000440935516963, 0.000692948990036, -0.000609105278272, 0.000609273905866, -0.000342789164279, 0.00051512545906, -0.000394244532799, 0.000660101766698, -0.000267890049145, 0.000479568669107], [-0.000420573458541, 0.00291519029997, -0.000321593543049, 7.58188471082e-05, -0.00227659987286, 0.00266020023264, -0.00222865748219, 0.0010553089669, -0.00124338211026, 0.00134621071629, -0.00148764590267, 0.000574180216063, -0.000485387543449], [0.000408035033615, -0.000321593543049, 0.00276036956348, -0.00191136240028, 0.000109254062409, -0.00128096772823, 0.00135926913936, -0.00134909641929, 0.000479811511468, -0.000455203320598, 0.00147750787437, -0.00155348482076, 0.00161409319844], [-0.000440935516963, 7.58188471082e-05, -0.00191136240028, 0.00536844134331, -0.00164594210219, 0.00202257884666, -0.000147826081957, 0.00109346339013, -0.00129776552785, 0.000916274613701, -0.00199289317243, 0.00155990675557, -0.00142858561594], [0.000692948990036, -0.00227659987286, 0.000109254062409, -0.00164594210219, 0.00758624728769, -0.00196771137416, 0.000506832555402, -0.000573893543333, 0.000533137703314, -0.00161124474835, 0.0023590142373, -0.000264682807028, 0.00163738045376], [-0.000609105278272, 0.00266020023264, -0.00128096772823, 0.00202257884666, -0.00196771137416, 0.0082269217819, -0.0032169315964, 0.000901408260688, -0.000737738970201, 0.00120848300867, -0.00109475769568, 0.00104750005994, -0.000259728927631], [0.000609273905866, -0.00222865748219, 0.00135926913936, -0.000147826081957, 0.000506832555402, -0.0032169315964, 0.00899686850607, -0.00350175471976, 0.00165447068866, -0.000149810977746, -0.000218036482693, 0.000121549914184, 0.000967379950453], [-0.000342789164279, 0.0010553089669, -0.00134909641929, 0.00109346339013, -0.000573893543333, 0.000901408260688, -0.00350175471976, 0.0127293998376, -0.00248317024671, -0.00142161443364, 0.0010039950721, -0.000921897182707, 0.000675911083817], [0.00051512545906, -0.00124338211026, 0.000479811511468, -0.00129776552785, 0.000533137703314, -0.000737738970201, 0.00165447068866, -0.00248317024671, 0.0138834593818, -0.00531549053267, 0.00207908428274, 0.000398006115574, 0.000103940881672], [-0.000394244532799, 0.00134621071629, -0.000455203320598, 0.000916274613701, -0.00161124474835, 0.00120848300867, -0.000149810977746, -0.00142161443364, -0.00531549053267, 0.0166776776314, -0.0075072539039, 0.00268221599981, -0.00170249724761], [0.000660101766698, -0.00148764590267, 0.00147750787437, -0.00199289317243, 0.0023590142373, -0.00109475769568, -0.000218036482693, 0.0010039950721, 0.00207908428274, -0.0075072539039, 0.0201481506228, -0.0064063067548, 0.000315047625918], [-0.000267890049145, 0.000574180216063, -0.00155348482076, 0.00155990675557, -0.000264682807028, 0.00104750005994, 0.000121549914184, -0.000921897182707, 0.000398006115574, 0.00268221599981, -0.0064063067548, 0.0160001255572, -0.00412201974541], [0.000479568669107, -0.000485387543449, 0.00161409319844, -0.00142858561594, 0.00163738045376, -0.000259728927631, 0.000967379950453, 0.000675911083817, 0.000103940881672, -0.00170249724761, 0.000315047625918, -0.00412201974541, 0.017376659438]]
    },
    "melbands": {
        "mean": [0.000207614342798, 0.000372381298803, 0.000433778623119, 0.000382274971344, 0.000486791221192, 0.000499405199662, 0.000247077987297, 0.000184808683116, 0.000199348738533, 0.000273461744655, 0.00032231368823, 0.000165733625181, 7.87933677202e-05, 0.000115955263027, 7.0792157203e-05, 6.52797170915e-05, 7.2904593253e-05, 3.42454295605e-05, 2.45056635322e-05, 1.78120699275e-05, 1.81168597919e-05, 1.39367502925e-05, 1.24762073028e-05, 1.03406473499e-05, 9.04364878807e-06, 9.68371386989e-06, 8.9948907771e-06, 5.65803111385e-06, 6.16386796537e-06, 4.92346862302e-06, 4.17841283706e-06, 3.7928614347e-06, 3.72958561456e-06, 2.54200108429e-06, 1.7313382159e-06, 1.33434321015e-06, 1.0570113318e-06, 7.83830273576e-07, 3.7230364569e-07, 2.33593496546e-07],
        "stdev": [0.000360349426046, 0.000838187988847, 0.00138054508716, 0.000611462106463, 0.000756771652959, 0.000806188676506, 0.000400720688049, 0.000329807749949, 0.000461845542304, 0.000685542705469, 0.000913477444556, 0.000473542895634, 0.000175170367584, 0.00031862949254, 0.000211140708416, 0.000191254293895, 0.000229958735872, 0.000126549100969, 7.86733799032e-05, 5.24201386725e-05, 4.47953425464e-05, 2.82625223917e-05, 2.87152251985e-05, 1.81081904884e-05, 1.56182159117e-05, 1.82490621228e-05, 1.46582651723e-05, 1.07326968646e-05, 1.14082940854e-05, 8.95268749446e-06, 9.58743294177e-06, 7.64662945585e-06, 7.25302606952e-06, 5.00900114275e-06, 3.90689365304e-06, 3.7228844576e-06, 2.3926470476e-06, 1.52721031554e-06, 8.308654742e-07, 4.76875300137e-07]
    },
    "melbands128": {
        "mean": [2.10398193303e-05, 7.38635353628e-05, 0.000275556289125, 0.000480285147205, 0.000389985798392, 0.000279090047115, 0.000387283944292, 0.000529847224243, 0.000438295712229, 0.000289803108899, 0.000394094735384, 0.000415888353018, 0.00043720236863, 0.00070517801214, 0.000548945798073, 0.000403396930778, 0.000260513421381, 0.000202140305191, 0.000250194920227, 0.000222936301725, 0.000101649908174, 0.000177800728125, 0.000208552955883, 0.000245262024691, 0.000179194656084, 0.000268006988335, 0.000533281592652, 0.000245733361226, 0.000273025420029, 0.000209483725484, 0.000116343842819, 0.000101229183201, 7.70686965552e-05, 3.76634852728e-05, 0.000144745426951, 0.000138958595926, 6.5020591137e-05, 8.83588581928e-05, 5.48284770048e-05, 4.30272411904e-05, 5.52592500753e-05, 0.000112931251351, 9.30608730414e-05, 3.74210212613e-05, 4.48872087873e-05, 3.52529168595e-05, 1.97838016902e-05, 2.75303227681e-05, 2.17539945879e-05, 2.72773559118e-05, 1.44169134728e-05, 1.22456995086e-05, 2.18764907913e-05, 1.85863973456e-05, 1.37012420964e-05, 1.25341402963e-05, 1.54091067088e-05, 1.46551883518e-05, 1.01807936517e-05, 1.09234597403e-05, 9.91395700112e-06, 1.16939900181e-05, 7.19533727533e-06, 7.5099883361e-06, 1.29012487378e-05, 1.04888586065e-05, 6.71714587952e-06, 1.00606912383e-05, 1.07731057142e-05, 5.22983327755e-06, 6.91005561748e-06, 4.71253497381e-06, 4.69245605927e-06, 7.55806877351e-06, 6.19341517449e-06, 5.13391205459e-06, 4.11565042668e-06, 4.45412115369e-06, 4.24621839556e-06, 3.93556365452e-06, 3.57882004209e-06, 3.84587656299e-06, 3.93682739741e-06, 3.95637698603e-06, 3.36277798851e-06, 2.79736059383e-06, 2.27935765906e-06, 1.92914512809e-06, 1.73564444594e-06, 1.54406279762e-06, 1.47660432503e-06, 1.26560189528e-06, 1.12424925192e-06, 1.05764320324e-06, 1.01764624105e-06, 9.48905721998e-07, 7.49968819491e-07, 5.3322128224e-07, 3.75541873154e-07, 2.85250109755e-07, 2.52341891382e-07, 2.21202498096e-07, 2.17137099412e-07, 2.11331197875e-07, 2.16874610715e-07, 2.20122331029e-07, 1.92664316501e-07, 1.49269425265e-07, 1.1673327549e-07, 1.00863964292e-07, 8.78704398133e-08, 7.21378654589e-08, 6.16813267129e-08, 5.40849853792e-08, 4.53982949011e-08, 3.7469185088e-08, 2.51197480594e-08, 6.90452317542e-09, 2.14576623137e-09, 2.20470286472e-09, 1.3938948884e-09, 4.4727505033e-10, 1.51955323324e-10, 2.43884981654e-11, 4.20729423523e-12, 2.87982918762e-12, 2.54275658688e-12, 2.52427917978e-12],
        "stdev": [2.36836258409e-05, 0.000187697689398, 0.000552290817723, 0.000810716650449, 0.000884146429598, 0.00114136724733, 0.0015734002227, 0.00175396935083, 0.00108755449764, 0.000633480318356, 0.000646310450975, 0.000756618683226, 0.000841318280436, 0.00140095525421, 0.00106361298822, 0.000956241739914, 0.000534116465133, 0.000490461126901, 0.000590804149397, 0.000482697592815, 0.000338558107615, 0.000522910791915, 0.000616991776042, 0.000851655844599, 0.00067910773214, 0.000996658811346, 0.00189051602501, 0.00104571238626, 0.0012020553695, 0.000810773461126, 0.000388009531889, 0.000333141069859, 0.000230450546951, 0.000175657507498, 0.000495048821904, 0.000439002149506, 0.000240738765569, 0.00036919550621, 0.000214647952816, 0.000197677567485, 0.000253204372711, 0.000405896949815, 0.000390717614209, 0.000184649557923, 0.000230042627663, 0.00016360974405, 0.000121440694784, 0.000139886091347, 7.62533891248e-05, 7.87602621131e-05, 7.91013371781e-05, 5.36995430593e-05, 8.51617878652e-05, 5.02117763972e-05, 4.35800793639e-05, 3.04337008856e-05, 4.94104860991e-05, 5.62158893445e-05, 3.03742817778e-05, 2.65255403065e-05, 2.42148798861e-05, 2.64714562945e-05, 1.76343273779e-05, 2.25362691708e-05, 3.01516902255e-05, 2.66970819212e-05, 1.93605883396e-05, 2.21287700697e-05, 2.05210599233e-05, 1.0843437849e-05, 1.61295938597e-05, 1.33745361381e-05, 1.1548015209e-05, 1.75463464984e-05, 1.10471282824e-05, 1.04812979771e-05, 1.06466268335e-05, 1.24410953504e-05, 1.11658491733e-05, 1.0202282283e-05, 8.53450364957e-06, 8.75097703101e-06, 1.1201084817e-05, 7.95455252955e-06, 7.26469716028e-06, 6.56885913486e-06, 4.73240424981e-06, 3.89410797652e-06, 4.29586498285e-06, 4.40994790551e-06, 4.3780814849e-06, 3.9277229007e-06, 3.15266720463e-06, 2.6115910714e-06, 2.2558517685e-06, 1.95461279873e-06, 1.56087276082e-06, 1.24722805595e-06, 9.34424349452e-07, 7.13602219093e-07, 5.8737953168e-07, 4.58650532664e-07, 4.74877197121e-07, 4.7882662102e-07, 5.64752895116e-07, 7.1985618888e-07, 5.88953980696e-07, 4.74167848097e-07, 2.70030511729e-07, 2.61058943352e-07, 2.54887595474e-07, 1.8784430722e-07, 1.58816746421e-07, 1.53108075551e-07, 1.37076625606e-07, 1.21120194763e-07, 9.27989844968e-08, 6.50456613016e-08, 4.07334077579e-08, 4.45600960575e-08, 3.67423389491e-08, 1.03732888945e-08, 3.78567754922e-09, 7.77207909142e-10, 1.31764182898e-10, 2.74704061581e-11, 4.63618076221e-12, 4.61052723777e-12]
    },
    "mfcc": {
        "mean": [-662.747924805, 112.951347351, -4.7258310318, 23.752664566, -15.4030723572, 1.69240045547, -7.12273693085, 0.805390000343, -5.9304318428, -0.49296990037, -4.48560476303, -0.527035415173, -2.03607988358],
        "cov": [[9544.04101562, -13.3703298569, -322.737091064, -505.661254883, -394.511993408, 38.6473274231, -151.10635376, -11.9846515656, -190.470245361, -85.2695999146, -73.3083267212, -146.877166748, -227.661743164], [-13.3703298569, 827.911132812, -92.9201889038, 286.704040527, 28.6141967773, -5.43155527115, 33.848690033, 30.4360694885, 23.4772453308, 6.15802001953, 15.2207336426, 23.6581363678, 28.6793518066], [-322.737091064, -92.9201889038, 475.049499512, 114.070510864, 121.673828125, 18.6828918457, -21.9355697632, 24.9007110596, 1.80317461491, 4.9033203125, -9.76374340057, 7.27475166321, 28.9126300812], [-505.661254883, 286.704040527, 114.070510864, 485.59967041, 128.163070679, -14.7033624649, -26.5315494537, -17.7893543243, 7.39782905579, 21.2533969879, -35.2210922241, 23.4012069702, 58.6924438477], [-394.511993408, 28.6141967773, 121.673828125, 128.163070679, 225.394638062, 25.3956794739, -26.5251712799, -7.58957767487, 8.86182308197, 21.1741428375, -6.06880950928, -1.74749672413, 11.8949956894], [38.6473274231, -5.43155527115, 18.6828918457, -14.7033624649, 25.3956794739, 124.197097778, 31.7598171234, 13.0320510864, 4.44322490692, 13.3860988617, 5.79261016846, -5.60227775574, -10.1449518204], [-151.10635376, 33.848690033, -21.9355697632, -26.5315494537, -26.5251712799, 31.7598171234, 142.339080811, 36.9722900391, 18.8082332611, -2.73074698448, 17.2338790894, 10.4982347488, -2.57372331619], [-11.9846515656, 30.4360694885, 24.9007110596, -17.7893543243, -7.58957767487, 13.0320510864, 36.9722900391, 115.663108826, 16.6281070709, -14.7577190399, 14.8899784088, -6.07787656784, -3.14045906067], [-190.470245361, 23.4772453308, 1.80317461491, 7.39782905579, 8.86182308197, 4.44322490692, 18.8082332611, 16.6281070709, 85.1606903076, 33.2216415405, 6.91955471039, 4.63607120514, 1.38649940491], [-85.2695999146, 6.15802001953, 4.9033203125, 21.2533969879, 21.1741428375, 13.3860988617, -2.73074698448, -14.7577190399, 33.2216415405, 87.5304946899, 20.5883655548, 4.87332868576, 0.00853112526238], [-73.3083267212, 15.2207336426, -9.76374340057, -35.2210922241, -6.06880950928, 5.79261016846, 17.2338790894, 14.8899784088, 6.91955471039, 20.5883655548, 76.6236343384, 20.1239910126, -8.042719841], [-146.877166748, 23.6581363678, 7.27475166321, 23.4012069702, -1.74749672413, -5.60227775574, 10.4982347488, -6.07787656784, 4.63607120514, 4.87332868576, 20.1239910126, 77.241897583, 27.7640628815], [-227.661743164, 28.6793518066, 28.9126300812, 58.6924438477, 11.8949956894, -10.1449518204, -2.57372331619, -3.14045906067, 1.38649940491, 0.00853112526238, -8.042719841, 27.7640628815, 76.4672851562]],
        "icov": [[0.00013694811787, -7.36741058063e-05, -2.60729507318e-07, 0.000112931462354, 0.000204404903343, -0.000103188067442, 0.000198875626666, -5.34926621185e-05, 0.00027488503838, -8.03699003882e-05, 0.00020670008962, 3.76644238713e-05, 0.000310877861921], [-7.36741058063e-05, 0.0018302713288, 0.00064628320979, -0.00139687687624, -8.16177998786e-06, -1.24413199956e-05, -0.000368447537767, -0.000499956833664, -0.000458661699668, 0.000395687762648, -0.000890972907655, -2.67874111159e-05, -0.000187014244148], [-2.60729507318e-07, 0.00064628320979, 0.00280894502066, -0.000696615141351, -0.00116252771113, -0.00026878650533, 0.000262974470388, -0.0010241093114, 7.74958098191e-05, 0.000122964323964, -7.52546766307e-05, -0.000191827348317, -0.000598269456532], [0.000112931462354, -0.00139687687624, -0.000696615141351, 0.00390777178109, -0.00128819595557, 0.000498257984873, 0.000303741515381, 0.000339389429428, 0.00059056043392, -0.00108179426752, 0.00208440795541, -0.000573589466512, -0.0011683247285], [0.000204404903343, -8.16177998786e-06, -0.00116252771113, -0.00128819595557, 0.006523987744, -0.00157456076704, 0.00128367205616, 0.000284003035631, -0.000129834254039, -0.000616714882199, -0.000177002060809, 0.000641474151053, 0.000621954735834], [-0.000103188067442, -1.24413199956e-05, -0.00026878650533, 0.000498257984873, -0.00157456076704, 0.00942865107208, -0.00248454208486, -0.000585211731959, 0.000719986797776, -0.00181500066537, 0.000336518191034, 0.000354294956196, 0.00069872365566], [0.000198875626666, -0.000368447537767, 0.000262974470388, 0.000303741515381, 0.00128367205616, -0.00248454208486, 0.00912782922387, -0.00210827216506, -0.00131647556555, 0.000852937169839, -0.000678539276123, -0.0011458870722, 0.000457509624539], [-5.34926621185e-05, -0.000499956833664, -0.0010241093114, 0.000339389429428, 0.000284003035631, -0.000585211731959, -0.00210827216506, 0.0111142052338, -0.00290864147246, 0.00343658099882, -0.00280892336741, 0.00206622807309, -0.000574651174247], [0.00027488503838, -0.000458661699668, 7.74958098191e-05, 0.00059056043392, -0.000129834254039, 0.000719986797776, -0.00131647556555, -0.00290864147246, 0.0158265382051, -0.00692597450688, 0.00216338946484, -0.00085619132733, 0.000712007342372], [-8.03699003882e-05, 0.000395687762648, 0.000122964323964, -0.00108179426752, -0.000616714882199, -0.00181500066537, 0.000852937169839, 0.00343658099882, -0.00692597450688, 0.0164773762226, -0.00551749626175, 0.00100906018633, -0.000401817553211], [0.00020670008962, -0.000890972907655, -7.52546766307e-05, 0.00208440795541, -0.000177002060809, 0.000336518191034, -0.000678539276123, -0.00280892336741, 0.00216338946484, -0.00551749626175, 0.0181777533144, -0.00576265016571, 0.00327773438767], [3.76644238713e-05, -2.67874111159e-05, -0.000191827348317, -0.000573589466512, 0.000641474151053, 0.000354294956196, -0.0011458870722, 0.00206622807309, -0.00085619132733, 0.00100906018633, -0.00576265016571, 0.0173113066703, -0.00624767551199], [0.000310877861921, -0.000187014244148, -0.000598269456532, -0.0011683247285, 0.000621954735834, 0.00069872365566, 0.000457509624539, -0.000574651174247, 0.000712007342372, -0.000401817553211, 0.00327773438767, -0.00624767551199, 0.0177842061967]]
    },
    "spectral_contrast_coeffs": {
        "mean": [-0.690701723099, -0.745332658291, -0.737055659294, -0.780332326889, -0.781030595303, -0.736373901367],
        "stdev": [0.0789672732353, 0.067254178226, 0.0748807713389, 0.0520072169602, 0.0476628243923, 0.0487297661602]
    },
    "spectral_contrast_valleys": {
        "mean": [-7.43008613586, -7.00173044205, -7.83663034439, -8.14545059204, -7.92864847183, -10.7180156708],
        "stdev": [2.13321518898, 2.14478540421, 2.10880565643, 2.06647372246, 2.06392264366, 1.93000769615]
    }
},
"rhythm": {
    "beats_count": 323,
    "beats_loudness": {
        "mean": 0.0268644001335,
        "stdev": 0.0207238215953
    },
    "bpm": 93.4654464722,
    "bpm_histogram_first_peak_bpm": 92,
    "bpm_histogram_first_peak_weight": 0.618421077728,
    "bpm_histogram_second_peak_bpm": 98,
    "bpm_histogram_second_peak_spread": 0,
    "bpm_histogram_second_peak_weight": 0.0527950301766,
    "danceability": 1.05585765839,
    "onset_rate": 2.48599004745,
    "beats_loudness_band_ratio": {
        "mean": [0.269946277142, 0.255951702595, 0.212067097425, 0.13395409286, 0.0761629715562, 0.0756914764643],
        "stdev": [0.224540248513, 0.177545174956, 0.152076601982, 0.130831509829, 0.0702623277903, 0.0539518557489]
    },
    "beats_position": [0.673378646374, 1.34675729275, 2.02013611794, 2.69351458549, 3.3785033226, 4.06349182129, 4.74848079681, 5.4334692955, 6.13006782532, 6.80344676971, 7.46521520615, 8.12698364258, 8.78875255585, 9.43891143799, 10.0890703201, 10.7392292023, 11.3777770996, 12.0279359818, 12.6780948639, 13.328253746, 13.966802597, 14.5937414169, 15.2439002991, 15.8824491501, 16.50938797, 17.1479358673, 17.786485672, 18.4250335693, 19.0635814667, 19.7021312714, 20.3406791687, 20.9792289734, 21.6177768707, 22.2563266754, 22.8948745728, 23.5334243774, 24.1835823059, 24.8221302032, 25.4606800079, 26.0992279053, 26.73777771, 27.3879356384, 28.0380954742, 28.6650333405, 29.291973114, 29.9189109802, 30.5342407227, 31.1611785889, 31.776506424, 32.391834259, 33.0187759399, 33.6689338684, 34.2958717346, 34.9228096008, 35.5497512817, 36.1766891479, 36.8036270142, 37.4305648804, 38.0575065613, 38.7076644897, 39.3578224182, 39.9963722229, 40.6349182129, 41.2734680176, 41.9120178223, 42.5621757507, 43.2123336792, 43.8624954224, 44.5126533508, 45.1628112793, 45.801361084, 46.439907074, 47.0900688171, 47.7402267456, 48.3903846741, 49.0405426025, 49.690700531, 50.3408622742, 50.9910202026, 51.6411781311, 52.2913360596, 52.941493988, 53.5916557312, 54.2418136597, 54.9151916504, 55.5885696411, 56.2619476318, 56.912109375, 57.5622673035, 58.2124252319, 58.8625831604, 59.5127410889, 60.1861228943, 60.8362808228, 61.4864387512, 62.1482086182, 62.7983665466, 63.4485244751, 64.0870742798, 64.714012146, 65.3409500122, 65.9678878784, 66.5948257446, 67.2449874878, 67.895149231, 68.5220870972, 69.1606369019, 69.7991790771, 70.4493408203, 71.0995025635, 71.7496566772, 72.3998184204, 73.0499725342, 73.7001342773, 74.3502960205, 75.0004501343, 75.638999939, 76.2659378052, 76.9044876099, 77.5430374146, 78.1815872192, 78.831741333, 79.4935150146, 80.1552810669, 80.8054428101, 81.4439926147, 82.0941467285, 82.7326965332, 83.3828582764, 84.0330123901, 84.6831741333, 85.3333282471, 85.9834899902, 86.6336517334, 87.2838058472, 87.9107437134, 88.5492935181, 89.1994552612, 89.8612213135, 90.5113830566, 91.1615371704, 91.8000869751, 92.4502487183, 93.0887985229, 93.7389526367, 94.3891143799, 95.039276123, 95.6894302368, 96.33959198, 96.9897460938, 97.6399078369, 98.2784576416, 98.9170074463, 99.5787734985, 100.228935242, 100.879089355, 101.51763916, 102.156188965, 102.79473877, 103.433288574, 104.083442688, 104.721992493, 105.360542297, 106.010704041, 106.649246216, 107.287796021, 107.926345825, 108.56489563, 109.203445435, 109.853607178, 110.503761292, 111.153923035, 111.792472839, 112.431015015, 113.081176758, 113.719726562, 114.358276367, 114.996826172, 115.646980286, 116.28553009, 116.924079895, 117.5626297, 118.189567566, 118.816505432, 119.466667175, 120.10521698, 120.743759155, 121.393920898, 122.055686951, 122.717460632, 123.367614746, 124.006164551, 124.656326294, 125.306480408, 125.945030212, 126.583580017, 127.23374176, 127.883895874, 128.545669556, 129.195831299, 129.845977783, 130.496139526, 131.134689331, 131.773239136, 132.423400879, 133.061950684, 133.700500488, 134.350662231, 135.000808716, 135.639358521, 136.277908325, 136.928070068, 137.566619873, 138.205169678, 138.832107544, 139.45904541, 140.097595215, 140.73614502, 141.363082886, 141.990020752, 142.616958618, 143.243896484, 143.870834351, 144.497772217, 145.136322021, 145.774871826, 146.401809692, 147.040359497, 147.678909302, 148.317459106, 148.956008911, 149.606170654, 150.233108521, 150.860046387, 151.498596191, 152.113922119, 152.740859985, 153.344573975, 153.948303223, 154.586837769, 155.225387573, 155.852325439, 156.479278564, 157.129425049, 157.756362915, 158.383300781, 159.010253906, 159.637191772, 160.264129639, 160.891067505, 161.518005371, 162.144943237, 162.771881104, 163.387207031, 164.002532959, 164.629470825, 165.256408691, 165.883346558, 166.510284424, 167.137237549, 167.764175415, 168.367889404, 168.971603394, 169.575332642, 170.190658569, 170.805984497, 171.432922363, 172.059860229, 172.686798096, 173.3253479, 173.963897705, 174.590835571, 175.217773438, 175.844711304, 176.47164917, 177.098587036, 177.737136841, 178.375686646, 179.002624512, 179.641174316, 180.256500244, 180.895050049, 181.533599854, 182.172149658, 182.810699463, 183.426025391, 184.041351318, 184.679901123, 185.341674805, 185.991836548, 186.641998291, 187.268936157, 187.895874023, 188.52281189, 189.149749756, 189.776687622, 190.403625488, 191.042175293, 191.669113159, 192.296051025, 192.93460083, 193.561538696, 194.176864624, 194.80380249, 195.442352295, 196.0809021, 196.731063843, 197.369613647, 197.996551514, 198.62348938, 199.250427246, 199.888977051, 200.527526855, 201.16607666, 201.804626465, 202.44317627, 203.081726074, 203.731872559, 204.382034302, 205.032196045, 205.693969727, 206.344116211, 206.994277954],
    "bpm_histogram": [0, 0, 0, 0, 0, 0, 0, 0, 0, 0, 0, 0, 0, 0, 0, 0, 0, 0, 0, 0, 0, 0, 0, 0, 0, 0, 0, 0, 0, 0, 0, 0, 0, 0, 0, 0, 0, 0, 0, 0, 0, 0, 0, 0, 0, 0, 0, 0, 0, 0, 0, 0, 0, 0, 0, 0, 0, 0, 0, 0, 0, 0, 0, 0, 0, 0, 0, 0, 0, 0, 0, 0, 0, 0, 0, 0, 0, 0, 0, 0, 0, 0, 0, 0, 0, 0, 0.00310559011996, 0, 0.0124223604798, 0.0248447209597, 0, 0.0403726696968, 0.319875776768, 0, 0.316770195961, 0, 0.229813665152, 0, 0.0372670814395, 0.0155279505998, 0, 0, 0, 0, 0, 0, 0, 0, 0, 0, 0, 0, 0, 0, 0, 0, 0, 0, 0, 0, 0, 0, 0, 0, 0, 0, 0, 0, 0, 0, 0, 0, 0, 0, 0, 0, 0, 0, 0, 0, 0, 0, 0, 0, 0, 0, 0, 0, 0, 0, 0, 0, 0, 0, 0, 0, 0, 0, 0, 0, 0, 0, 0, 0, 0, 0, 0, 0, 0, 0, 0, 0, 0, 0, 0, 0, 0, 0, 0, 0, 0, 0, 0, 0, 0, 0, 0, 0, 0, 0, 0, 0, 0, 0, 0, 0, 0, 0, 0, 0, 0, 0, 0, 0, 0, 0, 0, 0, 0, 0, 0, 0, 0, 0, 0, 0, 0, 0, 0, 0, 0, 0, 0, 0, 0, 0, 0, 0, 0, 0, 0, 0, 0, 0, 0, 0, 0, 0, 0, 0, 0, 0, 0, 0, 0, 0, 0, 0, 0, 0]
},
"tonal": {
    "chords_changes_rate": 0.0411541052163,
    "chords_number_rate": 0.00246029975824,
    "chords_strength": {
        "mean": 0.545634686947,
        "stdev": 0.15642234683
    },
    "hpcp_crest": {
        "mean": 14.5870780945,
        "stdev": 7.43005609512
    },
    "hpcp_entropy": {
        "mean": 1.86414182186,
        "stdev": 0.737623274326
    },
    "key_edma": {
        "strength": 0.774344205856,
        "key": "B",
        "scale": "major"
    },
    "key_krumhansl": {
        "strength": 0.780779957771,
        "key": "B",
        "scale": "major"
    },
    "key_temperley": {
        "strength": 0.785698533058,
        "key": "B",
        "scale": "major"
    },
    "tuning_diatonic_strength": 0.599577724934,
    "tuning_equal_tempered_deviation": 0,
    "tuning_frequency": 445.884552002,
    "tuning_nontempered_energy_ratio": 0.674581825733,
    "hpcp": {
        "mean": [0.0682333037257, 0.0572545006871, 0.111101821065, 0.183794900775, 0.135996833444, 0.171550527215, 0.246328175068, 0.139131784439, 0.0450543388724, 0.0344769842923, 0.0423364937305, 0.122138895094, 0.202375665307, 0.144163146615, 0.0854319855571, 0.0922502651811, 0.0784645602107, 0.180456995964, 0.281967073679, 0.186568379402, 0.168940484524, 0.277970910072, 0.208523795009, 0.0871546268463, 0.0810959339142, 0.0906335785985, 0.204930022359, 0.344952553511, 0.238446727395, 0.0887297540903, 0.0777821689844, 0.0640415996313, 0.104588888586, 0.167381599545, 0.123002439737, 0.0719502344728],
        "stdev": [0.170633077621, 0.139111608267, 0.182297304273, 0.287816822529, 0.206413224339, 0.23710039258, 0.308859020472, 0.202881738544, 0.128540307283, 0.106420993805, 0.117956884205, 0.191443279386, 0.269200205803, 0.205031007528, 0.171094939113, 0.190598532557, 0.16161622107, 0.257550060749, 0.360002845526, 0.253640264273, 0.23425655067, 0.371425390244, 0.295597165823, 0.164220035076, 0.176298856735, 0.182982191443, 0.254735797644, 0.351303994656, 0.282675683498, 0.154799640179, 0.162201941013, 0.141666933894, 0.174926295877, 0.257316470146, 0.20256267488, 0.161356925964]
    },
    "chords_histogram": [23.9767398834, 13.285618782, 13.7776784897, 0.872288107872, 0, 0, 0.402594506741, 0, 0.0670990794897, 0.536792635918, 0, 0.0447327233851, 0, 0.0223663616925, 0, 3.84701418877, 0.313129067421, 3.62335038185, 3.01945877075, 1.83404159546, 2.10243797302, 8.34265232086, 21.1585769653, 2.77342867851],
    "thpcp": [1, 0.691245019436, 0.257223069668, 0.225486576557, 0.185653358698, 0.30319789052, 0.485230773687, 0.356577843428, 0.208580091596, 0.197804898024, 0.16597789526, 0.322078555822, 0.53281211853, 0.394247949123, 0.497316300869, 0.71409291029, 0.403336018324, 0.130610242486, 0.0999470353127, 0.122731350362, 0.354074478149, 0.586676836014, 0.417921662331, 0.247663006186, 0.267428845167, 0.227464795113, 0.523135721684, 0.817408263683, 0.540852308273, 0.489749908447, 0.805823624134, 0.604499936104, 0.252656847239, 0.235093012452, 0.262742161751, 0.594081759453],
    "chords_key": "B",
    "chords_scale": "major"
}
}