{
"metadata": {
    "version": {
        "essentia": "2.1-dev",
        "essentia_git_sha": "v2.1_beta3-415-gd5473f3",
        "extractor": "music 2.0"
    },
    "audio_properties": {
        "analysis": {
            "equal_loudness": 0,
            "length": 208.222045898,
            "sample_rate": 44100,
            "start_time": 0,
            "downmix": "mix"
        },
        "bit_rate": 192000,
        "length": 208.222045898,
        "lossless": 0,
        "number_channels": 2,
        "replay_gain": -10.6232814789,
        "sample_rate": 44100,
        "codec": "mp3",
        "md5_encoded": "d0699a2eaf3ad751bed46be6d52df5f6"
    },
    "tags": {
        "file_name": "inessa_and_dante_thomas-guilty.mp3",
        "album": ["Sexy Soul - CD1"],
        "artist": ["Inessa & Dante Thomas"],
        "date": ["2002"],
        "genre": ["Soul"],
        "title": ["Guilty"]
    }
},
"lowlevel": {
    "average_loudness": 0.643786847591,
    "barkbands_crest": {
        "mean": 12.9004497528,
        "stdev": 6.03575801849
    },
    "barkbands_flatness_db": {
        "mean": 0.142818614841,
        "stdev": 0.0702335759997
    },
    "barkbands_kurtosis": {
        "mean": 12.1293773651,
        "stdev": 43.6632843018
    },
    "barkbands_skewness": {
        "mean": 2.12253236771,
        "stdev": 2.4933180809
    },
    "barkbands_spread": {
        "mean": 29.7325820923,
        "stdev": 20.6907634735
    },
    "dissonance": {
        "mean": 0.456821531057,
        "stdev": 0.0338502265513
    },
    "dynamic_complexity": 4.48616218567,
    "erbbands_crest": {
        "mean": 9.61467075348,
        "stdev": 5.01369905472
    },
    "erbbands_flatness_db": {
        "mean": 0.133537948132,
        "stdev": 0.0483232215047
    },
    "erbbands_kurtosis": {
        "mean": 1.03364741802,
        "stdev": 3.8461356163
    },
    "erbbands_skewness": {
        "mean": 0.353926330805,
        "stdev": 1.06966865063
    },
    "erbbands_spread": {
        "mean": 55.8665657043,
        "stdev": 31.673532486
    },
    "hfc": {
        "mean": 31.6185054779,
        "stdev": 35.7299995422
    },
    "loudness_ebu128": {
        "integrated": -12.2230091095,
        "loudness_range": 4.03660297394,
        "momentary": {
            "mean": -17.0785121918,
            "stdev": 27.0017490387
        },
        "short_term": {
            "mean": -14.391582489,
            "stdev": 8.97138500214
        }
    },
    "melbands_crest": {
        "mean": 16.9957847595,
        "stdev": 7.45592737198
    },
    "melbands_flatness_db": {
        "mean": 0.200173303485,
        "stdev": 0.096717454493
    },
    "melbands_kurtosis": {
        "mean": 44.2671775818,
        "stdev": 113.989883423
    },
    "melbands_skewness": {
        "mean": 4.11442327499,
        "stdev": 3.81202864647
    },
    "melbands_spread": {
        "mean": 30.2579784393,
        "stdev": 36.7829475403
    },
    "pitch_salience": {
        "mean": 0.491984605789,
        "stdev": 0.176375806332
    },
    "silence_rate_20dB": {
        "mean": 1,
        "stdev": 0
    },
    "silence_rate_30dB": {
        "mean": 0.913368284702,
        "stdev": 0.281296700239
    },
    "silence_rate_60dB": {
        "mean": 0.140260905027,
        "stdev": 0.347256213427
    },
    "spectral_centroid": {
        "mean": 1669.61535645,
        "stdev": 1318.42712402
    },
    "spectral_complexity": {
        "mean": 12.9065666199,
        "stdev": 9.94763278961
    },
    "spectral_decrease": {
        "mean": -9.24243437339e-09,
        "stdev": 1.06349595796e-08
    },
    "spectral_energy": {
        "mean": 0.0377511158586,
        "stdev": 0.0412604101002
    },
    "spectral_energyband_high": {
        "mean": 0.00230534956791,
        "stdev": 0.00363682303578
    },
    "spectral_energyband_low": {
        "mean": 0.0218220464885,
        "stdev": 0.0366858355701
    },
    "spectral_energyband_middle_high": {
        "mean": 0.00451602600515,
        "stdev": 0.00622957199812
    },
    "spectral_energyband_middle_low": {
        "mean": 0.0101840337738,
        "stdev": 0.0151877226308
    },
    "spectral_entropy": {
        "mean": 7.83226776123,
        "stdev": 0.533467710018
    },
    "spectral_flux": {
        "mean": 0.0934399440885,
        "stdev": 0.0766785293818
    },
    "spectral_kurtosis": {
        "mean": 2.40006756783,
        "stdev": 2.46788239479
    },
    "spectral_rms": {
        "mean": 0.00513097504154,
        "stdev": 0.00324089918286
    },
    "spectral_rolloff": {
        "mean": 2819.66040039,
        "stdev": 3631.28540039
    },
    "spectral_skewness": {
        "mean": 1.30489611626,
        "stdev": 0.5117431283
    },
    "spectral_spread": {
        "mean": 7612502,
        "stdev": 4068005.75
    },
    "spectral_strongpeak": {
        "mean": 1.04875695705,
        "stdev": 1.80362963676
    },
    "zerocrossingrate": {
        "mean": 0.105339176953,
        "stdev": 0.0870334729552
    },
    "barkbands": {
        "mean": [0.000750650127884, 0.0179181415588, 0.00228149653412, 0.00176057324279, 0.00316916732118, 0.00147311331239, 0.00139299384318, 0.00120914843865, 0.000721471908037, 0.00121794338338, 0.000777979730628, 0.000449660321465, 0.000363308994565, 0.000367302040104, 0.000377331365598, 0.000300955551211, 0.000266959774308, 0.000272802950349, 0.000233492144616, 0.00028962205397, 0.000292686425382, 0.000278711610008, 0.000360138510587, 0.000450036925031, 0.000437573093222, 0.000280393054709, 5.72313583689e-05],
        "stdev": [0.00221295235679, 0.0313858576119, 0.00809409469366, 0.00621367571875, 0.00738648325205, 0.00239841314033, 0.00298595777713, 0.0030869548209, 0.00185941543896, 0.00281008635648, 0.00223295926116, 0.00140354025643, 0.00111801887397, 0.00107257859781, 0.0012508877553, 0.000943705323152, 0.000812644837424, 0.000698447285686, 0.000530277669895, 0.000503993942402, 0.000577739381697, 0.000489436613861, 0.000792783801444, 0.00119583576452, 0.00100935518276, 0.000615158001892, 0.000120626667922]
    },
    "erbbands": {
        "mean": [0.606150746346, 3.60505890846, 3.3197247982, 4.77743673325, 9.14711475372, 9.43426895142, 12.3640174866, 10.9464225769, 16.1587982178, 26.308511734, 25.013463974, 16.6577301025, 32.9888153076, 35.7496566772, 28.7553653717, 19.8953762054, 16.4527320862, 19.5714206696, 22.390630722, 16.6084060669, 15.1746501923, 14.2785158157, 15.56183815, 11.9130659103, 13.5086126328, 13.0629777908, 12.6097869873, 11.1399564743, 9.7898015976, 9.59322547913, 10.8625125885, 8.85338306427, 7.9021935463, 5.6923828125, 2.58067798615, 1.46486628056, 0.464060783386, 0.0878271758556, 0.0111616905779, 0.000387601176044],
        "stdev": [1.21225810051, 6.39840316772, 8.45271873474, 16.2356014252, 33.8522033691, 17.0728302002, 21.2028808594, 18.9952716827, 29.6565742493, 65.1542205811, 66.438041687, 41.3699493408, 83.0031738281, 82.6066360474, 79.9572753906, 54.1120567322, 48.0038871765, 53.4644470215, 81.3113250732, 43.9487495422, 45.7556152344, 38.5110244751, 40.6664199829, 32.0184135437, 25.2184085846, 22.8502349854, 24.9017963409, 22.107378006, 17.5591373444, 15.3849849701, 26.3128833771, 24.395357132, 21.4174404144, 15.046877861, 5.92139387131, 4.01880836487, 0.920032143593, 0.154439687729, 0.0245414916426, 0.000770593993366]
    },
    "gfcc": {
        "mean": [-26.1042785645, 39.9074249268, -90.7623977661, 22.6143360138, -68.0712890625, 14.0700521469, -41.7282714844, 10.2149820328, -29.8183193207, 5.42304515839, -15.1759223938, 3.4265768528, -6.04630041122],
        "cov": [[30980.625, -36.4958000183, -892.819396973, 319.141723633, -760.542236328, 213.100723267, -355.183288574, 344.484710693, -229.072311401, 278.121795654, -364.580535889, 195.095413208, -356.613922119], [-36.4958000183, 1744.8782959, -130.402160645, 191.802352905, 302.146759033, 246.779632568, 240.006027222, 147.439559937, 98.2253646851, 42.8624954224, 121.652137756, -76.8925170898, 138.602966309], [-892.819396973, -130.402160645, 1478.14685059, 457.252288818, 583.510437012, 239.302490234, 317.730163574, 128.782943726, 232.056915283, 101.283126831, 70.0707015991, 108.105949402, -79.0679779053], [319.141723633, 191.802352905, 457.252288818, 985.028747559, 335.844482422, 262.673492432, 158.053070068, 220.457855225, 171.123275757, 54.4334907532, 77.4906005859, 46.4810409546, 15.3093185425], [-760.542236328, 302.146759033, 583.510437012, 335.844482422, 776.854553223, 296.696105957, 368.459472656, 148.485473633, 195.729354858, 120.781822205, 76.906036377, 44.1253013611, 39.1348876953], [213.100723267, 246.779632568, 239.302490234, 262.673492432, 296.696105957, 539.07800293, 305.253112793, 120.89239502, 112.605186462, 124.806732178, 63.580997467, 12.6739091873, 18.5912647247], [-355.183288574, 240.006027222, 317.730163574, 158.053070068, 368.459472656, 305.253112793, 423.988006592, 131.121810913, 144.648574829, 95.8430633545, 74.6785736084, 28.5707683563, 24.181974411], [344.484710693, 147.439559937, 128.782943726, 220.457855225, 148.485473633, 120.89239502, 131.121810913, 271.237213135, 118.108772278, 72.9342346191, 69.385635376, 45.2728118896, 47.8703079224], [-229.072311401, 98.2253646851, 232.056915283, 171.123275757, 195.729354858, 112.605186462, 144.648574829, 118.108772278, 234.670608521, 73.1993789673, 56.434928894, 39.3640289307, 3.85402345657], [278.121795654, 42.8624954224, 101.283126831, 54.4334907532, 120.781822205, 124.806732178, 95.8430633545, 72.9342346191, 73.1993789673, 157.070022583, 58.5206565857, 18.4140377045, 9.20970726013], [-364.580535889, 121.652137756, 70.0707015991, 77.4906005859, 76.906036377, 63.580997467, 74.6785736084, 69.385635376, 56.434928894, 58.5206565857, 138.075622559, 31.1310005188, 34.8286781311], [195.095413208, -76.8925170898, 108.105949402, 46.4810409546, 44.1253013611, 12.6739091873, 28.5707683563, 45.2728118896, 39.3640289307, 18.4140377045, 31.1310005188, 111.472541809, 14.3452072144], [-356.613922119, 138.602966309, -79.0679779053, 15.3093185425, 39.1348876953, 18.5912647247, 24.181974411, 47.8703079224, 3.85402345657, 9.20970726013, 34.8286781311, 14.3452072144, 153.198425293]],
        "icov": [[4.31528569607e-05, -2.6142304705e-05, 3.05818684865e-05, -2.96359412459e-05, 4.69938058814e-05, -2.52988484135e-05, 2.43467075052e-05, -9.4613773399e-05, 7.97732500359e-05, -0.000165150835528, 0.000198456429644, -0.000168496932019, 0.000138215735205], [-2.6142304705e-05, 0.000822533562314, 0.000190426857444, -1.99839669222e-05, -0.000307789043291, -0.000143711920828, -0.000175029039383, -0.000104850398202, -0.000182613919606, 0.000482109753648, -0.000702931254636, 0.000907626585104, -0.000497858040035], [3.05818684865e-05, 0.000190426857444, 0.00127388548572, -0.000327190035023, -0.000693876994774, 7.44775097701e-05, -0.000292492070002, 0.00011614846153, -0.000281257671304, -4.32597917097e-05, -1.49022116602e-05, -0.000725683872588, 0.000848177354783], [-2.96359412459e-05, -1.99839669222e-05, -0.000327190035023, 0.00164557062089, -0.000404456717661, -0.000712521607056, 0.000788768695202, -0.000948312750552, -0.000426845042966, 0.000881128886249, -0.000470258673886, 0.000227153432206, 2.07937482628e-05], [4.69938058814e-05, -0.000307789043291, -0.000693876994774, -0.000404456717661, 0.00307284248993, 4.76785353385e-05, -0.00162726338021, 0.00021824768919, -0.000377745484002, -0.000976463081315, 0.00077942275675, -0.000189103462617, -0.000623218016699], [-2.52988484135e-05, -0.000143711920828, 7.44775097701e-05, -0.000712521607056, 4.76785353385e-05, 0.00380138680339, -0.0024009947665, 0.000269628595561, 0.00038542386028, -0.00177362572867, 0.000338523997925, 0.000287803384708, -4.96553820994e-06], [2.43467075052e-05, -0.000175029039383, -0.000292492070002, 0.000788768695202, -0.00162726338021, -0.0024009947665, 0.00620328588411, -0.00102940457873, -0.000954278802965, 0.00049287796719, -0.000767795019783, -1.97764438781e-05, 0.000205574571737], [-9.4613773399e-05, -0.000104850398202, 0.00011614846153, -0.000948312750552, 0.00021824768919, 0.000269628595561, -0.00102940457873, 0.00650888774544, -0.00171782262623, -0.000981846358627, -0.000938157842029, -0.000892772572115, -0.00153137848247], [7.97732500359e-05, -0.000182613919606, -0.000281257671304, -0.000426845042966, -0.000377745484002, 0.00038542386028, -0.000954278802965, -0.00171782262623, 0.00732184853405, -0.00169394141994, -0.000104885250039, -0.00117678905372, 0.00103720580228], [-0.000165150835528, 0.000482109753648, -4.32597917097e-05, 0.000881128886249, -0.000976463081315, -0.00177362572867, 0.00049287796719, -0.000981846358627, -0.00169394141994, 0.0106452060863, -0.00378663162701, 0.00106339482591, -7.33599154046e-05], [0.000198456429644, -0.000702931254636, -1.49022116602e-05, -0.000470258673886, 0.00077942275675, 0.000338523997925, -0.000767795019783, -0.000938157842029, -0.000104885250039, -0.00378663162701, 0.0114380000159, -0.00282037095167, -0.000794599473011], [-0.000168496932019, 0.000907626585104, -0.000725683872588, 0.000227153432206, -0.000189103462617, 0.000287803384708, -1.97764438781e-05, -0.000892772572115, -0.00117678905372, 0.00106339482591, -0.00282037095167, 0.0121760368347, -0.00184841803275], [0.000138215735205, -0.000497858040035, 0.000848177354783, 2.07937482628e-05, -0.000623218016699, -4.96553820994e-06, 0.000205574571737, -0.00153137848247, 0.00103720580228, -7.33599154046e-05, -0.000794599473011, -0.00184841803275, 0.00867324043065]]
    },
    "melbands": {
        "mean": [0.00527134304866, 0.00285020121373, 0.000959030992817, 0.000679145567119, 0.000432924047345, 0.000255788501818, 0.000260045489995, 0.000282777647953, 0.000186713208677, 0.000103522419522, 0.000165488818311, 0.000145468555274, 0.000105888851976, 5.91958450968e-05, 4.15936774516e-05, 3.30617112922e-05, 3.60813501175e-05, 3.67541542801e-05, 2.27008113143e-05, 2.276282612e-05, 1.68681763171e-05, 1.40159381772e-05, 1.55445723067e-05, 1.31776378112e-05, 8.96786241356e-06, 9.40238805924e-06, 9.79571632342e-06, 8.40554366732e-06, 7.97156644694e-06, 7.36038191462e-06, 6.08111758993e-06, 5.48718844584e-06, 5.27030169906e-06, 5.35364324605e-06, 6.63454147798e-06, 5.3354829106e-06, 5.4929369071e-06, 5.47154968444e-06, 5.4994434322e-06, 4.57931537312e-06],
        "stdev": [0.00956406537443, 0.00532180676237, 0.00310777546838, 0.00184148130938, 0.000689658510964, 0.000430860643974, 0.000484236923512, 0.000677855103277, 0.000502662791405, 0.0002741048811, 0.00041941012023, 0.000356295146048, 0.000307462789351, 0.000186417528312, 0.00011338537297, 0.000108440079202, 0.000104716564238, 0.000143291821587, 6.14377713646e-05, 7.34117566026e-05, 5.96954378125e-05, 4.11481596529e-05, 4.38677016064e-05, 3.63161052519e-05, 2.71059470833e-05, 2.0595281967e-05, 1.7073489289e-05, 1.61833795573e-05, 1.6123189198e-05, 1.61198531714e-05, 1.24653397506e-05, 1.02171488834e-05, 9.46165800997e-06, 8.83492975845e-06, 1.59423525474e-05, 1.49958768816e-05, 1.60122199304e-05, 1.58912062034e-05, 1.43462730193e-05, 1.27673692987e-05]
    },
    "melbands128": {
        "mean": [0.000711441738531, 0.00465396186337, 0.00787436030805, 0.00530505366623, 0.00205647293478, 0.00111043592915, 0.000951984722633, 0.000862632819917, 0.00105291826185, 0.000681449309923, 0.000464614102384, 0.00048192605027, 0.00045474502258, 0.000355865253368, 0.000220968417125, 0.000237223459408, 0.0002304482623, 0.000256446859566, 0.000276454607956, 0.000342977436958, 0.000240698209382, 0.000237234387896, 0.000204392155865, 0.000104172591818, 9.36401847866e-05, 8.43471570988e-05, 0.000162775686476, 0.000201585484319, 0.000123584584799, 0.000188654070371, 0.000119291602459, 0.000130469779833, 0.000125471953652, 7.94486768427e-05, 4.73047039122e-05, 6.92696194164e-05, 4.94405612699e-05, 2.95733843814e-05, 5.31989571755e-05, 2.93226112262e-05, 2.35688330577e-05, 4.28306957474e-05, 3.76240786863e-05, 3.45409789588e-05, 2.5763105441e-05, 4.8547557526e-05, 3.54505027644e-05, 1.83036790986e-05, 1.82373878488e-05, 2.424683953e-05, 2.54057376878e-05, 2.02419432753e-05, 1.3996749658e-05, 1.88980829989e-05, 1.54724457389e-05, 1.00323723018e-05, 1.5758572772e-05, 1.89606380445e-05, 1.30010394059e-05, 1.43766728797e-05, 1.42789822348e-05, 1.14988952191e-05, 1.06257430161e-05, 7.79320635047e-06, 6.77556181472e-06, 9.90784064925e-06, 1.07445475805e-05, 9.74030172074e-06, 9.77874606178e-06, 9.70973269432e-06, 7.3593128036e-06, 8.49528987601e-06, 8.90947649168e-06, 7.42784504837e-06, 7.66710309108e-06, 7.3501287261e-06, 7.39393226468e-06, 6.89078478899e-06, 5.44108434042e-06, 5.95272194914e-06, 5.36002244189e-06, 5.40204337085e-06, 5.56551276532e-06, 5.12589622303e-06, 5.3549661061e-06, 4.69391079605e-06, 5.38063522981e-06, 6.40499865767e-06, 7.48283582652e-06, 6.24679660177e-06, 5.36479046787e-06, 5.06923061039e-06, 4.96027087138e-06, 5.76607271796e-06, 5.56099848836e-06, 5.59814907319e-06, 5.34134642294e-06, 5.49350079382e-06, 5.43587884749e-06, 5.77775517741e-06, 5.14099701832e-06, 4.55752115158e-06, 3.66700055565e-06, 2.8238566756e-06, 2.56000475929e-06, 3.05057415062e-06, 2.44069929067e-06, 2.15597810893e-06, 2.89390754915e-06, 2.79318464891e-06, 2.11439942177e-06, 1.58184536758e-06, 1.37576842008e-06, 1.13762462206e-06, 9.68578888205e-07, 7.4280529816e-07, 6.0680866909e-07, 4.10948302942e-07, 4.88913656227e-07, 3.83213830446e-07, 2.44701766405e-07, 2.83798271994e-07, 1.40986216479e-07, 1.56570326149e-10, 5.71609903507e-12, 5.28491746893e-12, 5.11356625446e-12, 5.59729042629e-12],
        "stdev": [0.00212103291415, 0.0106845693663, 0.0143604306504, 0.00983599107713, 0.0048241764307, 0.00410745339468, 0.00358072505333, 0.00326723535545, 0.00448014354333, 0.00195631361566, 0.000971368514001, 0.000935350195505, 0.000934643729124, 0.00079897796968, 0.000524258357473, 0.000542724388652, 0.000550918921363, 0.000651634880342, 0.000806042866316, 0.00106850836892, 0.000886094465386, 0.000790623133071, 0.000732092012186, 0.000417477887822, 0.000341625214787, 0.000395971874241, 0.000550431606825, 0.000676505966112, 0.000434824352851, 0.000635445176158, 0.000412714260165, 0.000465006392915, 0.000474629981909, 0.000390410452383, 0.000269391719485, 0.000290428026346, 0.000187316123629, 0.000128649960971, 0.000218509609113, 0.000152404041728, 0.000138640301884, 0.000214722575038, 0.000150223640958, 0.000135466776555, 0.00013647598098, 0.000281908403849, 0.000162717624335, 7.93955332483e-05, 6.97324430803e-05, 0.000112289962999, 0.000114815338748, 9.24152845982e-05, 7.8075012425e-05, 9.90667758742e-05, 8.23991067591e-05, 3.52330425812e-05, 6.60601872369e-05, 7.51883562771e-05, 4.90545062348e-05, 6.40245780232e-05, 5.18390952493e-05, 4.17520786868e-05, 4.10787433793e-05, 2.76404316537e-05, 2.26050196943e-05, 2.99443145195e-05, 2.64007012447e-05, 2.20692290895e-05, 2.10441939998e-05, 2.10653688555e-05, 1.74828401214e-05, 2.19173634832e-05, 2.0429115466e-05, 1.80083716259e-05, 2.03893341677e-05, 2.03526324185e-05, 1.97768385988e-05, 1.58268576342e-05, 1.25315700643e-05, 1.32609284265e-05, 1.18105417641e-05, 1.02385556602e-05, 1.21504326671e-05, 1.1040323443e-05, 9.53170820139e-06, 8.35906394059e-06, 9.88903229882e-06, 1.44816340253e-05, 1.87627574633e-05, 2.02751161851e-05, 1.89118163689e-05, 1.42151038744e-05, 1.62223295774e-05, 1.88160720427e-05, 1.69621725945e-05, 1.76478424692e-05, 1.70643379533e-05, 1.66142017406e-05, 1.44905889101e-05, 1.61900970852e-05, 1.62176838785e-05, 1.45807771332e-05, 1.03365837276e-05, 6.41511178401e-06, 5.41135477761e-06, 1.56335136126e-05, 9.42997485254e-06, 5.169461474e-06, 1.35111649797e-05, 9.990966646e-06, 5.36612515134e-06, 3.22616210724e-06, 2.97749556921e-06, 2.419229304e-06, 2.25810185839e-06, 1.36061555622e-06, 1.1510112472e-06, 1.07756363832e-06, 1.30383875785e-06, 9.78686216513e-07, 6.18180877154e-07, 7.79860556577e-07, 3.96154348437e-07, 9.09042952024e-10, 4.17867962454e-11, 1.46152048797e-11, 9.28557057633e-12, 5.27270831163e-11]
    },
    "mfcc": {
        "mean": [-669.197998047, 79.7348175049, 22.7062301636, 11.8579692841, 0.866871058941, -1.67081177235, 1.41724073887, -2.93206357956, -1.75087308884, -1.56856262684, -5.8561501503, -2.1637597084, 0.0712748616934],
        "cov": [[14140.8681641, 475.87310791, 149.970596313, 113.242027283, -150.418869019, -28.6079597473, -86.8628997803, 22.9942035675, 92.7334671021, 62.2795143127, 33.2172317505, -14.462012291, 32.8917388916], [475.87310791, 1549.80200195, -75.1127090454, -7.73970985413, 111.785614014, 123.512519836, 222.082275391, 56.0567893982, 131.174316406, 97.4734573364, 58.5398025513, 34.2516174316, 40.438911438], [149.970596313, -75.1127090454, 828.48626709, 320.100524902, 236.349380493, 219.758010864, 103.294364929, 191.997772217, 72.7001800537, 94.5174636841, 121.033172607, 111.942771912, 61.4318809509], [113.242027283, -7.73970985413, 320.100524902, 671.248901367, 352.885070801, 129.906387329, 131.700927734, 186.400405884, 140.812194824, 70.9641876221, 100.242126465, 129.482498169, 54.5539779663], [-150.418869019, 111.785614014, 236.349380493, 352.885070801, 438.219390869, 208.167480469, 169.196746826, 155.387161255, 152.428253174, 107.536132812, 96.6167297363, 110.567855835, 65.7991714478], [-28.6079597473, 123.512519836, 219.758010864, 129.906387329, 208.167480469, 506.70010376, 234.33480835, 176.961990356, 135.803863525, 168.415985107, 116.136276245, 61.7212715149, 78.1107330322], [-86.8628997803, 222.082275391, 103.294364929, 131.700927734, 169.196746826, 234.33480835, 360.844238281, 131.479904175, 144.381256104, 114.657546997, 73.2566680908, 83.4744796753, 68.9718322754], [22.9942035675, 56.0567893982, 191.997772217, 186.400405884, 155.387161255, 176.961990356, 131.479904175, 268.827270508, 124.266868591, 96.0867156982, 98.8033981323, 88.1792221069, 58.107093811], [92.7334671021, 131.174316406, 72.7001800537, 140.812194824, 152.428253174, 135.803863525, 144.381256104, 124.266868591, 226.466827393, 109.441970825, 61.6968955994, 62.650554657, 64.8628005981], [62.2795143127, 97.4734573364, 94.5174636841, 70.9641876221, 107.536132812, 168.415985107, 114.657546997, 96.0867156982, 109.441970825, 185.30015564, 90.3778610229, 56.1209068298, 53.4544296265], [33.2172317505, 58.5398025513, 121.033172607, 100.242126465, 96.6167297363, 116.136276245, 73.2566680908, 98.8033981323, 61.6968955994, 90.3778610229, 169.941726685, 91.9917755127, 44.7612113953], [-14.462012291, 34.2516174316, 111.942771912, 129.482498169, 110.567855835, 61.7212715149, 83.4744796753, 88.1792221069, 62.650554657, 56.1209068298, 91.9917755127, 157.450286865, 65.8431015015], [32.8917388916, 40.438911438, 61.4318809509, 54.5539779663, 65.7991714478, 78.1107330322, 68.9718322754, 58.107093811, 64.8628005981, 53.4544296265, 44.7612113953, 65.8431015015, 125.882514954]],
        "icov": [[7.41488911444e-05, -3.0854887882e-05, -2.35761708609e-05, -4.66957135359e-05, 8.70992225828e-05, -2.21194090955e-06, 4.83243238705e-05, 1.25318510982e-05, -5.48841817363e-05, -2.81159173028e-05, -5.93964659856e-06, 2.05024662137e-05, -2.25296389544e-05], [-3.0854887882e-05, 0.000755132990889, 0.00012030639482, 0.000167691134266, -0.000202813273063, 8.66256086738e-05, -0.000449219514849, 5.68549694435e-05, -0.000186274584848, -6.78511642036e-05, -0.000192842926481, 0.000119756048662, 3.69680419681e-05], [-2.35761708609e-05, 0.00012030639482, 0.00176544964779, -0.000479223002912, -0.000281254557194, -0.000432657339843, 0.00016053346917, -0.000607982743531, 0.000573732540943, -0.000106012397737, -0.000252029421972, -0.000268990377663, -9.8491931567e-05], [-4.66957135359e-05, 0.000167691134266, -0.000479223002912, 0.00309801637195, -0.00209097494371, 0.000502392358612, -8.76473495737e-05, -0.000742416363209, -0.000474311149446, 0.000604868633673, -0.000132613567985, -0.000623342813924, 0.000382286234526], [8.70992225828e-05, -0.000202813273063, -0.000281254557194, -0.00209097494371, 0.00534730823711, -0.000985702034086, -0.000227055701544, 0.00024590731482, -0.00119350431487, -0.000278322142549, 0.00015712986351, -0.000973900838289, 9.99785188469e-05], [-2.21194090955e-06, 8.66256086738e-05, -0.000432657339843, 0.000502392358612, -0.000985702034086, 0.00411059660837, -0.00162119430024, -0.00102524156682, 0.000404197373427, -0.00173753139097, -0.000915660581086, 0.00169178540818, -0.000737485883292], [4.83243238705e-05, -0.000449219514849, 0.00016053346917, -8.76473495737e-05, -0.000227055701544, -0.00162119430024, 0.00518330419436, -0.000329131318722, -0.00135335989762, -0.000361712649465, 0.000774290412664, -0.00143186096102, -0.000147521757754], [1.25318510982e-05, 5.68549694435e-05, -0.000607982743531, -0.000742416363209, 0.00024590731482, -0.00102524156682, -0.000329131318722, 0.0070620123297, -0.00196805829182, -2.01706261578e-05, -0.00130701006856, -0.000975258124527, 2.25522544497e-05], [-5.48841817363e-05, -0.000186274584848, 0.000573732540943, -0.000474311149446, -0.00119350431487, 0.000404197373427, -0.00135335989762, -0.00196805829182, 0.00878338702023, -0.00297119631432, 0.000710744876415, 0.000371980917407, -0.00168862426654], [-2.81159173028e-05, -6.78511642036e-05, -0.000106012397737, 0.000604868633673, -0.000278322142549, -0.00173753139097, -0.000361712649465, -2.01706261578e-05, -0.00297119631432, 0.0107496697456, -0.00333194388077, 0.000278664549114, -0.000744878721889], [-5.93964659856e-06, -0.000192842926481, -0.000252029421972, -0.000132613567985, 0.00015712986351, -0.000915660581086, 0.000774290412664, -0.00130701006856, 0.000710744876415, -0.00333194388077, 0.0112440567464, -0.00500676175579, 0.000578369188588], [2.05024662137e-05, 0.000119756048662, -0.000268990377663, -0.000623342813924, -0.000973900838289, 0.00169178540818, -0.00143186096102, -0.000975258124527, 0.000371980917407, 0.000278664549114, -0.00500676175579, 0.0127744022757, -0.00415979232639], [-2.25296389544e-05, 3.69680419681e-05, -9.8491931567e-05, 0.000382286234526, 9.99785188469e-05, -0.000737485883292, -0.000147521757754, 2.25522544497e-05, -0.00168862426654, -0.000744878721889, 0.000578369188588, -0.00415979232639, 0.0114526152611]]
    },
    "spectral_contrast_coeffs": {
        "mean": [-0.663417160511, -0.736764490604, -0.74232840538, -0.786729633808, -0.797103345394, -0.795724332333],
        "stdev": [0.114547997713, 0.0945819467306, 0.0962971299887, 0.0718924403191, 0.0545604228973, 0.0436535105109]
    },
    "spectral_contrast_valleys": {
        "mean": [-7.74569511414, -7.57215833664, -8.26258087158, -8.48208713531, -8.07479858398, -9.8018321991],
        "stdev": [2.54290556908, 2.43728804588, 2.34732556343, 2.32055854797, 2.37288284302, 2.27172493935]
    }
},
"rhythm": {
    "beats_count": 300,
    "beats_loudness": {
        "mean": 0.0678025186062,
        "stdev": 0.0450253598392
    },
    "bpm": 86.885307312,
    "bpm_histogram_first_peak_bpm": 88,
    "bpm_histogram_first_peak_weight": 0.43902438879,
    "bpm_histogram_second_peak_bpm": 83,
    "bpm_histogram_second_peak_spread": 0.25,
    "bpm_histogram_second_peak_weight": 0.0301003344357,
    "danceability": 1.15079188347,
    "onset_rate": 5.2536406517,
    "beats_loudness_band_ratio": {
        "mean": [0.6002830863, 0.176162853837, 0.0750870555639, 0.0649506002665, 0.0583106912673, 0.121212549508],
        "stdev": [0.283301383257, 0.182635366917, 0.0995227769017, 0.090352460742, 0.0779056921601, 0.116822861135]
    },
    "beats_position": [0.719818592072, 1.43963718414, 2.15945577621, 2.90249419212, 3.64553284645, 4.3653512001, 5.08516979218, 5.81659841537, 6.57124710083, 7.26784563065, 7.96444416046, 8.66104316711, 9.35764122009, 10.0542402267, 10.7392292023, 11.4242172241, 12.1208162308, 12.8174142838, 13.5024032593, 14.1873922348, 14.8839902878, 15.5689792633, 16.2539672852, 16.9505672455, 17.6355552673, 18.3205432892, 19.0171432495, 19.7021312714, 20.3871192932, 21.0837192535, 21.7803173065, 22.4536952972, 23.1502952576, 23.8352832794, 24.5318813324, 25.2168693542, 25.9134693146, 26.5984573364, 27.2834453583, 27.9800453186, 28.6650333405, 29.3500213623, 30.0466213226, 30.7432193756, 31.4282073975, 32.1131973267, 32.8097953796, 33.5063934326, 34.1913833618, 34.8763694763, 35.572971344, 36.2579574585, 36.9429473877, 37.6395454407, 38.3245353699, 39.0095214844, 39.7061233521, 40.3911094666, 41.0760993958, 41.7726974487, 42.4576873779, 43.1426734924, 43.8392753601, 44.5358734131, 45.2324714661, 45.9174575806, 46.6024475098, 47.2990455627, 47.9840354919, 48.6690254211, 49.3540115356, 50.0390014648, 50.7355995178, 51.420589447, 52.1171875, 52.8021774292, 53.4987754822, 54.1837615967, 54.8687515259, 55.5653495789, 56.2619476318, 56.946937561, 57.6319274902, 58.3285255432, 59.0135154724, 59.6985015869, 60.3950996399, 61.0916976929, 61.7766876221, 62.4616775513, 63.1582756042, 63.8432655334, 64.5282516479, 65.2248535156, 65.9098434448, 66.5948257446, 67.2914276123, 67.9764175415, 68.6614074707, 69.358001709, 70.0429916382, 70.7279815674, 71.4245758057, 72.1211776733, 72.8061676025, 73.4911575317, 74.18775177, 74.8843536377, 75.5693435669, 76.2543258667, 76.9509277344, 77.6359176636, 78.3209075928, 79.0175018311, 79.7141036987, 80.3990936279, 81.0840835571, 81.7806777954, 82.4656677246, 83.1506576538, 83.8472518921, 84.5322418213, 85.2172317505, 85.9138336182, 86.598815918, 87.2838058472, 87.9804077148, 88.665397644, 89.3503875732, 90.0469818115, 90.7319717407, 91.4169616699, 92.1135559082, 92.8101577759, 93.5067520142, 94.1917419434, 94.8767318726, 95.5733337402, 96.2699279785, 96.9433059692, 97.6399078369, 98.3248977661, 99.0098876953, 99.7064819336, 100.403083801, 101.08807373, 101.77305603, 102.469657898, 103.166259766, 103.839637756, 104.524627686, 105.209609985, 105.906211853, 106.602806091, 107.299407959, 107.984397888, 108.669387817, 109.365982056, 110.050971985, 110.735961914, 111.432563782, 112.12915802, 112.814147949, 113.499137878, 114.195732117, 114.880722046, 115.565711975, 116.262313843, 116.958908081, 117.632286072, 118.328887939, 119.013877869, 119.698867798, 120.395462036, 121.092063904, 121.777046204, 122.473648071, 123.158638, 123.84362793, 124.528617859, 125.225212097, 125.910202026, 126.595191956, 127.291786194, 127.988388062, 128.673370361, 129.35836792, 130.054962158, 130.739959717, 131.424942017, 132.121536255, 132.818145752, 133.491516113, 134.176498413, 134.87310791, 135.55809021, 136.254684448, 136.939682007, 137.624664307, 138.321273804, 139.017868042, 139.702850342, 140.3878479, 141.084442139, 141.769424438, 142.454421997, 143.151016235, 143.847610474, 144.532608032, 145.217590332, 145.914199829, 146.610794067, 147.295776367, 147.980773926, 148.665756226, 149.350738525, 150.047348022, 150.743942261, 151.428924561, 152.113922119, 152.798904419, 153.495513916, 154.180496216, 154.877090454, 155.573699951, 156.258682251, 156.943664551, 157.628662109, 158.313644409, 159.010253906, 159.706848145, 160.391830444, 161.076828003, 161.773422241, 162.470016479, 163.155014038, 163.839996338, 164.536590576, 165.233200073, 165.918182373, 166.603164673, 167.288162231, 167.973144531, 168.65814209, 169.34312439, 170.039718628, 170.736328125, 171.432922363, 172.129516602, 172.802902222, 173.49949646, 174.184494019, 174.881088257, 175.566070557, 176.262680054, 176.959274292, 177.632644653, 178.32925415, 179.01423645, 179.69921875, 180.395828247, 181.092422485, 181.777404785, 182.462402344, 183.158996582, 183.85559082, 184.540588379, 185.225570679, 185.910568237, 186.595550537, 187.292144775, 187.988754272, 188.673736572, 189.358734131, 190.055328369, 190.751922607, 191.436920166, 192.121902466, 192.818496704, 193.503494263, 194.188476562, 194.873458862, 195.558456421, 196.255050659, 196.951644897, 197.636642456, 198.321624756, 199.018234253, 199.714828491, 200.399810791, 201.08480835, 201.781402588, 202.466384888, 203.151382446, 203.847976685, 204.556182861, 205.276000977, 205.995819092, 206.715637207, 207.435455322],
    "bpm_histogram": [0, 0, 0, 0, 0, 0, 0, 0, 0, 0, 0, 0, 0, 0, 0, 0, 0, 0, 0, 0, 0, 0, 0, 0, 0, 0, 0, 0, 0, 0, 0, 0, 0, 0, 0, 0, 0, 0, 0, 0, 0, 0, 0, 0, 0, 0, 0, 0, 0, 0, 0, 0, 0, 0, 0, 0, 0, 0, 0, 0, 0, 0, 0, 0, 0, 0, 0, 0, 0, 0, 0, 0, 0, 0, 0, 0, 0, 0, 0, 0, 0.0033444815781, 0.00668896315619, 0.0033444815781, 0.0267558526248, 0, 0.0033444815781, 0.418060213327, 0, 0.515050172806, 0.0234113708138, 0, 0, 0, 0, 0, 0, 0, 0, 0, 0, 0, 0, 0, 0, 0, 0, 0, 0, 0, 0, 0, 0, 0, 0, 0, 0, 0, 0, 0, 0, 0, 0, 0, 0, 0, 0, 0, 0, 0, 0, 0, 0, 0, 0, 0, 0, 0, 0, 0, 0, 0, 0, 0, 0, 0, 0, 0, 0, 0, 0, 0, 0, 0, 0, 0, 0, 0, 0, 0, 0, 0, 0, 0, 0, 0, 0, 0, 0, 0, 0, 0, 0, 0, 0, 0, 0, 0, 0, 0, 0, 0, 0, 0, 0, 0, 0, 0, 0, 0, 0, 0, 0, 0, 0, 0, 0, 0, 0, 0, 0, 0, 0, 0, 0, 0, 0, 0, 0, 0, 0, 0, 0, 0, 0, 0, 0, 0, 0, 0, 0, 0, 0, 0, 0, 0, 0, 0, 0, 0, 0, 0, 0, 0, 0, 0, 0, 0, 0, 0, 0, 0, 0, 0, 0, 0, 0, 0, 0, 0, 0]
},
"tonal": {
    "chords_changes_rate": 0.0729096978903,
    "chords_number_rate": 0.00245261983946,
    "chords_strength": {
        "mean": 0.531770825386,
        "stdev": 0.165965586901
    },
    "hpcp_crest": {
        "mean": 14.5941324234,
        "stdev": 7.71814346313
    },
    "hpcp_entropy": {
        "mean": 1.86634528637,
        "stdev": 0.857906937599
    },
    "key_edma": {
        "strength": 0.759706377983,
        "key": "C",
        "scale": "major"
    },
    "key_krumhansl": {
        "strength": 0.759778022766,
        "key": "C",
        "scale": "major"
    },
    "key_temperley": {
        "strength": 0.764623522758,
        "key": "G",
        "scale": "major"
    },
    "tuning_diatonic_strength": 0.771011292934,
    "tuning_equal_tempered_deviation": 0.209837406874,
    "tuning_frequency": 434.193115234,
    "tuning_nontempered_energy_ratio": 0.919486761093,
    "hpcp": {
        "mean": [0.177589312196, 0.18816126883, 0.10148178786, 0.0589124858379, 0.066557943821, 0.0963926464319, 0.146351337433, 0.147230044007, 0.120305195451, 0.187266156077, 0.199230998755, 0.104466453195, 0.0532708838582, 0.0527424551547, 0.0810326337814, 0.175083830953, 0.205674484372, 0.107142388821, 0.0508332662284, 0.0508495084941, 0.0664959773421, 0.110769994557, 0.111659936607, 0.0648852735758, 0.0568472854793, 0.0651856064796, 0.057701446116, 0.0568295195699, 0.0682663023472, 0.113513097167, 0.221694797277, 0.229956820607, 0.129733130336, 0.073590785265, 0.0590492263436, 0.0907976403832],
        "stdev": [0.289267420769, 0.306569516659, 0.206710472703, 0.156112551689, 0.17740765214, 0.211123213172, 0.261731535196, 0.257942855358, 0.226037308574, 0.298167258501, 0.315055400133, 0.211006119847, 0.145836785436, 0.150846838951, 0.191096127033, 0.273026376963, 0.335124850273, 0.204077556729, 0.151729777455, 0.152898266912, 0.167947113514, 0.214360758662, 0.219052135944, 0.152982741594, 0.154013603926, 0.177890941501, 0.15120972693, 0.148878678679, 0.162645474076, 0.229690179229, 0.317699611187, 0.32557529211, 0.244899749756, 0.184907138348, 0.154489696026, 0.195927008986]
    },
    "chords_histogram": [18.77368927, 1.4715719223, 4.70457077026, 0.579710125923, 0.8472687006, 0, 0, 0, 0.133779257536, 0.0222965441644, 0.133779257536, 0.0891861766577, 0.0445930883288, 0.981047928333, 0.066889628768, 3.5897436142, 0.0891861766577, 3.27759194374, 1.22630989552, 5.59643268585, 5.44035673141, 16.9230766296, 30.323299408, 5.68561887741],
    "thpcp": [1, 0.564163029194, 0.320020020008, 0.25678396225, 0.394846469164, 0.772272408009, 0.81824606657, 0.441308021545, 0.256189346313, 0.28943669796, 0.419177144766, 0.636429667473, 0.64025080204, 0.523164272308, 0.814353585243, 0.866384387016, 0.454287260771, 0.23165602982, 0.229358077049, 0.352381944656, 0.761376976967, 0.894404828548, 0.465923935175, 0.221055701375, 0.221126332879, 0.289167225361, 0.481699109077, 0.485569149256, 0.282162845135, 0.24720852077, 0.283468902111, 0.250922948122, 0.247131258249, 0.296865731478, 0.493627876043, 0.964071393013],
    "chords_key": "C",
    "chords_scale": "major"
}
}