{
"metadata": {
    "version": {
        "essentia": "2.1-dev",
        "essentia_git_sha": "v2.1_beta3-415-gd5473f3",
        "extractor": "music 2.0"
    },
    "audio_properties": {
        "analysis": {
            "equal_loudness": 0,
            "length": 259.056335449,
            "sample_rate": 44100,
            "start_time": 0,
            "downmix": "mix"
        },
        "bit_rate": 192000,
        "length": 259.056335449,
        "lossless": 0,
        "number_channels": 2,
        "replay_gain": -9.52178001404,
        "sample_rate": 44100,
        "codec": "mp3",
        "md5_encoded": "d2fbb87d8ff188e53185bdfc20fa1594"
    },
    "tags": {
        "file_name": "jaguar_wright-the_what_if_is_.mp3",
        "artist": ["Jaguar Wright "],
        "genre": ["Other"],
        "title": ["The What If´s."]
    }
},
"lowlevel": {
    "average_loudness": 0.786283016205,
    "barkbands_crest": {
        "mean": 11.0301160812,
        "stdev": 5.25818443298
    },
    "barkbands_flatness_db": {
        "mean": 0.159263148904,
        "stdev": 0.0726573094726
    },
    "barkbands_kurtosis": {
        "mean": 18.9796390533,
        "stdev": 81.2639160156
    },
    "barkbands_skewness": {
        "mean": 1.98690927029,
        "stdev": 2.98659658432
    },
    "barkbands_spread": {
        "mean": 18.6541023254,
        "stdev": 13.9082174301
    },
    "dissonance": {
        "mean": 0.444521665573,
        "stdev": 0.0377857983112
    },
    "dynamic_complexity": 5.30088376999,
    "erbbands_crest": {
        "mean": 10.91543293,
        "stdev": 4.67337799072
    },
    "erbbands_flatness_db": {
        "mean": 0.176761582494,
        "stdev": 0.0477778203785
    },
    "erbbands_kurtosis": {
        "mean": 1.9892873764,
        "stdev": 4.50538492203
    },
    "erbbands_skewness": {
        "mean": 0.657067000866,
        "stdev": 1.07482588291
    },
    "erbbands_spread": {
        "mean": 33.641292572,
        "stdev": 20.8526954651
    },
    "hfc": {
        "mean": 15.9108629227,
        "stdev": 19.395565033
    },
    "loudness_ebu128": {
        "integrated": -14.4609107971,
        "loudness_range": 6.36661243439,
        "momentary": {
            "mean": -17.3744602203,
            "stdev": 8.95372867584
        },
        "short_term": {
            "mean": -16.2432022095,
            "stdev": 6.26263189316
        }
    },
    "melbands_crest": {
        "mean": 13.6112728119,
        "stdev": 5.31711769104
    },
    "melbands_flatness_db": {
        "mean": 0.221127718687,
        "stdev": 0.0988559573889
    },
    "melbands_kurtosis": {
        "mean": 26.2608470917,
        "stdev": 63.5604400635
    },
    "melbands_skewness": {
        "mean": 2.67175197601,
        "stdev": 2.61343836784
    },
    "melbands_spread": {
        "mean": 23.0524978638,
        "stdev": 22.727186203
    },
    "pitch_salience": {
        "mean": 0.52977001667,
        "stdev": 0.147881761193
    },
    "silence_rate_20dB": {
        "mean": 1,
        "stdev": 0
    },
    "silence_rate_30dB": {
        "mean": 0.929915726185,
        "stdev": 0.255272626877
    },
    "silence_rate_60dB": {
        "mean": 0.204158455133,
        "stdev": 0.403069585562
    },
    "spectral_centroid": {
        "mean": 1292.68444824,
        "stdev": 786.888793945
    },
    "spectral_complexity": {
        "mean": 11.037103653,
        "stdev": 7.62734413147
    },
    "spectral_decrease": {
        "mean": -7.19628223678e-09,
        "stdev": 1.35359341513e-08
    },
    "spectral_energy": {
        "mean": 0.0286036003381,
        "stdev": 0.0517011284828
    },
    "spectral_energyband_high": {
        "mean": 0.000377716874937,
        "stdev": 0.00105562363751
    },
    "spectral_energyband_low": {
        "mean": 0.0163811463863,
        "stdev": 0.0503535531461
    },
    "spectral_energyband_middle_high": {
        "mean": 0.00550839398056,
        "stdev": 0.00924080982804
    },
    "spectral_energyband_middle_low": {
        "mean": 0.00665119569749,
        "stdev": 0.00808337610215
    },
    "spectral_entropy": {
        "mean": 7.31936502457,
        "stdev": 0.511831700802
    },
    "spectral_flux": {
        "mean": 0.0850369185209,
        "stdev": 0.0840756818652
    },
    "spectral_kurtosis": {
        "mean": 5.34409999847,
        "stdev": 5.24913740158
    },
    "spectral_rms": {
        "mean": 0.00413794768974,
        "stdev": 0.00328380102292
    },
    "spectral_rolloff": {
        "mean": 1551.24145508,
        "stdev": 1747.46606445
    },
    "spectral_skewness": {
        "mean": 1.81116652489,
        "stdev": 0.590763449669
    },
    "spectral_spread": {
        "mean": 5100769,
        "stdev": 1877557.75
    },
    "spectral_strongpeak": {
        "mean": 1.17975616455,
        "stdev": 1.59272181988
    },
    "zerocrossingrate": {
        "mean": 0.063307993114,
        "stdev": 0.0491037666798
    },
    "barkbands": {
        "mean": [0.000343404943123, 0.0137499039993, 0.0021568373777, 0.000513414968736, 0.00143643165939, 0.00116060336586, 0.000895227771252, 0.000875727215316, 0.00136837840546, 0.000769420585129, 0.00104465521872, 0.000849494768772, 0.000663917569909, 0.00053853506688, 0.000518584914971, 0.000243746238993, 0.000215373642277, 0.000350020069163, 0.000419666583184, 0.000163978969795, 6.06995854469e-05, 5.78825747652e-05, 6.23415689915e-05, 7.09248997737e-05, 5.48235220776e-05, 1.87374262168e-05, 7.37087134439e-07],
        "stdev": [0.000413653702708, 0.0459023527801, 0.00638241274282, 0.00123436655849, 0.00255772750825, 0.00208286149427, 0.00200508441776, 0.00228805141523, 0.00314289540984, 0.00245215976611, 0.00338207627647, 0.00278081488796, 0.00219997018576, 0.0015615291195, 0.00171521049924, 0.000774153624661, 0.000728495477233, 0.000989443971775, 0.00101742427796, 0.000420918426244, 0.000214513711398, 0.000277906481642, 0.000214590487303, 0.00025294549414, 0.000284311041469, 6.96769930073e-05, 3.09748429572e-06]
    },
    "erbbands": {
        "mean": [0.254832476377, 3.4626686573, 4.04465293884, 2.02166819572, 2.15514945984, 6.12417078018, 7.97024917603, 9.30529117584, 10.2059965134, 20.4683322906, 20.6167697906, 28.1974277496, 30.1191768646, 33.576423645, 38.3296089172, 32.6931228638, 29.4566345215, 34.2533302307, 22.8656806946, 20.8282375336, 14.2685728073, 12.4858045578, 17.4900398254, 24.9041919708, 16.2287368774, 7.50691986084, 2.77665281296, 2.45054674149, 2.05786061287, 1.87837827206, 1.79579496384, 1.51647424698, 1.16894304752, 0.744181573391, 0.308573901653, 0.103790253401, 0.0315046496689, 0.0045960759744, 0.000115379472845, 3.70746674889e-05],
        "stdev": [0.821001529694, 11.7083902359, 11.8084583282, 4.68140745163, 4.03637886047, 12.2520627975, 15.3130149841, 17.4204616547, 19.1690979004, 49.5508117676, 52.6891975403, 64.5906066895, 79.5157089233, 119.132247925, 123.165428162, 107.484130859, 91.2468719482, 86.2424697876, 67.0116958618, 64.6637420654, 42.5433349609, 38.6371116638, 46.019493103, 65.8453216553, 37.4857597351, 18.2838497162, 7.55137014389, 10.0448942184, 10.1510715485, 7.46435832977, 6.18412828445, 4.92103672028, 4.87425756454, 3.66075396538, 1.79271125793, 0.4448376894, 0.108599059284, 0.0188359487802, 0.000404476479162, 5.93602053414e-05]
    },
    "gfcc": {
        "mean": [-66.0279769897, 77.1984863281, -114.868644714, 13.2874212265, -67.0508041382, 12.4099388123, -43.9134216309, 16.2994594574, -29.4756851196, 2.82289552689, -7.1528429985, -0.201987698674, -10.521270752],
        "cov": [[16613.9707031, 1109.07800293, -659.508850098, -92.8159255981, 128.609481812, -125.350250244, -38.8868942261, 243.88092041, -221.068191528, 160.914367676, 69.0753326416, 69.6411972046, -220.625610352], [1109.07800293, 1476.50268555, 706.532226562, 309.58605957, 484.105102539, 229.086425781, 309.464477539, 154.339355469, 103.237327576, -53.1403617859, 74.9220275879, -141.215332031, -12.0102653503], [-659.508850098, 706.532226562, 1856.30603027, 795.992736816, 310.486633301, 433.661102295, 370.256011963, 148.398132324, 150.074279785, 13.2493448257, -40.4438018799, -97.8524780273, 2.59619426727], [-92.8159255981, 309.58605957, 795.992736816, 806.330993652, 353.020751953, 241.158126831, 234.171463013, 145.383773804, 164.438491821, 25.2121372223, -7.97491645813, -44.9929466248, -3.65340995789], [128.609481812, 484.105102539, 310.486633301, 353.020751953, 729.345153809, 288.790008545, 288.838897705, 179.980880737, 130.925460815, -10.5531892776, 83.5786209106, -35.9255065918, -28.4150753021], [-125.350250244, 229.086425781, 433.661102295, 241.158126831, 288.790008545, 463.815734863, 263.25378418, 27.8805408478, 54.7443199158, 40.1462669373, 12.3079109192, -45.6324157715, -1.14356553555], [-38.8868942261, 309.464477539, 370.256011963, 234.171463013, 288.838897705, 263.25378418, 417.338348389, 116.19985199, 49.8803100586, 16.094127655, 55.5777015686, -37.6933822632, -20.1855201721], [243.88092041, 154.339355469, 148.398132324, 145.383773804, 179.980880737, 27.8805408478, 116.19985199, 239.338623047, 84.9517593384, -17.9585399628, 37.4946212769, -12.4643774033, -3.68228006363], [-221.068191528, 103.237327576, 150.074279785, 164.438491821, 130.925460815, 54.7443199158, 49.8803100586, 84.9517593384, 181.415603638, 40.4080085754, 2.7900993824, 1.58410143852, 19.677400589], [160.914367676, -53.1403617859, 13.2493448257, 25.2121372223, -10.5531892776, 40.1462669373, 16.094127655, -17.9585399628, 40.4080085754, 138.246368408, 25.4897174835, 11.7632846832, -1.13053607941], [69.0753326416, 74.9220275879, -40.4438018799, -7.97491645813, 83.5786209106, 12.3079109192, 55.5777015686, 37.4946212769, 2.7900993824, 25.4897174835, 139.387283325, 20.1773891449, -3.6758491993], [69.6411972046, -141.215332031, -97.8524780273, -44.9929466248, -35.9255065918, -45.6324157715, -37.6933822632, -12.4643774033, 1.58410143852, 11.7632846832, 20.1773891449, 128.570175171, 30.0367927551], [-220.625610352, -12.0102653503, 2.59619426727, -3.65340995789, -28.4150753021, -1.14356553555, -20.1855201721, -3.68228006363, 19.677400589, -1.13053607941, -3.6758491993, 30.0367927551, 104.458961487]],
        "icov": [[8.56705592014e-05, -0.000153214452439, 9.72831330728e-05, -7.66601224313e-05, 5.23963062733e-05, -5.626678103e-05, 8.84848923306e-05, -0.000226991978707, 0.000278678635368, -0.000261028122623, 0.000141519209137, -0.000215630643652, 0.000192624793272], [-0.000153214452439, 0.00147604942322, -0.000633053889032, 0.000469158752821, -0.000757476256695, 0.000465305754915, -0.000479706475744, 0.000609179318417, -0.000805925286841, 0.00091812532628, -0.000816755578853, 0.00147247780114, -0.000684322440065], [9.72831330728e-05, -0.000633053889032, 0.00140567903873, -0.00117349845823, 0.000702709832694, -0.000803399598226, -8.26200630399e-05, -0.000500773021486, 0.000389334425563, -0.000225634255912, 0.000545375572983, -0.000380474841222, 0.000258256477537], [-7.66601224313e-05, 0.000469158752821, -0.00117349845823, 0.0029413762968, -0.000999249867164, 0.000314517033985, -0.00032677713898, 5.86323949392e-05, -0.00136486545671, 3.68135952158e-05, 0.000250725948717, 0.000448690261692, -0.000168076527189], [5.23963062733e-05, -0.000757476256695, 0.000702709832694, -0.000999249867164, 0.00335682509467, -0.00161148933694, -0.000318982260069, -0.00109908368904, -0.000803127360996, 0.000855214777403, -0.000931945454795, -0.000686331070028, 0.00109136523679], [-5.626678103e-05, 0.000465305754915, -0.000803399598226, 0.000314517033985, -0.00161148933694, 0.00483186449856, -0.00219243881293, 0.00172106886748, -0.000146199323353, -0.000934233772568, 0.000502283044625, 0.00108490965795, -0.0010596885113], [8.84848923306e-05, -0.000479706475744, -8.26200630399e-05, -0.00032677713898, -0.000318982260069, -0.00219243881293, 0.00514647876844, -0.00186250545084, 0.00115989695769, -0.000600212311838, -0.000844816851895, -0.000298093043966, 0.000771425256971], [-0.000226991978707, 0.000609179318417, -0.000500773021486, 5.86323949392e-05, -0.00109908368904, 0.00172106886748, -0.00186250545084, 0.00754560204223, -0.00347129162401, 0.00237355730496, -0.00167590682395, 0.00111909536645, -0.000470113474876], [0.000278678635368, -0.000805925286841, 0.000389334425563, -0.00136486545671, -0.000803127360996, -0.000146199323353, 0.00115989695769, -0.00347129162401, 0.01022395771, -0.00429229578003, 0.00202572415583, -0.00125647592358, -0.00121958833188], [-0.000261028122623, 0.00091812532628, -0.000225634255912, 3.68135952158e-05, 0.000855214777403, -0.000934233772568, -0.000600212311838, 0.00237355730496, -0.00429229578003, 0.0104173235595, -0.00312849017791, 0.000441501237219, 0.000435502181062], [0.000141519209137, -0.000816755578853, 0.000545375572983, 0.000250725948717, -0.000931945454795, 0.000502283044625, -0.000844816851895, -0.00167590682395, 0.00202572415583, -0.00312849017791, 0.00989589840174, -0.0023328657262, 0.000333452102495], [-0.000215630643652, 0.00147247780114, -0.000380474841222, 0.000448690261692, -0.000686331070028, 0.00108490965795, -0.000298093043966, 0.00111909536645, -0.00125647592358, 0.000441501237219, -0.0023328657262, 0.0107242185622, -0.00337828998454], [0.000192624793272, -0.000684322440065, 0.000258256477537, -0.000168076527189, 0.00109136523679, -0.0010596885113, 0.000771425256971, -0.000470113474876, -0.00121958833188, 0.000435502181062, 0.000333452102495, -0.00337828998454, 0.0115243708715]]
    },
    "melbands": {
        "mean": [0.00322300079279, 0.00323864351958, 0.000349967333023, 0.000282879424049, 0.000292451382848, 0.000213376275497, 0.000166510799318, 0.000216255677515, 0.000182063376997, 0.000185122393304, 0.000144220524817, 0.000124299243907, 0.000126345563331, 0.000102369158412, 6.7001208663e-05, 7.1075053711e-05, 6.29886635579e-05, 3.147870666e-05, 4.28014864156e-05, 1.80944043677e-05, 1.59736810019e-05, 1.27938646983e-05, 1.39845797094e-05, 1.59532119142e-05, 2.13036692003e-05, 1.36205362651e-05, 8.73639055499e-06, 3.96114955947e-06, 1.65947528785e-06, 1.55125985657e-06, 1.35568268433e-06, 1.16127648653e-06, 1.10881603632e-06, 1.00867146102e-06, 1.01833984445e-06, 1.06474567474e-06, 8.48656156904e-07, 7.97632026206e-07, 7.97553923348e-07, 5.71692112317e-07],
        "stdev": [0.0107340374961, 0.0100223394111, 0.000792935548816, 0.000507120683324, 0.000527205644175, 0.000380768993637, 0.000328834779793, 0.000542114663403, 0.000509808480274, 0.000430999905802, 0.000399673735956, 0.000465192308184, 0.000392920686863, 0.000331464078045, 0.000245751522016, 0.000240578418016, 0.000170797822648, 0.000104833750811, 0.000152898355736, 5.95310593781e-05, 5.45431539649e-05, 4.18827185058e-05, 4.54006403743e-05, 4.51685045846e-05, 5.9474929003e-05, 3.52378738171e-05, 2.34332928812e-05, 1.06540528577e-05, 4.58449812868e-06, 5.7710612964e-06, 6.1828664002e-06, 6.47455635772e-06, 5.2133113968e-06, 3.83530186809e-06, 3.72025306206e-06, 3.58035345016e-06, 2.75392858384e-06, 3.13662258122e-06, 4.20399055656e-06, 2.81076927422e-06]
    },
    "melbands128": {
        "mean": [0.00016756808327, 0.00120766006876, 0.0049412464723, 0.00628207018599, 0.00299630546942, 0.000890683266334, 0.00038979150122, 0.000227847835049, 0.000184804783203, 0.000221170732402, 0.000372599635739, 0.000337700592354, 0.000270731252385, 0.000248473748798, 0.000199701331439, 0.000220098168938, 0.000176307890797, 0.000123078891193, 0.000205643693334, 0.000270770047791, 0.000229773242609, 8.86677298695e-05, 0.000217334047193, 0.000252994970651, 0.000132033994305, 0.000212352271774, 0.000177486246685, 0.000175451292307, 6.69208820909e-05, 6.76579293213e-05, 0.000191799263121, 0.000151887812535, 7.70986516727e-05, 0.000164900935488, 0.000110267108539, 8.55721882544e-05, 8.65353867994e-05, 7.52727501094e-05, 4.49369981652e-05, 5.66443013668e-05, 9.99790063361e-05, 5.70384436287e-05, 6.99344163877e-05, 6.84995902702e-05, 2.19077282964e-05, 2.39464116021e-05, 3.87695035897e-05, 6.23343730695e-05, 3.57260360033e-05, 1.4627676137e-05, 1.70394960151e-05, 2.09070349229e-05, 1.43945244417e-05, 1.65689361893e-05, 1.38832092489e-05, 1.2791435438e-05, 1.11196668513e-05, 1.06401394078e-05, 1.59600949701e-05, 1.9119173885e-05, 1.21026350826e-05, 1.51061394718e-05, 2.64746631728e-05, 2.27626260312e-05, 1.48298322529e-05, 1.4279817151e-05, 1.21740167742e-05, 9.54167899181e-06, 8.53766414366e-06, 6.717405995e-06, 3.94788503399e-06, 2.71141902886e-06, 2.05379524232e-06, 1.30054468173e-06, 1.38117354709e-06, 1.70836847246e-06, 1.50433288582e-06, 1.48761910168e-06, 1.35707682603e-06, 1.19734636428e-06, 1.2240208207e-06, 1.12394764074e-06, 1.0529215615e-06, 1.17107185815e-06, 1.09221582534e-06, 9.96417838905e-07, 9.71049303189e-07, 1.03677223251e-06, 1.03494346604e-06, 9.73606688603e-07, 1.06633899577e-06, 1.11642248157e-06, 1.04149557956e-06, 8.47931119097e-07, 7.11485938609e-07, 7.51567142743e-07, 8.31789691347e-07, 8.45973204378e-07, 8.30763667636e-07, 7.71794987031e-07, 6.62033301069e-07, 5.32228568773e-07, 4.74342584766e-07, 3.95081599436e-07, 3.32473518938e-07, 3.10466532483e-07, 2.55923879422e-07, 1.9321248601e-07, 1.65249133488e-07, 1.44595617257e-07, 1.28292015233e-07, 1.17008291056e-07, 9.57018357894e-08, 8.04158588608e-08, 6.82249847728e-08, 5.01678520948e-08, 2.95310051968e-08, 2.81965850668e-09, 4.17900870159e-12, 4.01900561442e-12, 3.91868568844e-12, 3.83335464066e-12, 3.75141714568e-12, 3.68458041855e-12, 3.63048393431e-12, 3.59186898974e-12, 3.56264562122e-12, 3.53952132361e-12],
        "stdev": [0.000262767920503, 0.00343463383615, 0.0175476334989, 0.0210785418749, 0.00915060192347, 0.00252504157834, 0.000949031731579, 0.00055589171825, 0.000415931775933, 0.000458999507828, 0.000860656204168, 0.000754851789679, 0.000589613046031, 0.000710893422365, 0.000485936150653, 0.000452966778539, 0.000379402627004, 0.000369899120415, 0.000675457064062, 0.000724047480617, 0.00079964887118, 0.000313833792461, 0.000755733519327, 0.000942931917962, 0.000423895631684, 0.000702163670212, 0.000627179513685, 0.000601815991104, 0.00033658038592, 0.000452396925539, 0.000846758368425, 0.000651281734463, 0.000428795145126, 0.000741758733056, 0.000549798889551, 0.000429054314736, 0.00045958062401, 0.000364034320228, 0.000278281251667, 0.000295754172839, 0.000412932189647, 0.000279925472569, 0.000251907476922, 0.000247482996201, 0.000129307547468, 0.000149400599184, 0.000187240992091, 0.00029019502108, 0.000165500459843, 8.46064722282e-05, 8.17853215267e-05, 8.99074075278e-05, 7.0984235208e-05, 9.34218696784e-05, 6.68288412271e-05, 5.62220884603e-05, 5.87316026213e-05, 6.92560206517e-05, 6.36210097582e-05, 6.81284000166e-05, 5.52196033823e-05, 7.07858271198e-05, 0.000108010710392, 8.47957053338e-05, 6.25490865787e-05, 5.38267486263e-05, 4.07963161706e-05, 3.48245957866e-05, 3.51060843968e-05, 2.66056449618e-05, 1.50451924128e-05, 8.70661187946e-06, 8.07800643088e-06, 4.0492413973e-06, 5.67853385292e-06, 7.40763698559e-06, 6.25737629889e-06, 6.84339647705e-06, 6.79829463479e-06, 7.00956843502e-06, 7.99838289822e-06, 6.47878687232e-06, 5.30985516889e-06, 6.35691412754e-06, 5.25921177541e-06, 3.6400551835e-06, 3.92257970816e-06, 4.47027878181e-06, 3.99169312004e-06, 3.58199736183e-06, 3.87359477827e-06, 3.98060774387e-06, 3.88162925447e-06, 3.01615523313e-06, 2.41699103753e-06, 2.52682457358e-06, 3.68591577171e-06, 4.28748353443e-06, 4.68630878458e-06, 4.73074123875e-06, 3.39422422257e-06, 2.48878109232e-06, 2.83943336399e-06, 3.01885620502e-06, 2.45158230427e-06, 1.57151600888e-06, 1.26068937334e-06, 8.87104249614e-07, 7.1378804023e-07, 6.50158654025e-07, 5.3767217878e-07, 4.14229674561e-07, 2.92205953656e-07, 2.94985028404e-07, 3.36855435989e-07, 2.24050594966e-07, 1.26724501115e-07, 1.32711166501e-08, 9.19316098941e-12, 8.91437271222e-12, 8.69781503765e-12, 8.50678989056e-12, 8.33493430524e-12, 8.19533590296e-12, 8.070628367e-12, 7.97681885822e-12, 7.90854794847e-12, 7.86429168315e-12]
    },
    "mfcc": {
        "mean": [-708.57989502, 114.258399963, 5.36575317383, 4.45757865906, 1.8141541481, -11.2662220001, 3.49534869194, 0.976723909378, -10.0914497375, 4.33934783936, -0.420807123184, -3.05506181717, -0.607069730759],
        "cov": [[11151.8632812, 783.648986816, -1104.10559082, 67.7720870972, -142.35043335, -274.594238281, 12.6467552185, -24.2061767578, -316.160339355, 156.029159546, 69.7194442749, -61.9655990601, 3.65865492821], [783.648986816, 1321.70385742, 256.505432129, 167.411087036, 253.546737671, 106.030197144, 292.193603516, 177.310134888, 87.8837966919, 123.653434753, 86.3011627197, 27.4652938843, 22.6724815369], [-1104.10559082, 256.505432129, 1472.16003418, 453.685455322, 187.377044678, 369.914031982, 214.274551392, 134.649154663, 266.483276367, 80.5872573853, 58.2369308472, 97.3535919189, 37.0796966553], [67.7720870972, 167.411087036, 453.685455322, 616.625366211, 286.480285645, 145.687713623, 142.621063232, 186.217987061, 170.667602539, 104.246574402, 88.8775787354, 77.1851119995, 67.046043396], [-142.35043335, 253.546737671, 187.377044678, 286.480285645, 480.866851807, 159.266372681, 156.139801025, 186.377624512, 142.092987061, 95.6201400757, 81.1921463013, 53.4395599365, 52.2566757202], [-274.594238281, 106.030197144, 369.914031982, 145.687713623, 159.266372681, 501.347503662, 226.045349121, 105.003257751, 149.647232056, 74.122467041, 63.5378417969, 71.1682891846, 15.3489217758], [12.6467552185, 292.193603516, 214.274551392, 142.621063232, 156.139801025, 226.045349121, 415.771881104, 195.586608887, 73.1556167603, 137.956634521, 65.8429260254, 27.4332065582, 42.6807479858], [-24.2061767578, 177.310134888, 134.649154663, 186.217987061, 186.377624512, 105.003257751, 195.586608887, 273.067504883, 115.23059845, 77.0287094116, 56.6550369263, 29.2608451843, 43.9827613831], [-316.160339355, 87.8837966919, 266.483276367, 170.667602539, 142.092987061, 149.647232056, 73.1556167603, 115.23059845, 232.016174316, 69.3070602417, 32.3157730103, 44.2357139587, 28.2740440369], [156.029159546, 123.653434753, 80.5872573853, 104.246574402, 95.6201400757, 74.122467041, 137.956634521, 77.0287094116, 69.3070602417, 188.454803467, 63.0156021118, 5.38169670105, 23.77318573], [69.7194442749, 86.3011627197, 58.2369308472, 88.8775787354, 81.1921463013, 63.5378417969, 65.8429260254, 56.6550369263, 32.3157730103, 63.0156021118, 133.730117798, 49.516784668, 7.6680560112], [-61.9655990601, 27.4652938843, 97.3535919189, 77.1851119995, 53.4395599365, 71.1682891846, 27.4332065582, 29.2608451843, 44.2357139587, 5.38169670105, 49.516784668, 123.556228638, 37.4748039246], [3.65865492821, 22.6724815369, 37.0796966553, 67.046043396, 52.2566757202, 15.3489217758, 42.6807479858, 43.9827613831, 28.2740440369, 23.77318573, 7.6680560112, 37.4748039246, 102.478996277]],
        "icov": [[0.000115625174658, -0.00010059588385, 0.000116588824312, -0.000140022850246, 0.00010656529048, -4.92245490022e-05, 6.81629171595e-05, -1.69468894455e-05, 0.000161146846949, -0.000140447460581, 8.81086089066e-06, -4.54877681477e-06, -1.14066160677e-05], [-0.00010059588385, 0.0010653778445, -0.00022493385768, 0.00023431518639, -0.000484073563712, 0.000358478573617, -0.000717465358321, 2.64333066298e-05, -0.000197274523089, 9.09532536753e-05, -0.000231532467296, -1.12040543172e-05, 0.00023134300136], [0.000116588824312, -0.00022493385768, 0.00126217713114, -0.000887277012225, 0.00040750799235, -0.000500070338603, -0.000241305679083, 0.000417681178078, -0.00067762209801, 0.000170660670847, 0.000186638149898, -0.000149118044646, 0.000145672456711], [-0.000140022850246, 0.00023431518639, -0.000887277012225, 0.0033218616154, -0.00122460047714, 0.000397426512791, 0.000203151634196, -0.000877437763847, -0.000496566179208, -0.000345690612448, -0.000602520536631, -0.000409486528952, -0.000630170980003], [0.00010656529048, -0.000484073563712, 0.00040750799235, -0.00122460047714, 0.00384038873017, -0.000643590232357, 0.000324334920151, -0.00117272592615, -0.00048236452858, -0.00030034565134, -0.000536999606993, 7.99739864306e-05, -0.000522953516338], [-4.92245490022e-05, 0.000358478573617, -0.000500070338603, 0.000397426512791, -0.000643590232357, 0.00377131812274, -0.00222778483294, 0.00096400763141, -0.00175503990613, 0.000605159089901, -0.000484326883452, -0.00105955102481, 0.000888327718712], [6.81629171595e-05, -0.000717465358321, -0.000241305679083, 0.000203151634196, 0.000324334920151, -0.00222778483294, 0.00630120839924, -0.00358178769238, 0.00241601630114, -0.00297003076412, 0.000468207639642, 0.000196463704924, -0.000892570475116], [-1.69468894455e-05, 2.64333066298e-05, 0.000417681178078, -0.000877437763847, -0.00117272592615, 0.00096400763141, -0.00358178769238, 0.00822024885565, -0.00301080103964, 0.00138675898779, -0.00123629055452, 0.000774981628638, -0.000846887240186], [0.000161146846949, -0.000197274523089, -0.00067762209801, -0.000496566179208, -0.00048236452858, -0.00175503990613, 0.00241601630114, -0.00301080103964, 0.00875511020422, -0.00272855116054, 0.00151487975381, -0.00124653300736, -3.73341899831e-05], [-0.000140447460581, 9.09532536753e-05, 0.000170660670847, -0.000345690612448, -0.00030034565134, 0.000605159089901, -0.00297003076412, 0.00138675898779, -0.00272855116054, 0.0093026291579, -0.00364014715888, 0.0024951400701, -0.00119166832883], [8.81086089066e-06, -0.000231532467296, 0.000186638149898, -0.000602520536631, -0.000536999606993, -0.000484326883452, 0.000468207639642, -0.00123629055452, 0.00151487975381, -0.00364014715888, 0.0117991063744, -0.00484779523686, 0.00237591238692], [-4.54877681477e-06, -1.12040543172e-05, -0.000149118044646, -0.000409486528952, 7.99739864306e-05, -0.00105955102481, 0.000196463704924, 0.000774981628638, -0.00124653300736, 0.0024951400701, -0.00484779523686, 0.0124270189553, -0.00438853586093], [-1.14066160677e-05, 0.00023134300136, 0.000145672456711, -0.000630170980003, -0.000522953516338, 0.000888327718712, -0.000892570475116, -0.000846887240186, -3.73341899831e-05, -0.00119166832883, 0.00237591238692, -0.00438853586093, 0.0126495072618]]
    },
    "spectral_contrast_coeffs": {
        "mean": [-0.666303575039, -0.7389960289, -0.729320287704, -0.765013575554, -0.767161846161, -0.820972263813],
        "stdev": [0.117018543184, 0.0730213746428, 0.0918436720967, 0.0788891837001, 0.0748660042882, 0.0354499071836]
    },
    "spectral_contrast_valleys": {
        "mean": [-7.97005367279, -7.37817955017, -8.14795303345, -8.61820602417, -8.54501152039, -10.5269384384],
        "stdev": [1.87920582294, 1.39328873158, 1.27579188347, 1.26316785812, 1.23260354996, 1.17819237709]
    }
},
"rhythm": {
    "beats_count": 723,
    "beats_loudness": {
        "mean": 0.0459349639714,
        "stdev": 0.0453884601593
    },
    "bpm": 165.562026978,
    "bpm_histogram_first_peak_bpm": 167,
    "bpm_histogram_first_peak_weight": 0,
    "bpm_histogram_second_peak_bpm": 172,
    "bpm_histogram_second_peak_spread": 0,
    "bpm_histogram_second_peak_weight": 0.332409977913,
    "danceability": 1.4463353157,
    "onset_rate": 4.00653648376,
    "beats_loudness_band_ratio": {
        "mean": [0.409333765507, 0.176959142089, 0.177635133266, 0.140815451741, 0.0667467266321, 0.0573191046715],
        "stdev": [0.407417088747, 0.193374961615, 0.174930214882, 0.179416745901, 0.101741246879, 0.101166270673]
    },
    "beats_position": [0.429569154978, 0.812698423862, 1.18421769142, 1.54412698746, 1.90403628349, 2.27555561066, 2.63546490669, 2.99537420273, 3.34367346764, 3.69197273254, 4.04027223587, 4.38857126236, 4.76009082794, 5.11999988556, 5.47990942001, 5.8282084465, 6.17650794983, 6.53641700745, 6.8963265419, 7.24462556839, 7.61614513397, 7.97605419159, 8.33596324921, 8.68426322937, 9.04417228699, 9.41569137573, 9.77560043335, 10.1239004135, 10.4838094711, 10.8437185287, 11.2036275864, 11.5635375977, 11.9118366241, 12.2717456818, 12.6316547394, 12.9799547195, 13.3398637772, 13.6997728348, 14.0596818924, 14.4195919037, 14.7678909302, 15.1277999878, 15.4877090454, 15.8360090256, 16.1959171295, 16.5674381256, 16.9273471832, 17.2756462097, 17.6239452362, 17.9838542938, 18.3437633514, 18.6920623779, 19.0519733429, 19.4118824005, 19.7717914581, 20.1200904846, 20.4799995422, 20.8282985687, 21.1765975952, 21.5365066528, 21.8964176178, 22.2679367065, 22.616235733, 22.9761447906, 23.3360538483, 23.6959629059, 24.0558719635, 24.40417099, 24.7756919861, 25.1356010437, 25.4955101013, 25.8554191589, 26.2037181854, 26.563627243, 26.9119262695, 27.2602272034, 27.620136261, 27.9800453186, 28.3515644073, 28.7230834961, 29.0713825226, 29.4196815491, 29.7679805756, 30.1162815094, 30.4878005981, 30.8477096558, 31.2076187134, 31.5559177399, 31.9158267975, 32.264125824, 32.6240348816, 32.9723358154, 33.3438529968, 33.7037620544, 34.0520629883, 34.4119720459, 34.7602729797, 35.1201820374, 35.480091095, 35.8283882141, 36.1999092102, 36.5714263916, 36.9197273254, 37.2680282593, 37.6163253784, 37.9878463745, 38.3361434937, 38.6844444275, 39.0559616089, 39.4158706665, 39.7641716003, 40.124080658, 40.4723815918, 40.8322906494, 41.192199707, 41.5404968262, 41.9004058838, 42.2603149414, 42.6086158752, 42.9685249329, 43.3284339905, 43.6883430481, 44.0366439819, 44.3965530396, 44.7448501587, 45.0931510925, 45.4530601501, 45.8129692078, 46.1728782654, 46.532787323, 46.8926963806, 47.2526054382, 47.6241264343, 47.9956436157, 48.355556488, 48.7154655457, 49.0637626648, 49.4236717224, 49.7719726562, 50.1202697754, 50.480178833, 50.8284797668, 51.1883888245, 51.5482978821, 51.8965988159, 52.2565078735, 52.6164169312, 52.9647140503, 53.3362350464, 53.696144104, 54.0560531616, 54.4043540955, 54.7642631531, 55.1241722107, 55.4724693298, 55.8207702637, 56.1922874451, 56.5522003174, 56.9004974365, 57.2604064941, 57.6203155518, 57.9802246094, 58.3285255432, 58.6768226624, 59.0483436584, 59.4082527161, 59.7681617737, 60.1280708313, 60.4879798889, 60.8478889465, 61.2077980042, 61.556098938, 61.9160079956, 62.2875289917, 62.6474380493, 63.0073471069, 63.3672561646, 63.7155532837, 64.0522460938, 64.4005432129, 64.7604522705, 65.1319732666, 65.4802703857, 65.8285675049, 66.1768722534, 66.5483856201, 66.8966903687, 67.2449874878, 67.5932846069, 67.9531936646, 68.3247146606, 68.6846237183, 69.0445327759, 69.4044418335, 69.7527389526, 70.1010437012, 70.4609527588, 70.844078064, 71.2039871216, 71.5638961792, 71.9122009277, 72.2721099854, 72.632019043, 72.9803161621, 73.3402252197, 73.7001342773, 74.060043335, 74.4199523926, 74.7682495117, 75.1281585693, 75.488067627, 75.8363723755, 76.1962814331, 76.5561904907, 76.9160995483, 77.276008606, 77.6243057251, 77.9726028442, 78.3209075928, 78.6692047119, 79.0291137695, 79.3890228271, 79.7373199463, 80.1088409424, 80.4803619385, 80.8286590576, 81.1885681152, 81.5484771729, 81.9083862305, 82.2682952881, 82.6398162842, 82.9881134033, 83.3364181519, 83.6963272095, 84.0562362671, 84.4045333862, 84.7644424438, 85.1243515015, 85.4842605591, 85.8325576782, 86.1924667358, 86.5523757935, 86.900680542, 87.2489776611, 87.6088867188, 87.9687957764, 88.328704834, 88.7002258301, 89.0485229492, 89.4084320068, 89.7683410645, 90.116645813, 90.4881591797, 90.8480682373, 91.1963729858, 91.5562820435, 91.9045791626, 92.2644882202, 92.6243972778, 92.972694397, 93.3326034546, 93.6925125122, 94.0640335083, 94.4123306274, 94.760635376, 95.1089324951, 95.4572296143, 95.8287506104, 96.2002716064, 96.5485687256, 96.8968658447, 97.2567749023, 97.61668396, 97.976600647, 98.3365097046, 98.6848068237, 99.0563278198, 99.4162368774, 99.7761459351, 100.136054993, 100.49596405, 100.855873108, 101.215782166, 101.564079285, 101.912376404, 102.272285461, 102.632194519, 102.992103577, 103.352012634, 103.72353363, 104.071838379, 104.420135498, 104.768432617, 105.116729736, 105.476638794, 105.836547852, 106.196456909, 106.556373596, 106.904670715, 107.264579773, 107.624488831, 107.996009827, 108.344306946, 108.704216003, 109.064125061, 109.424034119, 109.772331238, 110.132240295, 110.503761292, 110.852058411, 111.200363159, 111.548660278, 111.908569336, 112.256866455, 112.616775513, 112.988296509, 113.359817505, 113.731338501, 114.068023682, 114.416320801, 114.776237488, 115.124534607, 115.472831726, 115.832740784, 116.192649841, 116.564170837, 116.912467957, 117.260765076, 117.609069824, 117.957366943, 118.328887939, 118.688796997, 119.037094116, 119.397003174, 119.745300293, 120.116821289, 120.488342285, 120.859863281, 121.2081604, 121.55645752, 121.927978516, 122.299499512, 122.647796631, 122.99609375, 123.356010437, 123.727523804, 124.075828552, 124.43573761, 124.784034729, 125.143943787, 125.503852844, 125.852149963, 126.200454712, 126.56036377, 126.920272827, 127.268569946, 127.640090942, 128, 128.371520996, 128.719818115, 129.079727173, 129.43963623, 129.799545288, 130.147842407, 130.496139526, 130.844436646, 131.192733765, 131.541046143, 131.912567139, 132.272476196, 132.609161377, 132.980682373, 133.340591431, 133.712112427, 134.072021484, 134.431930542, 134.7918396, 135.151748657, 135.511657715, 135.859954834, 136.219863892, 136.579772949, 136.928070068, 137.276367188, 137.636276245, 137.996185303, 138.35609436, 138.704391479, 139.064300537, 139.435821533, 139.807342529, 140.155639648, 140.503936768, 140.852249146, 141.200546265, 141.560455322, 141.92036438, 142.291885376, 142.640182495, 142.988479614, 143.348388672, 143.708297729, 144.056594849, 144.416503906, 144.776412964, 145.136322021, 145.484619141, 145.83291626, 146.192825317, 146.552734375, 146.912643433, 147.260955811, 147.632461548, 147.992385864, 148.352294922, 148.712203979, 149.072113037, 149.432022095, 149.791931152, 150.140228271, 150.500137329, 150.860046387, 151.219955444, 151.579864502, 151.93977356, 152.299682617, 152.647979736, 153.007888794, 153.367797852, 153.739318848, 154.087615967, 154.435913086, 154.784210205, 155.144119263, 155.50402832, 155.852325439, 156.200637817, 156.572158813, 156.920455933, 157.28036499, 157.640274048, 158.000183105, 158.348480225, 158.696777344, 159.056686401, 159.428207397, 159.788116455, 160.148025513, 160.496322632, 160.856231689, 161.204528809, 161.564437866, 161.935958862, 162.29586792, 162.655776978, 162.980865479, 163.329162598, 163.677459717, 164.025756836, 164.397277832, 164.780410767, 165.140319824, 165.51184082, 165.860137939, 166.220046997, 166.579956055, 166.928253174, 167.276550293, 167.648071289, 167.996368408, 168.356277466, 168.716186523, 169.076095581, 169.447616577, 169.784301758, 170.132598877, 170.504119873, 170.875640869, 171.235549927, 171.572235107, 171.932144165, 172.292053223, 172.663574219, 173.023483276, 173.383392334, 173.731704712, 174.080001831, 174.42829895, 174.788208008, 175.148117065, 175.508026123, 175.867935181, 176.239456177, 176.610977173, 176.97088623, 177.307571411, 177.65586853, 178.004165649, 178.352462769, 178.712371826, 179.072280884, 179.432189941, 179.792098999, 180.140411377, 180.500320435, 180.860229492, 181.208526611, 181.55682373, 181.928344727, 182.288253784, 182.636550903, 182.996459961, 183.367980957, 183.739501953, 184.099411011, 184.470932007, 184.830841064, 185.179138184, 185.55065918, 185.898956299, 186.235641479, 186.595550537, 186.967071533, 187.303756714, 187.663665771, 188.011962891, 188.360275269, 188.720184326, 189.080093384, 189.428390503, 189.776687622, 190.13659668, 190.496505737, 190.856414795, 191.216323853, 191.57623291, 191.936141968, 192.296051025, 192.655960083, 193.004257202, 193.352554321, 193.712463379, 194.072372437, 194.420669556, 194.792190552, 195.152099609, 195.512008667, 195.860321045, 196.220230103, 196.58013916, 196.928436279, 197.288345337, 197.648254395, 198.008163452, 198.36807251, 198.716369629, 199.087890625, 199.447799683, 199.80770874, 200.156005859, 200.504302979, 200.852600098, 201.224121094, 201.572418213, 201.920715332, 202.292236328, 202.652145386, 203.012054443, 203.371963501, 203.720275879, 204.080184937, 204.428482056, 204.800003052, 205.171508789, 205.531417847, 205.891326904, 206.239639282, 206.587936401, 206.936233521, 207.28453064, 207.644439697, 208.004348755, 208.364257812, 208.72416687, 209.072463989, 209.432373047, 209.792282104, 210.140579224, 210.500488281, 210.860397339, 211.220306396, 211.580215454, 211.940139771, 212.300048828, 212.648345947, 212.996643066, 213.368164062, 213.72807312, 214.087982178, 214.447891235, 214.807800293, 215.167709351, 215.527618408, 215.875915527, 216.235824585, 216.595733643, 216.9556427, 217.315551758, 217.663848877, 218.012145996, 218.360443115, 218.731964111, 219.091873169, 219.451782227, 219.811691284, 220.159988403, 220.51991272, 220.879821777, 221.239730835, 221.588027954, 221.95954895, 222.307846069, 222.667755127, 223.016052246, 223.375961304, 223.724258423, 224.072555542, 224.420852661, 224.792373657, 225.152282715, 225.512191772, 225.87210083, 226.232009888, 226.591918945, 226.951828003, 227.300125122, 227.671646118, 228.031555176, 228.391464233, 228.739776611, 229.08807373, 229.459594727, 229.819503784, 230.179412842, 230.527709961, 230.887619019, 231.247528076, 231.595825195, 231.944122314, 232.304031372, 232.66394043, 233.023849487, 233.383758545, 233.755279541, 234.10357666, 234.451873779, 234.823394775, 235.171691895, 235.519989014, 235.868301392, 236.216598511, 236.588119507, 236.948028564, 237.307937622, 237.679458618, 238.039367676, 238.387664795, 238.735961914, 239.095870972, 239.455780029, 239.815689087, 240.163986206, 240.512283325, 240.872192383, 241.23210144, 241.592010498, 241.951919556, 242.323440552, 242.694961548, 243.043258667, 243.391555786, 243.751464844, 244.111373901, 244.459671021, 244.819580078, 245.179489136, 245.527801514, 245.876098633, 246.23600769, 246.595916748, 246.944213867, 247.304122925, 247.664031982, 248.02394104, 248.372238159, 248.732147217, 249.092056274, 249.451965332, 249.800262451, 250.160171509, 250.520080566, 250.879989624, 251.239898682, 251.599807739, 251.959716797, 252.319625854, 252.679534912, 253.03944397, 253.399353027, 253.770874023, 254.130783081, 254.490692139, 254.850601196, 255.222122192, 255.593643188, 255.965164185, 256.336669922, 256.708190918, 257.079711914, 257.45123291, 257.822753906, 258.2059021, 258.589019775],
    "bpm_histogram": [0, 0, 0, 0, 0, 0, 0, 0, 0, 0, 0, 0, 0, 0, 0, 0, 0, 0, 0, 0, 0, 0, 0, 0, 0, 0, 0, 0, 0, 0, 0, 0, 0, 0, 0, 0, 0, 0, 0, 0, 0, 0, 0, 0, 0, 0, 0, 0, 0, 0, 0, 0, 0, 0, 0, 0, 0, 0, 0, 0, 0, 0, 0, 0, 0, 0, 0, 0, 0, 0, 0, 0, 0, 0, 0, 0, 0, 0, 0, 0, 0, 0, 0, 0, 0, 0, 0, 0, 0, 0, 0, 0, 0, 0, 0, 0, 0, 0, 0, 0, 0, 0, 0, 0, 0, 0, 0, 0, 0, 0, 0, 0, 0, 0, 0, 0, 0, 0, 0, 0, 0, 0, 0, 0, 0, 0, 0, 0, 0, 0, 0, 0, 0, 0, 0, 0, 0, 0, 0, 0, 0, 0, 0, 0, 0, 0, 0, 0, 0, 0, 0, 0, 0, 0, 0, 0, 0, 0.00692520756274, 0, 0, 0, 0.134349033237, 0.00831024907529, 0, 0, 0, 0, 0.505540192127, 0, 0, 0, 0, 0.332409977913, 0, 0, 0, 0, 0, 0.0110803321004, 0, 0, 0, 0, 0, 0, 0.00138504151255, 0, 0, 0, 0, 0, 0, 0, 0, 0, 0, 0, 0, 0, 0, 0, 0, 0, 0, 0, 0, 0, 0, 0, 0, 0, 0, 0, 0, 0, 0, 0, 0, 0, 0, 0, 0, 0, 0, 0, 0, 0, 0, 0, 0, 0, 0, 0, 0, 0, 0, 0, 0, 0, 0, 0, 0, 0, 0, 0, 0, 0, 0, 0, 0]
},
"tonal": {
    "chords_changes_rate": 0.0627240166068,
    "chords_number_rate": 0.00215053767897,
    "chords_strength": {
        "mean": 0.527367949486,
        "stdev": 0.14371830225
    },
    "hpcp_crest": {
        "mean": 14.3067417145,
        "stdev": 6.94233798981
    },
    "hpcp_entropy": {
        "mean": 1.8454182148,
        "stdev": 0.708955347538
    },
    "key_edma": {
        "strength": 0.619575381279,
        "key": "C",
        "scale": "minor"
    },
    "key_krumhansl": {
        "strength": 0.631434798241,
        "key": "C",
        "scale": "minor"
    },
    "key_temperley": {
        "strength": 0.624991893768,
        "key": "C",
        "scale": "minor"
    },
    "tuning_diatonic_strength": 0.521556079388,
    "tuning_equal_tempered_deviation": 0.231145322323,
    "tuning_frequency": 434.193115234,
    "tuning_nontempered_energy_ratio": 0.940610229969,
    "hpcp": {
