{
"metadata": {
    "version": {
        "essentia": "2.1-dev",
        "essentia_git_sha": "v2.1_beta3-415-gd5473f3",
        "extractor": "music 2.0"
    },
    "audio_properties": {
        "analysis": {
            "equal_loudness": 0,
            "length": 233.508575439,
            "sample_rate": 44100,
            "start_time": 0,
            "downmix": "mix"
        },
        "bit_rate": 192000,
        "length": 233.508575439,
        "lossless": 0,
        "number_channels": 2,
        "replay_gain": -9.19744873047,
        "sample_rate": 44100,
        "codec": "mp3",
        "md5_encoded": "3a198f4c240707c2b3db8ccbea328072"
    },
    "tags": {
        "file_name": "jane_comerford-closer_than_ever.mp3",
        "album": ["Sexy Soul - CD1"],
        "artist": ["Jane Comerford"],
        "date": ["2002"],
        "genre": ["Soul"],
        "title": ["Closer Than Ever"]
    }
},
"lowlevel": {
    "average_loudness": 0.610300064087,
    "barkbands_crest": {
        "mean": 12.2107229233,
        "stdev": 5.05327510834
    },
    "barkbands_flatness_db": {
        "mean": 0.163633003831,
        "stdev": 0.0732637122273
    },
    "barkbands_kurtosis": {
        "mean": 9.895611763,
        "stdev": 26.5275154114
    },
    "barkbands_skewness": {
        "mean": 1.83979797363,
        "stdev": 1.88677787781
    },
    "barkbands_spread": {
        "mean": 17.7220535278,
        "stdev": 14.933795929
    },
    "dissonance": {
        "mean": 0.439646840096,
        "stdev": 0.0413314662874
    },
    "dynamic_complexity": 4.59407281876,
    "erbbands_crest": {
        "mean": 11.7582588196,
        "stdev": 5.7548623085
    },
    "erbbands_flatness_db": {
        "mean": 0.164333790541,
        "stdev": 0.0481937304139
    },
    "erbbands_kurtosis": {
        "mean": 2.86070203781,
        "stdev": 5.29430007935
    },
    "erbbands_skewness": {
        "mean": 0.74996137619,
        "stdev": 0.99491673708
    },
    "erbbands_spread": {
        "mean": 29.9669361115,
        "stdev": 19.2565250397
    },
    "hfc": {
        "mean": 18.216129303,
        "stdev": 22.5188655853
    },
    "loudness_ebu128": {
        "integrated": -14.8592147827,
        "loudness_range": 6.86014175415,
        "momentary": {
            "mean": -17.4951171875,
            "stdev": 9.03323364258
        },
        "short_term": {
            "mean": -16.5376224518,
            "stdev": 6.06041049957
        }
    },
    "melbands_crest": {
        "mean": 16.0257053375,
        "stdev": 6.42142963409
    },
    "melbands_flatness_db": {
        "mean": 0.246318891644,
        "stdev": 0.0999253094196
    },
    "melbands_kurtosis": {
        "mean": 18.5741405487,
        "stdev": 35.4678497314
    },
    "melbands_skewness": {
        "mean": 2.52547478676,
        "stdev": 2.31811237335
    },
    "melbands_spread": {
        "mean": 19.684217453,
        "stdev": 19.2335205078
    },
    "pitch_salience": {
        "mean": 0.472068339586,
        "stdev": 0.127611458302
    },
    "silence_rate_20dB": {
        "mean": 1,
        "stdev": 0
    },
    "silence_rate_30dB": {
        "mean": 0.976436674595,
        "stdev": 0.151682212949
    },
    "silence_rate_60dB": {
        "mean": 0.0754623189569,
        "stdev": 0.264132678509
    },
    "spectral_centroid": {
        "mean": 1108.11828613,
        "stdev": 717.330322266
    },
    "spectral_complexity": {
        "mean": 12.4734535217,
        "stdev": 7.25017881393
    },
    "spectral_decrease": {
        "mean": -7.04700164889e-09,
        "stdev": 6.79024836359e-09
    },
    "spectral_energy": {
        "mean": 0.0282492339611,
        "stdev": 0.0268332287669
    },
    "spectral_energyband_high": {
        "mean": 0.000557292951271,
        "stdev": 0.00147552846465
    },
    "spectral_energyband_low": {
        "mean": 0.0124516766518,
        "stdev": 0.0190466307104
    },
    "spectral_energyband_middle_high": {
        "mean": 0.00734294997528,
        "stdev": 0.0137233203277
    },
    "spectral_energyband_middle_low": {
        "mean": 0.00843775551766,
        "stdev": 0.00933250505477
    },
    "spectral_entropy": {
        "mean": 7.34374380112,
        "stdev": 0.533742129803
    },
    "spectral_flux": {
        "mean": 0.0697716474533,
        "stdev": 0.0517614074051
    },
    "spectral_kurtosis": {
        "mean": 6.37235927582,
        "stdev": 6.02987861633
    },
    "spectral_rms": {
        "mean": 0.0047161905095,
        "stdev": 0.00230603804812
    },
    "spectral_rolloff": {
        "mean": 1215.87646484,
        "stdev": 1768.9921875
    },
    "spectral_skewness": {
        "mean": 1.996322155,
        "stdev": 0.70454788208
    },
    "spectral_spread": {
        "mean": 5297348.5,
        "stdev": 2107849
    },
    "spectral_strongpeak": {
        "mean": 1.22365128994,
        "stdev": 1.82939052582
    },
    "zerocrossingrate": {
        "mean": 0.0542964562774,
        "stdev": 0.0463094636798
    },
    "barkbands": {
        "mean": [0.00111093767919, 0.00933810975403, 0.00187632173765, 0.000461228773929, 0.00152238702867, 0.00225466536358, 0.00118632719386, 0.00108310545329, 0.00112929823808, 0.00208663521335, 0.00197595590726, 0.0016125991242, 0.000473263236927, 0.000480229675304, 0.000392968970118, 0.000126079408801, 0.000138779621921, 0.000158350987476, 0.000202270020964, 0.000138728981256, 5.04229392391e-05, 6.45991240162e-05, 0.000106021318061, 0.000121084645798, 9.15333948797e-05, 6.26499459031e-05, 4.73662339573e-06],
        "stdev": [0.00245854957029, 0.0156485028565, 0.00386888976209, 0.0013672983041, 0.00285676005296, 0.00401750020683, 0.00252716755494, 0.00235812901519, 0.00368607859127, 0.00642614765093, 0.00660268543288, 0.00531025324017, 0.00174686254468, 0.00126020191237, 0.00128532748204, 0.000327766145347, 0.000321506027831, 0.000401619501645, 0.000456920446595, 0.000258077430772, 9.05947308638e-05, 0.000181319599506, 0.000553221558221, 0.000509077566676, 0.000241985253524, 0.000164050754393, 1.62811611517e-05]
    },
    "erbbands": {
        "mean": [0.383448243141, 1.61905860901, 2.42985367775, 1.80973637104, 1.96487379074, 5.52690124512, 14.8263940811, 17.9514656067, 18.2052898407, 21.0271930695, 20.2910423279, 28.4287071228, 54.8689918518, 69.6319046021, 83.0517501831, 67.072517395, 26.1470432281, 26.07513237, 23.1861534119, 13.247833252, 6.86309719086, 6.64479207993, 8.06112289429, 9.95918083191, 10.2733726501, 6.84417963028, 2.9454600811, 1.74684453011, 2.08378124237, 2.6961452961, 3.08507180214, 2.92894172668, 1.77893507481, 1.15363061428, 0.549687922001, 0.336654096842, 0.105950504541, 0.0165204592049, 0.000730222905986, 5.31702935405e-05],
        "stdev": [0.787482917309, 2.41516518593, 4.45696783066, 3.92012262344, 4.29412508011, 11.7590646744, 29.3969478607, 37.3818092346, 39.9002075195, 43.4955482483, 44.6122245789, 89.0189819336, 181.689193726, 223.033660889, 253.504699707, 216.009155273, 84.5087432861, 61.2748336792, 69.1027069092, 41.0510940552, 15.2635631561, 14.2399597168, 19.2559604645, 23.1730575562, 22.9972019196, 11.9827947617, 4.91905736923, 3.73173809052, 5.64934539795, 10.0339603424, 16.5254669189, 15.374961853, 5.80323648453, 3.2451312542, 1.41962075233, 0.93469107151, 0.267412483692, 0.0406403206289, 0.00287539348938, 8.70477015269e-05]
    },
    "gfcc": {
        "mean": [-39.7617263794, 91.6669082642, -95.8124389648, 12.3205165863, -51.9304466248, 26.4202003479, -29.240737915, 17.9743423462, -25.3295612335, 14.5750598907, -5.90966510773, 4.96316194534, -6.65363836288],
        "cov": [[16963.1289062, -229.669677734, -380.035858154, -101.532188416, -692.634155273, 73.0984115601, -301.734649658, 328.32635498, -449.174591064, 203.894073486, -47.9110832214, 192.342224121, -38.7819747925], [-229.669677734, 1711.05932617, 268.405517578, -54.2109413147, 359.664001465, -14.5256595612, 160.720733643, -39.1252441406, 89.4202194214, -24.5021438599, 77.4706954956, -129.517196655, 102.168075562], [-380.035858154, 268.405517578, 1368.68762207, 219.177185059, 177.481002808, 272.212524414, 54.8769340515, 3.46329641342, 26.8954334259, -16.580739975, -106.766082764, -55.7464141846, -2.87017202377], [-101.532188416, -54.2109413147, 219.177185059, 438.414794922, 116.960487366, -7.02354621887, -8.81640338898, 46.2862434387, 44.2129402161, -17.3484210968, -17.5428562164, -27.6360626221, -40.2772140503], [-692.634155273, 359.664001465, 177.481002808, 116.960487366, 388.473937988, 106.633094788, 110.756500244, 13.3590240479, 69.5434646606, -19.0032482147, -8.14656734467, -28.7077312469, -45.5656089783], [73.0984115601, -14.5256595612, 272.212524414, -7.02354621887, 106.633094788, 317.600402832, 106.304191589, -7.19256782532, 16.0318031311, -14.7357931137, -42.7378082275, -7.68252038956, -12.5934715271], [-301.734649658, 160.720733643, 54.8769340515, -8.81640338898, 110.756500244, 106.304191589, 185.892120361, 24.5186901093, 38.3873405457, -10.2433462143, 8.09287929535, -9.22993564606, 9.17745304108], [328.32635498, -39.1252441406, 3.46329641342, 46.2862434387, 13.3590240479, -7.19256782532, 24.5186901093, 125.254737854, 20.3541183472, 16.9443397522, -0.523564338684, 1.47931051254, -8.86473178864], [-449.174591064, 89.4202194214, 26.8954334259, 44.2129402161, 69.5434646606, 16.0318031311, 38.3873405457, 20.3541183472, 136.134658813, 21.6485290527, 16.3841781616, -8.04371929169, -17.5116386414], [203.894073486, -24.5021438599, -16.580739975, -17.3484210968, -19.0032482147, -14.7357931137, -10.2433462143, 16.9443397522, 21.6485290527, 96.7867431641, 34.834438324, 10.323343277, -0.375787585974], [-47.9110832214, 77.4706954956, -106.766082764, -17.5428562164, -8.14656734467, -42.7378082275, 8.09287929535, -0.523564338684, 16.3841781616, 34.834438324, 111.925712585, 20.0353240967, 9.46827316284], [192.342224121, -129.517196655, -55.7464141846, -27.6360626221, -28.7077312469, -7.68252038956, -9.22993564606, 1.47931051254, -8.04371929169, 10.323343277, 20.0353240967, 89.5263977051, 12.0021715164], [-38.7819747925, 102.168075562, -2.87017202377, -40.2772140503, -45.5656089783, -12.5934715271, 9.17745304108, -8.86473178864, -17.5116386414, -0.375787585974, 9.46827316284, 12.0021715164, 127.061500549]],
        "icov": [[9.87497769529e-05, -0.000162139855092, 7.82808638178e-05, -0.000118932461191, 0.000288370414637, -0.000266235467279, 0.000168294762261, -0.000348709028913, 0.00037473521661, -0.000275926518952, 0.000189944446902, -0.000350472255377, 0.00023490494641], [-0.000162139855092, 0.00153629109263, -0.000467584264698, 0.000838829902932, -0.00176795665175, 0.00125268660486, -0.000684072205331, 0.000882762775291, -0.000949802808464, 0.000899455335457, -0.00146562326699, 0.00235696323216, -0.00166997499764], [7.82808638178e-05, -0.000467584264698, 0.0012097407598, -0.000764418102335, 0.000379418197554, -0.00130015099421, 0.000493998813909, -0.000268073315965, 0.000405164901167, -0.000678756332491, 0.00109880242962, -0.000413028115872, 0.000148668696056], [-0.000118932461191, 0.000838829902932, -0.000764418102335, 0.00350831961259, -0.00179020885844, 0.00128280231729, 0.000362342689186, -0.00054909591563, -0.00125002139248, 0.00139624055009, -0.000992244575173, 0.001667174045, -0.00044697127305], [0.000288370414637, -0.00176795665175, 0.000379418197554, -0.00179020885844, 0.00607755500823, -0.00202508969232, -0.000994514441118, -0.000933340983465, 0.000360102829291, -0.000719638715964, 0.00151154818013, -0.00244444096461, 0.00310193863697], [-0.000266235467279, 0.00125268660486, -0.00130015099421, 0.00128280231729, -0.00202508969232, 0.00641251495108, -0.00343186617829, 0.00191279849969, -0.00106692838017, 0.000758690119255, 0.000279277883237, 0.00133579561953, -0.000712374225259], [0.000168294762261, -0.000684072205331, 0.000493998813909, 0.000362342689186, -0.000994514441118, -0.00343186617829, 0.00929225422442, -0.00279115326703, -0.000648600689601, 0.000937446078751, -0.00105775275733, -0.000362254359061, -0.000808824901469], [-0.000348709028913, 0.000882762775291, -0.000268073315965, -0.00054909591563, -0.000933340983465, 0.00191279849969, -0.00279115326703, 0.0105337416753, -0.00192246295046, -0.000997951487079, 0.0002646711946, 0.00105539953802, -0.000592294614762], [0.00037473521661, -0.000949802808464, 0.000405164901167, -0.00125002139248, 0.000360102829291, -0.00106692838017, -0.000648600689601, -0.00192246295046, 0.0106250485405, -0.00331230740994, 0.000205072152312, -0.00129993073642, 0.00198917812668], [-0.000275926518952, 0.000899455335457, -0.000678756332491, 0.00139624055009, -0.000719638715964, 0.000758690119255, 0.000937446078751, -0.000997951487079, -0.00331230740994, 0.0139325046912, -0.00499431416392, 0.00117800908629, -0.000854811572935], [0.000189944446902, -0.00146562326699, 0.00109880242962, -0.000992244575173, 0.00151154818013, 0.000279277883237, -0.00105775275733, 0.0002646711946, 0.000205072152312, -0.00499431416392, 0.0134247476235, -0.00430349679664, 0.0010309740901], [-0.000350472255377, 0.00235696323216, -0.000413028115872, 0.001667174045, -0.00244444096461, 0.00133579561953, -0.000362254359061, 0.00105539953802, -0.00129993073642, 0.00117800908629, -0.00430349679664, 0.0160455405712, -0.00349807273597], [0.00023490494641, -0.00166997499764, 0.000148668696056, -0.00044697127305, 0.00310193863697, -0.000712374225259, -0.000808824901469, -0.000592294614762, 0.00198917812668, -0.000854811572935, 0.0010309740901, -0.00349807273597, 0.0107304770499]]
    },
    "melbands": {
        "mean": [0.00295835128054, 0.00158038164955, 0.000322916661389, 0.000238512075157, 0.000476849236293, 0.000411442044424, 0.000271283264738, 0.000232249498367, 0.000156047171913, 0.000184658099897, 0.000272396719083, 0.00027271619183, 0.000275085534668, 0.000212455386645, 9.69100874499e-05, 4.2258961912e-05, 5.07141594426e-05, 3.71917922166e-05, 2.34840899793e-05, 1.28182664412e-05, 7.41023404771e-06, 6.88865975462e-06, 7.40335326554e-06, 7.85994961916e-06, 7.96034782979e-06, 7.72337898525e-06, 6.2095668909e-06, 4.08741880165e-06, 1.96758833226e-06, 1.176194246e-06, 9.69864913714e-07, 1.10088899419e-06, 1.39369967656e-06, 1.51653273406e-06, 1.6273907022e-06, 2.04023945116e-06, 1.71564317952e-06, 1.22273399938e-06, 1.18371463032e-06, 8.9611188514e-07],
        "stdev": [0.00539687741548, 0.00233740452677, 0.000663107435685, 0.000521008041687, 0.000870041665621, 0.000804186158348, 0.000578885374125, 0.000495820306242, 0.000353874580469, 0.000624383916147, 0.000927762303036, 0.000916283461265, 0.000891439092811, 0.00065181707032, 0.000333217030857, 0.00012175541633, 0.000135391295771, 0.000111027613457, 8.13091683085e-05, 3.5724024201e-05, 1.8404554794e-05, 1.53388045874e-05, 2.08224755625e-05, 2.32162037719e-05, 1.97153567569e-05, 1.9439308744e-05, 1.36470325742e-05, 7.36548372515e-06, 3.58464967576e-06, 2.15086470234e-06, 2.34842264035e-06, 2.96857297144e-06, 4.31324406236e-06, 6.22063953415e-06, 8.83128723217e-06, 1.2271137166e-05, 9.24132928048e-06, 4.26446695201e-06, 3.40293331647e-06, 2.60168394561e-06]
    },
    "melbands128": {
        "mean": [0.000975411676336, 0.00347140710801, 0.00359656545334, 0.00239394465461, 0.0014615872642, 0.000810503435787, 0.00035828910768, 0.000212560567888, 0.000171103572939, 0.000204218638828, 0.000246960495133, 0.00044691565563, 0.000562596949749, 0.000475607084809, 0.000418295094278, 0.000379603210604, 0.000335921096848, 0.000249851203989, 0.000217985696509, 0.000240685214521, 0.000280491483863, 0.000153394648805, 0.0001722555171, 9.41789839999e-05, 0.000177966532647, 0.000212299302802, 0.000209297373658, 0.00035798875615, 0.000211039485293, 0.000292177312076, 0.000287122413283, 0.000250501470873, 0.00028651006869, 0.000308921531541, 0.000186998833669, 0.00021584800561, 0.000220238303882, 4.91379250889e-05, 7.39692186471e-05, 5.011207395e-05, 3.2785388612e-05, 3.138394095e-05, 5.30537290615e-05, 6.98843432474e-05, 2.11268470593e-05, 3.72702234017e-05, 4.86338540213e-05, 1.70004714164e-05, 1.83027368621e-05, 1.84910204553e-05, 1.17972613225e-05, 8.2643737187e-06, 5.61295792068e-06, 7.13780491424e-06, 1.11319905045e-05, 5.19208970218e-06, 4.14729220211e-06, 1.04878263301e-05, 6.87417013978e-06, 5.68543919144e-06, 7.94255811343e-06, 8.85394456418e-06, 1.03893726191e-05, 6.9905104283e-06, 5.16307181897e-06, 7.96318545326e-06, 9.89714681054e-06, 6.24666790827e-06, 5.10060954184e-06, 6.43048724669e-06, 4.43912631454e-06, 2.79538198811e-06, 2.38760867433e-06, 1.81785105724e-06, 1.48240440012e-06, 1.40445490615e-06, 8.70975668477e-07, 8.53729375194e-07, 9.5065718142e-07, 1.17147840228e-06, 1.0281349887e-06, 1.08990013814e-06, 1.22069957342e-06, 1.43557952015e-06, 1.53897087785e-06, 1.54637098149e-06, 1.56752923886e-06, 1.30392675146e-06, 1.5315863493e-06, 1.92314473679e-06, 2.09459062717e-06, 2.134788474e-06, 1.82555834272e-06, 1.79822666269e-06, 1.59590240401e-06, 1.36181711241e-06, 1.00014995041e-06, 1.23512211303e-06, 1.19969058687e-06, 1.23436007016e-06, 9.89436330201e-07, 8.44133069222e-07, 7.43826433336e-07, 7.2045691013e-07, 5.8886593024e-07, 4.62568692683e-07, 6.57530279113e-07, 4.07169039818e-07, 8.4828747049e-07, 5.56284533104e-07, 3.31435472845e-07, 4.06748455362e-07, 3.3279161471e-07, 2.81386888901e-07, 2.11936310279e-07, 1.57420245728e-07, 1.14566809373e-07, 4.18230712285e-08, 2.31802719242e-08, 1.58854085441e-08, 6.63971366777e-09, 5.75489167431e-09, 3.22603210812e-09, 2.34706871993e-11, 3.48606300077e-12, 3.44378475389e-12, 3.41248101825e-12, 3.38930836521e-12],
        "stdev": [0.00223397067748, 0.00775291863829, 0.00643891561776, 0.00351308356039, 0.00264882924967, 0.00166522490326, 0.000855231424794, 0.000669116678182, 0.00040749416803, 0.000701657030731, 0.000716409063898, 0.00105305702891, 0.00137646624353, 0.0011465344578, 0.00114724726882, 0.00107229803689, 0.00111648021266, 0.000697669165675, 0.000670529727358, 0.000604592030868, 0.000837753119413, 0.000486034317873, 0.000536406703759, 0.000324157532305, 0.000663399288896, 0.00110218988266, 0.000922428444028, 0.00155678216834, 0.00113083946053, 0.00121227058116, 0.00136097089853, 0.00121782172937, 0.00130671192892, 0.00126716168597, 0.00105705054011, 0.000836212129798, 0.000994279631414, 0.000278897961834, 0.000426878832513, 0.000226952965022, 0.000113385867735, 0.000109569424239, 0.000169090912095, 0.000258504791418, 8.55744074215e-05, 0.000154773093527, 0.000239117362071, 9.61798723438e-05, 0.000105455168523, 8.30434073578e-05, 4.24665959144e-05, 3.11545736622e-05, 2.92937002087e-05, 2.28272238019e-05, 3.36333505402e-05, 1.88503672689e-05, 1.74442302523e-05, 4.50347688457e-05, 2.24771265493e-05, 2.60914803221e-05, 3.45123553416e-05, 3.5774668504e-05, 3.50569825969e-05, 2.34043509408e-05, 2.09169811569e-05, 3.20384679071e-05, 3.01545605907e-05, 2.35814659391e-05, 1.67593116203e-05, 1.50171472342e-05, 1.04312002804e-05, 6.26451947028e-06, 5.29328508492e-06, 3.87908721677e-06, 2.94216465591e-06, 3.0424068882e-06, 2.06874983633e-06, 2.45854153036e-06, 2.45420937972e-06, 3.28977262143e-06, 2.93083553515e-06, 3.29444196723e-06, 3.70034717889e-06, 4.7108196668e-06, 5.25827681486e-06, 6.57910277369e-06, 7.25155632608e-06, 6.93651372785e-06, 8.77677666722e-06, 1.19924534374e-05, 1.37924080263e-05, 1.48937142512e-05, 1.06736997623e-05, 1.14487938845e-05, 8.47078626975e-06, 5.2857603805e-06, 3.76220737053e-06, 3.76016760129e-06, 3.74073056264e-06, 3.78796266887e-06, 3.09658389597e-06, 2.5733450002e-06, 2.42138230533e-06, 2.04449065677e-06, 1.5935280544e-06, 1.32761795157e-06, 1.86125237178e-06, 1.35812797453e-06, 2.7019693789e-06, 1.54663712237e-06, 8.95729840522e-07, 1.16404999062e-06, 8.3014788288e-07, 7.028992286e-07, 5.19714944858e-07, 3.93279151467e-07, 3.06502926151e-07, 1.67120262518e-07, 1.52061815584e-07, 1.22057002727e-07, 5.43219016436e-08, 5.44763736343e-08, 3.10567891404e-08, 2.92456975304e-10, 6.56351969303e-12, 6.47899095485e-12, 6.41851762712e-12, 6.38091576105e-12]
    },
    "mfcc": {
        "mean": [-690.168701172, 133.242446899, 12.9683189392, 4.14735221863, 5.39204597473, 5.55680274963, 14.5620326996, 1.45763707161, 0.122097693384, 8.0944185257, 3.02299427986, 1.34311676025, 6.09512519836],
        "cov": [[10715.1904297, -712.043029785, -561.551086426, -142.661010742, -455.814544678, -438.365325928, 8.9159078598, -95.9286727905, -161.574142456, -52.1625976562, -139.8828125, -21.9487457275, 248.895370483], [-712.043029785, 1649.53967285, 123.80896759, 54.401599884, 170.054122925, 140.525680542, 152.16557312, 16.5503520966, 100.200424194, 58.9509048462, 80.3210296631, 17.85197258, -34.5353088379], [-561.551086426, 123.80896759, 1019.06262207, 75.7956466675, 202.385040283, 191.814331055, 95.505569458, 38.681678772, 104.122772217, 67.1597671509, -2.5007481575, -21.2103004456, -87.4862518311], [-142.661010742, 54.401599884, 75.7956466675, 403.067749023, 145.646621704, -13.6797628403, -4.57001495361, 28.9592170715, 17.0384407043, 14.9589805603, 54.933467865, 31.9469184875, -24.7689628601], [-455.814544678, 170.054122925, 202.385040283, 145.646621704, 268.801116943, 125.949821472, 40.8477287292, 68.8117141724, 43.1668891907, 38.6177635193, 48.8367767334, 20.8190460205, -40.3987159729], [-438.365325928, 140.525680542, 191.814331055, -13.6797628403, 125.949821472, 283.247802734, 82.9834976196, 92.623374939, 53.3790893555, 50.727355957, 25.9334087372, -3.18273687363, -30.1755332947], [8.9159078598, 152.16557312, 95.505569458, -4.57001495361, 40.8477287292, 82.9834976196, 170.759246826, 48.9646377563, 42.4343833923, 27.693441391, -1.07317352295, -11.5259962082, -8.47607040405], [-95.9286727905, 16.5503520966, 38.681678772, 28.9592170715, 68.8117141724, 92.623374939, 48.9646377563, 164.440704346, 40.3133888245, 26.8794746399, 28.1352977753, 9.47731876373, -14.72306633], [-161.574142456, 100.200424194, 104.122772217, 17.0384407043, 43.1668891907, 53.3790893555, 42.4343833923, 40.3133888245, 133.315567017, 35.445098877, -5.32965278625, -8.90268516541, -7.63509178162], [-52.1625976562, 58.9509048462, 67.1597671509, 14.9589805603, 38.6177635193, 50.727355957, 27.693441391, 26.8794746399, 35.445098877, 103.876335144, 35.1615524292, 4.24442338943, -5.82378911972], [-139.8828125, 80.3210296631, -2.5007481575, 54.933467865, 48.8367767334, 25.9334087372, -1.07317352295, 28.1352977753, -5.32965278625, 35.1615524292, 121.152999878, 32.5988693237, -12.2264642715], [-21.9487457275, 17.85197258, -21.2103004456, 31.9469184875, 20.8190460205, -3.18273687363, -11.5259962082, 9.47731876373, -8.90268516541, 4.24442338943, 32.5988693237, 102.357948303, 33.8064498901], [248.895370483, -34.5353088379, -87.4862518311, -24.7689628601, -40.3987159729, -30.1755332947, -8.47607040405, -14.72306633, -7.63509178162, -5.82378911972, -12.2264642715, 33.8064498901, 114.770309448]],
        "icov": [[0.000110877488623, 2.81882457784e-05, 9.23673269426e-06, -1.90806676983e-05, 9.80116674327e-05, 0.000134100584546, -0.000124827492982, -5.60519256396e-05, 9.7098731203e-05, -8.24859016575e-05, 5.61796332477e-05, 5.6908964325e-05, -0.000184204080142], [2.81882457784e-05, 0.00075751345139, 9.19332742342e-05, 6.74546245136e-05, -0.000362785125617, -7.62112103985e-05, -0.000644327956252, 0.000483321200591, -0.000441281445092, 4.605128197e-05, -0.000454552558949, -9.25914646359e-05, 6.99583033565e-05], [9.23673269426e-06, 9.19332742342e-05, 0.00137698603794, -3.70582965843e-05, -0.000728250830434, -0.000512991449796, -0.000355789758032, 0.000580293883104, -0.000599749211688, -0.000365926040104, 0.000438338465756, -9.38577068155e-05, 0.000722097407561], [-1.90806676983e-05, 6.74546245136e-05, -3.70582965843e-05, 0.00354129029438, -0.00226642074995, 0.00134119309951, 3.95473471144e-05, -0.000177760157385, -0.000346848537447, 0.000151950967847, -0.000900418264791, -0.000474161352031, 0.000361041951692], [9.80116674327e-05, -0.000362785125617, -0.000728250830434, -0.00226642074995, 0.00745787611231, -0.0021665233653, 0.000250552082434, -0.00105449941475, -5.20770190633e-05, -0.000167401449289, -0.00056762091117, -0.000885906862095, 0.000761306029744], [0.000134100584546, -7.62112103985e-05, -0.000512991449796, 0.00134119309951, -0.0021665233653, 0.00650100549683, -0.00143158750143, -0.00215150043368, -3.95420684072e-05, -0.0011109955376, -0.000211579783354, 0.000316266028676, -2.51277597272e-05], [-0.000124827492982, -0.000644327956252, -0.000355789758032, 3.95473471144e-05, 0.000250552082434, -0.00143158750143, 0.00805414654315, -0.00154310057405, -0.000750474515371, -0.00068576465128, 0.000827048148494, 0.000751087500248, -0.000295043661026], [-5.60519256396e-05, 0.000483321200591, 0.000580293883104, -0.000177760157385, -0.00105449941475, -0.00215150043368, -0.00154310057405, 0.00878996029496, -0.00191094167531, 8.95038683666e-05, -0.00129847240169, -0.000750850944314, 0.000708014820702], [9.7098731203e-05, -0.000441281445092, -0.000599749211688, -0.000346848537447, -5.20770190633e-05, -3.95420684072e-05, -0.000750474515371, -0.00191094167531, 0.0101282242686, -0.0027243825607, 0.00197430956177, 0.000775653170422, -0.000687291962095], [-8.24859016575e-05, 4.605128197e-05, -0.000365926040104, 0.000151950967847, -0.000167401449289, -0.0011109955376, -0.00068576465128, 8.95038683666e-05, -0.0027243825607, 0.0127442944795, -0.00390583346598, 0.000414020498283, -0.000516191881616], [5.61796332477e-05, -0.000454552558949, 0.000438338465756, -0.000900418264791, -0.00056762091117, -0.000211579783354, 0.000827048148494, -0.00129847240169, 0.00197430956177, -0.00390583346598, 0.0118731679395, -0.00321197253652, 0.00166438228916], [5.6908964325e-05, -9.25914646359e-05, -9.38577068155e-05, -0.000474161352031, -0.000885906862095, 0.000316266028676, 0.000751087500248, -0.000750850944314, 0.000775653170422, 0.000414020498283, -0.00321197253652, 0.0128826247528, -0.00465892162174], [-0.000184204080142, 6.99583033565e-05, 0.000722097407561, 0.000361041951692, 0.000761306029744, -2.51277597272e-05, -0.000295043661026, 0.000708014820702, -0.000687291962095, -0.000516191881616, 0.00166438228916, -0.00465892162174, 0.0115700485185]]
    },
    "spectral_contrast_coeffs": {
        "mean": [-0.743540465832, -0.724973917007, -0.710615813732, -0.767939388752, -0.797360956669, -0.818345665932],
        "stdev": [0.0788637846708, 0.0854297652841, 0.0899958908558, 0.0587172582746, 0.0502941645682, 0.0329121425748]
    },
    "spectral_contrast_valleys": {
        "mean": [-7.0132689476, -7.27585935593, -7.9117603302, -8.36121273041, -8.40923118591, -10.501739502],
        "stdev": [1.53087854385, 1.29183840752, 1.29563689232, 1.21706783772, 1.29200935364, 1.39202356339]
    }
},
"rhythm": {
    "beats_count": 385,
    "beats_loudness": {
        "mean": 0.0338258482516,
        "stdev": 0.0242933742702
    },
    "bpm": 99.009727478,
    "bpm_histogram_first_peak_bpm": 99,
    "bpm_histogram_first_peak_weight": 0.0211082100868,
    "bpm_histogram_second_peak_bpm": 117,
    "bpm_histogram_second_peak_spread": 0,
    "bpm_histogram_second_peak_weight": 0.0130208330229,
    "danceability": 1.06446099281,
    "onset_rate": 3.21595621109,
    "beats_loudness_band_ratio": {
        "mean": [0.508681833744, 0.156902089715, 0.13592377305, 0.145254671574, 0.0375758558512, 0.0538134239614],
        "stdev": [0.278150528669, 0.14974142611, 0.141435980797, 0.187081888318, 0.0531032718718, 0.0853211730719]
    },
    "beats_position": [0.603718817234, 1.21904754639, 1.83437633514, 2.43809509277, 3.04181408882, 3.64553284645, 4.2492518425, 4.85297060013, 5.45668935776, 6.06040811539, 6.67573690414, 7.2910656929, 7.89478445053, 8.498503685, 9.10222244263, 9.70594120026, 10.3096599579, 10.9133787155, 11.5287075043, 12.1324262619, 12.7477550507, 13.3514738083, 13.9551925659, 14.5589113235, 15.1626300812, 15.7663488388, 16.3700675964, 16.9737873077, 17.5775051117, 18.181224823, 18.7965526581, 19.4118824005, 20.0156002045, 20.6193199158, 21.2230377197, 21.826757431, 22.430475235, 23.0341949463, 23.6495227814, 24.2532424927, 24.8685703278, 25.4722900391, 26.076007843, 26.6797275543, 27.2834453583, 27.8871650696, 28.5024929047, 29.1178226471, 29.7215423584, 30.3252601624, 30.9289798737, 31.5326976776, 32.1364173889, 32.7401351929, 33.3438529968, 33.9475746155, 34.5512924194, 35.1550102234, 35.7587280273, 36.3740577698, 36.9893875122, 37.5931053162, 38.1968231201, 38.8005447388, 39.4042625427, 40.0079803467, 40.6116981506, 41.2154197693, 41.8191375732, 42.4344673157, 43.0497932434, 43.6535148621, 44.257232666, 44.86095047, 45.4530601501, 46.0683898926, 46.6721076965, 47.2758255005, 47.8795471191, 48.4832649231, 49.0985946655, 49.7139205933, 50.3176422119, 50.9213600159, 51.5250778198, 52.1287956238, 52.7325172424, 53.3362350464, 53.9399528503, 54.5436706543, 55.1590003967, 55.7743301392, 56.3780479431, 56.9817695618, 57.5854873657, 58.2008171082, 58.8161430359, 59.4430847168, 60.0468025208, 60.6621322632, 61.2542381287, 61.8695678711, 62.4848976135, 63.0886154175, 63.6923332214, 64.2960510254, 64.899772644, 65.5034942627, 66.107208252, 66.7109298706, 67.3146438599, 67.9183654785, 68.5220870972, 69.1258010864, 69.7295227051, 70.3332443237, 70.9485702515, 71.5638961792, 72.1676177979, 72.759727478, 73.3750534058, 73.9787750244, 74.5824966431, 75.1862106323, 75.789932251, 76.4052581787, 77.0089797974, 77.6126937866, 78.2164154053, 78.831741333, 79.4354629517, 80.0391845703, 80.6428985596, 81.2466201782, 81.8503417969, 82.4540557861, 83.0577774048, 83.661491394, 84.2768249512, 84.8921508789, 85.4958724976, 86.0995864868, 86.7033081055, 87.3070297241, 87.9107437134, 88.514465332, 89.1181869507, 89.7335128784, 90.3488388062, 90.9525604248, 91.5562820435, 92.1599960327, 92.7637176514, 93.36743927, 93.9711532593, 94.5748748779, 95.1902008057, 95.7939224243, 96.4092483521, 97.0129699707, 97.61668396, 98.2204055786, 98.8241271973, 99.4278411865, 100.031562805, 100.646888733, 101.250610352, 101.865936279, 102.469657898, 103.073379517, 103.677093506, 104.280815125, 104.884536743, 105.488250732, 106.091972351, 106.69568634, 107.311019897, 107.926345825, 108.530067444, 109.133781433, 109.737503052, 110.34122467, 110.94493866, 111.548660278, 112.152381897, 112.756095886, 113.371429443, 113.986755371, 114.59047699, 115.194190979, 115.797912598, 116.401634216, 117.005348206, 117.609069824, 118.212783813, 118.828117371, 119.43183136, 120.047164917, 120.650878906, 121.254600525, 121.858322144, 122.462036133, 123.065757751, 123.66947937, 124.284805298, 124.888526917, 125.503852844, 126.095962524, 126.711288452, 127.315010071, 127.91872406, 128.522445679, 129.126159668, 129.729888916, 130.345214844, 130.960540771, 131.564254761, 132.167984009, 132.771697998, 133.363800049, 133.979141235, 134.582855225, 135.186569214, 135.790298462, 136.394012451, 136.99772644, 137.601455688, 138.205169678, 138.820495605, 139.435821533, 140.039550781, 140.643264771, 141.24697876, 141.850692749, 142.454421997, 143.058135986, 143.661849976, 144.277191162, 144.880905151, 145.484619141, 146.099945068, 146.703674316, 147.307388306, 147.911102295, 148.514831543, 149.118545532, 149.710647583, 150.32598877, 150.929702759, 151.533416748, 152.137145996, 152.752471924, 153.367797852, 153.971511841, 154.575241089, 155.178955078, 155.782669067, 156.386398315, 157.001724243, 157.617050171, 158.22076416, 158.824493408, 159.428207397, 160.031921387, 160.635650635, 161.239364624, 161.843078613, 162.458404541, 163.073745728, 163.677459717, 164.281173706, 164.884887695, 165.488616943, 166.092330933, 166.696044922, 167.29977417, 167.903488159, 168.507202148, 169.110931396, 169.714645386, 170.329971313, 170.933700562, 171.537414551, 172.152740479, 172.756454468, 173.360183716, 173.963897705, 174.567611694, 175.182937622, 175.798278809, 176.401992798, 177.005706787, 177.609436035, 178.213150024, 178.816864014, 179.420593262, 180.024307251, 180.62802124, 181.231735229, 181.835464478, 182.439178467, 183.042892456, 183.646621704, 184.250335693, 184.854049683, 185.457778931, 186.06149292, 186.665206909, 187.268936157, 187.884262085, 188.499588013, 189.103302002, 189.70703125, 190.310745239, 190.914459229, 191.518188477, 192.121902466, 192.737228394, 193.352554321, 193.956283569, 194.559997559, 195.163711548, 195.767440796, 196.371154785, 196.974868774, 197.578598022, 198.182312012, 198.786026001, 199.38973999, 199.993469238, 200.608795166, 201.224121094, 201.827835083, 202.431564331, 203.03527832, 203.63899231, 204.242721558, 204.846435547, 205.450149536, 206.065490723, 206.68081665, 207.28453064, 207.888244629, 208.491973877, 209.095687866, 209.699401855, 210.303131104, 210.906845093, 211.522171021, 212.137496948, 212.741226196, 213.344940186, 213.948654175, 214.552383423, 215.156097412, 215.759811401, 216.363540649, 216.967254639, 217.570968628, 218.174682617, 218.790023804, 219.405349731, 220.009063721, 220.624389648, 221.228118896, 221.831832886, 222.435546875, 223.039276123, 223.642990112, 224.246704102, 224.862030029, 225.465759277, 226.069473267, 226.673187256, 227.276916504, 227.892242432, 228.495956421, 229.08807373, 229.69178772, 230.295501709, 230.806350708, 231.317184448, 231.828018188, 232.338867188, 232.849700928],
    "bpm_histogram": [0, 0, 0, 0, 0, 0, 0, 0, 0, 0, 0, 0, 0, 0, 0, 0, 0, 0, 0, 0, 0, 0, 0, 0, 0, 0, 0, 0, 0, 0, 0, 0, 0, 0, 0, 0, 0, 0, 0, 0, 0, 0, 0, 0, 0, 0, 0, 0, 0, 0, 0, 0, 0, 0, 0, 0, 0, 0, 0, 0, 0, 0, 0, 0, 0, 0, 0, 0, 0, 0, 0, 0, 0, 0, 0, 0, 0, 0, 0, 0, 0, 0, 0, 0, 0, 0, 0, 0, 0, 0, 0, 0, 0, 0, 0, 0, 0.00260416674428, 0, 0.2109375, 0.755208313465, 0, 0.0182291660458, 0, 0, 0, 0, 0, 0, 0, 0, 0, 0, 0, 0, 0, 0, 0, 0.0130208330229, 0, 0, 0, 0, 0, 0, 0, 0, 0, 0, 0, 0, 0, 0, 0, 0, 0, 0, 0, 0, 0, 0, 0, 0, 0, 0, 0, 0, 0, 0, 0, 0, 0, 0, 0, 0, 0, 0, 0, 0, 0, 0, 0, 0, 0, 0, 0, 0, 0, 0, 0, 0, 0, 0, 0, 0, 0, 0, 0, 0, 0, 0, 0, 0, 0, 0, 0, 0, 0, 0, 0, 0, 0, 0, 0, 0, 0, 0, 0, 0, 0, 0, 0, 0, 0, 0, 0, 0, 0, 0, 0, 0, 0, 0, 0, 0, 0, 0, 0, 0, 0, 0, 0, 0, 0, 0, 0, 0, 0, 0, 0, 0, 0, 0, 0, 0, 0, 0, 0, 0, 0, 0, 0, 0, 0, 0, 0, 0, 0, 0, 0, 0]
},
"tonal": {
    "chords_changes_rate": 0.045129224658,
    "chords_number_rate": 0.00298210745677,
    "chords_strength": {
        "mean": 0.565101146698,
        "stdev": 0.156928986311
    },
    "hpcp_crest": {
        "mean": 14.630774498,
        "stdev": 7.29306268692
    },
    "hpcp_entropy": {
        "mean": 1.8053637743,
        "stdev": 0.712847948074
    },
    "key_edma": {
        "strength": 0.74792611599,
        "key": "F",
        "scale": "major"
    },
    "key_krumhansl": {
        "strength": 0.744685709476,
        "key": "F",
        "scale": "major"
    },
    "key_temperley": {
        "strength": 0.735378742218,
        "key": "F",
        "scale": "major"
    },
    "tuning_diatonic_strength": 0.596034228802,
    "tuning_equal_tempered_deviation": 0.22477799654,
    "tuning_frequency": 434.193115234,
    "tuning_nontempered_energy_ratio": 0.929724514484,
    "hpcp": {
        "mean": [0.201660647988, 0.197873607278, 0.0914460346103, 0.0892271324992, 0.0895362719893, 0.0575669407845, 0.106119908392, 0.151694878936, 0.12750120461, 0.200187936425, 0.205077767372, 0.0860358774662, 0.0409689769149, 0.0340712815523, 0.0461732037365, 0.117201164365, 0.15293097496, 0.0963554233313, 0.0666936263442, 0.0587657392025, 0.050354577601, 0.115723356605, 0.16817112267, 0.130271270871, 0.159528136253, 0.154569417238, 0.0699138566852, 0.0594580285251, 0.0651549398899, 0.0682416558266, 0.151556566358, 0.184370353818, 0.10519978404, 0.065456725657, 0.0612928196788, 0.0922090783715],
        "stdev": [0.320986807346, 0.29678106308, 0.192403450608, 0.224492952228, 0.228459492326, 0.157144889235, 0.217421978712, 0.293233692646, 0.229442164302, 0.316919595003, 0.321605950594, 0.183511793613, 0.129645481706, 0.118489816785, 0.134284839034, 0.224363461137, 0.262102067471, 0.200739324093, 0.181105017662, 0.178622797132, 0.137941718102, 0.212018489838, 0.29983830452, 0.214243844151, 0.288163214922, 0.285731911659, 0.171762689948, 0.159222349524, 0.172857418656, 0.160428538918, 0.26280349493, 0.297859877348, 0.216060042381, 0.175123095512, 0.174747824669, 0.200401067734]
    },
    "chords_histogram": [15.9045724869, 27.0377731323, 10.974155426, 2.70377731323, 7.6739563942, 3.22067594528, 4.27435398102, 0, 2.76341938972, 0.735586464405, 0.0795228630304, 0, 0, 0.596421480179, 0.0198807157576, 2.60437369347, 0, 2.56461238861, 0.0198807157576, 1.09343934059, 5.44731616974, 2.00795221329, 2.22664022446, 8.05169010162],
    "thpcp": [1, 0.419528067112, 0.199772879481, 0.166138350964, 0.225149735808, 0.571496188641, 0.745721876621, 0.46984821558, 0.325211405754, 0.286553442478, 0.245538935065, 0.564290106297, 0.820035874844, 0.635228633881, 0.777890920639, 0.753711223602, 0.34091386199, 0.289929181337, 0.317708462477, 0.33275988698, 0.739019989967, 0.8990265131, 0.512975096703, 0.319180011749, 0.29887598753, 0.449629813433, 0.983337461948, 0.964871108532, 0.445909053087, 0.43508926034, 0.436596691608, 0.280707865953, 0.517461776733, 0.739694416523, 0.6217212677, 0.976156234741],
    "chords_key": "A",
    "chords_scale": "minor"
}
}