{
"metadata": {
    "version": {
        "essentia": "2.1-dev",
        "essentia_git_sha": "v2.1_beta3-415-gd5473f3",
        "extractor": "music 2.0"
    },
    "audio_properties": {
        "analysis": {
            "equal_loudness": 0,
            "length": 265.560821533,
            "sample_rate": 44100,
            "start_time": 0,
            "downmix": "mix"
        },
        "bit_rate": 192000,
        "length": 265.560821533,
        "lossless": 0,
        "number_channels": 2,
        "replay_gain": -9.71305274963,
        "sample_rate": 44100,
        "codec": "mp3",
        "md5_encoded": "f92ddbe9fff3fc981b7cdf0233d126dc"
    },
    "tags": {
        "file_name": "janet_jackson-that.s_the_way_love_goes.mp3",
        "album": ["Music of the Millennium II. ( Cd. 2 )"],
        "artist": ["Varios artistas"],
        "genre": ["Other"],
        "title": ["That's the way love goes - Janet Jackson"]
    }
},
"lowlevel": {
    "average_loudness": 0.890416264534,
    "barkbands_crest": {
        "mean": 12.5141973495,
        "stdev": 4.55088043213
    },
    "barkbands_flatness_db": {
        "mean": 0.196190044284,
        "stdev": 0.0689051523805
    },
    "barkbands_kurtosis": {
        "mean": 15.4412918091,
        "stdev": 20.8708362579
    },
    "barkbands_skewness": {
        "mean": 2.62202262878,
        "stdev": 1.67393100262
    },
    "barkbands_spread": {
        "mean": 11.3558330536,
        "stdev": 11.0508060455
    },
    "dissonance": {
        "mean": 0.431995213032,
        "stdev": 0.0451774448156
    },
    "dynamic_complexity": 4.11623382568,
    "erbbands_crest": {
        "mean": 10.6212396622,
        "stdev": 4.64027357101
    },
    "erbbands_flatness_db": {
        "mean": 0.170464321971,
        "stdev": 0.0452594161034
    },
    "erbbands_kurtosis": {
        "mean": 3.57452583313,
        "stdev": 6.22946166992
    },
    "erbbands_skewness": {
        "mean": 1.26893663406,
        "stdev": 1.10732185841
    },
    "erbbands_spread": {
        "mean": 33.1304321289,
        "stdev": 19.9106140137
    },
    "hfc": {
        "mean": 10.7088756561,
        "stdev": 16.7588920593
    },
    "loudness_ebu128": {
        "integrated": -14.1690826416,
        "loudness_range": 5.01118850708,
        "momentary": {
            "mean": -18.0261325836,
            "stdev": 24.9031906128
        },
        "short_term": {
            "mean": -15.5143413544,
            "stdev": 5.25027179718
        }
    },
    "melbands_crest": {
        "mean": 16.7296066284,
        "stdev": 5.9739780426
    },
    "melbands_flatness_db": {
        "mean": 0.283963114023,
        "stdev": 0.0907424166799
    },
    "melbands_kurtosis": {
        "mean": 26.2275619507,
        "stdev": 33.2126274109
    },
    "melbands_skewness": {
        "mean": 3.2142624855,
        "stdev": 1.94526910782
    },
    "melbands_spread": {
        "mean": 11.694024086,
        "stdev": 16.974489212
    },
    "pitch_salience": {
        "mean": 0.513317942619,
        "stdev": 0.133745402098
    },
    "silence_rate_20dB": {
        "mean": 1,
        "stdev": 0
    },
    "silence_rate_30dB": {
        "mean": 0.95095294714,
        "stdev": 0.215967684984
    },
    "silence_rate_60dB": {
        "mean": 0.106312289834,
        "stdev": 0.308223634958
    },
    "spectral_centroid": {
        "mean": 886.120239258,
        "stdev": 1185.67163086
    },
    "spectral_complexity": {
        "mean": 11.0112781525,
        "stdev": 9.531291008
    },
    "spectral_decrease": {
        "mean": -8.14741696331e-09,
        "stdev": 9.27865961842e-09
    },
    "spectral_energy": {
        "mean": 0.0317215807736,
        "stdev": 0.035860478878
    },
    "spectral_energyband_high": {
        "mean": 0.00030810222961,
        "stdev": 0.000705843558535
    },
    "spectral_energyband_low": {
        "mean": 0.0174407139421,
        "stdev": 0.0294691231102
    },
    "spectral_energyband_middle_high": {
        "mean": 0.00184438657016,
        "stdev": 0.00528562627733
    },
    "spectral_energyband_middle_low": {
        "mean": 0.0133585389704,
        "stdev": 0.0152395032346
    },
    "spectral_entropy": {
        "mean": 7.09980010986,
        "stdev": 0.646674871445
    },
    "spectral_flux": {
        "mean": 0.0840266570449,
        "stdev": 0.0750823244452
    },
    "spectral_kurtosis": {
        "mean": 6.52557468414,
        "stdev": 5.18486738205
    },
    "spectral_rms": {
        "mean": 0.00482332659885,
        "stdev": 0.00277189118788
    },
    "spectral_rolloff": {
        "mean": 833.212890625,
        "stdev": 1993.63903809
    },
    "spectral_skewness": {
        "mean": 1.96283841133,
        "stdev": 0.779173314571
    },
    "spectral_spread": {
        "mean": 4787346.5,
        "stdev": 3804917.25
    },
    "spectral_strongpeak": {
        "mean": 0.554981827736,
        "stdev": 0.488226145506
    },
    "zerocrossingrate": {
        "mean": 0.0379173159599,
        "stdev": 0.053533282131
    },
    "barkbands": {
        "mean": [0.000544376438484, 0.0100582800806, 0.00571432104334, 0.00199407781474, 0.00556200463325, 0.00232259300537, 0.00142890529241, 0.00129575526807, 0.000565067457501, 0.000423799006967, 0.000217401771806, 0.00015695914044, 0.000147650469444, 0.000179854148882, 0.000185626442544, 0.000172371394001, 0.000127324936329, 0.000140775635373, 0.000112915906357, 0.000114380854939, 8.71539014042e-05, 6.55408002785e-05, 4.74466141895e-05, 3.21378065564e-05, 1.75812019734e-05, 6.87296278556e-06, 3.97713080247e-07],
        "stdev": [0.000742365547922, 0.0154908848926, 0.0171796958894, 0.00467646261677, 0.00893876515329, 0.00351116596721, 0.00231061852537, 0.00281972880475, 0.00175889395177, 0.00132866529748, 0.00079653627472, 0.000534466351382, 0.000484223564854, 0.000791827391367, 0.000592219585087, 0.000609302835073, 0.000478188710986, 0.000424215890234, 0.000276903621852, 0.000287485716399, 0.000220538524445, 0.000185110155144, 0.000132111701532, 8.53852834553e-05, 3.3758187783e-05, 1.58090770128e-05, 1.14911370019e-06]
    },
    "erbbands": {
        "mean": [0.348792374134, 2.04482078552, 6.11537408829, 7.1542096138, 10.4403810501, 21.6185264587, 18.6063022614, 21.586473465, 20.0143756866, 20.8500347137, 31.4661159515, 14.9869680405, 14.1068277359, 10.3494195938, 7.15849351883, 6.8283624649, 7.18597221375, 9.05830574036, 10.4116010666, 9.84839630127, 8.16302204132, 6.94371700287, 7.72128677368, 6.07208490372, 5.90289068222, 5.54472208023, 3.91287326813, 3.17687892914, 2.41144061089, 1.78761410713, 1.25768136978, 0.816105365753, 0.462368279696, 0.250782489777, 0.095120832324, 0.0362281091511, 0.011297849007, 0.00204673246481, 6.10235874774e-05, 3.71765345335e-05],
        "stdev": [0.478545248508, 3.75080180168, 16.9912052155, 18.0286045074, 19.9306564331, 38.8035850525, 34.5387840271, 34.5168380737, 30.1381893158, 42.7789611816, 71.6320724487, 39.1686210632, 41.1128807068, 26.6533184052, 28.1839981079, 22.4018039703, 23.2941226959, 34.3255767822, 35.0555953979, 37.8157691956, 24.2359638214, 25.5589561462, 24.5697727203, 18.0838336945, 13.2432355881, 13.9799613953, 9.56672763824, 8.91576194763, 6.65831565857, 5.82013654709, 3.30417013168, 2.2681620121, 1.18078303337, 0.505237996578, 0.1902487427, 0.0791653618217, 0.0270012561232, 0.00538060441613, 0.000128611776745, 4.16392940679e-05]
    },
    "gfcc": {
        "mean": [-69.9457702637, 116.050033569, -86.1476898193, 33.7518997192, -63.125705719, 5.64699745178, -35.9851646423, 12.304564476, -15.8231687546, 8.44163227081, -10.7954082489, -4.37319231033, -8.9430847168],
        "cov": [[20275.6582031, 1228.1817627, -1628.62023926, 1005.77886963, -466.991821289, 289.79888916, -429.757049561, 193.138046265, -151.374633789, 134.230377197, -106.310821533, 101.004249573, 39.3206214905], [1228.1817627, 1145.2578125, 206.348678589, -41.3045043945, 223.895324707, -45.5876617432, 55.0174751282, 22.014881134, 111.18371582, -51.0739326477, 129.405426025, -56.9607429504, 68.7634277344], [-1628.62023926, 206.348678589, 1040.68798828, 58.482093811, 206.174789429, 119.625709534, 70.8695373535, 5.8231549263, 2.0001449585, -9.75274372101, 29.1313972473, -46.0111312866, 34.9691696167], [1005.77886963, -41.3045043945, 58.482093811, 480.733764648, 126.055168152, 135.83052063, 105.131752014, 3.59191703796, 32.2622451782, 17.8898448944, 14.5416927338, 6.51208543777, -3.56735777855], [-466.991821289, 223.895324707, 206.174789429, 126.055168152, 424.771057129, 107.957229614, 131.54838562, 35.7631416321, 71.9136810303, -23.6633682251, 29.9599113464, 13.1277532578, 8.85680007935], [289.79888916, -45.5876617432, 119.625709534, 135.83052063, 107.957229614, 219.301635742, 90.2754364014, 37.0285339355, 12.2288198471, 21.5436058044, 1.58575952053, 14.2726211548, 1.63119149208], [-429.757049561, 55.0174751282, 70.8695373535, 105.131752014, 131.54838562, 90.2754364014, 228.56993103, 61.9559936523, 102.316482544, 32.7918663025, 37.8284912109, 15.37266922, -9.04303073883], [193.138046265, 22.014881134, 5.8231549263, 3.59191703796, 35.7631416321, 37.0285339355, 61.9559936523, 165.688537598, 77.148475647, 46.0851402283, 37.4641914368, 14.3208961487, 18.1934127808], [-151.374633789, 111.18371582, 2.0001449585, 32.2622451782, 71.9136810303, 12.2288198471, 102.316482544, 77.148475647, 197.546188354, 76.0568771362, 62.5166511536, 19.5177307129, -3.08762574196], [134.230377197, -51.0739326477, -9.75274372101, 17.8898448944, -23.6633682251, 21.5436058044, 32.7918663025, 46.0851402283, 76.0568771362, 131.250488281, 41.0792312622, 14.7474079132, -0.0689532384276], [-106.310821533, 129.405426025, 29.1313972473, 14.5416927338, 29.9599113464, 1.58575952053, 37.8284912109, 37.4641914368, 62.5166511536, 41.0792312622, 140.999206543, 28.6488342285, 49.4574584961], [101.004249573, -56.9607429504, -46.0111312866, 6.51208543777, 13.1277532578, 14.2726211548, 15.37266922, 14.3208961487, 19.5177307129, 14.7474079132, 28.6488342285, 92.0277252197, 25.0694122314], [39.3206214905, 68.7634277344, 34.9691696167, -3.56735777855, 8.85680007935, 1.63119149208, -9.04303073883, 18.1934127808, -3.08762574196, -0.0689532384276, 49.4574584961, 25.0694122314, 117.30052948]],
        "icov": [[0.000169472317793, -0.000496967462823, 0.00029565684963, -0.000532418838702, 0.000332962110406, -0.00042320220382, 0.000549169722944, -0.000437806535047, 0.000338163139531, -0.000426209298894, 0.000516155268997, -0.00051073578652, 0.000121353048598], [-0.000496967462823, 0.00284508429468, -0.000951165740844, 0.00177781179082, -0.00160371675156, 0.00154555717018, -0.00148853322025, 0.00147507106885, -0.00187410274521, 0.00222923164256, -0.00271705491468, 0.00284965685569, -0.000919017533306], [0.00029565684963, -0.000951165740844, 0.00169866427314, -0.000802158552688, 0.000112624329631, -0.00128940027207, 0.00087506766431, -0.000589845352806, 0.000819499429781, -0.000906326342374, 0.000716504408047, -8.37528059492e-05, -0.000167102145497], [-0.000532418838702, 0.00177781179082, -0.000802158552688, 0.00441312557086, -0.00151533388998, -3.37431192747e-05, -0.00234839436598, 0.00207869964652, -0.00123687577434, 0.00126814795658, -0.00198406470008, 0.00207964098081, -0.000518656685017], [0.000332962110406, -0.00160371675156, 0.000112624329631, -0.00151533388998, 0.00456434860826, -0.00192262325436, 1.11584531624e-05, -0.0009541278705, -0.000245300674578, 0.000673849252053, 0.00131944264285, -0.00198803725652, 0.000442306336481], [-0.00042320220382, 0.00154555717018, -0.00128940027207, -3.37431192747e-05, -0.00192262325436, 0.0084637645632, -0.00332114333287, -0.000149475192302, 0.00104486290365, -0.000408379040891, -0.000502419774421, 0.000438832095824, -0.0004408734967], [0.000549169722944, -0.00148853322025, 0.00087506766431, -0.00234839436598, 1.11584531624e-05, -0.00332114333287, 0.00954252947122, -0.00232701050118, -0.00201624073088, -0.000682218000293, 0.000877567334101, -0.00177090347279, 0.00145313970279], [-0.000437806535047, 0.00147507106885, -0.000589845352806, 0.00207869964652, -0.0009541278705, -0.000149475192302, -0.00232701050118, 0.0093752052635, -0.00327915465459, 8.65260299179e-05, -0.00174699397758, 0.0017457655631, -0.00176105240826], [0.000338163139531, -0.00187410274521, 0.000819499429781, -0.00123687577434, -0.000245300674578, 0.00104486290365, -0.00201624073088, -0.00327915465459, 0.0114512909204, -0.00570638151839, -0.000249886827078, -0.00228190631606, 0.00195162196178], [-0.000426209298894, 0.00222923164256, -0.000906326342374, 0.00126814795658, 0.000673849252053, -0.000408379040891, -0.000682218000293, 8.65260299179e-05, -0.00570638151839, 0.0134152984247, -0.00409380579367, 0.00163424562197, 0.000268085772404], [0.000516155268997, -0.00271705491468, 0.000716504408047, -0.00198406470008, 0.00131944264285, -0.000502419774421, 0.000877567334101, -0.00174699397758, -0.000249886827078, -0.00409380579367, 0.0133215002716, -0.00426776893437, -0.00332183251157], [-0.00051073578652, 0.00284965685569, -8.37528059492e-05, 0.00207964098081, -0.00198803725652, 0.000438832095824, -0.00177090347279, 0.0017457655631, -0.00228190631606, 0.00163424562197, -0.00426776893437, 0.015687301755, -0.00328674982302], [0.000121353048598, -0.000919017533306, -0.000167102145497, -0.000518656685017, 0.000442306336481, -0.0004408734967, 0.00145313970279, -0.00176105240826, 0.00195162196178, 0.000268085772404, -0.00332183251157, -0.00328674982302, 0.0115696750581]]
    },
    "melbands": {
        "mean": [0.00289050908759, 0.00306534115225, 0.00131993356626, 0.0011716192821, 0.000752012245357, 0.000461885239929, 0.000316357676638, 0.000224007060751, 0.000246549083386, 8.28435731819e-05, 6.94686023053e-05, 4.20489050157e-05, 2.66851184278e-05, 1.71758601937e-05, 1.54043500515e-05, 1.59962419275e-05, 1.74748456629e-05, 1.67011785379e-05, 1.3092086192e-05, 1.34628462547e-05, 8.85000008566e-06, 7.04214244251e-06, 7.45581428419e-06, 6.54206314721e-06, 4.66827486889e-06, 4.28339990322e-06, 4.23840310759e-06, 3.45536955138e-06, 2.40236408899e-06, 2.29044189837e-06, 1.67442226484e-06, 1.4679716287e-06, 1.05748904389e-06, 9.52126185894e-07, 7.32439275453e-07, 6.24052347575e-07, 4.5243567115e-07, 3.28233738855e-07, 2.80996232505e-07, 1.8749847186e-07],
        "stdev": [0.0041389609687, 0.00725314347073, 0.00296296691522, 0.00208712089807, 0.00125463877339, 0.000720779935364, 0.000469701684779, 0.000469939317554, 0.000598941114731, 0.000222237300477, 0.000211725753616, 0.000115041453682, 0.000108875115984, 5.53511090402e-05, 5.30263932887e-05, 5.36536754225e-05, 7.08468796802e-05, 6.07753972872e-05, 4.48616119684e-05, 5.29032367922e-05, 2.60185079242e-05, 2.76511509583e-05, 2.53024336416e-05, 1.96813798539e-05, 1.47759756146e-05, 9.71728604782e-06, 1.04081773316e-05, 8.9127006504e-06, 6.0924180616e-06, 5.76284674025e-06, 5.38422818863e-06, 4.10362008552e-06, 3.2578398077e-06, 3.24311531585e-06, 1.93137339011e-06, 1.76079993253e-06, 1.29634031509e-06, 9.24086577925e-07, 5.96558550114e-07, 3.8626700416e-07]
    },
    "melbands128": {
        "mean": [0.000528301112354, 0.00293714203872, 0.00370493042283, 0.00317568774335, 0.00321197952144, 0.00266057113186, 0.00146631838288, 0.000914505973924, 0.000985673977993, 0.00117307330947, 0.00139667640906, 0.000999287585728, 0.000635917065665, 0.000317624595482, 0.000556972750928, 0.000481798721012, 0.000313001917675, 0.000286345835775, 0.000375405827072, 0.000200433714781, 0.000169733481016, 0.000248558295425, 0.000353520794306, 0.000117660478281, 6.94753252901e-05, 8.89658767846e-05, 4.8470144975e-05, 8.90037408681e-05, 6.17796977167e-05, 3.91279172618e-05, 4.0205221012e-05, 3.57795288437e-05, 2.70615801128e-05, 1.99023124878e-05, 1.43020261021e-05, 1.64382272487e-05, 2.30383320741e-05, 1.39429257615e-05, 1.16060646178e-05, 1.73254211404e-05, 2.04970019695e-05, 8.86512498255e-06, 1.7688722437e-05, 2.21562422666e-05, 1.55356556206e-05, 1.46055745063e-05, 2.11450678762e-05, 1.10505407065e-05, 9.98953782982e-06, 1.57693175424e-05, 1.56810874614e-05, 9.09132904781e-06, 9.20837464946e-06, 8.46759576234e-06, 8.55318012327e-06, 6.83224243403e-06, 5.38506492376e-06, 8.63540390128e-06, 7.35671937946e-06, 6.77112711855e-06, 7.18403589417e-06, 5.90355466557e-06, 5.02404236613e-06, 4.54379187431e-06, 3.50939376403e-06, 4.40440908278e-06, 4.8314018386e-06, 3.79311086363e-06, 3.85644580092e-06, 5.35168464921e-06, 3.10182667818e-06, 3.12655265589e-06, 2.37917697632e-06, 2.22439939535e-06, 2.34934896071e-06, 2.48397532232e-06, 2.2319263735e-06, 1.89470097212e-06, 1.40404836202e-06, 1.73048510987e-06, 1.57726390171e-06, 1.39932183174e-06, 1.10962696453e-06, 9.5409984624e-07, 1.09215636712e-06, 1.03454658529e-06, 9.28308168113e-07, 7.35838284527e-07, 7.56941517466e-07, 6.86275768658e-07, 6.64461879296e-07, 6.34917171283e-07, 4.99297982515e-07, 4.5731420073e-07, 4.16893186639e-07, 3.72982640329e-07, 2.87327964088e-07, 2.92108580879e-07, 3.15224014003e-07, 2.58403929365e-07, 2.17803005853e-07, 1.7997950863e-07, 1.43871034197e-07, 1.21846156276e-07, 9.89820136965e-08, 9.56745225267e-08, 7.77540662966e-08, 6.04779586411e-08, 6.03970491397e-08, 6.18410567199e-08, 4.83517403893e-08, 3.57029001918e-08, 3.31009495369e-08, 3.12063725971e-08, 2.83204730778e-08, 2.3255678272e-08, 1.55848258743e-08, 1.76349845837e-09, 4.49663049851e-12, 4.31453570787e-12, 4.21323262736e-12, 4.12752601195e-12, 4.03986392949e-12, 3.97218629516e-12, 3.91476608075e-12, 3.87419176601e-12, 3.84469149226e-12, 3.81761896401e-12],
        "stdev": [0.000720883777831, 0.00406357226893, 0.00606727926061, 0.00656474428251, 0.00875921081752, 0.00813999399543, 0.00406182277948, 0.00197847047821, 0.00224558450282, 0.00272639119066, 0.00318496581167, 0.00197649677284, 0.00152659928426, 0.000754905049689, 0.00103674747515, 0.000958285061643, 0.000758946465794, 0.000529727956746, 0.000706367951352, 0.000555611739401, 0.00054827274289, 0.000595738936681, 0.000841525208671, 0.000571514305193, 0.000220656191232, 0.000237329033553, 0.000138489645906, 0.000278289720882, 0.000313558935886, 0.000121388227853, 0.000106774881715, 0.000138633404276, 0.000161153031513, 7.89252153481e-05, 6.04390661465e-05, 5.67790812056e-05, 8.56506812852e-05, 6.40083526378e-05, 4.37528688053e-05, 6.38271449134e-05, 7.48415986891e-05, 4.09245913033e-05, 6.99543743394e-05, 9.57541269599e-05, 9.61207551882e-05, 4.68450853077e-05, 7.41791518521e-05, 3.98722550017e-05, 4.1256975237e-05, 7.58729293011e-05, 7.04877747921e-05, 2.64372320089e-05, 2.80028216366e-05, 3.16283149004e-05, 3.22061387124e-05, 3.22777304973e-05, 2.42191254074e-05, 3.29644535668e-05, 2.42428322963e-05, 2.91510332318e-05, 2.01717284654e-05, 1.95420270757e-05, 1.62078267749e-05, 1.70101120602e-05, 1.18683874462e-05, 1.07139585452e-05, 1.11954805107e-05, 1.10026367111e-05, 1.08491176434e-05, 1.5176474335e-05, 1.04085920611e-05, 8.09241919342e-06, 6.48312106932e-06, 6.85439090375e-06, 6.47129945719e-06, 6.80681478116e-06, 6.08360778642e-06, 7.0757901085e-06, 6.14664213572e-06, 6.24371295999e-06, 4.46722060587e-06, 4.43621274826e-06, 3.62450941793e-06, 3.34474975716e-06, 3.85840394301e-06, 4.76368495583e-06, 3.08164544549e-06, 2.22064500122e-06, 2.04839238904e-06, 1.9367682853e-06, 1.94236145035e-06, 2.03956187761e-06, 1.50018342993e-06, 1.41860573422e-06, 1.25437270526e-06, 1.25522728922e-06, 8.62505260102e-07, 7.445760275e-07, 7.02525198903e-07, 5.5175559055e-07, 4.74060101396e-07, 4.17934870711e-07, 3.10029065531e-07, 2.7234543154e-07, 2.1225338287e-07, 2.1985864862e-07, 1.74462812197e-07, 1.31598355324e-07, 1.43390664675e-07, 1.5748096871e-07, 1.18576714669e-07, 8.6989750514e-08, 8.47801757686e-08, 8.28004189657e-08, 7.80861242333e-08, 6.51791935979e-08, 4.54168187503e-08, 5.8829519034e-09, 8.22408027096e-12, 7.97567307337e-12, 7.78414832592e-12, 7.61405348493e-12, 7.46275697489e-12, 7.33622190774e-12, 7.22791184543e-12, 7.14448899347e-12, 7.08377714126e-12, 7.04377181582e-12]
    },
    "mfcc": {
        "mean": [-714.153198242, 143.040374756, 28.0724201202, 30.510761261, 2.22361397743, -2.00946235657, -4.08011245728, -3.27369189262, 0.308422893286, 8.15935134888, 2.6809823513, 2.2212202549, -0.353444486856],
        "cov": [[10297.5292969, 210.165206909, -676.928894043, 414.433929443, 105.121841431, 261.469543457, 25.8395881653, 93.9333724976, 48.1380386353, 50.1492919922, -111.272361755, 46.9407310486, 166.281051636], [210.165206909, 1415.1607666, 216.504104614, 52.530582428, 202.354873657, -71.1921081543, 42.1243019104, 10.5249462128, 34.8396644592, 36.8920783997, 62.5566101074, 24.0558166504, 21.2941074371], [-676.928894043, 216.504104614, 708.814941406, 77.8328857422, 116.406692505, 52.3573989868, 94.9224472046, -24.7062797546, 25.2015247345, 13.5009756088, 19.9791431427, 6.87051820755, -16.0571079254], [414.433929443, 52.530582428, 77.8328857422, 325.621917725, 103.362770081, 137.868560791, 66.536529541, 73.1417694092, 35.7372436523, 47.0033874512, 29.2470607758, 48.0729751587, 44.9919052124], [105.121841431, 202.354873657, 116.406692505, 103.362770081, 288.915100098, 82.9966125488, 100.611610413, 58.5958175659, 42.0209617615, 10.4866361618, 3.80274486542, 16.8936061859, 21.0435791016], [261.469543457, -71.1921081543, 52.3573989868, 137.868560791, 82.9966125488, 274.679199219, 81.236366272, 82.9725112915, 40.7964935303, 32.5780754089, 18.1394672394, 30.9812049866, 30.6030406952], [25.8395881653, 42.1243019104, 94.9224472046, 66.536529541, 100.611610413, 81.236366272, 184.526779175, 60.3033752441, 37.52759552, 14.8657007217, -7.8196554184, 9.04584598541, 28.6173648834], [93.9333724976, 10.5249462128, -24.7062797546, 73.1417694092, 58.5958175659, 82.9725112915, 60.3033752441, 164.894744873, 61.25573349, 27.395111084, 20.7544136047, 39.3838996887, 39.3535728455], [48.1380386353, 34.8396644592, 25.2015247345, 35.7372436523, 42.0209617615, 40.7964935303, 37.52759552, 61.25573349, 121.145233154, 59.8365440369, 29.2128124237, 20.1897277832, 33.6753807068], [50.1492919922, 36.8920783997, 13.5009756088, 47.0033874512, 10.4866361618, 32.5780754089, 14.8657007217, 27.395111084, 59.8365440369, 128.694854736, 69.4237289429, 37.517326355, 33.361946106], [-111.272361755, 62.5566101074, 19.9791431427, 29.2470607758, 3.80274486542, 18.1394672394, -7.8196554184, 20.7544136047, 29.2128124237, 69.4237289429, 121.618125916, 60.6730499268, 15.9574327469], [46.9407310486, 24.0558166504, 6.87051820755, 48.0729751587, 16.8936061859, 30.9812049866, 9.04584598541, 39.3838996887, 20.1897277832, 37.517326355, 60.6730499268, 115.98625946, 61.876033783], [166.281051636, 21.2941074371, -16.0571079254, 44.9919052124, 21.0435791016, 30.6030406952, 28.6173648834, 39.3535728455, 33.6753807068, 33.361946106, 15.9574327469, 61.876033783, 129.478683472]],
        "icov": [[0.000119802549307, -4.66387209599e-05, 0.000148465420352, -0.000153904198669, -9.96545622911e-07, -0.000100290075352, 2.21353966481e-05, 8.9282191766e-05, -3.50724621967e-05, -6.3095933001e-05, 0.00022273970535, -4.54128094134e-05, -6.28256384516e-05], [-4.66387209599e-05, 0.000901023100596, -0.000251429853961, -3.82924326914e-06, -0.000676494906656, 0.000568475399632, 6.01069223194e-05, -8.38918203954e-05, 3.69153312931e-05, -9.19854016956e-07, -0.000605285982601, 0.000220383968554, -0.000170424071257], [0.000148465420352, -0.000251429853961, 0.00192668451928, -0.000447422178695, -0.000289056857582, -0.000309574650601, -0.000825859373435, 0.00111046794336, -0.000502178620081, 0.000138000948937, 1.93200648937e-05, -0.000340139929904, 0.000465477292892], [-0.000153904198669, -3.82924326914e-06, -0.000447422178695, 0.00467156386003, -0.000829047581647, -0.00146636273712, -3.13530945277e-05, -0.000867339025717, 0.000716959068086, -0.00101342180278, -3.05897410726e-05, -0.000632670242339, -0.00034786760807], [-9.96545622911e-07, -0.000676494906656, -0.000289056857582, -0.000829047581647, 0.00532738212496, -0.00065168295987, -0.00178741617128, -0.000396291085053, -0.000873175973538, 0.000778889865614, 0.000327574642142, -0.000241841946263, 0.000270076881861], [-0.000100290075352, 0.000568475399632, -0.000309574650601, -0.00146636273712, -0.00065168295987, 0.00571690918878, -0.00110308779404, -0.00154343515169, 1.81862433237e-05, -0.000263575406279, -0.000496849475894, 2.17896540562e-05, 8.80606312421e-05], [2.21353966481e-05, 6.01069223194e-05, -0.000825859373435, -3.13530945277e-05, -0.00178741617128, -0.00110308779404, 0.00819643400609, -0.00177879154216, -0.00035423861118, -0.000576437101699, 0.0014162613079, 0.000651546346489, -0.00109479622915], [8.9282191766e-05, -8.38918203954e-05, 0.00111046794336, -0.000867339025717, -0.000396291085053, -0.00154343515169, -0.00177879154216, 0.00996936205775, -0.00403651129454, 0.00128720677458, -0.000138180432259, -0.00206400128081, -0.000147926752106], [-3.50724621967e-05, 3.69153312931e-05, -0.000502178620081, 0.000716959068086, -0.000873175973538, 1.81862433237e-05, -0.00035423861118, -0.00403651129454, 0.0135503020138, -0.00547976978123, -0.00019828065706, 0.00170014100149, -0.00172999990173], [-6.3095933001e-05, -9.19854016956e-07, 0.000138000948937, -0.00101342180278, 0.000778889865614, -0.000263575406279, -0.000576437101699, 0.00128720677458, -0.00547976978123, 0.0146618597209, -0.00742729986086, 0.00107435137033, -0.00182835035957], [0.00022273970535, -0.000605285982601, 1.93200648937e-05, -3.05897410726e-05, 0.000327574642142, -0.000496849475894, 0.0014162613079, -0.000138180432259, -0.00019828065706, -0.00742729986086, 0.0167970210314, -0.00808317866176, 0.003377716057], [-4.54128094134e-05, 0.000220383968554, -0.000340139929904, -0.000632670242339, -0.000241841946263, 2.17896540562e-05, 0.000651546346489, -0.00206400128081, 0.00170014100149, 0.00107435137033, -0.00808317866176, 0.0169256292284, -0.00709410151467], [-6.28256384516e-05, -0.000170424071257, 0.000465477292892, -0.00034786760807, 0.000270076881861, 8.80606312421e-05, -0.00109479622915, -0.000147926752106, -0.00172999990173, -0.00182835035957, 0.003377716057, -0.00709410151467, 0.0121277524158]]
    },
    "spectral_contrast_coeffs": {
        "mean": [-0.699484348297, -0.731070697308, -0.777213275433, -0.816775858402, -0.816642522812, -0.793515861034],
        "stdev": [0.0962331518531, 0.0675590187311, 0.065288618207, 0.0437361039221, 0.0385529920459, 0.0470937639475]
    },
    "spectral_contrast_valleys": {
        "mean": [-7.02367258072, -7.04448461533, -8.3664894104, -8.68393993378, -8.60270595551, -11.0341062546],
        "stdev": [2.35633397102, 2.24138069153, 2.16348004341, 2.18979334831, 2.17720961571, 1.91973602772]
    }
},
"rhythm": {
    "beats_count": 438,
    "beats_loudness": {
        "mean": 0.0652102977037,
        "stdev": 0.0436725951731
    },
    "bpm": 97.6793746948,
    "bpm_histogram_first_peak_bpm": 98,
    "bpm_histogram_first_peak_weight": 0.073047876358,
    "bpm_histogram_second_peak_bpm": 110,
    "bpm_histogram_second_peak_spread": 0.421052575111,
    "bpm_histogram_second_peak_weight": 0.0251716244966,
    "danceability": 1.32868301868,
    "onset_rate": 4.26616334915,
    "beats_loudness_band_ratio": {
        "mean": [0.584238529205, 0.203722268343, 0.128886073828, 0.0480863824487, 0.0596283115447, 0.0415311045945],
        "stdev": [0.302728831768, 0.167942121625, 0.133369714022, 0.0534591898322, 0.06726975739, 0.0916753411293]
    },
    "beats_position": [0.46439909935, 0.9287981987, 1.39319729805, 1.86920630932, 2.33360528946, 2.79800438881, 3.27401351929, 3.73841261864, 4.20281171799, 4.67882061005, 5.15482997894, 5.630838871, 6.10684776306, 6.58285713196, 7.05886602402, 7.53487491608, 8.01088428497, 8.48689365387, 8.97451210022, 9.46213150024, 9.94974994659, 10.5534696579, 11.1571884155, 11.7725172043, 12.3994560242, 13.0147848129, 13.6301136017, 14.2338323593, 14.8491611481, 15.4644899368, 16.0798187256, 16.6951465607, 17.3104763031, 17.9258041382, 18.5411338806, 19.1564617157, 19.7717914581, 20.3871192932, 20.9908390045, 21.6061668396, 22.221496582, 22.8368244171, 23.4521541595, 24.0674819946, 24.6828117371, 25.2981395721, 25.9134693146, 26.5287971497, 27.1441268921, 27.747844696, 28.3631744385, 28.9785022736, 29.593832016, 30.2091598511, 30.8244895935, 31.4398174286, 32.0435371399, 32.6472549438, 33.2625846863, 33.8779144287, 34.5048522949, 35.1201820374, 35.7355079651, 36.3508377075, 36.96616745, 37.5698852539, 38.1852149963, 38.8005447388, 39.4158706665, 40.0312004089, 40.6465301514, 41.2618598938, 41.8771858215, 42.492515564, 43.1078453064, 43.7231750488, 44.3385009766, 44.953830719, 45.5691604614, 46.1844902039, 46.7998161316, 47.415145874, 48.018863678, 48.6341934204, 49.2495231628, 49.8648529053, 50.480178833, 51.0839004517, 51.6992263794, 52.3145561218, 52.9298858643, 53.5452156067, 54.1605415344, 54.7758712769, 55.3912010193, 56.0065307617, 56.6218566895, 57.2371864319, 57.8525161743, 58.4678459167, 59.0831718445, 59.6985015869, 60.3022193909, 60.9175491333, 61.5328788757, 62.1482086182, 62.7635345459, 63.3672561646, 63.9825820923, 64.5979156494, 65.2132415771, 65.8285675049, 66.443901062, 67.0592269897, 67.6629486084, 68.2898864746, 68.9052124023, 69.5205459595, 70.1358718872, 70.7511978149, 71.3665313721, 71.9818572998, 72.5855789185, 73.2125167847, 73.8162307739, 74.4315643311, 75.0468902588, 75.6506118774, 76.2659378052, 76.8812713623, 77.49659729, 78.1119232178, 78.7272567749, 79.3425827026, 79.9463043213, 80.5732421875, 81.1885681152, 81.8039016724, 82.4076156616, 83.0345535278, 83.649887085, 84.2652130127, 84.8689346313, 85.4958724976, 86.0995864868, 86.7149200439, 87.3302459717, 87.9455795288, 88.5609054565, 89.1646270752, 89.7799530029, 90.3952789307, 91.0106124878, 91.6259384155, 92.2412643433, 92.8565979004, 93.4719238281, 94.0872573853, 94.702583313, 95.3179092407, 95.9332427979, 96.5485687256, 97.1522903442, 97.7792282104, 98.3945541382, 99.0098876953, 99.6136016846, 100.228935242, 100.844261169, 101.459587097, 102.074920654, 102.678634644, 103.293968201, 103.909294128, 104.524627686, 105.139953613, 105.755279541, 106.370613098, 106.974327087, 107.601264954, 108.216598511, 108.831924438, 109.435646057, 110.062583923, 110.677909851, 111.293243408, 111.908569336, 112.523895264, 113.127616882, 113.74294281, 114.358276367, 114.973602295, 115.588935852, 116.192649841, 116.807983398, 117.423309326, 118.038635254, 118.653968811, 119.269294739, 119.884620667, 120.499954224, 121.115280151, 121.730613708, 122.345939636, 122.949661255, 123.576599121, 124.191925049, 124.807250977, 125.410972595, 126.026298523, 126.64163208, 127.256958008, 127.872291565, 128.476013184, 129.091339111, 129.706665039, 130.321990967, 130.937316895, 131.552658081, 132.167984009, 132.783309937, 133.398635864, 134.002349854, 134.62928772, 135.244628906, 135.859954834, 136.475280762, 137.090606689, 137.694335938, 138.309661865, 138.924987793, 139.540313721, 140.155639648, 140.770965576, 141.386306763, 141.990020752, 142.60534668, 143.220672607, 143.836013794, 144.451339722, 145.066665649, 145.681991577, 146.297317505, 146.912643433, 147.527984619, 148.143310547, 148.758636475, 149.373962402, 149.98928833, 150.604629517, 151.208343506, 151.835281372, 152.4506073, 153.065933228, 153.681274414, 154.296600342, 154.900314331, 155.515640259, 156.130966187, 156.746307373, 157.361633301, 157.96534729, 158.580673218, 159.195999146, 159.811340332, 160.42666626, 161.041992188, 161.657318115, 162.272644043, 162.887985229, 163.503311157, 164.118637085, 164.733963013, 165.34928894, 165.953018188, 166.579956055, 167.195281982, 167.81060791, 168.414321899, 169.029663086, 169.644989014, 170.248703003, 170.864028931, 171.479354858, 172.094696045, 172.710021973, 173.313735962, 173.940673828, 174.555999756, 175.171340942, 175.78666687, 176.401992798, 177.017318726, 177.632644653, 178.236373901, 178.863311768, 179.478637695, 180.093963623, 180.709289551, 181.324615479, 181.939956665, 182.555282593, 183.158996582, 183.77432251, 184.389663696, 185.004989624, 185.620315552, 186.224029541, 186.850967407, 187.454696655, 188.070022583, 188.685348511, 189.300674438, 189.916000366, 190.531341553, 191.14666748, 191.773605347, 192.377319336, 192.992645264, 193.607971191, 194.223312378, 194.838638306, 195.442352295, 196.069290161, 196.684616089, 197.299957275, 197.903671265, 198.530609131, 199.13432312, 199.738052368, 200.353378296, 200.968704224, 201.59564209, 202.199356079, 202.814697266, 203.430023193, 204.045349121, 204.660675049, 205.276000977, 205.891326904, 206.506668091, 207.121994019, 207.725708008, 208.352645874, 208.967971802, 209.583312988, 210.198638916, 210.813964844, 211.429290771, 212.044616699, 212.648345947, 213.275283813, 213.878997803, 214.49432373, 215.109649658, 215.724990845, 216.340316772, 216.944030762, 217.559356689, 218.174682617, 218.790023804, 219.405349731, 220.020675659, 220.636001587, 221.251327515, 221.866668701, 222.493606567, 223.097320557, 223.712646484, 224.327972412, 224.943313599, 225.558639526, 226.173965454, 226.789291382, 227.40461731, 228.019943237, 228.635284424, 229.238998413, 229.854324341, 230.469650269, 231.084991455, 231.688705444, 232.315643311, 232.9193573, 233.534683228, 234.150024414, 234.765350342, 235.38067627, 235.996002197, 236.611328125, 237.226669312, 237.841995239, 238.468933105, 239.084259033, 239.699584961, 240.30329895, 240.918640137, 241.533966064, 242.137680054, 242.753005981, 243.368347168, 243.995285034, 244.598999023, 245.214324951, 245.829650879, 246.444976807, 247.060317993, 247.675643921, 248.290969849, 248.894683838, 249.510025024, 250.125350952, 250.74067688, 251.356002808, 251.959716797, 252.586654663, 253.213607788, 253.828933716, 254.38621521, 254.943481445, 255.512374878, 256.069641113, 256.626922607, 257.172607422, 257.718261719, 258.263946533, 258.821228027, 259.366882324, 259.924163818, 260.481445312, 261.038726807, 261.584381104, 262.130065918, 262.675720215, 263.221405029, 263.767059326, 264.312744141, 264.858398438],
    "bpm_histogram": [0, 0, 0, 0, 0, 0, 0, 0, 0, 0, 0, 0, 0, 0, 0, 0, 0, 0, 0, 0, 0, 0, 0, 0, 0, 0, 0, 0, 0, 0, 0, 0, 0, 0, 0, 0, 0, 0, 0, 0, 0, 0, 0, 0, 0, 0, 0, 0, 0, 0, 0, 0, 0, 0, 0, 0, 0, 0, 0, 0, 0, 0, 0, 0, 0, 0, 0, 0, 0, 0, 0, 0, 0, 0, 0, 0, 0, 0, 0, 0, 0, 0, 0, 0, 0, 0, 0, 0, 0, 0, 0, 0, 0, 0, 0, 0, 0.066361553967, 0, 0.695652186871, 0.146453082561, 0, 0, 0, 0, 0, 0.00228832941502, 0, 0, 0.0183066353202, 0, 0.0251716244966, 0, 0, 0, 0, 0, 0, 0, 0, 0, 0, 0, 0, 0.00686498871073, 0, 0, 0.0251716244966, 0, 0, 0.0137299774215, 0, 0, 0, 0, 0, 0, 0, 0, 0, 0, 0, 0, 0, 0, 0, 0, 0, 0, 0, 0, 0, 0, 0, 0, 0, 0, 0, 0, 0, 0, 0, 0, 0, 0, 0, 0, 0, 0, 0, 0, 0, 0, 0, 0, 0, 0, 0, 0, 0, 0, 0, 0, 0, 0, 0, 0, 0, 0, 0, 0, 0, 0, 0, 0, 0, 0, 0, 0, 0, 0, 0, 0, 0, 0, 0, 0, 0, 0, 0, 0, 0, 0, 0, 0, 0, 0, 0, 0, 0, 0, 0, 0, 0, 0, 0, 0, 0, 0, 0, 0, 0, 0, 0, 0, 0, 0, 0, 0, 0, 0, 0, 0, 0, 0, 0, 0, 0, 0, 0, 0]
},
"tonal": {
    "chords_changes_rate": 0.0472027957439,
    "chords_number_rate": 0.000874125864357,
    "chords_strength": {
        "mean": 0.531299352646,
        "stdev": 0.140757530928
    },
    "hpcp_crest": {
        "mean": 13.8030433655,
        "stdev": 6.33044862747
    },
    "hpcp_entropy": {
        "mean": 1.85455191135,
        "stdev": 0.690353512764
    },
    "key_edma": {
        "strength": 0.71750831604,
        "key": "A#",
        "scale": "major"
    },
    "key_krumhansl": {
        "strength": 0.724760055542,
        "key": "A#",
        "scale": "major"
    },
    "key_temperley": {
        "strength": 0.731760144234,
        "key": "A#",
        "scale": "major"
    },
    "tuning_diatonic_strength": 0.564791083336,
    "tuning_equal_tempered_deviation": 0.337886333466,
    "tuning_frequency": 434.193115234,
    "tuning_nontempered_energy_ratio": 0.984506547451,
    "hpcp": {
        "mean": [0.11105645448, 0.144677907228, 0.125778153539, 0.166927710176, 0.212414428592, 0.141819477081, 0.0750906914473, 0.0645324066281, 0.0756807997823, 0.131195917726, 0.147757604718, 0.094265460968, 0.057724148035, 0.0464217290282, 0.0502508692443, 0.132511973381, 0.212730169296, 0.152778342366, 0.0817741081119, 0.0596912018955, 0.0461448952556, 0.0424581132829, 0.0443126000464, 0.0686938688159, 0.17734117806, 0.249719023705, 0.162915736437, 0.0919634327292, 0.103283688426, 0.121274188161, 0.208801671863, 0.246452122927, 0.154109358788, 0.0944341272116, 0.0735829398036, 0.0709337219596],
        "stdev": [0.220024749637, 0.254552215338, 0.232110753655, 0.271895974874, 0.306571722031, 0.248097255826, 0.192463800311, 0.179267734289, 0.189761310816, 0.252963662148, 0.263829380274, 0.21680739522, 0.168109118938, 0.152008622885, 0.144808202982, 0.208378687501, 0.275368064642, 0.224432319403, 0.203440517187, 0.17210586369, 0.139527007937, 0.134296238422, 0.125650525093, 0.166510075331, 0.26756349206, 0.320386618376, 0.241787359118, 0.216055870056, 0.23550671339, 0.253985285759, 0.29756167531, 0.334868520498, 0.257976621389, 0.222103878856, 0.198447525501, 0.186962738633]
    },
    "chords_histogram": [21.8181819916, 11.6608390808, 2.849650383, 0.506992995739, 0.524475514889, 0.804195821285, 6.18881130219, 0, 0.0524475537241, 0, 0.489510476589, 0, 0, 0.0174825172871, 0, 0, 0, 0.244755238295, 0, 0.786713302135, 0.472027957439, 0.891608417034, 0.0699300691485, 52.622379303],
    "thpcp": [1, 0.652396202087, 0.36826762557, 0.413599610329, 0.485642582178, 0.83614641428, 0.986917674541, 0.617131054401, 0.378161519766, 0.294662922621, 0.284054130316, 0.444725632668, 0.579362750053, 0.503678679466, 0.668462157249, 0.850613713264, 0.567916214466, 0.300700724125, 0.258420079947, 0.303063809872, 0.525374114513, 0.591695427895, 0.377486109734, 0.231156393886, 0.185895845294, 0.201229646802, 0.5306442976, 0.851878106594, 0.611800968647, 0.327464461327, 0.239033460617, 0.184787258506, 0.170023545623, 0.177449837327, 0.275084644556, 0.710162878036],
    "chords_key": "G",
    "chords_scale": "minor"
}
}