{
"metadata": {
    "version": {
        "essentia": "2.1-dev",
        "essentia_git_sha": "v2.1_beta3-415-gd5473f3",
        "extractor": "music 2.0"
    },
    "audio_properties": {
        "analysis": {
            "equal_loudness": 0,
            "length": 268.669372559,
            "sample_rate": 44100,
            "start_time": 0,
            "downmix": "mix"
        },
        "bit_rate": 192000,
        "length": 268.669372559,
        "lossless": 0,
        "number_channels": 2,
        "replay_gain": -11.0961074829,
        "sample_rate": 44100,
        "codec": "mp3",
        "md5_encoded": "f53ba1ba2d95f26b2bab30d45b05794e"
    },
    "tags": {
        "file_name": "lisa_stansfield-all_around_the_world.mp3",
        "album": ["platinum"],
        "artist": ["Various Artists"],
        "genre": ["Other"],
        "title": ["Lisa Stansfield - All around the world"]
    }
},
"lowlevel": {
    "average_loudness": 0.910539805889,
    "barkbands_crest": {
        "mean": 10.9446849823,
        "stdev": 5.12753677368
    },
    "barkbands_flatness_db": {
        "mean": 0.123977996409,
        "stdev": 0.0532001778483
    },
    "barkbands_kurtosis": {
        "mean": 5.94595241547,
        "stdev": 15.1674261093
    },
    "barkbands_skewness": {
        "mean": 1.63360512257,
        "stdev": 1.63942301273
    },
    "barkbands_spread": {
        "mean": 29.8119678497,
        "stdev": 19.7067260742
    },
    "dissonance": {
        "mean": 0.453271627426,
        "stdev": 0.0344228930771
    },
    "dynamic_complexity": 3.5428674221,
    "erbbands_crest": {
        "mean": 9.71484851837,
        "stdev": 4.78371906281
    },
    "erbbands_flatness_db": {
        "mean": 0.140242129564,
        "stdev": 0.043757840991
    },
    "erbbands_kurtosis": {
        "mean": 0.989115417004,
        "stdev": 4.263194561
    },
    "erbbands_skewness": {
        "mean": 0.488198339939,
        "stdev": 1.09133017063
    },
    "erbbands_spread": {
        "mean": 50.3677024841,
        "stdev": 27.0696525574
    },
    "hfc": {
        "mean": 27.886636734,
        "stdev": 29.244977951
    },
    "loudness_ebu128": {
        "integrated": -12.5042057037,
        "loudness_range": 4.11761569977,
        "momentary": {
            "mean": -15.8359947205,
            "stdev": 23.706653595
        },
        "short_term": {
            "mean": -13.6384649277,
            "stdev": 5.41350841522
        }
    },
    "melbands_crest": {
        "mean": 15.2744283676,
        "stdev": 6.66439914703
    },
    "melbands_flatness_db": {
        "mean": 0.183979406953,
        "stdev": 0.0771195888519
    },
    "melbands_kurtosis": {
        "mean": 21.4195480347,
        "stdev": 38.6205596924
    },
    "melbands_skewness": {
        "mean": 3.12278819084,
        "stdev": 2.24545764923
    },
    "melbands_spread": {
        "mean": 31.5320053101,
        "stdev": 33.4733734131
    },
    "pitch_salience": {
        "mean": 0.529017984867,
        "stdev": 0.130366533995
    },
    "silence_rate_20dB": {
        "mean": 1,
        "stdev": 0
    },
    "silence_rate_30dB": {
        "mean": 1,
        "stdev": 0
    },
    "silence_rate_60dB": {
        "mean": 0.111908055842,
        "stdev": 0.315236747265
    },
    "spectral_centroid": {
        "mean": 1613.40844727,
        "stdev": 1218.15930176
    },
    "spectral_complexity": {
        "mean": 14.1317834854,
        "stdev": 8.45578575134
    },
    "spectral_decrease": {
        "mean": -6.01103122833e-09,
        "stdev": 5.18536236171e-09
    },
    "spectral_energy": {
        "mean": 0.0252164341509,
        "stdev": 0.0208486486226
    },
    "spectral_energyband_high": {
        "mean": 0.00185115647037,
        "stdev": 0.00282419915311
    },
    "spectral_energyband_low": {
        "mean": 0.00772072887048,
        "stdev": 0.0128709375858
    },
    "spectral_energyband_middle_high": {
        "mean": 0.00430123088881,
        "stdev": 0.00535405194387
    },
    "spectral_energyband_middle_low": {
        "mean": 0.0122146252543,
        "stdev": 0.0131314527243
    },
    "spectral_entropy": {
        "mean": 7.70168209076,
        "stdev": 0.528980135918
    },
    "spectral_flux": {
        "mean": 0.089980840683,
        "stdev": 0.0609617121518
    },
    "spectral_kurtosis": {
        "mean": 2.86719298363,
        "stdev": 2.48330950737
    },
    "spectral_rms": {
        "mean": 0.00446759164333,
        "stdev": 0.00215449789539
    },
    "spectral_rolloff": {
        "mean": 2673.25073242,
        "stdev": 3231.21069336
    },
    "spectral_skewness": {
        "mean": 1.39237463474,
        "stdev": 0.511485517025
    },
    "spectral_spread": {
        "mean": 7104554.5,
        "stdev": 3894143.75
    },
    "spectral_strongpeak": {
        "mean": 1.08071267605,
        "stdev": 1.35496723652
    },
    "zerocrossingrate": {
        "mean": 0.0975997895002,
        "stdev": 0.0732736960053
    },
    "barkbands": {
        "mean": [0.000264819449512, 0.00546351261437, 0.00128599756863, 0.00145849795081, 0.00343025685288, 0.00291669671424, 0.00109908741433, 0.00165212224238, 0.00142370536923, 0.000776393222623, 0.00050958286738, 0.000338901241776, 0.000261716544628, 0.000308773247525, 0.000432130676927, 0.000366972555639, 0.000435020250734, 0.000271378841717, 0.000470603758004, 0.000418955925852, 0.000192455932847, 0.000237632222706, 0.000277261366136, 0.000341107253917, 0.000396923045628, 0.000177699344931, 8.19955766929e-06],
        "stdev": [0.000463602074888, 0.0107837766409, 0.00373075623065, 0.00480938097462, 0.00591930467635, 0.00497103761882, 0.00304996990599, 0.0031764593441, 0.00348285469227, 0.00174065306783, 0.00123122928198, 0.000976952142082, 0.00075194024248, 0.0010133824544, 0.00110683368985, 0.00087607576279, 0.00114152207971, 0.000539765926078, 0.00101151189301, 0.00085060443962, 0.00032733444823, 0.000434238201706, 0.000594876764808, 0.000698871444911, 0.000843849091325, 0.000373240793124, 1.7076414224e-05]
    },
    "erbbands": {
        "mean": [0.215674936771, 0.994767129421, 1.4213809967, 3.5590159893, 5.92400217056, 12.0694379807, 23.7044029236, 23.7200679779, 17.3909111023, 23.645980835, 31.8786678314, 37.7499732971, 24.4765625, 22.3670310974, 21.6128540039, 13.1766881943, 13.8916606903, 12.3665933609, 23.4527492523, 20.304649353, 20.5549182892, 24.32878685, 15.3693084717, 17.9031734467, 25.2958869934, 20.1361675262, 10.2843799591, 7.33305931091, 8.18263435364, 8.74791908264, 7.51863145828, 6.89435386658, 6.38688755035, 4.85803604126, 2.17869186401, 0.855968058109, 0.322996497154, 0.0526034981012, 0.00111118669156, 7.03758851159e-05],
        "stdev": [0.458807170391, 1.97109305859, 3.73527574539, 11.0261821747, 16.8410549164, 20.9513874054, 42.8940658569, 43.1697807312, 48.0837554932, 42.2880744934, 65.1522674561, 92.9592437744, 52.7037200928, 55.3723754883, 50.5809326172, 35.5422477722, 36.1635246277, 38.1654624939, 58.3374557495, 45.7919425964, 47.9895324707, 59.9703559875, 31.5516014099, 34.3934669495, 57.7165222168, 40.1142807007, 18.5689926147, 12.4625425339, 14.528470993, 19.8262062073, 15.7418222427, 13.6527032852, 13.7791519165, 11.0505657196, 4.3988904953, 1.8968372345, 0.670862436295, 0.101052589715, 0.00211034459062, 8.60173677211e-05]
    },
    "gfcc": {
        "mean": [-11.0687541962, 48.5175743103, -95.5699462891, 23.5065994263, -72.5241470337, 6.30955457687, -48.7742652893, 17.0002403259, -27.8857727051, 5.52853298187, -19.2488460541, 4.40789031982, -9.42800331116],
        "cov": [[19719.0253906, 16.2838554382, -1403.2701416, 390.695220947, -686.591796875, 370.589752197, -302.211151123, 386.216308594, -256.817138672, 306.035919189, -57.6541442871, 105.818977356, -64.6999969482], [16.2838554382, 1476.14697266, 54.5737419128, 4.39150619507, 279.244415283, 46.1798782349, 190.757522583, 98.1614608765, 106.929199219, -10.7143793106, 136.06791687, -39.6897697449, 26.8276615143], [-1403.2701416, 54.5737419128, 1571.31347656, 333.165679932, 228.581481934, 222.111846924, 77.4415588379, 40.8719100952, 43.9067955017, -8.33116054535, -102.84967804, 10.0634746552, -106.905822754], [390.695220947, 4.39150619507, 333.165679932, 502.54095459, 165.438491821, 108.099205017, 61.0052337646, 66.6370697021, 85.7786026001, 11.258887291, -32.0096321106, 3.72449684143, -10.1447591782], [-686.591796875, 279.244415283, 228.581481934, 165.438491821, 520.922119141, 171.990982056, 176.087554932, 120.199905396, 109.629905701, 59.876285553, 6.08136844635, 6.6515378952, 5.36921215057], [370.589752197, 46.1798782349, 222.111846924, 108.099205017, 171.990982056, 318.133422852, 178.215911865, 68.8455123901, 50.7411346436, 78.0005874634, 28.6158390045, 3.96146774292, -21.5985183716], [-302.211151123, 190.757522583, 77.4415588379, 61.0052337646, 176.087554932, 178.215911865, 285.074981689, 105.349647522, 75.3396148682, 69.558921814, 71.7425079346, 9.97313976288, 6.72270441055], [386.216308594, 98.1614608765, 40.8719100952, 66.6370697021, 120.199905396, 68.8455123901, 105.349647522, 203.542678833, 105.635047913, 33.4282569885, 23.4485168457, 21.3497695923, 24.8973884583], [-256.817138672, 106.929199219, 43.9067955017, 85.7786026001, 109.629905701, 50.7411346436, 75.3396148682, 105.635047913, 190.994506836, 65.0335006714, 41.6736068726, 37.4840164185, 31.1281967163], [306.035919189, -10.7143793106, -8.33116054535, 11.258887291, 59.876285553, 78.0005874634, 69.558921814, 33.4282569885, 65.0335006714, 145.729431152, 71.2376327515, 19.314786911, 2.95556545258], [-57.6541442871, 136.06791687, -102.84967804, -32.0096321106, 6.08136844635, 28.6158390045, 71.7425079346, 23.4485168457, 41.6736068726, 71.2376327515, 163.628753662, 40.1300468445, 35.8711929321], [105.818977356, -39.6897697449, 10.0634746552, 3.72449684143, 6.6515378952, 3.96146774292, 9.97313976288, 21.3497695923, 37.4840164185, 19.314786911, 40.1300468445, 122.371414185, 52.1487121582], [-64.6999969482, 26.8276615143, -106.905822754, -10.1447591782, 5.36921215057, -21.5985183716, 6.72270441055, 24.8973884583, 31.1281967163, 2.95556545258, 35.8711929321, 52.1487121582, 110.788040161]],
        "icov": [[0.000143739001942, -0.000200266818865, 0.000235234430875, -0.00032127139275, 0.000382391939638, -0.000481210532598, 0.000513444130775, -0.000725986610632, 0.000707348168362, -0.000735927606001, 0.000453353160992, -0.00047349956003, 0.000246640847763], [-0.000200266818865, 0.00127216521651, -0.000414906186052, 0.000629125162959, -0.00106596469413, 0.000937452481594, -0.00109117326792, 0.00106145546306, -0.00146403210238, 0.00202024914324, -0.00183016282972, 0.00144822988659, -0.00043734323117], [0.000235234430875, -0.000414906186052, 0.00129459868185, -0.000945291889366, 0.000498278299347, -0.00128814566415, 0.000949900131673, -0.00111128599383, 0.00112152844667, -0.00103274430148, 0.00123439682648, -0.00142411887646, 0.00130044447724], [-0.00032127139275, 0.000629125162959, -0.000945291889366, 0.00340867391787, -0.00134429067839, 0.000655445852317, -0.00103244592901, 0.00155065988656, -0.00265976553783, 0.00217586406507, -0.000848181021865, 0.00137621676549, -0.00071680318797], [0.000382391939638, -0.00106596469413, 0.000498278299347, -0.00134429067839, 0.00425090873614, -0.00194609630853, 0.00047062401427, -0.00245429202914, 0.00149537820835, -0.00284426263534, 0.00254326290451, -0.00141506572254, 0.000275085418252], [-0.000481210532598, 0.000937452481594, -0.00128814566415, 0.000655445852317, -0.00194609630853, 0.00770659605041, -0.00482673896477, 0.00232845242135, -0.0016760842409, 0.000573283061385, -0.00129066640511, 0.00157850328833, -0.000194141481188], [0.000513444130775, -0.00109117326792, 0.000949900131673, -0.00103244592901, 0.00047062401427, -0.00482673896477, 0.00929861702025, -0.0045596184209, 0.00255461991765, -0.0027969670482, -0.000446871272288, -0.00129412335809, 0.000993477529846], [-0.000725986610632, 0.00106145546306, -0.00111128599383, 0.00155065988656, -0.00245429202914, 0.00232845242135, -0.0045596184209, 0.01170437783, -0.00715820351616, 0.00446861889213, -0.00177964137401, 0.00233736867085, -0.00202408595942], [0.000707348168362, -0.00146403210238, 0.00112152844667, -0.00265976553783, 0.00149537820835, -0.0016760842409, 0.00255461991765, -0.00715820351616, 0.0131107494235, -0.00717688445002, 0.00248715514317, -0.0038596522063, 0.000179896131158], [-0.000735927606001, 0.00202024914324, -0.00103274430148, 0.00217586406507, -0.00284426263534, 0.000573283061385, -0.0027969670482, 0.00446861889213, -0.00717688445002, 0.0159721300006, -0.00748029258102, 0.00287202303298, 0.000359293684596], [0.000453353160992, -0.00183016282972, 0.00123439682648, -0.000848181021865, 0.00254326290451, -0.00129066640511, -0.000446871272288, -0.00177964137401, 0.00248715514317, -0.00748029258102, 0.0128239449114, -0.00427030073479, -0.000767775287386], [-0.00047349956003, 0.00144822988659, -0.00142411887646, 0.00137621676549, -0.00141506572254, 0.00157850328833, -0.00129412335809, 0.00233736867085, -0.0038596522063, 0.00287202303298, -0.00427030073479, 0.013496982865, -0.00590849341825], [0.000246640847763, -0.00043734323117, 0.00130044447724, -0.00071680318797, 0.000275085418252, -0.000194141481188, 0.000993477529846, -0.00202408595942, 0.000179896131158, 0.000359293684596, -0.000767775287386, -0.00590849341825, 0.013778463006]]
    },
    "melbands": {
        "mean": [0.00169298727997, 0.000932178169023, 0.000685396371409, 0.000594200857449, 0.000821137975436, 0.000534753664397, 0.000243706046604, 0.00029581724084, 0.00025242503034, 0.000228098069783, 0.000115265451313, 8.99564329302e-05, 7.26799989934e-05, 3.95424031012e-05, 3.32803065248e-05, 2.55965151155e-05, 2.29735087487e-05, 3.71831956727e-05, 3.40081496688e-05, 2.54058177234e-05, 2.40789959207e-05, 2.79738778772e-05, 1.85249773494e-05, 9.69305710896e-06, 1.48239078044e-05, 1.78712107299e-05, 1.71500360011e-05, 1.3011934243e-05, 6.83478947394e-06, 4.6688060138e-06, 4.06092431149e-06, 4.62579691884e-06, 4.58921067548e-06, 4.97135715705e-06, 4.25167536378e-06, 4.26285714639e-06, 4.25244161306e-06, 4.37026528743e-06, 5.25649147676e-06, 3.59842852049e-06],
        "stdev": [0.00344772357494, 0.0018727153074, 0.00208518374711, 0.00120697065722, 0.00137965136673, 0.000931464717723, 0.000678432756104, 0.000531637924723, 0.000511400925461, 0.000591351999901, 0.00026982172858, 0.000231173500651, 0.000171148960362, 0.000111362707685, 9.9160373793e-05, 7.29970342945e-05, 8.16276733531e-05, 0.000103823731479, 8.96677811397e-05, 6.38686105958e-05, 6.46007756586e-05, 7.61890696594e-05, 4.43152930529e-05, 2.00972735911e-05, 3.11265175696e-05, 4.33494315075e-05, 3.98096817662e-05, 2.79399628198e-05, 1.41444897963e-05, 8.03213970357e-06, 7.2984671533e-06, 8.05980107543e-06, 9.62434387475e-06, 1.19969672596e-05, 9.42882616073e-06, 8.52173161547e-06, 8.86387533683e-06, 9.74473368842e-06, 1.25346805362e-05, 8.36468370835e-06]
    },
    "melbands128": {
        "mean": [0.000227211916354, 0.00181755621452, 0.00238808547147, 0.00135317002423, 0.00070484256139, 0.00065489980625, 0.000724992481992, 0.000720736046787, 0.000572250632104, 0.000491708749905, 0.000556080951355, 0.000915615353733, 0.000831937883049, 0.000754759763367, 0.00064283143729, 0.00030821285327, 0.000344891275745, 0.000225274648983, 0.000153460059664, 0.000226624921197, 0.000460224953713, 0.000305743189529, 0.000215952517465, 0.000172362357262, 0.000311274954583, 0.000222765302169, 8.50997967063e-05, 0.000127356979647, 0.000121150209452, 8.06396274129e-05, 0.000106128762127, 4.54291221104e-05, 8.30113640404e-05, 8.13844089862e-05, 4.65589473606e-05, 2.10051566683e-05, 4.00770732085e-05, 3.40499500453e-05, 2.51920992014e-05, 4.16283655795e-05, 2.14289793803e-05, 1.20495542433e-05, 1.82456624316e-05, 3.1538780604e-05, 3.63606959581e-05, 3.18680504279e-05, 4.53776192444e-05, 4.68867074233e-05, 1.97557346837e-05, 2.45993014687e-05, 2.85427267954e-05, 2.4645078156e-05, 1.97077133635e-05, 2.09842019103e-05, 3.91891844629e-05, 3.17933154292e-05, 1.62022206496e-05, 1.83818701771e-05, 2.29970682994e-05, 1.10003984446e-05, 7.40438963476e-06, 9.37957156566e-06, 1.18065745482e-05, 1.82123367267e-05, 1.6421015971e-05, 1.6325577235e-05, 1.88346730283e-05, 2.29499073612e-05, 1.50618188854e-05, 1.19725264085e-05, 1.53434230015e-05, 1.22711835502e-05, 8.66309255798e-06, 5.32276590093e-06, 5.5991345107e-06, 4.65565108243e-06, 4.34737694377e-06, 4.19638945459e-06, 3.61937986781e-06, 4.25729649578e-06, 5.12755423188e-06, 4.24943937105e-06, 4.85027658215e-06, 4.22629273089e-06, 4.91024457006e-06, 5.1840956985e-06, 5.04132231072e-06, 4.39667701357e-06, 4.30479849456e-06, 3.95449114876e-06, 4.26809629062e-06, 4.73990303362e-06, 3.6463284232e-06, 4.12415465689e-06, 4.40824032921e-06, 5.17208445672e-06, 4.36266918769e-06, 3.25151086145e-06, 4.72119518236e-06, 8.10756409919e-06, 3.19413288707e-06, 3.36741800311e-06, 2.82325049739e-06, 1.90844616554e-06, 2.48996275332e-06, 2.82123596662e-06, 2.09205290957e-06, 1.76570870281e-06, 1.28171052438e-06, 1.22152266613e-06, 9.44144744608e-07, 8.99830411072e-07, 1.1183302604e-06, 1.19000435461e-06, 8.52475068314e-07, 5.2163068176e-07, 3.35696199727e-07, 2.58134686959e-08, 5.46969457574e-12, 4.06844696821e-12, 3.8879338117e-12, 3.75470661507e-12, 3.64338637385e-12, 3.55627745134e-12, 3.4874145672e-12, 3.43709631069e-12, 3.40100278669e-12, 3.37537246417e-12],
        "stdev": [0.000455550703919, 0.00400285376236, 0.00509258545935, 0.00282205664553, 0.001952620456, 0.00190901581664, 0.00232305470854, 0.00238649523817, 0.00178536609747, 0.00126019015443, 0.00125727872364, 0.00189198448788, 0.00185641797725, 0.00172002590261, 0.00144567142706, 0.00080888386583, 0.00120477972087, 0.000882460910361, 0.000692625413649, 0.000517152249813, 0.000950835586991, 0.000877154699992, 0.000630611320958, 0.000659207231365, 0.000919027777854, 0.000798249791842, 0.000400004646508, 0.000349807931343, 0.000409923057305, 0.000271093274932, 0.000380441022571, 0.000181035968126, 0.000257644453086, 0.000252184720011, 0.000204738636967, 0.000113524925837, 0.000157541857334, 0.000149423707626, 0.00012771798356, 0.000135530979605, 9.66282896115e-05, 7.67973906477e-05, 0.000100478915556, 0.000157137983479, 0.000155936111696, 0.000147438782733, 0.000158380440553, 0.000157728733029, 9.44447383517e-05, 9.08795773285e-05, 9.46401269175e-05, 8.76876219991e-05, 8.17095060484e-05, 8.8844972197e-05, 0.000141003940371, 0.000113350914035, 6.70860608807e-05, 6.31273142062e-05, 6.34039388387e-05, 3.98304255214e-05, 2.55021241173e-05, 2.3505432182e-05, 3.11920412059e-05, 5.0254722737e-05, 5.67835049878e-05, 5.9095225879e-05, 6.23424930382e-05, 7.65317017795e-05, 4.71658167953e-05, 3.78767945222e-05, 4.08060477639e-05, 3.70464549633e-05, 2.59166972683e-05, 1.35465379572e-05, 1.56159931066e-05, 9.09174104891e-06, 8.54952486407e-06, 9.67539199337e-06, 7.64070409787e-06, 8.26059658721e-06, 1.01647137853e-05, 9.13057556318e-06, 1.10284900074e-05, 9.91723663901e-06, 1.21613375086e-05, 1.33466210173e-05, 1.33803250719e-05, 1.1062379599e-05, 1.04740884126e-05, 8.74642319104e-06, 9.18310342968e-06, 1.03853071778e-05, 7.86025429989e-06, 9.2032860266e-06, 1.00060178738e-05, 1.19371807159e-05, 1.08178819573e-05, 7.89386376709e-06, 1.19116712085e-05, 2.15686413867e-05, 9.94684069155e-06, 8.15626754047e-06, 6.83471307639e-06, 4.5321903599e-06, 5.26574831383e-06, 6.33137324257e-06, 4.43933640781e-06, 4.07232437283e-06, 3.39292955687e-06, 3.46187562172e-06, 2.57493479694e-06, 2.19997286877e-06, 2.41036582338e-06, 2.56534099208e-06, 1.59231547059e-06, 1.05501362668e-06, 6.92244270795e-07, 6.10022894421e-08, 9.09229028873e-12, 6.74455977179e-12, 6.4742655681e-12, 6.26640319495e-12, 6.0981120327e-12, 5.96311541812e-12, 5.85257840455e-12, 5.76781981551e-12, 5.70716043868e-12, 5.67013450081e-12]
    },
    "mfcc": {
        "mean": [-656.978271484, 87.3328399658, 21.3582992554, 15.0362758636, 1.24525022507, -11.3385257721, -6.08649253845, -2.00676846504, -1.63341414928, 1.55514788628, -4.82848358154, -5.45745849609, -0.249013841152],
        "cov": [[9699.78808594, -47.0306472778, -467.922393799, -57.3444709778, -168.953552246, -47.7099609375, 130.31187439, -10.6301813126, 10.4747695923, 199.459106445, 32.0427322388, 49.9510993958, 179.362426758], [-47.0306472778, 1421.72021484, -17.3822135925, 36.6054534912, 129.579299927, 8.9333896637, 145.38848877, 91.8856201172, 31.058057785, 78.9922485352, 74.4281311035, 35.292514801, 35.5460548401], [-467.922393799, -17.3822135925, 1122.39160156, 208.239212036, 176.095245361, 158.486816406, 37.9238166809, 82.6017990112, 53.7197952271, -45.7447776794, 46.8136062622, 56.0378036499, -66.5330276489], [-57.3444709778, 36.6054534912, 208.239212036, 383.576782227, 186.322189331, 68.1729125977, 8.5022649765, 83.7907409668, 92.2607727051, 26.5383071899, 11.9828882217, 37.6952095032, 3.15630102158], [-168.953552246, 129.579299927, 176.095245361, 186.322189331, 330.494354248, 102.893821716, 46.3253517151, 92.0366897583, 114.263839722, 42.8416824341, 34.9193763733, 41.4792060852, -3.05593323708], [-47.7099609375, 8.9333896637, 158.486816406, 68.1729125977, 102.893821716, 293.88973999, 130.498321533, 57.5271263123, 56.167098999, 58.0006866455, 60.2483673096, 33.1909751892, 26.097328186], [130.31187439, 145.38848877, 37.9238166809, 8.5022649765, 46.3253517151, 130.498321533, 251.031570435, 72.4147109985, 35.9716339111, 82.892288208, 57.7697639465, 8.95190143585, 49.1395225525], [-10.6301813126, 91.8856201172, 82.6017990112, 83.7907409668, 92.0366897583, 57.5271263123, 72.4147109985, 185.044296265, 101.239997864, 44.7725372314, 38.8332939148, 35.839302063, 20.7769107819], [10.4747695923, 31.058057785, 53.7197952271, 92.2607727051, 114.263839722, 56.167098999, 35.9716339111, 101.239997864, 180.907943726, 66.7833023071, 26.3059883118, 32.5638923645, 28.6427783966], [199.459106445, 78.9922485352, -45.7447776794, 26.5383071899, 42.8416824341, 58.0006866455, 82.892288208, 44.7725372314, 66.7833023071, 160.958877563, 69.8101119995, 14.9292011261, 43.9953079224], [32.0427322388, 74.4281311035, 46.8136062622, 11.9828882217, 34.9193763733, 60.2483673096, 57.7697639465, 38.8332939148, 26.3059883118, 69.8101119995, 128.493148804, 54.5956306458, 24.0501422882], [49.9510993958, 35.292514801, 56.0378036499, 37.6952095032, 41.4792060852, 33.1909751892, 8.95190143585, 35.839302063, 32.5638923645, 14.9292011261, 54.5956306458, 125.779624939, 54.3014755249], [179.362426758, 35.5460548401, -66.5330276489, 3.15630102158, -3.05593323708, 26.097328186, 49.1395225525, 20.7769107819, 28.6427783966, 43.9953079224, 24.0501422882, 54.3014755249, 123.24697876]],
        "icov": [[0.000110621913336, 1.15772245408e-05, 2.72397792287e-05, -2.48630076385e-05, 5.68413161091e-05, 3.54475159838e-05, -5.24775423401e-05, 1.25559081425e-05, 1.98471570911e-05, -0.000143535798998, 5.9937043261e-05, -6.19551719865e-05, -7.40502291592e-05], [1.15772245408e-05, 0.000815834850073, 4.56051602669e-05, 4.22193988925e-05, -0.00039113900857, 0.000365605810657, -0.000474580825539, -0.000234812570852, 0.000284165784251, -0.000133611130877, -0.000222097834921, -8.38020496303e-05, -2.50025368587e-05], [2.72397792287e-05, 4.56051602669e-05, 0.00121269829106, -0.000455518427771, -0.000158653812832, -0.000453083106549, -0.000192041348782, -0.000135082213092, -3.20071521855e-05, 0.000693632406183, -0.000374506053049, -0.000481825205497, 0.000850074808113], [-2.48630076385e-05, 4.22193988925e-05, -0.000455518427771, 0.00398286385462, -0.00174094038084, -0.000152176522533, 0.000620421662461, -0.000744896940887, -0.000301515334286, -0.000487458426505, 0.000767482502852, -0.000310061266646, -0.000225708601647], [5.68413161091e-05, -0.00039113900857, -0.000158653812832, -0.00174094038084, 0.00546820275486, -0.00094669678947, -9.68256645137e-05, -0.000169767299667, -0.00206865835935, -0.000102849960967, 9.18915829971e-05, -0.000859154446516, 0.00127037416678], [3.54475159838e-05, 0.000365605810657, -0.000453083106549, -0.000152176522533, -0.00094669678947, 0.0054076956585, -0.00253128213808, 0.000395436829422, -0.00035883297096, -0.000198359761271, -0.000955672992859, -0.000324866792653, -0.000139867057442], [-5.24775423401e-05, -0.000474580825539, -0.000192041348782, 0.000620421662461, -9.68256645137e-05, -0.00253128213808, 0.00722537981346, -0.00216024625115, 0.00119133957196, -0.00172738509718, -0.0008562746807, 0.00212393561378, -0.00231830240227], [1.25559081425e-05, -0.000234812570852, -0.000135082213092, -0.000744896940887, -0.000169767299667, 0.000395436829422, -0.00216024625115, 0.00924899894744, -0.0043658032082, 0.000777029024903, -0.000925210129935, -0.000989262247458, 0.000563425011933], [1.98471570911e-05, 0.000284165784251, -3.20071521855e-05, -0.000301515334286, -0.00206865835935, -0.00035883297096, 0.00119133957196, -0.0043658032082, 0.0106446677819, -0.00362170324661, 0.00163725565653, -0.000626261520665, -0.00105928711127], [-0.000143535798998, -0.000133611130877, 0.000693632406183, -0.000487458426505, -0.000102849960967, -0.000198359761271, -0.00172738509718, 0.000777029024903, -0.00362170324661, 0.01201779861, -0.00609166640788, 0.00311009516008, -0.00239831558429], [5.9937043261e-05, -0.000222097834921, -0.000374506053049, 0.000767482502852, 9.18915829971e-05, -0.000955672992859, -0.0008562746807, -0.000925210129935, 0.00163725565653, -0.00609166640788, 0.0143039701506, -0.00636532763019, 0.00226431060582], [-6.19551719865e-05, -8.38020496303e-05, -0.000481825205497, -0.000310061266646, -0.000859154446516, -0.000324866792653, 0.00212393561378, -0.000989262247458, -0.000626261520665, 0.00311009516008, -0.00636532763019, 0.0142933800817, -0.0067904824391], [-7.40502291592e-05, -2.50025368587e-05, 0.000850074808113, -0.000225708601647, 0.00127037416678, -0.000139867057442, -0.00231830240227, 0.000563425011933, -0.00105928711127, -0.00239831558429, 0.00226431060582, -0.0067904824391, 0.0132361799479]]
    },
    "spectral_contrast_coeffs": {
        "mean": [-0.668327093124, -0.715764939785, -0.726883530617, -0.768182635307, -0.773446679115, -0.806869924068],
        "stdev": [0.123334407806, 0.0867466181517, 0.0816071033478, 0.0663259848952, 0.0623251087964, 0.0375144332647]
    },
    "spectral_contrast_valleys": {
        "mean": [-7.49706745148, -7.20892286301, -8.29458808899, -8.44780445099, -7.97737598419, -9.68068981171],
        "stdev": [2.28239750862, 2.07650303841, 2.01643610001, 1.99864685535, 2.05093312263, 1.95293557644]
    }
},
"rhythm": {
    "beats_count": 448,
    "beats_loudness": {
        "mean": 0.0310079660267,
        "stdev": 0.0189216081053
    },
    "bpm": 100.434074402,
    "bpm_histogram_first_peak_bpm": 99,
    "bpm_histogram_first_peak_weight": 0.510204076767,
    "bpm_histogram_second_peak_bpm": 94,
    "bpm_histogram_second_peak_spread": 0.166666686535,
    "bpm_histogram_second_peak_weight": 0.0111856823787,
    "danceability": 1.2114726305,
    "onset_rate": 5.48216056824,
    "beats_loudness_band_ratio": {
        "mean": [0.260408997536, 0.237400278449, 0.164725273848, 0.0798528045416, 0.0803276374936, 0.210079669952],
        "stdev": [0.253740698099, 0.188849195838, 0.152217879891, 0.106899835169, 0.0982156842947, 0.179128408432]
    },
    "beats_position": [0.626938760281, 1.26548755169, 1.90403628349, 2.54258489609, 3.19274377823, 3.80807256699, 4.41179132462, 5.01551008224, 5.60761880875, 6.19972801208, 6.79183673859, 7.38394546509, 7.98766422272, 8.59138298035, 9.18349170685, 9.78721046448, 10.379319191, 10.9714279175, 11.5635375977, 12.1672563553, 12.7709751129, 13.3746938705, 13.9551925659, 14.5589113235, 15.15102005, 15.7431287766, 16.3468475342, 16.9505672455, 17.5542850494, 18.1463947296, 18.7385025024, 19.3422222137, 19.9343299866, 20.5264396667, 21.1301574707, 21.7222671509, 22.3143768311, 22.918094635, 23.5218143463, 24.1255321503, 24.7060317993, 25.2981395721, 25.9018592834, 26.4939670563, 27.0976867676, 27.6897945404, 28.2819042206, 28.8856239319, 29.4777317047, 30.0698413849, 30.6735591888, 31.2772789001, 31.8809967041, 32.4731063843, 33.0652160645, 33.6689338684, 34.2610435486, 34.8531494141, 35.4568710327, 36.0605888367, 36.6526985168, 37.244808197, 37.848526001, 38.4522438049, 39.0443534851, 39.6364631653, 40.2401809692, 40.8322906494, 41.4243965149, 42.0281181335, 42.6318359375, 43.2239456177, 43.8160552979, 44.4197731018, 45.0234909058, 45.6272087097, 46.2077102661, 46.7998161316, 47.3919258118, 47.9956436157, 48.5877532959, 49.1798629761, 49.78358078, 50.3873023987, 50.9794082642, 51.5715179443, 52.1752357483, 52.7789573669, 53.3710632324, 53.9631729126, 54.5668907166, 55.1706123352, 55.7627182007, 56.3548278809, 56.9585494995, 57.5622673035, 58.1427650452, 58.7464828491, 59.3385925293, 59.9423103333, 60.5344200134, 61.1265296936, 61.7186393738, 62.3223571777, 62.9260749817, 63.5181846619, 64.1102905273, 64.714012146, 65.3177337646, 65.9098434448, 66.5019454956, 67.1056671143, 67.7093887329, 68.3131027222, 68.8936004639, 69.4973220825, 70.0894317627, 70.6815414429, 71.2852630615, 71.8889770508, 72.481086731, 73.0731964111, 73.6769180298, 74.2690200806, 74.8611297607, 75.4648513794, 76.068572998, 76.6606826782, 77.252784729, 77.8448944092, 78.4486160278, 79.040725708, 79.6444396973, 80.2365493774, 80.8286590576, 81.4323806763, 82.0360946655, 82.6282043457, 83.2203140259, 83.8240356445, 84.4277572632, 85.019859314, 85.6119689941, 86.2273025513, 86.8194122314, 87.4115142822, 88.0036239624, 88.5957336426, 89.1878433228, 89.7915649414, 90.3952789307, 90.9990005493, 91.579498291, 92.1716079712, 92.7753295898, 93.36743927, 93.9711532593, 94.5748748779, 95.1669845581, 95.7590942383, 96.3511962891, 96.9433059692, 97.5470275879, 98.1507492065, 98.7544631958, 99.346572876, 99.9386825562, 100.542404175, 101.134513855, 101.726615906, 102.330337524, 102.934059143, 103.526168823, 104.129882812, 104.721992493, 105.325714111, 105.917823792, 106.509933472, 107.113647461, 107.705757141, 108.297866821, 108.90158844, 109.505302429, 110.097412109, 110.68952179, 111.28163147, 111.87374115, 112.477455139, 113.081176758, 113.673286438, 114.265396118, 114.869110107, 115.461219788, 116.053329468, 116.657051086, 117.260765076, 117.852874756, 118.444984436, 119.048706055, 119.652427673, 120.232925415, 120.836639404, 121.440361023, 122.044082642, 122.624580383, 123.228294373, 123.820404053, 124.424125671, 125.016235352, 125.619949341, 126.212059021, 126.804168701, 127.40789032, 128.011611938, 128.603713989, 129.195831299, 129.799545288, 130.391647339, 130.983764648, 131.587478638, 132.179595947, 132.771697998, 133.375411987, 133.979141235, 134.571243286, 135.163360596, 135.767074585, 136.370788574, 136.974502563, 137.555007935, 138.158721924, 138.762451172, 139.354553223, 139.946670532, 140.538772583, 141.142486572, 141.734603882, 142.338317871, 142.94203186, 143.545761108, 144.126251221, 144.729980469, 145.333694458, 145.925796509, 146.517913818, 147.098403931, 147.702133179, 148.305847168, 148.909561157, 149.490066528, 150.093780518, 150.697509766, 151.277999878, 151.881713867, 152.485443115, 153.089157104, 153.681274414, 154.273376465, 154.877090454, 155.480819702, 156.072921753, 156.665023804, 157.268753052, 157.860855103, 158.452972412, 159.056686401, 159.648788452, 160.240905762, 160.844619751, 161.448348999, 162.052062988, 162.644165039, 163.236282349, 163.828384399, 164.420501709, 165.024215698, 165.604721069, 166.208435059, 166.812149048, 167.415863037, 168.007980347, 168.600082397, 169.203811646, 169.807525635, 170.399627686, 170.991744995, 171.595458984, 172.199172974, 172.779678345, 173.383392334, 173.987121582, 174.590835571, 175.171340942, 175.763442993, 176.355545044, 176.959274292, 177.562988281, 178.155105591, 178.747207642, 179.350921631, 179.954650879, 180.558364868, 181.138870239, 181.754196167, 182.346298218, 182.938415527, 183.530517578, 184.134231567, 184.737960815, 185.330062866, 185.922180176, 186.525894165, 187.129608154, 187.721725464, 188.313827515, 188.917541504, 189.521270752, 190.101760864, 190.705490112, 191.309204102, 191.901306152, 192.493423462, 193.085525513, 193.689254761, 194.281356812, 194.885070801, 195.488800049, 196.0809021, 196.673019409, 197.26512146, 197.868835449, 198.460952759, 199.064666748, 199.668380737, 200.272109985, 200.852600098, 201.444717407, 202.036819458, 202.640533447, 203.244262695, 203.847976685, 204.428482056, 205.032196045, 205.635910034, 206.228027344, 206.820129395, 207.423858643, 208.027572632, 208.619674683, 209.211791992, 209.815505981, 210.419219971, 210.999725342, 211.603439331, 212.195556641, 212.787658691, 213.391372681, 213.98348999, 214.587203979, 215.179321289, 215.783035278, 216.375137329, 216.967254639, 217.570968628, 218.163085938, 218.766799927, 219.358901978, 219.951019287, 220.543121338, 221.146850586, 221.750564575, 222.354278564, 222.946395874, 223.538497925, 224.142211914, 224.745941162, 225.338043213, 225.930160522, 226.533874512, 227.137588501, 227.718093872, 228.321807861, 228.925521851, 229.529251099, 230.109741211, 230.713470459, 231.317184448, 231.920898438, 232.501403809, 233.105117798, 233.697235107, 234.300949097, 234.893051147, 235.496780396, 236.100494385, 236.704208374, 237.284713745, 237.876815796, 238.468933105, 239.072647095, 239.676361084, 240.268478394, 240.860580444, 241.464309692, 242.056411743, 242.648529053, 243.252243042, 243.855957031, 244.448074341, 245.040176392, 245.643890381, 246.247619629, 246.83972168, 247.431838989, 248.035552979, 248.639266968, 249.219772339, 249.81187439, 250.415603638, 251.007705688, 251.611419678, 252.215148926, 252.807250977, 253.399353027, 253.991470337, 254.583572388, 255.187301636, 255.791015625, 256.383117676, 256.975219727, 257.578948975, 258.171051025, 258.763183594, 259.366882324, 259.970611572, 260.562713623, 261.154815674, 261.758544922, 262.36227417, 262.9659729, 263.581298828, 264.208251953, 264.846801758, 265.485351562, 266.10067749, 266.727600098, 267.354553223, 267.96987915],
    "bpm_histogram": [0, 0, 0, 0, 0, 0, 0, 0, 0, 0, 0, 0, 0, 0, 0, 0, 0, 0, 0, 0, 0, 0, 0, 0, 0, 0, 0, 0, 0, 0, 0, 0, 0, 0, 0, 0, 0, 0, 0, 0, 0, 0, 0, 0, 0, 0, 0, 0, 0, 0, 0, 0, 0, 0, 0, 0, 0, 0, 0, 0, 0, 0, 0, 0, 0, 0, 0, 0, 0, 0, 0, 0, 0, 0, 0, 0, 0, 0, 0, 0, 0, 0, 0, 0, 0, 0, 0, 0, 0, 0, 0, 0, 0.00223713647574, 0, 0.0111856823787, 0, 0.00671140942723, 0, 0.0134228188545, 0.469798654318, 0, 0.43847873807, 0, 0.0581655465066, 0, 0, 0, 0, 0, 0, 0, 0, 0, 0, 0, 0, 0, 0, 0, 0, 0, 0, 0, 0, 0, 0, 0, 0, 0, 0, 0, 0, 0, 0, 0, 0, 0, 0, 0, 0, 0, 0, 0, 0, 0, 0, 0, 0, 0, 0, 0, 0, 0, 0, 0, 0, 0, 0, 0, 0, 0, 0, 0, 0, 0, 0, 0, 0, 0, 0, 0, 0, 0, 0, 0, 0, 0, 0, 0, 0, 0, 0, 0, 0, 0, 0, 0, 0, 0, 0, 0, 0, 0, 0, 0, 0, 0, 0, 0, 0, 0, 0, 0, 0, 0, 0, 0, 0, 0, 0, 0, 0, 0, 0, 0, 0, 0, 0, 0, 0, 0, 0, 0, 0, 0, 0, 0, 0, 0, 0, 0, 0, 0, 0, 0, 0, 0, 0, 0, 0, 0, 0, 0, 0, 0, 0, 0, 0, 0, 0]
},
"tonal": {
    "chords_changes_rate": 0.0599619820714,
    "chords_number_rate": 0.00190081214532,
    "chords_strength": {
        "mean": 0.512330830097,
        "stdev": 0.144336640835
    },
    "hpcp_crest": {
        "mean": 15.360619545,
        "stdev": 7.96610784531
    },
    "hpcp_entropy": {
        "mean": 1.75737679005,
        "stdev": 0.768634676933
    },
    "key_edma": {
        "strength": 0.73130774498,
        "key": "C",
        "scale": "major"
    },
    "key_krumhansl": {
        "strength": 0.732182383537,
        "key": "C",
        "scale": "major"
    },
    "key_temperley": {
        "strength": 0.727709889412,
        "key": "C",
        "scale": "major"
    },
    "tuning_diatonic_strength": 0.610660135746,
    "tuning_equal_tempered_deviation": 0.041962724179,
    "tuning_frequency": 453.154663086,
    "tuning_nontempered_energy_ratio": 0.711884617805,
    "hpcp": {
        "mean": [0.179071620107, 0.121252797544, 0.0601972267032, 0.0515053570271, 0.0521218553185, 0.103872932494, 0.17154084146, 0.157115280628, 0.196034252644, 0.23653267324, 0.149113699794, 0.0993988290429, 0.0895733460784, 0.0680291056633, 0.125894069672, 0.191077038646, 0.14536511898, 0.0933088883758, 0.0902002677321, 0.0907514840364, 0.144100010395, 0.237018674612, 0.193082794547, 0.103856742382, 0.0870730280876, 0.0574346296489, 0.047100815922, 0.0594008900225, 0.0584738850594, 0.12402676791, 0.187923327088, 0.182113945484, 0.178711503744, 0.148199051619, 0.0969472080469, 0.127629190683],
        "stdev": [0.283619731665, 0.210773065686, 0.162098795176, 0.154473379254, 0.153686493635, 0.190126821399, 0.263989925385, 0.242120042443, 0.273444592953, 0.32522252202, 0.232825219631, 0.221273258328, 0.208262786269, 0.176163494587, 0.20606893301, 0.28507617116, 0.236734300852, 0.209522858262, 0.210482940078, 0.203423187137, 0.230777382851, 0.316188335419, 0.285863131285, 0.201657444239, 0.199090048671, 0.143135234714, 0.122907593846, 0.143886566162, 0.136150196195, 0.213392272592, 0.287366181612, 0.2740419209, 0.301828205585, 0.267765134573, 0.207470163703, 0.220203444362]
    },
    "chords_histogram": [17.5738716125, 7.51684808731, 24.9351997375, 0.9676861763, 1.77985143661, 0, 0.846725404263, 0, 10.6618280411, 0.552963554859, 0.0172801110893, 0, 0, 0, 0, 2.33281493187, 3.55970287323, 3.00673913956, 0, 0.380162447691, 0, 1.6416105032, 1.55520999432, 22.6715049744],
    "thpcp": [1, 0.814631164074, 0.438179582357, 0.36736780405, 0.242321118712, 0.198721960187, 0.250616908073, 0.246705815196, 0.523278474808, 0.792862951756, 0.768352746964, 0.753997564316, 0.625263214111, 0.409027725458, 0.538477361202, 0.755516946316, 0.511574864388, 0.253976732492, 0.217305064201, 0.219906106591, 0.43824788928, 0.723743975163, 0.662881433964, 0.827083587646, 0.997949540615, 0.629122138023, 0.419371306896, 0.377916842699, 0.287020027637, 0.531156778336, 0.806168735027, 0.613306581974, 0.393677383661, 0.380561858416, 0.382887482643, 0.607969045639],
    "chords_key": "G",
    "chords_scale": "major"
}
}