{
"metadata": {
    "version": {
        "essentia": "2.1-dev",
        "essentia_git_sha": "v2.1_beta3-415-gd5473f3",
        "extractor": "music 2.0"
    },
    "audio_properties": {
        "analysis": {
            "equal_loudness": 0,
            "length": 242.834289551,
            "sample_rate": 44100,
            "start_time": 0,
            "downmix": "mix"
        },
        "bit_rate": 192000,
        "length": 242.834289551,
        "lossless": 0,
        "number_channels": 2,
        "replay_gain": -5.95237541199,
        "sample_rate": 44100,
        "codec": "mp3",
        "md5_encoded": "3516da58e06948eb91fe1eb1a2fb7c2f"
    },
    "tags": {
        "file_name": "mariah_carey-the_one.mp3",
        "album": ["Charmbracelet                 "],
        "artist": ["mariah carey                  "],
        "date": ["2002"],
        "genre": ["Pop"],
        "title": ["the one                       "]
    }
},
"lowlevel": {
    "average_loudness": 0.867009282112,
    "barkbands_crest": {
        "mean": 13.1477222443,
        "stdev": 4.83934307098
    },
    "barkbands_flatness_db": {
        "mean": 0.19078360498,
        "stdev": 0.0594716817141
    },
    "barkbands_kurtosis": {
        "mean": 11.0443763733,
        "stdev": 29.9526805878
    },
    "barkbands_skewness": {
        "mean": 2.36131668091,
        "stdev": 2.02291274071
    },
    "barkbands_spread": {
        "mean": 27.4678440094,
        "stdev": 18.5647315979
    },
    "dissonance": {
        "mean": 0.42977848649,
        "stdev": 0.0432388447225
    },
    "dynamic_complexity": 3.09312224388,
    "erbbands_crest": {
        "mean": 12.1821708679,
        "stdev": 5.34040164948
    },
    "erbbands_flatness_db": {
        "mean": 0.169659003615,
        "stdev": 0.0510445199907
    },
    "erbbands_kurtosis": {
        "mean": 1.66615998745,
        "stdev": 4.7883014679
    },
    "erbbands_skewness": {
        "mean": 0.90731972456,
        "stdev": 1.06057679653
    },
    "erbbands_spread": {
        "mean": 59.84532547,
        "stdev": 32.040725708
    },
    "hfc": {
        "mean": 31.0898265839,
        "stdev": 26.9474124908
    },
    "loudness_ebu128": {
        "integrated": -16.6802463531,
        "loudness_range": 4.18443489075,
        "momentary": {
            "mean": -18.0461540222,
            "stdev": 4.69018125534
        },
        "short_term": {
            "mean": -17.5316524506,
            "stdev": 3.46087670326
        }
    },
    "melbands_crest": {
        "mean": 17.5293769836,
        "stdev": 5.78277397156
    },
    "melbands_flatness_db": {
        "mean": 0.247505888343,
        "stdev": 0.0800617560744
    },
    "melbands_kurtosis": {
        "mean": 38.9449081421,
        "stdev": 62.6056442261
    },
    "melbands_skewness": {
        "mean": 4.26790904999,
        "stdev": 2.76410031319
    },
    "melbands_spread": {
        "mean": 22.9049224854,
        "stdev": 25.1547203064
    },
    "pitch_salience": {
        "mean": 0.460653334856,
        "stdev": 0.133106321096
    },
    "silence_rate_20dB": {
        "mean": 0.999043881893,
        "stdev": 0.0309069510549
    },
    "silence_rate_30dB": {
        "mean": 0.917200505733,
        "stdev": 0.275568723679
    },
    "silence_rate_60dB": {
        "mean": 0.0712305158377,
        "stdev": 0.257219582796
    },
    "spectral_centroid": {
        "mean": 1103.58276367,
        "stdev": 731.271484375
    },
    "spectral_complexity": {
        "mean": 10.4581699371,
        "stdev": 6.67873001099
    },
    "spectral_decrease": {
        "mean": -1.02559480908e-08,
        "stdev": 1.34125066609e-08
    },
    "spectral_energy": {
        "mean": 0.0415281094611,
        "stdev": 0.0514813661575
    },
    "spectral_energyband_high": {
        "mean": 0.00213654269464,
        "stdev": 0.00249175238423
    },
    "spectral_energyband_low": {
        "mean": 0.0232787262648,
        "stdev": 0.0472448654473
    },
    "spectral_energyband_middle_high": {
        "mean": 0.00420783553272,
        "stdev": 0.00703717581928
    },
    "spectral_energyband_middle_low": {
        "mean": 0.01296798978,
        "stdev": 0.0136576639488
    },
    "spectral_entropy": {
        "mean": 7.53291654587,
        "stdev": 0.543412566185
    },
    "spectral_flux": {
        "mean": 0.103832118213,
        "stdev": 0.0882595330477
    },
    "spectral_kurtosis": {
        "mean": 2.14700675011,
        "stdev": 8.37628269196
    },
    "spectral_rms": {
        "mean": 0.00555505137891,
        "stdev": 0.00310749793425
    },
    "spectral_rolloff": {
        "mean": 2121.19165039,
        "stdev": 2872.34716797
    },
    "spectral_skewness": {
        "mean": 1.34562003613,
        "stdev": 0.715439498425
    },
    "spectral_spread": {
        "mean": 8799899,
        "stdev": 2965255.75
    },
    "spectral_strongpeak": {
        "mean": 1.04731059074,
        "stdev": 1.28146803379
    },
    "zerocrossingrate": {
        "mean": 0.0898314714432,
        "stdev": 0.0586743578315
    },
    "barkbands": {
        "mean": [0.000419294228777, 0.0172263029963, 0.00474566360936, 0.00151110661682, 0.00243262457661, 0.00421923864633, 0.00284948805347, 0.000914810458198, 0.000626133114565, 0.00107693322934, 0.000674971845001, 0.000626560358796, 0.000476944929687, 0.000415235495893, 0.000485907774419, 0.000210715908906, 0.000127185499878, 0.000106557890831, 0.000172675951035, 0.000141229029396, 7.34880959499e-05, 0.000108174674097, 0.000269184936769, 0.00103245931678, 0.000491829297971, 9.25903223106e-05, 5.48305820303e-07],
        "stdev": [0.000786021410022, 0.0330017358065, 0.0204594228417, 0.00617820303887, 0.0049110003747, 0.00581075204536, 0.00453002424911, 0.00249952822924, 0.0013265091693, 0.00221446179785, 0.00229090335779, 0.00239004730247, 0.00224420358427, 0.00157629163004, 0.00189883273561, 0.00118996272795, 0.000545929768123, 0.000286425405648, 0.000343459571013, 0.000320691528032, 0.000263688300038, 0.000360076344805, 0.000436957896454, 0.00129858660512, 0.000847733754199, 0.000138341172715, 1.23221457216e-06]
    },
    "erbbands": {
        "mean": [0.54003816843, 3.68599081039, 5.8717751503, 5.49351453781, 5.12062311172, 8.09087085724, 20.63306427, 36.2508468628, 44.3780670166, 34.5313453674, 17.5797138214, 13.1265268326, 30.8401908875, 32.8376541138, 24.393529892, 28.0468406677, 21.4252624512, 24.3699054718, 24.1982479095, 19.2202415466, 11.0961799622, 7.02768945694, 5.57939577103, 6.86574268341, 9.50131702423, 6.84012508392, 3.82403755188, 2.86746478081, 3.7609732151, 4.78278541565, 8.72218799591, 14.6157016754, 20.5089664459, 8.30961036682, 2.11908864975, 0.650573730469, 0.122641153634, 0.0107390936464, 0.000276811275398, 6.99648953741e-05],
        "stdev": [0.979601144791, 7.73489284515, 22.5860843658, 22.431678772, 15.5579662323, 16.9587783813, 42.3836135864, 54.4877243042, 59.0876426697, 80.1238861084, 46.3651161194, 28.0814247131, 60.8659210205, 80.1472930908, 65.8513565063, 102.586364746, 97.9740982056, 90.8316040039, 92.8480377197, 87.5876922607, 55.6794815063, 29.9129905701, 15.0231380463, 13.9512033463, 20.0900630951, 15.7594614029, 12.4295024872, 11.6102981567, 13.6206417084, 10.8614816666, 13.599822998, 18.6369457245, 27.7039299011, 13.656211853, 3.92713928223, 0.970483422279, 0.200444221497, 0.0202824305743, 0.000419976597186, 6.76949566696e-05]
    },
    "gfcc": {
        "mean": [-16.9922142029, 52.6085319519, -88.7595367432, 10.8321866989, -82.7944641113, 22.4483299255, -64.5559234619, 16.2932262421, -32.3063659668, 3.68356752396, -0.222965583205, -0.978122711182, -5.77936458588],
        "cov": [[7895.03857422, 306.649597168, 259.663543701, 800.281860352, 315.678985596, 633.29888916, 246.621337891, 500.261047363, 183.34022522, 174.573730469, -45.8562088013, -9.0626335144, -92.166595459], [306.649597168, 1848.16223145, 695.312805176, 657.211303711, 923.797546387, 346.76272583, 542.307495117, 225.874313354, 202.704940796, 50.7587852478, 171.71925354, -78.2353286743, 22.3442840576], [259.663543701, 695.312805176, 1734.66748047, 860.422729492, 513.024841309, 649.019470215, 461.174133301, 341.746917725, 347.789672852, 133.94102478, 102.714103699, 165.583770752, 21.6661605835], [800.281860352, 657.211303711, 860.422729492, 993.337341309, 671.122558594, 414.678344727, 449.9012146, 290.435394287, 312.173339844, 128.002609253, 65.5359420776, 98.2428665161, 0.101871795952], [315.678985596, 923.797546387, 513.024841309, 671.122558594, 974.65435791, 453.045562744, 484.228057861, 266.52822876, 237.969543457, 163.705032349, 110.904342651, 12.4351911545, 5.95687055588], [633.29888916, 346.76272583, 649.019470215, 414.678344727, 453.045562744, 706.399536133, 387.679992676, 285.869354248, 234.278900146, 187.103942871, 137.943817139, 50.7405891418, 33.7272377014], [246.621337891, 542.307495117, 461.174133301, 449.9012146, 484.228057861, 387.679992676, 557.23046875, 248.75831604, 203.053756714, 157.123764038, 85.2944488525, 64.7628936768, 9.53512001038], [500.261047363, 225.874313354, 341.746917725, 290.435394287, 266.52822876, 285.869354248, 248.75831604, 439.332580566, 250.151245117, 103.923171997, 151.716156006, 46.0578613281, 48.2694396973], [183.34022522, 202.704940796, 347.789672852, 312.173339844, 237.969543457, 234.278900146, 203.053756714, 250.151245117, 342.251464844, 155.743347168, 93.9701690674, 87.9668197632, 24.2447319031], [174.573730469, 50.7587852478, 133.94102478, 128.002609253, 163.705032349, 187.103942871, 157.123764038, 103.923171997, 155.743347168, 242.449615479, 101.017951965, 34.6719474792, -0.632282316685], [-45.8562088013, 171.71925354, 102.714103699, 65.5359420776, 110.904342651, 137.943817139, 85.2944488525, 151.716156006, 93.9701690674, 101.017951965, 248.143859863, 32.1300849915, 46.8522758484], [-9.0626335144, -78.2353286743, 165.583770752, 98.2428665161, 12.4351911545, 50.7405891418, 64.7628936768, 46.0578613281, 87.9668197632, 34.6719474792, 32.1300849915, 192.726089478, 44.7437019348], [-92.166595459, 22.3442840576, 21.6661605835, 0.101871795952, 5.95687055588, 33.7272377014, 9.53512001038, 48.2694396973, 24.2447319031, -0.632282316685, 46.8522758484, 44.7437019348, 165.501571655]],
        "icov": [[0.000211347534787, -0.000211264705285, 0.000251861987635, -0.00042331579607, 0.000350956659531, -0.000402874458814, 0.000353078357875, -0.000500065158121, 0.000436216039816, -0.000390975066693, 0.000434070097981, -0.00023599609267, 0.000184007090866], [-0.000211264705285, 0.00192664167844, -0.000823162961751, 0.00073366163997, -0.00180991960224, 0.0012095272541, -0.001550838002, 0.00138039863668, -0.00127760367468, 0.00182843988296, -0.00178707775194, 0.001773540047, -0.00054447806906], [0.000251861987635, -0.000823162961751, 0.00183818675578, -0.00159922195598, 0.00129190820735, -0.00167600414716, 0.000799677218311, -0.0008441664977, 0.000595934106968, -0.000502280890942, 0.000919989659451, -0.00124517502263, 0.000493896775879], [-0.00042331579607, 0.00073366163997, -0.00159922195598, 0.00414216332138, -0.00244816974737, 0.0014262025943, -0.00147755630314, 0.00107739469968, -0.00213145511225, 0.00149340217467, -0.000692422501743, 0.000418439827627, -0.000158771101269], [0.000350956659531, -0.00180991960224, 0.00129190820735, -0.00244816974737, 0.00451550027356, -0.00197781738825, 0.000485638302052, -0.00140269845724, 0.00140906265005, -0.00192714645527, 0.00146754377056, -0.000833690108266, 0.000489996746182], [-0.000402874458814, 0.0012095272541, -0.00167600414716, 0.0014262025943, -0.00197781738825, 0.00460238894448, -0.00214114575647, 0.000708646664862, -0.00113294366747, 0.000274663121672, -0.00168567162473, 0.00161117839161, -0.000910537666641], [0.000353078357875, -0.001550838002, 0.000799677218311, -0.00147755630314, 0.000485638302052, -0.00214114575647, 0.00588745716959, -0.00258692912757, 0.00202189339325, -0.00288780615665, 0.00228882208467, -0.00234902184457, 0.000816271814983], [-0.000500065158121, 0.00138039863668, -0.0008441664977, 0.00107739469968, -0.00140269845724, 0.000708646664862, -0.00258692912757, 0.00709157017991, -0.00482156407088, 0.00335853197612, -0.00381048768759, 0.00229994417168, -0.00119210104458], [0.000436216039816, -0.00127760367468, 0.000595934106968, -0.00213145511225, 0.00140906265005, -0.00113294366747, 0.00202189339325, -0.00482156407088, 0.00933774095029, -0.00510924728587, 0.00236957008019, -0.00311917648651, 0.000593662727624], [-0.000390975066693, 0.00182843988296, -0.000502280890942, 0.00149340217467, -0.00192714645527, 0.000274663121672, -0.00288780615665, 0.00335853197612, -0.00510924728587, 0.00981849711388, -0.00422891043127, 0.00181671883911, 0.00029247670318], [0.000434070097981, -0.00178707775194, 0.000919989659451, -0.000692422501743, 0.00146754377056, -0.00168567162473, 0.00228882208467, -0.00381048768759, 0.00236957008019, -0.00422891043127, 0.00816929526627, -0.00223260908388, -0.000439184543211], [-0.00023599609267, 0.001773540047, -0.00124517502263, 0.000418439827627, -0.000833690108266, 0.00161117839161, -0.00234902184457, 0.00229994417168, -0.00311917648651, 0.00181671883911, -0.00223260908388, 0.00862103234977, -0.00227670907043], [0.000184007090866, -0.00054447806906, 0.000493896775879, -0.000158771101269, 0.000489996746182, -0.000910537666641, 0.000816271814983, -0.00119210104458, 0.000593662727624, 0.00029247670318, -0.000439184543211, -0.00227670907043, 0.00727622956038]]
    },
    "melbands": {
        "mean": [0.00488161249086, 0.00374618731439, 0.000958700547926, 0.000435786118032, 0.000651269743685, 0.000828494259622, 0.000672943773679, 0.000331835151883, 0.000121369404951, 8.85082336026e-05, 0.000155281144544, 0.000133440276841, 8.98276412045e-05, 7.98721885076e-05, 5.44721369806e-05, 4.40775111201e-05, 4.38073038822e-05, 3.67013053619e-05, 3.18167840305e-05, 1.7987929823e-05, 1.22252804431e-05, 7.82791630627e-06, 4.52646645499e-06, 5.60468879485e-06, 5.20184221386e-06, 7.60547754908e-06, 5.64218771615e-06, 4.28945486419e-06, 2.71408453045e-06, 1.51242659285e-06, 1.7050082306e-06, 2.14502142626e-06, 2.10460052585e-06, 2.81923371404e-06, 4.5233232413e-06, 6.4308974288e-06, 9.83646623354e-06, 1.49624538608e-05, 1.21678285723e-05, 5.31094838152e-06],
        "stdev": [0.00903806649148, 0.0105942804366, 0.00374147808179, 0.00105929223355, 0.00127273646649, 0.00117739161942, 0.000892898184247, 0.000784324423876, 0.000337346515153, 0.000190225051483, 0.000307628652081, 0.000335273711244, 0.000286141264951, 0.000312602845952, 0.000254812068306, 0.000167532460182, 0.000179097332875, 0.000154499372002, 0.000130658998387, 0.00010158126679, 6.95836060913e-05, 3.94294293073e-05, 1.50437163029e-05, 1.57141439558e-05, 1.16608443932e-05, 1.66798945429e-05, 1.25898050101e-05, 1.09354577944e-05, 9.43232498685e-06, 5.58636611458e-06, 7.8365446825e-06, 9.00565919437e-06, 5.85672933084e-06, 6.44204010314e-06, 7.6689539128e-06, 9.97938968794e-06, 1.28808151203e-05, 2.08352030313e-05, 1.86259258044e-05, 1.000469274e-05]
    },
    "melbands128": {
        "mean": [0.000387799926102, 0.00393523881212, 0.00747468369082, 0.00549637852237, 0.00341075449251, 0.00211937865242, 0.00113966944627, 0.000661117723212, 0.000489610654768, 0.00040392531082, 0.000398047472117, 0.000569444731809, 0.000755640387069, 0.000728904968128, 0.000701398355886, 0.00107585545629, 0.000828351359814, 0.000605260836892, 0.000473894702736, 0.000442690216005, 0.000202691284358, 0.000169357605046, 0.000121687720821, 5.89581250097e-05, 6.41325459583e-05, 8.40929351398e-05, 0.000179792870767, 0.000179779934115, 0.000103368496639, 0.000170137456735, 0.000107540763565, 0.000137751296279, 0.000105501567305, 4.26553015132e-05, 5.23808339494e-05, 0.000121632227092, 6.56931370031e-05, 3.62673235941e-05, 6.86939602019e-05, 3.79960220016e-05, 2.99989715131e-05, 5.99393642915e-05, 5.64834917895e-05, 2.73097957688e-05, 2.19877492782e-05, 4.57221467514e-05, 4.71466228191e-05, 2.47314164881e-05, 3.28687565343e-05, 2.64927493845e-05, 1.39202848004e-05, 1.06195766421e-05, 1.49505231093e-05, 1.16876271932e-05, 9.09604477783e-06, 8.54821155372e-06, 5.08033372171e-06, 5.49446076548e-06, 3.51221115125e-06, 4.41495603809e-06, 6.4067785388e-06, 5.94662014919e-06, 4.9584741646e-06, 4.6566860874e-06, 5.93314371145e-06, 8.79649087437e-06, 7.95846881374e-06, 6.03441185376e-06, 4.96390839544e-06, 5.348202194e-06, 4.48755599791e-06, 3.70293287233e-06, 3.3121712022e-06, 2.73306272902e-06, 1.70639793851e-06, 1.55815462222e-06, 1.31287333716e-06, 1.54570602717e-06, 1.66614597674e-06, 1.95392090063e-06, 2.24448717745e-06, 2.25381654673e-06, 1.91161780094e-06, 2.0366874196e-06, 2.21495338337e-06, 2.64392133431e-06, 2.82852124656e-06, 3.60040212399e-06, 4.41962538389e-06, 5.38452377441e-06, 5.72232465856e-06, 6.44862620902e-06, 8.03438160801e-06, 9.2593163572e-06, 1.11775452751e-05, 1.33572948471e-05, 1.65300971275e-05, 1.6575506379e-05, 1.29701820697e-05, 9.97815368464e-06, 6.87386545906e-06, 4.56034013041e-06, 3.29101521857e-06, 2.57803435488e-06, 2.25393955589e-06, 1.83958707112e-06, 1.54160534294e-06, 1.33033722705e-06, 1.14699685128e-06, 8.25279585115e-07, 5.95966810124e-07, 4.32146464391e-07, 3.23930748891e-07, 2.55912823377e-07, 1.74725144575e-07, 1.10302735834e-07, 2.4248446806e-08, 4.39530078999e-11, 7.03151772918e-12, 6.95895814931e-12, 7.74755433419e-12, 6.9846220821e-12, 7.10143662624e-12, 6.1688189279e-12, 5.47141455406e-12, 5.38615289522e-12, 5.33894152846e-12, 5.29920985565e-12],
        "stdev": [0.000742449541576, 0.00713970325887, 0.0149329919368, 0.0128800775856, 0.0127603877336, 0.00909347087145, 0.0048752957955, 0.00260634836741, 0.00151138508227, 0.00108440744225, 0.0010874705622, 0.00137643062044, 0.00194270850625, 0.00164618564304, 0.00139854336157, 0.00194249954075, 0.00140495109372, 0.00130474381149, 0.00121844105888, 0.00134390615858, 0.000789450423326, 0.000589931034483, 0.000431042310083, 0.000211288919672, 0.000249224627623, 0.000266336777713, 0.000431407621363, 0.000493974599522, 0.000303025793983, 0.000541669083759, 0.000389874214306, 0.000626974273473, 0.000386675295886, 0.000153791974299, 0.000222507806029, 0.000580791442189, 0.000345153413946, 0.000266681541689, 0.000548826879822, 0.000248603697401, 0.000158853596076, 0.000319732149364, 0.000337664183462, 0.000112367764814, 0.000127835184685, 0.00026942929253, 0.000261855457211, 0.000148663530126, 0.000224537536269, 0.000190004298929, 0.000149879575474, 8.64470202941e-05, 0.000122401761473, 8.56390179251e-05, 5.47622148588e-05, 6.47373817628e-05, 3.32461531798e-05, 2.44965540332e-05, 1.59677492775e-05, 2.07180983125e-05, 2.36929463426e-05, 2.29791075981e-05, 1.66332702065e-05, 1.44476462083e-05, 1.6481788407e-05, 2.50109715125e-05, 2.35472998611e-05, 1.71409446921e-05, 1.41009149957e-05, 1.7550708435e-05, 1.47095806824e-05, 1.25710203065e-05, 1.37686556627e-05, 1.06821325971e-05, 7.72536532168e-06, 6.50807351121e-06, 5.86632677368e-06, 7.28684790374e-06, 9.46879572439e-06, 1.03645115814e-05, 1.14306485557e-05, 9.41733469517e-06, 6.42328132017e-06, 6.23821097179e-06, 6.52017524772e-06, 7.2370057751e-06, 7.10185850039e-06, 7.8210277934e-06, 8.31112447486e-06, 9.58460441325e-06, 1.02043504739e-05, 1.1754429579e-05, 1.29825311888e-05, 1.36774087878e-05, 1.62961205206e-05, 2.05502565223e-05, 2.59862372332e-05, 2.59181579167e-05, 2.23392198677e-05, 1.87086770893e-05, 1.39201374623e-05, 9.87984458334e-06, 7.46353089198e-06, 5.91063371758e-06, 5.01043859913e-06, 4.35521224063e-06, 2.9014431675e-06, 2.30068008022e-06, 1.90590617422e-06, 1.47082357671e-06, 1.09840289042e-06, 8.25662880288e-07, 6.0168855498e-07, 5.08326706949e-07, 3.79723900323e-07, 2.60631423998e-07, 5.34396136231e-08, 2.61662219669e-10, 2.59944878123e-11, 2.71859913054e-11, 6.45536679666e-11, 3.93719466751e-11, 5.27645531434e-11, 1.91618543949e-11, 1.07232937807e-11, 1.05877051917e-11, 1.0491493091e-11, 1.04284011981e-11]
    },
    "mfcc": {
        "mean": [-673.183959961, 89.1625061035, 37.6382865906, -11.7284879684, 13.5873947144, -17.7635974884, -0.335854947567, -9.3611164093, -19.0449066162, 4.24950456619, -13.4335155487, -2.81102991104, 3.67909359932],
        "cov": [[6937.23632812, -56.0591545105, 63.8962860107, 231.507369995, 273.825531006, 191.535675049, 248.993789673, 309.272338867, 252.195373535, 372.506652832, 205.656097412, 92.564491272, 48.6998329163], [-56.0591545105, 1441.28491211, 181.566482544, 508.801971436, 439.548370361, 329.776306152, 448.153625488, 247.450180054, 194.487945557, 239.414581299, 153.224197388, 129.132797241, 65.1795120239], [63.8962860107, 181.566482544, 1389.44592285, 365.847106934, 391.929382324, 419.989349365, 228.205780029, 402.759979248, 271.180755615, 179.543441772, 189.500747681, 165.798477173, 148.121856689], [231.507369995, 508.801971436, 365.847106934, 889.814086914, 392.501525879, 405.897583008, 249.445159912, 354.747131348, 295.42199707, 113.435203552, 241.482543945, 164.236022949, 105.148124695], [273.825531006, 439.548370361, 391.929382324, 392.501525879, 630.080322266, 296.414916992, 316.557830811, 292.368988037, 231.098342896, 234.789016724, 164.445281982, 189.713348389, 143.581115723], [191.535675049, 329.776306152, 419.989349365, 405.897583008, 296.414916992, 677.561584473, 305.68560791, 267.24697876, 291.038146973, 142.537811279, 249.775405884, 161.211532593, 124.616355896], [248.993789673, 448.153625488, 228.205780029, 249.445159912, 316.557830811, 305.68560791, 523.803222656, 245.843307495, 192.346069336, 248.025894165, 149.145294189, 149.391906738, 121.368972778], [309.272338867, 247.450180054, 402.759979248, 354.747131348, 292.368988037, 267.24697876, 245.843307495, 446.199401855, 264.358215332, 165.139816284, 189.372543335, 139.481430054, 121.622154236], [252.195373535, 194.487945557, 271.180755615, 295.42199707, 231.098342896, 291.038146973, 192.346069336, 264.358215332, 371.75958252, 162.999221802, 172.862945557, 129.641098022, 102.865081787], [372.506652832, 239.414581299, 179.543441772, 113.435203552, 234.789016724, 142.537811279, 248.025894165, 165.139816284, 162.999221802, 367.815582275, 151.277877808, 115.425682068, 95.1070556641], [205.656097412, 153.224197388, 189.500747681, 241.482543945, 164.445281982, 249.775405884, 149.145294189, 189.372543335, 172.862945557, 151.277877808, 343.706970215, 187.853012085, 102.976463318], [92.564491272, 129.132797241, 165.798477173, 164.236022949, 189.713348389, 161.211532593, 149.391906738, 139.481430054, 129.641098022, 115.425682068, 187.853012085, 290.466400146, 166.57875061], [48.6998329163, 65.1795120239, 148.121856689, 105.148124695, 143.581115723, 124.616355896, 121.368972778, 121.622154236, 102.865081787, 95.1070556641, 102.976463318, 166.57875061, 221.788650513]],
        "icov": [[0.000159616480232, 6.42232189421e-05, 4.50135594292e-05, -2.50031971518e-05, -2.87565599137e-05, -1.32175664476e-05, -9.25047334022e-06, -9.22353428905e-05, -6.31456578049e-06, -0.000164584824233, -7.98807195679e-06, 1.37362030728e-05, 7.64510186855e-05], [6.42232189421e-05, 0.00117077294271, 0.000129781066789, -0.000487116805743, -0.000353919574991, -6.76228955854e-05, -0.000691524182912, 7.88174074842e-05, 0.000180415998329, -0.00027680999483, 0.000109508175228, -1.42790713653e-05, 0.000383313425118], [4.50135594292e-05, 0.000129781066789, 0.00111849792302, 2.66462611762e-05, -0.000340581900673, -0.000506300188135, 0.000263343477855, -0.000825635157526, 0.000142877659528, -0.000200946640689, 0.000212796061533, -7.16390932212e-05, -1.91349754459e-05], [-2.50031971518e-05, -0.000487116805743, 2.66462611762e-05, 0.00237769796513, -0.000688803906087, -0.000442760676378, 0.00029081874527, -0.000848927302286, -0.000543214206118, 0.00083653407637, -0.000626077177003, 4.45991499873e-05, 0.000155085363076], [-2.87565599137e-05, -0.000353919574991, -0.000340581900673, -0.000688803906087, 0.00352022307925, -0.000134667294333, -0.000438850634964, -0.00049353344366, -3.18359670928e-05, -0.000978316762485, 0.00077161815716, -0.000986165367067, -0.000211418562685], [-1.32175664476e-05, -6.76228955854e-05, -0.000506300188135, -0.000442760676378, -0.000134667294333, 0.00333677767776, -0.00126888335217, 0.000683300255332, -0.00141556898598, 0.000929294270463, -0.00143938674591, 0.000545952294488, -0.00038087068242], [-9.25047334022e-06, -0.000691524182912, 0.000263343477855, 0.00029081874527, -0.000438850634964, -0.00126888335217, 0.00449063070118, -0.00116602040362, 0.000406847073464, -0.00172211881727, 0.000745208293665, -0.000573076074943, -0.000295229867334], [-9.22353428905e-05, 7.88174074842e-05, -0.000825635157526, -0.000848927302286, -0.00049353344366, 0.000683300255332, -0.00116602040362, 0.00586855737492, -0.00212806044146, 0.000307864684146, -0.00111164292321, 0.000705564336386, -0.000852342462167], [-6.31456578049e-06, 0.000180415998329, 0.000142877659528, -0.000543214206118, -3.18359670928e-05, -0.00141556898598, 0.000406847073464, -0.00212806044146, 0.00608961191028, -0.00132506724913, 2.67018731392e-05, -0.000375989999156, -0.000115359223855], [-0.000164584824233, -0.00027680999483, -0.000200946640689, 0.00083653407637, -0.000978316762485, 0.000929294270463, -0.00172211881727, 0.000307864684146, -0.00132506724913, 0.00548246875405, -0.00176797248423, 0.000588879920542, -0.00061797699891], [-7.98807195679e-06, 0.000109508175228, 0.000212796061533, -0.000626077177003, 0.00077161815716, -0.00143938674591, 0.000745208293665, -0.00111164292321, 2.67018731392e-05, -0.00176797248423, 0.00650959694758, -0.00341870239936, 0.000926318054553], [1.37362030728e-05, -1.42790713653e-05, -7.16390932212e-05, 4.45991499873e-05, -0.000986165367067, 0.000545952294488, -0.000573076074943, 0.000705564336386, -0.000375989999156, 0.000588879920542, -0.00341870239936, 0.00855925958604, -0.00463319569826], [7.64510186855e-05, 0.000383313425118, -1.91349754459e-05, 0.000155085363076, -0.000211418562685, -0.00038087068242, -0.000295229867334, -0.000852342462167, -0.000115359223855, -0.00061797699891, 0.000926318054553, -0.00463319569826, 0.00866670720279]]
    },
    "spectral_contrast_coeffs": {
        "mean": [-0.635869562626, -0.629491567612, -0.694905817509, -0.772176861763, -0.78179782629, -0.815802156925],
        "stdev": [0.135106980801, 0.104533575475, 0.0883258059621, 0.0724571719766, 0.0546072870493, 0.0350292548537]
    },
    "spectral_contrast_valleys": {
        "mean": [-7.74489212036, -7.56008720398, -8.2255525589, -8.37684726715, -8.29516410828, -9.48862934113],
        "stdev": [1.80841386318, 1.09795582294, 1.05571496487, 1.01614522934, 0.988437473774, 1.0782033205]
    }
},
"rhythm": {
    "beats_count": 484,
    "beats_loudness": {
        "mean": 0.0553024783731,
        "stdev": 0.0561015605927
    },
    "bpm": 119.960273743,
    "bpm_histogram_first_peak_bpm": 120,
    "bpm_histogram_first_peak_weight": 0.112266123295,
    "bpm_histogram_second_peak_bpm": 112,
    "bpm_histogram_second_peak_spread": 0.5,
    "bpm_histogram_second_peak_weight": 0.00207039341331,
    "danceability": 1.45885431767,
    "onset_rate": 4.20431232452,
    "beats_loudness_band_ratio": {
        "mean": [0.397393345833, 0.176000803709, 0.206357106566, 0.117456324399, 0.0472011454403, 0.109899312258],
        "stdev": [0.381346225739, 0.186370134354, 0.196136474609, 0.131548464298, 0.0759047493339, 0.114297993481]
    },
    "beats_position": [0.568888902664, 1.09133780003, 1.60217678547, 2.10140585899, 2.60063481331, 3.09986400604, 3.59909296036, 4.09832191467, 4.59755086899, 5.0967798233, 5.59600877762, 6.09523820877, 6.59446716309, 7.0936961174, 7.59292507172, 8.09215450287, 8.59138298035, 9.10222244263, 9.6014509201, 10.1122903824, 10.6115188599, 11.110748291, 11.6099767685, 12.1092061996, 12.6084346771, 13.1076641083, 13.6068935394, 14.1061220169, 14.6053514481, 15.1045799255, 15.6038093567, 16.1030387878, 16.602268219, 17.1014957428, 17.600725174, 18.0999546051, 18.5991840363, 19.0984115601, 19.5976409912, 20.0968704224, 20.5960998535, 21.0953292847, 21.5945568085, 22.1053962708, 22.6046257019, 23.1154651642, 23.614692688, 24.1139221191, 24.6131515503, 25.1123809814, 25.6116104126, 26.1108379364, 26.6100673676, 27.1092967987, 27.6085262299, 28.1077537537, 28.6069831848, 29.106212616, 29.6054420471, 30.1046714783, 30.6038990021, 31.1031284332, 31.6023578644, 32.1015853882, 32.6008148193, 33.1000442505, 33.5992736816, 34.0985031128, 34.6093406677, 35.1085700989, 35.60779953, 36.1070289612, 36.6062583923, 37.1170959473, 37.6163253784, 38.1155548096, 38.6147842407, 39.1140136719, 39.613243103, 40.1124725342, 40.6116981506, 41.1109275818, 41.6101570129, 42.1093864441, 42.6086158752, 43.1078453064, 43.6070747375, 44.1063041687, 44.6055335999, 45.1047592163, 45.6039886475, 46.1032180786, 46.6024475098, 47.1016769409, 47.6009063721, 48.1001358032, 48.5993652344, 49.0985946655, 49.5978240967, 50.1086616516, 50.6194992065, 51.1187286377, 51.6179580688, 52.1171875, 52.6164169312, 53.1156463623, 53.6148757935, 54.1141014099, 54.6133308411, 55.1125602722, 55.6117897034, 56.1110191345, 56.6102485657, 57.0978660583, 57.5970954895, 58.0963249207, 58.6071662903, 59.1180038452, 59.6056213379, 60.104850769, 60.6040802002, 61.1149177551, 61.6141471863, 62.1133766174, 62.6126060486, 63.1118354797, 63.6110649109, 64.1102905273, 64.6095199585, 65.1087493896, 65.6079788208, 66.107208252, 66.6180496216, 67.1172790527, 67.6165084839, 68.115737915, 68.6149673462, 69.1141967773, 69.6134262085, 70.1126480103, 70.6118774414, 71.1111068726, 71.6103363037, 72.1095657349, 72.608795166, 73.1080245972, 73.6072540283, 74.1064834595, 74.6057128906, 75.1049423218, 75.6157836914, 76.1150131226, 76.6142425537, 77.1134643555, 77.6126937866, 78.1119232178, 78.6111526489, 79.1103820801, 79.6212234497, 80.1204528809, 80.619682312, 81.1189117432, 81.6181411743, 82.1173706055, 82.6166000366, 83.1158294678, 83.6150588989, 84.1142807007, 84.6135101318, 85.112739563, 85.6119689941, 86.1111984253, 86.6104278564, 87.1096572876, 87.6088867188, 88.1081161499, 88.6073455811, 89.1181869507, 89.6174163818, 90.116645813, 90.6158676147, 91.1150970459, 91.6143264771, 92.1135559082, 92.6243972778, 93.123626709, 93.6228561401, 94.1220855713, 94.6213150024, 95.1205444336, 95.6197738647, 96.1190032959, 96.6182327271, 97.1174621582, 97.61668396, 98.1159133911, 98.6151428223, 99.1259841919, 99.625213623, 100.124443054, 100.612060547, 101.111289978, 101.610519409, 102.10974884, 102.608978271, 103.108207703, 103.607437134, 104.106666565, 104.617500305, 105.116729736, 105.627571106, 106.126800537, 106.626029968, 107.125259399, 107.624488831, 108.123718262, 108.622947693, 109.122177124, 109.621406555, 110.120635986, 110.619865417, 111.119087219, 111.629928589, 112.12915802, 112.616775513, 113.116004944, 113.615234375, 114.114463806, 114.613693237, 115.124534607, 115.623764038, 116.122993469, 116.6222229, 117.121452332, 117.620681763, 118.119903564, 118.619132996, 119.129974365, 119.629203796, 120.128433228, 120.627662659, 121.12689209, 121.637733459, 122.136962891, 122.624580383, 123.123809814, 123.623039246, 124.122268677, 124.621498108, 125.12071991, 125.619949341, 126.119178772, 126.618408203, 127.117637634, 127.616867065, 128.116104126, 128.615325928, 129.126159668, 129.625396729, 130.12461853, 130.623855591, 131.123077393, 131.622314453, 132.121536255, 132.620773315, 133.119995117, 133.619232178, 134.118453979, 134.61769104, 135.116912842, 135.616149902, 136.115371704, 136.626205444, 137.125442505, 137.624664307, 138.123901367, 138.623123169, 139.122360229, 139.621582031, 140.120819092, 140.620040894, 141.119277954, 141.618499756, 142.117736816, 142.616958618, 143.127792358, 143.627029419, 144.126251221, 144.625488281, 145.124710083, 145.623947144, 146.123168945, 146.634017944, 147.133239746, 147.632461548, 148.131698608, 148.63092041, 149.130157471, 149.629379272, 150.128616333, 150.627838135, 151.127075195, 151.626296997, 152.125534058, 152.624755859, 153.12399292, 153.623214722, 154.122451782, 154.621673584, 155.120910645, 155.620132446, 156.119369507, 156.618591309, 157.11781311, 157.617050171, 158.116271973, 158.615509033, 159.114730835, 159.625579834, 160.124801636, 160.624038696, 161.123260498, 161.622497559, 162.12171936, 162.620956421, 163.120178223, 163.631011963, 164.130249023, 164.629470825, 165.128707886, 165.627929688, 166.11555481, 166.62638855, 167.12562561, 167.624847412, 168.135681152, 168.634918213, 169.134140015, 169.621765137, 170.121002197, 170.620223999, 171.119445801, 171.618682861, 172.129516602, 172.628753662, 173.127975464, 173.627212524, 174.126434326, 174.637283325, 175.136505127, 175.635726929, 176.134963989, 176.634185791, 177.133422852, 177.632644653, 178.131881714, 178.631103516, 179.130340576, 179.629562378, 180.128799438, 180.62802124, 181.127258301, 181.626480103, 182.125717163, 182.624938965, 183.124176025, 183.623397827, 184.134231567, 184.633468628, 185.13269043, 185.643539429, 186.14276123, 186.641998291, 187.141220093, 187.640457153, 188.139678955, 188.638900757, 189.138137817, 189.637359619, 190.13659668, 190.635818481, 191.135055542, 191.634277344, 192.133514404, 192.632736206, 193.131973267, 193.631195068, 194.130432129, 194.629653931, 195.128890991, 195.628112793, 196.127349854, 196.626571655, 197.125808716, 197.625030518, 198.124252319, 198.62348938, 199.122711182, 199.621948242, 200.121170044, 200.632019043, 201.131240845, 201.630477905, 202.129699707, 202.640533447, 203.139770508, 203.63899231, 204.13822937, 204.637451172, 205.136688232, 205.635910034, 206.135147095, 206.634368896, 207.133605957, 207.632827759, 208.132064819, 208.631286621, 209.130523682, 209.629745483, 210.128982544, 210.628204346, 211.127426147, 211.626663208, 212.137496948, 212.636734009, 213.135955811, 213.635192871, 214.134414673, 214.633651733, 215.132873535, 215.632110596, 216.131332397, 216.630569458, 217.12979126, 217.62902832, 218.128250122, 218.639083862, 219.138320923, 219.637542725, 220.136779785, 220.636001587, 221.135238647, 221.634460449, 222.13369751, 222.632919312, 223.132156372, 223.631378174, 224.142211914, 224.641448975, 225.140670776, 225.639907837, 226.139129639, 226.638366699, 227.137588501, 227.636825562, 228.136047363, 228.635284424, 229.134506226, 229.645339966, 230.144577026, 230.643798828, 231.143035889, 231.64225769, 232.141494751, 232.640716553, 233.139953613, 233.639175415, 234.138412476, 234.637634277, 235.136871338, 235.63609314, 236.14692688, 236.64616394, 237.145385742, 237.644622803, 238.143844604, 238.643081665, 239.142303467, 239.653152466, 240.152374268, 240.663208008, 241.174057007, 241.684890747, 242.218948364],
    "bpm_histogram": [0, 0, 0, 0, 0, 0, 0, 0, 0, 0, 0, 0, 0, 0, 0, 0, 0, 0, 0, 0, 0, 0, 0, 0, 0, 0, 0, 0, 0, 0, 0, 0, 0, 0, 0, 0, 0, 0, 0, 0, 0, 0, 0, 0, 0, 0, 0, 0, 0, 0, 0, 0, 0, 0, 0, 0, 0, 0, 0, 0, 0, 0, 0, 0, 0, 0, 0, 0, 0, 0, 0, 0, 0, 0, 0, 0, 0, 0, 0, 0, 0, 0, 0, 0, 0, 0, 0, 0, 0, 0, 0, 0, 0, 0, 0, 0, 0, 0, 0, 0, 0, 0, 0, 0, 0, 0, 0, 0, 0, 0, 0, 0, 0.00207039341331, 0, 0, 0.00207039341331, 0, 0.0973084867001, 0, 0, 0.884057998657, 0, 0, 0.0144927538931, 0, 0, 0, 0, 0, 0, 0, 0, 0, 0, 0, 0, 0, 0, 0, 0, 0, 0, 0, 0, 0, 0, 0, 0, 0, 0, 0, 0, 0, 0, 0, 0, 0, 0, 0, 0, 0, 0, 0, 0, 0, 0, 0, 0, 0, 0, 0, 0, 0, 0, 0, 0, 0, 0, 0, 0, 0, 0, 0, 0, 0, 0, 0, 0, 0, 0, 0, 0, 0, 0, 0, 0, 0, 0, 0, 0, 0, 0, 0, 0, 0, 0, 0, 0, 0, 0, 0, 0, 0, 0, 0, 0, 0, 0, 0, 0, 0, 0, 0, 0, 0, 0, 0, 0, 0, 0, 0, 0, 0, 0, 0, 0, 0, 0, 0, 0, 0, 0, 0, 0, 0, 0, 0, 0, 0, 0]
},
"tonal": {
    "chords_changes_rate": 0.108795411885,
    "chords_number_rate": 0.00191204587463,
    "chords_strength": {
        "mean": 0.476973116398,
        "stdev": 0.0925770699978
    },
    "hpcp_crest": {
        "mean": 16.348531723,
        "stdev": 7.81358480453
    },
    "hpcp_entropy": {
        "mean": 1.63749885559,
        "stdev": 0.737304508686
    },
    "key_edma": {
        "strength": 0.695865809917,
        "key": "G",
        "scale": "major"
    },
    "key_krumhansl": {
        "strength": 0.701366186142,
        "key": "G",
        "scale": "major"
    },
    "key_temperley": {
        "strength": 0.70834082365,
        "key": "G",
        "scale": "major"
    },
    "tuning_diatonic_strength": 0.760518908501,
    "tuning_equal_tempered_deviation": 0.197078704834,
    "tuning_frequency": 434.193115234,
    "tuning_nontempered_energy_ratio": 0.916647970676,
    "hpcp": {
        "mean": [0.196188166738, 0.193987205625, 0.100674599409, 0.0565925724804, 0.0534342266619, 0.0760250985622, 0.132463514805, 0.157087355852, 0.104338295758, 0.124019600451, 0.13833026588, 0.0709382295609, 0.0466579645872, 0.0592112541199, 0.0854613780975, 0.123035125434, 0.127622634172, 0.074699640274, 0.0490511879325, 0.0475242324173, 0.0444960482419, 0.094597928226, 0.100369207561, 0.0443355888128, 0.0251140650362, 0.0325074829161, 0.0630273595452, 0.124798066914, 0.143489211798, 0.136181473732, 0.211691841483, 0.226168811321, 0.130709767342, 0.0805491954088, 0.0874626785517, 0.11832293123],
        "stdev": [0.309688568115, 0.314354896545, 0.210922986269, 0.168665990233, 0.167441040277, 0.200525820255, 0.24727897346, 0.285739153624, 0.23326267302, 0.245156168938, 0.294778764248, 0.174615412951, 0.148507520556, 0.171807423234, 0.211150497198, 0.237456142902, 0.25884732604, 0.19391952455, 0.14772221446, 0.149640798569, 0.134021103382, 0.202694371343, 0.210069015622, 0.121549211442, 0.0979752019048, 0.111104272306, 0.170794606209, 0.249531283975, 0.267227768898, 0.242317408323, 0.302885472775, 0.330309778452, 0.255867630243, 0.191362112761, 0.205588579178, 0.242357850075]
    },
    "chords_histogram": [30.191204071, 5.43021011353, 20.8604202271, 5.90822172165, 0.286806881428, 0, 1.43403446674, 0.803059279919, 0.956022918224, 0, 0.803059279919, 0, 0.13384321332, 0.516252398491, 0, 1.49139583111, 0.076481834054, 1.37667298317, 0, 0.0573613755405, 0.764818370342, 6.88336515427, 11.7017211914, 10.325047493],
    "thpcp": [1, 0.577930092812, 0.356146335602, 0.38671413064, 0.523162007332, 0.867441296577, 0.857709825039, 0.445130348206, 0.250222712755, 0.236258164048, 0.336143165827, 0.585684239864, 0.694557964802, 0.46132928133, 0.548349678516, 0.611623942852, 0.313651680946, 0.206297069788, 0.261801153421, 0.377865433693, 0.543996870518, 0.564280450344, 0.330282688141, 0.216878652573, 0.210127264261, 0.196738213301, 0.418262481689, 0.443780064583, 0.196028754115, 0.111041240394, 0.143731057644, 0.27867397666, 0.551791667938, 0.634434103966, 0.602123141289, 0.935990452766],
    "chords_key": "G",
    "chords_scale": "major"
}
}