{
"metadata": {
    "version": {
        "essentia": "2.1-dev",
        "essentia_git_sha": "v2.1_beta3-415-gd5473f3",
        "extractor": "music 2.0"
    },
    "audio_properties": {
        "analysis": {
            "equal_loudness": 0,
            "length": 309.237548828,
            "sample_rate": 44100,
            "start_time": 0,
            "downmix": "mix"
        },
        "bit_rate": 192000,
        "length": 309.237548828,
        "lossless": 0,
        "number_channels": 2,
        "replay_gain": -7.22754669189,
        "sample_rate": 44100,
        "codec": "mp3",
        "md5_encoded": "67b753333a97b884e5a9b1f33d4b53aa"
    },
    "tags": {
        "file_name": "mariah_carey-boy_feat_camron.mp3",
        "album": ["Charmbracelet                 "],
        "artist": ["mariah carey                  "],
        "date": ["2002"],
        "genre": ["Pop"],
        "title": ["boy (i need you) feat camron  "]
    }
},
"lowlevel": {
    "average_loudness": 0.895397186279,
    "barkbands_crest": {
        "mean": 12.7589015961,
        "stdev": 4.73659801483
    },
    "barkbands_flatness_db": {
        "mean": 0.196594431996,
        "stdev": 0.0608445852995
    },
    "barkbands_kurtosis": {
        "mean": 11.3488988876,
        "stdev": 18.2776165009
    },
    "barkbands_skewness": {
        "mean": 2.38010334969,
        "stdev": 1.84384286404
    },
    "barkbands_spread": {
        "mean": 21.0365104675,
        "stdev": 16.9904785156
    },
    "dissonance": {
        "mean": 0.420088559389,
        "stdev": 0.0516725666821
    },
    "dynamic_complexity": 3.83462429047,
    "erbbands_crest": {
        "mean": 12.47635746,
        "stdev": 5.29660415649
    },
    "erbbands_flatness_db": {
        "mean": 0.180722922087,
        "stdev": 0.0534602515399
    },
    "erbbands_kurtosis": {
        "mean": 3.45456504822,
        "stdev": 6.0099811554
    },
    "erbbands_skewness": {
        "mean": 1.24612283707,
        "stdev": 1.17788231373
    },
    "erbbands_spread": {
        "mean": 43.6612319946,
        "stdev": 28.1228599548
    },
    "hfc": {
        "mean": 19.6579818726,
        "stdev": 20.240436554
    },
    "loudness_ebu128": {
        "integrated": -16.3555831909,
        "loudness_range": 4.42633628845,
        "momentary": {
            "mean": -17.6834583282,
            "stdev": 4.81423187256
        },
        "short_term": {
            "mean": -17.0621623993,
            "stdev": 3.21665596962
        }
    },
    "melbands_crest": {
        "mean": 19.1592922211,
        "stdev": 6.84495401382
    },
    "melbands_flatness_db": {
        "mean": 0.252125859261,
        "stdev": 0.0776569321752
    },
    "melbands_kurtosis": {
        "mean": 33.1401329041,
        "stdev": 51.150352478
    },
    "melbands_skewness": {
        "mean": 3.6789047718,
        "stdev": 2.73882913589
    },
    "melbands_spread": {
        "mean": 19.6695384979,
        "stdev": 24.3986968994
    },
    "pitch_salience": {
        "mean": 0.470656812191,
        "stdev": 0.140398696065
    },
    "silence_rate_20dB": {
        "mean": 0.999924898148,
        "stdev": 0.00866429787129
    },
    "silence_rate_30dB": {
        "mean": 0.909602820873,
        "stdev": 0.286761105061
    },
    "silence_rate_60dB": {
        "mean": 0.100833393633,
        "stdev": 0.301114678383
    },
    "spectral_centroid": {
        "mean": 1038.22912598,
        "stdev": 784.023193359
    },
    "spectral_complexity": {
        "mean": 10.1162252426,
        "stdev": 6.69161367416
    },
    "spectral_decrease": {
        "mean": -9.40346378542e-09,
        "stdev": 1.47975853793e-08
    },
    "spectral_energy": {
        "mean": 0.0372739546001,
        "stdev": 0.0566978082061
    },
    "spectral_energyband_high": {
        "mean": 0.00105159264058,
        "stdev": 0.00168390467297
    },
    "spectral_energyband_low": {
        "mean": 0.0206430591643,
        "stdev": 0.0511796884239
    },
    "spectral_energyband_middle_high": {
        "mean": 0.00335826771334,
        "stdev": 0.00574418855831
    },
    "spectral_energyband_middle_low": {
        "mean": 0.013167174533,
        "stdev": 0.0156633313745
    },
    "spectral_entropy": {
        "mean": 7.35663795471,
        "stdev": 0.602352321148
    },
    "spectral_flux": {
        "mean": 0.107988484204,
        "stdev": 0.104371413589
    },
    "spectral_kurtosis": {
        "mean": 3.16806912422,
        "stdev": 3.70046949387
    },
    "spectral_rms": {
        "mean": 0.00503449141979,
        "stdev": 0.00331943738274
    },
    "spectral_rolloff": {
        "mean": 1524.18310547,
        "stdev": 2366.12011719
    },
    "spectral_skewness": {
        "mean": 1.61844348907,
        "stdev": 0.663678646088
    },
    "spectral_spread": {
        "mean": 7555186.5,
        "stdev": 2613631
    },
    "spectral_strongpeak": {
        "mean": 0.896716058254,
        "stdev": 0.983420729637
    },
    "zerocrossingrate": {
        "mean": 0.0718136355281,
        "stdev": 0.0563967861235
    },
    "barkbands": {
        "mean": [0.00204252428375, 0.0127145405859, 0.00498546427116, 0.0017986507155, 0.00341698224656, 0.0028111205902, 0.00258799525909, 0.00166421383619, 0.00081019877689, 0.000582712877076, 0.000779578753281, 0.000817958498374, 0.000229394208873, 0.000267895869911, 0.000309905590257, 0.000161123636644, 7.92520077084e-05, 5.29312965227e-05, 7.54572683945e-05, 9.1924041044e-05, 9.1762500233e-05, 9.05469860299e-05, 0.000124042519019, 0.000332157389494, 0.000272332399618, 8.29157143016e-05, 1.63344083148e-07],
        "stdev": [0.00343295768835, 0.0325336717069, 0.0213940665126, 0.00734395114705, 0.00653116498142, 0.00562046701089, 0.00514496676624, 0.00456860242411, 0.00227423221804, 0.00110786524601, 0.00199343124405, 0.00324818631634, 0.00110232154839, 0.000715893227607, 0.000710000225808, 0.000445639336249, 0.000278710416751, 0.000155394664034, 0.000184887059731, 0.000227931028348, 0.000176571600605, 0.000219011606532, 0.000318043166772, 0.000692094443366, 0.000652928079944, 0.000169540915522, 7.01705971551e-07]
    },
    "erbbands": {
        "mean": [0.445998936892, 2.50254034996, 5.99750041962, 6.3248295784, 5.33249807358, 13.0051202774, 23.9958267212, 22.0532417297, 29.5060501099, 43.6265907288, 34.3424301147, 17.0162582397, 17.113910675, 20.1729316711, 35.7511978149, 29.8855762482, 10.8777942657, 14.938451767, 10.5954675674, 19.5049552917, 7.93445682526, 4.66201782227, 2.96632099152, 3.07538461685, 4.24213314056, 4.17532634735, 4.10530138016, 3.54856538773, 3.42647981644, 3.15700531006, 3.60968828201, 4.96295309067, 6.53193616867, 4.08434009552, 1.3815305233, 0.563813149929, 0.103410430253, 0.00650143809617, 0.000178601272637, 5.5241449445e-05],
        "stdev": [0.731633603573, 8.46170425415, 24.1248245239, 26.5409984589, 16.6446857452, 28.2669067383, 47.6014823914, 48.6989250183, 65.3882751465, 92.3222503662, 92.4005432129, 45.4259338379, 32.9602432251, 38.5608520508, 86.7895965576, 124.071998596, 38.2194252014, 45.5515289307, 28.1475925446, 40.5985908508, 22.1716575623, 15.1471824646, 8.92570304871, 7.66550397873, 9.92057514191, 11.0644845963, 8.23381137848, 7.50264787674, 8.41681289673, 7.5052280426, 9.32457733154, 11.5362014771, 13.6118984222, 9.65343952179, 3.77896356583, 1.15830516815, 0.212138682604, 0.0141845829785, 0.000323127838783, 6.96869756212e-05]
    },
    "gfcc": {
        "mean": [-40.6768760681, 61.0616188049, -96.3790817261, 4.14652729034, -87.3305587769, 19.7220191956, -54.6013336182, 17.9291934967, -26.3888492584, 10.5679988861, -10.9683685303, 1.35392153263, 3.80175089836],
        "cov": [[8925.06054688, 797.952026367, 746.068054199, 954.290344238, 661.323242188, 669.674133301, 406.818878174, 298.095703125, 254.732208252, 370.401824951, -15.8220243454, 134.834503174, -144.704315186], [797.952026367, 2053.21240234, 728.230529785, 398.341339111, 632.346801758, 227.077545166, 364.513031006, 98.4035110474, 272.08770752, -6.87983179092, 27.5114955902, -163.122314453, 56.758605957], [746.068054199, 728.230529785, 1437.09765625, 707.315368652, 383.06048584, 287.90927124, 234.409713745, 221.309356689, 211.692703247, -18.3087348938, -68.9933319092, -17.054567337, 14.1271343231], [954.290344238, 398.341339111, 707.315368652, 1054.57263184, 488.124420166, 220.634368896, 370.782287598, 120.378845215, 213.970581055, 14.4901351929, -117.567016602, 53.2401504517, -35.3657150269], [661.323242188, 632.346801758, 383.06048584, 488.124420166, 730.723327637, 376.453308105, 362.132385254, 183.551269531, 219.279647827, 146.297637939, -35.7573738098, 5.37643909454, 1.5181119442], [669.674133301, 227.077545166, 287.90927124, 220.634368896, 376.453308105, 530.748046875, 318.031982422, 198.525619507, 180.020217896, 169.026657104, 57.7237281799, 24.2189884186, 15.0421009064], [406.818878174, 364.513031006, 234.409713745, 370.782287598, 362.132385254, 318.031982422, 545.069030762, 175.380065918, 209.262710571, 154.797821045, -32.2352752686, 57.9589653015, -32.2574424744], [298.095703125, 98.4035110474, 221.309356689, 120.378845215, 183.551269531, 198.525619507, 175.380065918, 372.86340332, 218.283203125, 97.920463562, 87.4289703369, 25.8613185883, 63.736000061], [254.732208252, 272.08770752, 211.692703247, 213.970581055, 219.279647827, 180.020217896, 209.262710571, 218.283203125, 350.277069092, 161.467773438, 39.3430519104, 58.38879776, 39.6345252991], [370.401824951, -6.87983179092, -18.3087348938, 14.4901351929, 146.297637939, 169.026657104, 154.797821045, 97.920463562, 161.467773438, 302.968994141, 109.015151978, 71.1578292847, 21.82995224], [-15.8220243454, 27.5114955902, -68.9933319092, -117.567016602, -35.7573738098, 57.7237281799, -32.2352752686, 87.4289703369, 39.3430519104, 109.015151978, 279.758117676, 46.9951858521, 73.1659240723], [134.834503174, -163.122314453, -17.054567337, 53.2401504517, 5.37643909454, 24.2189884186, 57.9589653015, 25.8613185883, 58.38879776, 71.1578292847, 46.9951858521, 205.361862183, 41.2463722229], [-144.704315186, 56.758605957, 14.1271343231, -35.3657150269, 1.5181119442, 15.0421009064, -32.2574424744, 63.736000061, 39.6345252991, 21.82995224, 73.1659240723, 41.2463722229, 209.795181274]],
        "icov": [[0.000173290114617, -0.000224753166549, 0.000110903740278, -0.000294920173474, 0.000251237215707, -0.000329242582666, 0.000364417443052, -0.000365688814782, 0.000386416359106, -0.000465093209641, 0.000305993278744, -0.000297984021017, 0.000239326342125], [-0.000224753166549, 0.00175197131466, -0.000866288202815, 0.00113295367919, -0.00182464858517, 0.00131849618629, -0.00173241540324, 0.00198096758686, -0.00199761148542, 0.00195389124565, -0.00179667398334, 0.00178396643605, -0.000879273284227], [0.000110903740278, -0.000866288202815, 0.00163663283456, -0.00134425179567, 0.000979706877843, -0.00114762596786, 0.00119847082533, -0.00138391996734, 0.000805386574939, -0.000664299179334, 0.0010263704462, -0.000632204290014, 0.000337271922035], [-0.000294920173474, 0.00113295367919, -0.00134425179567, 0.00313646835275, -0.00221188669093, 0.00154360907618, -0.00215051672421, 0.00190787925385, -0.00202733674087, 0.00223794300109, -0.00114972796291, 0.000566995411646, -0.000455999339465], [0.000251237215707, -0.00182464858517, 0.000979706877843, -0.00221188669093, 0.00506434310228, -0.00274981884286, 0.00144381157588, -0.00229474552907, 0.00193195499014, -0.00277387560345, 0.0024492747616, -0.00115637574345, 0.000604565371759], [-0.000329242582666, 0.00131849618629, -0.00114762596786, 0.00154360907618, -0.00274981884286, 0.00537175452337, -0.00293223978952, 0.00103356933687, -0.00134187506046, 0.000952622212935, -0.00214943033643, 0.00160547101405, -0.000788060599007], [0.000364417443052, -0.00173241540324, 0.00119847082533, -0.00215051672421, 0.00144381157588, -0.00293223978952, 0.00608458183706, -0.00287308776751, 0.00172314862721, -0.00305426027626, 0.0028707056772, -0.00244722724892, 0.00175725517329], [-0.000365688814782, 0.00198096758686, -0.00138391996734, 0.00190787925385, -0.00229474552907, 0.00103356933687, -0.00287308776751, 0.00766848633066, -0.00512851029634, 0.00339691736735, -0.00352107756771, 0.0024437373504, -0.00183936883695], [0.000386416359106, -0.00199761148542, 0.000805386574939, -0.00202733674087, 0.00193195499014, -0.00134187506046, 0.00172314862721, -0.00512851029634, 0.00884138699621, -0.00495749199763, 0.00283141271211, -0.00256088166498, 0.000677757896483], [-0.000465093209641, 0.00195389124565, -0.000664299179334, 0.00223794300109, -0.00277387560345, 0.000952622212935, -0.00305426027626, 0.00339691736735, -0.00495749199763, 0.00900517962873, -0.004202126991, 0.0010101289954, -0.000710804772098], [0.000305993278744, -0.00179667398334, 0.0010263704462, -0.00114972796291, 0.0024492747616, -0.00214943033643, 0.0028707056772, -0.00352107756771, 0.00283141271211, -0.004202126991, 0.00740684103221, -0.0024422404822, -0.000118948977615], [-0.000297984021017, 0.00178396643605, -0.000632204290014, 0.000566995411646, -0.00115637574345, 0.00160547101405, -0.00244722724892, 0.0024437373504, -0.00256088166498, 0.0010101289954, -0.0024422404822, 0.00786347314715, -0.00209100963548], [0.000239326342125, -0.000879273284227, 0.000337271922035, -0.000455999339465, 0.000604565371759, -0.000788060599007, 0.00175725517329, -0.00183936883695, 0.000677757896483, -0.000710804772098, -0.000118948977615, -0.00209100963548, 0.00634955056012]]
    },
    "melbands": {
        "mean": [0.00377631094307, 0.00328560359776, 0.00106456689537, 0.000586436130106, 0.000826912699267, 0.00050998624647, 0.000467776932055, 0.000461407908006, 0.000260173866991, 9.82345518423e-05, 8.87394635356e-05, 8.19984416012e-05, 0.000120221775433, 0.000101182777144, 4.01275028707e-05, 2.55010727415e-05, 2.71477365459e-05, 1.62941687449e-05, 2.28553089983e-05, 1.96586297534e-05, 7.53838230594e-06, 4.85802092953e-06, 3.41690338246e-06, 2.38024745158e-06, 2.39806126956e-06, 3.13781742989e-06, 2.72921465694e-06, 2.87391185338e-06, 2.83881672658e-06, 2.08125356949e-06, 1.99055966732e-06, 2.00833119379e-06, 1.62840319717e-06, 1.83541408205e-06, 1.94223775907e-06, 2.42787473326e-06, 3.26604867951e-06, 4.51561709269e-06, 4.61565832666e-06, 3.09516121888e-06],
        "stdev": [0.00759230880067, 0.0120921181515, 0.00431026145816, 0.00129360263236, 0.00154560862575, 0.00105080194771, 0.000949270674028, 0.000988499377854, 0.000734791450668, 0.000286228110781, 0.000173640757566, 0.000156272479217, 0.000297387479804, 0.000389854045352, 0.00016335384862, 0.000133656882099, 8.00812558737e-05, 5.00185051351e-05, 5.59251639061e-05, 4.37037706433e-05, 2.50123139267e-05, 1.6924313968e-05, 1.24518155644e-05, 7.23010816728e-06, 6.34015123069e-06, 8.65943093231e-06, 5.81743734074e-06, 8.88845352165e-06, 6.38530036667e-06, 4.31157741332e-06, 4.64162167191e-06, 5.08380344399e-06, 4.06506433137e-06, 4.70357917948e-06, 5.04802119394e-06, 7.19893841961e-06, 7.45978240957e-06, 9.34858871915e-06, 1.15019020086e-05, 7.99874942459e-06]
    },
    "melbands128": {
        "mean": [0.00175133103039, 0.00397367589176, 0.00420380057767, 0.00420933449641, 0.00347190047614, 0.0022227729205, 0.00136167963501, 0.00073026883183, 0.000466321274871, 0.000422712008003, 0.000715072732419, 0.000915432116017, 0.000888833485078, 0.000717809889466, 0.000472565501695, 0.000411653600167, 0.000476711866213, 0.00042251587729, 0.000510485901032, 0.000545922259334, 0.000391377834603, 0.000345434003975, 0.000244596012635, 0.000195459928364, 8.22613292257e-05, 8.45348622533e-05, 7.37280279282e-05, 6.03908811172e-05, 0.000150242995005, 7.02219622326e-05, 5.01930662722e-05, 0.000110556909931, 0.000151240979903, 9.34043855523e-05, 0.000124945203424, 9.75328875938e-05, 8.28343036119e-05, 3.86502761103e-05, 1.62334654306e-05, 1.31518618218e-05, 2.6402880394e-05, 4.4427895773e-05, 2.9120605177e-05, 1.53621858772e-05, 2.25540607062e-05, 1.43300376294e-05, 1.24474718177e-05, 1.59558931045e-05, 2.77120179817e-05, 4.50422921858e-05, 8.79151502886e-06, 9.56697294896e-06, 1.01535360955e-05, 5.6269614106e-06, 4.33037439507e-06, 5.5974105635e-06, 4.117440767e-06, 4.37872040493e-06, 2.95630502478e-06, 1.96691098608e-06, 2.27755276683e-06, 2.91513629236e-06, 2.07957236853e-06, 2.20386573346e-06, 2.92356480713e-06, 3.04031573251e-06, 3.35496952175e-06, 3.44012983078e-06, 2.28650401368e-06, 2.23763095164e-06, 2.86639783553e-06, 2.96374855679e-06, 3.68466703549e-06, 2.73619070867e-06, 1.97405188374e-06, 2.12053464566e-06, 2.1249566089e-06, 2.11081533052e-06, 2.04358116207e-06, 1.79850769655e-06, 1.85441865597e-06, 2.47592902269e-06, 1.50548726197e-06, 1.55689724579e-06, 1.63919742135e-06, 1.66625682141e-06, 1.88708429505e-06, 2.23077267947e-06, 1.66620122855e-06, 1.97353642761e-06, 2.38431243815e-06, 2.41122575062e-06, 2.77462095255e-06, 2.9924356113e-06, 3.8272241909e-06, 4.1773596422e-06, 4.60057390228e-06, 5.02206285091e-06, 5.10918607688e-06, 4.13350153394e-06, 3.65669984603e-06, 3.02684975395e-06, 2.26486577048e-06, 1.91246863324e-06, 1.4158298427e-06, 1.19462299608e-06, 9.48159026848e-07, 9.55806854108e-07, 1.05341734979e-06, 1.03637717075e-06, 7.47821218283e-07, 4.10536443951e-07, 1.75178058726e-07, 1.44254457268e-07, 9.39046671533e-08, 6.36301678014e-08, 9.0950100784e-09, 2.92555528414e-11, 5.69763984257e-12, 5.98531380708e-12, 6.10646906304e-12, 5.75760272792e-12, 7.2596741986e-12, 8.19705414656e-12, 4.95899762226e-12, 4.84920350402e-12, 4.80886120854e-12, 4.7734372878e-12],
        "stdev": [0.00288301496767, 0.00595710286871, 0.0107817547396, 0.0160795859993, 0.0140388384461, 0.00978150125593, 0.00591769535094, 0.00296912668273, 0.00163512071595, 0.00121598574333, 0.00211098510772, 0.00220408989117, 0.00205523497425, 0.00202768528834, 0.00139628641773, 0.00122762192041, 0.00140487658791, 0.00121296895668, 0.00137237948366, 0.00146339682397, 0.00134114699904, 0.00123156269547, 0.00102408928797, 0.000745670055039, 0.000324129825458, 0.000443890807219, 0.000320072867908, 0.000155959511176, 0.000298722559819, 0.000201121656573, 0.000185338489246, 0.00033570965752, 0.000480143004097, 0.000319360784488, 0.000522528833244, 0.00048151172814, 0.000444869889179, 0.000167489604792, 6.01892461418e-05, 5.5063090258e-05, 0.000270280084806, 0.000218677130761, 0.000104330283648, 6.89000371494e-05, 9.00976738194e-05, 6.59560319036e-05, 6.08679110883e-05, 9.09645459615e-05, 6.59737925162e-05, 0.000108480264316, 4.2834875785e-05, 3.75863237423e-05, 5.27432493982e-05, 1.88032117876e-05, 2.19154499064e-05, 2.17248216359e-05, 1.60051513376e-05, 1.99651749426e-05, 1.06975348899e-05, 7.6959895523e-06, 8.56817496242e-06, 1.04933478724e-05, 7.21797050574e-06, 7.21050355423e-06, 1.00073812064e-05, 1.15998418551e-05, 9.5029017757e-06, 8.87078658707e-06, 5.51552420802e-06, 6.44750798529e-06, 1.20492841233e-05, 1.31039741973e-05, 1.10150285764e-05, 6.36688628219e-06, 4.365318091e-06, 5.08999391968e-06, 4.80390463053e-06, 4.52439144283e-06, 5.73598663323e-06, 5.32997728442e-06, 5.06035212311e-06, 7.01153658156e-06, 4.44467423222e-06, 4.28874409408e-06, 4.43268163508e-06, 4.58770136902e-06, 5.64147603654e-06, 5.99672102908e-06, 4.98468943988e-06, 5.7598008425e-06, 8.00875113782e-06, 8.16207466414e-06, 8.4409957708e-06, 7.38801236366e-06, 9.48031993175e-06, 9.7057354651e-06, 1.00849374576e-05, 1.23097343021e-05, 1.54200297402e-05, 1.13357446025e-05, 1.01886080301e-05, 9.25001586438e-06, 6.9519887802e-06, 8.05221407063e-06, 4.83673966301e-06, 3.86918145523e-06, 2.70792020274e-06, 2.67065524895e-06, 2.371786195e-06, 2.25844246415e-06, 1.67553707797e-06, 1.00835325156e-06, 4.37765237393e-07, 4.14746807564e-07, 2.36697431433e-07, 1.88436956705e-07, 3.1398762701e-08, 3.99334343371e-10, 1.0992966086e-11, 4.38784668322e-11, 6.08796832391e-11, 4.51423759484e-11, 1.28671615029e-10, 2.5284563332e-10, 1.03798879214e-11, 9.40817996425e-12, 9.32244993007e-12, 9.26807849216e-12]
    },
    "mfcc": {
        "mean": [-694.816833496, 101.110977173, 31.1901130676, -13.6825208664, -3.81080126762, -15.2856235504, -4.37339639664, -10.6402511597, 0.497209876776, 5.22524118423, -11.2064437866, -4.05835771561, 3.07058048248],
        "cov": [[7732.86083984, 319.585968018, 318.846191406, 677.971862793, 450.899993896, 717.476501465, 355.953857422, 344.515014648, 330.57989502, 229.853546143, 328.906524658, 295.497161865, 330.534912109], [319.585968018, 1840.60900879, 364.166809082, 236.788238525, 353.812957764, 260.12713623, 231.487091064, 132.336044312, 245.156692505, 245.382568359, 90.9415817261, 69.3163604736, 91.2347793579], [318.846191406, 364.166809082, 1136.95910645, 445.161071777, 310.998321533, 174.496154785, 116.681518555, 239.242004395, 187.864318848, 179.70085144, 42.4420204163, -30.5591201782, 30.8791923523], [677.971862793, 236.788238525, 445.161071777, 971.597290039, 254.400177002, 422.665039062, 110.464012146, 319.489715576, 272.524108887, 94.0431747437, 128.677032471, 4.30912542343, 51.5493125916], [450.899993896, 353.812957764, 310.998321533, 254.400177002, 531.026306152, 160.274932861, 179.204269409, 150.464736938, 176.896026611, 178.717468262, 49.4325218201, 70.9998626709, 68.8983154297], [717.476501465, 260.12713623, 174.496154785, 422.665039062, 160.274932861, 690.25402832, 217.444229126, 237.905410767, 261.728759766, 120.10736084, 215.080535889, 92.766456604, 103.170310974], [355.953857422, 231.487091064, 116.681518555, 110.464012146, 179.204269409, 217.444229126, 374.007446289, 144.124053955, 134.956359863, 158.708190918, 100.43838501, 73.3945083618, 60.1403045654], [344.515014648, 132.336044312, 239.242004395, 319.489715576, 150.464736938, 237.905410767, 144.124053955, 398.460754395, 249.671386719, 129.835784912, 138.196563721, 50.54529953, 67.5530090332], [330.57989502, 245.156692505, 187.864318848, 272.524108887, 176.896026611, 261.728759766, 134.956359863, 249.671386719, 420.627593994, 211.806533813, 131.458435059, 64.5049743652, 110.46446228], [229.853546143, 245.382568359, 179.70085144, 94.0431747437, 178.717468262, 120.10736084, 158.708190918, 129.835784912, 211.806533813, 349.851898193, 113.274703979, 52.4519996643, 94.0692214966], [328.906524658, 90.9415817261, 42.4420204163, 128.677032471, 49.4325218201, 215.080535889, 100.43838501, 138.196563721, 131.458435059, 113.274703979, 300.159210205, 148.106796265, 98.624710083], [295.497161865, 69.3163604736, -30.5591201782, 4.30912542343, 70.9998626709, 92.766456604, 73.3945083618, 50.54529953, 64.5049743652, 52.4519996643, 148.106796265, 249.632492065, 138.307662964], [330.534912109, 91.2347793579, 30.8791923523, 51.5493125916, 68.8983154297, 103.170310974, 60.1403045654, 67.5530090332, 110.46446228, 94.0692214966, 98.624710083, 138.307662964, 219.297866821]],
        "icov": [[0.000153817294631, 1.23009795061e-05, 5.05489015268e-06, -5.57095117983e-05, -6.67621279717e-05, -9.23309125938e-05, -3.81077916245e-05, 9.13339817998e-07, 4.88110381411e-05, 5.20243384017e-06, -1.32995483e-05, -4.72855062981e-05, -0.000141006879858], [1.23009795061e-05, 0.000677200034261, -0.000108946689579, 4.81077495351e-06, -0.000255688122706, -0.000116438714031, -0.000157201226102, 0.000202059978619, -0.000169751103385, -0.000162246986292, 3.42785970133e-05, -3.11463445541e-05, -1.07573569039e-05], [5.05489015268e-06, -0.000108946689579, 0.00128000462428, -0.00039762997767, -0.000421743839979, 9.11366514629e-05, 9.34200215852e-05, -0.000418638432166, 0.000206224271096, -0.00036881948472, 8.31481156638e-05, 0.000333509262418, -4.95009917358e-05], [-5.57095117983e-05, 4.81077495351e-06, -0.00039762997767, 0.00198984099552, -0.000469740363769, -0.000800187466666, 0.000430382613558, -0.000769634207245, -0.000328918686137, 0.000479151436593, -0.000176354005816, 0.000515460036695, 2.76677183138e-05], [-6.67621279717e-05, -0.000255688122706, -0.000421743839979, -0.000469740363769, 0.0031864461489, 0.000114330898214, -0.00072833802551, -5.25453142473e-05, -0.000235704734223, -0.000821542111225, 0.000933539879043, -0.00109163229354, 0.000277605722658], [-9.23309125938e-05, -0.000116438714031, 9.11366514629e-05, -0.000800187466666, 0.000114330898214, 0.0029590674676, -0.00107785011642, 6.97969080647e-05, -0.000884513137862, 0.000673730508424, -0.0012895463733, 0.000337462988682, -0.00026741597685], [-3.81077916245e-05, -0.000157201226102, 9.34200215852e-05, 0.000430382613558, -0.00072833802551, -0.00107785011642, 0.00435533979908, -0.000925265310798, 0.00051386852283, -0.00131418963429, 0.000173098829691, -0.000594012031797, 0.000436707690824], [9.13339817998e-07, 0.000202059978619, -0.000418638432166, -0.000769634207245, -5.25453142473e-05, 6.97969080647e-05, -0.000925265310798, 0.00518370000646, -0.00212292722426, 0.000378818862373, -0.00113710318692, 0.000217872220674, 7.58829773986e-05], [4.88110381411e-05, -0.000169751103385, 0.000206224271096, -0.000328918686137, -0.000235704734223, -0.000884513137862, 0.00051386852283, -0.00212292722426, 0.00555464532226, -0.00213376409374, 0.000227887270739, 0.000140697753523, -0.0010253735818], [5.20243384017e-06, -0.000162246986292, -0.00036881948472, 0.000479151436593, -0.000821542111225, 0.000673730508424, -0.00131418963429, 0.000378818862373, -0.00213376409374, 0.00562776718289, -0.00160959293135, 0.00129331159405, -0.00124721962493], [-1.32995483e-05, 3.42785970133e-05, 8.31481156638e-05, -0.000176354005816, 0.000933539879043, -0.0012895463733, 0.000173098829691, -0.00113710318692, 0.000227887270739, -0.00160959293135, 0.00675568077713, -0.00355538679287, 0.000431467691669], [-4.72855062981e-05, -3.11463445541e-05, 0.000333509262418, 0.000515460036695, -0.00109163229354, 0.000337462988682, -0.000594012031797, 0.000217872220674, 0.000140697753523, 0.00129331159405, -0.00355538679287, 0.0085639115423, -0.00423171371222], [-0.000141006879858, -1.07573569039e-05, -4.95009917358e-05, 2.76677183138e-05, 0.000277605722658, -0.00026741597685, 0.000436707690824, 7.58829773986e-05, -0.0010253735818, -0.00124721962493, 0.000431467691669, -0.00423171371222, 0.00819926708937]]
    },
    "spectral_contrast_coeffs": {
        "mean": [-0.625868856907, -0.687134981155, -0.700885653496, -0.762536048889, -0.801097631454, -0.80636715889],
        "stdev": [0.140067264438, 0.0969495177269, 0.0771558359265, 0.0646426305175, 0.0415086150169, 0.0404018647969]
    },
    "spectral_contrast_valleys": {
        "mean": [-8.06829929352, -7.26292657852, -8.1820640564, -8.63060092926, -8.53569984436, -9.93371391296],
        "stdev": [1.8683732748, 1.18289577961, 1.12829518318, 1.08648896217, 1.08370614052, 1.06084728241]
    }
},
"rhythm": {
    "beats_count": 437,
    "beats_loudness": {
        "mean": 0.0760940387845,
        "stdev": 0.0616542994976
    },
    "bpm": 84.9970397949,
    "bpm_histogram_first_peak_bpm": 85,
    "bpm_histogram_first_peak_weight": 0.0986238718033,
    "bpm_histogram_second_peak_bpm": 0,
    "bpm_histogram_second_peak_spread": 0,
    "bpm_histogram_second_peak_weight": 0,
    "danceability": 1.54437184334,
    "onset_rate": 4.55611085892,
    "beats_loudness_band_ratio": {
        "mean": [0.474777430296, 0.155872315168, 0.128873676062, 0.13027600944, 0.0544277951121, 0.0761873051524],
        "stdev": [0.383049994707, 0.18603220582, 0.14480048418, 0.157565757632, 0.0609450899065, 0.0956129655242]
    },
    "beats_position": [0.719818592072, 1.42802715302, 2.12462592125, 2.83283448219, 3.54104304314, 4.2492518425, 4.95746040344, 5.66566896439, 6.37387752533, 7.08208608627, 7.77868461609, 8.47528362274, 9.18349170685, 9.89170074463, 10.5999088287, 11.3081178665, 12.0163259506, 12.7245349884, 13.4327430725, 14.1409521103, 14.8375511169, 15.545759201, 16.2539672852, 16.9505672455, 17.6587753296, 18.3669834137, 19.0751914978, 19.7834014893, 20.4799995422, 21.1882076263, 21.8964176178, 22.6046257019, 23.312833786, 24.009431839, 24.7292518616, 25.4258499146, 26.1224479675, 26.830657959, 27.5388660431, 28.2470741272, 28.9552822113, 29.6518821716, 30.3717002869, 31.0682983398, 31.776506424, 32.4847145081, 33.1929244995, 33.901134491, 34.5977325439, 35.3059387207, 36.0141487122, 36.7107467651, 37.4305648804, 38.1271629333, 38.8353729248, 39.5435829163, 40.2634010315, 40.9599990845, 41.6682090759, 42.3764152527, 43.0730133057, 43.7812232971, 44.4894332886, 45.1860313416, 45.894241333, 46.6024475098, 47.322265625, 48.018863678, 48.7154655457, 49.4236717224, 50.1318817139, 50.8400878906, 51.5366897583, 52.2448959351, 52.9647140503, 53.661315918, 54.3811340332, 55.0777320862, 55.7859382629, 56.4941482544, 57.1907463074, 57.8989562988, 58.6071662903, 59.3037643433, 60.0235824585, 60.7201805115, 61.4399986267, 62.1365966797, 62.8448066711, 63.5530128479, 64.2612228394, 64.9694290161, 65.6660308838, 66.3742370605, 67.0824508667, 67.7906570435, 68.4988632202, 69.1954650879, 69.9152832031, 70.6118774414, 71.3084793091, 72.0166854858, 72.724899292, 73.4331054688, 74.1413116455, 74.8379135132, 75.5461196899, 76.2543258667, 76.9625396729, 77.6707458496, 78.3789520264, 79.0871658325, 79.7837600708, 80.4803619385, 81.2001800537, 81.8967819214, 82.6049880981, 83.3131942749, 84.0214080811, 84.7296142578, 85.4378204346, 86.1460266113, 86.842628479, 87.5508346558, 88.2590484619, 88.9672546387, 89.6754608154, 90.3720626831, 91.0802688599, 91.788482666, 92.5083007812, 93.2048950195, 93.9014968872, 94.609703064, 95.3179092407, 96.0261230469, 96.7343292236, 97.4309310913, 98.1507492065, 98.8473434448, 99.555557251, 100.263763428, 100.971969604, 101.680175781, 102.376777649, 103.073379517, 103.793197632, 104.48979187, 105.198005676, 105.906211853, 106.61441803, 107.322631836, 108.030838013, 108.739044189, 109.435646057, 110.143852234, 110.852058411, 111.560272217, 112.268478394, 112.965080261, 113.673286438, 114.381492615, 115.089706421, 115.797912598, 116.494506836, 117.202720642, 117.910926819, 118.607528687, 119.315734863, 120.02394104, 120.743759155, 121.440361023, 122.1485672, 122.856781006, 123.564987183, 124.273193359, 124.969795227, 125.666389465, 126.386207581, 127.082809448, 127.791015625, 128.499221802, 129.207427979, 129.915649414, 130.635467529, 131.332061768, 132.028656006, 132.736862183, 133.445083618, 134.153289795, 134.861495972, 135.569702148, 136.266296387, 136.974502563, 137.682723999, 138.390930176, 139.087524414, 139.795730591, 140.503936768, 141.212158203, 141.92036438, 142.616958618, 143.325164795, 144.033370972, 144.741577148, 145.449798584, 146.158004761, 146.866210938, 147.562805176, 148.259414673, 148.979232788, 149.675827026, 150.384033203, 151.09223938, 151.800445557, 152.508651733, 153.216873169, 153.925079346, 154.621673584, 155.329879761, 156.038085938, 156.746307373, 157.45451355, 158.174331665, 158.870925903, 159.567520142, 160.275741577, 160.983947754, 161.680541992, 162.388748169, 163.096954346, 163.793563843, 164.50177002, 165.209976196, 165.929794312, 166.62638855, 167.334594727, 168.042816162, 168.7394104, 169.459228516, 170.155822754, 170.852416992, 171.572235107, 172.268844604, 172.977050781, 173.685256958, 174.393463135, 175.101669312, 175.809890747, 176.518096924, 177.226303101, 177.922897339, 178.631103516, 179.327713013, 180.047531128, 180.744125366, 181.452331543, 182.16053772, 182.868743896, 183.576965332, 184.27355957, 184.981765747, 185.689971924, 186.386566162, 187.106384277, 187.814605713, 188.52281189, 189.219406128, 189.927612305, 190.635818481, 191.332427979, 192.052246094, 192.748840332, 193.457046509, 194.165252686, 194.873458862, 195.581680298, 196.301498413, 196.998092651, 197.69468689, 198.391296387, 199.099502563, 199.80770874, 200.515914917, 201.224121094, 201.920715332, 202.640533447, 203.337142944, 204.045349121, 204.753555298, 205.461761475, 206.169967651, 206.866577148, 207.574783325, 208.282989502, 208.991195679, 209.699401855, 210.396011353, 211.115829468, 211.812423706, 212.520629883, 213.217224121, 213.925445557, 214.633651733, 215.34185791, 216.038452148, 216.758270264, 217.454864502, 218.163085938, 218.871292114, 219.591110229, 220.287704468, 220.984298706, 221.692520142, 222.400726318, 223.108932495, 223.817138672, 224.51373291, 225.233551025, 225.930160522, 226.638366699, 227.346572876, 228.054779053, 228.762985229, 229.459594727, 230.167800903, 230.87600708, 231.572601318, 232.292419434, 232.989013672, 233.697235107, 234.405441284, 235.113647461, 235.821853638, 236.518447876, 237.238265991, 237.934875488, 238.631469727, 239.351287842, 240.04788208, 240.756088257, 241.464309692, 242.172515869, 242.880722046, 243.588928223, 244.297134399, 244.993743896, 245.690338135, 246.41015625, 247.106750488, 247.826568604, 248.523162842, 249.231384277, 249.939590454, 250.647796631, 251.356002808, 252.052597046, 252.749206543, 253.469024658, 254.165618896, 254.885437012, 255.58203125, 256.290252686, 256.998443604, 257.706665039, 258.414855957, 259.111480713, 259.831298828, 260.527893066, 261.224487305, 261.94430542, 262.640899658, 263.349121094, 264.057312012, 264.765533447, 265.473724365, 266.181945801, 266.878540039, 267.586761475, 268.294952393, 269.003173828, 269.699768066, 270.419586182, 271.11618042, 271.824401855, 272.532592773, 273.229187012, 273.937408447, 274.645629883, 275.342224121, 276.062042236, 276.770233154, 277.47845459, 278.175048828, 278.894866943, 279.591461182, 280.299682617, 280.996276855, 281.704498291, 282.412689209, 283.120910645, 283.817504883, 284.525695801, 285.233917236, 285.942138672, 286.65032959, 287.358551025, 288.066741943, 288.763336182, 289.471557617, 290.179779053, 290.887969971, 291.596191406, 292.304382324, 293.01260376, 293.709197998, 294.417419434, 295.125610352, 295.833831787, 296.542022705, 297.238647461, 297.946838379, 298.655059814, 299.351654053, 300.059844971, 300.768066406, 301.476287842, 302.18447876, 302.881072998, 303.589294434, 304.297485352, 305.005706787, 305.713928223, 306.410522461, 307.118713379, 307.826934814, 308.523529053],
    "bpm_histogram": [0, 0, 0, 0, 0, 0, 0, 0, 0, 0, 0, 0, 0, 0, 0, 0, 0, 0, 0, 0, 0, 0, 0, 0, 0, 0, 0, 0, 0, 0, 0, 0, 0, 0, 0, 0, 0, 0, 0, 0, 0, 0, 0, 0, 0, 0, 0, 0, 0, 0, 0, 0, 0, 0, 0, 0, 0, 0, 0, 0, 0, 0, 0, 0, 0, 0, 0, 0, 0, 0, 0, 0, 0, 0, 0, 0, 0, 0, 0, 0, 0, 0, 0, 0.0986238569021, 0, 0.610091745853, 0.291284412146, 0, 0, 0, 0, 0, 0, 0, 0, 0, 0, 0, 0, 0, 0, 0, 0, 0, 0, 0, 0, 0, 0, 0, 0, 0, 0, 0, 0, 0, 0, 0, 0, 0, 0, 0, 0, 0, 0, 0, 0, 0, 0, 0, 0, 0, 0, 0, 0, 0, 0, 0, 0, 0, 0, 0, 0, 0, 0, 0, 0, 0, 0, 0, 0, 0, 0, 0, 0, 0, 0, 0, 0, 0, 0, 0, 0, 0, 0, 0, 0, 0, 0, 0, 0, 0, 0, 0, 0, 0, 0, 0, 0, 0, 0, 0, 0, 0, 0, 0, 0, 0, 0, 0, 0, 0, 0, 0, 0, 0, 0, 0, 0, 0, 0, 0, 0, 0, 0, 0, 0, 0, 0, 0, 0, 0, 0, 0, 0, 0, 0, 0, 0, 0, 0, 0, 0, 0, 0, 0, 0, 0, 0, 0, 0, 0, 0, 0, 0, 0, 0, 0, 0, 0, 0, 0, 0, 0, 0, 0, 0, 0, 0, 0]
},
"tonal": {
    "chords_changes_rate": 0.0915915891528,
    "chords_number_rate": 0.00150150153786,
    "chords_strength": {
        "mean": 0.494617581367,
        "stdev": 0.0969681888819
    },
    "hpcp_crest": {
        "mean": 15.8122901917,
        "stdev": 7.48883867264
    },
    "hpcp_entropy": {
        "mean": 1.69098365307,
        "stdev": 0.706438243389
    },
    "key_edma": {
        "strength": 0.614165902138,
        "key": "B",
        "scale": "major"
    },
    "key_krumhansl": {
        "strength": 0.619983196259,
        "key": "B",
        "scale": "major"
    },
    "key_temperley": {
        "strength": 0.637805342674,
        "key": "F#",
        "scale": "major"
    },
    "tuning_diatonic_strength": 0.512605726719,
    "tuning_equal_tempered_deviation": 0.245179668069,
    "tuning_frequency": 434.193115234,
    "tuning_nontempered_energy_ratio": 0.946144104004,
    "hpcp": {
        "mean": [0.0523307807744, 0.0426032170653, 0.0444622859359, 0.0637591332197, 0.0865731909871, 0.103596329689, 0.154219344258, 0.17769394815, 0.125577732921, 0.0861773118377, 0.0865824967623, 0.128000572324, 0.215024724603, 0.205254763365, 0.106125421822, 0.0718390196562, 0.0840437039733, 0.0905072614551, 0.126667886972, 0.154845237732, 0.112492933869, 0.0786402076483, 0.0839899927378, 0.0684121325612, 0.0486795641482, 0.053087901324, 0.0798208788037, 0.152634114027, 0.154140844941, 0.084281437099, 0.0588891394436, 0.0532561168075, 0.0629961416125, 0.149330064654, 0.185235545039, 0.10393409431],
        "stdev": [0.160436689854, 0.140753164887, 0.145984962583, 0.165964633226, 0.200423881412, 0.225887313485, 0.263792872429, 0.281597405672, 0.237952321768, 0.208985581994, 0.212867975235, 0.252806514502, 0.331334590912, 0.312647342682, 0.211102247238, 0.184845820069, 0.20555049181, 0.213074117899, 0.242301434278, 0.286725312471, 0.247015014291, 0.186861395836, 0.210861057043, 0.18208527565, 0.147600755095, 0.15974445641, 0.19562253356, 0.285315901041, 0.280274778605, 0.194872528315, 0.166323572397, 0.161987498403, 0.178161650896, 0.24904461205, 0.293081462383, 0.206960096955]
    },
    "chords_histogram": [4.11411428452, 0, 8.54354381561, 0.0600600615144, 2.98798799515, 0.0300300307572, 0.0450450442731, 0, 0.0750750750303, 0, 0, 0, 0, 0, 0.120120123029, 2.32732725143, 0, 3.52852845192, 0, 21.3813819885, 7.76276254654, 36.0810813904, 10, 2.94294285774],
    "thpcp": [1, 0.954563558102, 0.493549853563, 0.334096550941, 0.390855997801, 0.420915603638, 0.589085221291, 0.72012758255, 0.523162782192, 0.365726351738, 0.390606224537, 0.318159371614, 0.2263905406, 0.246892079711, 0.371217221022, 0.709844470024, 0.716851711273, 0.391961604357, 0.273871481419, 0.247674390674, 0.292971611023, 0.694478571415, 0.8614615798, 0.483358800411, 0.243370994925, 0.198131710291, 0.206777557731, 0.296519994736, 0.402619689703, 0.481787979603, 0.717216789722, 0.826388418674, 0.584015309811, 0.400778621435, 0.402662992477, 0.595283031464],
    "chords_key": "G#",
    "chords_scale": "minor"
}
}