{
"metadata": {
    "version": {
        "essentia": "2.1-dev",
        "essentia_git_sha": "v2.1_beta3-415-gd5473f3",
        "extractor": "music 2.0"
    },
    "audio_properties": {
        "analysis": {
            "equal_loudness": 0,
            "length": 283.8465271,
            "sample_rate": 44100,
            "start_time": 0,
            "downmix": "mix"
        },
        "bit_rate": 192000,
        "length": 283.8465271,
        "lossless": 0,
        "number_channels": 2,
        "replay_gain": -6.59452629089,
        "sample_rate": 44100,
        "codec": "mp3",
        "md5_encoded": "6ad20fedd94ac10176441e186819331c"
    },
    "tags": {
        "file_name": "me_shell_ndegeocello-call_me.mp3"
    }
},
"lowlevel": {
    "average_loudness": 0.84270888567,
    "barkbands_crest": {
        "mean": 11.1657018661,
        "stdev": 4.6135058403
    },
    "barkbands_flatness_db": {
        "mean": 0.152711704373,
        "stdev": 0.0758399814367
    },
    "barkbands_kurtosis": {
        "mean": 12.2486276627,
        "stdev": 38.8515701294
    },
    "barkbands_skewness": {
        "mean": 2.40261054039,
        "stdev": 1.84344387054
    },
    "barkbands_spread": {
        "mean": 24.40092659,
        "stdev": 20.1628341675
    },
    "dissonance": {
        "mean": 0.447766214609,
        "stdev": 0.0518424734473
    },
    "dynamic_complexity": 4.51933813095,
    "erbbands_crest": {
        "mean": 9.37765216827,
        "stdev": 4.73441886902
    },
    "erbbands_flatness_db": {
        "mean": 0.138689517975,
        "stdev": 0.0582567565143
    },
    "erbbands_kurtosis": {
        "mean": 2.06109070778,
        "stdev": 8.41940784454
    },
    "erbbands_skewness": {
        "mean": 0.780912101269,
        "stdev": 1.25322031975
    },
    "erbbands_spread": {
        "mean": 54.8594703674,
        "stdev": 32.1864547729
    },
    "hfc": {
        "mean": 17.3423919678,
        "stdev": 19.8663272858
    },
    "loudness_ebu128": {
        "integrated": -17.4932765961,
        "loudness_range": 3.70544433594,
        "momentary": {
            "mean": -20.780122757,
            "stdev": 19.8710212708
        },
        "short_term": {
            "mean": -19.0227546692,
            "stdev": 6.22634124756
        }
    },
    "melbands_crest": {
        "mean": 15.3781900406,
        "stdev": 5.77978515625
    },
    "melbands_flatness_db": {
        "mean": 0.227893039584,
        "stdev": 0.095902711153
    },
    "melbands_kurtosis": {
        "mean": 36.6150627136,
        "stdev": 66.0015411377
    },
    "melbands_skewness": {
        "mean": 4.01855039597,
        "stdev": 2.65823483467
    },
    "melbands_spread": {
        "mean": 19.893693924,
        "stdev": 24.2634811401
    },
    "pitch_salience": {
        "mean": 0.561487674713,
        "stdev": 0.132182076573
    },
    "silence_rate_20dB": {
        "mean": 1,
        "stdev": 0
    },
    "silence_rate_30dB": {
        "mean": 0.970881700516,
        "stdev": 0.168149545789
    },
    "silence_rate_60dB": {
        "mean": 0.14600032568,
        "stdev": 0.353104948997
    },
    "spectral_centroid": {
        "mean": 1155.02539062,
        "stdev": 1128.08068848
    },
    "spectral_complexity": {
        "mean": 11.5871915817,
        "stdev": 9.74295139313
    },
    "spectral_decrease": {
        "mean": -6.02727645571e-09,
        "stdev": 7.73398056708e-09
    },
    "spectral_energy": {
        "mean": 0.0243213940412,
        "stdev": 0.0305139590055
    },
    "spectral_energyband_high": {
        "mean": 0.00110632972792,
        "stdev": 0.00159368210007
    },
    "spectral_energyband_low": {
        "mean": 0.00848180893809,
        "stdev": 0.0177054535598
    },
    "spectral_energyband_middle_high": {
        "mean": 0.00222698249854,
        "stdev": 0.00411802483723
    },
    "spectral_energyband_middle_low": {
        "mean": 0.0135346557945,
        "stdev": 0.0207074973732
    },
    "spectral_entropy": {
        "mean": 7.54966497421,
        "stdev": 0.719965755939
    },
    "spectral_flux": {
        "mean": 0.0820336043835,
        "stdev": 0.0712580829859
    },
    "spectral_kurtosis": {
        "mean": 5.71262979507,
        "stdev": 20.3280963898
    },
    "spectral_rms": {
        "mean": 0.00417534075677,
        "stdev": 0.00250894320197
    },
    "spectral_rolloff": {
        "mean": 1750.28344727,
        "stdev": 2749.25219727
    },
    "spectral_skewness": {
        "mean": 1.68059933186,
        "stdev": 1.27643454075
    },
    "spectral_spread": {
        "mean": 7282347,
        "stdev": 3715204
    },
    "spectral_strongpeak": {
        "mean": 0.611302137375,
        "stdev": 0.656049966812
    },
    "zerocrossingrate": {
        "mean": 0.079572789371,
        "stdev": 0.0637222677469
    },
    "barkbands": {
        "mean": [0.000182347735972, 0.00450678775087, 0.0028367775958, 0.00191740249284, 0.00639152387157, 0.00191192585044, 0.00136063271202, 0.000945986597799, 0.00085252179997, 0.000385938328691, 0.000284252484562, 0.000285283807898, 0.000242068635998, 0.000184717879165, 0.000215122418012, 0.000198099703994, 0.000166475569131, 0.000136744522024, 0.000137760202051, 0.000184858072316, 0.000155349480337, 0.000159626753884, 0.000156257709023, 0.00019997281197, 0.000242392547079, 7.44625067455e-05, 6.07855508861e-06],
        "stdev": [0.000413752335589, 0.0105728441849, 0.00808959640563, 0.0037240437232, 0.0138181569055, 0.00443847291172, 0.00328672374599, 0.00262002740055, 0.00214701402001, 0.00117384537589, 0.000897820340469, 0.000811611884274, 0.000727659906261, 0.000497547152918, 0.000582301407121, 0.000535093655344, 0.000383548729587, 0.000296008249279, 0.000308931135805, 0.000460157316411, 0.000340763450367, 0.000287666334771, 0.000279298896203, 0.000299115112284, 0.000368864479242, 0.000110251647129, 1.41970213008e-05]
    },
    "erbbands": {
        "mean": [0.127896815538, 1.00686371326, 3.22561764717, 5.18450546265, 13.9419488907, 24.0022850037, 17.546957016, 14.9454145432, 15.2120952606, 24.919626236, 20.572019577, 18.016248703, 16.7894020081, 11.1345348358, 10.887389183, 12.0625743866, 11.0763263702, 8.70854663849, 11.7585449219, 10.8767051697, 10.6927232742, 9.72498893738, 8.28189754486, 6.21434259415, 7.63787841797, 7.98940467834, 7.54941177368, 5.82475614548, 5.93857097626, 4.80178785324, 4.5163807869, 3.73000574112, 3.70417070389, 2.9354634285, 1.55002343655, 0.437915742397, 0.124297909439, 0.018532326445, 0.00108134804759, 6.48058776278e-05],
        "stdev": [0.260503649712, 2.74957990646, 9.11536979675, 10.4907150269, 26.5584793091, 61.9442329407, 38.3072967529, 36.3819694519, 36.2409973145, 60.182144165, 57.4439086914, 46.084903717, 48.3987884521, 30.0572967529, 35.707611084, 31.7304935455, 32.0561790466, 22.4913845062, 32.4261856079, 28.3965549469, 27.5015602112, 21.1290130615, 17.250207901, 13.4406642914, 15.1978168488, 19.0400505066, 21.9388008118, 11.1907787323, 10.5175199509, 8.75266933441, 7.91515684128, 6.09841632843, 5.43466234207, 4.2419552803, 2.58442258835, 0.687782645226, 0.182525083423, 0.0288723092526, 0.00295621459372, 0.000119346324936]
    },
    "gfcc": {
        "mean": [-47.1329040527, 67.6460723877, -76.4175415039, 26.2512187958, -67.029045105, 12.1613168716, -50.5035743713, 11.5581521988, -31.4370422363, 2.61559081078, -19.2931461334, -1.18316483498, -11.9816503525],
        "cov": [[24184.8847656, -743.422851562, -1162.12878418, 1101.84899902, -728.24041748, 540.803833008, -603.753845215, 366.324279785, -284.76385498, 266.211456299, -269.166778564, 103.279930115, -210.736465454], [-743.422851562, 1811.01843262, 22.3573703766, -361.118133545, 249.718734741, -146.040893555, 121.656417847, -60.1245613098, 3.74773263931, -146.121017456, 97.7629241943, -142.754577637, -10.2405366898], [-1162.12878418, 22.3573703766, 1303.70507812, 413.489440918, 158.738128662, 197.288528442, 141.338912964, 73.1398544312, 59.1658782959, 39.7824478149, -3.47809171677, 5.184902668, -6.83015060425], [1101.84899902, -361.118133545, 413.489440918, 1003.39849854, 157.380584717, 209.221343994, 114.690666199, 58.5229377747, 92.4191131592, 93.5350418091, -40.7253074646, 30.471786499, -0.5782122612], [-728.24041748, 249.718734741, 158.738128662, 157.380584717, 412.965881348, 82.9520492554, 112.750938416, 46.6558570862, 102.197288513, 7.8543806076, 34.5397224426, -12.4926538467, 17.2537307739], [540.803833008, -146.040893555, 197.288528442, 209.221343994, 82.9520492554, 333.136993408, 139.486618042, 77.6229171753, 19.8279781342, 76.6459884644, -1.27027356625, 22.1687774658, 3.30892157555], [-603.753845215, 121.656417847, 141.338912964, 114.690666199, 112.750938416, 139.486618042, 351.753082275, 24.6966571808, 33.6435394287, 34.9927482605, 42.0991096497, 9.80300521851, 11.0059022903], [366.324279785, -60.1245613098, 73.1398544312, 58.5229377747, 46.6558570862, 77.6229171753, 24.6966571808, 241.265640259, 70.2864303589, 42.3227500916, 28.0276298523, 9.57406616211, 1.90584337711], [-284.76385498, 3.74773263931, 59.1658782959, 92.4191131592, 102.197288513, 19.8279781342, 33.6435394287, 70.2864303589, 177.823928833, 59.6165428162, 22.5673370361, 12.9041757584, 9.7717924118], [266.211456299, -146.121017456, 39.7824478149, 93.5350418091, 7.8543806076, 76.6459884644, 34.9927482605, 42.3227500916, 59.6165428162, 129.596878052, 34.9563179016, 29.5181369781, 6.6984000206], [-269.166778564, 97.7629241943, -3.47809171677, -40.7253074646, 34.5397224426, -1.27027356625, 42.0991096497, 28.0276298523, 22.5673370361, 34.9563179016, 116.066833496, 32.0888557434, 18.7949352264], [103.279930115, -142.754577637, 5.184902668, 30.471786499, -12.4926538467, 22.1687774658, 9.80300521851, 9.57406616211, 12.9041757584, 29.5181369781, 32.0888557434, 95.7235412598, 37.4324417114], [-210.736465454, -10.2405366898, -6.83015060425, -0.5782122612, 17.2537307739, 3.30892157555, 11.0059022903, 1.90584337711, 9.7717924118, 6.6984000206, 18.7949352264, 37.4324417114, 85.1383743286]],
        "icov": [[7.25723220967e-05, -8.63298846525e-05, 0.000108617678052, -0.000137667477247, 0.000124415833852, -0.000153389235493, 0.000167000878719, -0.000155696747242, 0.000171224630321, -0.000179270413355, 0.000185868047993, -0.000223879018449, 0.000191524828551], [-8.63298846525e-05, 0.00106702710036, -0.000216102649574, 0.000442741380539, -0.000611147726886, 0.000376588344807, -0.000504245050251, 0.00041086829151, -0.000379060744308, 0.0011097851675, -0.00134833331686, 0.00173263472971, -0.000442402553745], [0.000108617678052, -0.000216102649574, 0.00111059495248, -0.000531642697752, 0.000100230048702, -0.000561601889785, 0.000156737689395, -0.000341784820193, 0.00020828799461, -0.000135284266435, 0.000320637045661, -0.000427683669841, 0.000421242031734], [-0.000137667477247, 0.000442741380539, -0.000531642697752, 0.00174998003058, -0.000729853287339, -2.47204661719e-05, -0.000499405199662, 0.000409847853007, -0.000617763085756, -0.000116323011753, 0.000313518190524, 0.000308607792249, -0.000238856620854], [0.000124415833852, -0.000611147726886, 0.000100230048702, -0.000729853287339, 0.00401108106598, -0.00113968318328, -5.41909539606e-05, -0.000192952240468, -0.00179476884659, 0.000993723864667, -0.000550554541405, 0.000264851551037, -0.000386810774216], [-0.000153389235493, 0.000376588344807, -0.000561601889785, -2.47204661719e-05, -0.00113968318328, 0.00557843735442, -0.00196451018564, -0.00099557323847, 0.00141362298746, -0.00236908881925, 0.00117068423424, -0.000121304852655, -0.000270163611276], [0.000167000878719, -0.000504245050251, 0.000156737689395, -0.000499405199662, -5.41909539606e-05, -0.00196451018564, 0.00431598396972, 2.17641536437e-05, 0.000150611173012, -0.000362528953701, -0.000751402636524, -0.000556904939003, 0.000312777207], [-0.000155696747242, 0.00041086829151, -0.000341784820193, 0.000409847853007, -0.000192952240468, -0.00099557323847, 2.17641536437e-05, 0.00559869362041, -0.00242690183222, 0.000741060241126, -0.00191414984874, 0.00116125447676, -0.000278702587821], [0.000171224630321, -0.000379060744308, 0.00020828799461, -0.000617763085756, -0.00179476884659, 0.00141362298746, 0.000150611173012, -0.00242690183222, 0.00947860069573, -0.00486346241087, 0.00152295955922, -0.00128909246996, 0.000259670807282], [-0.000179270413355, 0.0011097851675, -0.000135284266435, -0.000116323011753, 0.000993723864667, -0.00236908881925, -0.000362528953701, 0.000741060241126, -0.00486346241087, 0.0141761209816, -0.00524417776614, 0.00060169340577, -6.48995846859e-05], [0.000185868047993, -0.00134833331686, 0.000320637045661, 0.000313518190524, -0.000550554541405, 0.00117068423424, -0.000751402636524, -0.00191414984874, 0.00152295955922, -0.00524417776614, 0.0140628963709, -0.00578745268285, 0.000209646459552], [-0.000223879018449, 0.00173263472971, -0.000427683669841, 0.000308607792249, 0.000264851551037, -0.000121304852655, -0.000556904939003, 0.00116125447676, -0.00128909246996, 0.00060169340577, -0.00578745268285, 0.0177992489189, -0.00682840729132], [0.000191524828551, -0.000442402553745, 0.000421242031734, -0.000238856620854, -0.000386810774216, -0.000270163611276, 0.000312777207, -0.000278702587821, 0.000259670807282, -6.48995846859e-05, 0.000209646459552, -0.00682840729132, 0.0151845449582]]
    },
    "melbands": {
        "mean": [0.00116627989337, 0.0016009247629, 0.00109734549187, 0.00147524895146, 0.000703080266248, 0.000337391538778, 0.000248837197432, 0.000259932887275, 0.000161551914061, 0.000114037109597, 8.22929796414e-05, 4.40706098743e-05, 3.81826721423e-05, 3.07876434817e-05, 3.17491067108e-05, 2.09764602914e-05, 1.5335952412e-05, 1.91501039808e-05, 1.61246935022e-05, 1.35051614052e-05, 1.19337737488e-05, 9.71979716269e-06, 9.44180192164e-06, 5.77696073378e-06, 4.7822641136e-06, 5.79572360948e-06, 5.28148211743e-06, 5.46638921151e-06, 5.55307451577e-06, 3.42179646395e-06, 3.28721057485e-06, 3.49682227352e-06, 2.87710486191e-06, 2.62935873252e-06, 2.71544831776e-06, 2.24287441597e-06, 2.28083467846e-06, 2.49861705015e-06, 2.68497046818e-06, 2.43033264269e-06],
        "stdev": [0.0024902173318, 0.0043430053629, 0.00190149736591, 0.00337628740817, 0.00154230115004, 0.000801011221483, 0.000577751314268, 0.000618562567979, 0.000472569314297, 0.000299695966532, 0.000242157184402, 0.000126306360471, 0.000128900966956, 9.52400951064e-05, 8.99715887499e-05, 6.4752450271e-05, 4.08494888688e-05, 5.56861486984e-05, 4.30407562817e-05, 3.87411782867e-05, 3.09072202072e-05, 2.19200028369e-05, 2.20077563426e-05, 1.27232924569e-05, 1.09995280582e-05, 1.39405437949e-05, 1.01420973806e-05, 1.52406537381e-05, 2.02926257771e-05, 7.46000159779e-06, 6.39675545244e-06, 6.35987908026e-06, 5.47765239389e-06, 4.93871812068e-06, 4.82681389258e-06, 4.18805529989e-06, 3.72084400624e-06, 3.68822156815e-06, 4.03505055147e-06, 3.5731115986e-06]
    },
    "melbands128": {
        "mean": [0.000179296985152, 0.00102994521149, 0.00140369939618, 0.00175967952237, 0.0017649010988, 0.00129437015858, 0.00100062042475, 0.000958552700467, 0.0014013677137, 0.00171532738023, 0.00158245977946, 0.00082049908815, 0.000582139124162, 0.000468861515401, 0.000337638746714, 0.00028516977909, 0.000213822873775, 0.000218369808863, 0.000310807983624, 0.000320731400279, 0.000201454531634, 0.00017843155365, 0.000165936246049, 0.000142215940286, 0.000102314465039, 0.00011040638492, 0.000121976256196, 7.63334319345e-05, 5.66940943827e-05, 4.06736944569e-05, 4.0599690692e-05, 4.75357883261e-05, 3.96554241888e-05, 3.04404838971e-05, 3.02561675198e-05, 3.02153821394e-05, 3.23087733705e-05, 3.62578794011e-05, 2.90503776341e-05, 2.07249486266e-05, 2.15912823478e-05, 1.82264684554e-05, 1.30411999635e-05, 1.35318396133e-05, 2.19505091081e-05, 1.92656225408e-05, 1.8353393898e-05, 1.60317085829e-05, 1.54564022523e-05, 1.43415400089e-05, 1.18130919873e-05, 1.48587223521e-05, 1.37735587487e-05, 1.01722080217e-05, 8.86739144335e-06, 9.53139533522e-06, 1.06547677206e-05, 1.02301537481e-05, 9.13868097996e-06, 7.89122077549e-06, 5.20476623933e-06, 4.7727708079e-06, 4.14035866925e-06, 4.70425402455e-06, 6.00714020038e-06, 6.37654238744e-06, 5.0685757742e-06, 5.50862205273e-06, 5.93764025325e-06, 4.11668361266e-06, 4.38691813542e-06, 6.84427504893e-06, 7.33655133445e-06, 5.38502126801e-06, 3.10918130708e-06, 3.51876542481e-06, 3.56901114174e-06, 3.28464511767e-06, 3.20007484333e-06, 3.19018363371e-06, 3.87053933082e-06, 3.53076961801e-06, 2.96696543955e-06, 2.99217322208e-06, 2.62033654508e-06, 2.30572413784e-06, 2.7194150789e-06, 3.06379615722e-06, 2.67320842795e-06, 2.57092074207e-06, 2.33112496062e-06, 2.03934359888e-06, 2.29083252634e-06, 2.14355486605e-06, 2.53532857641e-06, 2.20470155909e-06, 2.57938791037e-06, 2.78634183815e-06, 2.70951727543e-06, 2.5677747999e-06, 2.56001021626e-06, 2.39799919655e-06, 2.43135491473e-06, 1.8269749944e-06, 2.23966549129e-06, 1.30638875362e-06, 1.06860068172e-06, 8.03023965545e-07, 6.56570989577e-07, 6.21818912805e-07, 5.09686572059e-07, 5.14975965871e-07, 3.6958755345e-07, 2.72947545454e-07, 2.23611479555e-07, 1.926772768e-07, 1.25722465327e-07, 4.29574349425e-08, 2.58430592481e-08, 2.27692886767e-08, 1.87569799692e-08, 3.07263618993e-08, 3.95978272394e-09, 2.9280428776e-11, 9.61054239662e-12, 9.68263923901e-12, 9.53086741473e-12, 9.50083588191e-12],
        "stdev": [0.000408394465921, 0.00225561042316, 0.00340279331431, 0.00528498273343, 0.00528959836811, 0.00362057844177, 0.00233168737032, 0.00184480566531, 0.00290230498649, 0.00439617084339, 0.00498946011066, 0.00186898559332, 0.00135891558602, 0.00129102158826, 0.000956614443567, 0.000850630225614, 0.000648627174087, 0.000730495085008, 0.00103257794399, 0.000912160845473, 0.000723370641936, 0.000656755233649, 0.000690823188052, 0.000527145573869, 0.000383533391869, 0.000404446502216, 0.000509246368892, 0.000280609645415, 0.000227141950745, 0.000173445427208, 0.000141197466291, 0.000157827787916, 0.000201259506866, 0.000146010526805, 0.000153872621013, 0.000104862294393, 0.000121682496683, 0.000121856603073, 0.00011089695181, 8.28869451652e-05, 8.39423737489e-05, 6.61319572828e-05, 4.59748371213e-05, 4.54557048215e-05, 7.4725234299e-05, 6.54652467347e-05, 6.86271014274e-05, 5.32483390998e-05, 4.68427824671e-05, 4.9110261898e-05, 3.99360869778e-05, 5.50432960154e-05, 3.9289585402e-05, 3.17817903124e-05, 2.70891359833e-05, 2.51896453847e-05, 2.88204591925e-05, 3.54764597432e-05, 2.46647177846e-05, 1.98330853891e-05, 1.329594852e-05, 1.339044411e-05, 1.24199441416e-05, 1.27673210955e-05, 1.87567075045e-05, 1.91206218005e-05, 1.19150381579e-05, 1.21061839309e-05, 1.27386601889e-05, 9.84809685178e-06, 1.1682252989e-05, 2.67235791398e-05, 3.25492110278e-05, 2.28435364988e-05, 7.87238968769e-06, 8.91701620276e-06, 8.2901751739e-06, 7.44862427382e-06, 6.78823516864e-06, 6.99132397131e-06, 8.00338693807e-06, 6.75517503623e-06, 6.01067904427e-06, 6.3187176238e-06, 5.56196800972e-06, 4.85999544253e-06, 5.54557118448e-06, 6.5353433456e-06, 5.02880448039e-06, 4.71689781989e-06, 4.93515608468e-06, 4.37718563262e-06, 4.44365832664e-06, 3.7794632135e-06, 4.5151350605e-06, 3.44504383065e-06, 4.03825788453e-06, 5.0261337492e-06, 4.29068813901e-06, 4.10650227423e-06, 4.03365129387e-06, 3.6693131733e-06, 3.915526122e-06, 3.19929426951e-06, 4.48784749096e-06, 2.31552257901e-06, 1.78313928245e-06, 1.43883869441e-06, 1.17665672406e-06, 1.03506852156e-06, 7.92538116912e-07, 1.14147644581e-06, 5.91927175719e-07, 4.24531975796e-07, 3.71116129827e-07, 3.60993311688e-07, 2.10164429859e-07, 1.15026288938e-07, 9.57943626645e-08, 9.33262995773e-08, 8.85460949007e-08, 2.05727943126e-07, 2.23571401392e-08, 4.36383790214e-10, 4.03566374763e-10, 4.1182038335e-10, 4.02451794113e-10, 4.02724353865e-10]
    },
    "mfcc": {
        "mean": [-695.626586914, 103.160690308, 36.3412895203, 15.2353191376, 9.12135028839, -4.88521909714, -1.3780169487, -3.72129607201, -3.35603737831, -2.06553244591, -4.62781190872, -3.10397672653, -1.99372971058],
        "cov": [[14338.4228516, -209.042175293, -306.383361816, 209.370513916, 89.7282409668, 146.306121826, -48.3245353699, 24.1949768066, 38.1528778076, 100.731246948, 65.5282363892, 26.9059734344, 59.1419563293], [-209.042175293, 1712.42126465, -57.3607292175, -183.694503784, 61.7927856445, -170.705230713, 107.203392029, 4.28856039047, -67.7407608032, 2.33609366417, -17.041929245, -30.0074539185, -0.782182574272], [-306.383361816, -57.3607292175, 1020.61523438, 327.976837158, 134.309127808, 182.203369141, 117.50302887, 85.4724655151, 98.5495529175, 23.018535614, 60.3666038513, 50.0531845093, 15.902806282], [209.370513916, -183.694503784, 327.976837158, 646.550231934, 189.162704468, 214.562393188, 58.1363182068, 89.8600692749, 101.548355103, 58.7653427124, 48.4232521057, 51.8662414551, 30.5527744293], [89.7282409668, 61.7927856445, 134.309127808, 189.162704468, 400.557617188, 46.1839828491, 10.2635612488, 56.3280334473, 70.1803970337, 83.2925796509, 15.9388313293, 36.9816932678, 56.1862182617], [146.306121826, -170.705230713, 182.203369141, 214.562393188, 46.1839828491, 394.931365967, 124.94758606, 69.4538116455, 92.570022583, 28.8044605255, 66.5400543213, 26.4495124817, 1.97070324421], [-48.3245353699, 107.203392029, 117.50302887, 58.1363182068, 10.2635612488, 124.94758606, 256.284942627, 101.464302063, 48.9575462341, 38.8897819519, 54.2020759583, 25.8785686493, 7.28524017334], [24.1949768066, 4.28856039047, 85.4724655151, 89.8600692749, 56.3280334473, 69.4538116455, 101.464302063, 157.859603882, 79.2698135376, 49.9952087402, 41.1558113098, 26.7658042908, 25.3031806946], [38.1528778076, -67.7407608032, 98.5495529175, 101.548355103, 70.1803970337, 92.570022583, 48.9575462341, 79.2698135376, 152.171691895, 74.0971221924, 46.3829956055, 25.9639911652, 21.8690013885], [100.731246948, 2.33609366417, 23.018535614, 58.7653427124, 83.2925796509, 28.8044605255, 38.8897819519, 49.9952087402, 74.0971221924, 139.989105225, 60.7145500183, 30.461894989, 33.779838562], [65.5282363892, -17.041929245, 60.3666038513, 48.4232521057, 15.9388313293, 66.5400543213, 54.2020759583, 41.1558113098, 46.3829956055, 60.7145500183, 119.149917603, 47.3497657776, 14.7186441422], [26.9059734344, -30.0074539185, 50.0531845093, 51.8662414551, 36.9816932678, 26.4495124817, 25.8785686493, 26.7658042908, 25.9639911652, 30.461894989, 47.3497657776, 106.000511169, 52.0044898987], [59.1419563293, -0.782182574272, 15.902806282, 30.5527744293, 56.1862182617, 1.97070324421, 7.28524017334, 25.3031806946, 21.8690013885, 33.779838562, 14.7186441422, 52.0044898987, 97.0509185791]],
        "icov": [[7.18297305866e-05, 3.18737170346e-06, 3.39429207088e-05, -2.77118015219e-05, -2.88929527414e-06, -3.2256491977e-05, 2.7771018722e-05, -6.27039571555e-06, 2.50380926445e-05, -3.80362689612e-05, -3.12336669595e-05, 2.13672428799e-05, -3.78223958251e-05], [3.18737170346e-06, 0.000694465241395, -8.55267535371e-06, 0.000151533720782, -0.000270366610494, 0.000356321019353, -0.000561461609323, 5.430470992e-05, 0.000260997796431, 2.33711784858e-06, -8.1909551227e-05, 0.000249014352448, -4.60075279989e-05], [3.39429207088e-05, -8.55267535371e-06, 0.00128660094924, -0.000501207367051, -0.000221553869778, -7.93293875176e-05, -0.0003676439228, 7.14871566743e-05, -0.000455748784589, 0.000592301425058, -0.000321204628563, -0.000169150123838, 0.000100935540104], [-2.77118015219e-05, 0.000151533720782, -0.000501207367051, 0.00248360447586, -0.000783924711868, -0.000940022408031, 0.000360143836588, -0.000609683920629, -5.29780154466e-05, -0.000192262305063, 0.000252501689829, -0.000517355685588, 0.00024100788869], [-2.88929527414e-06, -0.000270366610494, -0.000221553869778, -0.000783924711868, 0.00358539214358, -8.41452711029e-05, 0.000605819979683, -0.000410734268371, -0.000314293894917, -0.00174854998477, 0.00106362591032, -0.000221009453526, -0.00109317130409], [-3.2256491977e-05, 0.000356321019353, -7.93293875176e-05, -0.000940022408031, -8.41452711029e-05, 0.00424707913771, -0.0018414540682, 0.000653040246107, -0.00173606525641, 0.00128000485711, -0.00144601368811, 0.000481131020933, 0.000169064136571], [2.7771018722e-05, -0.000561461609323, -0.0003676439228, 0.000360143836588, 0.000605819979683, -0.0018414540682, 0.00671642133966, -0.00378286908381, 0.00103288283572, -0.000874870689586, -0.000644587329589, -0.000607817259151, 0.000589394068811], [-6.27039571555e-06, 5.430470992e-05, 7.14871566743e-05, -0.000609683920629, -0.000410734268371, 0.000653040246107, -0.00378286908381, 0.0113661121577, -0.00424984516576, 0.00016837050498, -0.000670129491482, 0.000312385003781, -0.00143712898716], [2.50380926445e-05, 0.000260997796431, -0.000455748784589, -5.29780154466e-05, -0.000314293894917, -0.00173606525641, 0.00103288283572, -0.00424984516576, 0.0124033652246, -0.00468600681052, -0.000160578769282, -5.25332507095e-05, 0.000214511339436], [-3.80362689612e-05, 2.33711784858e-06, 0.000592301425058, -0.000192262305063, -0.00174854998477, 0.00128000485711, -0.000874870689586, 0.00016837050498, -0.00468600681052, 0.0132828885689, -0.00548497447744, 0.00124973442871, -0.00241043022834], [-3.12336669595e-05, -8.1909551227e-05, -0.000321204628563, 0.000252501689829, 0.00106362591032, -0.00144601368811, -0.000644587329589, -0.000670129491482, -0.000160578769282, -0.00548497447744, 0.0144774448127, -0.00572101213038, 0.00244346703403], [2.13672428799e-05, 0.000249014352448, -0.000169150123838, -0.000517355685588, -0.000221009453526, 0.000481131020933, -0.000607817259151, 0.000312385003781, -5.25332507095e-05, 0.00124973442871, -0.00572101213038, 0.0159016344696, -0.00781442224979], [-3.78223958251e-05, -4.60075279989e-05, 0.000100935540104, 0.00024100788869, -0.00109317130409, 0.000169064136571, 0.000589394068811, -0.00143712898716, 0.000214511339436, -0.00241043022834, 0.00244346703403, -0.00781442224979, 0.0158014334738]]
    },
    "spectral_contrast_coeffs": {
        "mean": [-0.662825763226, -0.751127183437, -0.781731963158, -0.811172783375, -0.809135079384, -0.821256816387],
        "stdev": [0.109449289739, 0.0913180783391, 0.0747314319015, 0.0575704947114, 0.0489916168153, 0.0449244268239]
    },
    "spectral_contrast_valleys": {
        "mean": [-7.30217599869, -7.35369443893, -8.28462505341, -8.59038829803, -8.40662384033, -10.0403022766],
        "stdev": [2.20888519287, 2.05236172676, 2.02323961258, 2.05208420753, 2.07667756081, 2.02230525017]
    }
},
"rhythm": {
    "beats_count": 460,
    "beats_loudness": {
        "mean": 0.0476862899959,
        "stdev": 0.0303689278662
    },
    "bpm": 97.0750427246,
    "bpm_histogram_first_peak_bpm": 98,
    "bpm_histogram_first_peak_weight": 0.287305176258,
    "bpm_histogram_second_peak_bpm": 126,
    "bpm_histogram_second_peak_spread": 0.5,
    "bpm_histogram_second_peak_weight": 0.00653594778851,
    "danceability": 1.3025431633,
    "onset_rate": 4.69238853455,
    "beats_loudness_band_ratio": {
        "mean": [0.412213653326, 0.370874911547, 0.0989670306444, 0.0835794061422, 0.0411614589393, 0.0797728598118],
        "stdev": [0.293820351362, 0.237622365355, 0.106953464448, 0.0953906774521, 0.0459867306054, 0.0849309265614]
    },
    "beats_position": [0.510838985443, 1.03328800201, 1.50929701328, 1.97369611263, 2.43809509277, 2.90249419212, 3.3785033226, 3.85451245308, 4.45823097229, 5.0387301445, 5.59600877762, 6.18811798096, 6.80344676971, 7.4303855896, 8.08054447174, 8.6958732605, 9.31120204926, 9.93814086914, 10.5534696579, 11.1687984467, 11.7957363129, 12.4110651016, 13.0263938904, 13.6417226791, 14.2570514679, 14.8723802567, 15.4877090454, 16.1030387878, 16.7183666229, 17.3453063965, 17.9722442627, 18.5991840363, 19.2261219025, 19.8414516449, 20.45677948, 21.0721092224, 21.6874370575, 22.3027667999, 22.918094635, 23.5334243774, 24.1487522125, 24.7756919861, 25.3910198212, 26.0063495636, 26.6332874298, 27.2486171722, 27.8639450073, 28.4792747498, 29.0946025848, 29.7099323273, 30.3252601624, 30.9521980286, 31.567527771, 32.1828575134, 32.8097953796, 33.4135131836, 34.0404510498, 34.6557807922, 35.2711105347, 35.8980484009, 36.5249862671, 37.1403160095, 37.755645752, 38.3825836182, 38.9979133606, 39.613243103, 40.2401809692, 40.8555107117, 41.4708366394, 42.0861663818, 42.7014961243, 43.3168258667, 43.9321517944, 44.5474815369, 45.1628112793, 45.7897491455, 46.4050788879, 47.0204086304, 47.6357345581, 48.2510643005, 48.8780021667, 49.4933319092, 50.1086616516, 50.723991394, 51.3393173218, 51.9546470642, 52.5699768066, 53.2085266113, 53.8470726013, 54.4624023438, 55.0777320862, 55.7046699524, 56.3199996948, 56.9353294373, 57.550655365, 58.1659851074, 58.7813148499, 59.3966445923, 60.01197052, 60.6273002625, 61.2542381287, 61.8695678711, 62.4848976135, 63.100227356, 63.7155532837, 64.3308868408, 64.9462127686, 65.5731506348, 66.1884765625, 66.8038101196, 67.4307479858, 68.0344696045, 68.6614074707, 69.2767333984, 69.8920593262, 70.5189971924, 71.145942688, 71.7612686157, 72.3765945435, 73.0035324097, 73.6188659668, 74.2341918945, 74.8495254517, 75.4648513794, 76.0917892456, 76.6955108643, 77.3224487305, 77.9377746582, 78.5531082153, 79.1684341431, 79.7837600708, 80.410697937, 81.0260314941, 81.6413574219, 82.256690979, 82.8720169067, 83.4989547729, 84.1142807007, 84.7296142578, 85.3449401855, 85.9602737427, 86.5872116089, 87.2141494751, 87.8410873413, 88.4680252075, 89.0833511353, 89.6986846924, 90.3023986816, 90.9293441772, 91.544670105, 92.1599960327, 92.7753295898, 93.3906555176, 94.0175933838, 94.64453125, 95.2598648071, 95.8751907349, 96.4789123535, 97.1058502197, 97.7211761475, 98.3365097046, 98.9518356323, 99.5671615601, 100.182495117, 100.797821045, 101.413146973, 102.02848053, 102.655418396, 103.270744324, 103.886077881, 104.513015747, 105.128341675, 105.766891479, 106.382217407, 106.997550964, 107.612876892, 108.22820282, 108.855148315, 109.470474243, 110.085800171, 110.712738037, 111.328071594, 111.943397522, 112.558731079, 113.174057007, 113.789382935, 114.404716492, 115.031654358, 115.635368347, 116.262313843, 116.889251709, 117.504577637, 118.119903564, 118.74684906, 119.350563049, 119.965896606, 120.581222534, 121.196548462, 121.811882019, 122.427207947, 123.054145813, 123.681083679, 124.308021545, 124.923355103, 125.550292969, 126.165618896, 126.780952454, 127.396278381, 128.011611938, 128.626937866, 129.242263794, 129.857589722, 130.472915649, 131.099868774, 131.726806641, 132.33052063, 132.957458496, 133.572784424, 134.188110352, 134.803451538, 135.418777466, 136.034103394, 136.649429321, 137.276367188, 137.903305054, 138.518630981, 139.133972168, 139.760910034, 140.3878479, 141.003173828, 141.618499756, 142.233825684, 142.849151611, 143.476104736, 144.103042603, 144.71836853, 145.333694458, 145.949020386, 146.564346313, 147.179672241, 147.795013428, 148.410339355, 149.025665283, 149.652603149, 150.267929077, 150.883255005, 151.498596191, 152.113922119, 152.740859985, 153.356185913, 153.971511841, 154.586837769, 155.202178955, 155.829116821, 156.444442749, 157.059768677, 157.663482666, 158.290420532, 158.917373657, 159.544311523, 160.159637451, 160.774963379, 161.401901245, 162.017227173, 162.632553101, 163.247894287, 163.863220215, 164.478546143, 165.09387207, 165.709197998, 166.324539185, 166.951477051, 167.578414917, 168.182128906, 168.809066772, 169.412780762, 170.039718628, 170.643447876, 171.270385742, 171.88571167, 172.501037598, 173.116363525, 173.731704712, 174.370239258, 175.008789062, 175.624130249, 176.239456177, 176.854782104, 177.470108032, 178.08543396, 178.700775146, 179.316101074, 179.931427002, 180.54675293, 181.162078857, 181.789016724, 182.40435791, 183.019683838, 183.646621704, 184.261947632, 184.87727356, 185.492599487, 186.107940674, 186.723266602, 187.338592529, 187.953918457, 188.569244385, 189.196182251, 189.811508179, 190.426849365, 191.053787231, 191.657501221, 192.284439087, 192.911376953, 193.538314819, 194.153640747, 194.768981934, 195.3959198, 196.011245728, 196.626571655, 197.253509521, 197.868835449, 198.484161377, 199.099502563, 199.714828491, 200.330154419, 200.945480347, 201.560806274, 202.176147461, 202.803085327, 203.418411255, 204.033737183, 204.64906311, 205.264389038, 205.891326904, 206.506668091, 207.121994019, 207.737319946, 208.352645874, 208.97958374, 209.606521606, 210.221862793, 210.837188721, 211.464126587, 212.091064453, 212.694778442, 213.321716309, 213.937042236, 214.552383423, 215.167709351, 215.783035278, 216.409973145, 217.013687134, 217.640625, 218.255966187, 218.871292114, 219.49822998, 220.10194397, 220.728881836, 221.344207764, 221.95954895, 222.574874878, 223.190200806, 223.805526733, 224.420852661, 225.047790527, 225.663131714, 226.278457642, 226.905395508, 227.532333374, 228.15927124, 228.774597168, 229.389923096, 230.005249023, 230.62059021, 231.235916138, 231.851242065, 232.466567993, 233.081893921, 233.708831787, 234.335784912, 234.939498901, 235.566436768, 236.181762695, 236.797088623, 237.412414551, 238.027755737, 238.654693604, 239.258407593, 239.885345459, 240.500671387, 241.115997314, 241.742950439, 242.358276367, 242.973602295, 243.588928223, 244.20425415, 244.831192017, 245.458129883, 246.073471069, 246.688796997, 247.315734863, 247.931060791, 248.546386719, 249.173324585, 249.788650513, 250.403991699, 251.019317627, 251.634643555, 252.249969482, 252.86529541, 253.492233276, 254.107574463, 254.722900391, 255.349838257, 255.953552246, 256.580505371, 257.195831299, 257.811157227, 258.414855957, 259.041809082, 259.65713501, 260.272460938, 260.887786865, 261.503112793, 262.130065918, 262.756988525, 263.38394165, 264.010864258, 264.626220703, 265.241546631, 265.856872559, 266.472198486, 267.087524414, 267.702850342, 268.31817627, 268.933502197, 269.560455322, 270.18737793, 270.791107178, 271.406433105, 272.021759033, 272.637084961, 273.252410889, 273.879364014, 274.494689941, 275.110015869, 275.736968994, 276.352294922, 276.96762085, 277.582946777, 278.198272705, 278.825195312, 279.440551758, 280.067474365, 280.682800293, 281.309753418, 281.936676025, 282.56362915, 283.190551758],
    "bpm_histogram": [0, 0, 0, 0, 0, 0, 0, 0, 0, 0, 0, 0, 0, 0, 0, 0, 0, 0, 0, 0, 0, 0, 0, 0, 0, 0, 0, 0, 0, 0, 0, 0, 0, 0, 0, 0, 0, 0, 0, 0, 0, 0, 0, 0, 0, 0, 0, 0, 0, 0, 0, 0, 0, 0, 0, 0, 0, 0, 0, 0, 0, 0, 0, 0, 0, 0, 0, 0, 0, 0, 0, 0, 0, 0, 0, 0, 0, 0, 0, 0, 0, 0, 0, 0, 0, 0, 0, 0, 0, 0, 0, 0, 0.00217864918523, 0, 0.010893246159, 0, 0.267973870039, 0, 0.649237453938, 0.0479302816093, 0, 0.00217864918523, 0, 0.00217864918523, 0, 0, 0, 0, 0.00217864918523, 0, 0, 0, 0, 0, 0, 0.00217864918523, 0, 0, 0, 0, 0, 0, 0, 0, 0, 0, 0.00653594778851, 0, 0, 0.00653594778851, 0, 0, 0, 0, 0, 0, 0, 0, 0, 0, 0, 0, 0, 0, 0, 0, 0, 0, 0, 0, 0, 0, 0, 0, 0, 0, 0, 0, 0, 0, 0, 0, 0, 0, 0, 0, 0, 0, 0, 0, 0, 0, 0, 0, 0, 0, 0, 0, 0, 0, 0, 0, 0, 0, 0, 0, 0, 0, 0, 0, 0, 0, 0, 0, 0, 0, 0, 0, 0, 0, 0, 0, 0, 0, 0, 0, 0, 0, 0, 0, 0, 0, 0, 0, 0, 0, 0, 0, 0, 0, 0, 0, 0, 0, 0, 0, 0, 0, 0, 0, 0, 0, 0, 0, 0, 0, 0, 0, 0, 0, 0, 0, 0, 0, 0, 0, 0, 0, 0, 0]
},
"tonal": {
    "chords_changes_rate": 0.140333667397,
    "chords_number_rate": 0.00294406269677,
    "chords_strength": {
        "mean": 0.462468802929,
        "stdev": 0.125501543283
    },
    "hpcp_crest": {
        "mean": 12.4926605225,
        "stdev": 6.73881196976
    },
    "hpcp_entropy": {
        "mean": 2.16064953804,
        "stdev": 0.833722293377
    },
    "key_edma": {
        "strength": 0.690804600716,
        "key": "B",
        "scale": "major"
    },
    "key_krumhansl": {
        "strength": 0.696278274059,
        "key": "B",
        "scale": "major"
    },
    "key_temperley": {
        "strength": 0.702631473541,
        "key": "B",
        "scale": "major"
    },
    "tuning_diatonic_strength": 0.573113977909,
    "tuning_equal_tempered_deviation": 0.378313273191,
    "tuning_frequency": 434.193115234,
    "tuning_nontempered_energy_ratio": 0.942441165447,
    "hpcp": {
        "mean": [0.0883409231901, 0.0769810080528, 0.0828536450863, 0.0925028547645, 0.140662312508, 0.156109035015, 0.145141914487, 0.162466257811, 0.125580281019, 0.0821050032973, 0.0828110426664, 0.0730282217264, 0.0772768035531, 0.131491646171, 0.123489752412, 0.0844671353698, 0.0951881408691, 0.0969911143184, 0.104847475886, 0.137370407581, 0.120900191367, 0.0858662426472, 0.0982343479991, 0.0909959897399, 0.083663970232, 0.107376605272, 0.111022919416, 0.146338492632, 0.227071091533, 0.206584811211, 0.13694794476, 0.120467312634, 0.132156312466, 0.171239033341, 0.197483286262, 0.151291579008],
        "stdev": [0.191880404949, 0.187201663852, 0.204512938857, 0.214165568352, 0.252808362246, 0.263131380081, 0.249729976058, 0.282178878784, 0.232466712594, 0.183255791664, 0.181994140148, 0.167862609029, 0.160125568509, 0.241994291544, 0.222914472222, 0.187295168638, 0.204745188355, 0.206986114383, 0.201558381319, 0.225183710456, 0.206905856729, 0.181143566966, 0.221854165196, 0.205392584205, 0.184579223394, 0.209995344281, 0.211024686694, 0.249096021056, 0.331534892321, 0.306102275848, 0.256045132875, 0.249859303236, 0.241256386042, 0.296883016825, 0.299511134624, 0.265991270542]
    },
    "chords_histogram": [26.0385990143, 6.77134466171, 8.47235870361, 2.96041870117, 6.24795532227, 2.94406270981, 8.6686296463, 3.81092572212, 1.29211640358, 1.17762517929, 1.94635260105, 0.539744853973, 0.572456657887, 0.376185804605, 0.801439344883, 0.179914951324, 1.16126918793, 8.29244327545, 2.25711488724, 3.48380756378, 0.343474000692, 2.86228322983, 1.88092899323, 6.91854763031],
    "thpcp": [1, 0.909780323505, 0.603106021881, 0.53052687645, 0.582004129887, 0.754120826721, 0.869698047638, 0.66627407074, 0.389045208693, 0.339017212391, 0.364879757166, 0.407373994589, 0.619463741779, 0.687489688396, 0.639191508293, 0.715486288071, 0.55304390192, 0.361582815647, 0.364692151546, 0.32160949707, 0.340319871902, 0.579077005386, 0.543837428093, 0.371985405684, 0.419199734926, 0.427139848471, 0.461738556623, 0.604966521263, 0.532433211803, 0.37814694643, 0.432614952326, 0.40073788166, 0.368448346853, 0.472876608372, 0.488934636116, 0.644461154938],
    "chords_key": "B",
    "chords_scale": "major"
}
}