{
"metadata": {
    "version": {
        "essentia": "2.1-dev",
        "essentia_git_sha": "v2.1_beta3-415-gd5473f3",
        "extractor": "music 2.0"
    },
    "audio_properties": {
        "analysis": {
            "equal_loudness": 0,
            "length": 260.466949463,
            "sample_rate": 44100,
            "start_time": 0,
            "downmix": "mix"
        },
        "bit_rate": 192000,
        "length": 260.466949463,
        "lossless": 0,
        "number_channels": 2,
        "replay_gain": -8.01184844971,
        "sample_rate": 44100,
        "codec": "mp3",
        "md5_encoded": "8178d45cfa715bedb250c732e8e7cee8"
    },
    "tags": {
        "file_name": "n_sync-selfish.mp3",
        "album": ["Celebrity"],
        "artist": ["'N Sync"],
        "genre": ["Other"],
        "title": ["Selfish"]
    }
},
"lowlevel": {
    "average_loudness": 0.864965260029,
    "barkbands_crest": {
        "mean": 14.8036594391,
        "stdev": 4.56339073181
    },
    "barkbands_flatness_db": {
        "mean": 0.181416794658,
        "stdev": 0.0690168067813
    },
    "barkbands_kurtosis": {
        "mean": 19.8996829987,
        "stdev": 40.6383590698
    },
    "barkbands_skewness": {
        "mean": 3.16239881516,
        "stdev": 2.33895206451
    },
    "barkbands_spread": {
        "mean": 22.4293785095,
        "stdev": 16.7143249512
    },
    "dissonance": {
        "mean": 0.437809616327,
        "stdev": 0.0418185293674
    },
    "dynamic_complexity": 4.33206605911,
    "erbbands_crest": {
        "mean": 10.6891431808,
        "stdev": 4.8890504837
    },
    "erbbands_flatness_db": {
        "mean": 0.124092593789,
        "stdev": 0.0480350665748
    },
    "erbbands_kurtosis": {
        "mean": 2.32137703896,
        "stdev": 6.12298536301
    },
    "erbbands_skewness": {
        "mean": 0.979679584503,
        "stdev": 1.16699790955
    },
    "erbbands_spread": {
        "mean": 59.6093063354,
        "stdev": 35.8693084717
    },
    "hfc": {
        "mean": 30.926235199,
        "stdev": 29.1999511719
    },
    "loudness_ebu128": {
        "integrated": -13.8798789978,
        "loudness_range": 7.57943439484,
        "momentary": {
            "mean": -17.2135639191,
            "stdev": 18.1171894073
        },
        "short_term": {
            "mean": -15.6297254562,
            "stdev": 5.48927688599
        }
    },
    "melbands_crest": {
        "mean": 21.4770088196,
        "stdev": 6.05822610855
    },
    "melbands_flatness_db": {
        "mean": 0.276721119881,
        "stdev": 0.0849153101444
    },
    "melbands_kurtosis": {
        "mean": 61.5067176819,
        "stdev": 96.8519515991
    },
    "melbands_skewness": {
        "mean": 5.009973526,
        "stdev": 3.6194434166
    },
    "melbands_spread": {
        "mean": 14.4023332596,
        "stdev": 18.3436222076
    },
    "pitch_salience": {
        "mean": 0.416590154171,
        "stdev": 0.123796120286
    },
    "silence_rate_20dB": {
        "mean": 1,
        "stdev": 0
    },
    "silence_rate_30dB": {
        "mean": 0.935288369656,
        "stdev": 0.246022179723
    },
    "silence_rate_60dB": {
        "mean": 0.105535253882,
        "stdev": 0.307198345661
    },
    "spectral_centroid": {
        "mean": 1062.72680664,
        "stdev": 1039.0423584
    },
    "spectral_complexity": {
        "mean": 11.1395845413,
        "stdev": 8.0317325592
    },
    "spectral_decrease": {
        "mean": -1.24366783538e-08,
        "stdev": 9.01797747588e-09
    },
    "spectral_energy": {
        "mean": 0.0497438572347,
        "stdev": 0.0353946238756
    },
    "spectral_energyband_high": {
        "mean": 0.00188946083654,
        "stdev": 0.00235860631801
    },
    "spectral_energyband_low": {
        "mean": 0.0308219268918,
        "stdev": 0.028973987326
    },
    "spectral_energyband_middle_high": {
        "mean": 0.00433142110705,
        "stdev": 0.00797366537154
    },
    "spectral_energyband_middle_low": {
        "mean": 0.013302154839,
        "stdev": 0.0118894353509
    },
    "spectral_entropy": {
        "mean": 7.57118654251,
        "stdev": 0.634875535965
    },
    "spectral_flux": {
        "mean": 0.0818476527929,
        "stdev": 0.0615915320814
    },
    "spectral_kurtosis": {
        "mean": 3.08973169327,
        "stdev": 5.01130628586
    },
    "spectral_rms": {
        "mean": 0.0064114020206,
        "stdev": 0.00272484915331
    },
    "spectral_rolloff": {
        "mean": 981.721374512,
        "stdev": 2049.90209961
    },
    "spectral_skewness": {
        "mean": 1.54572761059,
        "stdev": 0.656068563461
    },
    "spectral_spread": {
        "mean": 8749995,
        "stdev": 3568981.75
    },
    "spectral_strongpeak": {
        "mean": 0.614545047283,
        "stdev": 0.835401952267
    },
    "zerocrossingrate": {
        "mean": 0.0649026706815,
        "stdev": 0.0525864809752
    },
    "barkbands": {
        "mean": [0.00224206666462, 0.0242620725185, 0.00397741422057, 0.000840642256662, 0.00455957558006, 0.00301810051315, 0.00107010267675, 0.00117238645907, 0.00208869273774, 0.00116129301023, 0.000665408268105, 0.000538478663657, 0.000453921384178, 0.000691771681886, 0.000304846122162, 0.000189578960999, 0.000184834731044, 0.00023555183725, 0.000112379457278, 0.000177934154635, 0.000138547387905, 0.000243375092396, 0.000222904971451, 0.000330099224811, 0.000439774099505, 0.000402273028158, 2.00063204829e-05],
        "stdev": [0.00342568894848, 0.0219566002488, 0.0137421237305, 0.00202255579643, 0.00625836383551, 0.0057864501141, 0.00246900948696, 0.002900298452, 0.00496466085315, 0.00415686797351, 0.00204936042428, 0.00159516360145, 0.00148033828009, 0.00244493572973, 0.000936786818784, 0.000749218335841, 0.000569062598515, 0.000560062238947, 0.000314597215038, 0.000501779082697, 0.000339847349096, 0.000436127127614, 0.000457409681985, 0.000557531544473, 0.000533569196705, 0.000546739145648, 2.86857539322e-05]
    },
    "erbbands": {
        "mean": [0.99204903841, 4.2129611969, 5.41663265228, 3.49070572853, 6.05409574509, 18.7671203613, 24.4473266602, 23.3747386932, 15.5048980713, 21.0121498108, 31.6226634979, 41.5277137756, 50.3025665283, 27.3877124786, 25.3742008209, 22.1656398773, 21.2622451782, 34.9329452515, 21.4352588654, 14.0084943771, 10.3759641647, 10.9524497986, 13.4704408646, 7.40806531906, 6.55267000198, 8.77292728424, 5.84203958511, 6.02977228165, 8.18515396118, 8.57446289062, 5.94636964798, 5.27173233032, 6.50584173203, 4.63218212128, 3.3268020153, 1.92828309536, 0.729929208755, 0.104166507721, 0.00230943458155, 0.000133392648422],
        "stdev": [0.971668601036, 4.7421374321, 14.5712928772, 9.65761756897, 10.1733913422, 29.145029068, 42.8464126587, 52.6047515869, 38.3202476501, 43.0277404785, 74.9499282837, 99.2577438354, 159.147338867, 73.7882614136, 83.9421005249, 63.6987991333, 65.0380859375, 115.932243347, 68.7113800049, 42.4967536926, 43.8003959656, 31.0506629944, 32.0215759277, 19.869178772, 18.2521076202, 25.1244392395, 16.9232673645, 11.8357477188, 15.6408891678, 15.9177846909, 12.1450948715, 9.88908195496, 10.9938287735, 6.59883260727, 3.89870762825, 2.43094468117, 1.09379446507, 0.144452005625, 0.00309421028942, 0.000119966607599]
    },
    "gfcc": {
        "mean": [-10.6975326538, 62.7669258118, -53.7908401489, 29.3408985138, -55.9912719727, 24.3392772675, -38.6233596802, 19.7873744965, -23.4363307953, 12.5715274811, -18.0110664368, 10.9570159912, -9.54496860504],
        "cov": [[24085.9707031, -2179.17602539, -829.536987305, -732.760498047, -739.926391602, 1006.58013916, -164.865844727, 1243.29931641, -151.886566162, 873.887145996, -169.628814697, 792.574462891, -112.067489624], [-2179.17602539, 1491.83642578, -232.25630188, -87.1737823486, 108.609909058, -144.680877686, 64.6913070679, -256.041351318, 61.4173812866, -190.126937866, 75.6638412476, -192.524490356, 25.4753570557], [-829.536987305, -232.25630188, 1138.11950684, 398.202850342, 66.463432312, -15.8264503479, -19.3285484314, 67.2410354614, 27.6399650574, 67.3039779663, -12.8951005936, 52.7108001709, 8.87033939362], [-732.760498047, -87.1737823486, 398.202850342, 674.655212402, 133.0859375, -88.467666626, -56.6536598206, 11.6545372009, 62.8241844177, -12.693189621, -10.3994855881, -19.7108058929, 66.908821106], [-739.926391602, 108.609909058, 66.463432312, 133.0859375, 355.334716797, 37.5876197815, 61.5535316467, 20.5481414795, 47.040397644, 19.2264213562, 23.2525272369, -39.2426109314, 8.31773662567], [1006.58013916, -144.680877686, -15.8264503479, -88.467666626, 37.5876197815, 340.204956055, 125.82711792, 45.3252067566, -2.81764602661, 91.6317672729, 42.0642623901, 23.3932552338, -30.194601059], [-164.865844727, 64.6913070679, -19.3285484314, -56.6536598206, 61.5535316467, 125.82711792, 222.178527832, 27.9413833618, 3.85642313957, 31.8007888794, 51.8899307251, 1.11904978752, -15.1377296448], [1243.29931641, -256.041351318, 67.2410354614, 11.6545372009, 20.5481414795, 45.3252067566, 27.9413833618, 264.294006348, 48.1192932129, 81.3845748901, 10.0829982758, 68.9272003174, 24.4500637054], [-151.886566162, 61.4173812866, 27.6399650574, 62.8241844177, 47.040397644, -2.81764602661, 3.85642313957, 48.1192932129, 156.564178467, 39.5584106445, -2.23703527451, 10.2656440735, 38.8035430908], [873.887145996, -190.126937866, 67.3039779663, -12.693189621, 19.2264213562, 91.6317672729, 31.8007888794, 81.3845748901, 39.5584106445, 164.04208374, 38.7171630859, 55.5121116638, 15.1769523621], [-169.628814697, 75.6638412476, -12.8951005936, -10.3994855881, 23.2525272369, 42.0642623901, 51.8899307251, 10.0829982758, -2.23703527451, 38.7171630859, 134.722595215, 22.722858429, 10.3147602081], [792.574462891, -192.524490356, 52.7108001709, -19.7108058929, -39.2426109314, 23.3932552338, 1.11904978752, 68.9272003174, 10.2656440735, 55.5121116638, 22.722858429, 155.748657227, 32.9620361328], [-112.067489624, 25.4753570557, 8.87033939362, 66.908821106, 8.31773662567, -30.194601059, -15.1377296448, 24.4500637054, 38.8035430908, 15.1769523621, 10.3147602081, 32.9620361328, 116.395332336]],
        "icov": [[0.000137216891744, -0.000156174806762, 0.000195335465833, -0.000138992036227, 0.000242753449129, -0.000392722751712, 0.00035204278538, -0.000622125982773, 0.000443936383817, -0.000654338276945, 0.000518686370924, -0.000523221504409, 0.0003280803503], [-0.000156174806762, 0.00155999592971, -0.000259777705651, 0.000635834119748, -0.000576586928219, 0.000901365187019, -0.000907381821889, 0.00165068893693, -0.00166244059801, 0.00205551576801, -0.00183721957728, 0.00175963318907, -0.00107653415762], [0.000195335465833, -0.000259777705651, 0.00148827850353, -0.00100788543932, 0.000365154730389, -0.00048783706734, 0.000427778169978, -0.000994044123217, 0.00084120396059, -0.00151637918316, 0.00103494373616, -0.00122057215776, 0.000993905588984], [-0.000138992036227, 0.000635834119748, -0.00100788543932, 0.00264614308253, -0.00105979072396, 0.000778374436777, -3.16993427987e-05, 0.000944748637266, -0.00130980787799, 0.00158368062694, -0.00112752977293, 0.00141640671063, -0.0017132437788], [0.000242753449129, -0.000576586928219, 0.000365154730389, -0.00105979072396, 0.00401015440002, -0.000987731153145, -0.000160588650033, -0.00149936194066, 0.000308395799948, -0.00163891736884, 0.000807287637144, -9.69734901446e-05, 0.000759387912694], [-0.000392722751712, 0.000901365187019, -0.00048783706734, 0.000778374436777, -0.000987731153145, 0.00575438933447, -0.00322435982525, 0.00208463286981, -0.0012230220018, 4.92630715598e-05, -0.00183953298256, 0.00173912290484, -0.00020773493452], [0.00035204278538, -0.000907381821889, 0.000427778169978, -3.16993427987e-05, -0.000160588650033, -0.00322435982525, 0.00754410075024, -0.00240249978378, 0.00130827899557, -0.00148363877088, -0.000113538219011, -0.00143739534542, 0.00135843944736], [-0.000622125982773, 0.00165068893693, -0.000994044123217, 0.000944748637266, -0.00149936194066, 0.00208463286981, -0.00240249978378, 0.00841921661049, -0.00365527998656, 0.00217633508146, -0.00261544529349, 0.00156166579109, -0.00213633687235], [0.000443936383817, -0.00166244059801, 0.00084120396059, -0.00130980787799, 0.000308395799948, -0.0012230220018, 0.00130827899557, -0.00365527998656, 0.0104169659317, -0.00511430669576, 0.00361608690582, -0.00219611520879, -0.000425668375101], [-0.000654338276945, 0.00205551576801, -0.00151637918316, 0.00158368062694, -0.00163891736884, 4.92630715598e-05, -0.00148363877088, 0.00217633508146, -0.00511430669576, 0.0142595339566, -0.00561995385215, 0.00182985304855, -0.0025694121141], [0.000518686370924, -0.00183721957728, 0.00103494373616, -0.00112752977293, 0.000807287637144, -0.00183953298256, -0.000113538219011, -0.00261544529349, 0.00361608690582, -0.00561995385215, 0.0120602371171, -0.00398404058069, 0.00105729175266], [-0.000523221504409, 0.00175963318907, -0.00122057215776, 0.00141640671063, -9.69734901446e-05, 0.00173912290484, -0.00143739534542, 0.00156166579109, -0.00219611520879, 0.00182985304855, -0.00398404058069, 0.0118413055316, -0.00417373515666], [0.0003280803503, -0.00107653415762, 0.000993905588984, -0.0017132437788, 0.000759387912694, -0.00020773493452, 0.00135843944736, -0.00213633687235, -0.000425668375101, -0.0025694121141, 0.00105729175266, -0.00417373515666, 0.012134488672]]
    },
    "melbands": {
        "mean": [0.00765341892838, 0.00379290361889, 0.00067068845965, 0.00085915857926, 0.000896224577446, 0.000531264580786, 0.00023898256768, 0.000231926765991, 0.000276379083516, 0.000272839824902, 0.000249946024269, 0.000108136831841, 9.09475202207e-05, 5.86550340813e-05, 5.50855365873e-05, 4.64386757812e-05, 6.90427841619e-05, 3.72234935639e-05, 2.26578213187e-05, 1.38236064231e-05, 1.16483488455e-05, 1.03517595562e-05, 1.3096989278e-05, 1.11164963528e-05, 5.32423200639e-06, 4.0728436943e-06, 5.72927592657e-06, 5.80662072025e-06, 3.89382557842e-06, 2.73111686511e-06, 3.79947277906e-06, 4.53112170362e-06, 4.93456536788e-06, 4.6590294005e-06, 3.4230035908e-06, 2.93695529763e-06, 3.39750886269e-06, 4.58960357719e-06, 4.40870689999e-06, 3.73007515009e-06],
        "stdev": [0.00686267204583, 0.00645694462582, 0.00161144451704, 0.00127748469822, 0.00137167295907, 0.0011314204894, 0.000555440667085, 0.000478633213788, 0.00066397403134, 0.000655728159472, 0.000800898531452, 0.000323217769619, 0.000296798301861, 0.000186272169231, 0.00017784818192, 0.000148922015796, 0.000246730778599, 0.000142961624078, 7.11548418622e-05, 4.64154327346e-05, 5.56959057576e-05, 3.22046253132e-05, 3.39986545441e-05, 2.96540165436e-05, 1.56581991178e-05, 1.0957241102e-05, 1.8827176973e-05, 1.70494913618e-05, 1.27157227325e-05, 5.80598907618e-06, 7.84829717304e-06, 9.38869197853e-06, 9.04127864487e-06, 9.55235191213e-06, 7.04618105374e-06, 6.74255852573e-06, 6.29871465208e-06, 8.06512070994e-06, 7.17266357242e-06, 5.45491320736e-06]
    },
    "melbands128": {
        "mean": [0.00214947783388, 0.00887005962431, 0.00961736310273, 0.0061309048906, 0.00334626738913, 0.00168958911672, 0.000651373353321, 0.000412980123656, 0.000564250687603, 0.000704361882526, 0.00118248234503, 0.00104994559661, 0.000862668268383, 0.000709010404535, 0.000496719323564, 0.000536635168828, 0.000298563973047, 0.000154840527102, 0.00019924766093, 0.000263343623374, 0.000198586567421, 0.000248768919846, 0.000277427345281, 0.000330157316057, 0.000241874338826, 0.000246261275606, 0.000366180844139, 0.000259299471509, 0.000155260611791, 0.000109963446448, 9.31509712245e-05, 9.60357137956e-05, 0.000110145236249, 6.86631756253e-05, 5.90832714806e-05, 5.56474478799e-05, 5.76516795263e-05, 6.35399555904e-05, 4.9051908718e-05, 3.69825866073e-05, 3.99060627387e-05, 6.65978514007e-05, 7.20217285561e-05, 7.15951173333e-05, 5.22684385942e-05, 2.92280019494e-05, 2.15064046643e-05, 2.6654706744e-05, 2.09117697523e-05, 1.82637104444e-05, 1.16888431876e-05, 9.97890401777e-06, 1.43136867337e-05, 1.14841041068e-05, 8.05757917988e-06, 9.86126178759e-06, 1.19324722618e-05, 1.38183550007e-05, 1.34784386319e-05, 1.25677643155e-05, 1.24710813907e-05, 8.33217382024e-06, 6.96600000083e-06, 3.86257397622e-06, 3.93623076889e-06, 3.84496615879e-06, 3.92590027332e-06, 5.68662790101e-06, 5.66669814361e-06, 6.67328913551e-06, 6.88142426952e-06, 4.56020870843e-06, 4.25321741204e-06, 4.17962110077e-06, 2.96293160318e-06, 2.57008900917e-06, 2.56121620623e-06, 3.15002625939e-06, 4.1898742893e-06, 4.10689244745e-06, 4.55196686744e-06, 4.60423052573e-06, 4.73013597002e-06, 4.73985801364e-06, 5.69405665374e-06, 4.70936220154e-06, 4.74065109302e-06, 3.32715467266e-06, 3.60917579201e-06, 3.06987067233e-06, 3.3304304452e-06, 2.79272148873e-06, 2.49947470365e-06, 3.17388980875e-06, 3.97293342758e-06, 4.65086122858e-06, 4.54282417195e-06, 4.90513912155e-06, 4.59998500446e-06, 3.98946986024e-06, 3.98624524678e-06, 3.57996555067e-06, 3.59932300853e-06, 3.61372485713e-06, 3.66833319276e-06, 4.3125414777e-06, 3.41526606462e-06, 3.4323802538e-06, 3.34040100824e-06, 3.7236877688e-06, 2.32210459217e-06, 2.37671360992e-06, 2.67874179372e-06, 2.1483956516e-06, 1.36846256282e-06, 1.00621639376e-06, 7.76277488512e-07, 7.8373822987e-08, 8.61967268395e-12, 7.09100616766e-12, 6.76008684794e-12, 6.52075572358e-12, 6.32138048504e-12, 6.17466711442e-12, 6.05143582813e-12, 5.96630947772e-12, 5.90436250239e-12, 5.85674347561e-12],
        "stdev": [0.00324852135964, 0.00980491098017, 0.00941620115191, 0.00830778945237, 0.00813454948366, 0.00600132578984, 0.00206166459247, 0.000960564590059, 0.00119307171553, 0.00150022923481, 0.00236453372054, 0.00195141462609, 0.00189643772319, 0.00175976403989, 0.00126949837431, 0.00185595965013, 0.00102265761234, 0.000595862977207, 0.000630006426945, 0.0006865831092, 0.000616647768766, 0.000906651956029, 0.000893440272193, 0.00111496192403, 0.000967392290477, 0.000856359896716, 0.00135911942925, 0.00128766195849, 0.000699210504536, 0.000541694927961, 0.000330711452989, 0.000298073078739, 0.000449372484582, 0.000379572884412, 0.000285814865492, 0.000237368280068, 0.000248692027526, 0.000272761535598, 0.000263244815869, 0.000187906291103, 0.000190378850675, 0.000316813180689, 0.000323899264913, 0.000373302871594, 0.000316422665492, 0.000167120422702, 0.000101671415905, 0.000124239959405, 9.88745814539e-05, 9.30521200644e-05, 5.05477946717e-05, 5.8976427681e-05, 0.000101117213489, 7.6512558735e-05, 3.30529546773e-05, 4.5722899813e-05, 4.64619552076e-05, 6.33468007436e-05, 4.07089064538e-05, 4.57526220998e-05, 4.52048589068e-05, 3.37166529789e-05, 2.79780160781e-05, 1.15458515211e-05, 1.16736418931e-05, 1.18457892313e-05, 1.17730469356e-05, 1.86789220606e-05, 2.65287362708e-05, 2.37435706367e-05, 2.46425806836e-05, 1.69829290826e-05, 1.58679031301e-05, 1.78242044058e-05, 9.5132709248e-06, 6.09445669397e-06, 5.77118817091e-06, 6.38707115286e-06, 1.08555677798e-05, 9.67610867519e-06, 1.04139089672e-05, 1.1613758943e-05, 1.01686573544e-05, 1.0042291251e-05, 1.32550912895e-05, 1.08881367851e-05, 1.15665070552e-05, 7.1326435318e-06, 8.20002151158e-06, 7.35465982871e-06, 8.39548010845e-06, 7.13808276487e-06, 5.94676794208e-06, 6.57794771541e-06, 7.47935928302e-06, 9.12716586754e-06, 8.84202017915e-06, 1.21883276734e-05, 7.67308301874e-06, 6.90171054885e-06, 7.04799731466e-06, 5.61914066566e-06, 5.47356739844e-06, 5.00577289131e-06, 4.78775973534e-06, 6.12766461927e-06, 4.33954164691e-06, 4.70142822451e-06, 4.45819387096e-06, 5.55516817258e-06, 2.96033203995e-06, 3.4924312331e-06, 4.82299992655e-06, 3.84615759685e-06, 1.95421989702e-06, 1.37256529342e-06, 1.08855658709e-06, 1.15420213831e-07, 1.33611776157e-11, 1.17541861661e-11, 1.1294791491e-11, 1.09423208342e-11, 1.06564358032e-11, 1.0426015086e-11, 1.0235704645e-11, 1.00914155504e-11, 9.98756372744e-12, 9.92231123653e-12]
    },
    "mfcc": {
        "mean": [-671.546020508, 105.18170929, 51.1388664246, 18.262638092, 14.8887109756, 6.76147699356, 3.95773100853, 6.29000759125, 5.15455770493, 1.75161325932, 6.60628795624, -1.24172437191, -0.839547157288],
        "cov": [[13626.2333984, -699.464233398, -478.568237305, -677.80871582, -293.566223145, -134.822021484, 148.108978271, 274.45501709, 241.62310791, 263.119781494, 420.329772949, 118.128166199, 61.1030387878], [-699.464233398, 1156.39672852, -49.097743988, -179.827026367, -7.48935222626, 8.85266971588, 20.6750450134, -7.34410381317, -68.4315719604, 7.88795614243, 27.5470619202, -47.3234939575, 0.0664497092366], [-478.568237305, -49.097743988, 844.17401123, 309.332244873, 89.7732696533, 44.0362434387, -9.19262313843, -5.58969211578, 44.4655456543, -26.4051418304, -15.0627212524, 59.8844718933, 15.9602060318], [-677.80871582, -179.827026367, 309.332244873, 605.515563965, 227.171447754, -34.5355529785, -50.0193824768, -4.73287057877, 96.989402771, -19.4331493378, -78.8257904053, 66.9635009766, 39.7603988647], [-293.566223145, -7.48935222626, 89.7732696533, 227.171447754, 293.39465332, 33.0464439392, -6.94882059097, -1.5562889576, 61.6791152954, 36.7274932861, -25.2484798431, 36.5687828064, 7.57338666916], [-134.822021484, 8.85266971588, 44.0362434387, -34.5355529785, 33.0464439392, 275.516662598, 85.6345291138, 11.0453071594, -4.80234766006, 40.5878982544, 46.876285553, -6.85499048233, 1.77216994762], [148.108978271, 20.6750450134, -9.19262313843, -50.0193824768, -6.94882059097, 85.6345291138, 245.248840332, 41.6364822388, -22.856546402, 44.5795593262, 51.7804412842, 22.7752399445, 16.1419277191], [274.45501709, -7.34410381317, -5.58969211578, -4.73287057877, -1.5562889576, 11.0453071594, 41.6364822388, 137.177932739, 25.6429309845, 20.2639446259, 28.6371955872, 10.1947441101, 21.3986206055], [241.62310791, -68.4315719604, 44.4655456543, 96.989402771, 61.6791152954, -4.80234766006, -22.856546402, 25.6429309845, 164.903244019, 41.0837516785, -0.175530597568, 21.8775863647, 4.86202907562], [263.119781494, 7.88795614243, -26.4051418304, -19.4331493378, 36.7274932861, 40.5878982544, 44.5795593262, 20.2639446259, 41.0837516785, 156.323425293, 58.0327148438, -1.23206675053, -0.406107157469], [420.329772949, 27.5470619202, -15.0627212524, -78.8257904053, -25.2484798431, 46.876285553, 51.7804412842, 28.6371955872, -0.175530597568, 58.0327148438, 139.619613647, 16.2820262909, -1.04401361942], [118.128166199, -47.3234939575, 59.8844718933, 66.9635009766, 36.5687828064, -6.85499048233, 22.7752399445, 10.1947441101, 21.8775863647, -1.23206675053, 16.2820262909, 113.502540588, 36.5757751465], [61.1030387878, 0.0664497092366, 15.9602060318, 39.7603988647, 7.57338666916, 1.77216994762, 16.1419277191, 21.3986206055, 4.86202907562, -0.406107157469, -1.04401361942, 36.5757751465, 110.823432922]],
        "icov": [[9.89321197267e-05, 7.32833359507e-05, 1.30325443024e-05, 0.000133026012918, 1.08418389573e-05, 0.000106157451228, -9.59141834755e-06, -9.72163397819e-05, -0.000163420423632, -4.14470778196e-05, -0.000222232440137, -6.15319004282e-05, -6.12318617641e-05], [7.32833359507e-05, 0.00100881210528, -8.29789787531e-05, 0.000486646138597, -0.000371835805709, 0.000203151401365, -4.32295164501e-05, -3.05522771669e-05, 0.000152337917825, 4.43169227538e-07, -0.000310635135975, 0.000355124124326, -0.000296109501505], [1.30325443024e-05, -8.29789787531e-05, 0.00154770247173, -0.000908922869712, 0.000305521505652, -0.000415352231357, 4.68073885713e-05, 5.22676018591e-05, -7.00082891854e-05, 0.000254496291745, -0.000249766686466, -0.000487294164486, 0.000227398064453], [0.000133026012918, 0.000486646138597, -0.000908922869712, 0.00365168927237, -0.00215826928616, 0.000683535647113, 9.36030992307e-05, -9.48925007833e-05, -0.00103792734444, 0.000362161517842, 0.000731487758458, -0.000496906752232, -0.000893863441888], [1.08418389573e-05, -0.000371835805709, 0.000305521505652, -0.00215826928616, 0.00563846947625, -0.00101778924, 0.000193305226276, 0.000105281236756, -0.000581860833336, -0.00154017552268, 0.000915053184144, -0.0012583170319, 0.000750840234105], [0.000106157451228, 0.000203151401365, -0.000415352231357, 0.000683535647113, -0.00101778924, 0.00466072000563, -0.00140057923272, 0.000164976372616, -0.000126815561089, -0.000243744958425, -0.00130144215655, 0.00100870826282, -0.000417399947764], [-9.59141834755e-06, -4.32295164501e-05, 4.68073885713e-05, 9.36030992307e-05, 0.000193305226276, -0.00140057923272, 0.00539334118366, -0.00133134366479, 0.00124018848874, -0.00116492714733, -0.000488257355755, -0.00132054276764, -0.000181771290954], [-9.72163397819e-05, -3.05522771669e-05, 5.22676018591e-05, -9.48925007833e-05, 0.000105281236756, 0.000164976372616, -0.00133134366479, 0.00856462214142, -0.00145523960236, 0.000193962798221, -0.00120448553935, 0.000533508951776, -0.00151237112004], [-0.000163420423632, 0.000152337917825, -7.00082891854e-05, -0.00103792734444, -0.000581860833336, -0.000126815561089, 0.00124018848874, -0.00145523960236, 0.00830216892064, -0.00233226432465, 0.000741588417441, -0.000970826775301, 0.000569230061956], [-4.14470778196e-05, 4.43169227538e-07, 0.000254496291745, 0.000362161517842, -0.00154017552268, -0.000243744958425, -0.00116492714733, 0.000193962798221, -0.00233226432465, 0.00919323321432, -0.00345338461921, 0.00153654580936, -0.000305998575641], [-0.000222232440137, -0.000310635135975, -0.000249766686466, 0.000731487758458, 0.000915053184144, -0.00130144215655, -0.000488257355755, -0.00120448553935, 0.000741588417441, -0.00345338461921, 0.0110402656719, -0.00246110954322, 0.00102928571869], [-6.15319004282e-05, 0.000355124124326, -0.000487294164486, -0.000496906752232, -0.0012583170319, 0.00100870826282, -0.00132054276764, 0.000533508951776, -0.000970826775301, 0.00153654580936, -0.00246110954322, 0.0119316587225, -0.00347148883156], [-6.12318617641e-05, -0.000296109501505, 0.000227398064453, -0.000893863441888, 0.000750840234105, -0.000417399947764, -0.000181771290954, -0.00151237112004, 0.000569230061956, -0.000305998575641, 0.00102928571869, -0.00347148883156, 0.0107484254986]]
    },
    "spectral_contrast_coeffs": {
        "mean": [-0.717860281467, -0.711478114128, -0.737159907818, -0.786405265331, -0.799517869949, -0.808008372784],
        "stdev": [0.0893935263157, 0.0886610522866, 0.0953126177192, 0.0741653814912, 0.0527940467, 0.0359053350985]
    },
    "spectral_contrast_valleys": {
        "mean": [-6.62105417252, -7.47685003281, -8.32470607758, -8.60293197632, -8.39772415161, -9.77485752106],
        "stdev": [1.9150339365, 1.92140817642, 1.90247106552, 1.86057758331, 1.88360881805, 2.02860498428]
    }
},
"rhythm": {
    "beats_count": 623,
    "beats_loudness": {
        "mean": 0.0638159066439,
        "stdev": 0.0423345193267
    },
    "bpm": 146.975158691,
    "bpm_histogram_first_peak_bpm": 148,
    "bpm_histogram_first_peak_weight": 0.298093616962,
    "bpm_histogram_second_peak_bpm": 140,
    "bpm_histogram_second_peak_spread": 0.266666650772,
    "bpm_histogram_second_peak_weight": 0.0176848880947,
    "danceability": 1.06705546379,
    "onset_rate": 3.77378129959,
    "beats_loudness_band_ratio": {
        "mean": [0.611299157143, 0.172012105584, 0.0899442508817, 0.054959885776, 0.0276767425239, 0.0702909082174],
        "stdev": [0.228307202458, 0.16638199985, 0.10337254405, 0.0780673474073, 0.038417223841, 0.0908119753003]
    },
    "beats_position": [0.371519267559, 0.766258478165, 1.16099774837, 1.5673469305, 1.97369611263, 2.39165520668, 2.80961441994, 3.20435357094, 3.61070299149, 4.01705217361, 4.42340135574, 4.82975053787, 5.24770975113, 5.65405893326, 6.06040811539, 6.46675729752, 6.87310647964, 7.2910656929, 7.70902490616, 8.11537361145, 8.52172279358, 8.93968200684, 9.36925125122, 9.79882049561, 10.22838974, 10.6347389221, 11.0526981354, 11.4706573486, 11.8886165619, 12.3065757751, 12.7245349884, 13.1424942017, 13.5836734772, 14.0248527527, 14.4660310745, 14.8956003189, 15.3251695633, 15.7547388077, 16.1843090057, 16.6138763428, 17.0434455872, 17.4730148315, 17.8909740448, 18.2973232269, 18.7152824402, 19.1216316223, 19.5279808044, 19.9227199554, 20.3406791687, 20.7470283508, 21.153377533, 21.5597267151, 21.9660758972, 22.3840351105, 22.7903842926, 23.1967334747, 23.614692688, 24.0210418701, 24.4273910522, 24.8221302032, 25.2400894165, 25.6580486298, 26.0643978119, 26.470746994, 26.8770961761, 27.2950553894, 27.7014045715, 28.0961437225, 28.5024929047, 28.9088420868, 29.3151912689, 29.7215423584, 30.1394996643, 30.5458488464, 30.9521980286, 31.358549118, 31.7648983002, 32.1828575134, 32.5892066956, 32.9955558777, 33.4019050598, 33.8082542419, 34.2262115479, 34.6209526062, 35.0389099121, 35.4336509705, 35.8400001526, 36.2463493347, 36.6643066406, 37.0706558228, 37.4770050049, 37.883354187, 38.2897033691, 38.7076644897, 39.1256217957, 39.520362854, 39.9383201599, 40.344669342, 40.7510185242, 41.1573677063, 41.5637168884, 41.981678009, 42.3880271912, 42.7943763733, 43.2007255554, 43.6070747375, 44.0134239197, 44.4197731018, 44.8261222839, 45.2440795898, 45.650428772, 46.0451698303, 46.4631271362, 46.8694763184, 47.2758255005, 47.6821746826, 48.0885238647, 48.5064849854, 48.9128341675, 49.3191833496, 49.7255325317, 50.1318817139, 50.538230896, 50.9445800781, 51.362537384, 51.7688865662, 52.1752357483, 52.5815849304, 52.9879341125, 53.3942832947, 53.8122444153, 54.2185935974, 54.6249427795, 55.0312919617, 55.4376411438, 55.8439903259, 56.2503395081, 56.6566886902, 57.0746459961, 57.4809951782, 57.8873443604, 58.305305481, 58.7116546631, 59.1180038452, 59.5243530273, 59.9307022095, 60.3370513916, 60.7434005737, 61.1613578796, 61.5677070618, 61.9740562439, 62.380405426, 62.7867546082, 63.2047157288, 63.6110649109, 64.0174102783, 64.4237594604, 64.8301086426, 65.2364578247, 65.6428070068, 66.0607681274, 66.4671173096, 66.8734664917, 67.2682037354, 67.686164856, 68.0925140381, 68.4988632202, 68.9168243408, 69.3231735229, 69.7295227051, 70.1474838257, 70.5422210693, 70.9601821899, 71.3665313721, 71.7728805542, 72.1792297363, 72.5855789185, 72.9803161621, 73.3982772827, 73.8162307739, 74.2341918945, 74.6289291382, 75.0352783203, 75.4416275024, 75.8479766846, 76.2543258667, 76.6606826782, 77.0670318604, 77.4849853516, 77.8913345337, 78.2976837158, 78.7040328979, 79.1103820801, 79.5283432007, 79.9463043213, 80.3410415649, 80.7473907471, 81.1537399292, 81.5600891113, 81.9664382935, 82.3843994141, 82.7907485962, 83.1970977783, 83.6034469604, 84.0097961426, 84.4161453247, 84.8224945068, 85.2404556274, 85.6468048096, 86.0531539917, 86.4711074829, 86.877456665, 87.2838058472, 87.6901550293, 88.0965042114, 88.5028533936, 88.9092025757, 89.3155517578, 89.7219009399, 90.1398620605, 90.5462112427, 90.9525604248, 91.3589096069, 91.7652587891, 92.1716079712, 92.5779571533, 92.9959182739, 93.4022674561, 93.8086166382, 94.2265777588, 94.6329269409, 95.039276123, 95.4456253052, 95.8519744873, 96.2583236694, 96.6646728516, 97.0826263428, 97.4889755249, 97.895324707, 98.2900695801, 98.7080230713, 99.1143722534, 99.5207214355, 99.9386825562, 100.345031738, 100.75138092, 101.157730103, 101.564079285, 101.970428467, 102.376777649, 102.783126831, 103.189476013, 103.607437134, 104.013786316, 104.420135498, 104.82648468, 105.244445801, 105.650794983, 106.057144165, 106.463493347, 106.869842529, 107.276191711, 107.682540894, 108.088890076, 108.506843567, 108.913192749, 109.319541931, 109.737503052, 110.143852234, 110.550201416, 110.956550598, 111.36289978, 111.769248962, 112.175598145, 112.593559265, 112.988296509, 113.406257629, 113.812606812, 114.218955994, 114.625305176, 115.031654358, 115.449615479, 115.855964661, 116.262313843, 116.680267334, 117.098228455, 117.492965698, 117.887710571, 118.305664062, 118.700408936, 119.106758118, 119.5131073, 119.931060791, 120.337409973, 120.743759155, 121.161720276, 121.568069458, 121.97441864, 122.380767822, 122.787117004, 123.205078125, 123.611427307, 124.017776489, 124.424125671, 124.842086792, 125.248435974, 125.654785156, 126.061134338, 126.467483521, 126.873832703, 127.280181885, 127.686531067, 128.092880249, 128.499221802, 128.905578613, 129.311920166, 129.718276978, 130.12461853, 130.54258728, 130.948928833, 131.355285645, 131.761627197, 132.167984009, 132.5859375, 133.003890991, 133.410247803, 133.816589355, 134.211334229, 134.61769104, 135.024032593, 135.441986084, 135.848342896, 136.254684448, 136.66104126, 137.067382812, 137.485351562, 137.891693115, 138.298049927, 138.704391479, 139.110748291, 139.528701782, 139.935058594, 140.341400146, 140.747756958, 141.165710449, 141.572067261, 141.978408813, 142.384765625, 142.802719116, 143.209060669, 143.61541748, 144.010162354, 144.416503906, 144.822860718, 145.240814209, 145.647155762, 146.065124512, 146.471466064, 146.889434814, 147.284164429, 147.69052124, 148.085250854, 148.491607666, 148.909561157, 149.327529907, 149.745483398, 150.140228271, 150.534957886, 150.952926636, 151.370880127, 151.777236938, 152.183578491, 152.589935303, 152.996276855, 153.402633667, 153.80897522, 154.215332031, 154.621673584, 155.028030396, 155.434371948, 155.852325439, 156.258682251, 156.676635742, 157.082992554, 157.489334106, 157.895690918, 158.302032471, 158.708389282, 159.114730835, 159.521087646, 159.927429199, 160.333786011, 160.751739502, 161.169708252, 161.576049805, 161.982406616, 162.388748169, 162.79510498, 163.213058472, 163.607803345, 164.014144897, 164.420501709, 164.826843262, 165.233200073, 165.651153564, 166.069107056, 166.475463867, 166.88180542, 167.288162231, 167.694503784, 168.100860596, 168.507202148, 168.925170898, 169.34312439, 169.737869263, 170.132598877, 170.550567627, 170.95690918, 171.363265991, 171.769607544, 172.187576294, 172.593917847, 173.000274658, 173.406616211, 173.812973022, 174.219314575, 174.625671387, 175.032012939, 175.449981689, 175.856323242, 176.262680054, 176.680633545, 177.086975098, 177.493331909, 177.899673462, 178.306030273, 178.712371826, 179.118728638, 179.52507019, 179.931427002, 180.337768555, 180.744125366, 181.150466919, 181.55682373, 181.974777222, 182.392745972, 182.799087524, 183.205444336, 183.611785889, 184.0181427, 184.424484253, 184.830841064, 185.237182617, 185.643539429, 186.049880981, 186.456237793, 186.862579346, 187.268936157, 187.686889648, 188.10484314, 188.511199951, 188.917541504, 189.323898315, 189.730239868, 190.13659668, 190.542938232, 190.949295044, 191.355636597, 191.761993408, 192.168334961, 192.574691772, 192.981033325, 193.387390137, 193.805343628, 194.223312378, 194.629653931, 195.036010742, 195.442352295, 195.848709106, 196.255050659, 196.673019409, 197.079360962, 197.485717773, 197.880447388, 198.298416138, 198.716369629, 199.122711182, 199.529067993, 199.947021484, 200.353378296, 200.759719849, 201.154464722, 201.572418213, 201.978775024, 202.385116577, 202.803085327, 203.197814941, 203.604171753, 204.010513306, 204.428482056, 204.834823608, 205.24118042, 205.647521973, 206.053878784, 206.460220337, 206.866577148, 207.272918701, 207.679275513, 208.097229004, 208.503585815, 208.909927368, 209.31628418, 209.722625732, 210.140579224, 210.546936035, 210.953277588, 211.359634399, 211.765975952, 212.183944702, 212.578674316, 212.996643066, 213.414596558, 213.809341431, 214.215682983, 214.622039795, 215.039993286, 215.446350098, 215.85269165, 216.259048462, 216.665390015, 217.071746826, 217.478088379, 217.896057129, 218.302398682, 218.708755493, 219.126708984, 219.544662476, 219.939407349, 220.345748901, 220.752105713, 221.158447266, 221.564804077, 221.97114563, 222.377502441, 222.783843994, 223.190200806, 223.596542358, 224.00289917, 224.420852661, 224.838821411, 225.245162964, 225.651519775, 226.057861328, 226.46421814, 226.870559692, 227.276916504, 227.694869995, 228.112823486, 228.519180298, 228.902313232, 229.320266724, 229.726623535, 230.132965088, 230.550918579, 230.957275391, 231.363616943, 231.769973755, 232.176315308, 232.582672119, 232.989013672, 233.395370483, 233.801712036, 234.219680786, 234.626022339, 235.03237915, 235.427108765, 235.845077515, 236.251419067, 236.669387817, 237.07572937, 237.49369812, 237.900039673, 238.306396484, 238.701126099, 239.119094849, 239.525436401, 239.931793213, 240.338134766, 240.744491577, 241.162445068, 241.568786621, 241.975143433, 242.404708862, 242.84588623, 243.298675537, 243.879180908, 244.471282959, 245.05178833, 245.643890381, 246.224395752, 246.804885864, 247.385391235, 247.954284668, 248.523162842, 249.103668213, 249.684173584, 250.264663696, 250.845169067, 251.437271118, 252.029388428, 252.621490479, 253.190383911, 253.770874023, 254.374603271, 254.978317261, 255.58203125, 256.185760498, 256.789459229, 257.393188477, 257.985290527, 258.577423096, 259.169525146, 259.784851074],
    "bpm_histogram": [0, 0, 0, 0, 0, 0, 0, 0, 0, 0, 0, 0, 0, 0, 0, 0, 0, 0, 0, 0, 0, 0, 0, 0, 0, 0, 0, 0, 0, 0, 0, 0, 0, 0, 0, 0, 0, 0, 0, 0, 0, 0, 0, 0, 0, 0, 0, 0, 0, 0, 0, 0, 0, 0, 0, 0, 0, 0, 0, 0, 0, 0, 0, 0, 0, 0, 0, 0, 0, 0, 0, 0, 0, 0, 0, 0, 0, 0, 0, 0, 0, 0, 0, 0, 0, 0, 0, 0, 0, 0, 0, 0, 0, 0, 0, 0, 0, 0, 0.00160771701485, 0.0096463020891, 0, 0.0128617361188, 0, 0.0160771701485, 0, 0.00482315104455, 0, 0, 0, 0, 0, 0, 0, 0, 0, 0, 0, 0, 0, 0, 0, 0, 0, 0, 0, 0, 0, 0, 0, 0, 0, 0, 0, 0.00160771701485, 0, 0, 0.0064308680594, 0, 0, 0, 0.0176848880947, 0, 0, 0, 0.217041805387, 0, 0, 0, 0.651125431061, 0, 0, 0, 0.0594855323434, 0, 0, 0, 0, 0.00160771701485, 0, 0, 0, 0, 0, 0, 0, 0, 0, 0, 0, 0, 0, 0, 0, 0, 0, 0, 0, 0, 0, 0, 0, 0, 0, 0, 0, 0, 0, 0, 0, 0, 0, 0, 0, 0, 0, 0, 0, 0, 0, 0, 0, 0, 0, 0, 0, 0, 0, 0, 0, 0, 0, 0, 0, 0, 0, 0, 0, 0, 0, 0, 0, 0, 0, 0, 0, 0, 0, 0, 0, 0, 0, 0, 0, 0, 0, 0, 0, 0, 0, 0, 0, 0, 0, 0, 0, 0, 0, 0, 0, 0]
},
"tonal": {
    "chords_changes_rate": 0.0688057020307,
    "chords_number_rate": 0.00338680925779,
    "chords_strength": {
        "mean": 0.486190140247,
        "stdev": 0.115955173969
    },
    "hpcp_crest": {
        "mean": 15.2119779587,
        "stdev": 6.78612279892
    },
    "hpcp_entropy": {
        "mean": 1.69726288319,
        "stdev": 0.693295419216
    },
    "key_edma": {
        "strength": 0.610678136349,
        "key": "E",
        "scale": "major"
    },
    "key_krumhansl": {
        "strength": 0.606084764004,
        "key": "E",
        "scale": "major"
    },
    "key_temperley": {
        "strength": 0.598518610001,
        "key": "E",
        "scale": "major"
    },
    "tuning_diatonic_strength": 0.407254189253,
    "tuning_equal_tempered_deviation": 0.243644550443,
    "tuning_frequency": 434.193115234,
    "tuning_nontempered_energy_ratio": 0.931918799877,
    "hpcp": {
        "mean": [0.0941542983055, 0.0928903967142, 0.0341864973307, 0.0512019693851, 0.0628041476011, 0.0452762544155, 0.0923927351832, 0.164837270975, 0.116800934076, 0.0700478926301, 0.068980127573, 0.0387492291629, 0.0800119712949, 0.0971545428038, 0.0515853650868, 0.0420820526779, 0.0429250225425, 0.0377230122685, 0.0847726240754, 0.0989930853248, 0.0524454303086, 0.0829929411411, 0.160505712032, 0.115667678416, 0.0614251494408, 0.0633050724864, 0.0703783854842, 0.181839033961, 0.177053943276, 0.0656321719289, 0.0829748734832, 0.117823123932, 0.0754504203796, 0.0794592574239, 0.129953235388, 0.0931261926889],
        "stdev": [0.246808663011, 0.256632983685, 0.11304616183, 0.156269580126, 0.183908686042, 0.133186638355, 0.184331506491, 0.317735821009, 0.242801845074, 0.197980687022, 0.209940448403, 0.13325625658, 0.204075410962, 0.242635190487, 0.141393452883, 0.139570400119, 0.141622021794, 0.133675307035, 0.224739745259, 0.257881194353, 0.155671477318, 0.18271304667, 0.328939974308, 0.258656859398, 0.190847977996, 0.200423061848, 0.152897253633, 0.330581575632, 0.306830525398, 0.163776233792, 0.197677627206, 0.287422269583, 0.194239705801, 0.182060360909, 0.29351529479, 0.222055152059]
    },
    "chords_histogram": [2.33511590958, 2.69162201881, 20.677362442, 3.11942958832, 7.55793237686, 0.0713012441993, 4.36720132828, 0.641711235046, 2.35294127464, 1.83600711823, 0.0178253110498, 0.249554365873, 1.65775406361, 0.178253114223, 2.42424249649, 7.20142602921, 12.2281637192, 2.21033859253, 1.15864527225, 4.88413524628, 1.56862747669, 6.54188966751, 5.25846719742, 8.77005386353],
