{
"metadata": {
    "version": {
        "essentia": "2.1-dev",
        "essentia_git_sha": "v2.1_beta3-415-gd5473f3",
        "extractor": "music 2.0"
    },
    "audio_properties": {
        "analysis": {
            "equal_loudness": 0,
            "length": 248.241638184,
            "sample_rate": 44100,
            "start_time": 0,
            "downmix": "mix"
        },
        "bit_rate": 192000,
        "length": 248.241638184,
        "lossless": 0,
        "number_channels": 2,
        "replay_gain": -10.5614299774,
        "sample_rate": 44100,
        "codec": "mp3",
        "md5_encoded": "b46db84c34c2fbf30194205f3fabc1d1"
    },
    "tags": {
        "file_name": "next-too_close.mp3",
        "album": ["Sexy Soul - CD1"],
        "artist": ["Next"],
        "date": ["2002"],
        "genre": ["Soul"],
        "title": ["Too Close"]
    }
},
"lowlevel": {
    "average_loudness": 0.823657929897,
    "barkbands_crest": {
        "mean": 12.2870779037,
        "stdev": 5.15194940567
    },
    "barkbands_flatness_db": {
        "mean": 0.159276932478,
        "stdev": 0.0680430680513
    },
    "barkbands_kurtosis": {
        "mean": 12.71895504,
        "stdev": 48.7417259216
    },
    "barkbands_skewness": {
        "mean": 2.23631024361,
        "stdev": 2.28847312927
    },
    "barkbands_spread": {
        "mean": 25.9277267456,
        "stdev": 20.9552135468
    },
    "dissonance": {
        "mean": 0.446867585182,
        "stdev": 0.0485717877746
    },
    "dynamic_complexity": 4.30381250381,
    "erbbands_crest": {
        "mean": 10.0340366364,
        "stdev": 5.32684326172
    },
    "erbbands_flatness_db": {
        "mean": 0.149065896869,
        "stdev": 0.0542997606099
    },
    "erbbands_kurtosis": {
        "mean": 1.71959376335,
        "stdev": 5.01190805435
    },
    "erbbands_skewness": {
        "mean": 0.538034975529,
        "stdev": 1.19216907024
    },
    "erbbands_spread": {
        "mean": 52.7557640076,
        "stdev": 33.3061943054
    },
    "hfc": {
        "mean": 18.1693592072,
        "stdev": 19.6731586456
    },
    "loudness_ebu128": {
        "integrated": -13.9850215912,
        "loudness_range": 3.56188964844,
        "momentary": {
            "mean": -17.2522602081,
            "stdev": 25.0729827881
        },
        "short_term": {
            "mean": -14.6020126343,
            "stdev": 4.10434818268
        }
    },
    "melbands_crest": {
        "mean": 17.0932826996,
        "stdev": 6.28886604309
    },
    "melbands_flatness_db": {
        "mean": 0.223509192467,
        "stdev": 0.0938744097948
    },
    "melbands_kurtosis": {
        "mean": 38.1533508301,
        "stdev": 80.1268157959
    },
    "melbands_skewness": {
        "mean": 3.92407917976,
        "stdev": 3.20383191109
    },
    "melbands_spread": {
        "mean": 24.8436717987,
        "stdev": 28.0179271698
    },
    "pitch_salience": {
        "mean": 0.492272078991,
        "stdev": 0.14239102602
    },
    "silence_rate_20dB": {
        "mean": 1,
        "stdev": 0
    },
    "silence_rate_30dB": {
        "mean": 0.964178800583,
        "stdev": 0.18584048748
    },
    "silence_rate_60dB": {
        "mean": 0.149925172329,
        "stdev": 0.356990993023
    },
    "spectral_centroid": {
        "mean": 1431.43286133,
        "stdev": 1262.33093262
    },
    "spectral_complexity": {
        "mean": 10.3965578079,
        "stdev": 8.41821670532
    },
    "spectral_decrease": {
        "mean": -6.40504493887e-09,
        "stdev": 8.30107094174e-09
    },
    "spectral_energy": {
        "mean": 0.025822116062,
        "stdev": 0.0324780493975
    },
    "spectral_energyband_high": {
        "mean": 0.00101573613938,
        "stdev": 0.00142258056439
    },
    "spectral_energyband_low": {
        "mean": 0.0128196533769,
        "stdev": 0.0251753497869
    },
    "spectral_energyband_middle_high": {
        "mean": 0.00303476070985,
        "stdev": 0.00539253698662
    },
    "spectral_energyband_middle_low": {
        "mean": 0.00980094168335,
        "stdev": 0.0158414170146
    },
    "spectral_entropy": {
        "mean": 7.62160301208,
        "stdev": 0.675001561642
    },
    "spectral_flux": {
        "mean": 0.0787528455257,
        "stdev": 0.0677779391408
    },
    "spectral_kurtosis": {
        "mean": 3.28184175491,
        "stdev": 5.60104608536
    },
    "spectral_rms": {
        "mean": 0.00420324364677,
        "stdev": 0.0027431785129
    },
    "spectral_rolloff": {
        "mean": 2240.31787109,
        "stdev": 3172.52392578
    },
    "spectral_skewness": {
        "mean": 1.42229247093,
        "stdev": 0.716374516487
    },
    "spectral_spread": {
        "mean": 7137999.5,
        "stdev": 4230270.5
    },
    "spectral_strongpeak": {
        "mean": 0.867308974266,
        "stdev": 1.29252064228
    },
    "zerocrossingrate": {
        "mean": 0.0850800871849,
        "stdev": 0.0734574124217
    },
    "barkbands": {
        "mean": [0.000269630923867, 0.00902183633298, 0.00274460553192, 0.00213882373646, 0.00248290854506, 0.00096520036459, 0.000926938315388, 0.00121798599139, 0.00192262476776, 0.000488554185722, 0.000309273193125, 0.000495535554364, 0.000393272726797, 0.000275609752862, 0.000245820585405, 0.000227960495977, 0.000156023932504, 9.31492031668e-05, 0.000347764231265, 0.000140404241392, 9.40717945923e-05, 0.000173065142008, 0.00021742041281, 0.00016857101582, 0.000197190835024, 0.000100351629953, 7.47357216824e-06],
        "stdev": [0.000578613136895, 0.0197945404798, 0.00788198970258, 0.00725087430328, 0.00538505613804, 0.00199898472056, 0.00216662604362, 0.00540067348629, 0.00679531134665, 0.00164406665135, 0.00180520210415, 0.00212562945671, 0.00150825851597, 0.000980484066531, 0.000881091749761, 0.000608109170571, 0.000360399164492, 0.000198543100851, 0.000866067828611, 0.000379914708901, 0.000164914163179, 0.000271570665063, 0.000549166230485, 0.000261724024313, 0.000312617514282, 0.00016148184659, 1.37761444421e-05]
    },
    "erbbands": {
        "mean": [0.291789352894, 1.88395309448, 3.49926638603, 4.75295591354, 10.1571950912, 6.91515254974, 5.09259366989, 8.84226131439, 11.7876176834, 15.5389881134, 35.0098724365, 47.4993667603, 21.0297355652, 16.1281394958, 16.136297226, 18.5483798981, 16.888923645, 16.2032394409, 14.1526670456, 12.2324266434, 11.4962596893, 8.48516941071, 5.67925834656, 12.7392473221, 15.1402235031, 6.86947250366, 3.81845331192, 4.04442501068, 5.41737222672, 6.66906929016, 6.16950321198, 3.97067379951, 2.75544929504, 2.07449865341, 1.46828961372, 0.532482028008, 0.171870291233, 0.0280262287706, 0.00109195499681, 5.79688894504e-05],
        "stdev": [0.660079479218, 4.29849910736, 8.6568145752, 15.1285762787, 31.2992401123, 11.8279047012, 10.1816663742, 19.9249343872, 23.9173259735, 46.7488899231, 143.824050903, 170.936019897, 69.6352005005, 68.1899490356, 65.0986022949, 70.663848877, 62.533000946, 56.2940711975, 44.2059211731, 33.4622688293, 30.231803894, 18.7569732666, 10.7926578522, 34.0881996155, 35.4889793396, 18.395401001, 6.99729013443, 7.0665640831, 9.14710617065, 11.7040119171, 16.4908332825, 7.13714885712, 4.33262300491, 3.32332348824, 2.3601834774, 0.832425177097, 0.284754037857, 0.0457853078842, 0.00216134078801, 7.07709914423e-05]
    },
    "gfcc": {
        "mean": [-50.6823577881, 56.1500244141, -89.6633377075, 27.2199192047, -71.0509490967, 12.9810857773, -45.0822105408, 10.1610984802, -24.4008407593, 4.8427529335, -18.0937347412, 1.13895189762, -16.8844909668],
        "cov": [[22385.2773438, -60.2431488037, -1129.25317383, 308.617797852, -585.312683105, 716.065734863, -363.308563232, 459.423309326, -364.885620117, 201.441253662, -385.266326904, 32.7707290649, -332.849243164], [-60.2431488037, 2083.59472656, 91.1996307373, 82.6544494629, 364.104614258, 69.8818435669, 348.408538818, 89.8837661743, 172.481399536, -35.2476387024, 215.328857422, -117.922142029, 16.4965858459], [-1129.25317383, 91.1996307373, 1799.75097656, 568.463500977, 467.836578369, 394.126586914, 242.936187744, 150.749328613, 167.800888062, 137.590454102, -13.833735466, 94.2063980103, 20.8471603394], [308.617797852, 82.6544494629, 568.463500977, 1125.87121582, 556.014404297, 191.480270386, 154.884231567, 142.404342651, 205.153259277, 51.6598091125, 4.24251937866, 83.6240844727, 42.6428260803], [-585.312683105, 364.104614258, 467.836578369, 556.014404297, 775.383666992, 317.44128418, 290.373077393, 161.102172852, 155.211639404, 83.484954834, 65.5667648315, -8.69984436035, 43.2005996704], [716.065734863, 69.8818435669, 394.126586914, 191.480270386, 317.44128418, 534.152160645, 277.034088135, 121.530479431, 51.474445343, 96.1330032349, 25.2448616028, 6.98508214951, -30.9348449707], [-363.308563232, 348.408538818, 242.936187744, 154.884231567, 290.373077393, 277.034088135, 442.380828857, 161.86114502, 85.0119171143, 67.8280792236, 107.978614807, 18.2821540833, 10.7417020798], [459.423309326, 89.8837661743, 150.749328613, 142.404342651, 161.102172852, 121.530479431, 161.86114502, 236.837112427, 123.6509552, 73.8057098389, 44.8738555908, 28.0064945221, 38.593662262], [-364.885620117, 172.481399536, 167.800888062, 205.153259277, 155.211639404, 51.474445343, 85.0119171143, 123.6509552, 248.978271484, 87.1502990723, 43.6622161865, 16.5809459686, 51.7665100098], [201.441253662, -35.2476387024, 137.590454102, 51.6598091125, 83.484954834, 96.1330032349, 67.8280792236, 73.8057098389, 87.1502990723, 158.975723267, 57.0747947693, 9.50077629089, 12.4264287949], [-385.266326904, 215.328857422, -13.833735466, 4.24251937866, 65.5667648315, 25.2448616028, 107.978614807, 44.8738555908, 43.6622161865, 57.0747947693, 167.551315308, 20.2519226074, 18.7770881653], [32.7707290649, -117.922142029, 94.2063980103, 83.6240844727, -8.69984436035, 6.98508214951, 18.2821540833, 28.0064945221, 16.5809459686, 9.50077629089, 20.2519226074, 123.143951416, 31.2748947144], [-332.849243164, 16.4965858459, 20.8471603394, 42.6428260803, 43.2005996704, -30.9348449707, 10.7417020798, 38.593662262, 51.7665100098, 12.4264287949, 18.7770881653, 31.2748947144, 99.3052215576]],
        "icov": [[0.000108847336378, -0.000157448812388, 0.000150007224875, -0.000185821234481, 0.000225537020015, -0.00031845876947, 0.000332110736053, -0.000533984100912, 0.000456246722024, -0.000459286442492, 0.000396247633034, -0.000210362428334, 0.000224536765018], [-0.000157448812388, 0.00104686047416, -0.000297006306937, 0.000386467290809, -0.000558080268092, 0.000642086262815, -0.000961183395702, 0.000939683697652, -0.00134794227779, 0.00170019525103, -0.00160463678185, 0.00123194733169, -0.000218329034396], [0.000150007224875, -0.000297006306937, 0.00102850538678, -0.000446330406703, 0.000138707764563, -0.000771148188505, 0.000396242190618, -0.000615520053543, 0.000538832333405, -0.00116183434147, 0.00112104974687, -0.000934749783482, 0.0003705759882], [-0.000185821234481, 0.000386467290809, -0.000446330406703, 0.00209947465919, -0.00168591924012, 0.000738218892366, -0.000372715090634, 0.000904198444914, -0.00179877283517, 0.00135896087158, -0.000389417866245, -0.000841597910039, 0.000263734342298], [0.000225537020015, -0.000558080268092, 0.000138707764563, -0.00168591924012, 0.00370901846327, -0.00165561947506, 3.33439238602e-05, -0.00129903806373, 0.00110902148299, -0.00111032067798, 0.000469440594316, 0.00120154384058, -0.000990889267996], [-0.00031845876947, 0.000642086262815, -0.000771148188505, 0.000738218892366, -0.00165561947506, 0.00484706601128, -0.00285118888132, 0.00126693537459, -0.000824378046673, -5.84794397582e-05, -0.000156606023666, 0.000404484249884, 0.00105629605241], [0.000332110736053, -0.000961183395702, 0.000396242190618, -0.000372715090634, 3.33439238602e-05, -0.00285118888132, 0.00632735528052, -0.00371128250845, 0.00175026746001, -0.000810590689071, -0.000756968045607, -0.00127727794461, 0.000939365592785], [-0.000533984100912, 0.000939683697652, -0.000615520053543, 0.000904198444914, -0.00129903806373, 0.00126693537459, -0.00371128250845, 0.0102457534522, -0.00471464917064, 0.00114689127076, -0.00148525706027, 0.000340273865731, -0.00233775749803], [0.000456246722024, -0.00134794227779, 0.000538832333405, -0.00179877283517, 0.00110902148299, -0.000824378046673, 0.00175026746001, -0.00471464917064, 0.00978822913021, -0.0054213446565, 0.00221383548342, -0.000588549068198, -0.00134117109701], [-0.000459286442492, 0.00170019525103, -0.00116183434147, 0.00135896087158, -0.00111032067798, -5.84794397582e-05, -0.000810590689071, 0.00114689127076, -0.0054213446565, 0.0132890408859, -0.00605405168608, 0.00232248101383, -0.00047829124378], [0.000396247633034, -0.00160463678185, 0.00112104974687, -0.000389417866245, 0.000469440594316, -0.000156606023666, -0.000756968045607, -0.00148525706027, 0.00221383548342, -0.00605405168608, 0.0116381254047, -0.00360780651681, 0.000471840437967], [-0.000210362428334, 0.00123194733169, -0.000934749783482, -0.000841597910039, 0.00120154384058, 0.000404484249884, -0.00127727794461, 0.000340273865731, -0.000588549068198, 0.00232248101383, -0.00360780651681, 0.0123060485348, -0.00392016861588], [0.000224536765018, -0.000218329034396, 0.0003705759882, 0.000263734342298, -0.000990889267996, 0.00105629605241, 0.000939365592785, -0.00233775749803, -0.00134117109701, -0.00047829124378, 0.000471840437967, -0.00392016861588, 0.0141392024234]]
    },
    "melbands": {
        "mean": [0.0025474766735, 0.00207337317988, 0.0010489190463, 0.000667282380164, 0.000180812377948, 0.000190935927094, 0.000189304482774, 0.000179800845217, 0.000303633452859, 0.000285432994133, 9.65537838056e-05, 6.4139116148e-05, 4.96152133564e-05, 6.1170947447e-05, 3.6344412365e-05, 3.84738850698e-05, 2.80372842099e-05, 2.27906984946e-05, 1.74619817699e-05, 1.60829913511e-05, 1.29303516587e-05, 8.70924122864e-06, 6.99792281011e-06, 4.09147833125e-06, 1.08134017864e-05, 1.42498920468e-05, 7.26901271264e-06, 3.88029638998e-06, 2.3189750209e-06, 2.10222628994e-06, 2.44342186306e-06, 2.72285228675e-06, 4.10839038523e-06, 3.51479570782e-06, 3.62148762179e-06, 3.18710681313e-06, 2.17349497689e-06, 2.04263460546e-06, 1.59064688887e-06, 1.7953598217e-06],
        "stdev": [0.00566711369902, 0.0045416560024, 0.00318951881491, 0.00151641888078, 0.000321701169014, 0.00042177180876, 0.000384949846193, 0.000561816152185, 0.00118020910304, 0.00105269521009, 0.00035118960659, 0.000278054649243, 0.000243937814957, 0.000272978795692, 0.000130059939693, 0.000159301853273, 0.000103283615317, 7.72198036429e-05, 7.03777259332e-05, 4.65166849608e-05, 3.66349013348e-05, 2.02280189114e-05, 1.68965998455e-05, 8.77445745573e-06, 3.17203848681e-05, 3.67098036804e-05, 2.09951449506e-05, 1.08353642645e-05, 4.57304304291e-06, 3.94488370148e-06, 4.44030774815e-06, 5.17063381267e-06, 6.2729354795e-06, 7.31054615244e-06, 1.04998025563e-05, 7.37309892429e-06, 3.63612275578e-06, 3.26648637383e-06, 2.64463596977e-06, 2.91492028737e-06]
    },
    "melbands128": {
        "mean": [0.000260000408161, 0.00226631923579, 0.00363276014104, 0.002904092893, 0.00205748272128, 0.0011690359097, 0.000815653125755, 0.00122910749633, 0.00107037147973, 0.000792559643742, 0.000391213485273, 0.000142298566061, 0.000160391937243, 0.000190442675375, 0.0002130317298, 0.000195423403056, 0.00011341660138, 0.000231590252952, 0.000195700849872, 0.000164825833053, 0.000121132259665, 0.000302107713651, 0.000313780037686, 0.000289237796096, 0.000396106945118, 0.000231455254834, 0.000160165785928, 7.11772881914e-05, 5.10907957505e-05, 8.1702877651e-05, 6.20603386778e-05, 4.3633102905e-05, 5.56696941203e-05, 3.4908473026e-05, 7.92663922766e-05, 6.8042158091e-05, 3.8581139961e-05, 2.89351428364e-05, 4.19993339165e-05, 3.54824442184e-05, 3.07526279357e-05, 5.37125051778e-05, 2.37105323322e-05, 1.99279711524e-05, 2.25376352319e-05, 2.30674449995e-05, 2.37701569858e-05, 1.88951762539e-05, 1.25384349303e-05, 1.7833439415e-05, 1.81870727829e-05, 1.16906448966e-05, 1.47058863149e-05, 1.32628247229e-05, 9.58266628004e-06, 7.27514134269e-06, 8.63487912284e-06, 9.64993705566e-06, 5.66073822483e-06, 3.45582589034e-06, 4.09248832511e-06, 4.20763126385e-06, 5.15140845891e-06, 1.22654118968e-05, 2.15662075789e-05, 1.39438916449e-05, 1.10246073746e-05, 9.33194860409e-06, 6.10453344052e-06, 4.92646449857e-06, 4.58324666397e-06, 2.82167366095e-06, 2.30118325817e-06, 2.39275732383e-06, 2.06298227567e-06, 2.23270467359e-06, 1.97589724849e-06, 2.12982740777e-06, 2.61658328782e-06, 2.63095625996e-06, 2.67235577667e-06, 2.78550805888e-06, 2.72961074188e-06, 5.30572606294e-06, 4.14356236433e-06, 3.09806569021e-06, 3.56749706043e-06, 3.63506001122e-06, 3.69833082914e-06, 3.60992066817e-06, 3.38756444762e-06, 3.41659824699e-06, 2.14969327317e-06, 1.98346128855e-06, 2.12258828469e-06, 2.57420492744e-06, 1.78920186045e-06, 1.85502074146e-06, 1.39829387535e-06, 1.49215406964e-06, 1.92367429008e-06, 1.68701228631e-06, 1.96098949345e-06, 1.89561478692e-06, 1.82514247626e-06, 1.5423329387e-06, 1.29813099647e-06, 9.13051394491e-07, 8.75415082646e-07, 7.79789957051e-07, 7.15361011316e-07, 6.12226358498e-07, 5.45008788322e-07, 4.40465015572e-07, 3.69680890344e-07, 2.71592767831e-07, 1.99396041012e-07, 7.05960374603e-08, 4.04630497997e-08, 1.99831813319e-08, 6.18617868042e-09, 1.18065890398e-09, 1.40738989907e-10, 4.02172956396e-12, 3.55380330198e-12, 3.5096721536e-12, 3.47723239091e-12, 3.45267954852e-12],
        "stdev": [0.000569423951674, 0.00525546632707, 0.00890731159598, 0.00687014544383, 0.00489688757807, 0.00367788458243, 0.00302562862635, 0.00435123872012, 0.00379795138724, 0.00163746043108, 0.000714607595, 0.000334652606398, 0.000416183989728, 0.00055036827689, 0.000594587996602, 0.000549260817934, 0.000410690670833, 0.000568690011278, 0.000621824990958, 0.000710746273398, 0.000795173633378, 0.00148728641216, 0.00176964828279, 0.00151193735655, 0.00175306794699, 0.00137619615998, 0.000866805610713, 0.000313336146064, 0.000214639236219, 0.000398114527343, 0.000418713170802, 0.000354500079993, 0.000401378696552, 0.000177265086677, 0.000544041045941, 0.000332623661961, 0.000265670212684, 0.00014818366617, 0.000203198273084, 0.000233329381444, 0.000208448953344, 0.000298590224702, 0.000120114877063, 0.000121394128655, 0.000153037341079, 9.31722388486e-05, 0.000119382668345, 0.00014085638395, 4.86949393235e-05, 7.65686054365e-05, 6.9833600719e-05, 4.69774895464e-05, 6.25598840998e-05, 4.99205525557e-05, 3.13279742841e-05, 2.32474503719e-05, 3.21711013385e-05, 3.05736393784e-05, 1.70294733834e-05, 8.59495958139e-06, 1.00260131148e-05, 1.20028753372e-05, 1.72202508111e-05, 5.37602609256e-05, 8.78907521837e-05, 4.9360027333e-05, 3.56001946784e-05, 3.63488870789e-05, 2.74357716989e-05, 2.58762756857e-05, 1.55427442223e-05, 6.83589451e-06, 6.01873580308e-06, 5.88811190028e-06, 5.46896080778e-06, 4.75693059343e-06, 4.23393657911e-06, 4.07025481763e-06, 5.13800614499e-06, 5.63365938433e-06, 5.37655841981e-06, 6.00496059633e-06, 5.48884099771e-06, 8.78229548107e-06, 7.14547422831e-06, 6.17840669292e-06, 9.15319469641e-06, 1.13961395982e-05, 1.1424852346e-05, 1.1281172192e-05, 9.52287882683e-06, 7.22753475202e-06, 4.29480496678e-06, 3.65732398677e-06, 3.68902828995e-06, 4.41270458396e-06, 3.09984807245e-06, 3.18896331919e-06, 2.73697582998e-06, 2.53989469456e-06, 3.34488390763e-06, 2.92598929263e-06, 3.27978659698e-06, 2.96170469483e-06, 3.10532664116e-06, 2.94405322165e-06, 2.17779847844e-06, 1.4684630969e-06, 1.4097456642e-06, 1.28473323002e-06, 1.25638223381e-06, 1.06007917111e-06, 9.40675988659e-07, 7.58153475999e-07, 6.5475194333e-07, 4.43787342874e-07, 3.39817148642e-07, 1.79475776463e-07, 1.51487398625e-07, 8.08129030361e-08, 3.04062162115e-08, 8.04053090775e-09, 1.19730991788e-09, 1.08923686043e-11, 7.41274836652e-12, 7.3187948757e-12, 7.24996451762e-12, 7.20629328779e-12]
    },
    "mfcc": {
        "mean": [-696.96862793, 92.058380127, 27.4863395691, 15.1248073578, 0.924778223038, -0.379979610443, -8.11172199249, 0.40976190567, -6.9642291069, 3.35468173027, 0.588724017143, -3.99770593643, 0.765844464302],
        "cov": [[10791.6113281, -114.524742126, -427.350097656, -132.703842163, 75.9041366577, 160.047149658, 173.874465942, 195.207901001, 75.9335632324, 263.564331055, 120.511924744, -149.730987549, 33.4377632141], [-114.524742126, 1832.71130371, 104.43611145, -27.3245830536, 43.5231132507, 32.5303840637, 225.93321228, 93.4693222046, 30.2414875031, 116.247039795, 133.986465454, 83.6232147217, 61.5235290527], [-427.350097656, 104.43611145, 1199.90075684, 282.453216553, 266.020080566, 259.978271484, 124.320220947, 139.125778198, 198.408737183, -0.0971964672208, 96.6172866821, 141.400619507, 52.4693374634], [-132.703842163, -27.3245830536, 282.453216553, 888.599731445, 427.261260986, 224.158447266, 76.4217529297, 195.651916504, 182.621170044, 80.3459396362, 28.6523151398, 96.1684799194, 109.902320862], [75.9041366577, 43.5231132507, 266.020080566, 427.261260986, 561.851257324, 284.233673096, 148.911590576, 133.1796875, 192.296417236, 123.461273193, 44.8808708191, 84.4000701904, 54.1035385132], [160.047149658, 32.5303840637, 259.978271484, 224.158447266, 284.233673096, 455.664581299, 252.2003479, 174.151397705, 141.422241211, 89.0995559692, 123.647155762, 71.9202804565, 11.1568832397], [173.874465942, 225.93321228, 124.320220947, 76.4217529297, 148.911590576, 252.2003479, 440.710235596, 170.663894653, 107.903198242, 94.6649856567, 135.554260254, 67.8875350952, 34.7033233643], [195.207901001, 93.4693222046, 139.125778198, 195.651916504, 133.1796875, 174.151397705, 170.663894653, 262.789764404, 132.581222534, 54.1879425049, 77.0623016357, 59.5091323853, 50.0493278503], [75.9335632324, 30.2414875031, 198.408737183, 182.621170044, 192.296417236, 141.422241211, 107.903198242, 132.581222534, 257.086242676, 99.4863891602, 57.2998275757, 72.6378479004, 47.5727119446], [263.564331055, 116.247039795, -0.0971964672208, 80.3459396362, 123.461273193, 89.0995559692, 94.6649856567, 54.1879425049, 99.4863891602, 224.445541382, 94.5324707031, 30.3925647736, 43.7996025085], [120.511924744, 133.986465454, 96.6172866821, 28.6523151398, 44.8808708191, 123.647155762, 135.554260254, 77.0623016357, 57.2998275757, 94.5324707031, 188.770431519, 63.2013778687, 29.3291110992], [-149.730987549, 83.6232147217, 141.400619507, 96.1684799194, 84.4000701904, 71.9202804565, 67.8875350952, 59.5091323853, 72.6378479004, 30.3925647736, 63.2013778687, 149.88130188, 58.0523643494], [33.4377632141, 61.5235290527, 52.4693374634, 109.902320862, 54.1035385132, 11.1568832397, 34.7033233643, 50.0493278503, 47.5727119446, 43.7996025085, 29.3291110992, 58.0523643494, 122.541305542]],
        "icov": [[0.000101997073216, 1.41797609103e-05, 3.32225281454e-05, 4.6585828386e-05, -2.73731566267e-05, -2.33493301494e-05, 9.9957051134e-06, -0.000104652426671, 5.82316488362e-06, -9.190927085e-05, -3.88862827094e-05, 0.000156051508384, -7.08634615876e-05], [1.41797609103e-05, 0.000631656323094, -6.2146835262e-05, 8.02247450338e-05, -8.4858678747e-05, 0.00029341300251, -0.000311287061777, -0.000168775310158, 0.000235608968069, -0.000256720202742, -0.000192471052287, -0.000169182894751, -7.19954987289e-05], [3.32225281454e-05, -6.2146835262e-05, 0.00116552622057, -7.32440967113e-05, -0.000190252932953, -0.000403626996558, 0.000161105010193, 0.000117012590636, -0.000671353947837, 0.000741462165024, -0.000432235829066, -0.000411190179875, -9.00329905562e-05], [4.6585828386e-05, 8.02247450338e-05, -7.32440967113e-05, 0.00216989498585, -0.00140235666186, -0.000125398946693, 0.000544598326087, -0.0010997899808, 7.64199139667e-05, 9.04059415916e-05, 0.000197013199795, 3.1774652598e-05, -0.00116637418978], [-2.73731566267e-05, -8.4858678747e-05, -0.000190252932953, -0.00140235666186, 0.00434897141531, -0.00180139578879, -0.000250323966611, 0.000836789316963, -0.00112954771612, -0.00129741500132, 0.0015418806579, -0.000616427627392, 0.000187490644748], [-2.33493301494e-05, 0.00029341300251, -0.000403626996558, -0.000125398946693, -0.00180139578879, 0.00535218138248, -0.0016276469687, -0.00127753836568, 0.00016098836204, 8.4743660409e-05, -0.001686968375, -0.000116731149319, 0.00180139217991], [9.9957051134e-06, -0.000311287061777, 0.000161105010193, 0.000544598326087, -0.000250323966611, -0.0016276469687, 0.00431932788342, -0.00152232777327, -2.09290628845e-05, -0.000140923191793, -0.00114242639393, -8.16717001726e-05, -0.000375983363483], [-0.000104652426671, -0.000168775310158, 0.000117012590636, -0.0010997899808, 0.000836789316963, -0.00127753836568, -0.00152232777327, 0.00756064010784, -0.00254107732326, 0.00110358919483, -0.000721065618563, 0.000184381598956, -0.00118318118621], [5.82316488362e-06, 0.000235608968069, -0.000671353947837, 7.64199139667e-05, -0.00112954771612, 0.00016098836204, -2.09290628845e-05, -0.00254107732326, 0.00759741198272, -0.00250145001337, 0.000817289168481, -0.00152078433894, 9.63451529969e-05], [-9.190927085e-05, -0.000256720202742, 0.000741462165024, 9.04059415916e-05, -0.00129741500132, 8.4743660409e-05, -0.000140923191793, 0.00110358919483, -0.00250145001337, 0.00794305745512, -0.00367681146599, 0.00144414405804, -0.00176239991561], [-3.88862827094e-05, -0.000192471052287, -0.000432235829066, 0.000197013199795, 0.0015418806579, -0.001686968375, -0.00114242639393, -0.000721065618563, 0.000817289168481, -0.00367681146599, 0.0100243138149, -0.0028407049831, 0.000149919185787], [0.000156051508384, -0.000169182894751, -0.000411190179875, 3.1774652598e-05, -0.000616427627392, -0.000116731149319, -8.16717001726e-05, 0.000184381598956, -0.00152078433894, 0.00144414405804, -0.0028407049831, 0.0108311614022, -0.00395647343248], [-7.08634615876e-05, -7.19954987289e-05, -9.00329905562e-05, -0.00116637418978, 0.000187490644748, 0.00180139217991, -0.000375983363483, -0.00118318118621, 9.63451529969e-05, -0.00176239991561, 0.000149919185787, -0.00395647343248, 0.0120745263994]]
    },
    "spectral_contrast_coeffs": {
        "mean": [-0.659969210625, -0.737882018089, -0.76234036684, -0.788026928902, -0.796673893929, -0.801858901978],
        "stdev": [0.117203727365, 0.0900670513511, 0.0961966067553, 0.0782585442066, 0.0657299980521, 0.0479418076575]
    },
    "spectral_contrast_valleys": {
        "mean": [-7.88498830795, -7.44515705109, -8.560546875, -8.69393825531, -8.44246292114, -10.102930069],
        "stdev": [2.45811295509, 2.22846627235, 2.16319894791, 2.16407489777, 2.17099785805, 2.10374403]
    }
},
"rhythm": {
    "beats_count": 410,
    "beats_loudness": {
        "mean": 0.0755170285702,
        "stdev": 0.0320355147123
    },
    "bpm": 99.4539642334,
    "bpm_histogram_first_peak_bpm": 99,
    "bpm_histogram_first_peak_weight": 0.0666667222977,
    "bpm_histogram_second_peak_bpm": 91,
    "bpm_histogram_second_peak_spread": 0.25,
    "bpm_histogram_second_peak_weight": 0.00733496341854,
    "danceability": 1.53460144997,
    "onset_rate": 4.12879991531,
    "beats_loudness_band_ratio": {
        "mean": [0.709971785545, 0.141305595636, 0.0684008896351, 0.039149645716, 0.0281756408513, 0.060715444386],
        "stdev": [0.198171466589, 0.139058530331, 0.101235076785, 0.0600447170436, 0.0317602418363, 0.0398461744189]
    },
    "beats_position": [0.638548731804, 1.28870749474, 1.95047616959, 2.61224484444, 3.28562355042, 3.90095233917, 4.5046710968, 5.11999988556, 5.71210861206, 6.31582736969, 6.91954612732, 7.52326536179, 8.12698364258, 8.73070240021, 9.33442115784, 9.93814086914, 10.5418596268, 11.1455783844, 11.749297142, 12.3530158997, 12.9567346573, 13.5604534149, 14.1641721725, 14.7678909302, 15.3716096878, 15.9753284454, 16.5790481567, 17.1827659607, 17.786485672, 18.390203476, 18.9939231873, 19.5976409912, 20.2013607025, 20.8050785065, 21.4087982178, 22.0009059906, 22.5930156708, 23.1967334747, 23.800453186, 24.40417099, 25.0078907013, 25.6116104126, 26.2153282166, 26.8190479279, 27.4227657318, 28.0264854431, 28.6302032471, 29.2339229584, 29.8376407623, 30.4413604736, 31.0450782776, 31.6487979889, 32.2525177002, 32.8562355042, 33.4599533081, 34.0636711121, 34.6673927307, 35.2711105347, 35.8748283386, 36.4785499573, 37.0822677612, 37.6859855652, 38.2897033691, 38.8934249878, 39.4971427917, 40.1008605957, 40.7045783997, 41.3083000183, 41.9120178223, 42.5157356262, 43.1194534302, 43.7115631104, 44.3036727905, 44.9073905945, 45.5111083984, 46.1148300171, 46.718547821, 47.322265625, 47.9259872437, 48.5297050476, 49.1334228516, 49.7371406555, 50.3408622742, 50.9445800781, 51.5482978821, 52.152015686, 52.7557373047, 53.3594551086, 53.9631729126, 54.5668907166, 55.1706123352, 55.7743301392, 56.3780479431, 56.9817695618, 57.5854873657, 58.1892051697, 58.7929229736, 59.3966445923, 60.0003623962, 60.6040802002, 61.2077980042, 61.8115196228, 62.4152374268, 63.0189552307, 63.6110649109, 64.2031707764, 64.806892395, 65.4106140137, 66.0143280029, 66.6180496216, 67.2217712402, 67.8254852295, 68.4292068481, 69.0329208374, 69.6366424561, 70.2403640747, 70.844078064, 71.4477996826, 72.0515213013, 72.6552352905, 73.2589569092, 73.8626708984, 74.4663925171, 75.0701141357, 75.673828125, 76.2775497437, 76.8812713623, 77.4849853516, 78.0887069702, 78.6924285889, 79.2961425781, 79.8998641968, 80.503578186, 81.1072998047, 81.7110214233, 82.3147354126, 82.9184570312, 83.5221786499, 84.1258926392, 84.7180023193, 85.3101119995, 85.9138336182, 86.5291595459, 87.1212692261, 87.7249908447, 88.328704834, 88.9324264526, 89.5361404419, 90.1398620605, 90.7435836792, 91.3472976685, 91.9510192871, 92.5547409058, 93.158454895, 93.7621765137, 94.3658905029, 94.9696121216, 95.5733337402, 96.1770477295, 96.7807693481, 97.3844909668, 97.9882049561, 98.5919265747, 99.1956481934, 99.7993621826, 100.403083801, 101.006797791, 101.610519409, 102.214241028, 102.817955017, 103.421676636, 104.013786316, 104.605895996, 105.209609985, 105.813331604, 106.417053223, 107.020767212, 107.624488831, 108.22820282, 108.831924438, 109.435646057, 110.039360046, 110.643081665, 111.246803284, 111.850517273, 112.454238892, 113.05796051, 113.6616745, 114.265396118, 114.869110107, 115.472831726, 116.076553345, 116.680267334, 117.283988953, 117.887710571, 118.491424561, 119.095146179, 119.698867798, 120.302581787, 120.906303406, 121.510017395, 122.113739014, 122.717460632, 123.321174622, 123.92489624, 124.528617859, 125.132331848, 125.736053467, 126.328163147, 126.920272827, 127.523986816, 128.127700806, 128.731430054, 129.335144043, 129.938858032, 130.54258728, 131.14630127, 131.750015259, 132.353744507, 132.957458496, 133.561172485, 134.164901733, 134.768615723, 135.372329712, 135.97605896, 136.579772949, 137.183486938, 137.787200928, 138.390930176, 138.994644165, 139.598358154, 140.202087402, 140.805801392, 141.409515381, 142.013244629, 142.616958618, 143.220672607, 143.824401855, 144.428115845, 145.031829834, 145.635559082, 146.239273071, 146.831375122, 147.423492432, 148.027206421, 148.63092041, 149.234649658, 149.838363647, 150.442077637, 151.045806885, 151.649520874, 152.253234863, 152.856964111, 153.460678101, 154.06439209, 154.668121338, 155.271835327, 155.875549316, 156.479278564, 157.082992554, 157.686706543, 158.290420532, 158.89414978, 159.49786377, 160.101577759, 160.705307007, 161.309020996, 161.912734985, 162.516464233, 163.120178223, 163.723892212, 164.32762146, 164.931335449, 165.535049438, 166.138778687, 166.730880737, 167.334594727, 167.938323975, 168.542037964, 169.134140015, 169.737869263, 170.341583252, 170.945297241, 171.549026489, 172.152740479, 172.756454468, 173.360183716, 173.963897705, 174.567611694, 175.171340942, 175.775054932, 176.378768921, 176.982498169, 177.586212158, 178.189926147, 178.793640137, 179.397369385, 180.001083374, 180.604797363, 181.208526611, 181.812240601, 182.41595459, 183.019683838, 183.623397827, 184.227111816, 184.830841064, 185.434555054, 186.038269043, 186.641998291, 187.24571228, 187.84942627, 188.441543579, 189.03364563, 189.637359619, 190.241088867, 190.844802856, 191.448516846, 192.052246094, 192.655960083, 193.259674072, 193.86340332, 194.46711731, 195.070831299, 195.674560547, 196.278274536, 196.881988525, 197.485717773, 198.089431763, 198.693145752, 199.296859741, 199.900588989, 200.504302979, 201.108016968, 201.711746216, 202.315460205, 202.919174194, 203.522903442, 204.126617432, 204.730331421, 205.334060669, 205.937774658, 206.541488647, 207.145217896, 207.748931885, 208.341033936, 208.933151245, 209.536865234, 210.140579224, 210.744308472, 211.348022461, 211.95173645, 212.555465698, 213.159179688, 213.762893677, 214.366622925, 214.970336914, 215.574050903, 216.177780151, 216.781494141, 217.38520813, 217.988937378, 218.592651367, 219.196365356, 219.800079346, 220.403808594, 221.007522583, 221.611236572, 222.21496582, 222.81867981, 223.422393799, 224.026123047, 224.629837036, 225.233551025, 225.837280273, 226.440994263, 227.044708252, 227.6484375, 228.252151489, 228.855865479, 229.459594727, 230.063308716, 230.667022705, 231.270736694, 231.874465942, 232.478179932, 233.070297241, 233.67401123, 234.266113281, 234.869842529, 235.473556519, 236.077270508, 236.680999756, 237.284713745, 237.888427734, 238.492156982, 239.095870972, 239.699584961, 240.30329895, 240.907028198, 241.510742188, 242.114456177, 242.718185425, 243.321899414, 243.925613403, 244.529342651, 245.133056641, 245.748382568, 246.375320435, 247.002258301, 247.629196167],
    "bpm_histogram": [0, 0, 0, 0, 0, 0, 0, 0, 0, 0, 0, 0, 0, 0, 0, 0, 0, 0, 0, 0, 0, 0, 0, 0, 0, 0, 0, 0, 0, 0, 0, 0, 0, 0, 0, 0, 0, 0, 0, 0, 0, 0, 0, 0, 0, 0, 0, 0, 0, 0, 0, 0, 0, 0, 0, 0, 0, 0, 0, 0, 0, 0, 0, 0, 0, 0, 0, 0, 0, 0, 0, 0, 0, 0, 0, 0, 0, 0, 0, 0, 0, 0, 0, 0, 0, 0, 0, 0, 0, 0.00244498788379, 0, 0.00488997576758, 0.00244498788379, 0, 0, 0, 0.00733496341854, 0, 0.00977995153517, 0.914425432682, 0, 0.0586797073483, 0, 0, 0, 0, 0, 0, 0, 0, 0, 0, 0, 0, 0, 0, 0, 0, 0, 0, 0, 0, 0, 0, 0, 0, 0, 0, 0, 0, 0, 0, 0, 0, 0, 0, 0, 0, 0, 0, 0, 0, 0, 0, 0, 0, 0, 0, 0, 0, 0, 0, 0, 0, 0, 0, 0, 0, 0, 0, 0, 0, 0, 0, 0, 0, 0, 0, 0, 0, 0, 0, 0, 0, 0, 0, 0, 0, 0, 0, 0, 0, 0, 0, 0, 0, 0, 0, 0, 0, 0, 0, 0, 0, 0, 0, 0, 0, 0, 0, 0, 0, 0, 0, 0, 0, 0, 0, 0, 0, 0, 0, 0, 0, 0, 0, 0, 0, 0, 0, 0, 0, 0, 0, 0, 0, 0, 0, 0, 0, 0, 0, 0, 0, 0, 0, 0, 0, 0, 0, 0, 0, 0, 0, 0, 0, 0, 0, 0, 0]
},
"tonal": {
    "chords_changes_rate": 0.0678885355592,
    "chords_number_rate": 0.00149616610724,
    "chords_strength": {
        "mean": 0.545007824898,
        "stdev": 0.147418111563
    },
    "hpcp_crest": {
        "mean": 14.0179719925,
        "stdev": 6.90369606018
    },
    "hpcp_entropy": {
        "mean": 1.90876030922,
        "stdev": 0.823584735394
    },
    "key_edma": {
        "strength": 0.716121613979,
        "key": "D",
        "scale": "major"
    },
    "key_krumhansl": {
        "strength": 0.708839833736,
        "key": "D",
        "scale": "major"
    },
    "key_temperley": {
        "strength": 0.694936931133,
        "key": "D",
        "scale": "major"
    },
    "tuning_diatonic_strength": 0.766510725021,
    "tuning_equal_tempered_deviation": 0.18902553618,
    "tuning_frequency": 436.456176758,
    "tuning_nontempered_energy_ratio": 0.8976354599,
    "hpcp": {
        "mean": [0.364701628685, 0.309403181076, 0.108817204833, 0.0494754165411, 0.0403717085719, 0.0474070645869, 0.121552228928, 0.130456626415, 0.0617340356112, 0.0439593419433, 0.0374238714576, 0.0424472540617, 0.0743988156319, 0.0902883037925, 0.0810224488378, 0.103302039206, 0.0970970615745, 0.0545529350638, 0.0388658158481, 0.0401061289012, 0.0669469684362, 0.138015985489, 0.154782101512, 0.0981570780277, 0.0643734633923, 0.081280566752, 0.114462204278, 0.143924966455, 0.144822865725, 0.130199328065, 0.139305055141, 0.103404432535, 0.0627667307854, 0.0700045824051, 0.0993550270796, 0.196413204074],
        "stdev": [0.387126326561, 0.360976368189, 0.202350139618, 0.151454403996, 0.135728791356, 0.133059352636, 0.247088387609, 0.246575623751, 0.162732824683, 0.150526329875, 0.133569672704, 0.136592686176, 0.167534023523, 0.193223819137, 0.17816080153, 0.220284834504, 0.210480153561, 0.153880268335, 0.131537586451, 0.124972693622, 0.164385318756, 0.258142590523, 0.266985505819, 0.201198145747, 0.168579369783, 0.213075503707, 0.25383657217, 0.262656986713, 0.267503798008, 0.230664342642, 0.290657073259, 0.21059769392, 0.158631235361, 0.177869468927, 0.212704569101, 0.282753437757]
    },
    "chords_histogram": [38.8068084717, 13.0727510452, 28.6328773499, 1.08472037315, 0.0748083069921, 0, 0.467551887035, 0.130914524198, 0, 0, 1.42135775089, 0.037404153496, 0, 0, 0, 0.018702076748, 0.037404153496, 7.59304285049, 0.822891354561, 2.0572283268, 0.972507953644, 0.542360186577, 0.729380965233, 3.49728822708],
    "thpcp": [1, 0.848373472691, 0.298373222351, 0.135659977794, 0.11069791019, 0.129988625646, 0.333292245865, 0.357707828283, 0.169272720814, 0.120535083115, 0.10261503607, 0.116388991475, 0.203999131918, 0.247567594051, 0.222160920501, 0.283250838518, 0.26623699069, 0.149582371116, 0.106568805873, 0.109969697893, 0.183566406369, 0.378435343504, 0.424407482147, 0.269143521786, 0.176509946585, 0.222868666053, 0.31385165453, 0.394637584686, 0.397099584341, 0.357002317905, 0.381969928741, 0.283531576395, 0.172104328871, 0.191950291395, 0.272428244352, 0.538558602333],
    "chords_key": "D",
    "chords_scale": "major"
}
}