{
"metadata": {
    "version": {
        "essentia": "2.1-dev",
        "essentia_git_sha": "v2.1_beta3-415-gd5473f3",
        "extractor": "music 2.0"
    },
    "audio_properties": {
        "analysis": {
            "equal_loudness": 0,
            "length": 189.857955933,
            "sample_rate": 44100,
            "start_time": 0,
            "downmix": "mix"
        },
        "bit_rate": 192000,
        "length": 189.857955933,
        "lossless": 0,
        "number_channels": 2,
        "replay_gain": -7.23469543457,
        "sample_rate": 44100,
        "codec": "mp3",
        "md5_encoded": "8af9d743ea8ccf37935e5601a91f43d9"
    },
    "tags": {
        "file_name": "otis_redding-my_lover_s_prayer.mp3",
        "album": ["Dreams To Remember (The very best of Otis Red"],
        "artist": ["Otis Redding"],
        "genre": ["blues"],
        "title": ["16 My Lover's Prayer"]
    }
},
"lowlevel": {
    "average_loudness": 0.674187064171,
    "barkbands_crest": {
        "mean": 10.2665348053,
        "stdev": 3.91728663445
    },
    "barkbands_flatness_db": {
        "mean": 0.200593948364,
        "stdev": 0.0668423324823
    },
    "barkbands_kurtosis": {
        "mean": 4.69295358658,
        "stdev": 7.72811317444
    },
    "barkbands_skewness": {
        "mean": 1.23071277142,
        "stdev": 1.19648945332
    },
    "barkbands_spread": {
        "mean": 12.3530063629,
        "stdev": 8.98254585266
    },
    "dissonance": {
        "mean": 0.427758991718,
        "stdev": 0.0516791902483
    },
    "dynamic_complexity": 5.64455270767,
    "erbbands_crest": {
        "mean": 11.0924062729,
        "stdev": 5.04394817352
    },
    "erbbands_flatness_db": {
        "mean": 0.216758608818,
        "stdev": 0.0417563691735
    },
    "erbbands_kurtosis": {
        "mean": 1.71183025837,
        "stdev": 4.74263048172
    },
    "erbbands_skewness": {
        "mean": 0.504748463631,
        "stdev": 0.893375575542
    },
    "erbbands_spread": {
        "mean": 23.0440330505,
        "stdev": 12.8195848465
    },
    "hfc": {
        "mean": 12.0437955856,
        "stdev": 20.0129795074
    },
    "loudness_ebu128": {
        "integrated": -18.4692668915,
        "loudness_range": 5.80860710144,
        "momentary": {
            "mean": -22.0559806824,
            "stdev": 17.141544342
        },
        "short_term": {
            "mean": -19.5228252411,
            "stdev": 3.60398459435
        }
    },
    "melbands_crest": {
        "mean": 13.1187696457,
        "stdev": 4.90724611282
    },
    "melbands_flatness_db": {
        "mean": 0.276818156242,
        "stdev": 0.100047178566
    },
    "melbands_kurtosis": {
        "mean": 8.61507225037,
        "stdev": 12.9882946014
    },
    "melbands_skewness": {
        "mean": 1.7912812233,
        "stdev": 1.43256354332
    },
    "melbands_spread": {
        "mean": 17.4037017822,
        "stdev": 15.8942556381
    },
    "pitch_salience": {
        "mean": 0.550190329552,
        "stdev": 0.104434758425
    },
    "silence_rate_20dB": {
        "mean": 1,
        "stdev": 0
    },
    "silence_rate_30dB": {
        "mean": 0.991929590702,
        "stdev": 0.0894726142287
    },
    "silence_rate_60dB": {
        "mean": 0.246148198843,
        "stdev": 0.430751442909
    },
    "spectral_centroid": {
        "mean": 995.645019531,
        "stdev": 966.344116211
    },
    "spectral_complexity": {
        "mean": 12.0321598053,
        "stdev": 8.66947841644
    },
    "spectral_decrease": {
        "mean": -4.29194901841e-09,
        "stdev": 5.53461720898e-09
    },
    "spectral_energy": {
        "mean": 0.017291162163,
        "stdev": 0.0222907755524
    },
    "spectral_energyband_high": {
        "mean": 0.000171573788975,
        "stdev": 0.000437677488662
    },
    "spectral_energyband_low": {
        "mean": 0.00517873978242,
        "stdev": 0.0106165101752
    },
    "spectral_energyband_middle_high": {
        "mean": 0.00483294855803,
        "stdev": 0.0106339873746
    },
    "spectral_energyband_middle_low": {
        "mean": 0.00790075398982,
        "stdev": 0.0124689722434
    },
    "spectral_entropy": {
        "mean": 6.81719875336,
        "stdev": 0.617796778679
    },
    "spectral_flux": {
        "mean": 0.0519810020924,
        "stdev": 0.0515651367605
    },
    "spectral_kurtosis": {
        "mean": 13.5608921051,
        "stdev": 10.3375854492
    },
    "spectral_rms": {
        "mean": 0.00344793219119,
        "stdev": 0.00223187846132
    },
    "spectral_rolloff": {
        "mean": 1153.89746094,
        "stdev": 1614.1932373
    },
    "spectral_skewness": {
        "mean": 2.4976143837,
        "stdev": 1.08764588833
    },
    "spectral_spread": {
        "mean": 3014730.25,
        "stdev": 2993647.75
    },
    "spectral_strongpeak": {
        "mean": 1.05950891972,
        "stdev": 1.61146533489
    },
    "zerocrossingrate": {
        "mean": 0.0402052253485,
        "stdev": 0.0428757965565
    },
    "barkbands": {
        "mean": [4.51409068774e-05, 0.00291578564793, 0.00167211447842, 0.00123009004164, 0.00160053593572, 0.00107540108729, 0.00080515810987, 0.00101232354064, 0.00154088437557, 0.00122713751625, 0.000501658883877, 0.000807846605312, 0.000537877262104, 0.000671033049002, 0.000509004457854, 0.000265960115939, 0.00024897561525, 0.000266281422228, 0.00013642894919, 0.000102805788629, 7.34123095754e-05, 1.74426277226e-05, 1.15228258437e-05, 7.33203842174e-06, 5.79946845392e-06, 3.14730277751e-06, 1.07977179198e-07],
        "stdev": [0.000116259710921, 0.00610725954175, 0.00461869314313, 0.0032192862127, 0.00374146434478, 0.00205911579542, 0.00326732685789, 0.0035107601434, 0.00571558205411, 0.00608842726797, 0.00245133740827, 0.00336215505376, 0.00235039694235, 0.0029005932156, 0.00167048315052, 0.000843500718474, 0.000675866787788, 0.000740861636586, 0.000400645658374, 0.000271338736638, 0.000217652937863, 4.84768570459e-05, 3.69877307094e-05, 2.43607901211e-05, 1.79085473064e-05, 9.29505313252e-06, 3.8798086166e-07]
    },
    "erbbands": {
        "mean": [0.0655177310109, 0.716806948185, 2.03670167923, 2.93128848076, 4.74062633514, 5.98435878754, 5.37495613098, 9.7179813385, 12.085231781, 15.237452507, 23.0763149261, 34.3271102905, 47.4545593262, 24.8927822113, 25.648103714, 33.9676933289, 27.2212142944, 37.1679039001, 24.5849475861, 20.744348526, 16.3014221191, 12.9072504044, 14.0455675125, 10.5820798874, 6.21374607086, 4.99137592316, 4.11564397812, 1.78760671616, 0.689599514008, 0.386827886105, 0.323239594698, 0.196280285716, 0.104245238006, 0.0657929033041, 0.0404990762472, 0.0171321444213, 0.00525422161445, 0.000680921133608, 2.422365651e-05, 2.07861958188e-05],
        "stdev": [0.116311341524, 1.63251030445, 5.38042116165, 6.52364826202, 14.3788576126, 11.0215539932, 8.13828468323, 20.423210144, 45.917930603, 57.9856376648, 66.0120010376, 124.47882843, 238.510925293, 128.036682129, 99.7356567383, 138.035995483, 109.233512878, 164.99760437, 74.5274734497, 69.7642059326, 47.2776603699, 33.1918907166, 38.3221702576, 30.9054107666, 16.0998039246, 13.0026369095, 12.6663475037, 4.99368906021, 1.93259179592, 1.06829214096, 1.10457444191, 0.658000946045, 0.373993575573, 0.213334456086, 0.126104533672, 0.0562831498682, 0.0149625642225, 0.00201340904459, 5.15355313837e-05, 2.6910147426e-05]
    },
    "gfcc": {
        "mean": [-110.07434845, 138.677780151, -120.467170715, 11.9232091904, -42.0032463074, -2.34021139145, -30.9554729462, 4.15758705139, -23.7316169739, 3.42875552177, -17.3091716766, -2.54476261139, -10.1382732391],
        "cov": [[17615.6464844, -880.233032227, -2773.50708008, 770.538330078, -833.769104004, 261.079498291, -336.013977051, 123.852630615, -276.920593262, 23.6142349243, -132.380767822, -34.7294006348, -25.9054794312], [-880.233032227, 1672.12854004, 942.698791504, -1.43548583984, 428.526062012, -113.828300476, 248.645080566, -64.8284454346, 112.967147827, -53.5006523132, 34.026184082, -20.2369384766, 16.0603733063], [-2773.50708008, 942.698791504, 1791.50427246, 67.5921325684, 345.439422607, 46.2503738403, 236.679855347, 33.9918785095, 91.4381027222, 18.2093391418, -14.3768758774, 38.3560562134, 52.4893264771], [770.538330078, -1.43548583984, 67.5921325684, 583.595336914, 122.219772339, -25.7891387939, 11.9360847473, -38.073600769, 79.371421814, 22.831287384, 68.6220245361, -17.3447418213, 21.8877162933], [-833.769104004, 428.526062012, 345.439422607, 122.219772339, 463.360321045, 22.6713848114, 80.1089859009, -11.9737281799, 55.9328193665, 30.6650848389, 60.2812957764, 11.8671445847, 33.4516525269], [261.079498291, -113.828300476, 46.2503738403, -25.7891387939, 22.6713848114, 247.552047729, 75.1664428711, 48.2328147888, -15.0617570877, 1.2961294651, 6.01182746887, -1.18708944321, -3.0920650959], [-336.013977051, 248.645080566, 236.679855347, 11.9360847473, 80.1089859009, 75.1664428711, 248.853881836, 41.0100822449, 42.2623405457, -20.2147312164, 6.51658821106, 4.78011608124, 0.0457981042564], [123.852630615, -64.8284454346, 33.9918785095, -38.073600769, -11.9737281799, 48.2328147888, 41.0100822449, 154.193252563, 26.421749115, 1.44155192375, -24.8840198517, 4.42379331589, 9.17676639557], [-276.920593262, 112.967147827, 91.4381027222, 79.371421814, 55.9328193665, -15.0617570877, 42.2623405457, 26.421749115, 142.742965698, 15.9095926285, 7.71416378021, -12.3029356003, -1.31346178055], [23.6142349243, -53.5006523132, 18.2093391418, 22.831287384, 30.6650848389, 1.2961294651, -20.2147312164, 1.44155192375, 15.9095926285, 122.859207153, 23.3967475891, 13.3443365097, 6.40179729462], [-132.380767822, 34.026184082, -14.3768758774, 68.6220245361, 60.2812957764, 6.01182746887, 6.51658821106, -24.8840198517, 7.71416378021, 23.3967475891, 113.936706543, 13.9521245956, -2.22895097733], [-34.7294006348, -20.2369384766, 38.3560562134, -17.3447418213, 11.8671445847, -1.18708944321, 4.78011608124, 4.42379331589, -12.3029356003, 13.3443365097, 13.9521245956, 89.6601333618, 26.44556427], [-25.9054794312, 16.0603733063, 52.4893264771, 21.8877162933, 33.4516525269, -3.0920650959, 0.0457981042564, 9.17676639557, -1.31346178055, 6.40179729462, -2.22895097733, 26.44556427, 83.089515686]],
        "icov": [[0.000149592859088, -0.000308644870529, 0.000329284201143, -0.000446927471785, 0.000328330410412, -0.000422205892392, 0.000200413516723, -0.000320547667798, 0.000384786282666, -0.000269696727628, 0.000405462720664, -0.000260180881014, 2.39573491854e-05], [-0.000308644870529, 0.00205027591437, -0.00118302227929, 0.00137011834886, -0.00155666354112, 0.00188166089356, -0.00137616612483, 0.00134655006696, -0.00123229657765, 0.00125584891066, -0.00117197376676, 0.00120468134992, -8.84381734068e-05], [0.000329284201143, -0.00118302227929, 0.00164981000125, -0.00113926210906, 0.000567089475226, -0.00124835805036, 0.000216263419134, -0.000891121861059, 0.000834415201098, -0.000957612937782, 0.00145629129838, -0.00105763575993, -0.000124584999867], [-0.000446927471785, 0.00137011834886, -0.00113926210906, 0.00359904882498, -0.00151792773977, 0.00166160985827, -0.000836405553855, 0.00167505803984, -0.00236489437521, 0.00101050618105, -0.0023767456878, 0.00164971814957, -0.000848209136166], [0.000328330410412, -0.00155666354112, 0.000567089475226, -0.00151792773977, 0.00426107551903, -0.0017289002426, 0.000622572435532, -0.000750064093154, 0.00054254301358, -0.00137753877789, -0.000208107041544, -0.000766325742006, -0.000899438047782], [-0.000422205892392, 0.00188166089356, -0.00124835805036, 0.00166160985827, -0.0017289002426, 0.00680852448568, -0.00273160845973, -8.37957850308e-05, -5.84642475587e-05, 0.00086403125897, -0.00189561734442, 0.00169739301782, 0.00015715767222], [0.000200413516723, -0.00137616612483, 0.000216263419134, -0.000836405553855, 0.000622572435532, -0.00273160845973, 0.00655562570319, -0.00169373152312, -0.000539541710168, 0.000569986063056, 0.000330183363985, -0.00125917955302, 0.000600526633207], [-0.000320547667798, 0.00134655006696, -0.000891121861059, 0.00167505803984, -0.000750064093154, -8.37957850308e-05, -0.00169373152312, 0.00899709854275, -0.00299992063083, 0.000567560549825, 0.000585871865042, 0.00037473908742, -0.00112711894326], [0.000384786282666, -0.00123229657765, 0.000834415201098, -0.00236489437521, 0.00054254301358, -5.84642475587e-05, -0.000539541710168, -0.00299992063083, 0.0102265262976, -0.00211530411616, 0.0011352369329, 0.000475313805509, 0.000768837693613], [-0.000269696727628, 0.00125584891066, -0.000957612937782, 0.00101050618105, -0.00137753877789, 0.00086403125897, 0.000569986063056, 0.000567560549825, -0.00211530411616, 0.00991634838283, -0.00249136635102, -0.000399516517064, -0.000201465125429], [0.000405462720664, -0.00117197376676, 0.00145629129838, -0.0023767456878, -0.000208107041544, -0.00189561734442, 0.000330183363985, 0.000585871865042, 0.0011352369329, -0.00249136635102, 0.0123747959733, -0.00308501836844, 0.00153117545415], [-0.000260180881014, 0.00120468134992, -0.00105763575993, 0.00164971814957, -0.000766325742006, 0.00169739301782, -0.00125917955302, 0.00037473908742, 0.000475313805509, -0.000399516517064, -0.00308501836844, 0.0141398468986, -0.00429428787902], [2.39573491854e-05, -8.84381734068e-05, -0.000124584999867, -0.000848209136166, -0.000899438047782, 0.00015715767222, 0.000600526633207, -0.00112711894326, 0.000768837693613, -0.000201465125429, 0.00153117545415, -0.00429428787902, 0.0142895588651]]
    },
    "melbands": {
        "mean": [0.000700713018887, 0.00105170346797, 0.000582566135563, 0.000400092714699, 0.000204825497349, 0.000218990127905, 0.000179785842192, 0.00018061909941, 0.000195264248759, 0.000221192662138, 0.000231572266784, 9.80708937277e-05, 7.90762132965e-05, 9.94312358671e-05, 6.70519584673e-05, 5.63203793718e-05, 6.96780625731e-05, 3.51840353687e-05, 3.91180146835e-05, 1.74791803147e-05, 1.96136952582e-05, 1.19224723676e-05, 1.4908682715e-05, 1.30860898935e-05, 7.9938199633e-06, 5.18215529155e-06, 3.48739422407e-06, 3.22638561556e-06, 2.84583279608e-06, 1.72813179233e-06, 7.96611800524e-07, 4.11563803482e-07, 2.47115536922e-07, 1.98698955955e-07, 1.90159056501e-07, 1.64374569067e-07, 1.01542319442e-07, 7.75998714175e-08, 5.40205675748e-08, 5.68647031685e-08],
        "stdev": [0.00131681398489, 0.00254680006765, 0.00137259042822, 0.000964318052866, 0.000291450007353, 0.000465957971755, 0.00070017616963, 0.000690579530783, 0.000559555133805, 0.000820994260721, 0.00118315650616, 0.000552973535378, 0.000358322256943, 0.000400918594096, 0.000306102563627, 0.000222332964768, 0.00032973755151, 0.000123080142657, 0.000146378602949, 6.11295545241e-05, 5.84107074246e-05, 3.04328659695e-05, 4.77628309454e-05, 3.79440643883e-05, 2.57304782281e-05, 1.50070663949e-05, 9.32421698963e-06, 8.66741083883e-06, 9.06844979909e-06, 5.03098681293e-06, 2.3567874905e-06, 1.22887536236e-06, 6.99960594375e-07, 5.75228966682e-07, 6.27797703601e-07, 6.52082860597e-07, 3.50325308318e-07, 2.92558610226e-07, 2.05066697845e-07, 1.86383090295e-07]
    },
    "melbands128": {
        "mean": [4.31408225268e-05, 0.000429542415077, 0.000950345245656, 0.00126976298634, 0.00117753189988, 0.000724475830793, 0.000552256882656, 0.000653980707284, 0.000429834413808, 0.000424953555921, 0.000373108516214, 0.000211649545236, 0.000147270169691, 0.000221418667934, 0.000217522960156, 0.00023116133525, 0.000208240424399, 0.000183273557923, 0.00011647141946, 0.000169866136275, 0.000206059383345, 0.000214291809243, 0.000166441939655, 0.000177295951289, 0.000270090677077, 0.000146423655679, 0.000324055145029, 0.000279076513834, 0.000122947516502, 0.000121075405332, 8.21514404379e-05, 5.98080841883e-05, 0.000101267629361, 6.11838477198e-05, 9.29649249883e-05, 0.000125801452668, 8.85567133082e-05, 4.68093821837e-05, 7.37336522434e-05, 6.01853353146e-05, 2.68657713605e-05, 8.61160297063e-05, 9.40120298765e-05, 4.70341619803e-05, 2.99293624266e-05, 3.41041086358e-05, 3.90401801269e-05, 5.08018529217e-05, 3.31060800818e-05, 2.3516069632e-05, 1.28025667436e-05, 1.18856787594e-05, 2.74666526821e-05, 1.79996131919e-05, 1.36881517392e-05, 8.67576909513e-06, 1.09917054942e-05, 2.29018532991e-05, 1.28207675516e-05, 7.95249707153e-06, 1.50507685248e-05, 1.52858610818e-05, 9.91120032268e-06, 4.87225861434e-06, 6.60399155095e-06, 5.37182631888e-06, 4.52804806628e-06, 3.64728884961e-06, 3.00616443383e-06, 3.61120942216e-06, 3.30138527715e-06, 3.14647945743e-06, 2.71844578492e-06, 3.30887405653e-06, 2.13039447772e-06, 2.16523721974e-06, 1.26795691813e-06, 9.97486949927e-07, 7.46542411889e-07, 6.08848495176e-07, 4.42047138449e-07, 3.33466175562e-07, 2.90120681257e-07, 2.39946217562e-07, 2.14533983467e-07, 1.97320119355e-07, 2.02115174375e-07, 1.82908280522e-07, 2.03035952495e-07, 1.65730511981e-07, 2.04579649221e-07, 1.50795941067e-07, 1.32592433033e-07, 9.69288151964e-08, 8.6698605628e-08, 8.26921038311e-08, 8.14827103568e-08, 6.17003976799e-08, 5.16364195846e-08, 5.17744886963e-08, 5.06113693177e-08, 6.05448207125e-08, 6.06369141565e-08, 5.05580963761e-08, 4.42139587165e-08, 4.22104378117e-08, 3.94904304812e-08, 3.28668186e-08, 2.79919252222e-08, 2.54201832917e-08, 2.38294983745e-08, 2.05224335303e-08, 1.57968553793e-08, 1.21251613194e-08, 9.88822179693e-09, 7.12047398821e-09, 4.17214840454e-09, 5.47403289364e-10, 8.10791104394e-12, 2.58805498733e-12, 2.53196812475e-12, 2.48437707039e-12, 2.43108397996e-12, 2.38726486496e-12, 2.35835960136e-12, 2.33767107234e-12, 2.32206701783e-12, 2.30595165358e-12],
        "stdev": [0.000109772496216, 0.000848203024361, 0.00176332041156, 0.003261604812, 0.00320643023588, 0.00195777276531, 0.00123415654525, 0.00183911528438, 0.00167796073947, 0.00139692751691, 0.000672372640111, 0.000403049838496, 0.000321391911712, 0.000411037530284, 0.000458794442238, 0.00080913095735, 0.000918004894629, 0.00107462634332, 0.000858811894432, 0.000845584552735, 0.00116302433889, 0.000874203105923, 0.000684703292791, 0.000926816195715, 0.00128566869535, 0.000915713550057, 0.00197139871307, 0.00186481326818, 0.000806316907983, 0.000899522914551, 0.000666451116558, 0.000386521307519, 0.000597656529862, 0.000395257869968, 0.000529540528078, 0.00060435757041, 0.000540805922356, 0.000393887632526, 0.000414919253672, 0.000353329232894, 0.000176707544597, 0.000443905068096, 0.000601929612458, 0.000278737454209, 0.000161733027198, 0.00018289774016, 0.000162201846251, 0.000284274894511, 0.000180320930667, 0.000116329880257, 6.3820691139e-05, 8.10820274637e-05, 0.000109256332507, 5.81213753321e-05, 4.70527083962e-05, 3.00124411297e-05, 4.4271688239e-05, 9.03700056369e-05, 5.00116984767e-05, 3.98696829507e-05, 5.48775460629e-05, 5.7529690821e-05, 4.67001991638e-05, 2.62553148787e-05, 2.98040140478e-05, 2.10743182834e-05, 1.61410971486e-05, 1.17993031381e-05, 1.04976770672e-05, 1.14324166134e-05, 1.06026154754e-05, 9.7884594652e-06, 9.4094857559e-06, 1.42261797009e-05, 8.97114296095e-06, 6.7246769504e-06, 4.17808769271e-06, 3.53282871401e-06, 2.54094129559e-06, 2.05402739084e-06, 1.59712544701e-06, 1.22827452742e-06, 9.10921585273e-07, 7.63166553952e-07, 6.74149760016e-07, 6.2308760107e-07, 6.65332493099e-07, 6.46356170364e-07, 7.11645270712e-07, 8.12233054148e-07, 9.86455802376e-07, 6.27008319043e-07, 4.85424607177e-07, 3.87970430893e-07, 3.27560144342e-07, 3.45633594634e-07, 3.37578001108e-07, 2.4789179065e-07, 2.11163268204e-07, 2.1868814315e-07, 1.86088129794e-07, 2.11228723401e-07, 2.32070718198e-07, 1.79829967806e-07, 1.56942917329e-07, 1.48251757537e-07, 1.5416416943e-07, 1.30603737603e-07, 1.14892991121e-07, 8.92453471124e-08, 7.70081882706e-08, 6.71206379366e-08, 4.98481007583e-08, 3.72738817589e-08, 3.11258041563e-08, 2.47838283229e-08, 1.45103973281e-08, 3.07084380147e-09, 4.77138162314e-10, 5.12918050047e-12, 5.00289479982e-12, 4.89090495534e-12, 4.79300280021e-12, 4.71033758873e-12, 4.64089053645e-12, 4.58675328621e-12, 4.54617767043e-12, 4.5209226987e-12]
    },
    "mfcc": {
        "mean": [-751.473388672, 172.515838623, -14.8359861374, 22.0516929626, 2.2774643898, 0.432765245438, -0.129639938474, -2.84145212173, -0.0707285031676, 0.583165466785, -1.30786716938, 0.741398572922, -4.02561998367],
        "cov": [[11464.8369141, -1604.53979492, -2195.70581055, 305.732452393, -553.957885742, 29.1926441193, -82.9448852539, 2.54895019531, -134.060195923, -13.5062742233, -73.5400543213, 45.587978363, -131.808700562], [-1604.53979492, 1926.88928223, 714.856872559, 161.057983398, 253.578094482, 93.3852157593, 164.963363647, 83.1173324585, 129.302383423, 3.74628734589, 34.1339492798, 27.1786975861, 37.959526062], [-2195.70581055, 714.856872559, 1281.64025879, 150.813781738, 191.852157593, 97.1766052246, 113.304336548, 81.083152771, 128.747207642, 37.5902900696, 26.4346065521, -19.0744476318, 39.5957069397], [305.732452393, 161.057983398, 150.813781738, 567.577697754, 160.868835449, 86.2254943848, 11.6014585495, -15.7338628769, 16.1719341278, 24.787021637, 25.7493515015, 23.3113479614, 44.71118927], [-553.957885742, 253.578094482, 191.852157593, 160.868835449, 362.135101318, 78.320350647, 53.7579345703, -11.3650016785, 12.5031290054, 39.8068618774, 0.931696355343, 16.2005443573, 36.9882545471], [29.1926441193, 93.3852157593, 97.1766052246, 86.2254943848, 78.320350647, 203.301544189, 81.7856140137, 21.8188476562, 12.1116304398, 16.9026527405, 31.5743045807, 24.2854480743, 12.8981256485], [-82.9448852539, 164.963363647, 113.304336548, 11.6014585495, 53.7579345703, 81.7856140137, 197.950134277, 59.8580245972, 24.5179481506, 9.69400978088, 10.4063262939, 23.050075531, 2.32693576813], [2.54895019531, 83.1173324585, 81.083152771, -15.7338628769, -11.3650016785, 21.8188476562, 59.8580245972, 178.893508911, 59.0894927979, 17.6608066559, 6.37962865829, 6.27525615692, 0.830670952797], [-134.060195923, 129.302383423, 128.747207642, 16.1719341278, 12.5031290054, 12.1116304398, 24.5179481506, 59.0894927979, 160.206771851, 27.7551498413, 8.88297080994, -15.6509122849, 6.05463218689], [-13.5062742233, 3.74628734589, 37.5902900696, 24.787021637, 39.8068618774, 16.9026527405, 9.69400978088, 17.6608066559, 27.7551498413, 116.912368774, 30.1664733887, 7.6643781662, -10.9469556808], [-73.5400543213, 34.1339492798, 26.4346065521, 25.7493515015, 0.931696355343, 31.5743045807, 10.4063262939, 6.37962865829, 8.88297080994, 30.1664733887, 111.493469238, 32.1691360474, 1.35384595394], [45.587978363, 27.1786975861, -19.0744476318, 23.3113479614, 16.2005443573, 24.2854480743, 23.050075531, 6.27525615692, -15.6509122849, 7.6643781662, 32.1691360474, 107.291976929, 18.1865634918], [-131.808700562, 37.959526062, 39.5957069397, 44.71118927, 36.9882545471, 12.8981256485, 2.32693576813, 0.830670952797, 6.05463218689, -10.9469556808, 1.35384595394, 18.1865634918, 96.9892959595]],
        "icov": [[0.000163773089298, 4.17925402871e-05, 0.0002752468572, -0.000224743838771, 0.000211032805964, -0.000139825919177, -7.84756484791e-05, -8.71589581948e-05, -6.34307507426e-05, -6.70735898893e-05, 0.000164517769008, -3.80897836294e-05, 0.000139425872476], [4.17925402871e-05, 0.000740692426916, -0.000238859225647, -9.83256904874e-05, -0.00028278818354, 9.06086206669e-05, -0.000344969594153, -6.90302404109e-05, -0.000340862578014, 0.000334816228133, -0.000119074327813, -0.000182627569302, 0.000109384862299], [0.0002752468572, -0.000238859225647, 0.00156168302055, -0.000468639744213, 0.000111435125291, -0.000381108606234, -0.000305876048515, -0.000304911955027, -0.000541208370123, -0.00020568803302, 0.000137639974128, 0.000369890069123, 3.45428384207e-06], [-0.000224743838771, -9.83256904874e-05, -0.000468639744213, 0.00247769546695, -0.00100611511152, -0.000475159933558, 0.000530614168383, 0.000329270929797, -2.37542353716e-05, -2.0521292754e-05, -0.00045578632853, -0.000111537447083, -0.000760040187743], [0.000211032805964, -0.00028278818354, 0.000111435125291, -0.00100611511152, 0.00424375105649, -0.000977136311121, -0.000603263906669, 0.000621645827778, 0.00024487162591, -0.00156044634059, 0.00115338561591, -0.000162123629707, -0.0008406433044], [-0.000139825919177, 9.06086206669e-05, -0.000381108606234, -0.000475159933558, -0.000977136311121, 0.00689339265227, -0.00236951955594, -5.80685855311e-06, 0.000133259993163, 0.000113067646453, -0.00159428268671, -0.000298783794278, -0.000255307211773], [-7.84756484791e-05, -0.000344969594153, -0.000305876048515, 0.000530614168383, -0.000603263906669, -0.00236951955594, 0.00723353447393, -0.00182789820246, 1.30693952087e-05, 0.000238395310589, 0.000347969180439, -0.00107602705248, 0.0005189156509], [-8.71589581948e-05, -6.90302404109e-05, -0.000304911955027, 0.000329270929797, 0.000621645827778, -5.80685855311e-06, -0.00182789820246, 0.00723816547543, -0.00218067807145, -0.000657039578073, 0.00020850506553, -0.000490449834615, -0.000222155838856], [-6.34307507426e-05, -0.000340862578014, -0.000541208370123, -2.37542353716e-05, 0.00024487162591, 0.000133259993163, 1.30693952087e-05, -0.00218067807145, 0.00816660374403, -0.00161082786508, -0.000398880278226, 0.00164269586094, -0.000807715055998], [-6.70735898893e-05, 0.000334816228133, -0.00020568803302, -2.0521292754e-05, -0.00156044634059, 0.000113067646453, 0.000238395310589, -0.000657039578073, -0.00161082786508, 0.0104808434844, -0.0027194051072, -0.000371796486434, 0.00184238969814], [0.000164517769008, -0.000119074327813, 0.000137639974128, -0.00045578632853, 0.00115338561591, -0.00159428268671, 0.000347969180439, 0.00020850506553, -0.000398880278226, -0.0027194051072, 0.0112444004044, -0.00310770818032, 0.000329866539687], [-3.80897836294e-05, -0.000182627569302, 0.000369890069123, -0.000111537447083, -0.000162123629707, -0.000298783794278, -0.00107602705248, -0.000490449834615, 0.00164269586094, -0.000371796486434, -0.00310770818032, 0.0113932266831, -0.00218578521162], [0.000139425872476, 0.000109384862299, 3.45428384207e-06, -0.000760040187743, -0.0008406433044, -0.000255307211773, 0.0005189156509, -0.000222155838856, -0.000807715055998, 0.00184238969814, 0.000329866539687, -0.00218578521162, 0.0118136657402]]
    },
    "spectral_contrast_coeffs": {
        "mean": [-0.717201113701, -0.717900037766, -0.721905887127, -0.753923416138, -0.777563631535, -0.773333847523],
        "stdev": [0.0652773827314, 0.0819602534175, 0.0813977643847, 0.0640954226255, 0.0625213310122, 0.0604642257094]
    },
    "spectral_contrast_valleys": {
        "mean": [-7.34518718719, -7.54303741455, -8.53480434418, -8.86395072937, -9.14236354828, -12.3723373413],
        "stdev": [1.84983146191, 1.76580238342, 1.8223388195, 1.90415477753, 1.89049971104, 1.63273203373]
    }
},
"rhythm": {
    "beats_count": 362,
    "beats_loudness": {
        "mean": 0.0296902805567,
        "stdev": 0.0291262101382
    },
    "bpm": 125.395111084,
    "bpm_histogram_first_peak_bpm": 126,
    "bpm_histogram_first_peak_weight": 0.525000035763,
    "bpm_histogram_second_peak_bpm": 120,
    "bpm_histogram_second_peak_spread": 0.323529422283,
    "bpm_histogram_second_peak_weight": 0.0637119114399,
    "danceability": 1.15739107132,
    "onset_rate": 3.03892827034,
    "beats_loudness_band_ratio": {
        "mean": [0.368683844805, 0.178417399526, 0.227953627706, 0.142996251583, 0.0899363011122, 0.0268299970776],
        "stdev": [0.312334477901, 0.139254584908, 0.192033290863, 0.161701515317, 0.118084765971, 0.038326498121]
    },
    "beats_position": [0.417959183455, 0.859138309956, 1.30031740665, 1.74149656296, 2.20589566231, 2.68190479279, 3.14630389214, 3.62231278419, 4.09832191467, 4.57433080673, 5.05034017563, 5.52634906769, 6.01396799088, 6.48997735977, 6.96598625183, 7.45360517502, 7.94122457504, 8.42884349823, 8.90485286713, 9.38086128235, 9.85687065125, 10.3328800201, 10.8204984665, 11.2965078354, 11.7725172043, 12.2601356506, 12.7477550507, 13.2237634659, 13.6881628036, 14.1641721725, 14.6517915726, 15.1277999878, 15.6038093567, 16.0682086945, 16.5326080322, 16.99700737, 17.4730148315, 17.9490242004, 18.4250335693, 18.9010429382, 19.3770523071, 19.853061676, 20.3406791687, 20.8166885376, 21.2810878754, 21.7570972443, 22.221496582, 22.6858959198, 23.1619052887, 23.6379127502, 24.1255321503, 24.6131515503, 25.0891609192, 25.5651702881, 26.0295696259, 26.4939670563, 26.958366394, 27.4343757629, 27.8987751007, 28.3747844696, 28.8507938385, 29.3268013, 29.8028106689, 30.290430069, 30.7664394379, 31.2308387756, 31.7184581757, 32.1944656372, 32.6936950684, 33.1813163757, 33.6689338684, 34.1681632996, 34.63256073, 35.1085700989, 35.572971344, 36.0489807129, 36.5133781433, 36.9893875122, 37.4653968811, 37.94140625, 38.4174156189, 38.8934249878, 39.369430542, 39.8454399109, 40.3214492798, 40.7974586487, 41.2734680176, 41.7494773865, 42.2138786316, 42.6898841858, 43.1658935547, 43.6302947998, 44.1063041687, 44.5823135376, 45.046710968, 45.5227203369, 45.9987297058, 46.4631271362, 46.9275283813, 47.3919258118, 47.8679351807, 48.3439445496, 48.8199539185, 49.3075714111, 49.8068008423, 50.2944221497, 50.7820396423, 51.2580490112, 51.7456665039, 52.2216758728, 52.7092971802, 53.1969146729, 53.6845359802, 54.1953735352, 54.7178230286, 55.1938323975, 55.6698417664, 56.1458511353, 56.6334686279, 57.1210861206, 57.608707428, 58.0963249207, 58.583946228, 59.0483436584, 59.5127410889, 59.9887504578, 60.4647598267, 60.9175491333, 61.4051704407, 61.8927879333, 62.3687973022, 62.8564147949, 63.3440361023, 63.831653595, 64.3076629639, 64.7952804565, 65.2712936401, 65.7589111328, 66.2465286255, 66.7341461182, 67.2217712402, 67.6977767944, 68.1853942871, 68.6614074707, 69.1258010864, 69.5902023315, 70.0662155151, 70.5422210693, 71.0182266235, 71.4942398071, 71.9702453613, 72.4462585449, 72.91065979, 73.3750534058, 73.8394546509, 74.303855896, 74.7798614502, 75.2558746338, 75.731880188, 76.2194976807, 76.6955108643, 77.1715164185, 77.6475296021, 78.1119232178, 78.5647125244, 78.9710617065, 79.3890228271, 79.8069839478, 80.2365493774, 80.6661224365, 81.1072998047, 81.5484771729, 81.9896621704, 82.4424438477, 82.8952331543, 83.3828582764, 83.870475769, 84.3580932617, 84.8457107544, 85.3101119995, 85.7861175537, 86.2621307373, 86.7381362915, 87.2141494751, 87.6901550293, 88.1661682129, 88.6421737671, 89.1181869507, 89.6058044434, 90.0818099976, 90.5578231812, 91.0338287354, 91.5098419189, 91.9858474731, 92.4618606567, 92.9378662109, 93.4138793945, 93.9014968872, 94.3891143799, 94.8767318726, 95.3411331177, 95.7939224243, 96.2699279785, 96.7575454712, 97.2335586548, 97.709564209, 98.1971893311, 98.6731948853, 99.1608123779, 99.6368255615, 100.124443054, 100.623672485, 101.122901917, 101.610519409, 102.098136902, 102.585754395, 103.073379517, 103.560997009, 104.048614502, 104.536231995, 105.023849487, 105.499862671, 105.987480164, 106.486709595, 107.009155273, 107.54322052, 108.077278137, 108.750656128, 109.435646057, 110.190292358, 110.933334351, 111.653152466, 112.38457489, 113.127616882, 113.859046936, 114.59047699, 115.310295105, 116.03011322, 116.749931335, 117.481361389, 118.212783813, 118.932601929, 119.652427673, 120.372245789, 121.092063904, 121.800270081, 122.531700134, 123.25151825, 123.971336365, 124.702766418, 125.434196472, 126.154014587, 126.873832703, 127.582038879, 128.301864624, 129.044891357, 129.78793335, 130.530975342, 131.239181519, 131.947387695, 132.655593872, 133.363800049, 134.060409546, 134.757003784, 135.441986084, 136.15020752, 136.91645813, 137.682723999, 138.448974609, 139.192016602, 139.935058594, 140.666488647, 141.397918701, 142.129333496, 142.872375488, 143.603805542, 144.335235596, 145.089889526, 145.83291626, 146.564346313, 147.295776367, 148.027206421, 148.770248413, 149.548110962, 150.314376831, 151.080627441, 151.719177246, 152.380950928, 153.042724609, 153.565170288, 154.087615967, 154.598449707, 155.086074829, 155.573699951, 156.061309814, 156.560546875, 157.059768677, 157.547393799, 158.023391724, 158.511016846, 159.010253906, 159.521087646, 160.00869751, 160.496322632, 160.983947754, 161.483169556, 161.970794678, 162.470016479, 162.96925354, 163.468475342, 163.956100464, 164.443710327, 164.931335449, 165.430557251, 165.929794312, 166.417419434, 166.916641235, 167.392654419, 167.915100098, 168.425933838, 168.925170898, 169.412780762, 169.900405884, 170.388031006, 170.875640869, 171.363265991, 171.839263916, 172.3152771, 172.779678345, 173.255691528, 173.731704712, 174.242538452, 174.730148315, 175.217773438, 175.70539856, 176.193008423, 176.680633545, 177.168243408, 177.65586853, 178.143493652, 178.631103516, 179.130340576, 179.617950439, 180.1171875, 180.616409302, 181.115646362, 181.603256226, 182.102493286, 182.601715088, 183.08934021, 183.565353394, 184.041351318, 184.517364502, 184.970153809, 185.434555054, 185.945388794, 186.456237793, 186.967071533, 187.477905273, 187.988754272, 188.499588013, 189.022033691],
    "bpm_histogram": [0, 0, 0, 0, 0, 0, 0, 0, 0, 0, 0, 0, 0, 0, 0, 0, 0, 0, 0, 0, 0, 0, 0, 0, 0, 0, 0, 0, 0, 0, 0, 0, 0, 0, 0, 0, 0, 0, 0, 0, 0, 0, 0, 0, 0, 0, 0, 0, 0, 0, 0, 0, 0, 0, 0, 0, 0, 0, 0, 0, 0, 0, 0, 0, 0, 0, 0, 0, 0, 0, 0, 0, 0, 0, 0, 0, 0, 0.0027700830251, 0.0138504151255, 0, 0.0055401660502, 0.027700830251, 0.0443213284016, 0.0360110811889, 0, 0.0193905811757, 0.0055401660502, 0, 0.0055401660502, 0.0027700830251, 0, 0.0055401660502, 0, 0, 0.0027700830251, 0, 0, 0, 0, 0, 0, 0, 0, 0, 0, 0, 0, 0, 0, 0, 0, 0, 0.0055401660502, 0, 0, 0.0166204981506, 0, 0.0304709132761, 0, 0, 0.0637119114399, 0, 0, 0.249307483435, 0, 0, 0.315789461136, 0, 0, 0.0997229889035, 0, 0, 0, 0.0166204981506, 0, 0, 0.0166204981506, 0, 0, 0, 0.0055401660502, 0, 0, 0, 0.0055401660502, 0, 0, 0, 0.0027700830251, 0, 0, 0, 0, 0, 0, 0, 0, 0, 0, 0, 0, 0, 0, 0, 0, 0, 0, 0, 0, 0, 0, 0, 0, 0, 0, 0, 0, 0, 0, 0, 0, 0, 0, 0, 0, 0, 0, 0, 0, 0, 0, 0, 0, 0, 0, 0, 0, 0, 0, 0, 0, 0, 0, 0, 0, 0, 0, 0, 0, 0, 0, 0, 0, 0, 0, 0, 0, 0, 0, 0, 0, 0, 0, 0, 0, 0, 0, 0, 0, 0, 0, 0, 0, 0, 0, 0, 0, 0, 0, 0, 0, 0, 0, 0, 0, 0, 0, 0, 0, 0]
},
"tonal": {
    "chords_changes_rate": 0.0388753041625,
    "chords_number_rate": 0.00293398532085,
    "chords_strength": {
        "mean": 0.566724777222,
        "stdev": 0.122137717903
    },
    "hpcp_crest": {
        "mean": 16.5621585846,
        "stdev": 7.83555269241
    },
    "hpcp_entropy": {
        "mean": 1.59528005123,
        "stdev": 0.707455813885
    },
    "key_edma": {
        "strength": 0.834977507591,
        "key": "A",
        "scale": "major"
    },
    "key_krumhansl": {
        "strength": 0.847180008888,
        "key": "A",
        "scale": "major"
    },
    "key_temperley": {
        "strength": 0.861042499542,
        "key": "A",
        "scale": "major"
    },
    "tuning_diatonic_strength": 0.675745785236,
    "tuning_equal_tempered_deviation": 0.0467896386981,
    "tuning_frequency": 442.03793335,
    "tuning_nontempered_energy_ratio": 0.691929101944,
    "hpcp": {
        "mean": [0.355359554291, 0.141497716308, 0.0487907230854, 0.0423741266131, 0.0338867902756, 0.109793819487, 0.173070594668, 0.108729124069, 0.0541469976306, 0.0463339313865, 0.038517691195, 0.0850847065449, 0.1278090626, 0.0867500156164, 0.122482649982, 0.215570688248, 0.138504967093, 0.0496856793761, 0.0614513903856, 0.0820058882236, 0.219357401133, 0.343004703522, 0.211458608508, 0.060922075063, 0.0362498015165, 0.0305467024446, 0.0881340354681, 0.136358335614, 0.103067032993, 0.0839281752706, 0.0792517587543, 0.0616410374641, 0.0803004428744, 0.0943815410137, 0.115030057728, 0.308259814978],
        "stdev": [0.386561274529, 0.194048821926, 0.131505027413, 0.123353220522, 0.105550967157, 0.195919618011, 0.295605480671, 0.193930387497, 0.166908875108, 0.151304572821, 0.136341646314, 0.173290267587, 0.2392026335, 0.173976436257, 0.212313115597, 0.353560358286, 0.249836012721, 0.142739087343, 0.181314900517, 0.186677142978, 0.264943778515, 0.354076951742, 0.265748172998, 0.155543237925, 0.113591976464, 0.100924104452, 0.177192941308, 0.241504892707, 0.207803875208, 0.205742970109, 0.201790913939, 0.171990916133, 0.176237300038, 0.198391482234, 0.187627315521, 0.36049720645]
    },
    "chords_histogram": [36.9926643372, 0.122249387205, 11.2224941254, 1.80929100513, 2.86063575745, 0, 0, 0, 0.366748154163, 0, 1.12469434738, 0, 0, 0.244498774409, 0, 1.10024452209, 0, 3.00733494759, 0.317848414183, 9.51100254059, 2.22493886948, 1.54034233093, 26.283618927, 1.27139365673],
    "thpcp": [1, 0.398181825876, 0.137299597263, 0.119242966175, 0.0953591614962, 0.308965444565, 0.487029522657, 0.305969327688, 0.152372419834, 0.130386054516, 0.108390755951, 0.23943272233, 0.359661251307, 0.244118988514, 0.344672441483, 0.606626987457, 0.389760077, 0.139818042517, 0.172927364707, 0.230768769979, 0.617282986641, 0.965232789516, 0.595055341721, 0.171437844634, 0.102008797228, 0.0859599858522, 0.248013690114, 0.383719354868, 0.290035903454, 0.236178189516, 0.22301851213, 0.173461034894, 0.225969567895, 0.265594482422, 0.323700487614, 0.867458939552],
    "chords_key": "A",
    "chords_scale": "major"
}
}