{
"metadata": {
    "version": {
        "essentia": "2.1-dev",
        "essentia_git_sha": "v2.1_beta3-415-gd5473f3",
        "extractor": "music 2.0"
    },
    "audio_properties": {
        "analysis": {
            "equal_loudness": 0,
            "length": 312.424499512,
            "sample_rate": 44100,
            "start_time": 0,
            "downmix": "mix"
        },
        "bit_rate": 192000,
        "length": 312.424499512,
        "lossless": 0,
        "number_channels": 2,
        "replay_gain": -11.3496189117,
        "sample_rate": 44100,
        "codec": "mp3",
        "md5_encoded": "960b678c4cddc45e9ab4bf111b1d38f1"
    },
    "tags": {
        "file_name": "pamkenyon_m._donaldanoint_myself.mp3",
        "album": ["Lo mejor del Gospel. (Cd. 1)"],
        "artist": ["Various Artists"],
        "genre": ["Gospel"],
        "title": ["I anoint myself"]
    }
},
"lowlevel": {
    "average_loudness": 0.859044015408,
    "barkbands_crest": {
        "mean": 10.503074646,
        "stdev": 4.45758104324
    },
    "barkbands_flatness_db": {
        "mean": 0.157482549548,
        "stdev": 0.0563304536045
    },
    "barkbands_kurtosis": {
        "mean": 7.35580396652,
        "stdev": 18.8768310547
    },
    "barkbands_skewness": {
        "mean": 1.55008029938,
        "stdev": 1.72728490829
    },
    "barkbands_spread": {
        "mean": 21.1577548981,
        "stdev": 14.2814741135
    },
    "dissonance": {
        "mean": 0.445607632399,
        "stdev": 0.0424639694393
    },
    "dynamic_complexity": 4.03413772583,
    "erbbands_crest": {
        "mean": 11.1901340485,
        "stdev": 5.46236944199
    },
    "erbbands_flatness_db": {
        "mean": 0.176596522331,
        "stdev": 0.0490002892911
    },
    "erbbands_kurtosis": {
        "mean": 1.34912467003,
        "stdev": 3.71248650551
    },
    "erbbands_skewness": {
        "mean": 0.586335539818,
        "stdev": 0.987567067146
    },
    "erbbands_spread": {
        "mean": 37.2365837097,
        "stdev": 21.9015960693
    },
    "hfc": {
        "mean": 20.5680923462,
        "stdev": 21.7332458496
    },
    "loudness_ebu128": {
        "integrated": -12.5314903259,
        "loudness_range": 5.65120697021,
        "momentary": {
            "mean": -14.6728830338,
            "stdev": 7.78480863571
        },
        "short_term": {
            "mean": -13.825512886,
            "stdev": 5.56616067886
        }
    },
    "melbands_crest": {
        "mean": 14.4209871292,
        "stdev": 6.08774185181
    },
    "melbands_flatness_db": {
        "mean": 0.218566447496,
        "stdev": 0.0782310217619
    },
    "melbands_kurtosis": {
        "mean": 18.6036605835,
        "stdev": 38.7356071472
    },
    "melbands_skewness": {
        "mean": 2.50296545029,
        "stdev": 2.23064827919
    },
    "melbands_spread": {
        "mean": 25.6116275787,
        "stdev": 20.6990032196
    },
    "pitch_salience": {
        "mean": 0.538552463055,
        "stdev": 0.124793872237
    },
    "silence_rate_20dB": {
        "mean": 1,
        "stdev": 0
    },
    "silence_rate_30dB": {
        "mean": 0.997770488262,
        "stdev": 0.0471674203873
    },
    "silence_rate_60dB": {
        "mean": 0.10954221338,
        "stdev": 0.312344223261
    },
    "spectral_centroid": {
        "mean": 1445.97937012,
        "stdev": 804.11505127
    },
    "spectral_complexity": {
        "mean": 12.6802167892,
        "stdev": 7.92844057083
    },
    "spectral_decrease": {
        "mean": -5.8858660168e-09,
        "stdev": 5.42432321282e-09
    },
    "spectral_energy": {
        "mean": 0.0240802280605,
        "stdev": 0.0215365588665
    },
    "spectral_energyband_high": {
        "mean": 0.000892443815246,
        "stdev": 0.00147776911035
    },
    "spectral_energyband_low": {
        "mean": 0.00842573679984,
        "stdev": 0.017014818266
    },
    "spectral_energyband_middle_high": {
        "mean": 0.00771255651489,
        "stdev": 0.0109861185774
    },
    "spectral_energyband_middle_low": {
        "mean": 0.00766604393721,
        "stdev": 0.00726692611352
    },
    "spectral_entropy": {
        "mean": 7.28581428528,
        "stdev": 0.516286551952
    },
    "spectral_flux": {
        "mean": 0.0890505090356,
        "stdev": 0.0612298361957
    },
    "spectral_kurtosis": {
        "mean": 4.05798768997,
        "stdev": 3.69728159904
    },
    "spectral_rms": {
        "mean": 0.00435956148431,
        "stdev": 0.00211827317253
    },
    "spectral_rolloff": {
        "mean": 1481.91479492,
        "stdev": 1515.38745117
    },
    "spectral_skewness": {
        "mean": 1.43238317966,
        "stdev": 0.575117647648
    },
    "spectral_spread": {
        "mean": 4572242,
        "stdev": 1858654.625
    },
    "spectral_strongpeak": {
        "mean": 1.4567002058,
        "stdev": 2.0118496418
    },
    "zerocrossingrate": {
        "mean": 0.060804516077,
        "stdev": 0.0369617529213
    },
    "barkbands": {
        "mean": [0.000983078731224, 0.00543695129454, 0.00154770538211, 0.00101610261481, 0.00138899998274, 0.00131566554774, 0.00198812084273, 0.00084616523236, 0.000871969736181, 0.00129680288956, 0.00138226908166, 0.000864639237989, 0.00108253129292, 0.000950659508817, 0.000699589261785, 0.000478992500575, 0.000238905238803, 0.000233784856391, 0.000409503554692, 0.000340383179719, 0.000313146971166, 0.000141682772664, 0.000149747400428, 5.91185089434e-05, 3.17786980304e-05, 1.17292183859e-05, 1.70662588062e-07],
        "stdev": [0.00249629304744, 0.0129102580249, 0.00326742837206, 0.00125220383052, 0.00172236212529, 0.00268774130382, 0.00424383534119, 0.002714820439, 0.00271987868473, 0.00448742834851, 0.00508426781744, 0.00308253592812, 0.00327498978004, 0.00281215575524, 0.00239417213015, 0.00171822390985, 0.000573458964936, 0.000512266240548, 0.000734893721528, 0.000717927701771, 0.000703183468431, 0.000301927182591, 0.000278035731753, 0.000131459324621, 9.58187083597e-05, 2.27949094551e-05, 4.05179633844e-07]
    },
    "erbbands": {
        "mean": [0.222833618522, 0.949616193771, 1.80768990517, 2.89717388153, 3.6569006443, 4.80775594711, 7.6729092598, 11.9174633026, 25.852312088, 26.1738681793, 17.8432922363, 19.6377315521, 30.0554103851, 50.1878128052, 46.0748825073, 39.3452835083, 49.1059951782, 50.2235374451, 40.9170036316, 35.8345108032, 20.3623504639, 14.1421451569, 12.9650783539, 17.4207382202, 20.5789890289, 14.9697656631, 16.8373069763, 8.3691072464, 5.2828207016, 4.71638822556, 4.21354293823, 1.9034576416, 0.723434329033, 0.442383378744, 0.184137895703, 0.0924994200468, 0.0100955190137, 0.0012261866359, 4.44259203505e-05, 3.10297182295e-05],
        "stdev": [0.5179489851, 2.52428722382, 4.39352703094, 3.45417881012, 4.07722187042, 6.78123188019, 15.2523384094, 26.5737857819, 58.5723609924, 68.8806762695, 47.7244644165, 63.0295982361, 102.327545166, 167.311294556, 173.41116333, 125.386940002, 136.32850647, 137.162155151, 115.127067566, 122.228919983, 65.3624343872, 31.6947841644, 28.5298881531, 31.7200183868, 39.2756309509, 30.0067214966, 38.6896629333, 18.5692367554, 11.4245862961, 8.82200813293, 8.21850204468, 3.81632709503, 2.01568341255, 1.41509366035, 0.537667095661, 0.17509713769, 0.0228145550936, 0.00257633812726, 6.3885236159e-05, 2.62604862655e-05]
    },
    "gfcc": {
        "mean": [-42.0741844177, 92.4448013306, -117.54221344, 42.3919525146, -63.6053237915, 15.3419799805, -33.3761825562, 7.8026061058, -21.2126102448, 8.75336742401, -8.96827888489, -0.496357709169, -10.1622018814],
        "cov": [[14047.0107422, -135.888427734, -1250.20056152, 179.091140747, -282.020385742, 469.575042725, -9.68570327759, 45.2085876465, -106.760665894, 243.436126709, 21.6906166077, 41.1855545044, -140.26625061], [-135.888427734, 1142.1340332, 387.068115234, -62.3855781555, 173.231643677, -144.819458008, 126.651580811, -71.0487060547, -19.7152366638, -127.375526428, 0.271694809198, -79.3301010132, -19.5835437775], [-1250.20056152, 387.068115234, 1558.28405762, 276.06036377, 135.501480103, -32.444065094, -53.7581520081, 118.7315979, -30.7785606384, -42.6856803894, -152.4347229, 2.04605460167, -31.1608791351], [179.091140747, -62.3855781555, 276.06036377, 451.416809082, 135.539352417, -20.4280776978, -22.7315540314, 45.9437675476, 53.4229927063, 13.1969852448, -65.8349838257, -33.3349342346, 19.1095104218], [-282.020385742, 173.231643677, 135.501480103, 135.539352417, 354.955108643, 44.2600860596, 36.2123298645, 21.681678772, 19.902135849, -0.986570119858, -41.5568618774, -33.7486724854, -8.28188610077], [469.575042725, -144.819458008, -32.444065094, -20.4280776978, 44.2600860596, 388.3855896, 167.649139404, -29.3520393372, -49.0151100159, 13.9783554077, 34.3504638672, 7.99882936478, -46.033493042], [-9.68570327759, 126.651580811, -53.7581520081, -22.7315540314, 36.2123298645, 167.649139404, 361.532745361, -43.1501998901, -43.8519630432, 0.839482903481, 32.2106170654, 5.05483913422, -40.9566459656], [45.2085876465, -71.0487060547, 118.7315979, 45.9437675476, 21.681678772, -29.3520393372, -43.1501998901, 200.62562561, 77.8276824951, -0.346563786268, -21.5237846375, 8.62470245361, 20.5694179535], [-106.760665894, -19.7152366638, -30.7785606384, 53.4229927063, 19.902135849, -49.0151100159, -43.8519630432, 77.8276824951, 196.431686401, 38.877658844, -1.23030149937, -3.45341563225, 44.8142356873], [243.436126709, -127.375526428, -42.6856803894, 13.1969852448, -0.986570119858, 13.9783554077, 0.839482903481, -0.346563786268, 38.877658844, 159.353851318, 25.4394493103, -1.70797562599, -8.71216011047], [21.6906166077, 0.271694809198, -152.4347229, -65.8349838257, -41.5568618774, 34.3504638672, 32.2106170654, -21.5237846375, -1.23030149937, 25.4394493103, 174.920562744, 36.3961868286, -7.30823469162], [41.1855545044, -79.3301010132, 2.04605460167, -33.3349342346, -33.7486724854, 7.99882936478, 5.05483913422, 8.62470245361, -3.45341563225, -1.70797562599, 36.3961868286, 125.666572571, 32.3352813721], [-140.26625061, -19.5835437775, -31.1608791351, 19.1095104218, -8.28188610077, -46.033493042, -40.9566459656, 20.5694179535, 44.8142356873, -8.71216011047, -7.30823469162, 32.3352813721, 135.109588623]],
        "icov": [[0.000125785853015, -0.000287607224891, 0.000253487552982, -0.000314772565616, 0.000293546152534, -0.000373591086827, 0.000261812965618, -0.00031361557194, 0.000254850514466, -0.000395160721382, 0.000278606952634, -0.000325430533849, 0.000192642502952], [-0.000287607224891, 0.00260312180035, -0.0013022775529, 0.00165385112632, -0.00175826100167, 0.00216067908332, -0.00173765211366, 0.00179009663407, -0.00121917051729, 0.0023893120233, -0.00161987415049, 0.00217699306086, -0.000676600611769], [0.000253487552982, -0.0013022775529, 0.00161793921143, -0.00141428061761, 0.000872089003678, -0.00120068457909, 0.00102951435838, -0.00149830908049, 0.00112094450742, -0.00125451222993, 0.00146693992428, -0.0015598408645, 0.00083210709272], [-0.000314772565616, 0.00165385112632, -0.00141428061761, 0.00417263060808, -0.00209635985084, 0.00160122744273, -0.00118739705067, 0.00127763976343, -0.00151832483243, 0.00138629658613, -0.000744348450098, 0.00204200367443, -0.00107677862979], [0.000293546152534, -0.00175826100167, 0.000872089003678, -0.00209635985084, 0.0046821506694, -0.00199376046658, 0.000937470584176, -0.00144085497595, 0.00066848937422, -0.00163784774486, 0.0015591501724, -0.000951997819357, 0.000643613224383], [-0.000373591086827, 0.00216067908332, -0.00120068457909, 0.00160122744273, -0.00199376046658, 0.00538138672709, -0.00291306851432, 0.0015754745109, -0.000653067487292, 0.00183720106725, -0.00181832606904, 0.00163241184782, -0.000143633456901], [0.000261812965618, -0.00173765211366, 0.00102951435838, -0.00118739705067, 0.000937470584176, -0.00291306851432, 0.00481890840456, -0.00087054661708, 0.00108333223034, -0.00154121045489, 0.000857936567627, -0.00173032388557, 0.00108540093061], [-0.00031361557194, 0.00179009663407, -0.00149830908049, 0.00127763976343, -0.00144085497595, 0.0015754745109, -0.00087054661708, 0.00782014988363, -0.00365374679677, 0.00229308148846, -0.000891178613529, 0.000926957058255, -0.000508659228217], [0.000254850514466, -0.00121917051729, 0.00112094450742, -0.00151832483243, 0.00066848937422, -0.000653067487292, 0.00108333223034, -0.00365374679677, 0.00808827020228, -0.00303549412638, 0.000542019552086, -0.000441197131295, -0.00147934840061], [-0.000395160721382, 0.0023893120233, -0.00125451222993, 0.00138629658613, -0.00163784774486, 0.00183720106725, -0.00154121045489, 0.00229308148846, -0.00303549412638, 0.00935338810086, -0.00252693798393, 0.00211679702625, 0.000126603568788], [0.000278606952634, -0.00161987415049, 0.00146693992428, -0.000744348450098, 0.0015591501724, -0.00181832606904, 0.000857936567627, -0.000891178613529, 0.000542019552086, -0.00252693798393, 0.008306061849, -0.00353977549821, 0.00132356700487], [-0.000325430533849, 0.00217699306086, -0.0015598408645, 0.00204200367443, -0.000951997819357, 0.00163241184782, -0.00173032388557, 0.000926957058255, -0.000441197131295, 0.00211679702625, -0.00353977549821, 0.011600500904, -0.00352363241836], [0.000192642502952, -0.000676600611769, 0.00083210709272, -0.00107677862979, 0.000643613224383, -0.000143633456901, 0.00108540093061, -0.000508659228217, -0.00147934840061, 0.000126603568788, 0.00132356700487, -0.00352363241836, 0.00965824816376]]
    },
    "melbands": {
        "mean": [0.00174994929694, 0.00106792454608, 0.000522071029991, 0.000305780937197, 0.000257004518062, 0.000275295402389, 0.000396693474613, 0.000261980167124, 0.000150250256411, 0.00011826188711, 0.00015482409799, 0.000205130010727, 0.000170178638655, 8.48395284265e-05, 0.000125460894196, 0.00010342184396, 9.36786382226e-05, 6.76524941809e-05, 5.37925843673e-05, 4.2795913032e-05, 1.86114302778e-05, 1.46182228491e-05, 1.1831685697e-05, 1.1285200344e-05, 1.4213974282e-05, 1.61888165167e-05, 1.2599425645e-05, 9.3794105851e-06, 1.16599712783e-05, 7.39253118809e-06, 3.95735378333e-06, 2.87119473796e-06, 2.75747697742e-06, 2.61726972894e-06, 2.59293733507e-06, 1.7966381165e-06, 9.30784665343e-07, 4.79786933738e-07, 4.22792510335e-07, 3.55694567133e-07],
        "stdev": [0.00400265818462, 0.00265239877626, 0.000588681839872, 0.000355570315151, 0.000457361427834, 0.000572824152187, 0.000854973390233, 0.000731788517442, 0.00043163166265, 0.00039995322004, 0.000553023826797, 0.00068938662298, 0.000628229172435, 0.000320384016959, 0.00038187977043, 0.000350207934389, 0.000285786372842, 0.000213923631236, 0.0001967115968, 0.000157356596901, 6.74912516843e-05, 3.57657081622e-05, 3.01965410472e-05, 2.6581916245e-05, 2.85205314867e-05, 3.14850694849e-05, 2.88738283416e-05, 2.10295274883e-05, 2.87246020889e-05, 1.85458939086e-05, 9.85967744782e-06, 6.84200404066e-06, 6.18338799541e-06, 5.04953231939e-06, 5.17687385582e-06, 4.08364712712e-06, 1.93789560399e-06, 1.41028681355e-06, 1.43715533341e-06, 1.168523454e-06]
    },
    "melbands128": {
        "mean": [0.000854369834997, 0.00206163525581, 0.00197325274348, 0.00146148551721, 0.000995026784949, 0.000735778303351, 0.000611655181274, 0.000462565425551, 0.000347304478055, 0.00032925416599, 0.000263273570454, 0.000231811005506, 0.000262947491137, 0.000284966081381, 0.000256875617197, 0.000239540822804, 0.000402493256843, 0.000437932467321, 0.000399340206059, 0.000294223369565, 0.000238446154981, 9.87609819276e-05, 0.000162104464835, 0.000185758835869, 0.000117115705507, 0.000111308552732, 7.13600384188e-05, 0.000144839592394, 0.000252724828897, 0.000183844735147, 0.000206975979381, 0.000211310485611, 0.000167468228028, 0.000164394601597, 6.63809623802e-05, 5.13246050104e-05, 0.000121334145661, 0.000159361152328, 0.00010402272892, 9.52032714849e-05, 0.000125386723084, 8.16930551082e-05, 9.38053999562e-05, 9.98447139864e-05, 8.16860047053e-05, 6.02846412221e-05, 5.23388189322e-05, 5.89816663705e-05, 5.32785888936e-05, 4.23134151788e-05, 4.84274460177e-05, 3.57769713446e-05, 1.88794783753e-05, 1.25061715153e-05, 1.32563400257e-05, 1.56749265443e-05, 1.53747241711e-05, 1.17135123219e-05, 1.0171896065e-05, 1.27834091472e-05, 1.09595193862e-05, 1.02289468487e-05, 1.26101340356e-05, 1.47374375956e-05, 1.83787742571e-05, 1.59634473675e-05, 1.50849255078e-05, 1.5762700059e-05, 1.22069977806e-05, 8.25338247523e-06, 7.57405496188e-06, 1.11406889118e-05, 1.19847518363e-05, 1.25937203848e-05, 1.02783515104e-05, 8.04435148893e-06, 6.0418474277e-06, 4.57618352812e-06, 4.03404146709e-06, 2.79765458799e-06, 2.76159994428e-06, 2.94177743854e-06, 2.99421117234e-06, 2.79658274849e-06, 2.54275823863e-06, 2.37265271608e-06, 2.79484788734e-06, 2.78566858469e-06, 2.53783491644e-06, 2.58544082499e-06, 2.13021530726e-06, 1.62794856351e-06, 1.13453620543e-06, 1.05828189589e-06, 6.71076008985e-07, 4.43023225216e-07, 4.77987669001e-07, 4.73795580547e-07, 4.14857282749e-07, 3.94506713519e-07, 4.23820750939e-07, 3.46237499116e-07, 2.89378562002e-07, 2.41772625031e-07, 2.05101542861e-07, 1.53545030912e-07, 1.37380254728e-07, 1.39136332677e-07, 3.36170529636e-07, 6.07677677067e-08, 3.83870570886e-08, 2.757363049e-08, 2.18861497814e-08, 1.7312842715e-08, 1.39978846292e-08, 1.59163722202e-08, 6.76212863482e-09, 7.35419891651e-10, 3.4080934689e-12, 3.29469589631e-12, 3.2139187145e-12, 3.14258645148e-12, 3.07520220226e-12, 3.01999462764e-12, 2.97579647555e-12, 2.94241020438e-12, 2.91753622129e-12, 2.89841132865e-12],
        "stdev": [0.00217920914292, 0.00491701858118, 0.00490569975227, 0.00412700185552, 0.00283881835639, 0.00133710284717, 0.000775538966991, 0.000587096437812, 0.000457506859675, 0.00048271776177, 0.000464316050056, 0.000491083716042, 0.000624059932306, 0.000783204915933, 0.00078840641072, 0.000726151047274, 0.00125123909675, 0.00121283135377, 0.00113775068894, 0.00105173920747, 0.00103692617267, 0.000437665090431, 0.000614496413618, 0.000736781337764, 0.000564590503927, 0.000565160065889, 0.000459318514913, 0.000684375874698, 0.00114031974226, 0.000865407346282, 0.00107871135697, 0.00105995323975, 0.000860564992763, 0.000930634443648, 0.000499519926962, 0.000352563598426, 0.000608865113463, 0.000615583208855, 0.000477284105727, 0.000463743985165, 0.000609029724728, 0.000412133958889, 0.000426183716627, 0.000425384409027, 0.000363212224329, 0.000308388262056, 0.000271757569863, 0.000287774484605, 0.00032659684075, 0.000255865743384, 0.000240769339143, 0.000188399135368, 0.000112283334602, 6.18737249169e-05, 5.42071466043e-05, 5.2077411965e-05, 5.50243494217e-05, 5.02563962073e-05, 3.9437047235e-05, 4.84236370539e-05, 3.87146756111e-05, 3.61896418326e-05, 3.96154173359e-05, 4.44664619863e-05, 5.17579974257e-05, 4.54401997558e-05, 4.49003346148e-05, 4.90956517751e-05, 4.02304067393e-05, 2.97046790365e-05, 2.48908381764e-05, 3.60652811651e-05, 3.95965798816e-05, 4.56976449641e-05, 3.64879997505e-05, 2.97842325381e-05, 2.24537434406e-05, 1.57831364049e-05, 1.39297126225e-05, 8.63684635988e-06, 1.05795079435e-05, 8.5023802967e-06, 9.10202561499e-06, 8.35103492136e-06, 6.4883943196e-06, 5.9855415202e-06, 6.73980503052e-06, 6.9443076427e-06, 6.34270600131e-06, 6.91508603268e-06, 6.22371680947e-06, 4.56894895251e-06, 3.25791597788e-06, 2.36280379795e-06, 1.69187649135e-06, 1.41719579005e-06, 1.65280744113e-06, 1.84907491985e-06, 1.47178639054e-06, 1.50987204961e-06, 1.66994300344e-06, 1.24143286939e-06, 9.43960458244e-07, 8.12906762349e-07, 7.70414715134e-07, 4.92377694172e-07, 4.20266189849e-07, 4.26193679459e-07, 5.72220926642e-07, 1.90144206158e-07, 1.45186305645e-07, 8.68544631771e-08, 5.57617880759e-08, 4.1381632343e-08, 3.14334656082e-08, 3.98109278876e-08, 1.57876165474e-08, 2.01666905397e-09, 5.87817424944e-12, 5.71196649007e-12, 5.56932451545e-12, 5.4428779192e-12, 5.33203429326e-12, 5.23830544913e-12, 5.15887983374e-12, 5.09702393139e-12, 5.05130139106e-12, 5.02308177691e-12]
    },
    "mfcc": {
        "mean": [-683.86932373, 113.728263855, 6.57313776016, 30.5844535828, -2.54638719559, 8.78938007355, -0.0962465554476, 1.31466603279, -5.82454156876, 7.81226301193, 0.250558763742, 2.03384971619, 1.3805116415],
        "cov": [[10867.2851562, -436.429382324, -1085.36279297, 36.0469169617, -382.242462158, 305.173431396, -54.296962738, 87.6181564331, -193.241897583, 264.639221191, 40.5073013306, -10.2348537445, 138.519699097], [-436.429382324, 1434.52856445, 229.623184204, 118.538520813, 34.5380172729, -22.1335315704, 75.7174911499, 22.2505893707, -15.2705392838, -29.1678237915, 6.1988658905, -20.2804527283, -136.27532959], [-1085.36279297, 229.623184204, 1059.72216797, 198.161407471, 161.105529785, 9.94499492645, 49.2272911072, 45.9396476746, 112.046714783, -67.6369094849, -12.3440294266, 71.8862991333, -61.1477928162], [36.0469169617, 118.538520813, 198.161407471, 477.212768555, 154.897003174, -2.76824331284, -27.3847846985, -23.3966293335, 113.272293091, -2.37042880058, -25.0617599487, 14.7370586395, 18.5687522888], [-382.242462158, 34.5380172729, 161.105529785, 154.897003174, 422.010040283, -51.0077285767, -56.1577987671, 4.66210365295, 89.2026672363, 18.9232234955, -19.020483017, -17.6783847809, 18.2235641479], [305.173431396, -22.1335315704, 9.94499492645, -2.76824331284, -51.0077285767, 348.070343018, 164.216140747, 48.9065322876, -15.6877727509, 35.6256027222, 23.0971717834, 8.52873134613, -9.93824577332], [-54.296962738, 75.7174911499, 49.2272911072, -27.3847846985, -56.1577987671, 164.216140747, 275.386932373, 78.5140991211, -42.2823944092, 19.4084072113, 31.6895446777, -4.56484365463, -28.4983577728], [87.6181564331, 22.2505893707, 45.9396476746, -23.3966293335, 4.66210365295, 48.9065322876, 78.5140991211, 205.987457275, 12.0032930374, 0.661038160324, 14.2830352783, -3.50755119324, -9.35852622986], [-193.241897583, -15.2705392838, 112.046714783, 113.272293091, 89.2026672363, -15.6877727509, -42.2823944092, 12.0032930374, 238.61541748, 18.8133239746, -4.40504741669, 10.0741567612, 9.77900409698], [264.639221191, -29.1678237915, -67.6369094849, -2.37042880058, 18.9232234955, 35.6256027222, 19.4084072113, 0.661038160324, 18.8133239746, 161.98840332, 20.3075790405, -2.58499765396, 14.3175516129], [40.5073013306, 6.1988658905, -12.3440294266, -25.0617599487, -19.020483017, 23.0971717834, 31.6895446777, 14.2830352783, -4.40504741669, 20.3075790405, 146.40763855, 21.0812149048, 2.51111221313], [-10.2348537445, -20.2804527283, 71.8862991333, 14.7370586395, -17.6783847809, 8.52873134613, -4.56484365463, -3.50755119324, 10.0741567612, -2.58499765396, 21.0812149048, 148.904144287, 38.4321899414], [138.519699097, -136.27532959, -61.1477928162, 18.5687522888, 18.2235641479, -9.93824577332, -28.4983577728, -9.35852622986, 9.77900409698, 14.3175516129, 2.51111221313, 38.4321899414, 149.37638855]],
        "icov": [[0.000117546733236, 1.34798847284e-05, 0.000100300589111, -0.000107750376628, 9.89125182969e-05, -0.00012060598965, 0.000140648393426, -0.000120004086057, 0.00010033918079, -0.000159269315191, -3.04810646412e-06, -8.54794325278e-06, -3.20818871842e-05], [1.34798847284e-05, 0.000818637607154, -8.13767983345e-05, -0.000251298712101, -9.27182099986e-06, 0.000184867298231, -0.000229982717428, -3.43956671713e-05, 0.000168388491147, 3.11053713631e-06, -6.93370311637e-05, -2.40506469709e-05, 0.000695696275216], [0.000100300589111, -8.13767983345e-05, 0.00135894038249, -0.000389412656659, -0.000322971434798, -6.2089326093e-05, -0.000239891727688, -0.000244792958256, -0.000312361255055, 0.000421507575084, 0.000105844330392, -0.000810602679849, 0.000598435581196], [-0.000107750376628, -0.000251298712101, -0.000389412656659, 0.00289444159716, -0.000784941483289, -0.000144010249642, -0.000110132605187, 0.000596137484536, -0.00105215248186, 0.000267178809736, 0.000337757053785, -5.9065358073e-05, -0.000493244268], [9.89125182969e-05, -9.27182099986e-06, -0.000322971434798, -0.000784941483289, 0.0031459229067, 0.000165929304785, 0.000591257412452, -0.000386232655728, -0.000391320878407, -0.000690528075211, 8.88126451173e-05, 0.000748612103052, -0.000521263515111], [-0.00012060598965, 0.000184867298231, -6.2089326093e-05, -0.000144010249642, 0.000165929304785, 0.00428267102689, -0.00258362642489, 8.84022119862e-06, -0.000187108511454, -0.000446776335593, -6.0276934164e-06, -0.000282410037471, 0.000173145905137], [0.000140648393426, -0.000229982717428, -0.000239891727688, -0.000110132605187, 0.000591257412452, -0.00258362642489, 0.00625305296853, -0.00176821590867, 0.00108034524601, -0.000674490584061, -0.000702713499777, 0.000406793260481, 0.000314493721817], [-0.000120004086057, -3.43956671713e-05, -0.000244792958256, 0.000596137484536, -0.000386232655728, 8.84022119862e-06, -0.00176821590867, 0.00577218085527, -0.000771731894929, 0.00045447750017, -0.000228429897106, 0.000189680678886, -6.04154993198e-05], [0.00010033918079, 0.000168388491147, -0.000312361255055, -0.00105215248186, -0.000391320878407, -0.000187108511454, 0.00108034524601, -0.000771731894929, 0.00536804785952, -0.000931526185013, -0.000115760230983, -0.000105035665911, 2.33850369113e-05], [-0.000159269315191, 3.11053713631e-06, 0.000421507575084, 0.000267178809736, -0.000690528075211, -0.000446776335593, -0.000674490584061, 0.00045447750017, -0.000931526185013, 0.00711796106771, -0.000814753875602, 9.52363116085e-05, -0.000387896638131], [-3.04810646412e-06, -6.93370311637e-05, 0.000105844330392, 0.000337757053785, 8.88126451173e-05, -6.0276934164e-06, -0.000702713499777, -0.000228429897106, -0.000115760230983, -0.000814753875602, 0.00736497156322, -0.00117067585234, 4.43580756837e-05], [-8.54794325278e-06, -2.40506469709e-05, -0.000810602679849, -5.9065358073e-05, 0.000748612103052, -0.000282410037471, 0.000406793260481, 0.000189680678886, -0.000105035665911, 9.52363116085e-05, -0.00117067585234, 0.00802674517035, -0.00240684836172], [-3.20818871842e-05, 0.000695696275216, 0.000598435581196, -0.000493244268, -0.000521263515111, 0.000173145905137, 0.000314493721817, -6.04154993198e-05, 2.33850369113e-05, -0.000387896638131, 4.43580756837e-05, -0.00240684836172, 0.00845068972558]]
    },
    "spectral_contrast_coeffs": {
        "mean": [-0.738203763962, -0.716776132584, -0.715636253357, -0.731411337852, -0.74837076664, -0.745260596275],
        "stdev": [0.0762337222695, 0.0976540595293, 0.107929065824, 0.0950420796871, 0.0750913247466, 0.0560809858143]
    },
    "spectral_contrast_valleys": {
        "mean": [-7.03751802444, -7.31635522842, -8.32962608337, -8.56636238098, -8.31088733673, -10.8163948059],
        "stdev": [1.42561233044, 1.28409266472, 1.26743280888, 1.26993000507, 1.28890883923, 1.31894671917]
    }
},
"rhythm": {
    "beats_count": 778,
    "beats_loudness": {
        "mean": 0.0340339913964,
        "stdev": 0.0227100849152
    },
    "bpm": 150.228012085,
    "bpm_histogram_first_peak_bpm": 152,
    "bpm_histogram_first_peak_weight": 0.445070385933,
    "bpm_histogram_second_peak_bpm": 144,
    "bpm_histogram_second_peak_spread": 0.225000023842,
    "bpm_histogram_second_peak_weight": 0.0398970395327,
    "danceability": 1.13788151741,
    "onset_rate": 3.56872987747,
    "beats_loudness_band_ratio": {
        "mean": [0.453452050686, 0.118110865355, 0.162638440728, 0.149233922362, 0.0823059007525, 0.0685636103153],
        "stdev": [0.299037873745, 0.125614657998, 0.155251130462, 0.192059800029, 0.103610612452, 0.0732035115361]
    },
    "beats_position": [0.394739210606, 0.801088392735, 1.20743763447, 1.60217678547, 1.99691605568, 2.39165520668, 2.76317453384, 3.15791368484, 3.56426286697, 3.95900225639, 4.35374164581, 4.76009082794, 5.15482997894, 5.54956912994, 5.94430828094, 6.35065746307, 6.7570066452, 7.1517457962, 7.5464849472, 7.95283412933, 8.34757328033, 8.75392246246, 9.14866161346, 9.55501079559, 9.96135997772, 10.3560991287, 10.7508392334, 11.1571884155, 11.5519275665, 11.9582767487, 12.3530158997, 12.7477550507, 13.1541042328, 13.5604534149, 13.9551925659, 14.3499317169, 14.7446708679, 15.15102005, 15.545759201, 15.9404983521, 16.3468475342, 16.7531967163, 17.1595458984, 17.5542850494, 17.9490242004, 18.3553733826, 18.7501125336, 19.1564617157, 19.5628108978, 19.96916008, 20.363899231, 20.7702484131, 21.1649875641, 21.5597267151, 21.9544658661, 22.3608150482, 22.7555541992, 23.1619052887, 23.5566444397, 23.9629936218, 24.3577327728, 24.764081955, 25.158821106, 25.5651702881, 25.9715194702, 26.3778686523, 26.7726078033, 27.1673469543, 27.5736961365, 27.9684352875, 28.3631744385, 28.7579135895, 29.1642627716, 29.5590019226, 29.9421310425, 30.3484802246, 30.7432193756, 31.1379585266, 31.5443077087, 31.9506568909, 32.3453979492, 32.7517471313, 33.146484375, 33.5528335571, 33.9475746155, 34.3539237976, 34.7602729797, 35.1666221619, 35.572971344, 35.9677085876, 36.362449646, 36.7571868896, 37.151927948, 37.5582771301, 37.9530143738, 38.3593635559, 38.7541046143, 39.1604537964, 39.55519104, 39.9615402222, 40.3562812805, 40.7626304626, 41.1573677063, 41.5637168884, 41.9700660706, 42.3764152527, 42.771156311, 43.1658935547, 43.560634613, 43.9553718567, 44.350112915, 44.7448501587, 45.1511993408, 45.5575485229, 45.9638977051, 46.3702468872, 46.7649879456, 47.1597251892, 47.5544662476, 47.9492073059, 48.355556488, 48.7619056702, 49.1566429138, 49.5629920959, 49.9461212158, 50.3408622742, 50.7355995178, 51.1303405762, 51.5482978821, 51.9430389404, 52.3377761841, 52.7325172424, 53.1272544861, 53.5219955444, 53.9283447266, 54.3230819702, 54.7294311523, 55.1357803345, 55.5421295166, 55.9600906372, 56.3548278809, 56.761177063, 57.1675262451, 57.5738754272, 57.9802246094, 58.39818573, 58.8045349121, 59.2108840942, 59.6056213379, 59.9887504578, 60.3718795776, 60.766620636, 61.1613578796, 61.5677070618, 61.9624481201, 62.3687973022, 62.7635345459, 63.1582756042, 63.5530128479, 63.9477539062, 64.3424911499, 64.7372360229, 65.1435852051, 65.5499343872, 65.9562835693, 66.3626327515, 66.7573699951, 67.1521072388, 67.5584564209, 67.964805603, 68.3595428467, 68.7775039673, 69.1722412109, 69.5785903931, 69.9849395752, 70.3912887573, 70.7860336304, 71.180770874, 71.5638961792, 71.9702453613, 72.3765945435, 72.7713394165, 73.1660766602, 73.5724258423, 73.9671630859, 74.3619003296, 74.7566452026, 75.1629943848, 75.5693435669, 75.975692749, 76.3704299927, 76.7651672363, 77.15990448, 77.554649353, 77.9493865967, 78.3441238403, 78.7504730225, 79.1568222046, 79.5515594482, 79.9463043213, 80.3410415649, 80.7357788086, 81.1421279907, 81.5484771729, 81.954826355, 82.3611755371, 82.7675247192, 83.1738739014, 83.5686187744, 83.9633560181, 84.3580932617, 84.7528305054, 85.1475753784, 85.5423126221, 85.9370498657, 86.3433990479, 86.74974823, 87.1560974121, 87.5624465942, 87.9687957764, 88.3751449585, 88.7698822021, 89.1646270752, 89.5593643188, 89.965713501, 90.3488388062, 90.7551879883, 91.1499328613, 91.5562820435, 91.9626312256, 92.3689804077, 92.7753295898, 93.181678772, 93.5764160156, 93.9711532593, 94.3658905029, 94.760635376, 95.1553726196, 95.5501098633, 95.9448471069, 96.3511962891, 96.7575454712, 97.1522903442, 97.5586395264, 97.95337677, 98.3597259521, 98.7544631958, 99.1492080688, 99.5439453125, 99.9502944946, 100.356643677, 100.75138092, 101.157730103, 101.564079285, 101.947212219, 102.353561401, 102.759910583, 103.166259766, 103.560997009, 103.955734253, 104.350471497, 104.74521637, 105.151565552, 105.557914734, 105.964263916, 106.370613098, 106.765350342, 107.160087585, 107.554824829, 107.949569702, 108.344306946, 108.750656128, 109.145393372, 109.551742554, 109.946479797, 110.352828979, 110.759178162, 111.153923035, 111.548660278, 111.95500946, 112.361358643, 112.756095886, 113.15083313, 113.557182312, 113.963539124, 114.358276367, 114.753013611, 115.159362793, 115.554100037, 115.960449219, 116.355194092, 116.749931335, 117.144668579, 117.539405823, 117.945755005, 118.352104187, 118.758453369, 119.164802551, 119.559547424, 119.965896606, 120.36063385, 120.755371094, 121.161720276, 121.568069458, 121.97441864, 122.380767822, 122.775505066, 123.181854248, 123.576599121, 123.971336365, 124.377685547, 124.784034729, 125.178771973, 125.573509216, 125.968254089, 126.362991333, 126.757728577, 127.15246582, 127.547210693, 127.953559875, 128.336685181, 128.754638672, 129.160995483, 129.567337036, 129.973693848, 130.368438721, 130.751556396, 131.157913208, 131.564254761, 131.970611572, 132.376953125, 132.771697998, 133.166442871, 133.561172485, 133.955917358, 134.362258911, 134.757003784, 135.163360596, 135.55809021, 135.952835083, 136.359176636, 136.753921509, 137.148666382, 137.566619873, 137.972961426, 138.35609436, 138.750839233, 139.157180786, 139.551925659, 139.946670532, 140.353012085, 140.759368896, 141.154098511, 141.548843384, 141.943572998, 142.338317871, 142.733062744, 143.151016235, 143.557373047, 143.952102661, 144.346847534, 144.753189087, 145.14793396, 145.554275513, 145.949020386, 146.355377197, 146.76171875, 147.168075562, 147.562805176, 147.957550049, 148.352294922, 148.747024536, 149.153381348, 149.5597229, 149.954467773, 150.360809326, 150.755554199, 151.150299072, 151.556640625, 151.974594116, 152.369338989, 152.752471924, 153.158813477, 153.55355835, 153.971511841, 154.366256714, 154.761001587, 155.155731201, 155.550476074, 155.956817627, 156.363174438, 156.78112793, 157.175872803, 157.570602417, 157.96534729, 158.360092163, 158.766433716, 159.172790527, 159.567520142, 159.962265015, 160.357009888, 160.76335144, 161.158096313, 161.564437866, 161.959182739, 162.365524292, 162.760269165, 163.166610718, 163.561355591, 163.956100464, 164.350830078, 164.75718689, 165.163528442, 165.558273315, 165.953018188, 166.359359741, 166.765716553, 167.172058105, 167.55519104, 167.961532593, 168.367889404, 168.774230957, 169.16897583, 169.575332642, 169.970062256, 170.364807129, 170.759536743, 171.165893555, 171.572235107, 171.96697998, 172.361724854, 172.756454468, 173.151199341, 173.557540894, 173.963897705, 174.358642578, 174.753372192, 175.159729004, 175.566070557, 175.96081543, 176.355545044, 176.750289917, 177.156646729, 177.551376343, 177.957733154, 178.352462769, 178.747207642, 179.141952515, 179.548294067, 179.954650879, 180.360992432, 180.767349243, 181.162078857, 181.55682373, 181.951568604, 182.346298218, 182.752655029, 183.158996582, 183.553741455, 183.960083008, 184.366439819, 184.761169434, 185.155914307, 185.573867798, 185.980224609, 186.386566162, 186.781311035, 187.187667847, 187.594009399, 187.977142334, 188.360275269, 188.755004883, 189.149749756, 189.54447937, 189.939224243, 190.333969116, 190.740310669, 191.14666748, 191.541397095, 191.947753906, 192.354095459, 192.760452271, 193.155181885, 193.573150635, 193.967880249, 194.374237061, 194.745758057, 195.140487671, 195.535232544, 195.918365479, 196.359542847, 196.789108276, 197.218673706, 197.648254395, 198.089431763, 198.530609131, 198.971786499, 199.38973999, 199.80770874, 200.248886108, 200.690063477, 201.131240845, 201.549209595, 201.943939209, 202.361907959, 202.756637573, 203.162994385, 203.557723999, 203.952468872, 204.358810425, 204.753555298, 205.148300171, 205.543029785, 205.937774658, 206.344116211, 206.750473022, 207.145217896, 207.551559448, 207.95791626, 208.364257812, 208.770614624, 209.165344238, 209.560089111, 209.954818726, 210.349563599, 210.744308472, 211.139038086, 211.533782959, 211.940139771, 212.346481323, 212.741226196, 213.135955811, 213.542312622, 213.948654175, 214.355010986, 214.761352539, 215.167709351, 215.562438965, 215.968795776, 216.363540649, 216.758270264, 217.153015137, 217.547744751, 217.954101562, 218.348846436, 218.74357605, 219.138320923, 219.533050537, 219.939407349, 220.35736084, 220.763717651, 221.158447266, 221.564804077, 221.95954895, 222.365890503, 222.772247314, 223.178588867, 223.561721802, 223.956451416, 224.351196289, 224.745941162, 225.140670776, 225.535415649, 225.953369141, 226.371337891, 226.766067505, 227.160812378, 227.567153931, 227.973510742, 228.368255615, 228.762985229, 229.157730103, 229.552474976, 229.94720459, 230.341949463, 230.748291016, 231.154647827, 231.549377441, 231.944122314, 232.350479126, 232.756820679, 233.151565552, 233.557907104, 233.964263916, 234.370605469, 234.77696228, 235.171691895, 235.566436768, 235.961181641, 236.355911255, 236.750656128, 237.145385742, 237.563354492, 237.958084106, 238.352828979, 238.759185791, 239.165527344, 239.560272217, 239.955001831, 240.349746704, 240.756088257, 241.139221191, 241.545578003, 241.940307617, 242.346664429, 242.741394043, 243.147750854, 243.554092407, 243.94883728, 244.343582153, 244.749923706, 245.156280518, 245.574234009, 245.968978882, 246.363708496, 246.758453369, 247.153198242, 247.547927856, 247.954284668, 248.360626221, 248.755371094, 249.150115967, 249.55645752, 249.951202393, 250.357543945, 250.752288818, 251.147018433, 251.541763306, 251.948120117, 252.35446167, 252.760818481, 253.167160034, 253.561904907, 253.956634521, 254.351379395, 254.746124268, 255.15246582, 255.558822632, 255.953552246, 256.348297119, 256.743041992, 257.149383545, 257.555725098, 257.950469971, 258.345214844, 258.751556396, 259.157897949, 259.552642822, 259.947387695, 260.353729248, 260.748474121, 261.154815674, 261.549560547, 261.94430542, 262.350646973, 262.756988525, 263.151733398, 263.546478271, 263.952819824, 264.359191895, 264.75390625, 265.148651123, 265.554992676, 265.949737549, 266.344482422, 266.739227295, 267.145568848, 267.540313721, 267.946655273, 268.352996826, 268.747741699, 269.15411377, 269.560455322, 269.955200195, 270.349914551, 270.756286621, 271.151000977, 271.557373047, 271.9637146, 272.370056152, 272.764801025, 273.159545898, 273.554290771, 273.949005127, 274.34375, 274.738494873, 275.144836426, 275.551208496, 275.957550049, 276.363891602, 276.758636475, 277.153381348, 277.548126221, 277.942840576, 278.349212646, 278.755554199, 279.150299072, 279.545043945, 279.939758301, 280.334503174, 280.740844727, 281.147216797, 281.541931152, 281.936676025, 282.343048096, 282.749389648, 283.144134521, 283.538848877, 283.93359375, 284.328338623, 284.723083496, 285.141052246, 285.547393799, 285.953735352, 286.360076904, 286.766448975, 287.16116333, 287.5675354, 287.973876953, 288.368621826, 288.763336182, 289.158081055, 289.552825928, 289.947570801, 290.353912354, 290.760253906, 291.154998779, 291.561340332, 291.956085205, 292.339233398, 292.745574951, 293.151916504, 293.546661377, 293.94140625, 294.347747803, 294.754089355, 295.148834229, 295.543579102, 295.938323975, 296.333068848, 296.727783203, 297.122528076, 297.528869629, 297.946838379, 298.353179932, 298.759552002, 299.177490234, 299.583862305, 299.97857666, 300.373321533, 300.779663086, 301.186035156, 301.580780029, 301.975494385, 302.370239258, 302.776580811, 303.182952881, 303.589294434, 303.984039307, 304.390380859, 304.785125732, 305.179870605, 305.574584961, 305.969329834, 306.375671387, 306.793640137, 307.223205566, 307.641174316, 308.059143066, 308.488708496, 308.918273926, 309.336242676, 309.754180908, 310.183746338, 310.613342285, 311.031280518, 311.460845947, 311.878814697],
    "bpm_histogram": [0, 0, 0, 0, 0, 0, 0, 0, 0, 0, 0, 0, 0, 0, 0, 0, 0, 0, 0, 0, 0, 0, 0, 0, 0, 0, 0, 0, 0, 0, 0, 0, 0, 0, 0, 0, 0, 0, 0, 0, 0, 0, 0, 0, 0, 0, 0, 0, 0, 0, 0, 0, 0, 0, 0, 0, 0, 0, 0, 0, 0, 0, 0, 0, 0, 0, 0, 0, 0, 0, 0, 0, 0, 0, 0, 0, 0, 0, 0, 0, 0, 0, 0, 0, 0, 0, 0, 0, 0, 0, 0, 0, 0, 0, 0, 0, 0, 0, 0, 0, 0, 0, 0, 0, 0, 0, 0, 0, 0, 0, 0, 0, 0, 0, 0, 0, 0, 0, 0, 0, 0, 0, 0, 0, 0, 0, 0, 0, 0, 0, 0, 0, 0, 0, 0, 0, 0.00900900922716, 0, 0, 0, 0.0115830115974, 0, 0, 0, 0.0398970395327, 0, 0, 0, 0.406692415476, 0, 0, 0, 0.507078528404, 0, 0, 0, 0, 0.0231660231948, 0, 0, 0, 0.00257400260307, 0, 0, 0, 0, 0, 0, 0, 0, 0, 0, 0, 0, 0, 0, 0, 0, 0, 0, 0, 0, 0, 0, 0, 0, 0, 0, 0, 0, 0, 0, 0, 0, 0, 0, 0, 0, 0, 0, 0, 0, 0, 0, 0, 0, 0, 0, 0, 0, 0, 0, 0, 0, 0, 0, 0, 0, 0, 0, 0, 0, 0, 0, 0, 0, 0, 0, 0, 0, 0, 0, 0, 0, 0, 0, 0, 0, 0, 0, 0, 0, 0, 0, 0, 0, 0, 0, 0, 0]
},
"tonal": {
    "chords_changes_rate": 0.0878288000822,
    "chords_number_rate": 0.0016347153578,
    "chords_strength": {
        "mean": 0.50237095356,
