{
"metadata": {
    "version": {
        "essentia": "2.1-dev",
        "essentia_git_sha": "v2.1_beta3-415-gd5473f3",
        "extractor": "music 2.0"
    },
    "audio_properties": {
        "analysis": {
            "equal_loudness": 0,
            "length": 241.972244263,
            "sample_rate": 44100,
            "start_time": 0,
            "downmix": "mix"
        },
        "bit_rate": 192000,
        "length": 241.972244263,
        "lossless": 0,
        "number_channels": 2,
        "replay_gain": -6.53697776794,
        "sample_rate": 44100,
        "codec": "mp3",
        "md5_encoded": "4db5c99ae4adc8f921a62a484b26372c"
    },
    "tags": {
        "file_name": "remy_shand-take_a_message.mp3",
        "artist": ["Remy Shand"],
        "date": ["0"],
        "genre": ["Soul"],
        "title": ["Take A Message"]
    }
},
"lowlevel": {
    "average_loudness": 0.960044562817,
    "barkbands_crest": {
        "mean": 15.6344976425,
        "stdev": 5.6778626442
    },
    "barkbands_flatness_db": {
        "mean": 0.219445496798,
        "stdev": 0.0685624182224
    },
    "barkbands_kurtosis": {
        "mean": 25.1430301666,
        "stdev": 41.2115859985
    },
    "barkbands_skewness": {
        "mean": 3.45979332924,
        "stdev": 2.62539076805
    },
    "barkbands_spread": {
        "mean": 13.8537998199,
        "stdev": 14.2334537506
    },
    "dissonance": {
        "mean": 0.444760650396,
        "stdev": 0.0414422824979
    },
    "dynamic_complexity": 3.39867687225,
    "erbbands_crest": {
        "mean": 10.9163265228,
        "stdev": 5.76725149155
    },
    "erbbands_flatness_db": {
        "mean": 0.157114624977,
        "stdev": 0.0480355806649
    },
    "erbbands_kurtosis": {
        "mean": 3.02182197571,
        "stdev": 6.78257131577
    },
    "erbbands_skewness": {
        "mean": 0.820891201496,
        "stdev": 1.05610430241
    },
    "erbbands_spread": {
        "mean": 42.8833732605,
        "stdev": 26.412279129
    },
    "hfc": {
        "mean": 20.9367389679,
        "stdev": 26.7850475311
    },
    "loudness_ebu128": {
        "integrated": -14.7333011627,
        "loudness_range": 3.16487503052,
        "momentary": {
            "mean": -16.0584278107,
            "stdev": 6.18132734299
        },
        "short_term": {
            "mean": -15.4209861755,
            "stdev": 3.80963897705
        }
    },
    "melbands_crest": {
        "mean": 19.6785755157,
        "stdev": 6.17603206635
    },
    "melbands_flatness_db": {
        "mean": 0.292189925909,
        "stdev": 0.0901137590408
    },
    "melbands_kurtosis": {
        "mean": 52.5447845459,
        "stdev": 72.0217514038
    },
    "melbands_skewness": {
        "mean": 4.70152664185,
        "stdev": 3.10561275482
    },
    "melbands_spread": {
        "mean": 12.8828248978,
        "stdev": 19.623468399
    },
    "pitch_salience": {
        "mean": 0.411536633968,
        "stdev": 0.15023316443
    },
    "silence_rate_20dB": {
        "mean": 0.980042219162,
        "stdev": 0.139851093292
    },
    "silence_rate_30dB": {
        "mean": 0.805795431137,
        "stdev": 0.395587772131
    },
    "silence_rate_60dB": {
        "mean": 0.0471118800342,
        "stdev": 0.211868524551
    },
    "spectral_centroid": {
        "mean": 865.141418457,
        "stdev": 718.584472656
    },
    "spectral_complexity": {
        "mean": 12.7582998276,
        "stdev": 6.98216676712
    },
    "spectral_decrease": {
        "mean": -1.80631456459e-08,
        "stdev": 2.04789092351e-08
    },
    "spectral_energy": {
        "mean": 0.070073440671,
        "stdev": 0.0782251134515
    },
    "spectral_energyband_high": {
        "mean": 0.000941396399867,
        "stdev": 0.00255667418242
    },
    "spectral_energyband_low": {
        "mean": 0.0552332103252,
        "stdev": 0.0743236765265
    },
    "spectral_energyband_middle_high": {
        "mean": 0.00466721132398,
        "stdev": 0.0103366961703
    },
    "spectral_energyband_middle_low": {
        "mean": 0.0108919451013,
        "stdev": 0.0122774876654
    },
    "spectral_entropy": {
        "mean": 7.34153270721,
        "stdev": 0.538864254951
    },
    "spectral_flux": {
        "mean": 0.115704759955,
        "stdev": 0.0956946909428
    },
    "spectral_kurtosis": {
        "mean": 3.74157309532,
        "stdev": 2.97046685219
    },
    "spectral_rms": {
        "mean": 0.00724384654313,
        "stdev": 0.00398635258898
    },
    "spectral_rolloff": {
        "mean": 775.644042969,
        "stdev": 1475.37329102
    },
    "spectral_skewness": {
        "mean": 1.74088072777,
        "stdev": 0.632269382477
    },
    "spectral_spread": {
        "mean": 6157087.5,
        "stdev": 2063213.25
    },
    "spectral_strongpeak": {
        "mean": 0.861193835735,
        "stdev": 1.35175895691
    },
    "zerocrossingrate": {
        "mean": 0.0416431464255,
        "stdev": 0.0432476364076
    },
    "barkbands": {
        "mean": [0.00173876516055, 0.045027371496, 0.00728268735111, 0.00203260895796, 0.00155326665845, 0.00227219308726, 0.00174115470145, 0.00119633192662, 0.00115513452329, 0.00172567856498, 0.000788451405242, 0.00108816870488, 0.000514769752044, 0.000330354872858, 0.000226827076403, 0.000115785231174, 7.31230247766e-05, 9.92571658571e-05, 0.000129115243908, 8.29256969155e-05, 9.19849189813e-05, 0.000169853592524, 0.000195182714378, 0.000298056023894, 0.000118200368888, 2.64134650934e-05, 1.92417850542e-08],
        "stdev": [0.00336271384731, 0.067495405674, 0.0115311443806, 0.00374569790438, 0.00209018005989, 0.00300142751075, 0.004270051606, 0.00537831103429, 0.00374640710652, 0.00443350337446, 0.00358273508027, 0.00707839196548, 0.00221368228085, 0.00106284662616, 0.000654056551866, 0.000391285662772, 0.00017668568762, 0.000719564210158, 0.000689765671268, 0.000340611702995, 0.00042551671504, 0.000771819090005, 0.000573492783587, 0.000918195932172, 0.000330496317474, 8.82695967448e-05, 4.65542171924e-07]
    },
    "erbbands": {
        "mean": [1.51885008812, 9.16457653046, 10.0994729996, 7.87811851501, 4.96345663071, 4.89989757538, 11.4176483154, 20.64112854, 28.2651939392, 20.5005016327, 26.697977066, 28.4915122986, 56.2540054321, 35.5947647095, 37.3705787659, 46.2842140198, 24.0245761871, 20.5949802399, 14.5037212372, 8.36094379425, 5.93466281891, 3.89281916618, 4.96753072739, 6.40538215637, 6.19813394547, 4.19354629517, 3.31836009026, 4.21309947968, 5.99594736099, 5.43110609055, 5.75426006317, 7.59707546234, 3.78991770744, 1.58150160313, 0.710177838802, 0.203731432557, 0.0329709500074, 0.00242351577617, 9.38426383073e-05, 8.37247207528e-05],
        "stdev": [2.27140522003, 14.3890647888, 14.7521352768, 12.2407159805, 7.61322689056, 7.15933132172, 18.235912323, 29.3575019836, 61.7521476746, 74.0478439331, 120.220039368, 77.4478530884, 149.501953125, 118.542205811, 165.78994751, 287.882415771, 86.9069213867, 65.3605728149, 38.8634605408, 22.262134552, 19.4237937927, 8.95617008209, 30.6730251312, 40.9144630432, 30.7510128021, 16.8529586792, 14.6895685196, 20.5013141632, 29.0025520325, 19.0708217621, 16.9099273682, 22.4192943573, 12.7695980072, 4.62690162659, 1.94323778152, 0.650254249573, 0.11481231451, 0.00811999849975, 0.000181709823664, 8.8269043772e-05]
    },
    "gfcc": {
        "mean": [-21.4146671295, 103.235870361, -81.0121459961, 32.1070175171, -68.1965103149, 42.8996505737, -35.516872406, 16.4254722595, -17.3548755646, -0.51806473732, -2.25464439392, -3.51464295387, -5.95328330994],
        "cov": [[9763.62695312, -6.68810176849, -543.622741699, 389.530273438, 54.9315757751, 207.135574341, 215.999298096, 251.018997192, -71.5813446045, 369.84677124, 1.86784350872, 114.087562561, -12.6168956757], [-6.68810176849, 1185.0020752, 56.3922653198, -117.183280945, 266.479370117, 24.5564479828, 119.067893982, -19.2560043335, 136.199798584, -137.526046753, 205.418746948, -138.529052734, 93.7804946899], [-543.622741699, 56.3922653198, 1109.86694336, 181.400772095, 143.669418335, 177.867340088, 133.792526245, 72.9150543213, 63.8480186462, 67.0425415039, -14.7845125198, 63.7880363464, -37.3452148438], [389.530273438, -117.183280945, 181.400772095, 553.862243652, 214.884231567, 51.6721572876, 135.270202637, 85.984085083, 75.1796646118, 51.5920600891, -13.6458683014, 12.0541276932, 37.5908813477], [54.9315757751, 266.479370117, 143.669418335, 214.884231567, 544.756835938, 114.520454407, 218.777328491, 123.997550964, 119.665603638, 76.2525939941, 54.2202720642, 23.6845302582, 6.22635555267], [207.135574341, 24.5564479828, 177.867340088, 51.6721572876, 114.520454407, 282.302337646, 129.158401489, 25.6467628479, 58.9260940552, 23.6673297882, 33.1004867554, -8.51866436005, 10.8444328308], [215.999298096, 119.067893982, 133.792526245, 135.270202637, 218.777328491, 129.158401489, 309.434997559, 121.1014328, 55.0642204285, 75.8434371948, 55.9140853882, 12.7156028748, 23.3425521851], [251.018997192, -19.2560043335, 72.9150543213, 85.984085083, 123.997550964, 25.6467628479, 121.1014328, 171.179748535, 51.1363296509, 53.2268562317, -1.13687324524, 42.7088012695, 1.73125457764], [-71.5813446045, 136.199798584, 63.8480186462, 75.1796646118, 119.665603638, 58.9260940552, 55.0642204285, 51.1363296509, 177.381256104, 31.230342865, 52.6237106323, -4.10272693634, 44.2476882935], [369.84677124, -137.526046753, 67.0425415039, 51.5920600891, 76.2525939941, 23.6673297882, 75.8434371948, 53.2268562317, 31.230342865, 210.200271606, 16.6393508911, 65.2532653809, -9.05866146088], [1.86784350872, 205.418746948, -14.7845125198, -13.6458683014, 54.2202720642, 33.1004867554, 55.9140853882, -1.13687324524, 52.6237106323, 16.6393508911, 154.72883606, -19.8538551331, 25.733045578], [114.087562561, -138.529052734, 63.7880363464, 12.0541276932, 23.6845302582, -8.51866436005, 12.7156028748, 42.7088012695, -4.10272693634, 65.2532653809, -19.8538551331, 131.18081665, 4.80758190155], [-12.6168956757, 93.7804946899, -37.3452148438, 37.5908813477, 6.22635555267, 10.8444328308, 23.3425521851, 1.73125457764, 44.2476882935, -9.05866146088, 25.733045578, 4.80758190155, 106.172523499]],
        "icov": [[0.00015785182768, -0.000261855457211, 0.000199211819563, -0.000286515045445, 0.000255060615018, -0.000365077517927, 0.000154286288307, -0.000335033604642, 0.000280869629933, -0.000441243348178, 0.000155391579028, -0.000216729051317, 0.000232888764003], [-0.000261855457211, 0.00271821534261, -0.000817605701741, 0.00164574454539, -0.00190462032333, 0.00169608939905, -0.000907536712475, 0.00108273839578, -0.00108250463381, 0.00222096568905, -0.00214038672857, 0.00214915513061, -0.00211993511766], [0.000199211819563, -0.000817605701741, 0.0014921593247, -0.000911448325496, 0.000722117896657, -0.00129578518681, 0.000115832794108, -0.000447882630397, 0.000123294987134, -0.000798413879238, 0.000766292971093, -0.00129341927823, 0.00141858367715], [-0.000286515045445, 0.00164574454539, -0.000911448325496, 0.00356248789467, -0.00192548159976, 0.00151058787014, -0.00106438086368, 0.000631398172118, -0.0011191079393, 0.00128523213789, -0.000356198899681, 0.00180261291098, -0.00230652093887], [0.000255060615018, -0.00190462032333, 0.000722117896657, -0.00192548159976, 0.00454552983865, -0.00150987086818, -0.000836900901049, -0.00125854869839, -0.000586818438023, -0.00157675729133, 0.00111666799057, -0.00199809623882, 0.00267038191669], [-0.000365077517927, 0.00169608939905, -0.00129578518681, 0.00151058787014, -0.00150987086818, 0.00645096926019, -0.00290295691229, 0.00235167657956, -0.00219685584307, 0.00190386269242, -0.00105805241037, 0.0016768714413, -0.00124410283752], [0.000154286288307, -0.000907536712475, 0.000115832794108, -0.00106438086368, -0.000836900901049, -0.00290295691229, 0.00785444863141, -0.00462457211688, 0.00263763009571, -0.00223456113599, -0.00122224306688, 0.000704934122041, -0.00109388283454], [-0.000335033604642, 0.00108273839578, -0.000447882630397, 0.000631398172118, -0.00125854869839, 0.00235167657956, -0.00462457211688, 0.0112822344527, -0.00358435884118, 0.00137585890479, 0.000970095570665, -0.00192768266425, 0.000752450432628], [0.000280869629933, -0.00108250463381, 0.000123294987134, -0.0011191079393, -0.000586818438023, -0.00219685584307, 0.00263763009571, -0.00358435884118, 0.00993212405592, -0.00229681655765, -0.00150490261149, 0.000859613995999, -0.00284290593117], [-0.000441243348178, 0.00222096568905, -0.000798413879238, 0.00128523213789, -0.00157675729133, 0.00190386269242, -0.00223456113599, 0.00137585890479, -0.00229681655765, 0.00875931140035, -0.0023012845777, -0.00159925839398, -4.84749034513e-05], [0.000155391579028, -0.00214038672857, 0.000766292971093, -0.000356198899681, 0.00111666799057, -0.00105805241037, -0.00122224306688, 0.000970095570665, -0.00150490261149, -0.0023012845777, 0.0102164670825, -0.000580397318117, 0.000581107800826], [-0.000216729051317, 0.00214915513061, -0.00129341927823, 0.00180261291098, -0.00199809623882, 0.0016768714413, 0.000704934122041, -0.00192768266425, 0.000859613995999, -0.00159925839398, -0.000580397318117, 0.0124586094171, -0.00411305204034], [0.000232888764003, -0.00211993511766, 0.00141858367715, -0.00230652093887, 0.00267038191669, -0.00124410283752, -0.00109388283454, 0.000752450432628, -0.00284290593117, -4.84749034513e-05, 0.000581107800826, -0.00411305204034, 0.0140591701493]]
    },
    "melbands": {
        "mean": [0.0132521791384, 0.00773419812322, 0.00130870146677, 0.000330967915943, 0.000358841731213, 0.000468935846584, 0.000409220578149, 0.000224527961109, 0.00020988038159, 0.000182591771591, 0.000280513166217, 0.000141691300087, 0.000104284335976, 0.000151666710735, 5.93833901803e-05, 5.4599106079e-05, 3.64905317838e-05, 2.35824936681e-05, 1.46769461935e-05, 9.23002426134e-06, 6.27525696473e-06, 3.85514022128e-06, 4.10293341702e-06, 4.98272174809e-06, 5.14665862283e-06, 4.93279958391e-06, 3.46079673363e-06, 2.62149228547e-06, 1.93597429643e-06, 2.09147469832e-06, 2.56106909546e-06, 3.27068801198e-06, 3.52494612343e-06, 2.81826009996e-06, 2.97634937851e-06, 4.35661149822e-06, 4.78060928799e-06, 2.96389566756e-06, 1.6483716081e-06, 1.19114588415e-06],
        "stdev": [0.019802402705, 0.0108574386686, 0.00196206639521, 0.000491672253702, 0.000531694036908, 0.000640223035589, 0.000898838625289, 0.000904807413463, 0.00100908300374, 0.000480344053358, 0.000751723884605, 0.000483742420329, 0.000445418379968, 0.000991127453744, 0.000256786704995, 0.00024486304028, 0.000120880285976, 6.77440912114e-05, 4.71843304695e-05, 3.10215982608e-05, 2.17399956455e-05, 8.85344161361e-06, 1.578570118e-05, 3.96958712372e-05, 3.35452605214e-05, 2.53430098383e-05, 1.60022573255e-05, 1.06288925963e-05, 9.06116747501e-06, 9.45246301853e-06, 1.2963442714e-05, 1.64767043316e-05, 1.58805050887e-05, 9.39290748647e-06, 9.26593384065e-06, 1.26426684801e-05, 1.48350864038e-05, 1.06863162728e-05, 5.18070601174e-06, 3.58874535777e-06]
    },
    "melbands128": {
        "mean": [0.00161582441069, 0.0115238539875, 0.0201025810093, 0.0132531384006, 0.00622529909015, 0.00321122258902, 0.00164686946664, 0.000848049239721, 0.000421893812018, 0.000352505303454, 0.000242800088017, 0.000284815352643, 0.000423929013778, 0.000367433560314, 0.000486523873406, 0.000474159838632, 0.0005630714586, 0.000403450074373, 0.000262200832367, 0.00019890308613, 0.000232486665482, 0.000234617487877, 0.000235883868299, 0.000142462857184, 0.000154880195623, 0.000206547178095, 0.000219808454858, 0.000410991400713, 0.000177179899765, 0.000169886334334, 0.000128973071696, 8.6686675786e-05, 7.72718412918e-05, 0.000160255702212, 9.64062055573e-05, 0.000220258662011, 0.000110131273686, 2.9917282518e-05, 4.5458193199e-05, 4.9330850743e-05, 7.5273332186e-05, 3.39486468874e-05, 3.78263430321e-05, 3.73391485482e-05, 2.27052369155e-05, 2.22612779908e-05, 2.39238106587e-05, 1.55322395585e-05, 1.04583432403e-05, 9.70999917627e-06, 9.63979982771e-06, 8.04714090918e-06, 6.96148435964e-06, 5.75681178816e-06, 4.47771753898e-06, 3.00630176753e-06, 3.62739865523e-06, 4.79281879961e-06, 3.69506869902e-06, 4.21626373281e-06, 4.9539853535e-06, 5.40395149073e-06, 6.1942901084e-06, 4.8014380809e-06, 4.07243987866e-06, 5.21367019246e-06, 5.4809897847e-06, 3.84396253139e-06, 2.87018974632e-06, 3.01009595205e-06, 3.02265061691e-06, 2.17378578782e-06, 1.80075960543e-06, 1.92321044779e-06, 2.07332368518e-06, 2.01084640139e-06, 2.08912911148e-06, 2.31538570006e-06, 2.66385973191e-06, 2.70123405244e-06, 3.07889990836e-06, 3.5642142393e-06, 3.71446867575e-06, 3.77595915779e-06, 3.11057669933e-06, 2.71848330158e-06, 2.74859439742e-06, 2.91206947622e-06, 2.94162441605e-06, 2.97183464681e-06, 3.66444533029e-06, 5.01618978888e-06, 5.09044684804e-06, 5.04530635226e-06, 4.58113072455e-06, 3.42852422364e-06, 2.75024194707e-06, 2.00402087103e-06, 1.56366218107e-06, 1.5387354324e-06, 1.42552357829e-06, 1.10900907657e-06, 9.51457820975e-07, 8.81353230398e-07, 8.4153316493e-07, 7.35112450911e-07, 5.9311315681e-07, 4.21173382392e-07, 2.9996590456e-07, 2.57166192341e-07, 1.81003883881e-07, 1.20037952911e-07, 7.54735296482e-08, 5.71349971779e-08, 4.49324062402e-08, 2.19670681645e-08, 1.86114257339e-09, 1.1653029236e-11, 1.00802343903e-11, 9.76680628734e-12, 9.53847244245e-12, 9.33423564137e-12, 9.13470774716e-12, 8.98328720439e-12, 8.84723110745e-12, 8.75137115552e-12, 8.68049295638e-12, 8.62308661975e-12],
        "stdev": [0.00310027855448, 0.0174667462707, 0.0323862433434, 0.0215363968164, 0.00956719275564, 0.00504766125232, 0.00273661036044, 0.00155923946295, 0.000743281794712, 0.000681393954437, 0.000464729324449, 0.000443873694167, 0.000813874707092, 0.000780733244028, 0.00089901976753, 0.000805933610536, 0.00134960445575, 0.0012913843384, 0.00104913115501, 0.000922231818549, 0.00157255167142, 0.00117903866339, 0.00156206276733, 0.00133459502831, 0.000479671260109, 0.000716301787179, 0.000683149904944, 0.00136763043702, 0.000613971613348, 0.000723214820027, 0.000728967192117, 0.000628437206615, 0.000360056350473, 0.00102001591586, 0.0009757358348, 0.00185597140808, 0.000739247305319, 0.000191634375369, 0.000238024251303, 0.000285260204691, 0.000480363960378, 0.000245324539719, 0.000140274045407, 0.000164809258422, 0.000107436542748, 7.71393388277e-05, 7.98282635515e-05, 7.95586456661e-05, 3.79115372198e-05, 3.37617966579e-05, 5.17555745319e-05, 4.84623597004e-05, 3.26160698023e-05, 3.12374104396e-05, 1.386164422e-05, 7.44960198062e-06, 1.30216421894e-05, 1.40573847602e-05, 2.05225915124e-05, 3.16679543175e-05, 4.44660799985e-05, 4.83252770209e-05, 4.71083258162e-05, 3.5451099393e-05, 2.712488822e-05, 2.9741850085e-05, 2.96789694403e-05, 2.24669311137e-05, 1.39988005685e-05, 1.3003852473e-05, 1.31756205519e-05, 9.74759677774e-06, 9.66236893873e-06, 1.07684736577e-05, 1.01983769127e-05, 8.51480399433e-06, 1.13675323519e-05, 1.3406659491e-05, 1.48228427861e-05, 1.34021238409e-05, 1.54621047841e-05, 2.09021854971e-05, 1.84638738574e-05, 1.88353387784e-05, 1.25626484078e-05, 1.03561578726e-05, 9.11783081392e-06, 1.072060968e-05, 9.50484081841e-06, 1.04444188764e-05, 1.25258620756e-05, 1.49797333506e-05, 1.59224782692e-05, 1.60022918863e-05, 1.65093842952e-05, 1.39742405736e-05, 1.03887978185e-05, 7.33858951207e-06, 5.22948585058e-06, 5.01709655509e-06, 4.46728836323e-06, 3.59573641617e-06, 2.99193106912e-06, 2.49392269325e-06, 2.38997677116e-06, 2.22017411033e-06, 1.88323838302e-06, 1.47874652612e-06, 1.11498468414e-06, 1.06466575289e-06, 7.93078129391e-07, 5.9222196569e-07, 2.85005057776e-07, 2.05539095077e-07, 1.76886075565e-07, 1.10835159717e-07, 1.81139174771e-08, 5.07928421545e-11, 1.60539897348e-11, 1.56027309128e-11, 1.52201792836e-11, 1.48823401519e-11, 1.45811609314e-11, 1.43317510637e-11, 1.41116927171e-11, 1.39461055551e-11, 1.38241683725e-11, 1.37467502659e-11]
    },
    "mfcc": {
        "mean": [-670.23651123, 126.42665863, 45.2715339661, 2.77814793587, 10.6628446579, 11.6766433716, 8.07395744324, 13.7126693726, -4.12983798981, 12.0972299576, 0.499064564705, 2.73376464844, -3.33773398399],
        "cov": [[7255.58007812, 105.27154541, -547.36505127, 270.437438965, -114.612358093, 156.523544312, 165.812774658, 36.1492347717, 131.927139282, 73.629196167, 176.228622437, 42.8047065735, 208.961425781], [105.27154541, 1287.19299316, 41.6789131165, -117.376197815, 162.894134521, -3.1901268959, 113.170326233, 80.6336517334, -39.0261077881, 94.9689559937, 16.079864502, 51.4320259094, -2.20448493958], [-547.36505127, 41.6789131165, 868.621337891, 13.3168964386, 48.0693664551, 110.707870483, 30.821598053, 57.5692825317, 9.25140857697, 31.8779449463, 19.4450778961, 15.0640668869, -55.6034088135], [270.437438965, -117.376197815, 13.3168964386, 528.233520508, 140.156204224, 72.9882125854, 105.487068176, 67.9732055664, 133.335281372, 41.6089782715, 83.0823974609, 35.1162757874, 59.8034667969], [-114.612358093, 162.894134521, 48.0693664551, 140.156204224, 297.636169434, 109.885162354, 40.4244003296, 93.8276977539, 64.6193389893, 51.1292457581, 50.8522262573, 44.802520752, 25.1407623291], [156.523544312, -3.1901268959, 110.707870483, 72.9882125854, 109.885162354, 249.692230225, 119.451217651, 49.1166610718, 85.3597793579, 55.5832290649, 60.4248886108, 43.4026031494, 43.7463340759], [165.812774658, 113.170326233, 30.821598053, 105.487068176, 40.4244003296, 119.451217651, 263.660522461, 85.5336303711, 60.6891555786, 75.1646194458, 70.25756073, 35.3147544861, 64.1905670166], [36.1492347717, 80.6336517334, 57.5692825317, 67.9732055664, 93.8276977539, 49.1166610718, 85.5336303711, 184.605072021, 83.6353149414, 22.7806720734, 37.1614646912, 30.6449241638, 24.4034481049], [131.927139282, -39.0261077881, 9.25140857697, 133.335281372, 64.6193389893, 85.3597793579, 60.6891555786, 83.6353149414, 185.51399231, 52.6750679016, 43.3209915161, 42.8085365295, 51.1906051636], [73.629196167, 94.9689559937, 31.8779449463, 41.6089782715, 51.1292457581, 55.5832290649, 75.1646194458, 22.7806720734, 52.6750679016, 141.34777832, 44.0497131348, 23.7803707123, 33.8740692139], [176.228622437, 16.079864502, 19.4450778961, 83.0823974609, 50.8522262573, 60.4248886108, 70.25756073, 37.1614646912, 43.3209915161, 44.0497131348, 142.313446045, 46.5365753174, 44.8011512756], [42.8047065735, 51.4320259094, 15.0640668869, 35.1162757874, 44.802520752, 43.4026031494, 35.3147544861, 30.6449241638, 42.8085365295, 23.7803707123, 46.5365753174, 132.164276123, 58.3548736572], [208.961425781, -2.20448493958, -55.6034088135, 59.8034667969, 25.1407623291, 43.7463340759, 64.1905670166, 24.4034481049, 51.1906051636, 33.8740692139, 44.8011512756, 58.3548736572, 141.602905273]],
        "icov": [[0.000166695288499, -6.57529308228e-05, 0.000120829201478, -0.000124200727441, 0.000265042559477, -0.00023630776559, 0.000125425678561, -0.000102864200016, 4.03811318392e-05, -3.07159680233e-05, -0.000154254390509, 8.32612204249e-05, -0.000153054410475], [-6.57529308228e-05, 0.00109490414616, -7.19856107025e-05, 0.000527733413037, -0.000982850207947, 0.000737915746868, -0.000792199571151, -5.03034316353e-05, 0.000300812826026, -0.000525891548023, 0.000219814290176, -0.000437516951934, 0.000305057386868], [0.000120829201478, -7.19856107025e-05, 0.00143542012665, -0.000221890863031, 0.000470077735372, -0.00103821943048, 0.000396923191147, -0.000708684907295, 0.000491806305945, -0.000409619678976, -0.000116197486932, -0.000234535807976, 0.000711032596882], [-0.000124200727441, 0.000527733413037, -0.000221890863031, 0.00315809622407, -0.00198172894306, 0.00137183698826, -0.00157522340305, 0.00100948440377, -0.00198633852415, 0.000623931060545, -0.000728103274014, 0.000244366237894, -6.27871777397e-05], [0.000265042559477, -0.000982850207947, 0.000470077735372, -0.00198172894306, 0.0068656229414, -0.00352375931107, 0.00285516306758, -0.00318338046782, 0.00136008684058, -0.00136558513623, -0.000486231874675, -0.00040200111107, -0.000106395862531], [-0.00023630776559, 0.000737915746868, -0.00103821943048, 0.00137183698826, -0.00352375931107, 0.00822484400123, -0.00382093666121, 0.00234700832516, -0.00289383763447, 0.00045774836326, -0.000541639747098, -0.000481392111396, 9.18213263503e-05], [0.000125425678561, -0.000792199571151, 0.000396923191147, -0.00157522340305, 0.00285516306758, -0.00382093666121, 0.00796194002032, -0.00355922896415, 0.00189270020928, -0.00240621645935, -0.00108427379746, 0.000579289451707, -0.00170294661075], [-0.000102864200016, -5.03034316353e-05, -0.000708684907295, 0.00100948440377, -0.00318338046782, 0.00234700832516, -0.00355922896415, 0.00974472891539, -0.0044539780356, 0.0022025774233, -0.000440259143943, -0.000157601200044, 0.000508067372721], [4.03811318392e-05, 0.000300812826026, 0.000491806305945, -0.00198633852415, 0.00136008684058, -0.00289383763447, 0.00189270020928, -0.0044539780356, 0.010387015529, -0.00293321954086, 0.000468513811938, -0.00111212895717, -0.00120398786385], [-3.07159680233e-05, -0.000525891548023, -0.000409619678976, 0.000623931060545, -0.00136558513623, 0.00045774836326, -0.00240621645935, 0.0022025774233, -0.00293321954086, 0.0102416500449, -0.00152583699673, 0.000486109289341, -0.000682175799739], [-0.000154254390509, 0.000219814290176, -0.000116197486932, -0.000728103274014, -0.000486231874675, -0.000541639747098, -0.00108427379746, -0.000440259143943, 0.000468513811938, -0.00152583699673, 0.00995670631528, -0.00214303843677, -0.000757395871915], [8.32612204249e-05, -0.000437516951934, -0.000234535807976, 0.000244366237894, -0.00040200111107, -0.000481392111396, 0.000579289451707, -0.000157601200044, -0.00111212895717, 0.000486109289341, -0.00214303843677, 0.0105124330148, -0.00370873790234], [-0.000153054410475, 0.000305057386868, 0.000711032596882, -6.27871777397e-05, -0.000106395862531, 9.18213263503e-05, -0.00170294661075, 0.000508067372721, -0.00120398786385, -0.000682175799739, -0.000757395871915, -0.00370873790234, 0.0106397131458]]
    },
    "spectral_contrast_coeffs": {
        "mean": [-0.719412088394, -0.732289969921, -0.729227662086, -0.782578766346, -0.792370200157, -0.81491959095],
        "stdev": [0.0737922042608, 0.0836118534207, 0.0774591043591, 0.0591221228242, 0.0549220442772, 0.0376680232584]
    },
    "spectral_contrast_valleys": {
        "mean": [-6.48591566086, -6.93490552902, -7.67769050598, -8.355260849, -8.60688304901, -9.91333198547],
        "stdev": [1.19441223145, 1.08663034439, 1.09721720219, 1.10374975204, 1.21812236309, 1.09432935715]
    }
},
"rhythm": {
    "beats_count": 322,
    "beats_loudness": {
        "mean": 0.191015213728,
        "stdev": 0.120880931616
    },
    "bpm": 79.9841461182,
    "bpm_histogram_first_peak_bpm": 80,
    "bpm_histogram_first_peak_weight": 0.0280373692513,
    "bpm_histogram_second_peak_bpm": 0,
    "bpm_histogram_second_peak_spread": 0,
    "bpm_histogram_second_peak_weight": 0,
    "danceability": 1.58582019806,
    "onset_rate": 4.92588949203,
    "beats_loudness_band_ratio": {
        "mean": [0.721894145012, 0.0829142183065, 0.102934889495, 0.058584202081, 0.0195745900273, 0.0376622676849],
        "stdev": [0.327774703503, 0.124565042555, 0.147243648767, 0.101447768509, 0.0348948761821, 0.0889850705862]
    },
    "beats_position": [0.743038535118, 1.49768710136, 2.2523355484, 3.00698399544, 3.75002264977, 4.5046710968, 5.25931978226, 6.00235795975, 6.74539661407, 7.4884352684, 8.24308395386, 8.98612213135, 9.75238037109, 10.5070295334, 11.261677742, 12.0163259506, 12.7709751129, 13.5140132904, 14.2570514679, 15.0000905991, 15.7547388077, 16.50938797, 17.2640361786, 18.0186843872, 18.7617225647, 19.5163707733, 20.2594108582, 21.0140590668, 21.7570972443, 22.5117454529, 23.2663936615, 24.009431839, 24.764081955, 25.5187301636, 26.2617683411, 27.0048065186, 27.7594547272, 28.5141029358, 29.2687530518, 30.0234012604, 30.7664394379, 31.5094776154, 32.264125824, 33.0187759399, 33.7618141174, 34.5164604187, 35.2711105347, 36.0141487122, 36.7571868896, 37.5118370056, 38.2664833069, 39.0211334229, 39.7757797241, 40.5188217163, 41.2618598938, 42.0165061951, 42.771156311, 43.5141944885, 44.2688446045, 45.0234909058, 45.7665290833, 46.5211791992, 47.2758255005, 48.018863678, 48.7619056702, 49.5165519714, 50.2712020874, 51.0142402649, 51.7688865662, 52.5235366821, 53.2665748596, 54.0212249756, 54.7758712769, 55.5189094543, 56.2619476318, 57.0165977478, 57.7712478638, 58.5142860413, 59.280544281, 60.0235824585, 60.766620636, 61.5096588135, 62.252696991, 63.0189552307, 63.7619934082, 64.5166397095, 65.2712936401, 66.0259399414, 66.7805862427, 67.5236282349, 68.2666625977, 69.0329208374, 69.7759628296, 70.5189971924, 71.273651123, 72.0282974243, 72.7713394165, 73.5143737793, 74.2690200806, 75.0236740112, 75.766708374, 76.5097503662, 77.2643966675, 78.0190429688, 78.7736968994, 79.5283432007, 80.2713851929, 81.0376434326, 81.7806777954, 82.5237197876, 83.2783660889, 84.0330123901, 84.7760543823, 85.5190887451, 86.2737426758, 87.0283889771, 87.7714233398, 88.5260772705, 89.2807235718, 90.023765564, 90.7667999268, 91.521446228, 92.2761001587, 93.0191345215, 93.7737884521, 94.5168228149, 95.2714691162, 96.0261230469, 96.7807693481, 97.5238113403, 98.2784576416, 99.0331039429, 99.7761459351, 100.530792236, 101.285438538, 102.02848053, 102.771514893, 103.526168823, 104.280815125, 105.023849487, 105.778503418, 106.533149719, 107.276191711, 108.030838013, 108.785484314, 109.528526306, 110.271560669, 111.0262146, 111.780860901, 112.523895264, 113.278549194, 114.033195496, 114.776237488, 115.530883789, 116.28553009, 117.028572083, 117.783218384, 118.537864685, 119.280906677, 120.035552979, 120.79019928, 121.533241272, 122.276275635, 123.030929565, 123.785575867, 124.528617859, 125.28326416, 126.037910461, 126.780952454, 127.535598755, 128.278640747, 129.033279419, 129.776321411, 130.530975342, 131.285614014, 132.028656006, 132.783309937, 133.537963867, 134.280990601, 135.035644531, 135.790298462, 136.533325195, 137.276367188, 138.031021118, 138.78565979, 139.528701782, 140.271743774, 141.037994385, 141.781036377, 142.535690308, 143.290344238, 144.033370972, 144.788024902, 145.542678833, 146.285705566, 147.028747559, 147.783401489, 148.538040161, 149.281082153, 150.035736084, 150.790390015, 151.533416748, 152.288070679, 153.042724609, 153.785751343, 154.540405273, 155.295059204, 156.038085938, 156.78112793, 157.53578186, 158.290420532, 159.033462524, 159.788116455, 160.542770386, 161.285797119, 162.04045105, 162.79510498, 163.538131714, 164.281173706, 165.035827637, 165.790466309, 166.545120239, 167.29977417, 168.042816162, 168.785842896, 169.540496826, 170.295150757, 171.03817749, 171.781219482, 172.547485352, 173.290512085, 174.045166016, 174.799819946, 175.54284668, 176.285888672, 177.040542603, 177.795196533, 178.549835205, 179.304489136, 180.047531128, 180.790557861, 181.545211792, 182.299865723, 183.042892456, 183.797546387, 184.552200317, 185.29524231, 186.038269043, 186.792922974, 187.547576904, 188.290603638, 189.045257568, 189.799911499, 190.542938232, 191.297592163, 192.052246094, 192.795272827, 193.538314819, 194.29296875, 195.047622681, 195.790649414, 196.533691406, 197.288345337, 198.042984009, 198.797637939, 199.55229187, 200.295318604, 201.049972534, 201.804626465, 202.547653198, 203.302307129, 204.05696106, 204.800003052, 205.543029785, 206.286071777, 207.040725708, 207.79536438, 208.550018311, 209.304672241, 210.047698975, 210.790740967, 211.545394897, 212.276824951, 213.043075562, 213.797729492, 214.552383423, 215.295410156, 216.050064087, 216.804718018, 217.547744751, 218.302398682, 219.057052612, 219.800079346, 220.543121338, 221.297775269, 222.052429199, 222.795455933, 223.550109863, 224.293151855, 225.047790527, 225.802444458, 226.557098389, 227.300125122, 228.054779053, 228.809432983, 229.552474976, 230.295501709, 231.05015564, 231.80480957, 232.547836304, 233.302490234, 234.057144165, 234.800170898, 235.554824829, 236.30947876, 237.052505493, 237.795547485, 238.550201416, 239.304855347, 240.059494019, 240.814147949, 241.557189941],
    "bpm_histogram": [0, 0, 0, 0, 0, 0, 0, 0, 0, 0, 0, 0, 0, 0, 0, 0, 0, 0, 0, 0, 0, 0, 0, 0, 0, 0, 0, 0, 0, 0, 0, 0, 0, 0, 0, 0, 0, 0, 0, 0, 0, 0, 0, 0, 0, 0, 0, 0, 0, 0, 0, 0, 0, 0, 0, 0, 0, 0, 0, 0, 0, 0, 0, 0, 0, 0, 0, 0, 0, 0, 0, 0, 0, 0, 0, 0, 0, 0, 0.0249221175909, 0, 0.57009345293, 0.401869148016, 0.00311526469886, 0, 0, 0, 0, 0, 0, 0, 0, 0, 0, 0, 0, 0, 0, 0, 0, 0, 0, 0, 0, 0, 0, 0, 0, 0, 0, 0, 0, 0, 0, 0, 0, 0, 0, 0, 0, 0, 0, 0, 0, 0, 0, 0, 0, 0, 0, 0, 0, 0, 0, 0, 0, 0, 0, 0, 0, 0, 0, 0, 0, 0, 0, 0, 0, 0, 0, 0, 0, 0, 0, 0, 0, 0, 0, 0, 0, 0, 0, 0, 0, 0, 0, 0, 0, 0, 0, 0, 0, 0, 0, 0, 0, 0, 0, 0, 0, 0, 0, 0, 0, 0, 0, 0, 0, 0, 0, 0, 0, 0, 0, 0, 0, 0, 0, 0, 0, 0, 0, 0, 0, 0, 0, 0, 0, 0, 0, 0, 0, 0, 0, 0, 0, 0, 0, 0, 0, 0, 0, 0, 0, 0, 0, 0, 0, 0, 0, 0, 0, 0, 0, 0, 0, 0, 0, 0, 0, 0, 0, 0, 0, 0, 0, 0, 0, 0, 0, 0]
},
"tonal": {
    "chords_changes_rate": 0.0861473530531,
    "chords_number_rate": 0.00172678439412,
    "chords_strength": {
        "mean": 0.483156174421,
        "stdev": 0.0922296121716
    },
    "hpcp_crest": {
        "mean": 14.2252511978,
        "stdev": 6.5662355423
    },
    "hpcp_entropy": {
        "mean": 1.85490381718,
        "stdev": 0.684369921684
    },
    "key_edma": {
        "strength": 0.646009624004,
        "key": "D",
        "scale": "minor"
    },
    "key_krumhansl": {
        "strength": 0.661420285702,
        "key": "D",
        "scale": "minor"
    },
    "key_temperley": {
        "strength": 0.664815962315,
        "key": "D",
        "scale": "minor"
    },
    "tuning_diatonic_strength": 0.519655883312,
    "tuning_equal_tempered_deviation": 0.219155669212,
    "tuning_frequency": 434.193115234,
    "tuning_nontempered_energy_ratio": 0.943702220917,
    "hpcp": {
        "mean": [0.209754616022, 0.214376598597, 0.113386198878, 0.127805694938, 0.134811505675, 0.0778078511357, 0.0722853541374, 0.103202201426, 0.101461403072, 0.116866774857, 0.107277862728, 0.0564029663801, 0.0491704344749, 0.0512105338275, 0.0641833469272, 0.139701679349, 0.168425932527, 0.106081992388, 0.075568318367, 0.0570269674063, 0.0341861099005, 0.0642540380359, 0.082338757813, 0.0674770697951, 0.123576916754, 0.137883394957, 0.0675389021635, 0.0400535091758, 0.0379109829664, 0.0465874522924, 0.101586960256, 0.136039659381, 0.100119225681, 0.0698129162192, 0.068564504385, 0.0995563417673],
        "stdev": [0.319116294384, 0.327232539654, 0.231205776334, 0.262584418058, 0.286977142096, 0.194697365165, 0.202275156975, 0.256672352552, 0.244252920151, 0.253954827785, 0.245322912931, 0.162972912192, 0.159261360765, 0.157674193382, 0.173528134823, 0.257425546646, 0.294509232044, 0.228335306048, 0.21512798965, 0.190180510283, 0.127401664853, 0.167561247945, 0.205409303308, 0.177129477262, 0.241125136614, 0.264679610729, 0.161565244198, 0.142455935478, 0.137517750263, 0.145310401917, 0.211748659611, 0.26072588563, 0.227818503976, 0.19271363318, 0.189730986953, 0.214303582907]
    },
    "chords_histogram": [28.1657714844, 12.0874900818, 7.75134325027, 12.2026090622, 0.613967776299, 8.38449764252, 0.0383729860187, 0.901765167713, 0, 3.03146576881, 0.0191864930093, 0.211051419377, 0, 0, 0, 0, 0.191864922643, 0.0959324613214, 0.249424397945, 0, 0.80583268404, 1.03607058525, 11.1281661987, 13.085187912],
    "thpcp": [1, 0.528911292553, 0.596173703671, 0.628853619099, 0.362949371338, 0.337188631296, 0.481406092644, 0.47328582406, 0.545147061348, 0.500417768955, 0.263102263212, 0.229364752769, 0.23888117075, 0.299395292997, 0.651664793491, 0.785654485226, 0.494839429855, 0.352502644062, 0.266013026237, 0.159467548132, 0.299725055695, 0.384084641933, 0.314759492874, 0.576447784901, 0.64318305254, 0.31504791975, 0.186837136745, 0.176842913032, 0.217315942049, 0.4738714993, 0.634582579136, 0.467024981976, 0.32565549016, 0.319832026958, 0.464399307966, 0.978439867496],
    "chords_key": "D",
    "chords_scale": "minor"
}
}