{
"metadata": {
    "version": {
        "essentia": "2.1-dev",
        "essentia_git_sha": "v2.1_beta3-415-gd5473f3",
        "extractor": "music 2.0"
    },
    "audio_properties": {
        "analysis": {
            "equal_loudness": 0,
            "length": 197.198364258,
            "sample_rate": 44100,
            "start_time": 0,
            "downmix": "mix"
        },
        "bit_rate": 192000,
        "length": 197.198364258,
        "lossless": 0,
        "number_channels": 2,
        "replay_gain": -4.68886184692,
        "sample_rate": 44100,
        "codec": "mp3",
        "md5_encoded": "87cf7e3ddfbf79f43c69d04d426eacd7"
    },
    "tags": {
        "file_name": "sam_and_dave-when_something_is_wrong_with_my_baby.mp3",
        "album": ["Las 101 Mejores Baladas del Un"],
        "artist": ["Varios Artistas               "],
        "date": ["    "],
        "title": ["Sam & Dave \/ When Something Is"]
    }
},
"lowlevel": {
    "average_loudness": 0.359177976847,
    "barkbands_crest": {
        "mean": 12.8993749619,
        "stdev": 4.47202587128
    },
    "barkbands_flatness_db": {
        "mean": 0.224453121424,
        "stdev": 0.0668101757765
    },
    "barkbands_kurtosis": {
        "mean": 7.81699132919,
        "stdev": 13.4328155518
    },
    "barkbands_skewness": {
        "mean": 1.81738269329,
        "stdev": 1.46517813206
    },
    "barkbands_spread": {
        "mean": 13.0617980957,
        "stdev": 10.3253250122
    },
    "dissonance": {
        "mean": 0.431343108416,
        "stdev": 0.0478400252759
    },
    "dynamic_complexity": 5.71851921082,
    "erbbands_crest": {
        "mean": 11.9632024765,
        "stdev": 5.774330616
    },
    "erbbands_flatness_db": {
        "mean": 0.212362349033,
        "stdev": 0.0455271750689
    },
    "erbbands_kurtosis": {
        "mean": 1.63233542442,
        "stdev": 5.25460910797
    },
    "erbbands_skewness": {
        "mean": 0.591557502747,
        "stdev": 0.993493497372
    },
    "erbbands_spread": {
        "mean": 27.8558063507,
        "stdev": 14.7393722534
    },
    "hfc": {
        "mean": 10.4699296951,
        "stdev": 17.9133148193
    },
    "loudness_ebu128": {
        "integrated": -20.9938716888,
        "loudness_range": 10.3622760773,
        "momentary": {
            "mean": -25.4055137634,
            "stdev": 19.3273200989
        },
        "short_term": {
            "mean": -22.7601890564,
            "stdev": 4.29335021973
        }
    },
    "melbands_crest": {
        "mean": 16.4794387817,
        "stdev": 5.42031478882
    },
    "melbands_flatness_db": {
        "mean": 0.30265417695,
        "stdev": 0.0947570502758
    },
    "melbands_kurtosis": {
        "mean": 15.5473241806,
        "stdev": 22.1893386841
    },
    "melbands_skewness": {
        "mean": 2.6290307045,
        "stdev": 1.79270100594
    },
    "melbands_spread": {
        "mean": 15.0499916077,
        "stdev": 16.3654918671
    },
    "pitch_salience": {
        "mean": 0.453503400087,
        "stdev": 0.118518389761
    },
    "silence_rate_20dB": {
        "mean": 1,
        "stdev": 0
    },
    "silence_rate_30dB": {
        "mean": 0.984459638596,
        "stdev": 0.123689748347
    },
    "silence_rate_60dB": {
        "mean": 0.188721448183,
        "stdev": 0.391316026449
    },
    "spectral_centroid": {
        "mean": 994.71862793,
        "stdev": 1058.50537109
    },
    "spectral_complexity": {
        "mean": 10.5715799332,
        "stdev": 7.15739393234
    },
    "spectral_decrease": {
        "mean": -5.13444042838e-09,
        "stdev": 6.50010933967e-09
    },
    "spectral_energy": {
        "mean": 0.0203282218426,
        "stdev": 0.0258332770318
    },
    "spectral_energyband_high": {
        "mean": 0.000115947521408,
        "stdev": 0.000300634332234
    },
    "spectral_energyband_low": {
        "mean": 0.00902981497347,
        "stdev": 0.0143458656967
    },
    "spectral_energyband_middle_high": {
        "mean": 0.00355115905404,
        "stdev": 0.00875485409051
    },
    "spectral_energyband_middle_low": {
        "mean": 0.00809061713517,
        "stdev": 0.0159940700978
    },
    "spectral_entropy": {
        "mean": 6.81676292419,
        "stdev": 0.597807645798
    },
    "spectral_flux": {
        "mean": 0.0465004779398,
        "stdev": 0.0448788553476
    },
    "spectral_kurtosis": {
        "mean": 10.7152433395,
        "stdev": 7.92459058762
    },
    "spectral_rms": {
        "mean": 0.00378453941084,
        "stdev": 0.00234728120267
    },
    "spectral_rolloff": {
        "mean": 937.22644043,
        "stdev": 1840.71594238
    },
    "spectral_skewness": {
        "mean": 2.26359844208,
        "stdev": 0.964832603931
    },
    "spectral_spread": {
        "mean": 3434835.5,
        "stdev": 3558553
    },
    "spectral_strongpeak": {
        "mean": 0.838074207306,
        "stdev": 1.47124743462
    },
    "zerocrossingrate": {
        "mean": 0.0367081835866,
        "stdev": 0.0485436841846
    },
    "barkbands": {
        "mean": [0.000331855640979, 0.00600200751796, 0.00239115348086, 0.00070905656321, 0.00124382250942, 0.00131460744888, 0.000869493640494, 0.000568518065847, 0.00301430048421, 0.000981115503237, 0.00066551490454, 0.000446618534625, 0.000428240018664, 0.000306872942019, 0.00022239498503, 0.000190067730728, 0.000109830274596, 0.000103460268292, 0.000230931531405, 0.000114599512017, 4.28632265539e-05, 2.16120661207e-05, 9.25326730794e-06, 5.618267096e-06, 3.378509291e-06, 1.06440472791e-06, 7.08310410324e-10],
        "stdev": [0.000505140051246, 0.00944178644568, 0.00493717705831, 0.00255280314013, 0.00254568737, 0.00274119060487, 0.00232301582582, 0.00289621413685, 0.0128212738782, 0.00491379667073, 0.00424136361107, 0.00174519256689, 0.00150289491285, 0.000900212209672, 0.000891853589565, 0.00044636320672, 0.000252312544035, 0.000263803725829, 0.000706948456354, 0.000410545821069, 0.000147168771946, 6.64210820105e-05, 3.40874757967e-05, 2.14120045712e-05, 1.11673052743e-05, 4.41493102699e-06, 1.47115364335e-09]
    },
    "erbbands": {
        "mean": [0.19182318449, 1.23922121525, 3.11295866966, 2.22900748253, 3.37392711639, 4.00865840912, 6.13086605072, 13.7922039032, 14.6361494064, 8.48436164856, 21.8754711151, 70.2115097046, 45.2659759521, 30.7403736115, 18.4729156494, 17.6081085205, 20.5022182465, 15.2068634033, 15.1270589828, 11.0335083008, 8.81977081299, 6.37311887741, 6.10518884659, 8.8031835556, 11.7258472443, 4.52577638626, 2.18209671974, 1.32521307468, 0.820899546146, 0.518976449966, 0.246015995741, 0.143374934793, 0.0796342119575, 0.04560469836, 0.0193221010268, 0.00786413904279, 0.00125118275173, 2.84979669232e-05, 1.14336517072e-05, 2.33528899116e-05],
        "stdev": [0.270403027534, 2.19605350494, 6.06123971939, 6.17212677002, 10.1787261963, 8.20187282562, 9.76209831238, 29.6219654083, 34.1662788391, 31.6550388336, 90.9881057739, 315.991760254, 208.375457764, 163.253692627, 82.3192062378, 66.0434188843, 63.4717674255, 44.5526199341, 40.7540664673, 38.9187583923, 18.2059288025, 13.7103910446, 15.3824634552, 27.3978252411, 34.4618034363, 14.7148199081, 7.0849070549, 4.38302755356, 2.39622688293, 1.83560454845, 1.00931060314, 0.605118632317, 0.286114245653, 0.147188827395, 0.0704801306129, 0.0308882351965, 0.00565824750811, 0.000115709881356, 1.46246648001e-05, 2.97263122775e-05]
    },
    "gfcc": {
        "mean": [-115.703521729, 142.446853638, -114.789352417, 27.3935489655, -43.4557571411, 9.59688472748, -29.0784816742, 10.7477359772, -18.3861083984, 5.72873306274, -5.28841304779, -0.764452219009, -1.2434823513],
        "cov": [[18402.9042969, 1105.26245117, -3260.26928711, 856.812072754, -647.50982666, 42.2377052307, 118.605323792, 0.840701401234, -70.9490966797, 12.696978569, 151.624557495, -247.547805786, 55.2166213989], [1105.26245117, 1310.30480957, 321.649780273, -115.789649963, 448.32925415, -69.1590042114, 70.5219573975, -10.0010089874, 64.9077453613, -58.9580001831, 11.794257164, -61.6019058228, -52.9352836609], [-3260.26928711, 321.649780273, 1489.02612305, -49.4385299683, 301.627441406, 126.495849609, 9.31009292603, 63.523349762, 33.884803772, -28.5103626251, -49.9015235901, 63.4248275757, -38.0316314697], [856.812072754, -115.789649963, -49.4385299683, 503.42175293, 123.039779663, 38.616733551, -8.43080997467, -3.89516639709, 42.6789360046, -5.75707244873, 12.4591083527, 3.53807806969, 66.9300308228], [-647.50982666, 448.32925415, 301.627441406, 123.039779663, 621.304992676, 77.2659759521, 55.3465576172, 1.83949494362, 69.155921936, -18.0130672455, 13.5312891006, -7.1856508255, 25.6937007904], [42.2377052307, -69.1590042114, 126.495849609, 38.616733551, 77.2659759521, 288.932250977, 129.954925537, 47.7621994019, -13.0638303757, -16.66639328, 4.75067949295, 6.20759725571, -5.66710996628], [118.605323792, 70.5219573975, 9.31009292603, -8.43080997467, 55.3465576172, 129.954925537, 391.816589355, 108.87802887, -40.2374191284, -56.013256073, 13.1215209961, -63.3102111816, -25.0229282379], [0.840701401234, -10.0010089874, 63.523349762, -3.89516639709, 1.83949494362, 47.7621994019, 108.87802887, 153.944198608, 25.3684215546, -3.32685852051, -10.6924333572, -11.4407405853, -9.51423931122], [-70.9490966797, 64.9077453613, 33.884803772, 42.6789360046, 69.155921936, -13.0638303757, -40.2374191284, 25.3684215546, 194.652648926, 34.4023132324, 14.1405248642, 2.03725194931, 2.22497797012], [12.696978569, -58.9580001831, -28.5103626251, -5.75707244873, -18.0130672455, -16.66639328, -56.013256073, -3.32685852051, 34.4023132324, 124.987419128, 58.8572044373, 22.1163215637, -4.63494729996], [151.624557495, 11.794257164, -49.9015235901, 12.4591083527, 13.5312891006, 4.75067949295, 13.1215209961, -10.6924333572, 14.1405248642, 58.8572044373, 154.532730103, 58.2891044617, -12.3290014267], [-247.547805786, -61.6019058228, 63.4248275757, 3.53807806969, -7.1856508255, 6.20759725571, -63.3102111816, -11.4407405853, 2.03725194931, 22.1163215637, 58.2891044617, 147.933776855, 39.8065032959], [55.2166213989, -52.9352836609, -38.0316314697, 66.9300308228, 25.6937007904, -5.66710996628, -25.0229282379, -9.51423931122, 2.22497797012, -4.63494729996, -12.3290014267, 39.8065032959, 130.632354736]],
        "icov": [[0.000283949979348, -0.000791591533925, 0.000683448743075, -0.000740051094908, 0.000710477528628, -0.000674923881888, 0.000241733170697, -0.000368357286789, 0.000255198829109, -0.000264182832325, 3.41318373103e-05, 3.99094788008e-05, -3.48545545421e-05], [-0.000791591533925, 0.00350843020715, -0.00204278808087, 0.00254021049477, -0.00295856548473, 0.00252683460712, -0.000824818213005, 0.00117756123655, -0.000985925551504, 0.00146017188672, -0.000597190519329, 0.000368239212548, 0.000379406905267], [0.000683448743075, -0.00204278808087, 0.00253436644562, -0.00169334944803, 0.00133982277475, -0.00194903207012, 0.000719843083061, -0.00123895332217, 0.000634703843389, -0.000693701207638, 0.000745447643567, -0.000711090280674, 0.000439955212642], [-0.000740051094908, 0.00254021049477, -0.00169334944803, 0.0044419625774, -0.00259472616017, 0.00158594467212, -0.00039500487037, 0.000938266632147, -0.00114275724627, 0.0013264286099, -0.000788470148109, 0.000555948005058, -0.00103216350544], [0.000710477528628, -0.00295856548473, 0.00133982277475, -0.00259472616017, 0.00462960917503, -0.00246406975202, 0.00040902060573, -0.000464383861981, 7.77947279857e-05, -0.000832378922496, -0.000106536856038, 0.000316787860356, -0.000890101655386], [-0.000674923881888, 0.00252683460712, -0.00194903207012, 0.00158594467212, -0.00246406975202, 0.00638028047979, -0.00218149763532, 0.000678551092278, -0.000458028080175, 0.000667131040245, 0.000126251601614, -0.00086010718951, 0.000627688481472], [0.000241733170697, -0.000824818213005, 0.000719843083061, -0.00039500487037, 0.00040902060573, -0.00218149763532, 0.00514056347311, -0.00351147190668, 0.00135160284117, 0.00202487478964, -0.00245518027805, 0.00256480253302, -0.000435053749243], [-0.000368357286789, 0.00117756123655, -0.00123895332217, 0.000938266632147, -0.000464383861981, 0.000678551092278, -0.00351147190668, 0.00981485750526, -0.00226787501015, -0.000954368442763, 0.00180464563891, -0.00107196194585, 0.00045616706484], [0.000255198829109, -0.000985925551504, 0.000634703843389, -0.00114275724627, 7.77947279857e-05, -0.000458028080175, 0.00135160284117, -0.00226787501015, 0.00652318121865, -0.00164545502048, -0.000293497287203, 0.000475066713989, -2.05021751754e-05], [-0.000264182832325, 0.00146017188672, -0.000693701207638, 0.0013264286099, -0.000832378922496, 0.000667131040245, 0.00202487478964, -0.000954368442763, -0.00164545502048, 0.0122186010703, -0.005477712024, 0.00156388140749, -0.000199158122996], [3.41318373103e-05, -0.000597190519329, 0.000745447643567, -0.000788470148109, -0.000106536856038, 0.000126251601614, -0.00245518027805, 0.00180464563891, -0.000293497287203, -0.005477712024, 0.0117064062506, -0.00595196057111, 0.00278133084066], [3.99094788008e-05, 0.000368239212548, -0.000711090280674, 0.000555948005058, 0.000316787860356, -0.00086010718951, 0.00256480253302, -0.00107196194585, 0.000475066713989, 0.00156388140749, -0.00595196057111, 0.0115394983441, -0.0040765972808], [-3.48545545421e-05, 0.000379406905267, 0.000439955212642, -0.00103216350544, -0.000890101655386, 0.000627688481472, -0.000435053749243, 0.00045616706484, -2.05021751754e-05, -0.000199158122996, 0.00278133084066, -0.0040765972808, 0.0101306689903]]
    },
    "melbands": {
        "mean": [0.00163207063451, 0.00166668684687, 0.000442381569883, 0.000268914358458, 0.000214227533434, 0.000299792067381, 0.000202359558898, 9.28330264287e-05, 0.000222938208026, 0.000453774089692, 0.000215090345591, 0.000122638128232, 6.98046496836e-05, 4.14305795857e-05, 5.38843196409e-05, 4.47149795946e-05, 2.59036514763e-05, 2.5727056709e-05, 1.76112171175e-05, 1.51985777848e-05, 8.77503680385e-06, 6.92353160048e-06, 5.16677391715e-06, 4.94302275911e-06, 7.1935669439e-06, 9.49266086536e-06, 6.99038582752e-06, 2.10964822145e-06, 1.33246828682e-06, 1.15269585876e-06, 6.22267691597e-07, 4.59632303773e-07, 4.05479482879e-07, 2.35669617155e-07, 1.48842147496e-07, 1.03592213918e-07, 7.82533930987e-08, 5.57741515195e-08, 4.90732503522e-08, 3.44753416925e-08],
        "stdev": [0.00239228038117, 0.00306098093279, 0.00117963913362, 0.00065046508098, 0.000321617262671, 0.000615899101831, 0.00048579799477, 0.000419425370637, 0.00100558681879, 0.00202081422321, 0.00103407271672, 0.000637876451947, 0.000397587631596, 0.000157640519319, 0.000223233830184, 0.000167480029631, 8.03996445029e-05, 7.3329283623e-05, 7.80452173785e-05, 4.19404677814e-05, 1.99881305889e-05, 1.6186691937e-05, 1.27478951981e-05, 1.38009345392e-05, 2.51359051617e-05, 3.1385832699e-05, 2.43536942435e-05, 7.21834067008e-06, 4.03224294132e-06, 4.86346652906e-06, 2.02083060685e-06, 1.3354897419e-06, 1.50970049617e-06, 8.47950445859e-07, 6.79656068314e-07, 4.38280892467e-07, 3.4413116623e-07, 2.1884227408e-07, 1.6461486041e-07, 1.19187809844e-07]
    },
    "melbands128": {
        "mean": [0.000301204330754, 0.00164027244318, 0.00191554275807, 0.00213908287697, 0.00191750493832, 0.000951543217525, 0.000405860919273, 0.000365555984899, 0.000351606955519, 0.000283603381831, 0.0001977312495, 0.000210049416637, 0.000178531801794, 0.000230049277889, 0.000383518374292, 0.000231864629313, 0.000310815958073, 0.000193225190742, 0.000111300840217, 6.4404666773e-05, 0.000104250109871, 0.000115713679406, 0.000174630622496, 0.000414861948229, 0.000510815996677, 0.00049175391905, 0.000281364074908, 0.000186855773791, 0.000168494632817, 8.45315007609e-05, 0.00015143933706, 0.000108774380351, 4.61583877041e-05, 6.20158607489e-05, 4.25736980105e-05, 2.90335465252e-05, 4.00738390454e-05, 8.60638683662e-05, 2.99997809634e-05, 4.11764922319e-05, 6.08880873187e-05, 3.25470427924e-05, 2.02802875719e-05, 2.02632418222e-05, 4.08933956351e-05, 2.14085466723e-05, 1.71243227669e-05, 2.51417204709e-05, 1.40501651913e-05, 6.91579225531e-06, 2.31239610002e-05, 1.35320478876e-05, 8.0368045019e-06, 7.98914243205e-06, 6.46125454296e-06, 8.23275058792e-06, 5.63080311622e-06, 4.12143845097e-06, 5.23353946846e-06, 7.03215346221e-06, 4.68352163807e-06, 3.31764317707e-06, 5.03282672071e-06, 7.92802620708e-06, 1.18181433209e-05, 9.40926292969e-06, 7.92230366642e-06, 9.75599687081e-06, 7.38209382689e-06, 2.4730475161e-06, 1.67956886798e-06, 2.41720249505e-06, 1.23543168229e-06, 1.03139939256e-06, 1.46604497786e-06, 1.37681035994e-06, 8.84623602815e-07, 8.46088539674e-07, 5.85048894663e-07, 3.99797073669e-07, 4.79573259327e-07, 4.5475772481e-07, 4.65552233209e-07, 4.09426348824e-07, 3.7946480802e-07, 2.4489122552e-07, 2.0143889401e-07, 1.64462662156e-07, 1.66595697237e-07, 1.1673293443e-07, 1.01848989686e-07, 1.02885167053e-07, 1.02045227379e-07, 7.92241579006e-08, 6.3982042775e-08, 5.71401166383e-08, 5.62830351214e-08, 4.97215211226e-08, 5.09958297812e-08, 4.90200626757e-08, 3.96327415331e-08, 3.135697213e-08, 2.89188228919e-08, 2.59240753309e-08, 2.09728430178e-08, 1.81609962624e-08, 1.60754076717e-08, 1.45148177921e-08, 1.33008644099e-08, 1.27127499638e-08, 1.19757928019e-08, 7.55355777926e-09, 4.77775152774e-10, 3.70210546247e-12, 3.57808574436e-12, 3.48185261005e-12, 3.37700917577e-12, 3.27195909255e-12, 3.19741542271e-12, 3.12695485824e-12, 3.06314045309e-12, 3.0115298276e-12, 2.9497159923e-12, 2.89347061935e-12, 2.86379557221e-12, 2.84426106799e-12, 2.82483476714e-12, 2.80453047938e-12],
        "stdev": [0.000476391986012, 0.00234156800434, 0.00305902282707, 0.00418217014521, 0.00374269997701, 0.00204807776026, 0.00127868819982, 0.00133890751749, 0.00118575524539, 0.000827730051242, 0.000575752928853, 0.000405123690143, 0.000335204356816, 0.00055636477191, 0.000918676494621, 0.000658908276819, 0.000782144372351, 0.000550042488612, 0.000653585244436, 0.000300210813293, 0.00069272366818, 0.000842487323098, 0.000999098177999, 0.00261577172205, 0.00287684099749, 0.00269648968242, 0.00182603334542, 0.00143949955236, 0.00103072402999, 0.000456061592558, 0.00117656216025, 0.00100686005317, 0.000504873867612, 0.000260946340859, 0.000230321922572, 0.000213227714994, 0.000231882921071, 0.000435684720287, 0.00015797605738, 0.000199039175641, 0.00032103896956, 0.00016424136993, 0.000100710145489, 9.73143760348e-05, 0.000151884421939, 7.89749537944e-05, 0.000102283120214, 0.000106285362563, 0.0001183267741, 3.89785673178e-05, 7.41988769732e-05, 3.97602489102e-05, 2.46496510954e-05, 2.6439796784e-05, 2.28932003665e-05, 2.51017445407e-05, 1.5088850887e-05, 1.49161714944e-05, 1.69321810972e-05, 2.44375205511e-05, 1.82049680006e-05, 1.62276592164e-05, 1.86549077625e-05, 4.4100870582e-05, 5.54051366635e-05, 4.6618959459e-05, 3.83502920158e-05, 3.98401170969e-05, 3.82661310141e-05, 1.92608076759e-05, 6.39576001049e-06, 1.04172586362e-05, 5.14331259183e-06, 2.91060700874e-06, 7.35577259547e-06, 9.63241745922e-06, 3.7634358705e-06, 3.94983908336e-06, 2.51723167821e-06, 1.45390629314e-06, 1.67062557921e-06, 1.59129024269e-06, 2.11687779483e-06, 1.82719588793e-06, 1.84328678188e-06, 9.35064804253e-07, 6.97408097494e-07, 8.35811533761e-07, 9.85187398328e-07, 5.71429666252e-07, 4.20131129886e-07, 4.64370629061e-07, 4.99480222516e-07, 3.8849992734e-07, 2.9142458402e-07, 2.4195782089e-07, 2.83485377395e-07, 1.86341267749e-07, 1.93186650677e-07, 1.70397029819e-07, 1.47473144807e-07, 1.17892540175e-07, 1.22283935866e-07, 1.02077102326e-07, 8.31039770333e-08, 7.56414308967e-08, 6.77435494367e-08, 5.90207953621e-08, 5.41089306694e-08, 5.91392463889e-08, 5.4641517977e-08, 3.93110539676e-08, 3.09885672678e-09, 7.81363775765e-12, 7.55041255213e-12, 7.30998681725e-12, 7.0836400981e-12, 6.87572611693e-12, 6.68773760329e-12, 6.51378386993e-12, 6.3571960196e-12, 6.21873993273e-12, 6.0983410162e-12, 5.99438510981e-12, 5.90862732006e-12, 5.83860911008e-12, 5.7884239936e-12, 5.7569140427e-12]
    },
    "mfcc": {
        "mean": [-756.723266602, 169.673141479, -4.51103687286, 28.4229869843, 6.73863792419, 5.35262870789, 5.28509712219, 3.35063481331, -1.08092582226, 4.62894916534, 2.64316916466, -0.38875862956, 1.9088408947],
        "cov": [[11373.8173828, -552.476867676, -2079.62255859, 411.09161377, -617.938293457, 175.994903564, 52.6916542053, -85.7656707764, -28.6096401215, 118.9116745, 89.3036193848, 46.0155525208, 82.9334335327], [-552.476867676, 1824.49658203, 196.054504395, 70.5503997803, 318.434814453, 30.2164306641, 110.81602478, 84.9077301025, 41.9151573181, -2.63059616089, 75.3711700439, 119.847831726, -49.8632240295], [-2079.62255859, 196.054504395, 1006.31317139, -6.8998169899, 120.295783997, 24.700252533, 26.554271698, 106.337539673, 14.6300163269, 24.4928779602, -1.94343984127, -45.0257835388, 0.761855244637], [411.09161377, 70.5503997803, -6.8998169899, 397.426025391, 168.904754639, 36.1109428406, 11.8103551865, 1.11302745342, 66.8505401611, 2.46856927872, -52.9830665588, 37.9102630615, 46.3025894165], [-617.938293457, 318.434814453, 120.295783997, 168.904754639, 513.869384766, 113.758850098, -47.3208618164, -2.25740361214, 64.2774887085, -32.8905029297, -53.3506088257, 124.859741211, 20.6242427826], [175.994903564, 30.2164306641, 24.700252533, 36.1109428406, 113.758850098, 204.587249756, 90.9723892212, 50.6789169312, 30.5590839386, 4.18830490112, -1.90196573734, 18.2499008179, 3.96861982346], [52.6916542053, 110.81602478, 26.554271698, 11.8103551865, -47.3208618164, 90.9723892212, 347.920593262, 118.308708191, 39.3916778564, 26.0930290222, 33.1854133606, -22.7098083496, -23.0041446686], [-85.7656707764, 84.9077301025, 106.337539673, 1.11302745342, -2.25740361214, 50.6789169312, 118.308708191, 223.108581543, 59.7804946899, 40.1880874634, 27.1267623901, -21.6219997406, -6.91406726837], [-28.6096401215, 41.9151573181, 14.6300163269, 66.8505401611, 64.2774887085, 30.5590839386, 39.3916778564, 59.7804946899, 162.530578613, 64.6564788818, -27.6385765076, -26.7705593109, -16.7615642548], [118.9116745, -2.63059616089, 24.4928779602, 2.46856927872, -32.8905029297, 4.18830490112, 26.0930290222, 40.1880874634, 64.6564788818, 162.981231689, 54.7003250122, -42.1583824158, -32.3813934326], [89.3036193848, 75.3711700439, -1.94343984127, -52.9830665588, -53.3506088257, -1.90196573734, 33.1854133606, 27.1267623901, -27.6385765076, 54.7003250122, 176.615249634, 46.0043869019, -40.1591567993], [46.0155525208, 119.847831726, -45.0257835388, 37.9102630615, 124.859741211, 18.2499008179, -22.7098083496, -21.6219997406, -26.7705593109, -42.1583824158, 46.0043869019, 193.156280518, 39.5251579285], [82.9334335327, -49.8632240295, 0.761855244637, 46.3025894165, 20.6242427826, 3.96861982346, -23.0041446686, -6.91406726837, -16.7615642548, -32.3813934326, -40.1591567993, 39.5251579285, 163.894180298]],
        "icov": [[0.000194360298337, -2.98567192658e-05, 0.000375112053007, -0.000317087338772, 0.000365437212167, -0.000401937926654, 0.000133971043397, -7.67516394262e-05, 0.000126778482809, -0.000197480956558, 1.05818417069e-05, -8.85714689502e-05, -4.23808924097e-05], [-2.98567192658e-05, 0.000699619762599, -0.000123557721963, 7.82776696724e-05, -0.000595048186369, 0.000441143551143, -0.000334052019753, -0.000128994041006, -3.53556097252e-05, 0.000135344351293, -0.000327314803144, -0.000118111121992, 0.000189695681911], [0.000375112053007, -0.000123557721963, 0.00187590136193, -0.000486453121994, 0.000190509686945, -0.000609307026025, 0.000279320433037, -0.000734646455385, 0.000608895730693, -0.000512769212946, -7.42192351026e-05, 0.00044952693861, -0.000265333772404], [-0.000317087338772, 7.82776696724e-05, -0.000486453121994, 0.00377552909777, -0.00157811294775, 0.000904642045498, -0.000622038030997, 0.000379985343898, -0.00113472214434, 3.78888180421e-05, 0.00049450492952, -3.59904042853e-05, -0.000753426691517], [0.000365437212167, -0.000595048186369, 0.000190509686945, -0.00157811294775, 0.00493836961687, -0.00297912722453, 0.00142442318611, 0.000116690367577, -0.000988594722003, -0.000177272624569, 0.00153933640104, -0.00276788184419, 0.000643119914457], [-0.000401937926654, 0.000441143551143, -0.000609307026025, 0.000904642045498, -0.00297912722453, 0.00786963943392, -0.00228622369468, -0.000571372220293, -0.000179690076038, 0.000363866973203, -0.000353945681127, 0.000539669243153, -0.000239170563873], [0.000133971043397, -0.000334052019753, 0.000279320433037, -0.000622038030997, 0.00142442318611, -0.00228622369468, 0.0043867030181, -0.00163834751584, -0.000366162421415, 0.000235649073147, -0.000322781677824, -5.78552317165e-06, 0.000359140365617], [-7.67516394262e-05, -0.000128994041006, -0.000734646455385, 0.000379985343898, 0.000116690367577, -0.000571372220293, -0.00163834751584, 0.00660451175645, -0.0022680843249, 0.00011211050878, -0.00114903459325, 0.000498225737829, -0.000668042572215], [0.000126778482809, -3.53556097252e-05, 0.000608895730693, -0.00113472214434, -0.000988594722003, -0.000179690076038, -0.000366162421415, -0.0022680843249, 0.0104305362329, -0.00461138552055, 0.00297369994223, 0.00023085103021, 0.00105313467793], [-0.000197480956558, 0.000135344351293, -0.000512769212946, 3.78888180421e-05, -0.000177272624569, 0.000363866973203, 0.000235649073147, 0.00011211050878, -0.00461138552055, 0.0103470589966, -0.00470572989434, 0.00270660500973, -4.89833109896e-05], [1.05818417069e-05, -0.000327314803144, -7.42192351026e-05, 0.00049450492952, 0.00153933640104, -0.000353945681127, -0.000322781677824, -0.00114903459325, 0.00297369994223, -0.00470572989434, 0.0103402994573, -0.00463162362576, 0.00250184256583], [-8.85714689502e-05, -0.000118111121992, 0.00044952693861, -3.59904042853e-05, -0.00276788184419, 0.000539669243153, -5.78552317165e-06, 0.000498225737829, 0.00023085103021, 0.00270660500973, -0.00463162362576, 0.00940863508731, -0.00247312802821], [-4.23808924097e-05, 0.000189695681911, -0.000265333772404, -0.000753426691517, 0.000643119914457, -0.000239170563873, 0.000359140365617, -0.000668042572215, 0.00105313467793, -4.89833109896e-05, 0.00250184256583, -0.00247312802821, 0.00764931505546]]
    },
    "spectral_contrast_coeffs": {
        "mean": [-0.740001857281, -0.706916809082, -0.718210220337, -0.744853317738, -0.761158108711, -0.783369898796],
        "stdev": [0.071687631309, 0.0935431867838, 0.0873969867826, 0.0657305717468, 0.0706137120724, 0.0628653615713]
    },
    "spectral_contrast_valleys": {
        "mean": [-7.25407934189, -7.76958560944, -8.6965379715, -9.12355327606, -9.36698913574, -12.1954250336],
        "stdev": [2.09644985199, 2.05656027794, 2.02087521553, 2.02357363701, 1.98825013638, 1.61213672161]
    }
},
"rhythm": {
    "beats_count": 420,
    "beats_loudness": {
        "mean": 0.0295762456954,
        "stdev": 0.0321861766279
    },
    "bpm": 135.288955688,
    "bpm_histogram_first_peak_bpm": 136,
    "bpm_histogram_first_peak_weight": 0.516728639603,
    "bpm_histogram_second_peak_bpm": 129,
    "bpm_histogram_second_peak_spread": 0.25,
    "bpm_histogram_second_peak_weight": 0.0572792366147,
    "danceability": 0.976537585258,
    "onset_rate": 2.16003870964,
    "beats_loudness_band_ratio": {
        "mean": [0.523411035538, 0.170459747314, 0.178192749619, 0.095614515245, 0.0462775453925, 0.0226426329464],
        "stdev": [0.291071772575, 0.160917699337, 0.207558915019, 0.129040166736, 0.0548466816545, 0.0474788621068]
    },
    "beats_position": [0.441179126501, 0.882358253002, 1.3235373497, 1.764716506, 2.20589566231, 2.6470746994, 3.07664394379, 3.49460315704, 3.9125623703, 4.33052158356, 4.73687076569, 5.15482997894, 5.5727891922, 5.99074840546, 6.40870714188, 6.82666635513, 7.25623559952, 7.75546455383, 8.25469398499, 8.74231243134, 9.22993183136, 9.70594120026, 10.1819496155, 10.6579589844, 11.1339683533, 11.6215867996, 12.051156044, 12.4807252884, 12.9102945328, 13.328253746, 13.7346029282, 14.1409521103, 14.5473012924, 14.9536504745, 15.3599996567, 15.7663488388, 16.1610889435, 16.5674381256, 16.9737873077, 17.3801364899, 17.786485672, 18.1928348541, 18.5875740051, 18.9939231873, 19.4002723694, 19.7950115204, 20.1897506714, 20.5960998535, 21.0140590668, 21.43201828, 21.8383674622, 22.2447166443, 22.6626758575, 23.0806350708, 23.4985942841, 23.9165534973, 24.3461227417, 24.7756919861, 25.2981395721, 25.8205890656, 26.343038559, 26.9699764252, 27.6085262299, 28.2354640961, 28.8507938385, 29.4661216736, 30.081451416, 30.68516922, 31.3004989624, 31.9158267975, 32.5195465088, 33.146484375, 33.7618141174, 34.3887519836, 35.0156898499, 35.6426315308, 36.2579574585, 36.8732872009, 37.4886169434, 38.0923347473, 38.7076644897, 39.3229942322, 39.9383201599, 40.5536499023, 41.1689796448, 41.6101570129, 42.0048980713, 42.4112472534, 42.8175964355, 43.2239456177, 43.6302947998, 44.0482521057, 44.4662132263, 44.8957824707, 45.3137397766, 45.7317008972, 46.1612701416, 46.590839386, 47.0204086304, 47.4383659363, 47.8795471191, 48.3207244873, 48.7502937317, 49.1798629761, 49.6094322205, 50.0506095886, 50.4917907715, 50.9329681396, 51.362537384, 51.8037185669, 52.2448959351, 52.6860771179, 53.1388664246, 53.5916557312, 54.0328330994, 54.4740142822, 54.9151916504, 55.3447608948, 55.7859382629, 56.2155075073, 56.6566886902, 57.0978660583, 57.5390472412, 57.9802246094, 58.4097938538, 58.8393630981, 59.280544281, 59.7217216492, 60.162902832, 60.6040802002, 61.0452613831, 61.498046875, 61.9392280579, 62.380405426, 62.8215866089, 63.2743759155, 63.7155532837, 64.1567306519, 64.5979156494, 65.0274810791, 65.4802703857, 65.9214477539, 66.3742370605, 66.8270263672, 67.2682037354, 67.7093887329, 68.1505661011, 68.5801315308, 68.9980926514, 69.4276657104, 69.8920593262, 70.3796844482, 70.8556900024, 71.3200912476, 71.7148284912, 72.1211776733, 72.515914917, 72.9570999146, 73.3982772827, 73.8394546509, 74.280632019, 74.7334213257, 75.1862106323, 75.6273880005, 76.0801773071, 76.5329666138, 76.9741516113, 77.426940918, 77.8797302246, 78.3325119019, 78.7620849609, 79.1916503906, 79.6212234497, 80.0507888794, 80.4803619385, 80.9215393066, 81.3627166748, 81.8039016724, 82.2334671021, 82.6630401611, 83.1042175293, 83.533782959, 83.9633560181, 84.4045333862, 84.8457107544, 85.2868881226, 85.7280731201, 86.1576385498, 86.6104278564, 87.0748291016, 87.5276184082, 87.9804077148, 88.421585083, 88.8743743896, 89.3155517578, 89.7451248169, 90.1746902466, 90.6042633057, 91.0454406738, 91.486618042, 91.9277954102, 92.3689804077, 92.8101577759, 93.251335144, 93.6925125122, 94.1336975098, 94.5748748779, 95.0160522461, 95.4572296143, 95.8984146118, 96.33959198, 96.7691574097, 97.1987304688, 97.6399078369, 98.0810852051, 98.5222625732, 98.9634475708, 99.404624939, 99.8458023071, 100.298591614, 100.75138092, 101.250610352, 101.749839783, 102.249069214, 102.910835266, 103.572608948, 104.222763062, 104.884536743, 105.534690857, 106.196456909, 106.846618652, 107.496780396, 108.158546448, 108.8203125, 109.482086182, 110.155464172, 110.805618286, 111.455780029, 112.117546082, 112.779319763, 113.429473877, 114.102851868, 114.776237488, 115.461219788, 116.134597778, 116.807983398, 117.492965698, 118.166343689, 118.839729309, 119.420227051, 120.012336731, 120.581222534, 121.150108337, 121.730613708, 122.195007324, 122.647796631, 123.088973999, 123.530158997, 123.971336365, 124.412513733, 124.853691101, 125.294876099, 125.736053467, 126.177230835, 126.618408203, 127.059593201, 127.500770569, 127.941947937, 128.383132935, 128.824310303, 129.265487671, 129.706665039, 130.159454346, 130.589019775, 131.030197144, 131.459777832, 131.912567139, 132.342132568, 132.771697998, 133.212875366, 133.654052734, 134.106842041, 134.548019409, 134.989196777, 135.430389404, 135.883178711, 136.324356079, 136.788757324, 137.253143311, 137.717544556, 138.170333862, 138.623123169, 139.075912476, 139.528701782, 139.981491089, 140.434280396, 140.887069702, 141.339859009, 141.792648315, 142.245437622, 142.68661499, 143.127792358, 143.580581665, 144.021759033, 144.47454834, 144.915740967, 145.356918335, 145.809707642, 146.262496948, 146.715286255, 147.179672241, 147.632461548, 148.108474731, 148.572875977, 149.025665283, 149.490066528, 149.942855835, 150.395645142, 150.848434448, 151.312835693, 151.765625, 152.218414307, 152.659591675, 153.112380981, 153.565170288, 154.006347656, 154.459136963, 154.91192627, 155.376327515, 155.829116821, 156.281906128, 156.734695435, 157.187484741, 157.640274048, 158.093063354, 158.545852661, 158.987030029, 159.428207397, 159.869384766, 160.322174072, 160.774963379, 161.227752686, 161.692153931, 162.156555176, 162.620956421, 163.073745728, 163.526535034, 163.979324341, 164.420501709, 164.873291016, 165.326080322, 165.790466309, 166.254867554, 166.70765686, 167.160446167, 167.613235474, 168.054412842, 168.507202148, 168.948379517, 169.401168823, 169.85395813, 170.295150757, 170.736328125, 171.177505493, 171.618682861, 172.036636353, 172.501037598, 172.953826904, 173.406616211, 173.847793579, 174.300582886, 174.741760254, 175.194549561, 175.647338867, 176.100128174, 176.541305542, 176.982498169, 177.435287476, 177.888076782, 178.32925415, 178.782043457, 179.234832764, 179.68762207, 180.128799438, 180.581588745, 181.022766113, 181.463943481, 181.90512085, 182.346298218, 182.787475586, 183.228652954, 183.693054199, 184.145843506, 184.598632812, 185.051422119, 185.504211426, 185.945388794, 186.386566162, 186.827758789, 187.268936157, 187.710113525, 188.162902832, 188.6040802, 189.056869507, 189.509658813, 189.96244812, 190.415237427, 190.868026733, 191.332427979, 191.785217285, 192.238006592, 192.690795898, 193.143585205, 193.607971191, 194.072372437, 194.536773682, 195.001174927, 195.47718811, 195.953201294, 196.440811157],
    "bpm_histogram": [0, 0, 0, 0, 0, 0, 0, 0, 0, 0, 0, 0, 0, 0, 0, 0, 0, 0, 0, 0, 0, 0, 0, 0, 0, 0, 0, 0, 0, 0, 0, 0, 0, 0, 0, 0, 0, 0, 0, 0, 0, 0, 0, 0, 0, 0, 0, 0, 0, 0, 0, 0, 0, 0, 0, 0, 0, 0, 0, 0, 0, 0, 0, 0, 0, 0, 0, 0, 0, 0, 0, 0, 0, 0, 0, 0, 0, 0, 0, 0, 0, 0, 0, 0, 0, 0, 0, 0, 0.00477326987311, 0.0167064443231, 0, 0.0214797127992, 0.0167064443231, 0, 0.00238663493656, 0, 0.0143198091537, 0, 0.0334128886461, 0.00715990457684, 0, 0.00238663493656, 0, 0.00477326987311, 0, 0.00477326987311, 0, 0, 0, 0, 0, 0, 0, 0, 0, 0.00715990457684, 0, 0, 0, 0, 0.0119331739843, 0, 0, 0.0119331739843, 0, 0, 0.0190930794924, 0, 0, 0.0572792366147, 0, 0, 0, 0.233890220523, 0, 0, 0.310262531042, 0, 0, 0, 0.0978520289063, 0, 0, 0, 0.0525059662759, 0, 0, 0, 0.0525059662759, 0, 0, 0, 0.0167064443231, 0, 0, 0, 0, 0, 0, 0, 0, 0, 0, 0, 0, 0, 0, 0, 0, 0, 0, 0, 0, 0, 0, 0, 0, 0, 0, 0, 0, 0, 0, 0, 0, 0, 0, 0, 0, 0, 0, 0, 0, 0, 0, 0, 0, 0, 0, 0, 0, 0, 0, 0, 0, 0, 0, 0, 0, 0, 0, 0, 0, 0, 0, 0, 0, 0, 0, 0, 0, 0, 0, 0, 0, 0, 0, 0, 0, 0, 0, 0, 0, 0, 0, 0, 0, 0, 0, 0, 0, 0, 0, 0, 0, 0, 0, 0, 0, 0]
},
"tonal": {
    "chords_changes_rate": 0.0383709967136,
    "chords_number_rate": 0.00235404889099,
    "chords_strength": {
        "mean": 0.552853226662,
        "stdev": 0.131378263235
    },
    "hpcp_crest": {
        "mean": 14.3631811142,
        "stdev": 6.21168708801
    },
    "hpcp_entropy": {
        "mean": 1.77237427235,
        "stdev": 0.635869026184
    },
    "key_edma": {
        "strength": 0.632334709167,
        "key": "C#",
        "scale": "major"
    },
    "key_krumhansl": {
        "strength": 0.630450844765,
        "key": "C#",
        "scale": "major"
    },
    "key_temperley": {
        "strength": 0.62179672718,
        "key": "C#",
        "scale": "major"
    },
    "tuning_diatonic_strength": 0.603316187859,
    "tuning_equal_tempered_deviation": 0.187493294477,
    "tuning_frequency": 434.193115234,
    "tuning_nontempered_energy_ratio": 0.916212260723,
    "hpcp": {
        "mean": [0.0380852408707, 0.0345094278455, 0.0571954362094, 0.151826843619, 0.144618332386, 0.0483461171389, 0.0221688840538, 0.0190826244652, 0.0254820510745, 0.0692431852221, 0.0755568519235, 0.0486897341907, 0.108750805259, 0.112692244351, 0.0414360649884, 0.0293391738087, 0.029898326844, 0.0359819941223, 0.121551573277, 0.133219823241, 0.0587012283504, 0.0569938905537, 0.0625144615769, 0.0976926013827, 0.225651592016, 0.224141001701, 0.150545120239, 0.204627409577, 0.157896012068, 0.056531958282, 0.0493442639709, 0.0442225374281, 0.0548403151333, 0.27356621623, 0.321244865656, 0.104774363339],
        "stdev": [0.134451746941, 0.130732923746, 0.146293818951, 0.29281398654, 0.267998695374, 0.132349222898, 0.0938088223338, 0.0907211601734, 0.0869302228093, 0.15932302177, 0.168127328157, 0.117611333728, 0.228383019567, 0.229923292994, 0.115147680044, 0.103700749576, 0.110977739096, 0.107227556407, 0.265832394361, 0.270552396774, 0.155622527003, 0.167207285762, 0.181795522571, 0.197470515966, 0.337761670351, 0.317831933498, 0.237653613091, 0.353903889656, 0.282934784889, 0.155778676271, 0.170851066709, 0.152375072241, 0.13404764235, 0.349596887827, 0.402440458536, 0.173651859164]
    },
    "chords_histogram": [22.6694908142, 14.8540487289, 11.3700561523, 0.282485872507, 0.447269290686, 0.306026369333, 5.17890787125, 0.282485872507, 2.04802250862, 0, 0, 0, 0, 0, 0.353107333183, 0.58851224184, 0.211864411831, 2.54237294197, 0.0941619575024, 0.635593235493, 1.20056498051, 11.2052726746, 15.1836156845, 10.5461397171],
    "thpcp": [1, 0.326151102781, 0.118555173278, 0.10742405802, 0.178043112159, 0.472620308399, 0.450180977583, 0.150496155024, 0.0690093040466, 0.059402115643, 0.0793228298426, 0.215546429157, 0.235200181603, 0.151565790176, 0.338529318571, 0.35079857707, 0.128985926509, 0.091329626739, 0.0930702090263, 0.11200799793, 0.378376692533, 0.414698690176, 0.182730481029, 0.177415728569, 0.194600656629, 0.304106354713, 0.702428638935, 0.697726309299, 0.468630433083, 0.636982679367, 0.491512954235, 0.175977781415, 0.15360327065, 0.137659907341, 0.170711874962, 0.851581573486],
    "chords_key": "C#",
    "chords_scale": "major"
}
}