{
"metadata": {
    "version": {
        "essentia": "2.1-dev",
        "essentia_git_sha": "v2.1_beta3-415-gd5473f3",
        "extractor": "music 2.0"
    },
    "audio_properties": {
        "analysis": {
            "equal_loudness": 0,
            "length": 126.902854919,
            "sample_rate": 44100,
            "start_time": 0,
            "downmix": "mix"
        },
        "bit_rate": 192000,
        "length": 126.902854919,
        "lossless": 0,
        "number_channels": 2,
        "replay_gain": -6.06940078735,
        "sample_rate": 44100,
        "codec": "mp3",
        "md5_encoded": "d9738e42f81a8122b332589cc6e2cf10"
    },
    "tags": {
        "file_name": "sam_cooke-don_t_know_much_about_history.mp3"
    }
},
"lowlevel": {
    "average_loudness": 0.952369511127,
    "barkbands_crest": {
        "mean": 12.0508966446,
        "stdev": 4.31963300705
    },
    "barkbands_flatness_db": {
        "mean": 0.188235059381,
        "stdev": 0.0539737828076
    },
    "barkbands_kurtosis": {
        "mean": 15.1982164383,
        "stdev": 19.3929786682
    },
    "barkbands_skewness": {
        "mean": 2.6849603653,
        "stdev": 1.87082278728
    },
    "barkbands_spread": {
        "mean": 14.6958465576,
        "stdev": 13.684928894
    },
    "dissonance": {
        "mean": 0.442709833384,
        "stdev": 0.0394581407309
    },
    "dynamic_complexity": 2.69544029236,
    "erbbands_crest": {
        "mean": 11.8965530396,
        "stdev": 5.46142673492
    },
    "erbbands_flatness_db": {
        "mean": 0.182137668133,
        "stdev": 0.0453820005059
    },
    "erbbands_kurtosis": {
        "mean": 2.75250959396,
        "stdev": 5.45507478714
    },
    "erbbands_skewness": {
        "mean": 1.20260059834,
        "stdev": 1.24741518497
    },
    "erbbands_spread": {
        "mean": 45.8007926941,
        "stdev": 27.1443996429
    },
    "hfc": {
        "mean": 19.6031570435,
        "stdev": 21.9860401154
    },
    "loudness_ebu128": {
        "integrated": -17.5659122467,
        "loudness_range": 1.50868415833,
        "momentary": {
            "mean": -22.236240387,
            "stdev": 32.4169082642
        },
        "short_term": {
            "mean": -17.9836330414,
            "stdev": 3.33880543709
        }
    },
    "melbands_crest": {
        "mean": 15.5207653046,
        "stdev": 5.6696472168
    },
    "melbands_flatness_db": {
        "mean": 0.245027512312,
        "stdev": 0.0777297988534
    },
    "melbands_kurtosis": {
        "mean": 38.6200866699,
        "stdev": 48.0626068115
    },
    "melbands_skewness": {
        "mean": 3.92992424965,
        "stdev": 2.58300733566
    },
    "melbands_spread": {
        "mean": 16.7680435181,
        "stdev": 25.3660125732
    },
    "pitch_salience": {
        "mean": 0.544638156891,
        "stdev": 0.12564188242
    },
    "silence_rate_20dB": {
        "mean": 1,
        "stdev": 0
    },
    "silence_rate_30dB": {
        "mean": 1,
        "stdev": 0
    },
    "silence_rate_60dB": {
        "mean": 0.0365831367671,
        "stdev": 0.187737718225
    },
    "spectral_centroid": {
        "mean": 1099.43530273,
        "stdev": 1486.97387695
    },
    "spectral_complexity": {
        "mean": 11.9520759583,
        "stdev": 6.47844600677
    },
    "spectral_decrease": {
        "mean": -7.42903027984e-09,
        "stdev": 4.36935421178e-09
    },
    "spectral_energy": {
        "mean": 0.0298169404268,
        "stdev": 0.0173668432981
    },
    "spectral_energyband_high": {
        "mean": 0.00127052352764,
        "stdev": 0.00305880303495
    },
    "spectral_energyband_low": {
        "mean": 0.00665504671633,
        "stdev": 0.010071484372
    },
    "spectral_energyband_middle_high": {
        "mean": 0.00309584848583,
        "stdev": 0.00568923540413
    },
    "spectral_energyband_middle_low": {
        "mean": 0.019467830658,
        "stdev": 0.015294005163
    },
    "spectral_entropy": {
        "mean": 7.27944660187,
        "stdev": 0.603175163269
    },
    "spectral_flux": {
        "mean": 0.0849666595459,
        "stdev": 0.0436142347753
    },
    "spectral_kurtosis": {
        "mean": 2.7206864357,
        "stdev": 2.91372156143
    },
    "spectral_rms": {
        "mean": 0.00509585021064,
        "stdev": 0.00176693045069
    },
    "spectral_rolloff": {
        "mean": 1280.89001465,
        "stdev": 2716.05615234
    },
    "spectral_skewness": {
        "mean": 1.27278339863,
        "stdev": 0.587200641632
    },
    "spectral_spread": {
        "mean": 5634225.5,
        "stdev": 4805596.5
    },
    "spectral_strongpeak": {
        "mean": 1.30458319187,
        "stdev": 1.45538985729
    },
    "zerocrossingrate": {
        "mean": 0.0546044372022,
        "stdev": 0.0682691857219
    },
    "barkbands": {
        "mean": [1.60290655913e-05, 0.00251012388617, 0.00353981507942, 0.00189111020882, 0.00732082268223, 0.00326761626638, 0.00162585859653, 0.00282209715806, 0.00239425851032, 0.000787077413406, 0.000520390283782, 0.000416291528381, 0.000193859101273, 0.000250211742241, 0.000499337038491, 0.000169274382642, 0.000127617342514, 7.2316142905e-05, 5.9922116634e-05, 0.000228862802032, 0.000354322342901, 0.000407470215578, 0.000216693311813, 8.86658090167e-05, 3.04151799355e-05, 6.15140879745e-06, 3.12662479018e-07],
        "stdev": [3.27101079165e-05, 0.0049109198153, 0.00595044018701, 0.00269347522408, 0.00788190402091, 0.00531822675839, 0.00388689362444, 0.0077566485852, 0.00656377943233, 0.00258035468869, 0.00177066097967, 0.00139215809759, 0.000658437085804, 0.000844447466079, 0.0021682921797, 0.000397475494538, 0.00020911237516, 0.000120501354104, 0.000148607359733, 0.000416933937231, 0.000976810581051, 0.00115790951531, 0.000693582347594, 0.000286047230475, 0.000102126577985, 2.43605099968e-05, 2.20973583964e-06]
    },
    "erbbands": {
        "mean": [0.0247233826667, 0.753866791725, 3.99317383766, 4.76212978363, 16.3216991425, 27.7699184418, 27.6926898956, 22.8725795746, 18.2277851105, 39.0091972351, 76.9603652954, 45.0411949158, 30.1014728546, 26.2327461243, 17.5337238312, 13.3602628708, 8.89382076263, 11.9192934036, 21.6156330109, 18.9503135681, 9.44743919373, 7.58397912979, 4.65025186539, 2.60466766357, 4.16727876663, 10.9394931793, 14.2461576462, 15.0062408447, 15.3882341385, 9.77307128906, 5.40965557098, 2.49121928215, 1.21129119396, 0.468323290348, 0.16028405726, 0.0427209287882, 0.00906051974744, 0.00106753769796, 6.57596610836e-05, 3.73858274543e-05],
        "stdev": [0.0475672371686, 1.4652493, 7.04472589493, 5.21840047836, 22.3800888062, 34.9268760681, 49.3500976562, 33.9079971313, 38.6218528748, 109.397521973, 211.999725342, 112.238853455, 85.6161651611, 80.8720321655, 47.3412780762, 41.8196372986, 23.997095108, 38.8047828674, 87.6817932129, 60.2989311218, 16.7591743469, 12.1025285721, 7.54684448242, 5.12026977539, 9.26598358154, 19.9033946991, 33.7826194763, 43.5996246338, 44.5945777893, 29.4909667969, 17.7202739716, 8.1896686554, 4.12289381027, 1.52493739128, 0.538734257221, 0.168757870793, 0.0354466177523, 0.00460119266063, 0.000334441836458, 2.3942991902e-05]
    },
    "gfcc": {
        "mean": [-48.390422821, 102.838653564, -102.208686829, 49.6113967896, -80.1704711914, 4.57508945465, -39.9902420044, -11.3069543839, -16.2089176178, -4.54656982422, -26.1609573364, -6.48349761963, -1.67492187023],
        "cov": [[29129.7265625, 1519.73156738, -3166.23681641, 963.789978027, -2104.65795898, 338.352172852, -770.362426758, -140.419143677, -384.087188721, -92.7423324585, -766.35546875, -283.003387451, -188.046173096], [1519.73156738, 1065.88745117, -171.943984985, -82.2080307007, 99.2272033691, -114.480712891, 86.2826156616, -12.3795862198, 120.915031433, -67.8155593872, 54.8882141113, -17.601764679, 23.1069450378], [-3166.23681641, -171.943984985, 1240.67199707, 365.142974854, 396.274383545, -12.408700943, -60.6055030823, 44.4085006714, 50.8492431641, 2.35415458679, -19.5643234253, 92.1893997192, 10.8188800812], [963.789978027, -82.2080307007, 365.142974854, 586.217407227, 86.175743103, 55.1644821167, -159.059188843, -57.9811553955, -9.73923969269, 18.5041313171, -52.8702278137, 21.384601593, 36.1286964417], [-2104.65795898, 99.2272033691, 396.274383545, 86.175743103, 486.676361084, 25.9657478333, 48.4256439209, -2.35684084892, 73.3355636597, -4.5411772728, 46.9052047729, 37.9330444336, 24.9052886963], [338.352172852, -114.480712891, -12.408700943, 55.1644821167, 25.9657478333, 234.107177734, 78.3860473633, 19.8353404999, -51.6822128296, 1.67778491974, -4.12294530869, -10.9474372864, -11.0553407669], [-770.362426758, 86.2826156616, -60.6055030823, -159.059188843, 48.4256439209, 78.3860473633, 296.903961182, 65.0372848511, 0.937976300716, 0.716900706291, 57.5644378662, -16.5336933136, -5.11410140991], [-140.419143677, -12.3795862198, 44.4085006714, -57.9811553955, -2.35684084892, 19.8353404999, 65.0372848511, 155.194412231, 64.4044876099, 3.29021954536, -5.87830400467, -3.76178765297, -19.1997509003], [-384.087188721, 120.915031433, 50.8492431641, -9.73923969269, 73.3355636597, -51.6822128296, 0.937976300716, 64.4044876099, 172.734924316, 22.5855751038, 21.7135639191, -14.1583051682, 6.48629903793], [-92.7423324585, -67.8155593872, 2.35415458679, 18.5041313171, -4.5411772728, 1.67778491974, 0.716900706291, 3.29021954536, 22.5855751038, 88.8950653076, 21.2643165588, -2.13890552521, 0.217467322946], [-766.35546875, 54.8882141113, -19.5643234253, -52.8702278137, 46.9052047729, -4.12294530869, 57.5644378662, -5.87830400467, 21.7135639191, 21.2643165588, 138.502716064, 33.637588501, 10.0280532837], [-283.003387451, -17.601764679, 92.1893997192, 21.384601593, 37.9330444336, -10.9474372864, -16.5336933136, -3.76178765297, -14.1583051682, -2.13890552521, 33.637588501, 89.64793396, 6.65396308899], [-188.046173096, 23.1069450378, 10.8188800812, 36.1286964417, 24.9052886963, -11.0553407669, -5.11410140991, -19.1997509003, 6.48629903793, 0.217467322946, 10.0280532837, 6.65396308899, 76.7044296265]],
        "icov": [[0.00028226673021, -0.000684714817908, 0.000716501672287, -0.000863001856487, 0.000745012250263, -0.000605077657383, 0.00050889357226, -0.000479658920085, 0.000359621626558, -0.000394713017158, 0.00119040370919, -0.000537264626473, 0.000650133006275], [-0.000684714817908, 0.00301864766516, -0.00138291588519, 0.00181992689613, -0.00210363348015, 0.00218626344576, -0.00191014201846, 0.00166829396039, -0.00193819170818, 0.00232248310931, -0.00310748326592, 0.00132155418396, -0.00151283293962], [0.000716501672287, -0.00138291588519, 0.00345544889569, -0.00315490178764, 0.000636017415673, -0.00075732805999, 0.00106502568815, -0.00204993342049, 0.00102922332007, -0.000765719101764, 0.00340448180214, -0.00234980671667, 0.00208788923919], [-0.000863001856487, 0.00181992689613, -0.00315490178764, 0.00569949159399, -0.00201815413311, 0.000224654271733, 2.40426561504e-06, 0.00240153609775, -0.0013186186552, 0.000284459732939, -0.00297910999507, 0.00165855418891, -0.00325825391337], [0.000745012250263, -0.00210363348015, 0.000636017415673, -0.00201815413311, 0.00559561233968, -0.00267757358961, 0.000721991469618, 0.000285381975118, -0.000928778143134, -0.000554131518584, 0.00265176175162, -0.00202334229834, 0.00114678347018], [-0.000605077657383, 0.00218626344576, -0.00075732805999, 0.000224654271733, -0.00267757358961, 0.00785217061639, -0.00314951199107, -0.000518042535987, 0.0014288269449, 0.00109171238728, -0.00265775085427, 0.0020144993905, -0.000430744694313], [0.00050889357226, -0.00191014201846, 0.00106502568815, 2.40426561504e-06, 0.000721991469618, -0.00314951199107, 0.00699676247314, -0.00342108588666, 0.00239781406708, -0.00135435268749, -8.90343435458e-05, 0.000948146334849, 0.000323933170876], [-0.000479658920085, 0.00166829396039, -0.00204993342049, 0.00240153609775, 0.000285381975118, -0.000518042535987, -0.00342108588666, 0.0118583543226, -0.00650148419663, 0.00153703882825, 0.000115112226922, -0.00105216307566, 0.000673969450872], [0.000359621626558, -0.00193819170818, 0.00102922332007, -0.0013186186552, -0.000928778143134, 0.0014288269449, 0.00239781406708, -0.00650148419663, 0.0115323988721, -0.00347360386513, -0.000423947145464, 0.00265708495863, -0.000159005590831], [-0.000394713017158, 0.00232248310931, -0.000765719101764, 0.000284459732939, -0.000554131518584, 0.00109171238728, -0.00135435268749, 0.00153703882825, -0.00347360386513, 0.014417367056, -0.00427040830255, 0.00153825327288, -0.000383866339689], [0.00119040370919, -0.00310748326592, 0.00340448180214, -0.00297910999507, 0.00265176175162, -0.00265775085427, -8.90343435458e-05, 0.000115112226922, -0.000423947145464, -0.00427040830255, 0.0157983954996, -0.00735908048227, 0.00217721401714], [-0.000537264626473, 0.00132155418396, -0.00234980671667, 0.00165855418891, -0.00202334229834, 0.0020144993905, 0.000948146334849, -0.00105216307566, 0.00265708495863, 0.00153825327288, -0.00735908048227, 0.0163455028087, -0.00210275338031], [0.000650133006275, -0.00151283293962, 0.00208788923919, -0.00325825391337, 0.00114678347018, -0.000430744694313, 0.000323933170876, 0.000673969450872, -0.000159005590831, -0.000383866339689, 0.00217721401714, -0.00210275338031, 0.0159949921072]]
    },
    "melbands": {
        "mean": [0.000440365256509, 0.00175687251613, 0.0011872635223, 0.00163906277157, 0.00102724588942, 0.000545853574295, 0.000279242376564, 0.000443047320005, 0.000663623039145, 0.000262279383605, 0.000150356107042, 0.000109682383481, 6.63981772959e-05, 4.73821492051e-05, 2.28488752327e-05, 2.16354983422e-05, 2.11420392588e-05, 3.14508033625e-05, 3.95287315769e-05, 1.39279263749e-05, 1.02172916741e-05, 8.13481437945e-06, 5.24102097188e-06, 3.25704240822e-06, 1.87677937902e-06, 2.45511205321e-06, 3.91842513636e-06, 8.25347160571e-06, 9.30225814955e-06, 7.92401169747e-06, 9.1604406407e-06, 9.54199185799e-06, 6.42832401354e-06, 5.05416755914e-06, 3.28166515828e-06, 2.15331442632e-06, 1.26653185362e-06, 9.19974581848e-07, 5.65724519674e-07, 3.3479111039e-07],
        "stdev": [0.000817952037323, 0.00307841552421, 0.00132803223096, 0.00191037030891, 0.0014606397599, 0.000803502858616, 0.000570620701183, 0.00122103700414, 0.00188438477926, 0.00067451101495, 0.000449400395155, 0.000338487909175, 0.00020352473075, 0.000184624630492, 7.29435414542e-05, 7.51269762986e-05, 7.41684416425e-05, 0.000122481942526, 0.000180869901669, 3.92345900764e-05, 1.99365968001e-05, 1.37118531711e-05, 9.1404763225e-06, 5.60959506402e-06, 4.3237337195e-06, 6.82576273903e-06, 8.57720078784e-06, 1.59088303917e-05, 2.10923444683e-05, 2.45250503212e-05, 2.70405871561e-05, 2.8116055546e-05, 1.96232795133e-05, 1.58779603225e-05, 1.12108955364e-05, 7.53434869694e-06, 4.1930829866e-06, 3.35436607202e-06, 1.928537813e-06, 1.11714325612e-06]
    },
    "melbands128": {
        "mean": [1.27291923491e-05, 9.42731130635e-05, 0.000375825649826, 0.00153173925355, 0.00222549424507, 0.00153342925478, 0.00075121561531, 0.00114971667062, 0.0018077888526, 0.00153359514661, 0.00188870099373, 0.00104088336229, 0.000940547965001, 0.00097147008637, 0.000481719092932, 0.00038595838123, 0.000386113097193, 0.000169334729435, 0.000214240397327, 0.000531036581378, 0.000400702701882, 0.00053847907111, 0.0008494425565, 0.000700739969034, 0.000159202551004, 0.000209419144085, 0.000200110764126, 0.00010161211685, 0.000176681729499, 7.95578380348e-05, 0.000113230169518, 0.000104872298834, 6.16944016656e-05, 2.72080669674e-05, 7.8760269389e-05, 3.99552118324e-05, 2.50251669058e-05, 3.10144750983e-05, 1.26278837342e-05, 1.51933163579e-05, 2.49482745858e-05, 2.93319935736e-05, 1.96620676434e-05, 1.47070832099e-05, 2.94297769869e-05, 2.69166903308e-05, 4.13945745095e-05, 5.93858021603e-05, 2.76648006547e-05, 2.07981665881e-05, 9.48945398704e-06, 9.86792656477e-06, 1.36920980367e-05, 8.44972146297e-06, 6.83069083607e-06, 9.64016908256e-06, 7.89455953054e-06, 5.15911870025e-06, 4.80364451505e-06, 4.14420537709e-06, 3.75736408387e-06, 2.10108555621e-06, 1.32334207592e-06, 1.96063547264e-06, 2.5290260055e-06, 2.10372331821e-06, 2.48282458415e-06, 3.63355843547e-06, 3.45019088854e-06, 5.5231589613e-06, 7.42194424674e-06, 1.08705180537e-05, 9.43939903664e-06, 9.42710994423e-06, 8.3785971583e-06, 7.66237462813e-06, 7.85598876973e-06, 8.02593967819e-06, 9.22648541746e-06, 1.03607571873e-05, 1.06169900391e-05, 8.97018708201e-06, 7.54198345021e-06, 6.0881943682e-06, 5.61995648241e-06, 5.47251511307e-06, 5.11256712343e-06, 3.68895530301e-06, 3.32508557221e-06, 2.75967681773e-06, 2.58925592789e-06, 1.92854395209e-06, 1.53728365149e-06, 1.24595226225e-06, 1.13012197289e-06, 1.00948886939e-06, 9.13971405225e-07, 7.17398677352e-07, 6.12635290054e-07, 4.57537936427e-07, 3.84151093158e-07, 3.2056919963e-07, 2.71181050948e-07, 2.16724657776e-07, 1.67952251218e-07, 1.46373338339e-07, 1.11489754318e-07, 8.46314449632e-08, 6.78763925066e-08, 5.1637258025e-08, 4.03879489852e-08, 3.34521246259e-08, 2.76028746526e-08, 1.84261352842e-08, 1.15591047845e-08, 8.18177969819e-09, 7.03532254676e-09, 3.42182082669e-09, 2.29079799574e-09, 7.99780242033e-10, 2.02703423491e-10, 7.15218856362e-11, 1.1161818865e-11, 4.39503078029e-12, 4.32418944402e-12, 4.28154430313e-12, 4.2501618544e-12, 4.22188195862e-12],
        "stdev": [3.11394687742e-05, 0.00027313514147, 0.000807862146758, 0.00319753470831, 0.00433467933908, 0.00247999629937, 0.00099663680885, 0.00175975449383, 0.00291938055307, 0.00246737315319, 0.00304874801077, 0.00156462716404, 0.00222574407235, 0.00214835256338, 0.000850769807585, 0.000873092736583, 0.0010388342198, 0.000511380319949, 0.00070437573595, 0.00188849051483, 0.00158110796474, 0.00209522410296, 0.00297237117775, 0.0026649935171, 0.000556562736165, 0.000878076127265, 0.000928508758079, 0.000398204778321, 0.000771284918301, 0.000322508247336, 0.00057799112983, 0.000433645385783, 0.000274225400062, 0.000127728300868, 0.000374253984774, 0.000230481295148, 0.000110685097752, 0.000131595443236, 6.00023449806e-05, 6.84789629304e-05, 0.000124832426081, 0.000149016384967, 0.000110507055069, 7.86991877249e-05, 0.000140313437441, 0.000131530905492, 0.000320158840623, 0.000394953181967, 0.000108012412966, 8.80552397575e-05, 4.59294788016e-05, 2.34833132708e-05, 3.74922819901e-05, 1.8978747903e-05, 1.61851057783e-05, 1.96860673896e-05, 2.01428356377e-05, 1.17070903798e-05, 1.1122471733e-05, 9.72934049059e-06, 8.00144971436e-06, 5.2525706451e-06, 3.59002615369e-06, 6.62153024678e-06, 1.00158949863e-05, 9.3821054179e-06, 8.41999553813e-06, 1.19418336908e-05, 1.04835526145e-05, 1.64111752383e-05, 1.8908705897e-05, 2.63076854026e-05, 2.54030655924e-05, 2.55971390288e-05, 2.59400749201e-05, 2.77791605185e-05, 2.88268420263e-05, 2.58965119428e-05, 2.87651837425e-05, 3.36552402587e-05, 3.30863367708e-05, 2.93427492579e-05, 2.61885652435e-05, 2.0373150619e-05, 1.8151346012e-05, 1.8543763872e-05, 1.73916996573e-05, 1.25391261463e-05, 1.37676925078e-05, 9.96100970951e-06, 9.852265066e-06, 7.27923952581e-06, 5.39200345884e-06, 4.33346849604e-06, 4.07534116675e-06, 4.0499539864e-06, 3.89050092053e-06, 2.58908085016e-06, 2.31303874898e-06, 1.92109200725e-06, 1.33279627335e-06, 1.1434717635e-06, 9.58572627496e-07, 7.83548955496e-07, 6.12728683791e-07, 5.85795817187e-07, 5.43047065094e-07, 3.98589577344e-07, 2.85231266162e-07, 2.26913300594e-07, 1.91163692875e-07, 1.49811896222e-07, 1.16705379583e-07, 7.78948106017e-08, 6.10382144828e-08, 4.03477358191e-08, 3.63216265953e-08, 3.71400759036e-08, 3.18217097117e-08, 1.15177618554e-08, 4.08893185977e-09, 1.88797244505e-09, 3.01577124384e-10, 6.17291027322e-12, 6.02915026932e-12, 5.95669867598e-12, 5.90493626218e-12, 5.87321380766e-12]
    },
    "mfcc": {
        "mean": [-674.326599121, 115.131813049, 28.0514163971, 35.4972419739, -10.5621337891, 14.2748994827, -20.3277168274, -5.53089666367, 4.94665813446, -3.72780585289, -13.9933004379, -4.02600812912, -6.15846776962],
        "cov": [[9453.75976562, 630.60357666, -389.471588135, -103.313827515, -612.328918457, 96.7328796387, -276.944122314, -76.9173736572, 38.98670578, 54.2011451721, -42.3233642578, -91.9579467773, -170.775619507], [630.60357666, 1343.22973633, -92.7286148071, 82.7594070435, -1.66408193111, -28.5108280182, -28.9486026764, 80.1004104614, 78.6769332886, -2.796033144, 5.56882762909, 104.607147217, 32.0531921387], [-389.471588135, -92.7286148071, 712.264648438, 339.082824707, 246.043838501, 79.4868164062, -33.0027885437, 30.2634410858, 49.836265564, -27.9563503265, -62.3811759949, 27.4550228119, 24.0224742889], [-103.313827515, 82.7594070435, 339.082824707, 453.322387695, 263.646911621, 98.8224334717, -67.2689437866, -12.0016641617, 34.761631012, 0.87260466814, -84.4476852417, 18.7012653351, 24.6041755676], [-612.328918457, -1.66408193111, 246.043838501, 263.646911621, 438.933349609, 87.1777267456, -60.7686653137, 21.2210483551, 28.5846061707, 11.1794776917, -32.1609420776, -3.54759311676, 10.7653512955], [96.7328796387, -28.5108280182, 79.4868164062, 98.8224334717, 87.1777267456, 211.012619019, 86.3821258545, 1.21370208263, 0.461015164852, 11.0302858353, -14.7034635544, -44.1082115173, -4.27960348129], [-276.944122314, -28.9486026764, -33.0027885437, -67.2689437866, -60.7686653137, 86.3821258545, 239.985137939, 63.7473144531, -0.0816932991147, 4.4759759903, 36.1176185608, -26.2913379669, 8.83063411713], [-76.9173736572, 80.1004104614, 30.2634410858, -12.0016641617, 21.2210483551, 1.21370208263, 63.7473144531, 139.102310181, 44.1547966003, 3.36253452301, 35.4567909241, 23.0015850067, 8.26991939545], [38.98670578, 78.6769332886, 49.836265564, 34.761631012, 28.5846061707, 0.461015164852, -0.0816932991147, 44.1547966003, 134.624710083, 54.2284164429, 10.58111763, 13.3164958954, 2.18654322624], [54.2011451721, -2.796033144, -27.9563503265, 0.87260466814, 11.1794776917, 11.0302858353, 4.4759759903, 3.36253452301, 54.2284164429, 104.018325806, 34.823135376, -0.917473852634, -1.88651561737], [-42.3233642578, 5.56882762909, -62.3811759949, -84.4476852417, -32.1609420776, -14.7034635544, 36.1176185608, 35.4567909241, 10.58111763, 34.823135376, 112.332397461, 43.5973625183, -2.20661473274], [-91.9579467773, 104.607147217, 27.4550228119, 18.7012653351, -3.54759311676, -44.1082115173, -26.2913379669, 23.0015850067, 13.3164958954, -0.917473852634, 43.5973625183, 142.276489258, 44.9189147949], [-170.775619507, 32.0531921387, 24.0224742889, 24.6041755676, 10.7653512955, -4.27960348129, 8.83063411713, 8.26991939545, 2.18654322624, -1.88651561737, -2.20661473274, 44.9189147949, 79.9294128418]],
        "icov": [[0.000155634435941, -6.59087454551e-05, 3.55507763743e-05, -7.84132862464e-05, 0.000380476965802, -0.000362274149666, 0.000429058127338, -0.00016444560606, -4.88253544972e-06, -7.86594682722e-05, -6.89295620759e-06, 8.81762462086e-05, 0.000219912297325], [-6.59087454551e-05, 0.000935557240155, 0.000383966340451, -0.000379482080461, -4.28421553806e-05, 8.59139399836e-05, -4.68851030746e-05, -0.000448166276328, -0.000516064581461, 0.000373245449737, 0.000199765432626, -0.00065876863664, -5.40033979632e-05], [3.55507763743e-05, 0.000383966340451, 0.00254992558621, -0.00167709542438, -0.000272870151093, -0.000178867572686, 1.56410824275e-05, -0.000543611298781, -0.000964618113358, 0.00122083793394, 0.000106497958768, -0.000458866008557, 6.95678827469e-05], [-7.84132862464e-05, -0.000379482080461, -0.00167709542438, 0.00585233327001, -0.00208074809052, -0.00152090797201, 0.000456813839264, 0.000624658714514, 2.66174138233e-05, -0.00129241845571, 0.00339228380471, -0.00174967152998, -0.000183381998795], [0.000380476965802, -4.28421553806e-05, -0.000272870151093, -0.00208074809052, 0.00498367473483, -0.00200861529447, 0.00256288517267, -0.00179357139859, 0.000214799321839, -0.000392578134779, -0.00101481983438, 0.00116359291133, -2.08145138458e-05], [-0.000362274149666, 8.59139399836e-05, -0.000178867572686, -0.00152090797201, -0.00200861529447, 0.00879465602338, -0.00478481454775, 0.00180005549919, 0.000394824426621, -0.000503349758219, -0.000310452480335, 0.00152134685777, -8.89701841515e-05], [0.000429058127338, -4.68851030746e-05, 1.56410824275e-05, 0.000456813839264, 0.00256288517267, -0.00478481454775, 0.00880578532815, -0.00401730742306, 0.000483916373923, 0.000130598273245, -0.00189747742843, 0.00216270680539, -0.00164633116219], [-0.00016444560606, -0.000448166276328, -0.000543611298781, 0.000624658714514, -0.00179357139859, 0.00180005549919, -0.00401730742306, 0.0116054937243, -0.00388028542511, 0.00266197952442, -0.00276583596133, -0.000565342488699, -0.000209183621337], [-4.88253544972e-06, -0.000516064581461, -0.000964618113358, 2.66174138233e-05, 0.000214799321839, 0.000394824426621, 0.000483916373923, -0.00388028542511, 0.0121057154611, -0.00722066964954, 0.00204920652322, -0.000634623283986, 0.000730091647711], [-7.86594682722e-05, 0.000373245449737, 0.00122083793394, -0.00129241845571, -0.000392578134779, -0.000503349758219, 0.000130598273245, 0.00266197952442, -0.00722066964954, 0.0159727353603, -0.00659179734066, 0.00229237833992, -0.00144648365676], [-6.89295620759e-06, 0.000199765432626, 0.000106497958768, 0.00339228380471, -0.00101481983438, -0.000310452480335, -0.00189747742843, -0.00276583596133, 0.00204920652322, -0.00659179734066, 0.0174764245749, -0.00746751995757, 0.00391223840415], [8.81762462086e-05, -0.00065876863664, -0.000458866008557, -0.00174967152998, 0.00116359291133, 0.00152134685777, 0.00216270680539, -0.000565342488699, -0.000634623283986, 0.00229237833992, -0.00746751995757, 0.013384048827, -0.00678291963413], [0.000219912297325, -5.40033979632e-05, 6.95678827469e-05, -0.000183381998795, -2.08145138458e-05, -8.89701841515e-05, -0.00164633116219, -0.000209183621337, 0.000730091647711, -0.00144648365676, 0.00391223840415, -0.00678291963413, 0.0171054396778]]
    },
    "spectral_contrast_coeffs": {
        "mean": [-0.64443230629, -0.721444189548, -0.745927751064, -0.78925293684, -0.791752457619, -0.721139848232],
        "stdev": [0.0875222012401, 0.0940313413739, 0.0842404738069, 0.0631915181875, 0.055715508759, 0.0532096624374]
    },
    "spectral_contrast_valleys": {
        "mean": [-7.01129055023, -7.2731051445, -8.4610414505, -8.56627655029, -8.41729164124, -10.7418775558],
        "stdev": [2.84152555466, 2.83071446419, 2.68959617615, 2.66246986389, 2.67613434792, 2.43229866028]
    }
},
"rhythm": {
    "beats_count": 270,
    "beats_loudness": {
        "mean": 0.0375235900283,
        "stdev": 0.0147284688428
    },
    "bpm": 128.924453735,
    "bpm_histogram_first_peak_bpm": 129,
    "bpm_histogram_first_peak_weight": 0.377952754498,
    "bpm_histogram_second_peak_bpm": 120,
    "bpm_histogram_second_peak_spread": 0.5,
    "bpm_histogram_second_peak_weight": 0.0185873601586,
    "danceability": 1.27521634102,
    "onset_rate": 3.68735408783,
    "beats_loudness_band_ratio": {
        "mean": [0.41926908493, 0.323144763708, 0.183425575495, 0.0642942339182, 0.0342760570347, 0.0479722358286],
        "stdev": [0.274153918028, 0.209957942367, 0.222772628069, 0.128603637218, 0.0494170896709, 0.0606017522514]
    },
    "beats_position": [0.510838985443, 1.03328800201, 1.55573689938, 2.07818579674, 2.56580495834, 3.04181408882, 3.51782298088, 3.98222208023, 4.45823097229, 4.92263031006, 5.41024923325, 5.87464857101, 6.3622674942, 6.82666635513, 7.30267572403, 7.77868461609, 8.24308395386, 8.70748329163, 9.17188167572, 9.63628101349, 10.1006803513, 10.5766887665, 11.0526981354, 11.5170974731, 11.9814968109, 12.445895195, 12.933514595, 13.3979139328, 13.8623123169, 14.3267116547, 14.7911109924, 15.2671203613, 15.7315187454, 16.1959171295, 16.6719264984, 17.1363258362, 17.600725174, 18.0651245117, 18.5295238495, 18.9939231873, 19.458322525, 19.9227199554, 20.3871192932, 20.8631286621, 21.339138031, 21.8035373688, 22.2795467377, 22.7555541992, 23.219953537, 23.6959629059, 24.1719722748, 24.6363716125, 25.1123809814, 25.5651702881, 26.0295696259, 26.4939670563, 26.9467563629, 27.3995456696, 27.8523349762, 28.3283443451, 28.804353714, 29.2803630829, 29.7447605133, 30.2091598511, 30.6735591888, 31.1379585266, 31.6139678955, 32.0899772644, 32.5543746948, 33.0187759399, 33.4831733704, 33.9475746155, 34.4119720459, 34.8763694763, 35.3523788452, 35.8167800903, 36.2927894592, 36.7571868896, 37.2215881348, 37.6859855652, 38.1503829956, 38.6263923645, 39.1024017334, 39.5668029785, 40.0428123474, 40.5188217163, 40.9948310852, 41.4592285156, 41.923625946, 42.3996353149, 42.8640365601, 43.3284339905, 43.7928352356, 44.257232666, 44.7216300964, 45.1860313416, 45.6388206482, 46.0916099548, 46.5676193237, 47.0436286926, 47.508026123, 47.9724235535, 48.4368247986, 48.9128341675, 49.3888435364, 49.8532409668, 50.3292503357, 50.8052597046, 51.269657135, 51.7340583801, 52.1984558105, 52.6744651794, 53.1504745483, 53.6148757935, 54.0792732239, 54.5436706543, 55.0196800232, 55.4956893921, 55.9600906372, 56.4128799438, 56.8772773743, 57.3300666809, 57.794467926, 58.2704734802, 58.7464828491, 59.2108840942, 59.6752815247, 60.1396827698, 60.6040802002, 61.0684814453, 61.5212669373, 61.9972763062, 62.473285675, 62.9492950439, 63.4136962891, 63.8780937195, 64.3541030884, 64.806892395, 65.2712936401, 65.7356872559, 66.200088501, 66.6528778076, 67.1172790527, 67.5700683594, 68.022857666, 68.4756469727, 68.9400405884, 69.4044418335, 69.8688430786, 70.3332443237, 70.7860336304, 71.238822937, 71.7032165527, 72.1676177979, 72.632019043, 73.0964126587, 73.5724258423, 74.0252151489, 74.489616394, 74.9540100098, 75.4184112549, 75.8712005615, 76.3472061157, 76.8116073608, 77.276008606, 77.7404098511, 78.2048034668, 78.6692047119, 79.133605957, 79.5979995728, 80.0624008179, 80.526802063, 80.9795913696, 81.4555969238, 81.9199981689, 82.3843994141, 82.8487930298, 83.3131942749, 83.7892074585, 84.2536010742, 84.7296142578, 85.1940155029, 85.6468048096, 86.0995864868, 86.5639877319, 87.0283889771, 87.4927902222, 87.9571838379, 88.421585083, 88.8859863281, 89.3503875732, 89.814781189, 90.2791824341, 90.7435836792, 91.2195892334, 91.695602417, 92.1599960327, 92.6243972778, 93.0887985229, 93.5531921387, 94.0175933838, 94.4703826904, 94.9347839355, 95.3875732422, 95.8403625488, 96.2931518555, 96.7459411621, 97.1987304688, 97.6631240845, 98.1275253296, 98.6035385132, 99.0679321289, 99.5439453125, 100.008346558, 100.461128235, 100.913917542, 101.378318787, 101.842720032, 102.307121277, 102.771514893, 103.235916138, 103.700317383, 104.164710999, 104.617500305, 105.070289612, 105.534690857, 106.010704041, 106.463493347, 106.927886963, 107.392288208, 107.856689453, 108.30947876, 108.762268066, 109.226661682, 109.691062927, 110.155464172, 110.619865417, 111.084259033, 111.548660278, 112.001449585, 112.454238892, 112.918640137, 113.383033752, 113.847434998, 114.311836243, 114.776237488, 115.240631104, 115.705032349, 116.169433594, 116.633827209, 117.109840393, 117.585845947, 118.050247192, 118.514648438, 118.979042053, 119.443443298, 119.907844543, 120.372245789, 120.848251343, 121.324264526, 121.788658142, 122.264671326, 122.763900757, 123.263130188, 123.762359619, 124.261581421, 124.760810852, 125.271652222, 125.805709839, 126.339767456],
    "bpm_histogram": [0, 0, 0, 0, 0, 0, 0, 0, 0, 0, 0, 0, 0, 0, 0, 0, 0, 0, 0, 0, 0, 0, 0, 0, 0, 0, 0, 0, 0, 0, 0, 0, 0, 0, 0, 0, 0, 0, 0, 0, 0, 0, 0, 0, 0, 0, 0, 0, 0, 0, 0, 0, 0, 0, 0, 0, 0, 0, 0, 0, 0, 0, 0, 0, 0, 0, 0, 0, 0, 0, 0, 0, 0, 0, 0, 0, 0, 0, 0, 0, 0, 0, 0, 0, 0, 0, 0, 0, 0, 0, 0, 0, 0, 0, 0, 0, 0, 0, 0, 0, 0, 0, 0, 0, 0, 0, 0, 0, 0, 0, 0, 0, 0.00743494415656, 0, 0, 0.0111524164677, 0, 0.00371747207828, 0, 0, 0.0185873601586, 0, 0, 0.0148698883131, 0, 0, 0.223048329353, 0, 0, 0.587360620499, 0, 0, 0, 0.133828997612, 0, 0, 0, 0, 0, 0, 0, 0, 0, 0, 0, 0, 0, 0, 0, 0, 0, 0, 0, 0, 0, 0, 0, 0, 0, 0, 0, 0, 0, 0, 0, 0, 0, 0, 0, 0, 0, 0, 0, 0, 0, 0, 0, 0, 0, 0, 0, 0, 0, 0, 0, 0, 0, 0, 0, 0, 0, 0, 0, 0, 0, 0, 0, 0, 0, 0, 0, 0, 0, 0, 0, 0, 0, 0, 0, 0, 0, 0, 0, 0, 0, 0, 0, 0, 0, 0, 0, 0, 0, 0, 0, 0, 0, 0, 0, 0, 0, 0, 0, 0, 0, 0, 0, 0, 0, 0, 0, 0, 0, 0, 0, 0, 0, 0, 0, 0]
},
"tonal": {
    "chords_changes_rate": 0.0592538416386,
    "chords_number_rate": 0.00438917335123,
    "chords_strength": {
        "mean": 0.626405894756,
        "stdev": 0.160666003823
    },
    "hpcp_crest": {
        "mean": 14.628455162,
        "stdev": 7.77514076233
    },
    "hpcp_entropy": {
        "mean": 1.84214425087,
        "stdev": 0.806238234043
    },
    "key_edma": {
        "strength": 0.780347406864,
        "key": "B",
        "scale": "major"
    },
    "key_krumhansl": {
        "strength": 0.794833779335,
        "key": "B",
        "scale": "major"
    },
    "key_temperley": {
        "strength": 0.807399153709,
        "key": "B",
        "scale": "major"
    },
    "tuning_diatonic_strength": 0.734954237938,
    "tuning_equal_tempered_deviation": 0.0811790525913,
    "tuning_frequency": 439.238189697,
    "tuning_nontempered_energy_ratio": 0.800046145916,
    "hpcp": {
        "mean": [0.0275062602013, 0.0351185537875, 0.0717057734728, 0.115168482065, 0.125272795558, 0.194999650121, 0.301309406757, 0.205987244844, 0.060289170593, 0.0328437797725, 0.0318325906992, 0.0603816360235, 0.0973987728357, 0.0880348607898, 0.0564281456172, 0.0456737242639, 0.0665403231978, 0.137326568365, 0.171667098999, 0.116904601455, 0.0945826619864, 0.100425779819, 0.0754238367081, 0.0573614947498, 0.0525199025869, 0.082304097712, 0.168662890792, 0.206075936556, 0.171713739634, 0.138479039073, 0.108659222722, 0.11290858686, 0.170953929424, 0.178077250719, 0.104940697551, 0.0493363924325],
        "stdev": [0.0943871214986, 0.115349523723, 0.185074567795, 0.239328667521, 0.240530967712, 0.273728013039, 0.372675269842, 0.288683950901, 0.145691797137, 0.112003356218, 0.113067828119, 0.163677796721, 0.216127231717, 0.198396503925, 0.156880661845, 0.144735246897, 0.172900930047, 0.255974173546, 0.291615694761, 0.217091619968, 0.210394635797, 0.21996460855, 0.176314219832, 0.143881738186, 0.137805759907, 0.177833840251, 0.268135279417, 0.300594419241, 0.294005125761, 0.267914444208, 0.23393432796, 0.22712238133, 0.282270342112, 0.298120170832, 0.222101524472, 0.145337030292]
    },
    "chords_histogram": [33.8697891235, 2.41404533386, 16.0570583344, 1.02414047718, 1.09729337692, 0, 0.146305784583, 0, 0, 2.59692764282, 1.82882225513, 0, 0, 0, 0, 0.182882219553, 1.71909284592, 1.57278716564, 0, 0.329187989235, 0.585223138332, 2.48719835281, 14.5574245453, 19.5318222046],
    "thpcp": [1, 0.683640301228, 0.200090572238, 0.10900349915, 0.105647519231, 0.200397446752, 0.323251694441, 0.29217427969, 0.187276408076, 0.151584133506, 0.220837190747, 0.455765962601, 0.56973695755, 0.387988567352, 0.313905447721, 0.333297848701, 0.250320225954, 0.190374061465, 0.174305558205, 0.273154765368, 0.559766411781, 0.683934628963, 0.569891750813, 0.459590822458, 0.360623389482, 0.374726384878, 0.567370057106, 0.591011226177, 0.348282188177, 0.163739964366, 0.09128908813, 0.116553127766, 0.237980529666, 0.382226645947, 0.415761321783, 0.647174119949],
    "chords_key": "B",
    "chords_scale": "major"
}
}