{
"metadata": {
    "version": {
        "essentia": "2.1-dev",
        "essentia_git_sha": "v2.1_beta3-415-gd5473f3",
        "extractor": "music 2.0"
    },
    "audio_properties": {
        "analysis": {
            "equal_loudness": 0,
            "length": 226.298782349,
            "sample_rate": 44100,
            "start_time": 0,
            "downmix": "mix"
        },
        "bit_rate": 192000,
        "length": 226.298782349,
        "lossless": 0,
        "number_channels": 2,
        "replay_gain": -5.48422431946,
        "sample_rate": 44100,
        "codec": "mp3",
        "md5_encoded": "371442c2289ee39518973b1d3242ca4c"
    },
    "tags": {
        "file_name": "stevie_wonder_and_babyface-how_come_how_ong.mp3"
    }
},
"lowlevel": {
    "average_loudness": 0.942039489746,
    "barkbands_crest": {
        "mean": 13.8843126297,
        "stdev": 4.36876296997
    },
    "barkbands_flatness_db": {
        "mean": 0.185062125325,
        "stdev": 0.060422629118
    },
    "barkbands_kurtosis": {
        "mean": 19.2913227081,
        "stdev": 29.6199874878
    },
    "barkbands_skewness": {
        "mean": 3.29361701012,
        "stdev": 2.13669848442
    },
    "barkbands_spread": {
        "mean": 17.9586658478,
        "stdev": 13.7891483307
    },
    "dissonance": {
        "mean": 0.465964734554,
        "stdev": 0.0238139834255
    },
    "dynamic_complexity": 2.9239563942,
    "erbbands_crest": {
        "mean": 8.30345058441,
        "stdev": 3.97270464897
    },
    "erbbands_flatness_db": {
        "mean": 0.128356590867,
        "stdev": 0.0319062620401
    },
    "erbbands_kurtosis": {
        "mean": 0.181365504861,
        "stdev": 1.76715290546
    },
    "erbbands_skewness": {
        "mean": 0.322237968445,
        "stdev": 0.792563736439
    },
    "erbbands_spread": {
        "mean": 58.0976638794,
        "stdev": 26.3568878174
    },
    "hfc": {
        "mean": 26.1210250854,
        "stdev": 19.0586662292
    },
    "loudness_ebu128": {
        "integrated": -14.9088106155,
        "loudness_range": 1.41029548645,
        "momentary": {
            "mean": -17.3009815216,
            "stdev": 9.83892059326
        },
        "short_term": {
            "mean": -16.4593544006,
            "stdev": 6.96367835999
        }
    },
    "melbands_crest": {
        "mean": 17.9992008209,
        "stdev": 4.39824295044
    },
    "melbands_flatness_db": {
        "mean": 0.261364817619,
        "stdev": 0.0769940763712
    },
    "melbands_kurtosis": {
        "mean": 57.9275627136,
        "stdev": 69.9287414551
    },
    "melbands_skewness": {
        "mean": 5.38300180435,
        "stdev": 2.93370342255
    },
    "melbands_spread": {
        "mean": 12.8210687637,
        "stdev": 13.1233577728
    },
    "pitch_salience": {
        "mean": 0.453734219074,
        "stdev": 0.112960033119
    },
    "silence_rate_20dB": {
        "mean": 1,
        "stdev": 0
    },
    "silence_rate_30dB": {
        "mean": 0.838411808014,
        "stdev": 0.368082731962
    },
    "silence_rate_60dB": {
        "mean": 0.0621729753911,
        "stdev": 0.241459473968
    },
    "spectral_centroid": {
        "mean": 1144.51904297,
        "stdev": 702.756591797
    },
    "spectral_complexity": {
        "mean": 17.4135627747,
        "stdev": 9.41704463959
    },
    "spectral_decrease": {
        "mean": -1.83282455879e-08,
        "stdev": 1.05575059806e-08
    },
    "spectral_energy": {
        "mean": 0.0715441778302,
        "stdev": 0.0403206385672
    },
    "spectral_energyband_high": {
        "mean": 0.0013988740975,
        "stdev": 0.00207145442255
    },
    "spectral_energyband_low": {
        "mean": 0.0535012073815,
        "stdev": 0.0392745882273
    },
    "spectral_energyband_middle_high": {
        "mean": 0.00425819680095,
        "stdev": 0.00484900968149
    },
    "spectral_energyband_middle_low": {
        "mean": 0.0136687830091,
        "stdev": 0.0102726016194
    },
    "spectral_entropy": {
        "mean": 7.56680250168,
        "stdev": 0.436030596495
    },
    "spectral_flux": {
        "mean": 0.0928283333778,
        "stdev": 0.060406729579
    },
    "spectral_kurtosis": {
        "mean": 3.04316401482,
        "stdev": 2.34233570099
    },
    "spectral_rms": {
        "mean": 0.00787674169987,
        "stdev": 0.00278498232365
    },
    "spectral_rolloff": {
        "mean": 692.244018555,
        "stdev": 1122.30761719
    },
    "spectral_skewness": {
        "mean": 1.43165290356,
        "stdev": 0.464447796345
    },
    "spectral_spread": {
        "mean": 5684761.5,
        "stdev": 1832836.875
    },
    "spectral_strongpeak": {
        "mean": 0.707012593746,
        "stdev": 0.762070894241
    },
    "zerocrossingrate": {
        "mean": 0.0431835092604,
        "stdev": 0.0338392816484
    },
    "barkbands": {
        "mean": [0.00165412190836, 0.0354270376265, 0.0152827380225, 0.00351936533116, 0.00448544509709, 0.00140368321445, 0.00146408763248, 0.00104084366467, 0.0014800982317, 0.000661680242047, 0.000459567847429, 0.000492525927257, 0.000488962279633, 0.000443538883701, 0.00042606171337, 0.000278043647995, 0.000306280795485, 0.00033001464908, 0.000268045143457, 0.000390825414797, 0.000238008447923, 0.000308488699375, 0.000250996265095, 0.000262302462943, 0.000153401240823, 2.80329404632e-05, 4.55051569759e-08],
        "stdev": [0.00222396128811, 0.0312682054937, 0.0167320072651, 0.00403810944408, 0.00598052889109, 0.00216441485099, 0.00264027481899, 0.00262235873379, 0.00343531300314, 0.00194249104243, 0.00124928611331, 0.00149205478374, 0.00114351965021, 0.00099624064751, 0.000868419883773, 0.000661770813167, 0.000688176543918, 0.000642687198706, 0.000402435805881, 0.000622619932983, 0.000545764050912, 0.000837409985252, 0.000479360256577, 0.00045321858488, 0.000260823522694, 5.15965366503e-05, 2.93741777568e-07]
    },
    "erbbands": {
        "mean": [0.669524490833, 8.95484638214, 19.8856887817, 14.3992834091, 14.6554307938, 15.5115280151, 8.55171203613, 12.5834283829, 17.5793876648, 25.1977310181, 26.3090190887, 33.938873291, 25.9080638885, 18.4352817535, 19.130607605, 20.8536720276, 23.6139621735, 23.7773113251, 20.7786331177, 21.44298172, 15.7823190689, 16.3876609802, 19.3287467957, 13.4019708633, 16.9065990448, 18.51836586, 10.2991352081, 10.6235218048, 11.1659946442, 7.55081748962, 7.51873159409, 6.11264944077, 3.91399717331, 2.02851700783, 0.920303106308, 0.229852795601, 0.0345287621021, 0.00213551847264, 9.40029567573e-05, 8.68366187206e-05],
        "stdev": [0.640784859657, 8.09193325043, 18.0287322998, 14.4549779892, 17.6882572174, 24.1268920898, 11.3306903839, 20.7558383942, 32.1751823425, 54.5892181396, 61.0746002197, 79.0894165039, 71.8601989746, 47.9183044434, 45.8923110962, 60.6899604797, 53.9747467041, 51.4125328064, 42.8792686462, 47.4585876465, 34.4607200623, 29.895362854, 37.9620628357, 21.6144142151, 24.9960308075, 31.2190494537, 19.2420806885, 29.4811401367, 31.9762477875, 15.1063623428, 15.4524965286, 10.4085788727, 7.27587175369, 3.85022139549, 1.48242402077, 0.388195812702, 0.0689072236419, 0.00554130831733, 0.000123694771901, 4.66759338451e-05]
    },
    "gfcc": {
        "mean": [7.33798122406, 96.2067260742, -89.9282608032, 57.1332397461, -55.0608139038, 32.5941429138, -35.0962409973, 18.8396224976, -20.1163215637, 3.89121341705, -11.0069255829, -7.58656835556, -9.81806182861],
        "cov": [[16989.1855469, 358.378997803, -288.797698975, 545.148681641, -421.953735352, 187.420440674, -341.740661621, 367.001037598, -231.087417603, 141.445083618, -146.463851929, -71.7684249878, -170.345840454], [358.378997803, 757.913208008, -59.84167099, -155.217590332, 128.821105957, -63.253528595, 75.5449905396, -23.3328380585, 49.2253952026, -55.5440559387, 99.9906921387, -80.2734909058, 40.1795272827], [-288.797698975, -59.84167099, 691.006347656, 240.97593689, 47.3106193542, 18.3224201202, -6.94502210617, -29.1045074463, 26.5455970764, 6.46039676666, 23.5680980682, 16.7995738983, 9.03029823303], [545.148681641, -155.217590332, 240.97593689, 421.462432861, 16.7882061005, -23.5919532776, -46.7479248047, -5.89034700394, 31.2344169617, -16.6130390167, -4.038169384, 6.06519889832, 28.0414619446], [-421.953735352, 128.821105957, 47.3106193542, 16.7882061005, 236.775726318, -0.734184145927, 32.3437614441, -6.18858480453, 36.5580024719, -2.30545592308, 2.4596991539, -5.43693637848, 18.1770706177], [187.420440674, -63.253528595, 18.3224201202, -23.5919532776, -0.734184145927, 182.596328735, 52.9394836426, -11.3689661026, -17.1029338837, 23.2479743958, -6.77923059464, 0.499385654926, 2.05059456825], [-341.740661621, 75.5449905396, -6.94502210617, -46.7479248047, 32.3437614441, 52.9394836426, 182.38899231, -12.6257314682, 7.59589576721, 15.4439706802, -6.01957607269, 1.37468278408, -5.46418333054], [367.001037598, -23.3328380585, -29.1045074463, -5.89034700394, -6.18858480453, -11.3689661026, -12.6257314682, 126.703315735, 22.4909114838, -5.67063522339, 6.63030910492, -10.496556282, -10.5708179474], [-231.087417603, 49.2253952026, 26.5455970764, 31.2344169617, 36.5580024719, -17.1029338837, 7.59589576721, 22.4909114838, 120.419158936, 19.2263717651, -5.14675951004, -11.5281791687, 15.2206115723], [141.445083618, -55.5440559387, 6.46039676666, -16.6130390167, -2.30545592308, 23.2479743958, 15.4439706802, -5.67063522339, 19.2263717651, 94.1152038574, -12.9861383438, 10.0843706131, -8.02671432495], [-146.463851929, 99.9906921387, 23.5680980682, -4.038169384, 2.4596991539, -6.77923059464, -6.01957607269, 6.63030910492, -5.14675951004, -12.9861383438, 113.54233551, -7.1932387352, -2.57863616943], [-71.7684249878, -80.2734909058, 16.7995738983, 6.06519889832, -5.43693637848, 0.499385654926, 1.37468278408, -10.496556282, -11.5281791687, 10.0843706131, -7.1932387352, 93.3160400391, 12.1093320847], [-170.345840454, 40.1795272827, 9.03029823303, 28.0414619446, 18.1770706177, 2.05059456825, -5.46418333054, -10.5708179474, 15.2206115723, -8.02671432495, -2.57863616943, 12.1093320847, 88.7221832275]],
        "icov": [[0.000153549946845, -0.000579122686759, 0.000143731856951, -0.000585293164477, 0.00036506910692, -0.000469741527922, 0.000475366046885, -0.000674222072121, 0.00060597632546, -0.000640183629002, 0.000632845214568, -0.000300326762954, 0.00050995714264], [-0.000579122686759, 0.00487947044894, -0.000588911643717, 0.00338630029, -0.0024041084107, 0.00291319773532, -0.00289668701589, 0.00341141666286, -0.00321747898124, 0.00369409215637, -0.00452519534156, 0.00319934217259, -0.00336074596271], [0.000143731856951, -0.000588911643717, 0.00204575201496, -0.00167563208379, 7.54936991143e-05, -0.000785164011177, 0.000446310034022, -0.000244322931394, 0.000350927148247, -0.00080870243255, 0.000110240507638, -0.000648510991596, 0.000823450449388], [-0.000585293164477, 0.00338630029, -0.00167563208379, 0.00595886306837, -0.00178854132537, 0.00250975228846, -0.00161662383471, 0.00298951077275, -0.0033364337869, 0.00360886380076, -0.00293407472782, 0.00201520486735, -0.00326651986688], [0.00036506910692, -0.0024041084107, 7.54936991143e-05, -0.00178854132537, 0.00593101466075, -0.00140368682332, 0.000694109825417, -0.00162491295487, 0.000487847515615, -0.00158068654127, 0.00221320847049, -0.00125561689492, 0.00102274550591], [-0.000469741527922, 0.00291319773532, -0.000785164011177, 0.00250975228846, -0.00140368682332, 0.00832761544734, -0.00370684941299, 0.00241262023337, -0.000839718792122, 0.000901244173292, -0.00258485740051, 0.00230430508964, -0.00294428505003], [0.000475366046885, -0.00289668701589, 0.000446310034022, -0.00161662383471, 0.000694109825417, -0.00370684941299, 0.0083684604615, -0.00183128705248, 0.00151370547246, -0.00272950856015, 0.00302018621005, -0.00201739766635, 0.00278721819632], [-0.000674222072121, 0.00341141666286, -0.000244322931394, 0.00298951077275, -0.00162491295487, 0.00241262023337, -0.00183128705248, 0.0118863731623, -0.00510515319183, 0.00408085295931, -0.00397752039135, 0.00232117017731, -0.0013662641868], [0.00060597632546, -0.00321747898124, 0.000350927148247, -0.0033364337869, 0.000487847515615, -0.000839718792122, 0.00151370547246, -0.00510515319183, 0.0131896641105, -0.00589310284704, 0.00366037664935, -0.000212980230572, 0.000383359234547], [-0.000640183629002, 0.00369409215637, -0.00080870243255, 0.00360886380076, -0.00158068654127, 0.000901244173292, -0.00272950856015, 0.00408085295931, -0.00589310284704, 0.0155972233042, -0.00255176378414, 0.00052646396216, -0.00106321799103], [0.000632845214568, -0.00452519534156, 0.000110240507638, -0.00293407472782, 0.00221320847049, -0.00258485740051, 0.00302018621005, -0.00397752039135, 0.00366037664935, -0.00255176378414, 0.0134789180011, -0.00225058011711, 0.00333902798593], [-0.000300326762954, 0.00319934217259, -0.000648510991596, 0.00201520486735, -0.00125561689492, 0.00230430508964, -0.00201739766635, 0.00232117017731, -0.000212980230572, 0.00052646396216, -0.00225058011711, 0.0137028321624, -0.00409161671996], [0.00050995714264, -0.00336074596271, 0.000823450449388, -0.00326651986688, 0.00102274550591, -0.00294428505003, 0.00278721819632, -0.0013662641868, 0.000383359234547, -0.00106321799103, 0.00333902798593, -0.00409161671996, 0.0150817567483]]
    },
    "melbands": {
        "mean": [0.00810750201344, 0.011646585539, 0.00261487904936, 0.00114545121323, 0.000367592292605, 0.000284389127046, 0.00027859795955, 0.000260243774392, 0.000226213145652, 0.000207036879146, 0.000125620528706, 7.31664331397e-05, 6.68846623739e-05, 5.4714448197e-05, 5.63119647268e-05, 4.54961445939e-05, 4.38991373812e-05, 3.30841503455e-05, 2.81553238892e-05, 2.3975437216e-05, 1.7587450202e-05, 1.58025668497e-05, 1.94325748453e-05, 1.61328498507e-05, 9.84061898635e-06, 1.08335752884e-05, 1.45639196489e-05, 1.14249542094e-05, 6.60454952595e-06, 5.39526445209e-06, 6.64475010126e-06, 6.75116098137e-06, 5.15936199008e-06, 3.81309087061e-06, 4.42951022706e-06, 3.99476539314e-06, 3.63418598681e-06, 2.89131321551e-06, 2.11267797567e-06, 1.57634747211e-06],
        "stdev": [0.00706440536305, 0.00934741646051, 0.0023793890141, 0.00152673188131, 0.000501509872265, 0.000457228685264, 0.000495376589242, 0.000566834467463, 0.00051496445667, 0.000503207498696, 0.000364398059901, 0.000200640162802, 0.00016032793792, 0.000175131179276, 0.000137674462167, 0.000102405669168, 0.00010478238255, 7.59407703299e-05, 5.93440745433e-05, 5.66203343624e-05, 4.05519458582e-05, 2.82341316051e-05, 4.76852328575e-05, 3.46607048414e-05, 1.71880037669e-05, 1.73750922841e-05, 2.4689035854e-05, 1.98655779968e-05, 1.31725219035e-05, 1.39793892231e-05, 2.40337667492e-05, 2.29151683016e-05, 1.45637604874e-05, 7.83179802966e-06, 1.10710680019e-05, 7.21273090676e-06, 6.44244346404e-06, 5.32830472366e-06, 4.68374082629e-06, 2.94278106594e-06]
    },
    "melbands128": {
        "mean": [0.000941618229263, 0.00389792583883, 0.0107210222632, 0.016841487959, 0.0124141629785, 0.00675195176154, 0.00280603999272, 0.00170758913737, 0.00144095823634, 0.00127720553428, 0.000975288101472, 0.000434598885477, 0.000215885302168, 0.000303331122268, 0.000269065261818, 0.0003028656065, 0.000284103181912, 0.00025978856138, 0.000251334160566, 0.000350289657945, 0.000183628348168, 0.000203489224077, 0.000219908368308, 0.000256123632425, 0.000255851424299, 0.00016093045997, 0.000169679362443, 0.000129575069877, 7.94615916675e-05, 8.09639168438e-05, 6.00485691393e-05, 7.61468254495e-05, 8.0444253399e-05, 4.52151653008e-05, 5.83642795391e-05, 5.59897925996e-05, 5.56034356123e-05, 4.69717051601e-05, 7.27420774638e-05, 5.00586174894e-05, 3.0611656257e-05, 4.8738958867e-05, 5.2046339988e-05, 3.64616207662e-05, 2.99353305309e-05, 3.69640329154e-05, 3.2592084608e-05, 2.00850681722e-05, 2.93687444355e-05, 4.02107616537e-05, 1.6921578208e-05, 1.65283927345e-05, 2.03874569706e-05, 1.65379569808e-05, 1.54733115778e-05, 1.47705122799e-05, 1.40194624692e-05, 2.64880545728e-05, 1.68528313225e-05, 1.68041951838e-05, 1.88691101357e-05, 1.32330242195e-05, 1.02058420453e-05, 9.06434070203e-06, 8.89358580025e-06, 1.04643386294e-05, 1.18585658129e-05, 1.38917484946e-05, 1.37826536957e-05, 1.83957417903e-05, 1.12862089736e-05, 8.64344201545e-06, 7.89466866991e-06, 5.95700566919e-06, 5.31047908225e-06, 5.70383326703e-06, 5.3991252571e-06, 4.86796443511e-06, 7.20290972822e-06, 8.11649078969e-06, 7.16345311957e-06, 5.10740073878e-06, 7.33772867534e-06, 4.92089247928e-06, 4.1279040488e-06, 3.62304990631e-06, 3.88385387851e-06, 3.73939178644e-06, 4.98741928823e-06, 4.30862428402e-06, 4.11133805756e-06, 3.87789714296e-06, 3.90545301343e-06, 3.82020425604e-06, 3.37342953571e-06, 2.97874385069e-06, 2.9635239116e-06, 2.47913089879e-06, 2.18465356738e-06, 1.86726128959e-06, 1.72051352365e-06, 1.44703074056e-06, 1.48900528529e-06, 1.54418978582e-06, 9.49945956563e-07, 7.63754997024e-07, 6.89422336109e-07, 4.92958122322e-07, 3.77296004217e-07, 2.27269396191e-07, 1.56085576464e-07, 1.29707572682e-07, 9.51949630235e-08, 5.4911556191e-08, 3.90634227188e-08, 1.22576357953e-08, 1.89397098005e-09, 1.23765520402e-11, 8.78287460121e-12, 8.5129186686e-12, 8.31233519516e-12, 8.14002511229e-12, 7.9622228949e-12, 7.82542693839e-12, 7.70949710321e-12, 7.63278936583e-12, 7.57568747317e-12, 7.51741811161e-12],
        "stdev": [0.00129425735213, 0.00478296540678, 0.0104999793693, 0.0164216272533, 0.0112483706325, 0.00781908258796, 0.00325940130278, 0.00210165628232, 0.00213741697371, 0.00243689981289, 0.00186329858843, 0.000846703303978, 0.000386361265555, 0.000593997654505, 0.000537924352102, 0.000724480720237, 0.000663872691803, 0.000747525482439, 0.000664936378598, 0.000941475969739, 0.000684605154675, 0.000652720045764, 0.000736890709959, 0.00076605839422, 0.000768429134041, 0.000721905147657, 0.000606422836427, 0.00056566571584, 0.000301315420074, 0.000304622750264, 0.00024965160992, 0.000291107076919, 0.00021044811001, 0.000234296996496, 0.000261325243628, 0.000241985733737, 0.0002573193633, 0.000168922910234, 0.000237701708102, 0.000173167136381, 0.000114886126539, 0.000134123809403, 0.000176508809091, 0.000123504185467, 0.000105546161649, 0.000116546645586, 9.90996850305e-05, 7.30514875613e-05, 8.96138808457e-05, 0.000125008897157, 6.72496753396e-05, 8.91869567567e-05, 5.73805846216e-05, 5.49919350306e-05, 4.43088683824e-05, 3.16735786328e-05, 3.25251530739e-05, 0.000111762754386, 4.74316402688e-05, 5.56677550776e-05, 5.58709580218e-05, 3.64146981155e-05, 2.86659178528e-05, 1.71087267518e-05, 1.59470764629e-05, 2.25329458772e-05, 2.42217029154e-05, 2.8336115065e-05, 2.95833469863e-05, 5.09517121827e-05, 2.52012159763e-05, 1.74036758835e-05, 1.76827979885e-05, 1.59100836754e-05, 1.31773522298e-05, 2.17379401874e-05, 1.53604360094e-05, 1.35448872243e-05, 3.5061766539e-05, 4.29398787674e-05, 3.61094935215e-05, 1.99666210392e-05, 3.37751844199e-05, 1.39729836519e-05, 1.10262162707e-05, 8.08729510027e-06, 8.39094536786e-06, 7.8756502262e-06, 2.0931549443e-05, 9.01857038116e-06, 8.44778514875e-06, 7.9912979345e-06, 7.51155585021e-06, 7.78312369221e-06, 6.32788714938e-06, 5.86732221564e-06, 5.91055095356e-06, 5.81126550969e-06, 5.56717941436e-06, 4.35380661656e-06, 3.63421008842e-06, 2.9509626529e-06, 2.79103801404e-06, 3.38046243087e-06, 1.67245570992e-06, 1.4598206235e-06, 1.74703291123e-06, 1.05847630039e-06, 8.06973730505e-07, 5.35213871444e-07, 3.50971163243e-07, 3.25593333628e-07, 2.4105133889e-07, 1.49499300051e-07, 1.34681130248e-07, 5.53049268603e-08, 1.1068532757e-08, 9.93975596275e-11, 1.24414185551e-11, 1.20999304326e-11, 1.18027271984e-11, 1.15394369407e-11, 1.13040011379e-11, 1.11076521245e-11, 1.0940207941e-11, 1.08121784095e-11, 1.07178745046e-11, 1.06555805846e-11]
    },
    "mfcc": {
        "mean": [-633.582336426, 113.404006958, 30.0723628998, 30.9359283447, 16.7612133026, 12.5842437744, 9.75489139557, 9.51843643188, 3.1085588932, 11.220287323, 2.51692843437, 4.50724744797, 0.938472032547],
        "cov": [[10448.8320312, 531.167480469, 77.4449615479, 290.671295166, 23.9962043762, -71.8561325073, 20.4286975861, 110.507064819, -74.792930603, 183.661804199, 16.3061389923, -7.12568616867, -65.8032150269], [531.167480469, 1022.03887939, -140.318206787, -59.8979949951, 19.1046695709, -16.0295619965, 69.3694152832, 10.8743896484, -9.1841545105, 45.1083755493, 28.5226020813, 22.7691001892, 3.00543403625], [77.4449615479, -140.318206787, 609.264038086, 184.091781616, 92.0565643311, 62.0130767822, 14.3388519287, 3.22408008575, -3.50634384155, -29.884885788, 9.90577602386, 22.3989391327, 20.4157562256], [290.671295166, -59.8979949951, 184.091781616, 366.674560547, 114.908882141, 7.78710079193, -35.4351158142, 17.5141105652, 16.678396225, -8.68659591675, -13.6532058716, -0.554763436317, 35.9715118408], [23.9962043762, 19.1046695709, 92.0565643311, 114.908882141, 234.853240967, -8.13256835938, -17.1163024902, 4.74476337433, 3.29506969452, 18.8962078094, -19.7750205994, -3.72386026382, 20.0496044159], [-71.8561325073, -16.0295619965, 62.0130767822, 7.78710079193, -8.13256835938, 209.759140015, 43.8233833313, -13.6807756424, 59.1613998413, -36.6445388794, 27.2362251282, 4.44000720978, -3.75500440598], [20.4286975861, 69.3694152832, 14.3388519287, -35.4351158142, -17.1163024902, 43.8233833313, 143.384063721, 20.748632431, -14.4393434525, -6.53301429749, 14.9518089294, 16.7597026825, -18.8199558258], [110.507064819, 10.8743896484, 3.22408008575, 17.5141105652, 4.74476337433, -13.6807756424, 20.748632431, 100.592811584, 2.05354905128, 9.41170310974, 0.804979920387, 3.37129688263, 9.50891208649], [-74.792930603, -9.1841545105, -3.50634384155, 16.678396225, 3.29506969452, 59.1613998413, -14.4393434525, 2.05354905128, 155.176712036, -10.6047096252, 7.7025141716, -1.15945696831, 1.34293437004], [183.661804199, 45.1083755493, -29.884885788, -8.68659591675, 18.8962078094, -36.6445388794, -6.53301429749, 9.41170310974, -10.6047096252, 137.712814331, 13.2785148621, -4.09326219559, -8.56366348267], [16.3061389923, 28.5226020813, 9.90577602386, -13.6532058716, -19.7750205994, 27.2362251282, 14.9518089294, 0.804979920387, 7.7025141716, 13.2785148621, 88.8500061035, 16.1371841431, -6.44366884232], [-7.12568616867, 22.7691001892, 22.3989391327, -0.554763436317, -3.72386026382, 4.44000720978, 16.7597026825, 3.37129688263, -1.15945696831, -4.09326219559, 16.1371841431, 80.8438720703, 9.39131069183], [-65.8032150269, 3.00543403625, 20.4157562256, 35.9715118408, 20.0496044159, -3.75500440598, -18.8199558258, 9.50891208649, 1.34293437004, -8.56366348267, -6.44366884232, 9.39131069183, 96.8906021118]],
        "icov": [[0.000106102525024, -6.00061357545e-05, -1.06508759927e-05, -0.000115879920486, 5.9607278672e-05, -6.42538134343e-06, 2.08152050618e-05, -9.77664240054e-05, 5.41004519619e-05, -0.00012398470426, 1.56865025929e-05, 1.00194383776e-05, 0.000108604792331], [-6.00061357545e-05, 0.00112617365085, 0.000287367874989, 0.000123320351122, -0.000293490273179, 0.000130481756059, -0.000619441329036, 0.000125703110825, -6.7909284553e-05, -0.000179556154762, -0.00031304708682, -0.000215693522478, -0.000263729511062], [-1.06508759927e-05, 0.000287367874989, 0.00216989102773, -0.000911186041776, -0.000532947829925, -0.000528552627657, -0.000357136246748, 8.97308127605e-05, 0.000371299422113, 0.000285772664938, -0.00035656671389, -0.000514616491273, -7.71762497607e-05], [-0.000115879920486, 0.000123320351122, -0.000911186041776, 0.00396920833737, -0.00145244726446, -5.45003968e-05, 0.000805990828667, -0.000605991343036, -0.000337634090101, 0.000342615414411, 0.000156439535203, 0.000104910766822, -0.00081446650438], [5.9607278672e-05, -0.000293490273179, -0.000532947829925, -0.00145244726446, 0.00543450471014, 6.25539396424e-05, 0.000188463091035, 7.46264340705e-05, -9.2938040325e-05, -0.00105734926183, 0.0011783959344, 0.000189471436897, -0.000423901044996], [-6.42538134343e-06, 0.000130481756059, -0.000528552627657, -5.45003968e-05, 6.25539396424e-05, 0.00671258103102, -0.00238169683143, 0.00136091001332, -0.00261322478764, 0.00138950708788, -0.0017512247432, 0.000590336916503, -0.000240436173044], [2.08152050618e-05, -0.000619441329036, -0.000357136246748, 0.000805990828667, 0.000188463091035, -0.00238169683143, 0.00924563407898, -0.00251167453825, 0.00167934747878, 0.00031623383984, -0.000182067946298, -0.00153150293045, 0.00186144188046], [-9.77664240054e-05, 0.000125703110825, 8.97308127605e-05, -0.000605991343036, 7.46264340705e-05, 0.00136091001332, -0.00251167453825, 0.0110474210232, -0.000892540963832, -0.000593876524363, -0.000156324429554, 7.31986219762e-05, -0.00145660224371], [5.41004519619e-05, -6.7909284553e-05, 0.000371299422113, -0.000337634090101, -9.2938040325e-05, -0.00261322478764, 0.00167934747878, -0.000892540963832, 0.00769052281976, 9.56745570875e-05, -0.00020927429432, -0.000133071880555, 0.000318551552482], [-0.00012398470426, -0.000179556154762, 0.000285772664938, 0.000342615414411, -0.00105734926183, 0.00138950708788, 0.00031623383984, -0.000593876524363, 9.56745570875e-05, 0.00839019473642, -0.00191567849834, 0.00052563031204, 0.000688199070282], [1.56865025929e-05, -0.00031304708682, -0.00035656671389, 0.000156439535203, 0.0011783959344, -0.0017512247432, -0.000182067946298, -0.000156324429554, -0.00020927429432, -0.00191567849834, 0.0130324959755, -0.0023913520854, 0.000637769175228], [1.00194383776e-05, -0.000215693522478, -0.000514616491273, 0.000104910766822, 0.000189471436897, 0.000590336916503, -0.00153150293045, 7.31986219762e-05, -0.000133071880555, 0.00052563031204, -0.0023913520854, 0.0135604413226, -0.00166311580688], [0.000108604792331, -0.000263729511062, -7.71762497607e-05, -0.00081446650438, -0.000423901044996, -0.000240436173044, 0.00186144188046, -0.00145660224371, 0.000318551552482, 0.000688199070282, 0.000637769175228, -0.00166311580688, 0.0115644410253]]
    },
    "spectral_contrast_coeffs": {
        "mean": [-0.695055007935, -0.757464587688, -0.774964034557, -0.789892494678, -0.786793470383, -0.786386311054],
        "stdev": [0.0716965347528, 0.07384583354, 0.0664029791951, 0.0542307086289, 0.0509151369333, 0.0498172603548]
    },
    "spectral_contrast_valleys": {
        "mean": [-6.23045921326, -6.80428504944, -7.6347618103, -7.86662101746, -7.70966768265, -9.82927703857],
        "stdev": [1.42046785355, 1.37126469612, 1.33971345425, 1.33215987682, 1.34667801857, 1.41272127628]
    }
},
"rhythm": {
    "beats_count": 608,
    "beats_loudness": {
        "mean": 0.0880671218038,
        "stdev": 0.0464210696518
    },
    "bpm": 162.11869812,
    "bpm_histogram_first_peak_bpm": 161,
    "bpm_histogram_first_peak_weight": 0.0569260120392,
    "bpm_histogram_second_peak_bpm": 167,
    "bpm_histogram_second_peak_spread": 0,
    "bpm_histogram_second_peak_weight": 0.110378913581,
    "danceability": 1.09144353867,
    "onset_rate": 3.07096409798,
    "beats_loudness_band_ratio": {
        "mean": [0.765157163143, 0.0870864838362, 0.069736301899, 0.0418114103377, 0.0287481676787, 0.0399539582431],
        "stdev": [0.19094479084, 0.0915956944227, 0.0841378718615, 0.0659166052938, 0.0454668551683, 0.0482837259769]
    },
    "beats_position": [0.359909296036, 0.731428563595, 1.10294783115, 1.47446703911, 1.84598636627, 2.22911548615, 2.61224484444, 2.99537420273, 3.39011335373, 3.78485250473, 4.17959165573, 4.55111122131, 4.92263031006, 5.2941493988, 5.66566896439, 6.03718805313, 6.40870714188, 6.78022670746, 7.1517457962, 7.52326536179, 7.8831744194, 8.24308395386, 8.6146030426, 8.98612213135, 9.35764122009, 9.72916126251, 10.1006803513, 10.47219944, 10.8437185287, 11.2152376175, 11.5867567062, 11.9582767487, 12.3297958374, 12.7013149261, 13.0728340149, 13.4443531036, 13.8158731461, 14.1873922348, 14.5589113235, 14.9304304123, 15.301949501, 15.6734695435, 16.0449886322, 16.4165077209, 16.7764167786, 17.1363258362, 17.5078449249, 17.8793640137, 18.2508831024, 18.6224040985, 18.9939231873, 19.365442276, 19.7369613647, 20.1084804535, 20.4799995422, 20.851518631, 21.2230377197, 21.5945568085, 21.9660758972, 22.3375968933, 22.7091159821, 23.0806350708, 23.4521541595, 23.8236732483, 24.195192337, 24.5551013947, 24.9266204834, 25.3097496033, 25.681268692, 26.0643978119, 26.435918808, 26.7958278656, 27.1557369232, 27.5156459808, 27.8871650696, 28.2586841583, 28.6302032471, 29.0133323669, 29.3964614868, 29.7563705444, 30.1162815094, 30.4878005981, 30.8593196869, 31.2308387756, 31.6023578644, 31.9738769531, 32.3453979492, 32.7169151306, 33.0768241882, 33.4367332458, 33.8082542419, 34.1797714233, 34.5512924194, 34.9228096008, 35.2943305969, 35.6658477783, 36.0373687744, 36.4204978943, 36.7920188904, 37.151927948, 37.5234451294, 37.8949661255, 38.2664833069, 38.638004303, 39.0095214844, 39.3810424805, 39.7525634766, 40.124080658, 40.4956016541, 40.8671188354, 41.2386398315, 41.6101570129, 41.981678009, 42.3531951904, 42.7247161865, 43.0846252441, 43.4445343018, 43.8160552979, 44.1991844177, 44.5707015991, 44.9306106567, 45.3021316528, 45.6736488342, 46.0451698303, 46.4166870117, 46.7882080078, 47.1597251892, 47.5312461853, 47.9027671814, 48.2742843628, 48.6458053589, 49.0173225403, 49.3888435364, 49.7603607178, 50.1318817139, 50.5033988953, 50.8749198914, 51.2464370728, 51.6179580688, 51.9894790649, 52.3609962463, 52.7325172424, 53.1040344238, 53.4755554199, 53.8354644775, 54.1953735352, 54.5668907166, 54.9384117126, 55.3099327087, 55.6930618286, 56.06457901, 56.4361000061, 56.7960090637, 57.1675262451, 57.5390472412, 57.9105644226, 58.2820854187, 58.6536026001, 59.0251235962, 59.3966445923, 59.7681617737, 60.1280708313, 60.4995918274, 60.8711090088, 61.2426300049, 61.6257591248, 61.9972763062, 62.3687973022, 62.7403144836, 63.1118354797, 63.4833564758, 63.8548736572, 64.2263946533, 64.5979156494, 64.9694290161, 65.3409500122, 65.7124710083, 66.0839920044, 66.443901062, 66.8154220581, 67.1753311157, 67.5468444824, 67.9183654785, 68.2898864746, 68.6614074707, 69.0329208374, 69.4044418335, 69.7759628296, 70.1474838257, 70.5189971924, 70.8905181885, 71.2620391846, 71.6335601807, 72.0050811768, 72.3765945435, 72.7481155396, 73.1196365356, 73.4911575317, 73.8626708984, 74.2341918945, 74.6057128906, 74.9772338867, 75.3371429443, 75.697052002, 76.068572998, 76.4400863647, 76.8232192993, 77.2063446045, 77.5778656006, 77.9493865967, 78.3209075928, 78.6924285889, 79.0639419556, 79.4238510132, 79.7837600708, 80.1552810669, 80.526802063, 80.8983230591, 81.2698364258, 81.6413574219, 82.012878418, 82.3843994141, 82.7559204102, 83.1274337769, 83.4989547729, 83.870475769, 84.2303848267, 84.5902938843, 84.9734191895, 85.3449401855, 85.7164611816, 86.0763702393, 86.4478912354, 86.8194122314, 87.1909255981, 87.5624465942, 87.9339675903, 88.3054885864, 88.6770019531, 89.0485229492, 89.4200439453, 89.7915649414, 90.1630859375, 90.5345993042, 90.9061203003, 91.2776412964, 91.6491622925, 92.0090713501, 92.3805847168, 92.7521057129, 93.1352386475, 93.5067520142, 93.8782730103, 94.2497940063, 94.6213150024, 94.9812240601, 95.3643493652, 95.7358703613, 96.1073913574, 96.4789123535, 96.8504257202, 97.2219467163, 97.5934677124, 97.95337677, 98.3132858276, 98.6848068237, 99.0563278198, 99.4278411865, 99.7993621826, 100.170883179, 100.542404175, 100.913917542, 101.285438538, 101.656959534, 102.02848053, 102.400001526, 102.771514893, 103.143035889, 103.514556885, 103.886077881, 104.257591248, 104.629112244, 105.00063324, 105.372154236, 105.743675232, 106.115188599, 106.486709595, 106.858230591, 107.218139648, 107.589660645, 107.949569702, 108.321083069, 108.692604065, 109.064125061, 109.435646057, 109.807167053, 110.17868042, 110.550201416, 110.921722412, 111.293243408, 111.664756775, 112.036277771, 112.407798767, 112.779319763, 113.15083313, 113.522354126, 113.893875122, 114.265396118, 114.636917114, 114.996826172, 115.356735229, 115.728248596, 116.099769592, 116.471290588, 116.842811584, 117.214332581, 117.585845947, 117.957366943, 118.328887939, 118.700408936, 119.071922302, 119.443443298, 119.814964294, 120.186485291, 120.557998657, 120.929519653, 121.301040649, 121.672561646, 122.044082642, 122.415596008, 122.787117004, 123.158638, 123.530158997, 123.901672363, 124.273193359, 124.644714355, 125.004623413, 125.364532471, 125.736053467, 126.107574463, 126.47908783, 126.850608826, 127.222129822, 127.593650818, 127.965164185, 128.336685181, 128.708206177, 129.079727173, 129.451248169, 129.822769165, 130.194290161, 130.565795898, 130.937316895, 131.308837891, 131.680358887, 132.051879883, 132.423400879, 132.794921875, 133.166442871, 133.537963867, 133.909469604, 134.269378662, 134.640899658, 135.024032593, 135.395553589, 135.767074585, 136.138595581, 136.510116577, 136.881637573, 137.253143311, 137.613052368, 137.972961426, 138.344482422, 138.716003418, 139.099136353, 139.45904541, 139.830566406, 140.202087402, 140.573608398, 140.945129395, 141.316635132, 141.688156128, 142.059677124, 142.43119812, 142.802719116, 143.174240112, 143.545761108, 143.917282104, 144.288803101, 144.660308838, 145.031829834, 145.40335083, 145.763259888, 146.134780884, 146.50630188, 146.866210938, 147.237731934, 147.60925293, 147.992385864, 148.363891602, 148.723800659, 149.095321655, 149.466842651, 149.838363647, 150.221496582, 150.58140564, 150.952926636, 151.336044312, 151.695953369, 152.067474365, 152.438995361, 152.810516357, 153.182037354, 153.55355835, 153.925079346, 154.296600342, 154.668121338, 155.039627075, 155.411148071, 155.782669067, 156.154190063, 156.52571106, 156.897232056, 157.268753052, 157.628662109, 157.988571167, 158.360092163, 158.731613159, 159.114730835, 159.486251831, 159.869384766, 160.240905762, 160.600814819, 160.960723877, 161.332244873, 161.703765869, 162.075286865, 162.446792603, 162.818313599, 163.189834595, 163.561355591, 163.932876587, 164.304397583, 164.675918579, 165.035827637, 165.395736694, 165.76725769, 166.138778687, 166.510284424, 166.88180542, 167.253326416, 167.624847412, 167.996368408, 168.367889404, 168.7394104, 169.110931396, 169.470840454, 169.830749512, 170.213867188, 170.585388184, 170.968521118, 171.340042114, 171.71156311, 172.083084106, 172.454605103, 172.826126099, 173.197631836, 173.569152832, 173.940673828, 174.312194824, 174.68371582, 175.055236816, 175.415145874, 175.775054932, 176.146575928, 176.518096924, 176.88961792, 177.261123657, 177.632644653, 178.004165649, 178.375686646, 178.747207642, 179.130340576, 179.501861572, 179.873382568, 180.244888306, 180.616409302, 180.976318359, 181.347839355, 181.719360352, 182.090881348, 182.462402344, 182.83392334, 183.205444336, 183.576965332, 183.948471069, 184.319992065, 184.691513062, 185.063034058, 185.422943115, 185.794464111, 186.154373169, 186.525894165, 186.897415161, 187.268936157, 187.640457153, 188.011962891, 188.383483887, 188.755004883, 189.126525879, 189.498046875, 189.869567871, 190.241088867, 190.612609863, 190.984130859, 191.355636597, 191.727157593, 192.098678589, 192.470199585, 192.841720581, 193.213241577, 193.584762573, 193.956283569, 194.327789307, 194.699310303, 195.070831299, 195.442352295, 195.813873291, 196.185394287, 196.556915283, 196.928436279, 197.299957275, 197.659866333, 198.019775391, 198.391296387, 198.762802124, 199.13432312, 199.505844116, 199.877365112, 200.248886108, 200.620407104, 200.991928101, 201.363449097, 201.734954834, 202.10647583, 202.477996826, 202.849517822, 203.221038818, 203.592559814, 203.964080811, 204.335601807, 204.707122803, 205.07862854, 205.450149536, 205.821670532, 206.193191528, 206.553100586, 206.913009644, 207.296142578, 207.679275513, 208.050796509, 208.422302246, 208.793823242, 209.165344238, 209.536865234, 209.896774292, 210.268295288, 210.628204346, 210.999725342, 211.371246338, 211.742767334, 212.11428833, 212.485794067, 212.857315063, 213.22883606, 213.600357056, 213.971878052, 214.343399048, 214.714920044, 215.08644104, 215.457962036, 215.829467773, 216.20098877, 216.572509766, 216.944030762, 217.315551758, 217.687072754, 218.05859375, 218.430114746, 218.801635742, 219.173141479, 219.544662476, 219.916183472, 220.287704468, 220.659225464, 221.03074646, 221.413879395, 221.79699707, 222.191741943, 222.586486816, 222.981216431, 223.375961304, 223.782302856, 224.188659668, 224.595001221, 225.001358032, 225.407699585, 225.814056396],
    "bpm_histogram": [0, 0, 0, 0, 0, 0, 0, 0, 0, 0, 0, 0, 0, 0, 0, 0, 0, 0, 0, 0, 0, 0, 0, 0, 0, 0, 0, 0, 0, 0, 0, 0, 0, 0, 0, 0, 0, 0, 0, 0, 0, 0, 0, 0, 0, 0, 0, 0, 0, 0, 0, 0, 0, 0, 0, 0, 0, 0, 0, 0, 0, 0, 0, 0, 0, 0, 0, 0, 0, 0, 0, 0, 0, 0, 0, 0, 0, 0, 0, 0, 0, 0, 0, 0, 0, 0, 0, 0, 0, 0, 0, 0, 0, 0, 0, 0, 0, 0, 0, 0, 0, 0, 0, 0, 0, 0, 0, 0, 0, 0, 0, 0, 0, 0, 0, 0, 0, 0, 0, 0, 0, 0, 0, 0, 0, 0, 0, 0, 0, 0, 0, 0, 0, 0, 0, 0, 0, 0, 0, 0, 0, 0, 0, 0, 0, 0, 0, 0, 0.00988467875868, 0, 0, 0, 0.0115321250632, 0, 0, 0, 0, 0.0494233928621, 0, 0, 0, 0.72652387619, 0.0922570005059, 0, 0, 0, 0, 0.110378913581, 0, 0, 0, 0, 0, 0, 0, 0, 0, 0, 0, 0, 0, 0, 0, 0, 0, 0, 0, 0, 0, 0, 0, 0, 0, 0, 0, 0, 0, 0, 0, 0, 0, 0, 0, 0, 0, 0, 0, 0, 0, 0, 0, 0, 0, 0, 0, 0, 0, 0, 0, 0, 0, 0, 0, 0, 0, 0, 0, 0, 0, 0, 0, 0, 0, 0, 0, 0, 0, 0, 0, 0, 0, 0, 0, 0, 0, 0, 0, 0, 0, 0]
},
"tonal": {
    "chords_changes_rate": 0.0584735348821,
    "chords_number_rate": 0.00246204342693,
    "chords_strength": {
        "mean": 0.522273778915,
        "stdev": 0.0868932232261
    },
    "hpcp_crest": {
        "mean": 13.8381719589,
        "stdev": 6.11758232117
    },
    "hpcp_entropy": {
        "mean": 1.95388138294,
        "stdev": 0.702945709229
    },
    "key_edma": {
        "strength": 0.711654126644,
        "key": "E",
        "scale": "major"
    },
    "key_krumhansl": {
        "strength": 0.723530471325,
        "key": "E",
        "scale": "major"
    },
    "key_temperley": {
        "strength": 0.734186887741,
        "key": "E",
        "scale": "major"
    },
    "tuning_diatonic_strength": 0.591802299023,
    "tuning_equal_tempered_deviation": 0.111675918102,
    "tuning_frequency": 443.316436768,
    "tuning_nontempered_energy_ratio": 0.748975276947,
    "hpcp": {
        "mean": [0.128915548325, 0.0458588190377, 0.0312941037118, 0.0351159386337, 0.0506872460246, 0.179160386324, 0.252219587564, 0.128218963742, 0.040846735239, 0.0290014855564, 0.0250562671572, 0.0411593392491, 0.0434109717607, 0.028634827584, 0.045385800302, 0.0628583133221, 0.0495330281556, 0.0537017285824, 0.0518931001425, 0.0525002516806, 0.236345261335, 0.42223906517, 0.258093297482, 0.0624493658543, 0.0428175851703, 0.041074052453, 0.0817193388939, 0.112942948937, 0.0806033164263, 0.0674739256501, 0.0656900256872, 0.0445236451924, 0.0410092622042, 0.0384189002216, 0.0520016476512, 0.132190585136],
        "stdev": [0.27842259407, 0.129784077406, 0.115878887475, 0.131475105882, 0.147171288729, 0.263253062963, 0.358623683453, 0.219275563955, 0.136401131749, 0.112930104136, 0.100094944239, 0.143984556198, 0.15136757493, 0.100437156856, 0.139810800552, 0.199869543314, 0.147360131145, 0.184801861644, 0.171814024448, 0.13921995461, 0.272453933954, 0.451340973377, 0.313822329044, 0.166257679462, 0.138919666409, 0.122529380023, 0.188840195537, 0.259911388159, 0.190298497677, 0.169183135033, 0.178931340575, 0.135279476643, 0.128416344523, 0.123597867787, 0.141014426947, 0.287908762693]
    },
    "chords_histogram": [10.7098894119, 2.0311858654, 5.04718923569, 0.636027932167, 0.307755440474, 0.718096017838, 2.2568731308, 0.451374650002, 1.35412395, 0, 0.636027932167, 0.389823555946, 1.29257285595, 0.205170288682, 0, 4.12392282486, 0.841198205948, 44.9528121948, 0.0205170288682, 5.27287626266, 0.718096017838, 4.92408704758, 10.7304058075, 2.37997531891],
