{
"metadata": {
    "version": {
        "essentia": "2.1-dev",
        "essentia_git_sha": "v2.1_beta3-415-gd5473f3",
        "extractor": "music 2.0"
    },
    "audio_properties": {
        "analysis": {
            "equal_loudness": 0,
            "length": 252.995925903,
            "sample_rate": 44100,
            "start_time": 0,
            "downmix": "mix"
        },
        "bit_rate": 192000,
        "length": 252.995925903,
        "lossless": 0,
        "number_channels": 2,
        "replay_gain": -8.43924331665,
        "sample_rate": 44100,
        "codec": "mp3",
        "md5_encoded": "06cef092cfe2887835f702dbf2dc4cdb"
    },
    "tags": {
        "file_name": "tatyana_ali-boy_you_knock_me_out.mp3",
        "album": ["Sexy Soul - CD1"],
        "artist": ["Tatyana Ali"],
        "date": ["2002"],
        "genre": ["Soul"],
        "title": ["Boy You Knock Me Out"]
    }
},
"lowlevel": {
    "average_loudness": 0.946297228336,
    "barkbands_crest": {
        "mean": 13.4401340485,
        "stdev": 4.79120874405
    },
    "barkbands_flatness_db": {
        "mean": 0.179394692183,
        "stdev": 0.0764831677079
    },
    "barkbands_kurtosis": {
        "mean": 17.5620365143,
        "stdev": 36.6926956177
    },
    "barkbands_skewness": {
        "mean": 2.81541442871,
        "stdev": 2.22753882408
    },
    "barkbands_spread": {
        "mean": 19.6622962952,
        "stdev": 19.2203407288
    },
    "dissonance": {
        "mean": 0.443085223436,
        "stdev": 0.0377103872597
    },
    "dynamic_complexity": 3.18177127838,
    "erbbands_crest": {
        "mean": 9.95695018768,
        "stdev": 4.9495215416
    },
    "erbbands_flatness_db": {
        "mean": 0.13975790143,
        "stdev": 0.050126876682
    },
    "erbbands_kurtosis": {
        "mean": 1.95098173618,
        "stdev": 5.54125738144
    },
    "erbbands_skewness": {
        "mean": 0.84933257103,
        "stdev": 1.1070330143
    },
    "erbbands_spread": {
        "mean": 47.9533729553,
        "stdev": 28.4979019165
    },
    "hfc": {
        "mean": 21.5167922974,
        "stdev": 32.6392211914
    },
    "loudness_ebu128": {
        "integrated": -14.1476745605,
        "loudness_range": 2.38262939453,
        "momentary": {
            "mean": -16.8634529114,
            "stdev": 22.6730670929
        },
        "short_term": {
            "mean": -14.5855674744,
            "stdev": 2.32401871681
        }
    },
    "melbands_crest": {
        "mean": 17.9158420563,
        "stdev": 6.14246988297
    },
    "melbands_flatness_db": {
        "mean": 0.265513926744,
        "stdev": 0.0993161946535
    },
    "melbands_kurtosis": {
        "mean": 39.9450836182,
        "stdev": 64.9399719238
    },
    "melbands_skewness": {
        "mean": 4.06491422653,
        "stdev": 2.61840319633
    },
    "melbands_spread": {
        "mean": 15.7376346588,
        "stdev": 21.1772193909
    },
    "pitch_salience": {
        "mean": 0.461832463741,
        "stdev": 0.141694203019
    },
    "silence_rate_20dB": {
        "mean": 1,
        "stdev": 0
    },
    "silence_rate_30dB": {
        "mean": 0.918509662151,
        "stdev": 0.273600697517
    },
    "silence_rate_60dB": {
        "mean": 0.0677250623703,
        "stdev": 0.251257270575
    },
    "spectral_centroid": {
        "mean": 1015.6036377,
        "stdev": 1122.13562012
    },
    "spectral_complexity": {
        "mean": 12.0912179947,
        "stdev": 9.03310489655
    },
    "spectral_decrease": {
        "mean": -1.05416804175e-08,
        "stdev": 1.22538885705e-08
    },
    "spectral_energy": {
        "mean": 0.0417383350432,
        "stdev": 0.0473504625261
    },
    "spectral_energyband_high": {
        "mean": 0.0013506221585,
        "stdev": 0.00304265040904
    },
    "spectral_energyband_low": {
        "mean": 0.0270246770233,
        "stdev": 0.042840898037
    },
    "spectral_energyband_middle_high": {
        "mean": 0.00254224496894,
        "stdev": 0.00413940148428
    },
    "spectral_energyband_middle_low": {
        "mean": 0.0121521195397,
        "stdev": 0.0140347322449
    },
    "spectral_entropy": {
        "mean": 7.39940309525,
        "stdev": 0.681647539139
    },
    "spectral_flux": {
        "mean": 0.101869516075,
        "stdev": 0.0838895589113
    },
    "spectral_kurtosis": {
        "mean": 4.92492103577,
        "stdev": 5.82620429993
    },
    "spectral_rms": {
        "mean": 0.00562141742557,
        "stdev": 0.00301994779147
    },
    "spectral_rolloff": {
        "mean": 1456.99157715,
        "stdev": 2842.09936523
    },
    "spectral_skewness": {
        "mean": 1.81338536739,
        "stdev": 0.7400598526
    },
    "spectral_spread": {
        "mean": 6923961.5,
        "stdev": 4090438.75
    },
    "spectral_strongpeak": {
        "mean": 0.567967355251,
        "stdev": 0.519192159176
    },
    "zerocrossingrate": {
        "mean": 0.0609580390155,
        "stdev": 0.0653575733304
    },
    "barkbands": {
        "mean": [0.000876152305864, 0.0189449861646, 0.00592689961195, 0.00213601673022, 0.0047440356575, 0.0026428818237, 0.00101087347139, 0.000666747393552, 0.000844432681333, 0.000517221400514, 0.000297486461932, 0.000410706852563, 0.000267598923529, 0.000224393981625, 0.000199406873435, 0.000182477277122, 0.000123729099869, 0.00014549025218, 0.000145025667734, 0.000148291932419, 0.000159980438184, 0.000150005827891, 0.000226156116696, 0.000259041029494, 0.000271149008768, 0.000206093551242, 1.10837136162e-05],
        "stdev": [0.00197814777493, 0.0319126881659, 0.0156602673233, 0.00665158824995, 0.00778745533898, 0.00425553647801, 0.00209304480813, 0.00125502585433, 0.00169601035304, 0.00133263808675, 0.000936091411859, 0.000893883290701, 0.000550736382138, 0.000448021106422, 0.000499516434502, 0.000405163125833, 0.000380131561542, 0.000429512467235, 0.000336411729222, 0.000434885645518, 0.000604684231803, 0.000457005371572, 0.000619094644208, 0.000564978166949, 0.000557522114832, 0.000485802971525, 2.90591633529e-05]
    },
    "erbbands": {
        "mean": [0.600754797459, 3.94582700729, 7.23060798645, 7.61381721497, 7.6898021698, 18.4001522064, 23.6530990601, 22.5433578491, 17.1224784851, 13.3147010803, 14.9302892685, 17.9697113037, 17.3267936707, 15.1166400909, 15.6117124557, 14.2137670517, 13.2508621216, 10.6810207367, 11.6310691833, 9.97514247894, 9.67190170288, 7.35160779953, 7.43032217026, 8.12408542633, 7.45315074921, 6.79779624939, 6.16185808182, 6.17661905289, 5.29881477356, 7.0664896965, 5.87682294846, 5.6166973114, 4.19462156296, 2.73145651817, 1.9916588068, 1.14713263512, 0.346875220537, 0.0421924032271, 0.00172089936677, 9.87659223028e-05],
        "stdev": [0.882119655609, 7.94579219818, 17.377456665, 21.651845932, 18.4596576691, 33.8422775269, 37.5996704102, 39.6378593445, 33.9600524902, 23.2256736755, 29.2739048004, 37.2942008972, 36.114074707, 39.672039032, 40.2812652588, 28.7442474365, 25.9923267365, 19.9721488953, 29.140625, 23.4653110504, 20.4883880615, 21.4126796722, 20.9289169312, 21.7803153992, 18.6240768433, 19.1958332062, 20.1997509003, 25.0756759644, 17.6979751587, 21.9710655212, 15.3905553818, 12.4690685272, 9.16701889038, 5.63904666901, 4.29996442795, 2.60133004189, 0.907239019871, 0.102478824556, 0.00450335070491, 0.000149994157255]
    },
    "gfcc": {
        "mean": [-27.6544151306, 83.9629135132, -73.6322631836, 25.6428642273, -54.8559646606, 21.2202091217, -43.7312927246, 16.7803821564, -26.0010471344, 8.4482383728, -8.43040466309, 3.85868382454, -7.74049711227],
        "cov": [[19832.2460938, -518.493408203, -195.367126465, 1007.8203125, -898.091796875, 563.389160156, -470.923126221, 377.687713623, -390.231292725, 191.890441895, -144.101394653, 261.639831543, -141.593658447], [-518.493408203, 1794.5279541, -153.501800537, -62.5994338989, 415.646331787, 96.076461792, 197.101486206, 95.4561080933, 128.533233643, -80.7643508911, 246.409805298, -143.746368408, 95.4557418823], [-195.367126465, -153.501800537, 1343.23779297, 432.61050415, 51.1240005493, 159.651763916, 44.914276123, 77.0504837036, 43.7807159424, 43.3778381348, -12.7964286804, 50.5705604553, 15.2774057388], [1007.8203125, -62.5994338989, 432.61050415, 556.47088623, 93.1261444092, 82.1626205444, 35.0470504761, 75.9705505371, 60.674747467, 6.35846996307, 9.2718296051, 16.6142292023, 10.4414377213], [-898.091796875, 415.646331787, 51.1240005493, 93.1261444092, 521.197692871, 147.843444824, 176.467514038, 46.9614830017, 133.744522095, -1.02400410175, 27.4374046326, -37.2762908936, -5.02063322067], [563.389160156, 96.076461792, 159.651763916, 82.1626205444, 147.843444824, 284.802093506, 145.301361084, 55.0818977356, 31.1860427856, 56.9631614685, 33.6350708008, -0.884370565414, -9.99445724487], [-470.923126221, 197.101486206, 44.914276123, 35.0470504761, 176.467514038, 145.301361084, 327.644104004, 54.5976791382, 60.0546875, 40.8781013489, 64.0586166382, 0.846863090992, 1.25417363644], [377.687713623, 95.4561080933, 77.0504837036, 75.9705505371, 46.9614830017, 55.0818977356, 54.5976791382, 196.583496094, 61.3763580322, 15.6253395081, 59.7462768555, -0.679361879826, 27.8340511322], [-390.231292725, 128.533233643, 43.7807159424, 60.674747467, 133.744522095, 31.1860427856, 60.0546875, 61.3763580322, 147.819458008, 26.0174694061, 21.1121044159, 2.90268325806, 25.1313076019], [191.890441895, -80.7643508911, 43.3778381348, 6.35846996307, -1.02400410175, 56.9631614685, 40.8781013489, 15.6253395081, 26.0174694061, 115.198776245, 30.8803634644, 30.6518249512, 2.18834471703], [-144.101394653, 246.409805298, -12.7964286804, 9.2718296051, 27.4374046326, 33.6350708008, 64.0586166382, 59.7462768555, 21.1121044159, 30.8803634644, 178.989257812, 16.7223949432, 50.4403915405], [261.639831543, -143.746368408, 50.5705604553, 16.6142292023, -37.2762908936, -0.884370565414, 0.846863090992, -0.679361879826, 2.90268325806, 30.6518249512, 16.7223949432, 118.345031738, 24.399969101], [-141.593658447, 95.4557418823, 15.2774057388, 10.4414377213, -5.02063322067, -9.99445724487, 1.25417363644, 27.8340511322, 25.1313076019, 2.18834471703, 50.4403915405, 24.399969101, 99.2344665527]],
        "icov": [[0.000134169356897, -0.000175069711986, 0.000204230294912, -0.000410730048316, 0.000335144723067, -0.00047689920757, 0.000287752714939, -0.000394403672544, 0.000416311027948, -0.000294195837341, 0.000428358733188, -0.000487434241222, 0.000250707787927], [-0.000175069711986, 0.00137768709101, -0.000265206908807, 0.000805213407148, -0.00107816536911, 0.000511068850756, -0.000480716320453, 0.000680711003952, -0.000950019049924, 0.00142717151903, -0.00211690575816, 0.00188836851157, -0.000986034283414], [0.000204230294912, -0.000265206908807, 0.00137407355942, -0.00138689263258, 0.000612791802268, -0.00118086894508, 0.00049018766731, -0.000701165059581, 0.000674561248161, -0.000594007258769, 0.000949992099777, -0.00102663633879, 0.000195267479285], [-0.000410730048316, 0.000805213407148, -0.00138689263258, 0.00389531045221, -0.00138225278351, 0.00121350365225, -0.000729105551727, 0.000739049864933, -0.00192653445993, 0.00160189322196, -0.00172297353856, 0.00154642877169, -0.000754635548219], [0.000335144723067, -0.00107816536911, 0.000612791802268, -0.00138225278351, 0.00461253663525, -0.00246527697891, -0.000163445816725, -0.000400278659072, -0.00171586615033, 0.000141779280966, 0.0016744119348, -0.00123583560344, 0.0015500204172], [-0.00047689920757, 0.000511068850756, -0.00118086894508, 0.00121350365225, -0.00246527697891, 0.0075919427909, -0.00265376619063, 0.000381036050385, 0.000185794648132, -0.00157158530783, -0.00128458696418, 0.00197656778619, -0.000396848801756], [0.000287752714939, -0.000480716320453, 0.00049018766731, -0.000729105551727, -0.000163445816725, -0.00265376619063, 0.00529690738767, -0.001088944613, 0.000376121752197, -0.00109266827349, -9.37189834076e-05, -0.00139404973015, 0.00115644140169], [-0.000394403672544, 0.000680711003952, -0.000701165059581, 0.000739049864933, -0.000400278659072, 0.000381036050385, -0.001088944613, 0.00812042225152, -0.00401817727834, 0.00168240931816, -0.00333009590395, 0.00222884840332, -0.00130800972693], [0.000416311027948, -0.000950019049924, 0.000674561248161, -0.00192653445993, -0.00171586615033, 0.000185794648132, 0.000376121752197, -0.00401817727834, 0.0129582760856, -0.00441384268925, 0.00309664499946, -0.00193476525601, -0.00162174052093], [-0.000294195837341, 0.00142717151903, -0.000594007258769, 0.00160189322196, 0.000141779280966, -0.00157158530783, -0.00109266827349, 0.00168240931816, -0.00441384268925, 0.0134587651119, -0.00414053257555, -0.00044391353731, 0.000555879669264], [0.000428358733188, -0.00211690575816, 0.000949992099777, -0.00172297353856, 0.0016744119348, -0.00128458696418, -9.37189834076e-05, -0.00333009590395, 0.00309664499946, -0.00414053257555, 0.0113821811974, -0.00336652086116, -0.00207754876465], [-0.000487434241222, 0.00188836851157, -0.00102663633879, 0.00154642877169, -0.00123583560344, 0.00197656778619, -0.00139404973015, 0.00222884840332, -0.00193476525601, -0.00044391353731, -0.00336652086116, 0.013156272471, -0.00401155650616], [0.000250707787927, -0.000986034283414, 0.000195267479285, -0.000754635548219, 0.0015500204172, -0.000396848801756, 0.00115644140169, -0.00130800972693, -0.00162174052093, 0.000555879669264, -0.00207754876465, -0.00401155650616, 0.0142642417923]]
    },
    "melbands": {
        "mean": [0.00529061816633, 0.00443488825113, 0.00131604645867, 0.00088994554244, 0.000884026347194, 0.000492475519422, 0.000249817501754, 0.000147350729094, 0.000121319579193, 0.000115115064546, 8.73313038028e-05, 6.36742406641e-05, 4.88213299832e-05, 4.64117838419e-05, 3.63720391761e-05, 2.36375362874e-05, 1.90535592992e-05, 1.96812470676e-05, 1.3592479263e-05, 1.25705810206e-05, 1.05673661892e-05, 7.09438381818e-06, 7.49073160478e-06, 6.85664190314e-06, 6.52269909551e-06, 5.48788466403e-06, 5.54592907065e-06, 4.11045220972e-06, 3.81122845283e-06, 3.55743441105e-06, 3.67151687897e-06, 2.7937867344e-06, 3.17280751005e-06, 4.33370314568e-06, 3.30712919094e-06, 3.22481901094e-06, 3.54348276232e-06, 3.03942897517e-06, 2.49290656029e-06, 2.20916217586e-06],
        "stdev": [0.0079399254173, 0.00947316363454, 0.00349285872653, 0.00180106877815, 0.00128488743212, 0.000836430699565, 0.000487246841658, 0.000249386677751, 0.00025543346419, 0.000235689891269, 0.000187089972314, 0.000173877604539, 0.00013390587992, 0.000112629080832, 7.41849144106e-05, 4.60364390165e-05, 3.83544429496e-05, 5.14797138749e-05, 3.39286016242e-05, 3.09163151542e-05, 2.27192704187e-05, 2.20948149945e-05, 2.38076809183e-05, 2.01527782338e-05, 1.79761009349e-05, 1.25175538415e-05, 1.72862874024e-05, 1.13052019515e-05, 1.18147236208e-05, 1.35229502121e-05, 1.58295006258e-05, 9.73965234152e-06, 9.4017605079e-06, 1.42720346048e-05, 9.13979783945e-06, 7.51951756683e-06, 7.99457484391e-06, 7.17032526154e-06, 5.01339127368e-06, 4.83550638819e-06]
    },
    "melbands128": {
        "mean": [0.000860675878357, 0.00478103803471, 0.0071194129996, 0.00640269462019, 0.00421245489269, 0.00275314273313, 0.00159773521591, 0.000938451557886, 0.000642852915917, 0.000787338532973, 0.00108550454024, 0.00112520484254, 0.000835140934214, 0.000571533222683, 0.000547167088371, 0.000445782090537, 0.000264170317678, 0.000259491382167, 0.000145578451338, 0.000136612841743, 0.000149818341015, 0.000159251692821, 8.74353354448e-05, 0.000121419929201, 0.000122284793179, 0.000104911276139, 0.000124672224047, 6.16976321908e-05, 8.53169112816e-05, 8.61407825141e-05, 4.30973668699e-05, 4.3508825911e-05, 5.23856288055e-05, 4.19651696575e-05, 7.37974405638e-05, 3.66454296454e-05, 2.43887552642e-05, 4.27975937782e-05, 4.11346372857e-05, 2.59308017121e-05, 1.30310181703e-05, 2.99562761938e-05, 1.65644687513e-05, 1.4287625163e-05, 2.41121415456e-05, 2.05000869755e-05, 1.65536512213e-05, 1.13171081466e-05, 1.30352564156e-05, 1.60898907779e-05, 9.84120288194e-06, 1.17940935525e-05, 1.58314505825e-05, 6.82891823089e-06, 6.14876717009e-06, 7.819122402e-06, 6.53210599921e-06, 9.62622834777e-06, 7.27498036213e-06, 4.62824073111e-06, 7.19453009879e-06, 8.26092946227e-06, 6.5082645051e-06, 6.28199131825e-06, 6.08745585851e-06, 5.60817534279e-06, 4.85149985252e-06, 5.34771106686e-06, 5.96739118919e-06, 5.54266398467e-06, 4.0891518438e-06, 3.28248665937e-06, 3.80801884603e-06, 4.00937369704e-06, 3.63058552466e-06, 3.93991786041e-06, 3.11041526402e-06, 3.4769850572e-06, 4.3969394028e-06, 3.11947815135e-06, 2.59307421402e-06, 2.4339749416e-06, 3.5554862734e-06, 2.85744613393e-06, 3.24850657307e-06, 4.79879281556e-06, 4.68400912723e-06, 3.2560899399e-06, 3.48230787495e-06, 2.97594624499e-06, 3.3434478155e-06, 3.24718507727e-06, 3.01565660266e-06, 4.40596659246e-06, 2.85776832243e-06, 3.37308779308e-06, 3.1081904126e-06, 2.6761645131e-06, 2.32098886954e-06, 2.62372236648e-06, 2.319236728e-06, 2.25058693104e-06, 1.91986282516e-06, 1.67769019299e-06, 2.10880284612e-06, 2.46689774031e-06, 3.34889659825e-06, 2.35857737607e-06, 1.64167295225e-06, 1.82663848136e-06, 1.50848859448e-06, 1.16055309718e-06, 1.25010569718e-06, 8.35937839838e-07, 4.45771092927e-07, 3.86929883689e-07, 2.7273864589e-07, 1.00207238063e-07, 7.30464222443e-08, 2.34588526382e-08, 1.03463424495e-08, 1.27822676887e-08, 4.9489781162e-09, 3.41590852826e-11, 4.71480797112e-12, 4.6530626574e-12, 4.60954148115e-12, 4.57224449274e-12],
        "stdev": [0.00194604636636, 0.00811047665775, 0.0110622253269, 0.0150380954146, 0.0103770149872, 0.0074753514491, 0.00495000183582, 0.00289982906543, 0.00182341097388, 0.0022140215151, 0.00258735683747, 0.00194465951063, 0.00168595847208, 0.00134744064417, 0.00121880881488, 0.000953868206125, 0.000634139112663, 0.000694328511599, 0.000381969002774, 0.000353463954525, 0.000347331922967, 0.000338386744261, 0.000312912394293, 0.000380640936783, 0.000327209825628, 0.000293325312668, 0.000328195630573, 0.000191315251868, 0.000262950838078, 0.000298970029689, 0.000184294840437, 0.00017424984253, 0.000193490530364, 0.000208867102629, 0.00022525426175, 0.000126257946249, 7.71145496401e-05, 0.00010981712694, 0.000108356725832, 7.70199694671e-05, 4.41519696324e-05, 7.65887598391e-05, 4.66406709165e-05, 5.06422147737e-05, 6.75282863085e-05, 8.46548427944e-05, 5.34096470801e-05, 4.01204379159e-05, 3.83505939681e-05, 4.31893495261e-05, 3.7938098103e-05, 3.54099538526e-05, 3.92720576201e-05, 1.6903726646e-05, 2.59914831986e-05, 2.75266629615e-05, 2.18940094783e-05, 3.6867982999e-05, 2.35564330069e-05, 1.38294044518e-05, 2.23813094635e-05, 2.96142206935e-05, 2.43276954279e-05, 1.76612920768e-05, 1.55497509695e-05, 1.59463143063e-05, 1.4475761418e-05, 1.55482266564e-05, 2.24423984037e-05, 1.97252575163e-05, 1.0378918887e-05, 9.86472423392e-06, 1.23034778881e-05, 1.27660578073e-05, 1.44433297464e-05, 1.74358174263e-05, 1.14812937682e-05, 1.57799004228e-05, 2.16443040699e-05, 1.26681306938e-05, 9.36746073421e-06, 9.03440195543e-06, 1.24260695884e-05, 8.87162059371e-06, 9.31770136958e-06, 1.74501001311e-05, 1.70544553839e-05, 9.50610501604e-06, 1.06370525828e-05, 9.05486740521e-06, 8.36914932734e-06, 7.86088185123e-06, 6.87205965733e-06, 1.02763833638e-05, 6.41109227217e-06, 9.88871670415e-06, 7.40178256819e-06, 6.08029358773e-06, 4.80964126837e-06, 5.80542064199e-06, 5.29424505658e-06, 5.3667326938e-06, 4.60683713754e-06, 3.93083610106e-06, 4.84596284878e-06, 5.74484283788e-06, 7.80268146627e-06, 5.76412458031e-06, 3.75212630388e-06, 4.4814046305e-06, 3.6134556467e-06, 2.91230367111e-06, 3.60242029274e-06, 3.87393038181e-06, 1.13652640721e-06, 9.10896972073e-07, 7.52626874601e-07, 3.08465871512e-07, 2.92848909567e-07, 1.24956613945e-07, 6.42702886466e-08, 6.69774777862e-08, 2.75422795681e-08, 2.37999842057e-10, 8.44491750834e-12, 8.3339854115e-12, 8.254963553e-12, 8.20346394981e-12]
    },
    "mfcc": {
        "mean": [-680.773681641, 121.958076477, 35.3955192566, 14.2473907471, 16.2361106873, 0.823837339878, 6.52596664429, 1.59814572334, -4.98358774185, 6.84836435318, -1.98197185993, -0.268988072872, 3.64402866364],
        "cov": [[9623.12304688, -575.691101074, 248.086425781, 340.519958496, 35.7161750793, 13.8770475388, 95.1537475586, 145.821182251, -61.9995422363, 53.8985061646, 1.60972654819, 6.53147745132, -65.7578430176], [-575.691101074, 1658.18359375, -100.263145447, -13.6676416397, 232.71105957, 35.0564193726, 243.705917358, 98.5605697632, 32.7812614441, 113.527954102, 63.9698677063, 56.6597366333, 84.9750366211], [248.086425781, -100.263145447, 1056.50244141, 287.702056885, 114.105751038, 55.0600662231, 50.0358543396, 43.1163597107, 34.574798584, 26.6137123108, 12.4151592255, 14.0569992065, -1.22552216053], [340.519958496, -13.6676416397, 287.702056885, 457.03692627, 167.695068359, 53.821231842, 25.1621131897, 86.803565979, 54.4840316772, 24.5209312439, 34.4960136414, 32.7148475647, -6.37813043594], [35.7161750793, 232.71105957, 114.105751038, 167.695068359, 368.934875488, 65.246131897, 48.0965576172, 82.2542266846, 71.2915420532, 57.9311714172, 31.0780925751, 42.9526672363, 1.83555567265], [13.8770475388, 35.0564193726, 55.0600662231, 53.821231842, 65.246131897, 330.801971436, 92.1242980957, 63.9946937561, 78.2930984497, 20.6751937866, 73.6794204712, 29.5070171356, 20.7477607727], [95.1537475586, 243.705917358, 50.0358543396, 25.1621131897, 48.0965576172, 92.1242980957, 256.073669434, 95.3688659668, 26.7678222656, 83.148979187, 56.2381019592, 40.0107765198, 45.8129730225], [145.821182251, 98.5605697632, 43.1163597107, 86.803565979, 82.2542266846, 63.9946937561, 95.3688659668, 167.12159729, 74.2274932861, 37.3909873962, 44.9730567932, 44.2380561829, 30.1039772034], [-61.9995422363, 32.7812614441, 34.574798584, 54.4840316772, 71.2915420532, 78.2930984497, 26.7678222656, 74.2274932861, 144.705871582, 52.6627883911, 30.515083313, 20.0451564789, 17.6037845612], [53.8985061646, 113.527954102, 26.6137123108, 24.5209312439, 57.9311714172, 20.6751937866, 83.148979187, 37.3909873962, 52.6627883911, 141.750198364, 44.2509689331, 11.4036684036, 25.2323246002], [1.60972654819, 63.9698677063, 12.4151592255, 34.4960136414, 31.0780925751, 73.6794204712, 56.2381019592, 44.9730567932, 30.515083313, 44.2509689331, 102.750587463, 41.7722663879, 19.6709709167], [6.53147745132, 56.6597366333, 14.0569992065, 32.7148475647, 42.9526672363, 29.5070171356, 40.0107765198, 44.2380561829, 20.0451564789, 11.4036684036, 41.7722663879, 93.2127456665, 35.9346961975], [-65.7578430176, 84.9750366211, -1.22552216053, -6.37813043594, 1.83555567265, 20.7477607727, 45.8129730225, 30.1039772034, 17.6037845612, 25.2323246002, 19.6709709167, 35.9346961975, 97.026802063]],
        "icov": [[0.00011438067304, 4.94563682878e-05, 2.02469186661e-06, -7.40877585486e-05, 1.20741970022e-05, -1.54253975779e-05, -3.15905890602e-05, -0.000154171080794, 0.000170434170286, -0.000113904723548, 7.21676260582e-05, -1.39300764204e-05, 8.44083406264e-05], [4.94563682878e-05, 0.000836594845168, 0.000116961047752, 0.000124551428598, -0.000595184101257, 0.000205962729524, -0.000740815070458, 3.23477397615e-05, 0.000134600937599, -2.99783823721e-05, -0.000160216659424, 0.000147257713252, -0.000421208620537], [2.02469186661e-06, 0.000116961047752, 0.00117705273442, -0.000732636777684, -0.000117643547128, -5.18859960721e-05, -0.000346238608472, 0.000250273762504, -3.7505698856e-05, -3.46598098986e-05, 0.000199740112294, 6.38641067781e-05, -8.35311875562e-05], [-7.40877585486e-05, 0.000124551428598, -0.000732636777684, 0.00337029341608, -0.00112782139331, 1.99038186111e-05, 0.000377715216018, -0.00111801095773, -6.91220484441e-05, 0.000161818257766, -0.000567648385186, -0.000159289891599, 0.000383154139854], [1.20741970022e-05, -0.000595184101257, -0.000117643547128, -0.00112782139331, 0.00423922762275, -0.000555038452148, 0.000722732918803, -0.0008714919677, -0.000532616453711, -0.00136855395976, 0.00100325443782, -0.00154686439782, 0.00124347570818], [-1.54253975779e-05, 0.000205962729524, -5.18859960721e-05, 1.99038186111e-05, -0.000555038452148, 0.00456542428583, -0.00185479968786, 0.000753522908781, -0.00252082757652, 0.00216854433529, -0.00303203379735, 0.000890820287168, -0.000335741933668], [-3.15905890602e-05, -0.000740815070458, -0.000346238608472, 0.000377715216018, 0.000722732918803, -0.00185479968786, 0.00779377529398, -0.00383064500056, 0.00284754717723, -0.00391817511991, 0.000226048796321, -0.000872957112733, -0.000680882891174], [-0.000154171080794, 3.23477397615e-05, 0.000250273762504, -0.00111801095773, -0.0008714919677, 0.000753522908781, -0.00383064500056, 0.0117302788422, -0.00516721745953, 0.00230657099746, -0.00166488881223, -0.0014690576354, -0.000959294848144], [0.000170434170286, 0.000134600937599, -3.7505698856e-05, -6.91220484441e-05, -0.000532616453711, -0.00252082757652, 0.00284754717723, -0.00516721745953, 0.0122873559594, -0.00472225714475, 0.00116257998161, -0.000242332898779, -0.000346812914358], [-0.000113904723548, -2.99783823721e-05, -3.46598098986e-05, 0.000161818257766, -0.00136855395976, 0.00216854433529, -0.00391817511991, 0.00230657099746, -0.00472225714475, 0.0123667540029, -0.00476971967146, 0.00283465650864, -0.00178627995774], [7.21676260582e-05, -0.000160216659424, 0.000199740112294, -0.000567648385186, 0.00100325443782, -0.00303203379735, 0.000226048796321, -0.00166488881223, 0.00116257998161, -0.00476971967146, 0.0164062250406, -0.00599780352786, 0.00111827475484], [-1.39300764204e-05, 0.000147257713252, 6.38641067781e-05, -0.000159289891599, -0.00154686439782, 0.000890820287168, -0.000872957112733, -0.0014690576354, -0.000242332898779, 0.00283465650864, -0.00599780352786, 0.0165241379291, -0.00503839319572], [8.44083406264e-05, -0.000421208620537, -8.35311875562e-05, 0.000383154139854, 0.00124347570818, -0.000335741933668, -0.000680882891174, -0.000959294848144, -0.000346812914358, -0.00178627995774, 0.00111827475484, -0.00503839319572, 0.0135908043012]]
    },
    "spectral_contrast_coeffs": {
        "mean": [-0.702942311764, -0.717131257057, -0.739147424698, -0.781338632107, -0.800809860229, -0.831465661526],
        "stdev": [0.0960556268692, 0.082844786346, 0.0798870697618, 0.0605080276728, 0.0467838421464, 0.0333517566323]
    },
    "spectral_contrast_valleys": {
        "mean": [-6.77218866348, -7.36223363876, -8.25524902344, -8.51504707336, -8.45003318787, -10.1300010681],
        "stdev": [2.24412107468, 2.09172272682, 2.00009894371, 1.98610413074, 2.05341267586, 2.04763650894]
    }
},
"rhythm": {
    "beats_count": 386,
    "beats_loudness": {
        "mean": 0.153384566307,
        "stdev": 0.10772126168
    },
    "bpm": 91.7661514282,
    "bpm_histogram_first_peak_bpm": 92,
    "bpm_histogram_first_peak_weight": 0.0285714268684,
    "bpm_histogram_second_peak_bpm": 0,
    "bpm_histogram_second_peak_spread": 0,
    "bpm_histogram_second_peak_weight": 0,
    "danceability": 1.47178864479,
    "onset_rate": 4.53725814819,
    "beats_loudness_band_ratio": {
        "mean": [0.71718609333, 0.144374802709, 0.0500589683652, 0.0317190028727, 0.0251020174474, 0.0637595951557],
        "stdev": [0.245460316539, 0.132367268205, 0.0718863457441, 0.0734298974276, 0.0390568189323, 0.0672003477812]
    },
    "beats_position": [0.615328788757, 1.25387752056, 1.90403628349, 2.56580495834, 3.21596360207, 3.86612248421, 4.52789115906, 5.17804956436, 5.81659841537, 6.47836732864, 7.1517457962, 7.81351470947, 8.48689365387, 9.16027164459, 9.84526062012, 10.4954195023, 11.1455783844, 11.807346344, 12.4691152573, 13.1192741394, 13.7694330215, 14.4195919037, 15.0697498322, 15.7315187454, 16.3932876587, 17.0434455872, 17.693605423, 18.3437633514, 18.9939231873, 19.6556911469, 20.3174591064, 20.9676189423, 21.6177768707, 22.2679367065, 22.918094635, 23.5682544708, 24.2300224304, 24.89179039, 25.5419502258, 26.1921081543, 26.8422679901, 27.4924259186, 28.142583847, 28.804353714, 29.4661216736, 30.1162815094, 30.7664394379, 31.4165973663, 32.0667572021, 32.7285270691, 33.3902931213, 34.0404510498, 34.690612793, 35.3407707214, 35.9909286499, 36.6526985168, 37.3144645691, 37.9646263123, 38.6147842407, 39.2649421692, 39.9151000977, 40.5768699646, 41.2386398315, 41.88879776, 42.5389556885, 43.1891136169, 43.8392753601, 44.5010414124, 45.1628112793, 45.8129692078, 46.4631271362, 47.1132888794, 47.7634468079, 48.4252128601, 49.0869827271, 49.7371406555, 50.3873023987, 51.0374603271, 51.6876182556, 52.3377761841, 52.999546051, 53.661315918, 54.3114738464, 54.9616317749, 55.6117897034, 56.2619476318, 56.9237174988, 57.5854873657, 58.2356452942, 58.8858032227, 59.5359611511, 60.1977310181, 60.8478889465, 61.5096588135, 62.1598167419, 62.8099746704, 63.4601364136, 64.1102905273, 64.772064209, 65.4338302612, 66.0839920044, 66.7341461182, 67.3843078613, 68.0344696045, 68.6962356567, 69.358001709, 70.0081634521, 70.6583175659, 71.3084793091, 71.9586410522, 72.608795166, 73.2705688477, 73.9323348999, 74.5824966431, 75.2326507568, 75.8828125, 76.5329666138, 77.1947402954, 77.8565063477, 78.5066680908, 79.1568222046, 79.8069839478, 80.4571380615, 81.1189117432, 81.7806777954, 82.4308395386, 83.0809936523, 83.7311553955, 84.3813171387, 85.0430831909, 85.7048492432, 86.3550109863, 87.0051651001, 87.6553268433, 88.3054885864, 88.9672546387, 89.6174163818, 90.2791824341, 90.9293441772, 91.579498291, 92.2296600342, 92.8798141479, 93.5415878296, 94.2033538818, 94.853515625, 95.5036697388, 96.1538314819, 96.8039855957, 97.4541473389, 98.1159133911, 98.7776870728, 99.4278411865, 100.07800293, 100.728164673, 101.378318787, 102.040092468, 102.701858521, 103.352012634, 104.002174377, 104.652336121, 105.302490234, 105.964263916, 106.626029968, 107.276191711, 107.926345825, 108.576507568, 109.226661682, 109.888435364, 110.550201416, 111.200363159, 111.850517273, 112.500679016, 113.15083313, 113.812606812, 114.474372864, 115.124534607, 115.774688721, 116.424850464, 117.075012207, 117.736778259, 118.398544312, 119.048706055, 119.698867798, 120.349021912, 120.999183655, 121.660949707, 122.322715759, 122.972877502, 123.623039246, 124.273193359, 124.923355103, 125.585121155, 126.246894836, 126.89704895, 127.547210693, 128.197372437, 128.847518921, 129.497680664, 130.159454346, 130.821228027, 131.471374512, 132.121536255, 132.771697998, 133.421859741, 134.083618164, 134.745391846, 135.395553589, 136.045715332, 136.695877075, 137.357635498, 138.01940918, 138.669570923, 139.319732666, 139.96987915, 140.620040894, 141.270202637, 141.92036438, 142.582122803, 143.243896484, 143.894058228, 144.544219971, 145.194366455, 145.856140137, 146.517913818, 147.168075562, 147.818222046, 148.468383789, 149.118545532, 149.768707275, 150.430480957, 151.09223938, 151.742401123, 152.392562866, 153.042724609, 153.692871094, 154.354644775, 155.016418457, 155.6665802, 156.316726685, 156.966888428, 157.617050171, 158.267211914, 158.917373657, 159.57913208, 160.229293823, 160.891067505, 161.541213989, 162.202987671, 162.864761353, 163.514923096, 164.16506958, 164.815231323, 165.465393066, 166.127166748, 166.788925171, 167.439086914, 168.089248657, 168.7394104, 169.389572144, 170.051330566, 170.713104248, 171.363265991, 172.013427734, 172.663574219, 173.313735962, 173.975509644, 174.625671387, 175.28742981, 175.937591553, 176.587753296, 177.237915039, 177.888076782, 178.538223267, 179.199996948, 179.86177063, 180.511917114, 181.162078857, 181.812240601, 182.462402344, 183.135772705, 183.785934448, 184.436096191, 185.086257935, 185.736419678, 186.398178101, 187.059951782, 187.710113525, 188.360275269, 189.010421753, 189.660583496, 190.310745239, 190.972518921, 191.634277344, 192.284439087, 192.93460083, 193.584762573, 194.234924316, 194.896682739, 195.558456421, 196.208618164, 196.858764648, 197.508926392, 198.159088135, 198.809249878, 199.47102356, 200.132781982, 200.782943726, 201.433105469, 202.083267212, 202.733413696, 203.395187378, 204.05696106, 204.707122803, 205.357269287, 206.00743103, 206.657592773, 207.307754517, 207.969512939, 208.631286621, 209.281448364, 209.931610107, 210.581771851, 211.231918335, 211.893692017, 212.555465698, 213.205612183, 213.855773926, 214.505935669, 215.156097412, 215.817871094, 216.479629517, 217.12979126, 217.779953003, 218.430114746, 219.08026123, 219.742034912, 220.403808594, 221.053970337, 221.704116821, 222.354278564, 223.004440308, 223.666213989, 224.327972412, 224.978134155, 225.628295898, 226.278457642, 226.928619385, 227.590377808, 228.252151489, 228.902313232, 229.552474976, 230.20262146, 230.852783203, 231.514556885, 232.176315308, 232.826477051, 233.476638794, 234.126800537, 234.77696228, 235.438720703, 236.100494385, 236.750656128, 237.400817871, 238.050964355, 238.701126099, 239.351287842, 240.013061523, 240.674819946, 241.324981689, 241.975143433, 242.625305176, 243.275466919, 243.937225342, 244.598999023, 245.249160767, 245.89932251, 246.549468994, 247.199630737, 247.84979248, 248.499954224, 249.138504028, 249.765441895, 250.403991699, 251.042541504, 251.704299927, 252.366073608],
    "bpm_histogram": [0, 0, 0, 0, 0, 0, 0, 0, 0, 0, 0, 0, 0, 0, 0, 0, 0, 0, 0, 0, 0, 0, 0, 0, 0, 0, 0, 0, 0, 0, 0, 0, 0, 0, 0, 0, 0, 0, 0, 0, 0, 0, 0, 0, 0, 0, 0, 0, 0, 0, 0, 0, 0, 0, 0, 0, 0, 0, 0, 0, 0, 0, 0, 0, 0, 0, 0, 0, 0, 0, 0, 0, 0, 0, 0, 0, 0, 0, 0, 0, 0, 0, 0, 0, 0, 0, 0, 0, 0.00259740254842, 0.0103896101937, 0, 0.311688303947, 0.659740269184, 0, 0.0129870129749, 0, 0.00259740254842, 0, 0, 0, 0, 0, 0, 0, 0, 0, 0, 0, 0, 0, 0, 0, 0, 0, 0, 0, 0, 0, 0, 0, 0, 0, 0, 0, 0, 0, 0, 0, 0, 0, 0, 0, 0, 0, 0, 0, 0, 0, 0, 0, 0, 0, 0, 0, 0, 0, 0, 0, 0, 0, 0, 0, 0, 0, 0, 0, 0, 0, 0, 0, 0, 0, 0, 0, 0, 0, 0, 0, 0, 0, 0, 0, 0, 0, 0, 0, 0, 0, 0, 0, 0, 0, 0, 0, 0, 0, 0, 0, 0, 0, 0, 0, 0, 0, 0, 0, 0, 0, 0, 0, 0, 0, 0, 0, 0, 0, 0, 0, 0, 0, 0, 0, 0, 0, 0, 0, 0, 0, 0, 0, 0, 0, 0, 0, 0, 0, 0, 0, 0, 0, 0, 0, 0, 0, 0, 0, 0, 0, 0, 0, 0, 0, 0, 0, 0, 0, 0, 0, 0, 0]
},
"tonal": {
    "chords_changes_rate": 0.0895577147603,
    "chords_number_rate": 0.00183519907296,
    "chords_strength": {
        "mean": 0.481154024601,
        "stdev": 0.131751358509
    },
    "hpcp_crest": {
        "mean": 13.6106147766,
        "stdev": 6.47410869598
    },
    "hpcp_entropy": {
        "mean": 1.92942869663,
        "stdev": 0.71581941843
    },
    "key_edma": {
        "strength": 0.77188628912,
        "key": "B",
        "scale": "minor"
    },
    "key_krumhansl": {
        "strength": 0.769981026649,
        "key": "B",
        "scale": "minor"
    },
    "key_temperley": {
        "strength": 0.760508298874,
        "key": "B",
        "scale": "minor"
    },
    "tuning_diatonic_strength": 0.595973014832,
    "tuning_equal_tempered_deviation": 0.227707996964,
    "tuning_frequency": 434.193115234,
    "tuning_nontempered_energy_ratio": 0.912690877914,
    "hpcp": {
        "mean": [0.097119756043, 0.103029832244, 0.0953065380454, 0.0854608491063, 0.0853408873081, 0.128792598844, 0.237352743745, 0.25734052062, 0.149356216192, 0.0802777484059, 0.0668741688132, 0.114586122334, 0.20524340868, 0.183133721352, 0.0971979424357, 0.0802253633738, 0.0704082325101, 0.0475294739008, 0.0484888292849, 0.0511709451675, 0.0592612102628, 0.0912720710039, 0.10445484519, 0.0829325988889, 0.0641309320927, 0.100156418979, 0.202678591013, 0.242089912295, 0.164566636086, 0.0796707496047, 0.0405707582831, 0.0342046618462, 0.0399261638522, 0.0544804930687, 0.0604650266469, 0.0723881423473],
        "stdev": [0.205258652568, 0.214173018932, 0.224315524101, 0.216852918267, 0.208775803447, 0.251296520233, 0.328467041254, 0.360595166683, 0.259600311518, 0.206694170833, 0.179087534547, 0.226225301623, 0.321054160595, 0.276878535748, 0.187581256032, 0.195374459028, 0.182370588183, 0.147310882807, 0.148539751768, 0.153307974339, 0.165683433414, 0.206477284431, 0.218437179923, 0.198431447148, 0.174711450934, 0.21732839942, 0.344047307968, 0.328911721706, 0.244266316295, 0.169888153672, 0.138781011105, 0.128007054329, 0.131132930517, 0.142050802708, 0.151182308793, 0.175099790096]
    },
    "chords_histogram": [8.55202770233, 0.789135634899, 27.1792984009, 12.4610023499, 4.0374379158, 4.01908588409, 1.78014314175, 9.52468299866, 0, 25.3257484436, 2.27564692497, 1.65167915821, 0.495503753424, 0, 0, 0, 0.0183519907296, 0, 0, 0.55055975914, 0.146815925837, 0.91759955883, 0.27527987957, 0],
    "thpcp": [1, 0.580383598804, 0.311951458454, 0.259866446257, 0.445270419121, 0.797555744648, 0.711639642715, 0.377701669931, 0.31174787879, 0.273599475622, 0.184694871306, 0.188422828913, 0.198845267296, 0.230283245444, 0.354674309492, 0.405901283026, 0.322267949581, 0.249206513166, 0.389198005199, 0.787589132786, 0.940737605095, 0.639489769936, 0.309592723846, 0.157653987408, 0.132915958762, 0.155149146914, 0.211705848575, 0.234961152077, 0.281293213367, 0.377397835255, 0.40036380291, 0.370351850986, 0.33209246397, 0.331626296043, 0.500475406647, 0.922329485416],
    "chords_key": "F#",
    "chords_scale": "minor"
}
}