{
"metadata": {
    "version": {
        "essentia": "2.1-dev",
        "essentia_git_sha": "v2.1_beta3-415-gd5473f3",
        "extractor": "music 2.0"
    },
    "audio_properties": {
        "analysis": {
            "equal_loudness": 0,
            "length": 301.688171387,
            "sample_rate": 44100,
            "start_time": 0,
            "downmix": "mix"
        },
        "bit_rate": 192000,
        "length": 301.688171387,
        "lossless": 0,
        "number_channels": 2,
        "replay_gain": -7.61527824402,
        "sample_rate": 44100,
        "codec": "mp3",
        "md5_encoded": "50a781a181d50a8ca58e81ae1c5d7e5a"
    },
    "tags": {
        "file_name": "teddy_pendergrass-love_t_k_o..mp3",
        "album": ["Sexy Soul - CD1"],
        "artist": ["Teddy Pendergrass"],
        "date": ["2002"],
        "genre": ["Soul"],
        "title": ["Love T.K.O."]
    }
},
"lowlevel": {
    "average_loudness": 0.89172911644,
    "barkbands_crest": {
        "mean": 12.1625337601,
        "stdev": 4.6569890976
    },
    "barkbands_flatness_db": {
        "mean": 0.211995869875,
        "stdev": 0.0797659903765
    },
    "barkbands_kurtosis": {
        "mean": 11.7040834427,
        "stdev": 19.3155784607
    },
    "barkbands_skewness": {
        "mean": 2.25867986679,
        "stdev": 1.61283922195
    },
    "barkbands_spread": {
        "mean": 15.2963323593,
        "stdev": 16.7344398499
    },
    "dissonance": {
        "mean": 0.436782807112,
        "stdev": 0.0452225953341
    },
    "dynamic_complexity": 4.27877664566,
    "erbbands_crest": {
        "mean": 10.3411083221,
        "stdev": 4.71161651611
    },
    "erbbands_flatness_db": {
        "mean": 0.184788256884,
        "stdev": 0.0569408275187
    },
    "erbbands_kurtosis": {
        "mean": 3.29432702065,
        "stdev": 5.7448182106
    },
    "erbbands_skewness": {
        "mean": 1.11126971245,
        "stdev": 1.19118785858
    },
    "erbbands_spread": {
        "mean": 39.0082015991,
        "stdev": 27.3903236389
    },
    "hfc": {
        "mean": 14.2741165161,
        "stdev": 21.5826568604
    },
    "loudness_ebu128": {
        "integrated": -16.6688594818,
        "loudness_range": 3.57860183716,
        "momentary": {
            "mean": -19.8953990936,
            "stdev": 21.4921035767
        },
        "short_term": {
            "mean": -17.8564834595,
            "stdev": 6.28890037537
        }
    },
    "melbands_crest": {
        "mean": 15.0879545212,
        "stdev": 5.27985429764
    },
    "melbands_flatness_db": {
        "mean": 0.289836734533,
        "stdev": 0.104966528714
    },
    "melbands_kurtosis": {
        "mean": 24.2727603912,
        "stdev": 36.486656189
    },
    "melbands_skewness": {
        "mean": 3.11030745506,
        "stdev": 2.03268814087
    },
    "melbands_spread": {
        "mean": 15.5333166122,
        "stdev": 23.5134887695
    },
    "pitch_salience": {
        "mean": 0.536428630352,
        "stdev": 0.132408052683
    },
    "silence_rate_20dB": {
        "mean": 1,
        "stdev": 0
    },
    "silence_rate_30dB": {
        "mean": 0.982684314251,
        "stdev": 0.130452141166
    },
    "silence_rate_60dB": {
        "mean": 0.130444824696,
        "stdev": 0.336790412664
    },
    "spectral_centroid": {
        "mean": 1031.93908691,
        "stdev": 1162.01318359
    },
    "spectral_complexity": {
        "mean": 10.6662302017,
        "stdev": 7.69103097916
    },
    "spectral_decrease": {
        "mean": -7.11783698648e-09,
        "stdev": 7.35616856318e-09
    },
    "spectral_energy": {
        "mean": 0.0281590111554,
        "stdev": 0.0286530330777
    },
    "spectral_energyband_high": {
        "mean": 0.000882232561707,
        "stdev": 0.0023514253553
    },
    "spectral_energyband_low": {
        "mean": 0.0153235504404,
        "stdev": 0.0232007037848
    },
    "spectral_energyband_middle_high": {
        "mean": 0.00177030218765,
        "stdev": 0.00374307716265
    },
    "spectral_energyband_middle_low": {
        "mean": 0.0112706776708,
        "stdev": 0.0119773559272
    },
    "spectral_entropy": {
        "mean": 7.10873126984,
        "stdev": 0.73621982336
    },
    "spectral_flux": {
        "mean": 0.0806779563427,
        "stdev": 0.0687067061663
    },
    "spectral_kurtosis": {
        "mean": 7.23935031891,
        "stdev": 11.4510774612
    },
    "spectral_rms": {
        "mean": 0.00460260221735,
        "stdev": 0.00250763981603
    },
    "spectral_rolloff": {
        "mean": 1151.49377441,
        "stdev": 2235.13574219
    },
    "spectral_skewness": {
        "mean": 1.80115628242,
        "stdev": 1.19789242744
    },
    "spectral_spread": {
        "mean": 4815353.5,
        "stdev": 3579246.75
    },
    "spectral_strongpeak": {
        "mean": 0.671644866467,
        "stdev": 1.08764028549
    },
    "zerocrossingrate": {
        "mean": 0.046379391104,
        "stdev": 0.0587184354663
    },
    "barkbands": {
        "mean": [0.000306363828713, 0.0105389580131, 0.00345548335463, 0.00161580974236, 0.00289678550325, 0.00192550651263, 0.00186519790441, 0.00143576820847, 0.0013919576304, 0.00040517305024, 0.000309279421344, 0.000169933846337, 0.000116349554446, 7.47688172851e-05, 4.87841862196e-05, 0.000115395057946, 0.000102202589915, 9.28646768443e-05, 0.000309913331876, 0.000212841638131, 0.000238427586737, 0.000185827186215, 0.000191296465346, 8.44819296617e-05, 5.52938727196e-05, 1.28778574435e-05, 1.53610517373e-06],
        "stdev": [0.00068047241075, 0.0158601179719, 0.00863462127745, 0.00301665556617, 0.00388895487413, 0.00321649038233, 0.00341420248151, 0.00475381594151, 0.00432585598901, 0.00180880108383, 0.00120261602569, 0.000675472198054, 0.000438147370005, 0.000278219638858, 0.000238492662902, 0.000438583287178, 0.000315178243909, 0.000370751862647, 0.0013754137326, 0.000668683205731, 0.000741893483792, 0.000621393846814, 0.00065752241062, 0.000240291978116, 0.000269891927019, 4.80584603793e-05, 8.36911567603e-06]
    },
    "erbbands": {
        "mean": [0.302083581686, 2.33712291718, 4.19579219818, 5.31319046021, 5.97441482544, 10.6121444702, 13.9074449539, 16.696844101, 22.1861362457, 32.0380973816, 33.7770004272, 28.1737003326, 21.8405132294, 12.9389467239, 9.99893474579, 6.25010538101, 5.4358754158, 4.4186964035, 3.17594647408, 3.01722979546, 7.23426294327, 6.15772199631, 4.77221822739, 13.1761608124, 13.5626983643, 9.86183929443, 10.3192415237, 8.53213882446, 6.65422344208, 5.96292543411, 5.46826791763, 2.37986063957, 1.14898896217, 0.529365003109, 0.493200927973, 0.0851055532694, 0.0219022668898, 0.00336498930119, 0.000303162320051, 4.36968912254e-05],
        "stdev": [0.504622578621, 3.69924855232, 9.95321655273, 9.8740196228, 9.26453208923, 16.929977417, 19.557477951, 32.6391716003, 36.8856811523, 78.0823822021, 112.125022888, 91.6974411011, 77.792427063, 46.1772346497, 35.709854126, 23.506029129, 18.7240695953, 16.5198535919, 12.105840683, 13.1529188156, 26.1645946503, 18.6162433624, 16.7805213928, 62.438583374, 52.8552207947, 31.2800884247, 31.9845790863, 30.4049606323, 22.1922054291, 18.4298400879, 19.2319717407, 6.81935882568, 3.34170079231, 1.61052632332, 3.48147416115, 0.334927856922, 0.0835103243589, 0.0144273284823, 0.00172147992998, 8.52940138429e-05]
    },
    "gfcc": {
        "mean": [-81.994354248, 120.713790894, -81.2251358032, 45.6422958374, -76.5197906494, -0.923262298107, -25.9480934143, 11.2723665237, -14.9572782516, 0.659612953663, -9.40716266632, 0.603545069695, -3.14001464844],
        "cov": [[21342.5097656, -1036.57409668, -1610.17810059, 1096.08239746, -1012.02087402, 623.945007324, -196.553756714, 344.846984863, -386.409118652, 195.438278198, -233.404907227, -13.455452919, -323.137298584], [-1036.57409668, 2680.01147461, 104.24016571, -396.021942139, 640.837585449, -357.921844482, 299.898864746, -53.5359191895, 233.105926514, -217.578826904, 219.716262817, -118.253822327, 185.314819336], [-1610.17810059, 104.24016571, 1234.62451172, 136.370285034, 58.5243988037, 86.9873580933, 66.2397689819, -34.8061904907, 116.193962097, -6.23693227768, -27.7477226257, 43.2702903748, -8.39484405518], [1096.08239746, -396.021942139, 136.370285034, 519.656860352, -39.362953186, 97.3932342529, -30.59233284, 30.8890686035, 12.5087213516, 40.1725158691, -44.9137573242, -26.4644260406, -27.8994007111], [-1012.02087402, 640.837585449, 58.5243988037, -39.362953186, 587.878295898, 11.2862787247, 136.970077515, 8.38713264465, 133.834991455, -61.2796211243, 82.1719894409, -40.5563583374, 21.8397445679], [623.945007324, -357.921844482, 86.9873580933, 97.3932342529, 11.2862787247, 304.833435059, 29.731212616, 31.2184906006, -6.98375463486, 47.9392280579, -23.6351203918, 20.4913444519, -58.5302314758], [-196.553756714, 299.898864746, 66.2397689819, -30.59233284, 136.970077515, 29.731212616, 273.63873291, 63.9727745056, 13.3545560837, -17.1784210205, 55.0297088623, -19.1564216614, 22.2248153687], [344.846984863, -53.5359191895, -34.8061904907, 30.8890686035, 8.38713264465, 31.2184906006, 63.9727745056, 157.580841064, 23.4840602875, 1.11639785767, -0.626777231693, 5.19197034836, 6.55181217194], [-386.409118652, 233.105926514, 116.193962097, 12.5087213516, 133.834991455, -6.98375463486, 13.3545560837, 23.4840602875, 153.540328979, 2.66626429558, 15.0662870407, -5.42201328278, 32.4034881592], [195.438278198, -217.578826904, -6.23693227768, 40.1725158691, -61.2796211243, 47.9392280579, -17.1784210205, 1.11639785767, 2.66626429558, 104.141723633, 4.65717744827, 0.697368443012, -8.95293426514], [-233.404907227, 219.716262817, -27.7477226257, -44.9137573242, 82.1719894409, -23.6351203918, 55.0297088623, -0.626777231693, 15.0662870407, 4.65717744827, 109.505607605, 7.04395341873, 19.8647441864], [-13.455452919, -118.253822327, 43.2702903748, -26.4644260406, -40.5563583374, 20.4913444519, -19.1564216614, 5.19197034836, -5.42201328278, 0.697368443012, 7.04395341873, 107.537330627, 15.8669538498], [-323.137298584, 185.314819336, -8.39484405518, -27.8994007111, 21.8397445679, -58.5302314758, 22.2248153687, 6.55181217194, 32.4034881592, -8.95293426514, 19.8647441864, 15.8669538498, 115.776916504]],
        "icov": [[9.60688703344e-05, -0.000173403357621, 0.000167127771419, -0.000272288569249, 0.000209394842386, -0.000244597293204, 6.14250093349e-05, -0.000191239494598, 0.0001508542191, -0.000167503356352, 0.000192652994883, -0.000210741680348, 0.000268717529252], [-0.000173403357621, 0.00142900831997, -0.00038829082041, 0.000969145621639, -0.000759328599088, 0.00107397162355, -0.000747202895582, 0.000900739338249, -0.00132648099679, 0.00182757468428, -0.00152523745783, 0.00147735793144, -0.00121544266585], [0.000167127771419, -0.00038829082041, 0.00133734289557, -0.000795268802904, 0.00057733891299, -0.000633977644611, -0.000456170499092, 0.00035613856744, -0.000783285242505, -0.000122436089441, 0.000839915242977, -0.0011189886136, 0.000850298441947], [-0.000272288569249, 0.000969145621639, -0.000795268802904, 0.00327500840649, -0.000731519714464, 0.000379211385734, 1.07257073978e-05, 0.000168024052982, -0.00083258014638, 0.000554700498469, -0.000582805892918, 0.00196630321443, -0.00115510064643], [0.000209394842386, -0.000759328599088, 0.00057733891299, -0.000731519714464, 0.00365620618686, -0.00141592696309, -0.000695523864124, 0.000172175728949, -0.00210344372317, 0.00122004759032, -0.000867945491336, 6.00925122853e-05, 0.00120741233695], [-0.000244597293204, 0.00107397162355, -0.000633977644611, 0.000379211385734, -0.00141592696309, 0.00568708730862, -0.00133891962469, 0.000230512698181, -0.000484021933516, -0.00105329579674, 0.000227018317673, -0.000566586793866, 0.00112256838474], [6.14250093349e-05, -0.000747202895582, -0.000456170499092, 1.07257073978e-05, -0.000695523864124, -0.00133891962469, 0.00613175984472, -0.00304822647013, 0.00248006056063, -0.000525276584085, -0.00158076814841, 0.000955686729867, -0.000807798816822], [-0.000191239494598, 0.000900739338249, 0.00035613856744, 0.000168024052982, 0.000172175728949, 0.000230512698181, -0.00304822647013, 0.00880314037204, -0.00323924003169, 0.00162295799237, -4.35482761532e-05, -0.00015341451217, -0.000677560106851], [0.0001508542191, -0.00132648099679, -0.000783285242505, -0.00083258014638, -0.00210344372317, -0.000484021933516, 0.00248006056063, -0.00323924003169, 0.0119016170502, -0.00386178144254, 0.00152156688273, -0.000662928039674, -0.00165372469928], [-0.000167503356352, 0.00182757468428, -0.000122436089441, 0.000554700498469, 0.00122004759032, -0.00105329579674, -0.000525276584085, 0.00162295799237, -0.00386178144254, 0.0147846052423, -0.00472954800352, 0.0028864806518, -0.00138159829658], [0.000192652994883, -0.00152523745783, 0.000839915242977, -0.000582805892918, -0.000867945491336, 0.000227018317673, -0.00158076814841, -4.35482761532e-05, 0.00152156688273, -0.00472954800352, 0.0141620486975, -0.00371877546422, 0.00077206233982], [-0.000210741680348, 0.00147735793144, -0.0011189886136, 0.00196630321443, 6.00925122853e-05, -0.000566586793866, 0.000955686729867, -0.00015341451217, -0.000662928039674, 0.0028864806518, -0.00371877546422, 0.0128847463056, -0.00375174125656], [0.000268717529252, -0.00121544266585, 0.000850298441947, -0.00115510064643, 0.00120741233695, 0.00112256838474, -0.000807798816822, -0.000677560106851, -0.00165372469928, -0.00138159829658, 0.00077206233982, -0.00375174125656, 0.0123869227245]]
    },
    "melbands": {
        "mean": [0.00285962992348, 0.00258862343617, 0.000921005557757, 0.000588582130149, 0.000498285866342, 0.000378383207135, 0.000349417532561, 0.000341452367138, 0.000267611438176, 0.00018100325542, 0.000107525745989, 5.13400300406e-05, 3.84799277526e-05, 2.00685590244e-05, 1.33558178277e-05, 1.17497183965e-05, 7.55307155487e-06, 5.25509904037e-06, 3.48060484612e-06, 5.40086148249e-06, 8.91008949111e-06, 6.75285537e-06, 3.98257225243e-06, 4.51569940196e-06, 1.14645927169e-05, 1.14549047794e-05, 7.93279014033e-06, 6.17368596068e-06, 6.51527261653e-06, 5.50434788238e-06, 4.88629257234e-06, 3.65931941815e-06, 3.63518006452e-06, 3.30581679009e-06, 3.7771803818e-06, 1.82884718924e-06, 1.28108013087e-06, 8.53384392485e-07, 5.3130094102e-07, 3.88506805393e-07],
        "stdev": [0.00432819873095, 0.0050089857541, 0.0016611701576, 0.000872306642123, 0.000678480835631, 0.000689780747052, 0.000573406519834, 0.000853463134263, 0.000891508942004, 0.00060866412241, 0.00039631742402, 0.000193848434719, 0.00014164672757, 8.81478117662e-05, 4.37474882347e-05, 4.77226931253e-05, 3.02505759464e-05, 2.03156159841e-05, 1.84483360499e-05, 2.42004316533e-05, 3.4146476537e-05, 2.15193540498e-05, 1.42562157635e-05, 2.04942043638e-05, 5.96462996327e-05, 5.13245940965e-05, 2.94553956337e-05, 2.10542712011e-05, 2.0511844923e-05, 1.79071630555e-05, 2.04374573514e-05, 1.30582857309e-05, 1.16664659799e-05, 1.09301563498e-05, 1.55155339598e-05, 5.37965115655e-06, 3.77164087695e-06, 2.53719031207e-06, 1.53553003202e-06, 1.23100392102e-06]
    },
    "melbands128": {
        "mean": [0.000297243474051, 0.00216339668259, 0.00420066015795, 0.0037476667203, 0.00240995571949, 0.00161764130462, 0.00114469777327, 0.000678433862049, 0.000553447578568, 0.000594805402216, 0.000614254618995, 0.000569165276829, 0.000489093770739, 0.000409399537602, 0.000341531558661, 0.000398996227887, 0.00038147214218, 0.000299885403365, 0.00034239992965, 0.000415731279645, 0.000257285748376, 0.000315667188261, 0.000276840524748, 0.000234849736444, 0.000139740528539, 0.000197836838197, 0.000190965482034, 7.48415186536e-05, 6.90000015311e-05, 4.12989902543e-05, 5.21318106621e-05, 5.55057958991e-05, 3.91284484067e-05, 2.44523944275e-05, 2.57848114416e-05, 1.78814752871e-05, 1.23885783978e-05, 1.63193635672e-05, 1.04155769804e-05, 1.15646898848e-05, 1.26007171275e-05, 1.16321534733e-05, 7.54484062782e-06, 5.27162274011e-06, 6.16974512013e-06, 5.19503646501e-06, 4.51334608442e-06, 3.59579848919e-06, 2.69344900516e-06, 3.72422232431e-06, 5.15570582138e-06, 6.9275365604e-06, 1.15288867164e-05, 8.80639254319e-06, 5.48782782062e-06, 8.48144645715e-06, 5.66263724977e-06, 3.57686212737e-06, 3.92417950934e-06, 3.47283116753e-06, 4.27755458077e-06, 4.908064966e-06, 7.61310639064e-06, 1.5044986867e-05, 1.55822999659e-05, 1.06466786747e-05, 9.60516445048e-06, 9.23683273868e-06, 7.49974333303e-06, 6.16148781774e-06, 6.25837992629e-06, 5.91069692746e-06, 6.49437015454e-06, 6.35628794043e-06, 7.21309470464e-06, 5.71441023567e-06, 4.60204591946e-06, 4.79129585074e-06, 5.51191715203e-06, 4.35390666098e-06, 3.58295301339e-06, 3.21197421727e-06, 3.98683596359e-06, 3.82983307645e-06, 3.28361943502e-06, 2.72856186712e-06, 2.6220707241e-06, 5.81915355724e-06, 4.00911858378e-06, 2.61625154963e-06, 1.75551542725e-06, 1.83435838608e-06, 1.46045351812e-06, 1.32497734739e-06, 1.13162468551e-06, 8.93691606052e-07, 8.21294122488e-07, 7.86458485891e-07, 4.67200891308e-07, 4.54250084658e-07, 4.33572523661e-07, 3.63633233746e-07, 3.67191148598e-07, 4.47488929467e-07, 1.16480066481e-06, 3.5727651948e-07, 1.68358042174e-07, 1.32293592969e-07, 1.24577439919e-07, 9.62282058481e-08, 9.72971747615e-08, 8.1181028122e-08, 6.735304936e-08, 5.23225125448e-08, 3.32503908851e-08, 3.25925313405e-08, 2.30634995546e-08, 1.21896706062e-08, 7.36944016921e-09, 5.98447469358e-09, 8.3987750088e-09, 7.99565391674e-09, 4.06846600853e-09, 1.19361482503e-11, 3.95628885555e-12, 3.91499332952e-12, 3.88411742006e-12, 3.85751630291e-12],
        "stdev": [0.000665557803586, 0.00424451101571, 0.00649067899212, 0.00643736450002, 0.00581371923909, 0.00383529951796, 0.00217079650611, 0.00132140796632, 0.000983138335869, 0.00111377739813, 0.00134707684629, 0.000988283543848, 0.000789207115304, 0.000802905764431, 0.000850029115099, 0.00104120688047, 0.000816803774796, 0.000669054570608, 0.000970559311099, 0.00126977020409, 0.00100367632695, 0.0014141225256, 0.00123846088536, 0.00105428916868, 0.000753939326387, 0.000985452788882, 0.000839707267005, 0.000454118271591, 0.000406557199312, 0.000240073830355, 0.000269229261903, 0.00027380589745, 0.000187386205653, 0.000152671753312, 0.000148619714309, 0.000115719725727, 7.27519800421e-05, 6.3478393713e-05, 4.90925449412e-05, 5.78062790737e-05, 6.94505215506e-05, 6.25971952104e-05, 4.39112300228e-05, 2.93522007269e-05, 2.84496909444e-05, 2.71114658972e-05, 3.41234117514e-05, 2.80284584733e-05, 2.38170614466e-05, 2.70880191238e-05, 3.46786873706e-05, 4.16922921431e-05, 5.39081447641e-05, 4.89908161398e-05, 2.32467136811e-05, 3.45488879248e-05, 2.25182520808e-05, 1.46738684634e-05, 1.85426997632e-05, 1.80549704965e-05, 2.59889220615e-05, 3.40982733178e-05, 4.42557029601e-05, 0.000109931257612, 0.000121013712487, 6.28771085758e-05, 5.0963859394e-05, 5.07797085447e-05, 3.16986370308e-05, 2.26725969696e-05, 2.91825035674e-05, 2.56066668953e-05, 2.51706642302e-05, 2.30170262512e-05, 3.24494685628e-05, 2.10568268812e-05, 1.62937521964e-05, 2.05035339604e-05, 2.8010817914e-05, 2.21436712309e-05, 1.36189082696e-05, 1.24941079775e-05, 1.38390778375e-05, 1.31243268697e-05, 1.145763963e-05, 9.75816328719e-06, 8.36438175611e-06, 3.24222382915e-05, 1.93792748178e-05, 9.03258296603e-06, 5.17486569152e-06, 6.09946346231e-06, 4.78699985251e-06, 4.05340961152e-06, 3.57956787411e-06, 2.8582151117e-06, 2.58785212282e-06, 2.59685180026e-06, 1.36200264933e-06, 1.38681423323e-06, 1.40286533679e-06, 1.1840032812e-06, 1.44893851939e-06, 2.68738153864e-06, 1.10088467409e-05, 2.1432383619e-06, 6.54838913761e-07, 4.89570879836e-07, 4.96433415265e-07, 3.62874118309e-07, 3.90488708035e-07, 3.38686135137e-07, 2.67046885938e-07, 2.2243425235e-07, 1.37956817525e-07, 1.57196751616e-07, 1.07272946082e-07, 8.03051420917e-08, 6.6236800933e-08, 4.95816934176e-08, 8.33150011204e-08, 8.60604600916e-08, 4.70420360443e-08, 1.13645627631e-10, 6.8985975786e-12, 6.81610497211e-12, 6.75510558948e-12, 6.71724741802e-12]
    },
    "mfcc": {
        "mean": [-724.19519043, 139.130859375, 42.1313667297, 42.3427047729, -13.2250185013, -4.24918079376, -4.28390073776, 5.24147081375, 2.12790632248, 2.48266553879, -2.68653678894, 3.9192533493, 3.66362142563],
        "cov": [[12467.7666016, -1694.76477051, -502.631408691, 229.155273438, -373.553039551, 262.553405762, 170.218734741, 131.077285767, -75.1567077637, 276.330078125, 10.0625009537, -16.9857959747, 9.66819190979], [-1694.76477051, 2960.66601562, -129.856658936, 142.277130127, 215.253036499, -147.607666016, 123.014953613, 113.74407196, 127.576011658, -58.2791404724, 33.1280784607, 70.6174850464, 73.7237472534], [-502.631408691, -129.856658936, 1051.95910645, 130.174560547, -4.39259958267, 102.397109985, -64.9584274292, 32.4604682922, 42.694934845, -3.87715172768, -5.04735565186, 29.5320167542, 9.9417552948], [229.155273438, 142.277130127, 130.174560547, 389.668060303, 74.7099380493, 11.6067676544, 18.6530704498, 24.9972801208, 50.8857116699, 28.5674762726, 9.62027263641, 10.3810949326, -0.84219700098], [-373.553039551, 215.253036499, -4.39259958267, 74.7099380493, 352.162139893, 91.0198974609, -17.6089630127, 58.4406013489, 34.5322875977, 41.0830726624, 23.6108150482, 29.1537132263, 18.5460891724], [262.553405762, -147.607666016, 102.397109985, 11.6067676544, 91.0198974609, 245.856903076, 43.6825294495, 30.6463813782, 1.05692529678, 37.6265296936, 35.6185455322, 11.4259729385, 6.91631317139], [170.218734741, 123.014953613, -64.9584274292, 18.6530704498, -17.6089630127, 43.6825294495, 231.111175537, 62.6515731812, 20.4799823761, 38.2508468628, 40.4680786133, 6.29878902435, 8.88788795471], [131.077285767, 113.74407196, 32.4604682922, 24.9972801208, 58.4406013489, 30.6463813782, 62.6515731812, 181.423400879, 45.2669792175, 8.16855049133, 29.9270706177, 12.5226802826, 22.2333450317], [-75.1567077637, 127.576011658, 42.694934845, 50.8857116699, 34.5322875977, 1.05692529678, 20.4799823761, 45.2669792175, 139.986541748, 37.798286438, -4.77735376358, 15.9112663269, 16.632232666], [276.330078125, -58.2791404724, -3.87715172768, 28.5674762726, 41.0830726624, 37.6265296936, 38.2508468628, 8.16855049133, 37.798286438, 134.410400391, 32.4084281921, -5.90565729141, 7.40031957626], [10.0625009537, 33.1280784607, -5.04735565186, 9.62027263641, 23.6108150482, 35.6185455322, 40.4680786133, 29.9270706177, -4.77735376358, 32.4084281921, 101.050750732, 16.3612194061, -5.16684150696], [-16.9857959747, 70.6174850464, 29.5320167542, 10.3810949326, 29.1537132263, 11.4259729385, 6.29878902435, 12.5226802826, 15.9112663269, -5.90565729141, 16.3612194061, 83.3951187134, 19.2966156006], [9.66819190979, 73.7237472534, 9.9417552948, -0.84219700098, 18.5460891724, 6.91631317139, 8.88788795471, 22.2333450317, 16.632232666, 7.40031957626, -5.16684150696, 19.2966156006, 78.6525192261]],
        "icov": [[0.000111652552732, 4.7064942919e-05, 0.000100627854408, -0.000141166383401, 0.000220113652176, -0.000163974720635, 4.64237164124e-05, -0.000205904856557, 0.00014357008331, -0.000282225228148, 0.000159343035193, -0.000137113544042, -1.62944306794e-05], [4.7064942919e-05, 0.000458213035017, 6.03039625275e-05, -0.000136542046675, -0.000274623773294, 0.000358371995389, -0.000311150099151, -4.49320286862e-05, -0.000284046167508, 0.000344319239957, -0.000184344200534, -0.000117074232548, -0.000318982638419], [0.000100627854408, 6.03039625275e-05, 0.00122732191812, -0.000540108769201, 0.00057838432258, -0.000807100674137, 0.00062055233866, -0.000480233953567, -0.00013523841335, -0.000169997554622, 0.000250719895121, -0.00048848730512, -4.86850367452e-05], [-0.000141166383401, -0.000136542046675, -0.000540108769201, 0.00314424699172, -0.000903760141227, 0.000512626837008, -0.000410207896493, 0.000386109022656, -0.000883362139575, 6.97327632224e-05, -0.000263977330178, 0.00022417929722, 0.000460410490632], [0.000220113652176, -0.000274623773294, 0.00057838432258, -0.000903760141227, 0.00459515117109, -0.00211941543967, 0.0016353946412, -0.00164925889112, 0.000353750190698, -0.00181428121869, 0.000497130502481, -0.00129527191166, -2.18396980927e-05], [-0.000163974720635, 0.000358371995389, -0.000807100674137, 0.000512626837008, -0.00211941543967, 0.00596594298258, -0.00150505721103, 0.000367217959138, 0.000186119868886, 4.56154484709e-05, -0.00135664059781, 0.000180655522854, -0.000343935185811], [4.64237164124e-05, -0.000311150099151, 0.00062055233866, -0.000410207896493, 0.0016353946412, -0.00150505721103, 0.00605752179399, -0.00203048554249, 9.52212285483e-05, -0.00162443600129, -0.00092389137717, -0.000366086867871, 1.13009275537e-06], [-0.000205904856557, -4.49320286862e-05, -0.000480233953567, 0.000386109022656, -0.00164925889112, 0.000367217959138, -0.00203048554249, 0.0079492405057, -0.00255174702033, 0.0022408850491, -0.00241125072353, 0.00109938450623, -0.00162812462077], [0.00014357008331, -0.000284046167508, -0.00013523841335, -0.000883362139575, 0.000353750190698, 0.000186119868886, 9.52212285483e-05, -0.00255174702033, 0.00993309635669, -0.00379311130382, 0.00272408826277, -0.00199565012008, -0.000208029829082], [-0.000282225228148, 0.000344319239957, -0.000169997554622, 6.97327632224e-05, -0.00181428121869, 4.56154484709e-05, -0.00162443600129, 0.0022408850491, -0.00379311130382, 0.0112575413659, -0.0040200939402, 0.00277176685631, -0.00149312103167], [0.000159343035193, -0.000184344200534, 0.000250719895121, -0.000263977330178, 0.000497130502481, -0.00135664059781, -0.00092389137717, -0.00241125072353, 0.00272408826277, -0.0040200939402, 0.0135254459456, -0.00344670307823, 0.00244309613481], [-0.000137113544042, -0.000117074232548, -0.00048848730512, 0.00022417929722, -0.00129527191166, 0.000180655522854, -0.000366086867871, 0.00109938450623, -0.00199565012008, 0.00277176685631, -0.00344670307823, 0.0145431570709, -0.00342235178687], [-1.62944306794e-05, -0.000318982638419, -4.86850367452e-05, 0.000460410490632, -2.18396980927e-05, -0.000343935185811, 1.13009275537e-06, -0.00162812462077, -0.000208029829082, -0.00149312103167, 0.00244309613481, -0.00342235178687, 0.0147063415498]]
    },
    "spectral_contrast_coeffs": {
        "mean": [-0.728957176208, -0.734079658985, -0.752690911293, -0.81376349926, -0.803092956543, -0.764664173126],
        "stdev": [0.0780975967646, 0.0758236050606, 0.0750563293695, 0.0565748624504, 0.0590481050313, 0.0511497668922]
    },
    "spectral_contrast_valleys": {
        "mean": [-6.7684879303, -7.05207633972, -8.51528072357, -9.23755168915, -8.64525127411, -11.1347532272],
        "stdev": [2.11064267159, 2.02282476425, 1.98685014248, 1.949234128, 2.03987216949, 2.01333141327]
    }
},
"rhythm": {
    "beats_count": 730,
    "beats_loudness": {
        "mean": 0.0447656325996,
        "stdev": 0.0270448923111
    },
    "bpm": 145.378417969,
    "bpm_histogram_first_peak_bpm": 144,
    "bpm_histogram_first_peak_weight": 0.502848982811,
    "bpm_histogram_second_peak_bpm": 152,
    "bpm_histogram_second_peak_spread": 0,
    "bpm_histogram_second_peak_weight": 0.0301783271134,
    "danceability": 1.17649519444,
    "onset_rate": 4.09335565567,
    "beats_loudness_band_ratio": {
        "mean": [0.554017663002, 0.183924600482, 0.149466827512, 0.0297036468983, 0.0214711837471, 0.080527253449],
        "stdev": [0.322284579277, 0.159284338355, 0.159197494388, 0.0650948062539, 0.0323841385543, 0.118021443486]
    },
    "beats_position": [0.394739210606, 0.801088392735, 1.20743763447, 1.62539684772, 2.04335594177, 2.46131515503, 2.87927436829, 3.29723358154, 3.7151927948, 4.13315200806, 4.55111122131, 4.96907043457, 5.38702917099, 5.79337835312, 6.19972801208, 6.6176867485, 7.03564596176, 7.45360517502, 7.87156438828, 8.27791404724, 8.68426322937, 9.10222244263, 9.52018165588, 9.92653083801, 10.3328800201, 10.7508392334, 11.1687984467, 11.5751476288, 11.9931058884, 12.3994560242, 12.8058052063, 13.2121543884, 13.6301136017, 14.0480718613, 14.4428119659, 14.8607711792, 15.2787294388, 15.696688652, 16.114648819, 16.5209980011, 16.9389572144, 17.3453063965, 17.7516555786, 18.1580047607, 18.575963974, 18.9823131561, 19.3886623383, 19.7950115204, 20.2129707336, 20.6193199158, 21.0256690979, 21.43201828, 21.8383674622, 22.2447166443, 22.6626758575, 23.0690250397, 23.4753742218, 23.8817234039, 24.2880725861, 24.6944217682, 25.1007709503, 25.5187301636, 25.9366893768, 26.3546485901, 26.7842178345, 27.2137870789, 27.6549663544, 28.0845336914, 28.5024929047, 28.9204521179, 29.3384113312, 29.7563705444, 30.1743297577, 30.5806789398, 30.9986381531, 31.4165973663, 31.8345565796, 32.2525177002, 32.6704750061, 33.0884361267, 33.5063934326, 33.9243545532, 34.3307037354, 34.7486610413, 35.1666221619, 35.572971344, 35.9909286499, 36.4088897705, 36.8152389526, 37.2215881348, 37.6279373169, 38.0458946228, 38.4522438049, 38.8585929871, 39.2649421692, 39.6829032898, 40.0892524719, 40.5072097778, 40.91355896, 41.3199081421, 41.7262573242, 42.1442184448, 42.5621757507, 42.9685249329, 43.374874115, 43.7928352356, 44.2107925415, 44.6171417236, 45.0234909058, 45.4182319641, 45.8245811462, 46.2309303284, 46.6488876343, 47.0668487549, 47.473197937, 47.8795471191, 48.297504425, 48.7038536072, 49.1102027893, 49.5281639099, 49.9461212158, 50.3524703979, 50.7588195801, 51.1767807007, 51.5947380066, 52.0010871887, 52.4074363708, 52.813785553, 53.2201347351, 53.6264839172, 54.0328330994, 54.45079422, 54.8687515259, 55.2634925842, 55.6814498901, 56.0877990723, 56.4941482544, 56.9004974365, 57.3068466187, 57.7248077393, 58.1427650452, 58.5491142273, 58.9554634094, 59.37342453, 59.7913818359, 60.1977310181, 60.6040802002, 61.0220413208, 61.4167785645, 61.8347396851, 62.252696991, 62.6590461731, 63.0653953552, 63.4717445374, 63.8780937195, 64.2960510254, 64.714012146, 65.1087493896, 65.5267105103, 65.9330596924, 66.3394088745, 66.7457580566, 67.1521072388, 67.5468444824, 67.964805603, 68.3595428467, 68.7775039673, 69.1838531494, 69.5902023315, 70.0081634521, 70.4145126343, 70.8324737549, 71.238822937, 71.6451721191, 72.0515213013, 72.4694747925, 72.8874359131, 73.2821731567, 73.7001342773, 74.1180953979, 74.5360565186, 74.9424057007, 75.3487548828, 75.7551040649, 76.1614532471, 76.5678024292, 76.9741516113, 77.3921051025, 77.8100662231, 78.2280273438, 78.6459884644, 79.0639419556, 79.4819030762, 79.9114761353, 80.3410415649, 80.7590026855, 81.1769561768, 81.5833053589, 81.9896621704, 82.4076156616, 82.8255767822, 83.2319259644, 83.6382751465, 84.0446243286, 84.4625854492, 84.8689346313, 85.2868881226, 85.7048492432, 86.1228103638, 86.5407714844, 86.9587249756, 87.3766860962, 87.7946472168, 88.2009963989, 88.6189575195, 89.0253067017, 89.4432601929, 89.8612213135, 90.2791824341, 90.6855316162, 91.0918807983, 91.5098419189, 91.9277954102, 92.3457565308, 92.7637176514, 93.1700668335, 93.5764160156, 93.9943771362, 94.4123306274, 94.830291748, 95.2482528687, 95.6662139893, 96.0841674805, 96.4905166626, 96.8968658447, 97.3148269653, 97.7327880859, 98.1391372681, 98.5454864502, 98.9518356323, 99.3581848145, 99.7761459351, 100.170883179, 100.577232361, 100.995193481, 101.401542664, 101.819496155, 102.225845337, 102.632194519, 103.038543701, 103.444892883, 103.862854004, 104.269203186, 104.675552368, 105.093513489, 105.511474609, 105.929428101, 106.335777283, 106.742126465, 107.171699524, 107.601264954, 108.007614136, 108.413963318, 108.831924438, 109.249885559, 109.644622803, 110.062583923, 110.480545044, 110.898498535, 111.316459656, 111.734420776, 112.152381897, 112.570335388, 112.988296509, 113.406257629, 113.82421875, 114.242172241, 114.648521423, 115.054870605, 115.461219788, 115.86756897, 116.28553009, 116.703491211, 117.109840393, 117.516189575, 117.922538757, 118.328887939, 118.735237122, 119.141586304, 119.547935486, 119.954284668, 120.372245789, 120.79019928, 121.2081604, 121.626121521, 122.032470703, 122.438819885, 122.856781006, 123.274734497, 123.681083679, 124.087432861, 124.493782043, 124.911743164, 125.318092346, 125.736053467, 126.154014587, 126.571968079, 126.989929199, 127.40789032, 127.814239502, 128.220581055, 128.626937866, 129.033279419, 129.451248169, 129.86920166, 130.28717041, 130.705123901, 131.111465454, 131.517822266, 131.935775757, 132.353744507, 132.76008606, 133.166442871, 133.596008301, 134.02557373, 134.44354248, 134.849884033, 135.256240845, 135.674194336, 136.080535889, 136.4868927, 136.893234253, 137.299591064, 137.705932617, 138.112289429, 138.518630981, 138.924987793, 139.331329346, 139.737686157, 140.155639648, 140.573608398, 140.968338013, 141.386306763, 141.792648315, 142.199005127, 142.616958618, 143.046524048, 143.476104736, 143.894058228, 144.30039978, 144.706756592, 145.124710083, 145.542678833, 145.949020386, 146.355377197, 146.773330688, 147.19128418, 147.60925293, 148.027206421, 148.445159912, 148.863128662, 149.281082153, 149.699050903, 150.117004395, 150.534957886, 150.952926636, 151.370880127, 151.788833618, 152.19519043, 152.613143921, 153.042724609, 153.460678101, 153.878631592, 154.284988403, 154.691329956, 155.109298706, 155.527252197, 155.945205688, 156.363174438, 156.78112793, 157.19909668, 157.605438232, 158.011795044, 158.441360474, 158.870925903, 159.300491333, 159.741668701, 160.17124939, 160.589202881, 161.007156372, 161.425125122, 161.843078613, 162.261047363, 162.679000854, 163.096954346, 163.503311157, 163.921264648, 164.32762146, 164.745574951, 165.163528442, 165.581497192, 165.999450684, 166.405807495, 166.812149048, 167.230117798, 167.636459351, 168.042816162, 168.460769653, 168.878723145, 169.296691895, 169.703033447, 170.109390259, 170.52734375, 170.945297241, 171.363265991, 171.781219482, 172.199172974, 172.617141724, 173.035095215, 173.453063965, 173.871017456, 174.277359009, 174.68371582, 175.101669312, 175.519638062, 175.925979614, 176.332336426, 176.750289917, 177.168243408, 177.586212158, 178.004165649, 178.410522461, 178.816864014, 179.211608887, 179.629562378, 180.047531128, 180.453872681, 180.860229492, 181.266571045, 181.672927856, 182.079269409, 182.485626221, 182.903579712, 183.321533203, 183.739501953, 184.145843506, 184.552200317, 184.970153809, 185.3881073, 185.794464111, 186.212417603, 186.641998291, 187.059951782, 187.477905273, 187.895874023, 188.302215576, 188.708572388, 189.126525879, 189.54447937, 189.96244812, 190.380401611, 190.786758423, 191.193099976, 191.611068726, 192.029022217, 192.43536377, 192.841720581, 193.259674072, 193.677642822, 194.095596313, 194.501953125, 194.908294678, 195.326248169, 195.73260498, 196.138946533, 196.545303345, 196.951644897, 197.358001709, 197.7759552, 198.182312012, 198.600265503, 199.006622314, 199.412963867, 199.830932617, 200.260498047, 200.6668396, 201.08480835, 201.502761841, 201.920715332, 202.338684082, 202.745025635, 203.162994385, 203.569335938, 203.975692749, 204.382034302, 204.800003052, 205.217956543, 205.624298096, 206.042266846, 206.448608398, 206.866577148, 207.28453064, 207.690887451, 208.097229004, 208.515182495, 208.933151245, 209.339492798, 209.745849609, 210.163803101, 210.570159912, 210.988113403, 211.394470215, 211.812423706, 212.218765259, 212.62512207, 213.043075562, 213.47265625, 213.878997803, 214.296951294, 214.703308105, 215.109649658, 215.527618408, 215.933959961, 216.340316772, 216.758270264, 217.176239014, 217.582580566, 217.988937378, 218.395278931, 218.801635742, 219.219589233, 219.637542725, 220.055511475, 220.450241089, 220.868209839, 221.274551392, 221.680908203, 222.110473633, 222.516815186, 222.934783936, 223.32951355, 223.735870361, 224.142211914, 224.548568726, 224.954910278, 225.372879028, 225.779220581, 226.185577393, 226.603530884, 226.998275757, 227.416229248, 227.82258606, 228.228927612, 228.646896362, 229.064849854, 229.471191406, 229.877548218, 230.283889771, 230.690246582, 231.108200073, 231.526168823, 231.944122314, 232.350479126, 232.756820679, 233.17477417, 233.581130981, 233.987472534, 234.405441284, 234.811782837, 235.218139648, 235.63609314, 236.05406189, 236.472015381, 236.866760254, 237.284713745, 237.702667236, 238.109024048, 238.515365601, 238.933334351, 239.351287842, 239.769241333, 240.187210083, 240.593551636, 240.999908447, 241.394638062, 241.812606812, 242.230560303, 242.636917114, 243.043258667, 243.43800354, 243.844345093, 244.250701904, 244.668655396, 245.075012207, 245.48135376, 245.887710571, 246.294052124, 246.700408936, 247.106750488, 247.5131073, 247.919448853, 248.337417603, 248.732147217, 249.150115967, 249.55645752, 249.962814331, 250.369155884, 250.775512695, 251.193466187, 251.611419678, 252.029388428, 252.447341919, 252.86529541, 253.271652222, 253.677993774, 254.095962524, 254.513916016, 254.931884766, 255.349838257, 255.75617981, 256.162536621, 256.568878174, 256.975219727, 257.393188477, 257.811157227, 258.217498779, 258.623840332, 259.041809082, 259.459777832, 259.866119385, 260.272460938, 260.690429688, 261.108398438, 261.52633667, 261.94430542, 262.36227417, 262.780212402, 263.186584473, 263.592926025, 264.010864258, 264.428833008, 264.835174561, 265.241546631, 265.659484863, 266.089050293, 266.495422363, 266.913360596, 267.331329346, 267.749298096, 268.155639648, 268.561981201, 268.979949951, 269.397918701, 269.815856934, 270.233825684, 270.651794434, 271.058135986, 271.464477539, 271.882446289, 272.288787842, 272.706756592, 273.113098145, 273.531066895, 273.937408447, 274.34375, 274.75012207, 275.156463623, 275.574401855, 275.992370605, 276.398712158, 276.805084229, 277.211425781, 277.617767334, 278.024108887, 278.430480957, 278.83682251, 279.243164062, 279.649505615, 280.055877686, 280.473815918, 280.891784668, 281.298126221, 281.704498291, 282.110839844, 282.517181396, 282.923522949, 283.341491699, 283.759460449, 284.165802002, 284.583770752, 284.990112305, 285.396453857, 285.80279541, 286.20916748, 286.627105713, 287.045074463, 287.451416016, 287.857757568, 288.275726318, 288.682067871, 289.088439941, 289.483154297, 289.87789917, 290.28427124, 290.690612793, 291.085357666, 291.503295898, 291.921264648, 292.339233398, 292.757171631, 293.175140381, 293.593109131, 293.999450684, 294.417419434, 294.823760986, 295.241729736, 295.659667969, 296.066040039, 296.472381592, 296.890319824, 297.308288574, 297.726257324, 298.132598877, 298.53894043, 298.9453125, 299.351654053, 299.757995605, 300.234008789, 300.698394775, 301.162811279],
    "bpm_histogram": [0, 0, 0, 0, 0, 0, 0, 0, 0, 0, 0, 0, 0, 0, 0, 0, 0, 0, 0, 0, 0, 0, 0, 0, 0, 0, 0, 0, 0, 0, 0, 0, 0, 0, 0, 0, 0, 0, 0, 0, 0, 0, 0, 0, 0, 0, 0, 0, 0, 0, 0, 0, 0, 0, 0, 0, 0, 0, 0, 0, 0, 0, 0, 0, 0, 0, 0, 0, 0, 0, 0, 0, 0, 0, 0, 0, 0, 0, 0, 0, 0, 0, 0, 0, 0, 0, 0, 0, 0, 0, 0, 0, 0, 0, 0, 0, 0, 0, 0, 0, 0, 0, 0, 0, 0, 0, 0, 0, 0, 0, 0, 0, 0, 0, 0, 0, 0, 0, 0, 0, 0, 0, 0, 0, 0, 0, 0.00137174210977, 0, 0, 0.00274348421954, 0, 0, 0, 0, 0, 0, 0.00274348421954, 0, 0, 0, 0.0288065839559, 0, 0, 0, 0.47873800993, 0, 0, 0, 0.455418378115, 0, 0, 0, 0.0301783271134, 0, 0, 0, 0, 0, 0, 0, 0, 0, 0, 0, 0, 0, 0, 0, 0, 0, 0, 0, 0, 0, 0, 0, 0, 0, 0, 0, 0, 0, 0, 0, 0, 0, 0, 0, 0, 0, 0, 0, 0, 0, 0, 0, 0, 0, 0, 0, 0, 0, 0, 0, 0, 0, 0, 0, 0, 0, 0, 0, 0, 0, 0, 0, 0, 0, 0, 0, 0, 0, 0, 0, 0, 0, 0, 0, 0, 0, 0, 0, 0, 0, 0, 0, 0, 0, 0, 0, 0, 0, 0, 0, 0, 0, 0, 0, 0, 0]
},
"tonal": {
    "chords_changes_rate": 0.0895660221577,
    "chords_number_rate": 0.00153893500101,
    "chords_strength": {
        "mean": 0.463057845831,
        "stdev": 0.131313741207
    },
    "hpcp_crest": {
        "mean": 14.070063591,
        "stdev": 7.16537237167
    },
    "hpcp_entropy": {
        "mean": 1.89524209499,
        "stdev": 0.750358462334
    },
    "key_edma": {
        "strength": 0.656927168369,
        "key": "F#",
        "scale": "major"
    },
    "key_krumhansl": {
        "strength": 0.664050638676,
        "key": "F#",
        "scale": "major"
    },
    "key_temperley": {
        "strength": 0.676935732365,
        "key": "F#",
        "scale": "major"
    },
    "tuning_diatonic_strength": 0.629275560379,
    "tuning_equal_tempered_deviation": 0.191610485315,
    "tuning_frequency": 434.193115234,
    "tuning_nontempered_energy_ratio": 0.932283461094,
    "hpcp": {
