{
"metadata": {
    "version": {
        "essentia": "2.1-dev",
        "essentia_git_sha": "v2.1_beta3-415-gd5473f3",
        "extractor": "music 2.0"
    },
    "audio_properties": {
        "analysis": {
            "equal_loudness": 0,
            "length": 219.428573608,
            "sample_rate": 44100,
            "start_time": 0,
            "downmix": "mix"
        },
        "bit_rate": 128000,
        "length": 219.428573608,
        "lossless": 0,
        "number_channels": 2,
        "replay_gain": -4.3118057251,
        "sample_rate": 44100,
        "codec": "mp3",
        "md5_encoded": "a855bcd970b27b9d8f9777d0791ad239"
    },
    "tags": {
        "file_name": "tlc-no_scrubs.mp3"
    }
},
"lowlevel": {
    "average_loudness": 0.885738909245,
    "barkbands_crest": {
        "mean": 13.175778389,
        "stdev": 6.0179233551
    },
    "barkbands_flatness_db": {
        "mean": 0.156646177173,
        "stdev": 0.0667487904429
    },
    "barkbands_kurtosis": {
        "mean": 14.6835422516,
        "stdev": 33.9479980469
    },
    "barkbands_skewness": {
        "mean": 2.48637199402,
        "stdev": 2.50914502144
    },
    "barkbands_spread": {
        "mean": 29.2380142212,
        "stdev": 26.8196716309
    },
    "dissonance": {
        "mean": 0.448906809092,
        "stdev": 0.0381853953004
    },
    "dynamic_complexity": 5.27833271027,
    "erbbands_crest": {
        "mean": 9.10484600067,
        "stdev": 4.22005558014
    },
    "erbbands_flatness_db": {
        "mean": 0.123058900237,
        "stdev": 0.0460766255856
    },
    "erbbands_kurtosis": {
        "mean": 1.40766119957,
        "stdev": 3.2949347496
    },
    "erbbands_skewness": {
        "mean": 0.602202177048,
        "stdev": 1.03788912296
    },
    "erbbands_spread": {
        "mean": 56.7721290588,
        "stdev": 34.3410987854
    },
    "hfc": {
        "mean": 42.3936347961,
        "stdev": 109.318389893
    },
    "loudness_ebu128": {
        "integrated": -18.0793399811,
        "loudness_range": 8.42282867432,
        "momentary": {
            "mean": -21.7516593933,
            "stdev": 10.5353822708
        },
        "short_term": {
            "mean": -20.7844390869,
            "stdev": 8.36546230316
        }
    },
    "melbands_crest": {
        "mean": 17.7094573975,
        "stdev": 8.07667064667
    },
    "melbands_flatness_db": {
        "mean": 0.231879264116,
        "stdev": 0.0927767753601
    },
    "melbands_kurtosis": {
        "mean": 49.5237884521,
        "stdev": 92.478767395
    },
    "melbands_skewness": {
        "mean": 4.35805988312,
        "stdev": 3.75728821754
    },
    "melbands_spread": {
        "mean": 24.3841533661,
        "stdev": 32.8245239258
    },
    "pitch_salience": {
        "mean": 0.470323592424,
        "stdev": 0.177385538816
    },
    "silence_rate_20dB": {
        "mean": 1,
        "stdev": 0
    },
    "silence_rate_30dB": {
        "mean": 0.902232587337,
        "stdev": 0.297009557486
    },
    "silence_rate_60dB": {
        "mean": 0.177970588207,
        "stdev": 0.382494240999
    },
    "spectral_centroid": {
        "mean": 1298.90393066,
        "stdev": 986.484863281
    },
    "spectral_complexity": {
        "mean": 10.7666912079,
        "stdev": 9.59600353241
    },
    "spectral_decrease": {
        "mean": -8.20665668755e-09,
        "stdev": 1.29175861119e-08
    },
    "spectral_energy": {
        "mean": 0.0348189771175,
        "stdev": 0.0525340177119
    },
    "spectral_energyband_high": {
        "mean": 0.00336901703849,
        "stdev": 0.00962182600051
    },
    "spectral_energyband_low": {
        "mean": 0.0226538330317,
        "stdev": 0.0470317490399
    },
    "spectral_energyband_middle_high": {
        "mean": 0.00279736123048,
        "stdev": 0.00632233126089
    },
    "spectral_energyband_middle_low": {
        "mean": 0.00699469354004,
        "stdev": 0.00992988049984
    },
    "spectral_entropy": {
        "mean": 7.64543676376,
        "stdev": 0.601172566414
    },
    "spectral_flux": {
        "mean": 0.0953144356608,
        "stdev": 0.0965704843402
    },
    "spectral_kurtosis": {
        "mean": 3.2045841217,
        "stdev": 3.75369262695
    },
    "spectral_rms": {
        "mean": 0.00467486400157,
        "stdev": 0.00348070659675
    },
    "spectral_rolloff": {
        "mean": 2721.68725586,
        "stdev": 4132.62597656
    },
    "spectral_skewness": {
        "mean": 1.53846800327,
        "stdev": 0.642368733883
    },
    "spectral_spread": {
        "mean": 7914492,
        "stdev": 3070038
    },
    "spectral_strongpeak": {
        "mean": 0.671706855297,
        "stdev": 0.926969826221
    },
    "zerocrossingrate": {
        "mean": 0.098940320313,
        "stdev": 0.0883692279458
    },
    "barkbands": {
        "mean": [0.000467067002319, 0.0139895984903, 0.00725265452638, 0.00132718333043, 0.00255083688535, 0.000906937522814, 0.000400524731958, 0.000549328629859, 0.00115619471762, 0.000564766756725, 0.000480908725876, 0.000402100558858, 0.000269550044322, 0.000305222463794, 0.000238248758251, 0.000127175939269, 0.000110822940769, 0.000113696172775, 0.000165497709531, 0.000175708861207, 0.000245209172135, 0.000252071156865, 0.000425593432738, 0.000550707569346, 0.000660185352899, 0.000900787825231, 0.000230384452152],
        "stdev": [0.000901738123503, 0.0255846753716, 0.0307745505124, 0.00514542777091, 0.00404374161735, 0.00173392705619, 0.000844507128932, 0.00132073170971, 0.00327837769873, 0.00145782786421, 0.00108175759669, 0.00137413223274, 0.00119383784477, 0.00110721634701, 0.000891061848961, 0.000469426886411, 0.000404433929361, 0.000422267563408, 0.000602211046498, 0.000571966404095, 0.000894876779057, 0.000855418562423, 0.0014935049694, 0.00141429179348, 0.00186911260244, 0.00289789587259, 0.000769261503592]
    },
    "erbbands": {
        "mean": [0.411318838596, 3.11412549019, 8.15440177917, 6.79482889175, 4.67797613144, 10.3512926102, 10.7713680267, 5.48848152161, 4.3642206192, 9.07718086243, 14.3470478058, 27.3936462402, 19.0878486633, 22.082698822, 15.4888305664, 15.4415178299, 12.4245605469, 15.1510782242, 13.8565177917, 10.0932264328, 7.50124883652, 6.22932529449, 6.42199087143, 8.43254566193, 7.29141187668, 8.34554767609, 10.6020002365, 8.31086349487, 8.61948299408, 9.84182071686, 13.7113428116, 11.9295291901, 9.10269165039, 6.85233020782, 5.11083745956, 4.17484235764, 1.46210432053, 0.374622285366, 0.0384368114173, 0.00126676971558],
        "stdev": [0.673118054867, 6.51474905014, 30.4181518555, 27.8927059174, 8.95010375977, 18.0831451416, 17.9888763428, 9.54460716248, 9.82247257233, 19.1781463623, 31.3018169403, 93.4072875977, 38.3384742737, 50.3804969788, 35.1339111328, 49.9697685242, 47.6730155945, 56.5698661804, 49.2375946045, 33.4272918701, 27.4687480927, 20.8808670044, 25.5284309387, 30.4096736908, 25.1023273468, 27.5415725708, 36.0148582458, 30.5538673401, 28.5539684296, 29.9989395142, 55.710849762, 30.1452064514, 24.7076892853, 18.0101890564, 16.5625114441, 14.1687669754, 4.35053300858, 1.12513828278, 0.135916471481, 0.00539105385542]
    },
    "gfcc": {
        "mean": [-41.6824798584, 52.1411972046, -68.7878112793, 16.1770439148, -62.7965164185, 24.6576938629, -34.5443878174, 16.4793128967, -30.7223434448, 6.46079969406, -17.895816803, 3.6916270256, -5.99990844727],
        "cov": [[21968.4257812, -483.506866455, 1281.95458984, 221.245025635, 396.144561768, 360.965393066, 89.1800918579, 342.495574951, -148.782043457, 178.153137207, -251.452941895, 4.18281602859, -375.735717773], [-483.506866455, 2234.37231445, -322.257720947, 73.0877838135, 149.660827637, 42.7138061523, -38.802986145, 63.5946502686, -56.7229690552, -25.0229606628, 127.281112671, -126.720817566, 62.5461502075], [1281.95458984, -322.257720947, 1308.46936035, 418.742095947, 267.548858643, 144.508834839, 125.159072876, 135.062530518, 125.577476501, 78.5827331543, -18.2463340759, 57.0851669312, -50.5797042847], [221.245025635, 73.0877838135, 418.742095947, 646.678771973, 208.229003906, 96.2411422729, 98.6286773682, 146.484375, 147.331436157, 18.0980014801, -5.27904558182, 46.5982246399, 47.4743843079], [396.144561768, 149.660827637, 267.548858643, 208.229003906, 431.649505615, 72.287437439, 133.201583862, 98.7234954834, 104.248573303, 64.4309616089, 25.0085391998, -3.07142138481, -20.888004303], [360.965393066, 42.7138061523, 144.508834839, 96.2411422729, 72.287437439, 289.041107178, 123.413322449, 86.010383606, 44.8088378906, 77.9234008789, 50.6685256958, 39.6405067444, 37.2523422241], [89.1800918579, -38.802986145, 125.159072876, 98.6286773682, 133.201583862, 123.413322449, 260.044586182, 79.5445175171, 69.0651016235, 64.3780136108, 57.1304016113, 29.2432575226, 12.2003288269], [342.495574951, 63.5946502686, 135.062530518, 146.484375, 98.7234954834, 86.010383606, 79.5445175171, 214.110549927, 94.2754516602, 34.052028656, 29.7209911346, 53.9373931885, 33.2869796753], [-148.782043457, -56.7229690552, 125.577476501, 147.331436157, 104.248573303, 44.8088378906, 69.0651016235, 94.2754516602, 207.44871521, 42.6111183167, 27.025478363, 42.4970169067, 39.8700752258], [178.153137207, -25.0229606628, 78.5827331543, 18.0980014801, 64.4309616089, 77.9234008789, 64.3780136108, 34.052028656, 42.6111183167, 130.543197632, 54.8100547791, 11.3177490234, 2.83625531197], [-251.452941895, 127.281112671, -18.2463340759, -5.27904558182, 25.0085391998, 50.6685256958, 57.1304016113, 29.7209911346, 27.025478363, 54.8100547791, 126.975791931, 37.8791427612, 25.227180481], [4.18281602859, -126.720817566, 57.0851669312, 46.5982246399, -3.07142138481, 39.6405067444, 29.2432575226, 53.9373931885, 42.4970169067, 11.3177490234, 37.8791427612, 123.121047974, 51.1369552612], [-375.735717773, 62.5461502075, -50.5797042847, 47.4743843079, -20.888004303, 37.2523422241, 12.2003288269, 33.2869796753, 39.8700752258, 2.83625531197, 25.227180481, 51.1369552612, 146.5287323]],
        "icov": [[5.58330975764e-05, -2.30242426369e-06, -3.43854735547e-05, 1.68499464053e-05, -2.44355887844e-05, -5.63237808819e-05, 2.5647577786e-05, -0.000109692191472, 0.000100791381556, -9.53319176915e-05, 0.000163517688634, -6.53397801216e-05, 0.000129514242872], [-2.30242426369e-06, 0.000691387802362, 0.000172842555912, -0.000172037194716, -0.000377543125069, -0.000187710131286, 0.000410495471442, -0.000413639470935, 0.000370232824935, 0.000549288117327, -0.00120553816669, 0.00121494405903, -0.000459754577605], [-3.43854735547e-05, 0.000172842555912, 0.00120515062008, -0.000631842296571, -0.000374771625502, -0.000284776382614, 8.58962303028e-05, -4.64716868009e-05, -2.61594777839e-05, -0.00028214242775, 0.000172467538505, -0.000314716278808, 0.000573861936573], [1.68499464053e-05, -0.000172037194716, -0.000631842296571, 0.00259302440099, -0.000536492851097, -0.000194572945475, -0.000178143192898, -0.000609119480941, -0.000901317573152, 0.000604044296779, 0.000751589250285, -0.000219768189709, -0.00063453684561], [-2.44355887844e-05, -0.000377543125069, -0.000374771625502, -0.000536492851097, 0.00380035792477, 0.000357340904884, -0.00134234572761, -0.000335497781634, -0.000998871983029, -0.00096748850774, 0.000386911968235, 0.000387779931771, 0.000870408199262], [-5.63237808819e-05, -0.000187710131286, -0.000284776382614, -0.000194572945475, 0.000357340904884, 0.00538633624092, -0.00179407245014, -0.00083529058611, 0.000599353807047, -0.00216716527939, -3.15187971864e-05, -0.00049196719192, -0.00102288974449], [2.5647577786e-05, 0.000410495471442, 8.58962303028e-05, -0.000178143192898, -0.00134234572761, -0.00179407245014, 0.00620611803606, -0.000784130999818, -0.000272295903414, -0.000218247107114, -0.00202132528648, 0.000539766682778, 0.000142010190757], [-0.000109692191472, -0.000413639470935, -4.64716868009e-05, -0.000609119480941, -0.000335497781634, -0.00083529058611, -0.000784130999818, 0.00772770866752, -0.00216418411583, 9.17905072129e-06, 0.000302842032397, -0.00242851744406, -6.50122601655e-05], [0.000100791381556, 0.000370232824935, -2.61594777839e-05, -0.000901317573152, -0.000998871983029, 0.000599353807047, -0.000272295903414, -0.00216418411583, 0.00775973359123, -0.00144534173887, -0.000278363469988, -0.000396608520532, -0.00129413534887], [-9.53319176915e-05, 0.000549288117327, -0.00028214242775, 0.000604044296779, -0.00096748850774, -0.00216716527939, -0.000218247107114, 9.17905072129e-06, -0.00144534173887, 0.0123553136364, -0.00527535611764, 0.00219814968295, -4.7661789722e-05], [0.000163517688634, -0.00120553816669, 0.000172467538505, 0.000751589250285, 0.000386911968235, -3.15187971864e-05, -0.00202132528648, 0.000302842032397, -0.000278363469988, -0.00527535611764, 0.0140237696469, -0.00517763989046, 0.000482967763674], [-6.53397801216e-05, 0.00121494405903, -0.000314716278808, -0.000219768189709, 0.000387779931771, -0.00049196719192, 0.000539766682778, -0.00242851744406, -0.000396608520532, 0.00219814968295, -0.00517763989046, 0.0138625269756, -0.00391757814214], [0.000129514242872, -0.000459754577605, 0.000573861936573, -0.00063453684561, 0.000870408199262, -0.00102288974449, 0.000142010190757, -6.50122601655e-05, -0.00129413534887, -4.7661789722e-05, 0.000482967763674, -0.00391757814214, 0.00978079997003]]
    },
    "melbands": {
        "mean": [0.00378690450452, 0.0043122000061, 0.00112431298476, 0.000531719939318, 0.000407945655752, 0.000134789501317, 6.90017041052e-05, 0.000106582541775, 0.000123009725939, 0.000174825167051, 9.31517643039e-05, 9.07142821234e-05, 5.93941476836e-05, 4.49398285127e-05, 3.12573938572e-05, 2.80880976788e-05, 2.8585545806e-05, 2.32727525145e-05, 1.82491603482e-05, 8.8511769718e-06, 8.71629436006e-06, 6.44141618977e-06, 5.85480802329e-06, 5.50045297132e-06, 6.98033727531e-06, 6.17741943643e-06, 4.64986896986e-06, 5.71012697037e-06, 6.38062465441e-06, 6.14910641161e-06, 4.35773472418e-06, 4.33566765423e-06, 5.89329465583e-06, 5.228684131e-06, 7.53576387069e-06, 7.34567493055e-06, 7.69279904489e-06, 6.10774623055e-06, 6.51791424389e-06, 5.40885685041e-06],
        "stdev": [0.00638680718839, 0.0125090014189, 0.00429218262434, 0.000924218795262, 0.000611880910583, 0.000239993794821, 0.000150782740093, 0.000228866265388, 0.000267506169621, 0.000585560686886, 0.000192176870769, 0.000212082857615, 0.000130296233692, 0.000183560376172, 0.000104619502963, 0.000119693831948, 0.000109135515231, 8.52710145409e-05, 6.95569688105e-05, 2.9542034099e-05, 3.44631735061e-05, 2.16383814404e-05, 2.4153790946e-05, 2.13300754695e-05, 2.52271329373e-05, 2.35077386606e-05, 1.54822919285e-05, 1.88859248738e-05, 1.99709575099e-05, 2.41885245487e-05, 1.60034851433e-05, 1.44830073623e-05, 2.05825308512e-05, 1.44256928252e-05, 3.28349597112e-05, 2.37393433054e-05, 1.823614366e-05, 1.69921167981e-05, 1.87091754924e-05, 1.4324607946e-05]
    },
    "melbands128": {
        "mean": [0.000448221922852, 0.00308742746711, 0.00528696225956, 0.00499697308987, 0.00451605161652, 0.00328956684098, 0.00144920672756, 0.000490311882459, 0.000398273492465, 0.000509649864398, 0.000698492396623, 0.000470832717838, 0.000382134137908, 0.000312830699841, 0.000106682324258, 6.71188681736e-05, 7.52878331696e-05, 5.36306833965e-05, 7.79329784564e-05, 0.000107118947199, 0.000104918100988, 0.000131468332256, 0.000102384321508, 0.000129205873236, 0.000209724530578, 0.000185387878446, 0.000112666275527, 6.13638330833e-05, 0.000106764426164, 8.22359361337e-05, 9.2545444204e-05, 9.25967178773e-05, 6.20506834821e-05, 2.46763720497e-05, 5.0371803809e-05, 4.9551770644e-05, 3.78543954866e-05, 3.52987917722e-05, 2.23207425734e-05, 2.48999458563e-05, 2.99165058095e-05, 3.29882132064e-05, 2.35694224102e-05, 2.9810678825e-05, 3.19214705087e-05, 1.96173059521e-05, 1.71937954292e-05, 2.07770099223e-05, 1.89103320736e-05, 1.00683400888e-05, 6.52860262562e-06, 8.22028869152e-06, 1.00378520074e-05, 8.81441064848e-06, 6.36581535218e-06, 6.7163591666e-06, 5.29969020135e-06, 6.81928850099e-06, 4.93317384098e-06, 6.40552343611e-06, 5.55076758246e-06, 4.25165490014e-06, 7.56156214266e-06, 7.52768892198e-06, 6.62703496346e-06, 7.80757181928e-06, 4.23080018663e-06, 3.76318803319e-06, 5.50306322111e-06, 4.94402956974e-06, 5.37559344593e-06, 6.47854767521e-06, 5.75579542783e-06, 5.41011786481e-06, 8.97100107977e-06, 5.62495779377e-06, 6.22750030743e-06, 4.12527424487e-06, 4.81884944747e-06, 3.2001287309e-06, 4.10043685406e-06, 4.91393393531e-06, 4.76284640172e-06, 7.36708761906e-06, 5.31682462679e-06, 4.43456565336e-06, 6.30281101621e-06, 4.50195784651e-06, 6.08518303125e-06, 1.22492419905e-05, 7.54034726924e-06, 5.95598612563e-06, 6.35424794382e-06, 8.55864254845e-06, 8.03829880169e-06, 6.02595810051e-06, 5.70571410208e-06, 6.21477101959e-06, 6.53944516671e-06, 6.77876141708e-06, 5.9997551034e-06, 4.62818707092e-06, 5.52883875571e-06, 5.87391423323e-06, 5.1902748055e-06, 5.16375212101e-06, 6.86029534336e-06, 9.27119162952e-06, 9.09644677449e-06, 5.62837476537e-06, 5.17987609783e-06, 3.96253608415e-06, 4.77354842587e-06, 4.74071202916e-06, 4.48277751275e-06, 2.8270671919e-06, 2.85960095425e-06, 2.22445032705e-06, 1.80631525382e-06, 1.04585126337e-06, 1.0176587466e-06, 4.52151141417e-07, 4.65979866249e-07, 1.99695776359e-07, 4.20366603748e-08, 1.41056266667e-09, 9.06027405878e-11, 1.86718016049e-10],
        "stdev": [0.000856047088746, 0.00533381849527, 0.00993649475276, 0.0120694451034, 0.0158511139452, 0.0143375610933, 0.00634045572951, 0.00168253690936, 0.00085863500135, 0.00107675779145, 0.00146194349509, 0.000825149647426, 0.000755822693463, 0.000730483210646, 0.000220098241698, 0.000175179055077, 0.000188146383152, 0.000181540730409, 0.000202601295314, 0.000280557840597, 0.00031023225165, 0.000381342251785, 0.00027953798417, 0.000373674411094, 0.000930194335524, 0.000679046381265, 0.000312641117489, 0.000160392199177, 0.000361935060937, 0.00028444165946, 0.000293155026156, 0.000241073255893, 0.000179540322279, 0.00010136851779, 0.000257076579146, 0.000300648069242, 0.000135468973895, 0.000125317761558, 0.00018996981089, 0.000119411990454, 0.000172903164639, 0.000231718498981, 0.000112302826892, 0.000151601765538, 0.000127786261146, 8.60301588546e-05, 8.86922862264e-05, 0.000101014804386, 7.58314854465e-05, 3.58985817002e-05, 2.98088725685e-05, 3.61388629244e-05, 3.95013339585e-05, 4.69647166028e-05, 2.99938728858e-05, 2.37886924879e-05, 1.82887379196e-05, 3.43530882674e-05, 1.91269518837e-05, 2.94746096188e-05, 2.56647199421e-05, 1.3761133232e-05, 2.89368526865e-05, 2.99721214105e-05, 2.42881033046e-05, 3.48773828591e-05, 1.44504710988e-05, 9.85519000096e-06, 2.2678541427e-05, 1.83870561159e-05, 1.85679073184e-05, 2.19499634113e-05, 1.82385865628e-05, 1.4979750631e-05, 3.63426624972e-05, 2.40148747253e-05, 2.83187455352e-05, 1.47010259752e-05, 2.00833273993e-05, 1.12005145638e-05, 1.50368196046e-05, 1.78231985046e-05, 1.50846108227e-05, 2.73308287433e-05, 2.10509679164e-05, 1.28697020045e-05, 1.69462655322e-05, 1.35074778882e-05, 2.95747468044e-05, 6.56968622934e-05, 2.28364224313e-05, 1.80352217285e-05, 1.99423957383e-05, 1.90742539417e-05, 2.06403092307e-05, 1.87204550457e-05, 1.67605467141e-05, 1.97618010134e-05, 2.08764140552e-05, 2.08851524803e-05, 1.39433213917e-05, 1.32238110382e-05, 2.10942525882e-05, 1.85684111784e-05, 1.82333405974e-05, 1.74462111318e-05, 2.27671989705e-05, 4.17223272962e-05, 3.2406529499e-05, 1.64853427123e-05, 1.61603220477e-05, 1.04665168692e-05, 1.58301063493e-05, 1.48664366861e-05, 1.53731198225e-05, 9.08032325242e-06, 8.8868482635e-06, 6.995282547e-06, 6.39585778117e-06, 4.36152367911e-06, 4.64977802039e-06, 2.45488263317e-06, 2.6190061817e-06, 1.56289843289e-06, 5.11483790433e-07, 4.54292141683e-08, 3.99359390002e-09, 8.3026243658e-09]
    },
    "mfcc": {
        "mean": [-700.517700195, 101.032989502, 39.8281517029, 6.12308645248, 2.95316648483, 2.9973294735, 10.1985273361, 3.89943361282, 2.60541152954, 7.21307754517, -7.39230060577, -2.65357661247, -2.90208721161],
        "cov": [[13474.5605469, -190.545196533, 271.501251221, 239.519393921, 158.225418091, 209.906845093, 187.468353271, 268.66003418, 127.671127319, 284.033172607, 233.039016724, 22.7339878082, -74.1325073242], [-190.545196533, 1777.52502441, -228.871688843, -1.3937510252, 79.2667694092, -42.5200195312, 149.161712646, -49.3595237732, -99.7345123291, 91.101890564, -23.2420406342, 55.4937973022, -32.6258354187], [271.501251221, -228.871688843, 915.428588867, 263.140533447, 179.934173584, 137.613555908, 61.3506698608, 113.092735291, 147.699279785, 23.025800705, 87.2199401855, 84.0305328369, 23.7610874176], [239.519393921, -1.3937510252, 263.140533447, 534.75189209, 244.835708618, 70.7497558594, 42.1470794678, 115.519996643, 149.965942383, 34.4005088806, 82.9661636353, 66.3773117065, -10.7097568512], [158.225418091, 79.2667694092, 179.934173584, 244.835708618, 330.595458984, 64.8731002808, 29.5816707611, 82.5465774536, 115.012962341, 48.0650444031, 73.940246582, 62.8785591125, -4.87866258621], [209.906845093, -42.5200195312, 137.613555908, 70.7497558594, 64.8731002808, 229.459869385, 105.718894958, 38.5848236084, 56.1853523254, 67.3408203125, 62.9149055481, 23.5406265259, 33.6596641541], [187.468353271, 149.161712646, 61.3506698608, 42.1470794678, 29.5816707611, 105.718894958, 240.9090271, 49.4418945312, 16.9317951202, 78.415512085, 50.5197105408, 31.8842124939, 27.708190918], [268.66003418, -49.3595237732, 113.092735291, 115.519996643, 82.5465774536, 38.5848236084, 49.4418945312, 199.96446228, 100.744308472, 28.0046520233, 60.7557754517, 46.8264083862, 36.3796348572], [127.671127319, -99.7345123291, 147.699279785, 149.965942383, 115.012962341, 56.1853523254, 16.9317951202, 100.744308472, 202.711990356, 42.8891448975, 33.3811950684, 26.4253559113, 31.9108886719], [284.033172607, 91.101890564, 23.025800705, 34.4005088806, 48.0650444031, 67.3408203125, 78.415512085, 28.0046520233, 42.8891448975, 183.547027588, 56.6739807129, 12.2368135452, 2.86958003044], [233.039016724, -23.2420406342, 87.2199401855, 82.9661636353, 73.940246582, 62.9149055481, 50.5197105408, 60.7557754517, 33.3811950684, 56.6739807129, 160.387863159, 47.2018547058, 10.9565229416], [22.7339878082, 55.4937973022, 84.0305328369, 66.3773117065, 62.8785591125, 23.5406265259, 31.8842124939, 46.8264083862, 26.4253559113, 12.2368135452, 47.2018547058, 132.462219238, 24.3344402313], [-74.1325073242, -32.6258354187, 23.7610874176, -10.7097568512, -4.87866258621, 33.6596641541, 27.708190918, 36.3796348572, 31.9108886719, 2.86958003044, 10.9565229416, 24.3344402313, 117.73866272]],
        "icov": [[8.01480346126e-05, 1.11703939183e-05, -6.08722893958e-06, -7.24049596101e-06, 9.34367926675e-06, -2.92312506645e-05, -9.11559163796e-06, -0.000104713588371, 3.00155115838e-05, -9.56269723247e-05, -4.60161172668e-05, 3.1870258681e-05, 8.92642201507e-05], [1.11703939183e-05, 0.000720928306691, 0.000180330316653, -3.69736808352e-05, -0.000386831292417, 0.000304455053993, -0.000550401106011, 0.000127462757519, 0.000415941525716, -0.000363781990018, 0.000337667617714, -0.000370077730622, 9.53251801548e-05], [-6.08722893958e-06, 0.000180330316653, 0.001495682518, -0.000351305090589, -0.00024188394309, -0.000531139259692, -0.000141750555485, -6.41923033982e-05, -0.00040722914855, 0.000278271385469, -7.65045260778e-05, -0.000521587091498, 0.000125862221466], [-7.24049596101e-06, -3.69736808352e-05, -0.000351305090589, 0.0033203358762, -0.00161833467428, -1.01887380879e-05, -0.000210252605029, -0.000425274280133, -0.00119196507148, 0.000451119587524, -0.000438124290667, -0.000263082474703, 0.000882067368366], [9.34367926675e-06, -0.000386831292417, -0.00024188394309, -0.00161833467428, 0.0055238623172, -0.000557358434889, 0.000599916966166, -0.000182071133167, -0.00155960011762, -0.000264870177489, -0.000900474085938, -0.000971953792032, 0.000817440624814], [-2.92312506645e-05, 0.000304455053993, -0.000531139259692, -1.01887380879e-05, -0.000557358434889, 0.00681158481166, -0.00243842485361, 0.000925692089368, -0.000723401957657, -0.000971016357653, -0.00115812697913, 0.000412949244492, -0.00126821908634], [-9.11559163796e-06, -0.000550401106011, -0.000141750555485, -0.000210252605029, 0.000599916966166, -0.00243842485361, 0.00645735673606, -0.00127317127772, 0.000952906208113, -0.00159846816678, -0.000232741163927, -0.000363624829333, -0.00067556387512], [-0.000104713588371, 0.000127462757519, -6.41923033982e-05, -0.000425274280133, -0.000182071133167, 0.000925692089368, -0.00127317127772, 0.00814929325134, -0.00309506058693, 0.000529458629899, -0.00169164640829, -0.00101398734841, -0.00135397340637], [3.00155115838e-05, 0.000415941525716, -0.00040722914855, -0.00119196507148, -0.00155960011762, -0.000723401957657, 0.000952906208113, -0.00309506058693, 0.00919328816235, -0.00183596124407, 0.00141889031511, 0.000554254453164, -0.00171133643016], [-9.56269723247e-05, -0.000363781990018, 0.000278271385469, 0.000451119587524, -0.000264870177489, -0.000971016357653, -0.00159846816678, 0.000529458629899, -0.00183596124407, 0.00769511470571, -0.00202781427652, 0.000512249418534, 0.000695952447131], [-4.60161172668e-05, 0.000337667617714, -7.65045260778e-05, -0.000438124290667, -0.000900474085938, -0.00115812697913, -0.000232741163927, -0.00169164640829, 0.00141889031511, -0.00202781427652, 0.00919597689062, -0.00197446229868, 0.000128613857669], [3.1870258681e-05, -0.000370077730622, -0.000521587091498, -0.000263082474703, -0.000971953792032, 0.000412949244492, -0.000363624829333, -0.00101398734841, 0.000554254453164, 0.000512249418534, -0.00197446229868, 0.00986810587347, -0.00177912274376], [8.92642201507e-05, 9.53251801548e-05, 0.000125862221466, 0.000882067368366, 0.000817440624814, -0.00126821908634, -0.00067556387512, -0.00135397340637, -0.00171133643016, 0.000695952447131, 0.000128613857669, -0.00177912274376, 0.0104072280228]]
    },
    "spectral_contrast_coeffs": {
        "mean": [-0.702652096748, -0.770214438438, -0.735639870167, -0.781361162663, -0.782251000404, -0.801950395107],
        "stdev": [0.0895551592112, 0.0697102919221, 0.0755547061563, 0.0636042132974, 0.0550504513085, 0.0351584851742]
    },
    "spectral_contrast_valleys": {
        "mean": [-7.27924108505, -7.5097360611, -8.22100543976, -8.88467884064, -8.73086261749, -10.2388629913],
        "stdev": [1.81467878819, 1.44687139988, 1.43324661255, 1.45569658279, 1.54031515121, 1.7091435194]
    }
},
"rhythm": {
    "beats_count": 338,
    "beats_loudness": {
        "mean": 0.0676110833883,
        "stdev": 0.0550888553262
    },
    "bpm": 92.7561721802,
    "bpm_histogram_first_peak_bpm": 92,
    "bpm_histogram_first_peak_weight": 0.388724029064,
    "bpm_histogram_second_peak_bpm": 0,
    "bpm_histogram_second_peak_spread": 0,
    "bpm_histogram_second_peak_weight": 0,
    "danceability": 1.51473581791,
    "onset_rate": 4.91250038147,
    "beats_loudness_band_ratio": {
        "mean": [0.385525166988, 0.172020211816, 0.109521970153, 0.107297636569, 0.0465539358556, 0.217428043485],
        "stdev": [0.300322830677, 0.136100724339, 0.0830893218517, 0.12000387162, 0.04400158301, 0.177180796862]
    },
    "beats_position": [0.650158703327, 1.3235373497, 1.99691605568, 2.67029476166, 3.33206343651, 4.00544214249, 4.69043064117, 5.3754196167, 6.025578022, 6.68734693527, 7.33750534058, 7.98766422272, 8.63782310486, 9.287981987, 9.93814086914, 10.5882987976, 11.2384576797, 11.8770065308, 12.5155553818, 13.1657142639, 13.8042631149, 14.4428119659, 15.0929698944, 15.7431287766, 16.3816776276, 17.031835556, 17.6703853607, 18.3205432892, 18.970703125, 19.6208610535, 20.2710208893, 20.9095687866, 21.548116684, 22.1982765198, 22.8484344482, 23.4869842529, 24.1255321503, 24.7756919861, 25.4258499146, 26.076007843, 26.7145576477, 27.3647155762, 28.0032653809, 28.6534233093, 29.3035831451, 29.9421310425, 30.5806789398, 31.2308387756, 31.8809967041, 32.5311546326, 33.1813163757, 33.8198623657, 34.4584121704, 35.1085700989, 35.7587280273, 36.4088897705, 37.059047699, 37.6975975037, 38.3361434937, 38.9863014221, 39.6364631653, 40.2750091553, 40.91355896, 41.5637168884, 42.2138786316, 42.8640365601, 43.5141944885, 44.1527442932, 44.7912902832, 45.4414520264, 46.0916099548, 46.7417678833, 47.380317688, 48.0304756165, 48.6690254211, 49.3191833496, 49.9693412781, 50.6078910828, 51.2464370728, 51.8965988159, 52.5467567444, 53.1969146729, 53.8470726013, 54.485622406, 55.1241722107, 55.7743301392, 56.4244880676, 57.0746459961, 57.7131958008, 58.3633537292, 59.0019035339, 59.6520614624, 60.3022193909, 60.9407691956, 61.5793190002, 62.2294769287, 62.8796348572, 63.5297966003, 64.1799545288, 64.8185043335, 65.4570541382, 66.107208252, 66.7573699951, 67.4075241089, 68.0576858521, 68.6962356567, 69.3347854614, 69.9849395752, 70.6351013184, 71.273651123, 71.9122009277, 72.5623550415, 73.2125167847, 73.8626708984, 74.5128326416, 75.1513824463, 75.789932251, 76.4400863647, 77.0902481079, 77.7404098511, 78.3905639648, 79.0291137695, 79.6676635742, 80.3178253174, 80.9679794312, 81.6065292358, 82.2450790405, 82.8952331543, 83.5453948975, 84.1955566406, 84.8457107544, 85.4842605591, 86.1228103638, 86.7729721069, 87.4231262207, 88.0732879639, 88.7118377686, 89.3619918823, 90.000541687, 90.6507034302, 91.3008575439, 91.9394073486, 92.5779571533, 93.2281188965, 93.8782730103, 94.5284347534, 95.1785888672, 95.8171386719, 96.4556884766, 97.1058502197, 97.7560043335, 98.4061660767, 99.0447158813, 99.683265686, 100.3334198, 100.983581543, 101.633743286, 102.272285461, 102.910835266, 103.560997009, 104.211151123, 104.872924805, 105.511474609, 106.150024414, 106.788566589, 107.438728333, 108.088890076, 108.727432251, 109.365982056, 110.016143799, 110.666305542, 111.316459656, 111.966621399, 112.616775513, 113.266937256, 113.917098999, 114.567253113, 115.205802917, 115.844352722, 116.482902527, 117.121452332, 117.771606445, 118.421768188, 119.071922302, 119.710472107, 120.36063385, 120.999183655, 121.649337769, 122.299499512, 122.949661255, 123.58820343, 124.238365173, 124.876914978, 125.515464783, 126.154014587, 126.804168701, 127.454330444, 128.104492188, 128.754638672, 129.393188477, 130.031738281, 130.681900024, 131.332061768, 131.982223511, 132.620773315, 133.2709198, 133.909469604, 134.559631348, 135.209793091, 135.859954834, 136.498504639, 137.148666382, 137.787200928, 138.437362671, 139.087524414, 139.737686157, 140.376235962, 141.026397705, 141.66494751, 142.315093994, 142.965255737, 143.603805542, 144.242355347, 144.89251709, 145.542678833, 146.192825317, 146.831375122, 147.481536865, 148.12008667, 148.770248413, 149.420410156, 150.058959961, 150.697509766, 151.34765625, 151.997817993, 152.647979736, 153.298141479, 153.936691284, 154.575241089, 155.225387573, 155.875549316, 156.52571106, 157.164260864, 157.814422607, 158.452972412, 159.103118896, 159.75328064, 160.391830444, 161.030380249, 161.680541992, 162.330703735, 162.980865479, 163.631011963, 164.269561768, 164.908111572, 165.558273315, 166.208435059, 166.858596802, 167.497146606, 168.147293091, 168.785842896, 169.436004639, 170.086166382, 170.724716187, 171.363265991, 172.013427734, 172.663574219, 173.313735962, 173.963897705, 174.60244751, 175.240997314, 175.891159058, 176.541305542, 177.191467285, 177.83001709, 178.480178833, 179.118728638, 179.768890381, 180.419036865, 181.05758667, 181.696136475, 182.346298218, 182.996459961, 183.646621704, 184.296783447, 184.935317993, 185.573867798, 186.224029541, 186.874191284, 187.524353027, 188.162902832, 188.813064575, 189.451599121, 190.101760864, 190.751922607, 191.390472412, 192.029022217, 192.67918396, 193.329345703, 193.979492188, 194.618041992, 195.256591797, 195.90675354, 196.556915283, 197.207077026, 197.857223511, 198.495773315, 199.145935059, 199.784484863, 200.434646606, 201.08480835, 201.723358154, 202.361907959, 203.012054443, 203.662216187, 204.31237793, 204.962539673, 205.601089478, 206.239639282, 206.889785767, 207.53994751, 208.190109253, 208.828659058, 209.478820801, 210.117370605, 210.76751709, 211.417678833, 212.067840576, 212.706390381, 213.344940186, 213.995101929, 214.645263672, 215.295410156, 215.957183838, 216.630569458, 217.315551758, 218.000534058, 218.673919678],
    "bpm_histogram": [0, 0, 0, 0, 0, 0, 0, 0, 0, 0, 0, 0, 0, 0, 0, 0, 0, 0, 0, 0, 0, 0, 0, 0, 0, 0, 0, 0, 0, 0, 0, 0, 0, 0, 0, 0, 0, 0, 0, 0, 0, 0, 0, 0, 0, 0, 0, 0, 0, 0, 0, 0, 0, 0, 0, 0, 0, 0, 0, 0, 0, 0, 0, 0, 0, 0, 0, 0, 0, 0, 0, 0, 0, 0, 0, 0, 0, 0, 0, 0, 0, 0, 0, 0, 0, 0, 0, 0, 0.0118694361299, 0.0178041551262, 0, 0.0118694361299, 0.599406540394, 0, 0.359050452709, 0, 0, 0, 0, 0, 0, 0, 0, 0, 0, 0, 0, 0, 0, 0, 0, 0, 0, 0, 0, 0, 0, 0, 0, 0, 0, 0, 0, 0, 0, 0, 0, 0, 0, 0, 0, 0, 0, 0, 0, 0, 0, 0, 0, 0, 0, 0, 0, 0, 0, 0, 0, 0, 0, 0, 0, 0, 0, 0, 0, 0, 0, 0, 0, 0, 0, 0, 0, 0, 0, 0, 0, 0, 0, 0, 0, 0, 0, 0, 0, 0, 0, 0, 0, 0, 0, 0, 0, 0, 0, 0, 0, 0, 0, 0, 0, 0, 0, 0, 0, 0, 0, 0, 0, 0, 0, 0, 0, 0, 0, 0, 0, 0, 0, 0, 0, 0, 0, 0, 0, 0, 0, 0, 0, 0, 0, 0, 0, 0, 0, 0, 0, 0, 0, 0, 0, 0, 0, 0, 0, 0, 0, 0, 0, 0, 0, 0, 0, 0, 0, 0, 0, 0, 0, 0]
},
"tonal": {
    "chords_changes_rate": 0.115107916296,
    "chords_number_rate": 0.00232754973695,
    "chords_strength": {
        "mean": 0.463861256838,
        "stdev": 0.146474972367
    },
    "hpcp_crest": {
        "mean": 13.4622182846,
        "stdev": 6.5425157547
    },
    "hpcp_entropy": {
        "mean": 1.9334782362,
        "stdev": 0.723792731762
    },
    "key_edma": {
        "strength": 0.736918866634,
        "key": "G#",
        "scale": "minor"
    },
    "key_krumhansl": {
        "strength": 0.745088458061,
        "key": "G#",
        "scale": "minor"
    },
    "key_temperley": {
        "strength": 0.75884771347,
        "key": "G#",
        "scale": "minor"
    },
    "tuning_diatonic_strength": 0.547918498516,
    "tuning_equal_tempered_deviation": 0.197728931904,
    "tuning_frequency": 434.193115234,
    "tuning_nontempered_energy_ratio": 0.931977510452,
    "hpcp": {
        "mean": [0.07707041502, 0.0675871223211, 0.0689821690321, 0.143507242203, 0.186774611473, 0.135927960277, 0.166810795665, 0.162772879004, 0.0784784257412, 0.0460880659521, 0.039034165442, 0.0677608698606, 0.172417864203, 0.187794193625, 0.0992156714201, 0.0678509324789, 0.0636068060994, 0.108221329749, 0.205394670367, 0.18435254693, 0.0861166343093, 0.0750750154257, 0.0769870355725, 0.058866340667, 0.0576734133065, 0.0500559844077, 0.0507673062384, 0.0738848298788, 0.0757759287953, 0.063499763608, 0.088240198791, 0.104047894478, 0.136861935258, 0.232413426042, 0.228356435895, 0.12885800004],
        "stdev": [0.199261933565, 0.192752718925, 0.184763878584, 0.248959988356, 0.297811061144, 0.245990857482, 0.281098484993, 0.289583742619, 0.176174342632, 0.149564042687, 0.131646722555, 0.175134778023, 0.286611348391, 0.298763304949, 0.200661286712, 0.17589366436, 0.161206826568, 0.217235386372, 0.31275510788, 0.284187138081, 0.189081713557, 0.171201229095, 0.184086099267, 0.157130688429, 0.165451943874, 0.130055427551, 0.138218477368, 0.174944221973, 0.183517098427, 0.164243012667, 0.19704657793, 0.209164172411, 0.264784902334, 0.315759927034, 0.324173301458, 0.243255138397]
    },
    "chords_histogram": [25.1586971283, 10.1142616272, 6.32670354843, 6.1997461319, 4.67625904083, 9.39483737946, 0, 2.43334746361, 0.253914505243, 7.40583992004, 0.740584015846, 0.846381723881, 0, 0, 0, 0, 0.21159543097, 1.22725343704, 0.952179431915, 0, 0.507829010487, 0.931019902229, 13.0977573395, 9.52179431915],
    "thpcp": [1, 0.982544064522, 0.554434418678, 0.331609129906, 0.290805578232, 0.296808034182, 0.617465376854, 0.803630888462, 0.584854185581, 0.717733025551, 0.700359165668, 0.337667346001, 0.198302075267, 0.16795141995, 0.291553169489, 0.741858422756, 0.808017849922, 0.426893025637, 0.291940689087, 0.273679554462, 0.465641468763, 0.883746981621, 0.793209552765, 0.370532095432, 0.323023587465, 0.331250369549, 0.253282874823, 0.248150095344, 0.215374752879, 0.21843534708, 0.317902594805, 0.326039373875, 0.273218989372, 0.379669100046, 0.447684526443, 0.588872730732],
    "chords_key": "G#",
    "chords_scale": "minor"
}
}