{
"metadata": {
    "version": {
        "essentia": "2.1-dev",
        "essentia_git_sha": "v2.1_beta3-415-gd5473f3",
        "extractor": "music 2.0"
    },
    "audio_properties": {
        "analysis": {
            "equal_loudness": 0,
            "length": 268.146942139,
            "sample_rate": 44100,
            "start_time": 0,
            "downmix": "mix"
        },
        "bit_rate": 192000,
        "length": 268.146942139,
        "lossless": 0,
        "number_channels": 2,
        "replay_gain": -6.71145629883,
        "sample_rate": 44100,
        "codec": "mp3",
        "md5_encoded": "593a3fafc9111c82907c251d97c15223"
    },
    "tags": {
        "file_name": "troi-wings_of_eternity.mp3",
        "album": ["Sexy Soul - CD1"],
        "artist": ["Troi"],
        "date": ["2002"],
        "genre": ["Soul"],
        "title": ["Wings Of Eternity"]
    }
},
"lowlevel": {
    "average_loudness": 0.451986342669,
    "barkbands_crest": {
        "mean": 15.9986124039,
        "stdev": 5.7357211113
    },
    "barkbands_flatness_db": {
        "mean": 0.237921267748,
        "stdev": 0.0931046977639
    },
    "barkbands_kurtosis": {
        "mean": 62.9681167603,
        "stdev": 240.522720337
    },
    "barkbands_skewness": {
        "mean": 3.88657903671,
        "stdev": 5.18108940125
    },
    "barkbands_spread": {
        "mean": 13.3561191559,
        "stdev": 14.1556396484
    },
    "dissonance": {
        "mean": 0.439402908087,
        "stdev": 0.0489300787449
    },
    "dynamic_complexity": 5.79818916321,
    "erbbands_crest": {
        "mean": 12.9691019058,
        "stdev": 6.2657251358
    },
    "erbbands_flatness_db": {
        "mean": 0.182448506355,
        "stdev": 0.0662310793996
    },
    "erbbands_kurtosis": {
        "mean": 3.58357071877,
        "stdev": 8.44815063477
    },
    "erbbands_skewness": {
        "mean": 0.948046207428,
        "stdev": 1.37328577042
    },
    "erbbands_spread": {
        "mean": 43.2859268188,
        "stdev": 33.9273147583
    },
    "hfc": {
        "mean": 12.6476659775,
        "stdev": 22.2639255524
    },
    "loudness_ebu128": {
        "integrated": -18.0481185913,
        "loudness_range": 7.06162071228,
        "momentary": {
            "mean": -20.6617870331,
            "stdev": 7.59846687317
        },
        "short_term": {
            "mean": -19.3118877411,
            "stdev": 3.99125480652
        }
    },
    "melbands_crest": {
        "mean": 20.5497093201,
        "stdev": 7.07065725327
    },
    "melbands_flatness_db": {
        "mean": 0.306328624487,
        "stdev": 0.116900667548
    },
    "melbands_kurtosis": {
        "mean": 90.3727493286,
        "stdev": 200.597793579
    },
    "melbands_skewness": {
        "mean": 4.89041996002,
        "stdev": 4.94230651855
    },
    "melbands_spread": {
        "mean": 13.9743766785,
        "stdev": 17.8759918213
    },
    "pitch_salience": {
        "mean": 0.40727558732,
        "stdev": 0.170966655016
    },
    "silence_rate_20dB": {
        "mean": 0.999740242958,
        "stdev": 0.0161123219877
    },
    "silence_rate_30dB": {
        "mean": 0.96233767271,
        "stdev": 0.19035820663
    },
    "silence_rate_60dB": {
        "mean": 0.170216456056,
        "stdev": 0.375826984644
    },
    "spectral_centroid": {
        "mean": 1047.34716797,
        "stdev": 781.343017578
    },
    "spectral_complexity": {
        "mean": 7.21316003799,
        "stdev": 6.32927417755
    },
    "spectral_decrease": {
        "mean": -7.17195369759e-09,
        "stdev": 8.87281093043e-09
    },
    "spectral_energy": {
        "mean": 0.0282157845795,
        "stdev": 0.03467194736
    },
    "spectral_energyband_high": {
        "mean": 0.000285058049485,
        "stdev": 0.000680384575389
    },
    "spectral_energyband_low": {
        "mean": 0.0151781952009,
        "stdev": 0.0269407369196
    },
    "spectral_energyband_middle_high": {
        "mean": 0.004900038708,
        "stdev": 0.0145364450291
    },
    "spectral_energyband_middle_low": {
        "mean": 0.0082882232964,
        "stdev": 0.0150166237727
    },
    "spectral_entropy": {
        "mean": 7.189245224,
        "stdev": 0.683195888996
    },
    "spectral_flux": {
        "mean": 0.0754607841372,
        "stdev": 0.0670414939523
    },
    "spectral_kurtosis": {
        "mean": 4.34558105469,
        "stdev": 4.05043935776
    },
    "spectral_rms": {
        "mean": 0.00443380558863,
        "stdev": 0.0028051645495
    },
    "spectral_rolloff": {
        "mean": 914.993591309,
        "stdev": 1745.1697998
    },
    "spectral_skewness": {
        "mean": 1.61205172539,
        "stdev": 0.655414938927
    },
    "spectral_spread": {
        "mean": 5409671.5,
        "stdev": 1879475.875
    },
    "spectral_strongpeak": {
        "mean": 1.07660734653,
        "stdev": 1.94759976864
    },
    "zerocrossingrate": {
        "mean": 0.0401259399951,
        "stdev": 0.0440877601504
    },
    "barkbands": {
        "mean": [0.000525903946254, 0.0128502929583, 0.00140792189632, 0.000887268804945, 0.00202230061404, 0.00230014044791, 0.00133201375138, 0.000633406918496, 0.0010244071018, 0.000388515531085, 0.000687601626851, 0.00192404910922, 0.000983133446425, 0.00031462055631, 0.00020089429745, 9.93776193354e-05, 0.000113346104627, 7.18309311196e-05, 8.74466059031e-05, 0.000134367946885, 5.93440090597e-05, 5.72539720451e-05, 4.62206990051e-05, 3.32363924826e-05, 2.55128852586e-05, 5.19784998687e-06, 7.1826370629e-08],
        "stdev": [0.000919263111427, 0.0245754010975, 0.00451472075656, 0.00402679061517, 0.00564463157207, 0.00569489225745, 0.00709601631388, 0.00316481105983, 0.00475445436314, 0.00259380810894, 0.00336900819093, 0.0101696029305, 0.00674873637035, 0.00159845838789, 0.000652424874716, 0.000461017567432, 0.000381437042961, 0.000214469953789, 0.000275280966889, 0.000455387082184, 0.000163609904121, 0.000184749616892, 0.00010605812713, 8.74816687428e-05, 4.9311456678e-05, 1.26310205815e-05, 2.68059778818e-07]
    },
    "erbbands": {
        "mean": [0.444881916046, 2.56401467323, 2.14867329597, 2.45772743225, 3.94451975822, 7.08618450165, 14.3133296967, 19.9963359833, 15.8800849915, 20.1392116547, 17.9174842834, 22.6873493195, 16.1028900146, 14.6705369949, 41.9254074097, 80.0355224609, 50.2801933289, 22.5353870392, 15.9213647842, 5.76255941391, 6.08193063736, 6.42284297943, 4.38402318954, 3.20583868027, 5.95788288116, 6.23060321808, 2.57434129715, 2.61341762543, 2.12258648872, 1.72148442268, 1.26061105728, 0.748469769955, 0.530076444149, 0.397797614336, 0.120669424534, 0.0362353213131, 0.00733907707036, 0.00069502403494, 3.76495845558e-05, 3.33537063852e-05],
        "stdev": [0.854733109474, 5.22353744507, 5.76975870132, 9.48655128479, 14.8357458115, 20.3966770172, 50.9801483154, 49.9880638123, 59.4596481323, 127.77684021, 77.6876144409, 108.674072266, 80.1022109985, 70.4786300659, 152.232849121, 449.70501709, 351.547912598, 104.87412262, 48.3147850037, 16.8857116699, 28.002986908, 21.6832332611, 12.3708086014, 9.80969142914, 18.9472866058, 18.6000366211, 7.28011608124, 7.00143432617, 6.55605602264, 4.5431227684, 3.00716114044, 1.94761240482, 1.33421111107, 0.75246578455, 0.283657670021, 0.0938538312912, 0.0164302662015, 0.00145485589746, 7.49719765736e-05, 3.95351235056e-05]
    },
    "gfcc": {
        "mean": [-101.178703308, 91.7230987549, -91.8194274902, 44.2526016235, -59.1856384277, 22.9106960297, -31.7272052765, 7.86649703979, -17.1643486023, 12.9649162292, -1.85961997509, 7.01220321655, 0.916600704193],
        "cov": [[15928.0771484, 1289.19104004, -2004.63500977, -864.866455078, -680.168029785, -182.029846191, -306.015167236, -48.1831855774, -569.671142578, -123.831741333, 115.827529907, -44.3977050781, -189.03352356], [1289.19104004, 1467.01000977, 75.586265564, -329.032836914, 54.7218704224, -178.076461792, 101.902229309, -112.884468079, 32.2576522827, -121.04800415, 96.2461395264, -67.386177063, 88.7336654663], [-2004.63500977, 75.586265564, 2443.91503906, 1066.30493164, 245.20211792, 169.634307861, -35.3380012512, 68.9136352539, 162.221313477, -57.4221725464, -197.277191162, -22.5676460266, 9.29708003998], [-864.866455078, -329.032836914, 1066.30493164, 1086.70776367, 353.102081299, 143.84173584, 25.5630874634, 142.703292847, 141.019989014, 13.2645902634, -102.851524353, -72.105682373, -37.5914573669], [-680.168029785, 54.7218704224, 245.20211792, 353.102081299, 519.408752441, 215.265213013, 192.852020264, 87.7771759033, 133.542510986, 29.9043865204, 45.8139648438, -86.4312057495, -49.7581062317], [-182.029846191, -178.076461792, 169.634307861, 143.84173584, 215.265213013, 437.246520996, 188.612136841, 42.5662994385, 5.27734231949, 39.3834190369, 26.115026474, -43.0359344482, -47.0192756653], [-306.015167236, 101.902229309, -35.3380012512, 25.5630874634, 192.852020264, 188.612136841, 346.494140625, 85.2106323242, 55.5784797668, 18.1019954681, 95.3216705322, -53.1843414307, -23.3276424408], [-48.1831855774, -112.884468079, 68.9136352539, 142.703292847, 87.7771759033, 42.5662994385, 85.2106323242, 200.124969482, 108.258613586, 57.7101325989, 11.9108705521, 3.46887993813, -17.696439743], [-569.671142578, 32.2576522827, 162.221313477, 141.019989014, 133.542510986, 5.27734231949, 55.5784797668, 108.258613586, 215.304199219, 78.692565918, 16.3374347687, -13.3441534042, 16.554649353], [-123.831741333, -121.04800415, -57.4221725464, 13.2645902634, 29.9043865204, 39.3834190369, 18.1019954681, 57.7101325989, 78.692565918, 149.773544312, 55.4624710083, 10.5552272797, -10.3628025055], [115.827529907, 96.2461395264, -197.277191162, -102.851524353, 45.8139648438, 26.115026474, 95.3216705322, 11.9108705521, 16.3374347687, 55.4624710083, 190.498962402, 41.9033889771, 22.8956375122], [-44.3977050781, -67.386177063, -22.5676460266, -72.105682373, -86.4312057495, -43.0359344482, -53.1843414307, 3.46887993813, -13.3441534042, 10.5552272797, 41.9033889771, 161.305343628, 86.9736938477], [-189.03352356, 88.7336654663, 9.29708003998, -37.5914573669, -49.7581062317, -47.0192756653, -23.3276424408, -17.696439743, 16.554649353, -10.3628025055, 22.8956375122, 86.9736938477, 158.724441528]],
        "icov": [[0.000122013982036, -0.000278463761788, 0.000181961848284, -0.000213527295273, 0.000235988074564, -0.000238492881181, 0.000260490109213, -0.00033253710717, 0.000323513522744, -6.28312991466e-05, -1.19954174806e-05, -0.000106650579255, 0.000266622198978], [-0.000278463761788, 0.00199008150958, -0.000883211439941, 0.0013953957241, -0.00110525859054, 0.00135931535624, -0.000891652656719, 0.00106723210774, -0.00106403592508, 0.00116194190923, -0.000957449898124, 0.00165591947734, -0.00160025607329], [0.000181961848284, -0.000883211439941, 0.00128276553005, -0.00149128946941, 0.000866753980517, -0.000967376690824, 0.000440794217866, -6.10090464761e-05, -0.00019779476861, 9.67761952779e-05, 0.00069821823854, -0.00112517457455, 0.000868040428031], [-0.000213527295273, 0.0013953957241, -0.00149128946941, 0.00332442554645, -0.00214210012928, 0.0010765879415, -7.11582242729e-06, -0.000601619191002, -0.000119468662888, 0.000382256170269, -0.000229339115322, 0.00177594576962, -0.00148305715993], [0.000235988074564, -0.00110525859054, 0.000866753980517, -0.00214210012928, 0.00505250645801, -0.00220256042667, -0.000208463228773, -5.50515178475e-05, -0.00182984850835, 0.000862651795615, -0.000934039824642, -2.59131047642e-05, 0.00163159961812], [-0.000238492881181, 0.00135931535624, -0.000967376690824, 0.0010765879415, -0.00220256042667, 0.00497936829925, -0.00272313086316, 0.000962541264016, 0.00123275513761, -0.00139614590444, 0.000455717119621, 0.000619544473011, -0.000865584006533], [0.000260490109213, -0.000891652656719, 0.000440794217866, -7.11582242729e-06, -0.000208463228773, -0.00272313086316, 0.00681719649583, -0.00335157825612, 0.00035767161171, 0.00166322954465, -0.00297337281518, 0.00194870622363, -3.01982090605e-05], [-0.00033253710717, 0.00106723210774, -6.10090464761e-05, -0.000601619191002, -5.50515178475e-05, 0.000962541264016, -0.00335157825612, 0.0101917963475, -0.00493613630533, -0.000726100930478, 0.0012009559432, -0.00245959125459, 0.00142195401713], [0.000323513522744, -0.00106403592508, -0.00019779476861, -0.000119468662888, -0.00182984850835, 0.00123275513761, 0.00035767161171, -0.00493613630533, 0.0115528646857, -0.00545988744125, 0.00103497551754, 0.00136797130108, -0.00220308615826], [-6.28312991466e-05, 0.00116194190923, 9.67761952779e-05, 0.000382256170269, 0.000862651795615, -0.00139614590444, 0.00166322954465, -0.000726100930478, -0.00545988744125, 0.0123852286488, -0.00444835983217, 0.000631022790913, 0.00105475296732], [-1.19954174806e-05, -0.000957449898124, 0.00069821823854, -0.000229339115322, -0.000934039824642, 0.000455717119621, -0.00297337281518, 0.0012009559432, 0.00103497551754, -0.00444835983217, 0.0100033367053, -0.00426279008389, 0.000459330156446], [-0.000106650579255, 0.00165591947734, -0.00112517457455, 0.00177594576962, -2.59131047642e-05, 0.000619544473011, 0.00194870622363, -0.00245959125459, 0.00136797130108, 0.000631022790913, -0.00426279008389, 0.0134152043611, -0.00721614714712], [0.000266622198978, -0.00160025607329, 0.000868040428031, -0.00148305715993, 0.00163159961812, -0.000865584006533, -3.01982090605e-05, 0.00142195401713, -0.00220308615826, 0.00105475296732, 0.000459330156446, -0.00721614714712, 0.0117059582844]]
    },
    "melbands": {
        "mean": [0.00383362383582, 0.00192483305, 0.000466938858153, 0.000378407392418, 0.000465824035928, 0.000433255452663, 0.000264463276835, 0.00019322418666, 0.000147397862747, 0.000146216480061, 8.02189533715e-05, 5.46754999959e-05, 0.000119579490274, 0.000194139836822, 0.000178199188667, 8.34156380733e-05, 3.56435448339e-05, 2.73269415629e-05, 1.07368132376e-05, 6.22454217591e-06, 7.20457546777e-06, 6.6698403316e-06, 5.20059347764e-06, 3.29051636072e-06, 2.29365059567e-06, 3.85529938285e-06, 5.20413232152e-06, 3.88722537537e-06, 1.71001761373e-06, 1.28711133129e-06, 1.53589189722e-06, 1.19063543025e-06, 1.06587140181e-06, 9.19708440961e-07, 7.77273896801e-07, 5.30905310825e-07, 4.47930204928e-07, 3.78208255825e-07, 3.49883009676e-07, 3.25240790744e-07],
        "stdev": [0.0072618694976, 0.0040649860166, 0.00178000715096, 0.00117867207155, 0.00153593195137, 0.0010612742044, 0.00107089732774, 0.00117817136925, 0.000654385017697, 0.000752678897697, 0.000423927529482, 0.00031039971509, 0.000508330704179, 0.000934554089326, 0.00113555602729, 0.000582767301239, 0.000194568332518, 9.21613900573e-05, 3.81218742405e-05, 2.64031659754e-05, 3.30987859343e-05, 2.32742968365e-05, 1.92044608411e-05, 9.83744575933e-06, 8.31023498904e-06, 1.3082138139e-05, 2.16220669245e-05, 1.11084118544e-05, 5.09552228323e-06, 3.71042756342e-06, 4.08304367738e-06, 3.74724595531e-06, 3.54026497007e-06, 2.187208338e-06, 1.81008397249e-06, 1.41887369409e-06, 1.18383422887e-06, 9.68424387793e-07, 7.79564231834e-07, 6.07255003615e-07]
    },
    "melbands128": {
        "mean": [0.00045775086619, 0.003397510387, 0.00586421694607, 0.00363503629342, 0.00135626725387, 0.000645760272164, 0.000488633580972, 0.000432907661889, 0.000386005674955, 0.000354708638042, 0.000418800540501, 0.000426223297836, 0.000546926050447, 0.000424358353484, 0.00047948511201, 0.000460005889181, 0.000193861938897, 0.000229529832723, 0.000332103052642, 0.000262303685304, 6.9752408308e-05, 0.000129601845401, 0.00018002181605, 0.000136405913508, 0.000135002293973, 0.000172547821421, 0.000122492463561, 4.71420462418e-05, 6.87968786224e-05, 6.32902228972e-05, 3.14960125252e-05, 7.19260424376e-05, 0.000141157419421, 0.000126722690766, 0.000164798839251, 0.000203336341656, 0.000274358753813, 0.000189708996913, 0.000107688181743, 0.000114810005471, 6.37577031739e-05, 6.94283589837e-05, 3.02852386085e-05, 2.28396875173e-05, 2.63987130893e-05, 3.31138471665e-05, 2.34581748373e-05, 9.69381017057e-06, 5.89745104662e-06, 6.60227988192e-06, 5.66456674278e-06, 6.18132435193e-06, 8.27647090773e-06, 7.01471526554e-06, 6.6279631028e-06, 6.05266859566e-06, 7.81791186455e-06, 5.88091552345e-06, 4.44051829618e-06, 3.07378513753e-06, 4.17787214246e-06, 2.57676401816e-06, 1.59860928761e-06, 2.13395423998e-06, 3.39914345204e-06, 4.20887408836e-06, 3.37496817338e-06, 5.39123357157e-06, 5.82834218221e-06, 4.89937792736e-06, 4.3723316594e-06, 3.05632806885e-06, 2.30104092225e-06, 1.54869928792e-06, 9.62785406955e-07, 9.8444888863e-07, 1.58504656156e-06, 1.74152194177e-06, 1.64926700563e-06, 1.17920387765e-06, 1.11255258162e-06, 1.26474174067e-06, 1.19262301723e-06, 9.88086299003e-07, 1.09319751118e-06, 8.06513583029e-07, 1.03889499314e-06, 7.59888337143e-07, 8.57149075273e-07, 6.52705352877e-07, 6.42659642835e-07, 4.70274102327e-07, 4.00710604254e-07, 3.80817169798e-07, 5.96620509441e-07, 3.69526787836e-07, 3.47791456079e-07, 3.36168739068e-07, 3.37452263466e-07, 3.00016836263e-07, 5.16623003932e-07, 2.86292134888e-07, 1.98817758701e-07, 1.57291367486e-07, 1.14135453089e-07, 1.03599660406e-07, 1.05649810678e-07, 7.40701509017e-08, 5.63363791173e-08, 4.61610198954e-08, 3.43141337567e-08, 2.5251583935e-08, 2.00965395436e-08, 1.70430300983e-08, 1.18442473607e-08, 6.8470566994e-09, 1.78132275597e-09, 9.81821776658e-11, 1.48133560973e-10, 3.00588498536e-10, 4.37606451076e-10, 2.5725696573e-10, 1.21833682032e-10, 4.74684094115e-12, 3.49524857841e-12, 3.46204965737e-12, 3.43718716683e-12, 3.41228000716e-12],
        "stdev": [0.000887452391908, 0.00681651663035, 0.0117521844804, 0.00785634480417, 0.00373458303511, 0.00205802707933, 0.00200206064619, 0.00197709957138, 0.0015800059773, 0.00135698041413, 0.001499325037, 0.00168800447136, 0.00238310056739, 0.00178456946742, 0.00148944929242, 0.00119912112132, 0.000739889743272, 0.00140089658089, 0.00237220502459, 0.00209945999086, 0.000706763763446, 0.000745864759665, 0.0010319018038, 0.000811270263512, 0.000825629860628, 0.00135627656709, 0.000803180679213, 0.00040962890489, 0.00070278981002, 0.000469076709123, 0.000283170986222, 0.00065741915023, 0.000785858894233, 0.000661747413687, 0.00103847135324, 0.00138032191899, 0.00223117461428, 0.00173492659815, 0.00102140754461, 0.00146614201367, 0.000411215674831, 0.000498763401993, 0.000267257826636, 0.000228962759138, 0.000149883198901, 0.000139657451655, 0.000106526349555, 6.76718045725e-05, 2.83308763755e-05, 3.26424415107e-05, 3.87342370232e-05, 4.54110886494e-05, 6.96556307958e-05, 3.20440958603e-05, 3.48114153894e-05, 3.11179828714e-05, 4.27607628808e-05, 3.18995553243e-05, 2.26249449042e-05, 1.42440776472e-05, 1.53626297106e-05, 1.33990379254e-05, 7.61720866649e-06, 1.28955798573e-05, 1.95421143871e-05, 2.2487829483e-05, 1.3455412045e-05, 2.38155280385e-05, 4.25839461968e-05, 1.9448758394e-05, 1.5826562958e-05, 1.21185585158e-05, 7.75393982622e-06, 5.71007285544e-06, 3.49116385223e-06, 2.92149456982e-06, 4.87558872919e-06, 5.16972522746e-06, 4.46892727268e-06, 3.54271764991e-06, 4.40977737526e-06, 3.83837914342e-06, 4.60658520751e-06, 3.40674546351e-06, 3.976851076e-06, 2.24638370128e-06, 2.62274465967e-06, 1.74036290446e-06, 2.04672346626e-06, 1.64948949077e-06, 1.96181849788e-06, 1.32409661546e-06, 1.09190420972e-06, 1.05563810848e-06, 1.66445840932e-06, 9.07606363398e-07, 9.4992412869e-07, 9.03287855181e-07, 9.69529310169e-07, 5.81265339861e-07, 1.05298693143e-06, 5.77873265684e-07, 4.72471214152e-07, 3.84540527421e-07, 3.16578649517e-07, 3.00025021716e-07, 2.71690993259e-07, 2.08449861816e-07, 1.70977230596e-07, 1.2771185709e-07, 9.28647239107e-08, 6.15584454522e-08, 4.40723013639e-08, 3.65397880842e-08, 2.58195864689e-08, 1.55172656946e-08, 5.68951730173e-09, 9.54196499592e-10, 1.27124055727e-09, 2.53826071273e-09, 3.16604631401e-09, 2.39593123119e-09, 1.23436205701e-09, 2.08388306611e-11, 6.91857725624e-12, 6.83649230976e-12, 6.77760451928e-12, 6.73914916927e-12]
    },
    "mfcc": {
        "mean": [-748.122741699, 114.468582153, 28.6947059631, 29.1275749207, 7.06663703918, 15.0090579987, 4.83003234863, 0.416225194931, 0.0297830104828, 0.298372745514, 5.01052093506, 6.10896921158, 7.81356048584],
        "cov": [[11984.6259766, 575.657653809, -1759.34057617, -789.739807129, -791.465148926, -477.464660645, -81.4465560913, -205.354309082, -634.253112793, -85.1714630127, -278.869781494, -152.098403931, 84.5733032227], [575.657653809, 1571.85864258, -46.424041748, -180.002166748, -165.249069214, -97.2480926514, -36.7814178467, -37.9907112122, -76.7229232788, -98.2551116943, -30.831199646, -16.1079864502, -16.9742679596], [-1759.34057617, -46.424041748, 1759.74987793, 632.522888184, 453.791503906, 229.64881897, 21.5803699493, 99.5644836426, 248.811676025, -42.770816803, 27.0988483429, 5.77108860016, -147.584884644], [-789.739807129, -180.002166748, 632.522888184, 787.928405762, 396.704681396, 103.965827942, 34.8124885559, 97.7799377441, 175.71206665, 82.2229766846, 56.9366035461, 50.9181861877, 15.1938686371], [-791.465148926, -165.249069214, 453.791503906, 396.704681396, 474.064117432, 191.737701416, 59.1310653687, 91.2034072876, 152.613891602, 76.0061950684, 60.9445075989, 62.9945869446, 14.1669378281], [-477.464660645, -97.2480926514, 229.64881897, 103.965827942, 191.737701416, 315.050292969, 182.312667847, 91.1704025269, 69.6367950439, 87.8042526245, 50.2270507812, 3.77898240089, 0.0389903336763], [-81.4465560913, -36.7814178467, 21.5803699493, 34.8124885559, 59.1310653687, 182.312667847, 308.453491211, 131.408813477, 3.68536949158, 94.8371505737, 66.0134963989, 10.2647476196, 51.0766448975], [-205.354309082, -37.9907112122, 99.5644836426, 97.7799377441, 91.2034072876, 91.1704025269, 131.408813477, 181.297241211, 74.520072937, 52.1788368225, 44.4121551514, 22.8128376007, 11.5774469376], [-634.253112793, -76.7229232788, 248.811676025, 175.71206665, 152.613891602, 69.6367950439, 3.68536949158, 74.520072937, 221.427886963, 69.9200439453, 44.8347816467, 33.7192726135, -3.49180626869], [-85.1714630127, -98.2551116943, -42.770816803, 82.2229766846, 76.0061950684, 87.8042526245, 94.8371505737, 52.1788368225, 69.9200439453, 194.388565063, 91.0177078247, 27.4456939697, 65.2557907104], [-278.869781494, -30.831199646, 27.0988483429, 56.9366035461, 60.9445075989, 50.2270507812, 66.0134963989, 44.4121551514, 44.8347816467, 91.0177078247, 171.118087769, 87.5634384155, 53.9253005981], [-152.098403931, -16.1079864502, 5.77108860016, 50.9181861877, 62.9945869446, 3.77898240089, 10.2647476196, 22.8128376007, 33.7192726135, 27.4456939697, 87.5634384155, 142.244628906, 72.612739563], [84.5733032227, -16.9742679596, -147.584884644, 15.1938686371, 14.1669378281, 0.0389903336763, 51.0766448975, 11.5774469376, -3.49180626869, 65.2557907104, 53.9253005981, 72.612739563, 155.101425171]],
        "icov": [[0.000112903086119, -2.80910626316e-05, 6.15438912064e-05, -1.50582500282e-05, 4.13962115999e-05, 7.54609936848e-05, -1.89973479792e-06, -5.76697784709e-05, 0.000241812464083, -0.000155101399287, 0.000188168574823, -4.55527333543e-05, 2.31327212532e-05], [-2.80910626316e-05, 0.000689289125148, -9.02612009668e-05, 0.00010834341083, 0.000131905660965, 9.77955278358e-05, -5.60681255592e-05, -1.63752083608e-05, -1.68236638274e-05, 0.000305293709971, -0.000141038268339, 3.9733662561e-05, -9.65248109424e-05], [6.15438912064e-05, -9.02612009668e-05, 0.00117740826681, -0.000694171059877, -0.000260240456555, -0.000476754183182, -0.000118296200526, 0.000226897522225, -0.000589730101638, 0.000883270986378, -0.000264922506176, 3.99377204303e-05, 0.000879338535015], [-1.50582500282e-05, 0.00010834341083, -0.000694171059877, 0.00279971538112, -0.00189733912703, 0.00117197912186, -0.000138890085509, -0.000387024221709, -0.000219688547077, -0.000748912687413, 0.000135876252898, 0.000292526528938, -0.000541136541869], [4.13962115999e-05, 0.000131905660965, -0.000260240456555, -0.00189733912703, 0.00556362047791, -0.0028662472032, 0.0011910822941, -0.000582730513997, -0.000601209001616, -0.000153211396537, 0.000462162657641, -0.00159650493879, -0.000288432842353], [7.54609936848e-05, 9.77955278358e-05, -0.000476754183182, 0.00117197912186, -0.0028662472032, 0.00770375598222, -0.00420431792736, 0.000741372059565, -0.000406880950322, -0.00149947078899, 0.000250343582593, 0.000517775828484, 0.001282423269], [-1.89973479792e-06, -5.60681255592e-05, -0.000118296200526, -0.000138890085509, 0.0011910822941, -0.00420431792736, 0.00860766135156, -0.00508013973013, 0.00267356005497, -0.00125112978276, -0.00111067900434, 0.00128810433671, -0.00229749688879], [-5.76697784709e-05, -1.63752083608e-05, 0.000226897522225, -0.000387024221709, -0.000582730513997, 0.000741372059565, -0.00508013973013, 0.0103948814794, -0.00341002433561, 0.000786211632658, -0.000254044163739, -0.000854146666825, 0.00131418951787], [0.000241812464083, -1.68236638274e-05, -0.000589730101638, -0.000219688547077, -0.000601209001616, -0.000406880950322, 0.00267356005497, -0.00341002433561, 0.00885384622961, -0.00349546573125, 0.000678266165778, -0.00124652881641, 0.000773530802689], [-0.000155101399287, 0.000305293709971, 0.000883270986378, -0.000748912687413, -0.000153211396537, -0.00149947078899, -0.00125112978276, 0.000786211632658, -0.00349546573125, 0.0111580630764, -0.00520610576496, 0.00374704692513, -0.00331789441407], [0.000188168574823, -0.000141038268339, -0.000264922506176, 0.000135876252898, 0.000462162657641, 0.000250343582593, -0.00111067900434, -0.000254044163739, 0.000678266165778, -0.00520610576496, 0.0123171275482, -0.00735930586234, 0.00132760941051], [-4.55527333543e-05, 3.9733662561e-05, 3.99377204303e-05, 0.000292526528938, -0.00159650493879, 0.000517775828484, 0.00128810433671, -0.000854146666825, -0.00124652881641, 0.00374704692513, -0.00735930586234, 0.014878295362, -0.00618756003678], [2.31327212532e-05, -9.65248109424e-05, 0.000879338535015, -0.000541136541869, -0.000288432842353, 0.001282423269, -0.00229749688879, 0.00131418951787, 0.000773530802689, -0.00331789441407, 0.00132760941051, -0.00618756003678, 0.0118470266461]]
    },
    "spectral_contrast_coeffs": {
        "mean": [-0.714704811573, -0.696784853935, -0.740817546844, -0.79003071785, -0.809063255787, -0.791093945503],
        "stdev": [0.106210328639, 0.110170401633, 0.123145490885, 0.0934750661254, 0.0652563124895, 0.0347346290946]
    },
    "spectral_contrast_valleys": {
        "mean": [-7.52681493759, -8.13956928253, -8.93179607391, -9.07710075378, -8.81650829315, -10.8289461136],
        "stdev": [1.57902216911, 1.32745397091, 1.30119276047, 1.21801304817, 1.21368348598, 1.20045948029]
    }
},
"rhythm": {
    "beats_count": 374,
    "beats_loudness": {
        "mean": 0.0592952407897,
        "stdev": 0.0581258013844
    },
    "bpm": 83.9769744873,
    "bpm_histogram_first_peak_bpm": 83,
    "bpm_histogram_first_peak_weight": 0.456756770611,
    "bpm_histogram_second_peak_bpm": 77,
    "bpm_histogram_second_peak_spread": 0,
    "bpm_histogram_second_peak_weight": 0.00804289616644,
    "danceability": 1.11954081059,
    "onset_rate": 5.14231300354,
    "beats_loudness_band_ratio": {
        "mean": [0.501086950302, 0.195139735937, 0.104889944196, 0.0941840708256, 0.0521939061582, 0.0681225955486],
        "stdev": [0.382409244776, 0.216649845243, 0.125503793359, 0.151963889599, 0.0683815479279, 0.108302250504]
    },
    "beats_position": [0.766258478165, 1.55573689938, 2.31038546562, 3.08825397491, 3.86612248421, 4.60916090012, 5.34058952332, 6.04879808426, 6.7570066452, 7.47682523727, 8.19664382935, 8.90485286713, 9.61306095123, 10.3328800201, 11.0526981354, 11.7609071732, 12.4691152573, 13.1889343262, 13.9087524414, 14.6285715103, 15.3251695633, 16.0449886322, 16.7648067474, 17.4730148315, 18.181224823, 18.9010429382, 19.6208610535, 20.3290691376, 21.037279129, 21.7570972443, 22.4769153595, 23.1851234436, 23.8933334351, 24.6131515503, 25.3329696655, 26.0411777496, 26.7493877411, 27.4692058563, 28.1890239716, 28.897233963, 29.6054420471, 30.3252601624, 31.0450782776, 31.753288269, 32.4614944458, 33.1813163757, 33.901134491, 34.6093406677, 35.3175506592, 36.0373687744, 36.7571868896, 37.4770050049, 38.1736030579, 38.8934249878, 39.613243103, 40.3214492798, 41.0296592712, 41.7494773865, 42.4692955017, 43.1891136169, 43.8857116699, 44.6055335999, 45.3253517151, 46.0451698303, 46.7417678833, 47.4615859985, 48.1814041138, 48.8896141052, 49.5978240967, 50.3176422119, 51.0374603271, 51.7572784424, 52.4654884338, 53.1969146729, 53.9051246643, 54.6133308411, 55.3215408325, 56.0413589478, 56.7495689392, 57.4693870544, 58.1659851074, 58.8858032227, 59.6056213379, 60.3254394531, 61.0336494446, 61.7534675598, 62.4616775513, 63.169883728, 63.8780937195, 64.5979156494, 65.3177337646, 66.0375518799, 66.7573699951, 67.4771881104, 68.1970062256, 68.9052124023, 69.6134262085, 70.3332443237, 71.053062439, 71.7612686157, 72.4694747925, 73.1892929077, 73.9091110229, 74.6173248291, 75.3255310059, 76.0453491211, 76.7651672363, 77.4733810425, 78.1815872192, 78.9014053345, 79.6212234497, 80.3294296265, 81.0376434326, 81.7574615479, 82.4772796631, 83.1854858398, 83.8936920166, 84.6135101318, 85.3333282471, 86.0415420532, 86.74974823, 87.4695663452, 88.1893844604, 88.8975982666, 89.6058044434, 90.3256225586, 91.0454406738, 91.7652587891, 92.4618606567, 93.181678772, 93.9014968872, 94.609703064, 95.3179092407, 96.037727356, 96.7575454712, 97.4657592773, 98.1739654541, 98.8937835693, 99.6136016846, 100.321815491, 101.030021667, 101.749839783, 102.469657898, 103.189476013, 103.886077881, 104.605895996, 105.325714111, 106.033920288, 106.742126465, 107.46194458, 108.181770325, 108.889976501, 109.598182678, 110.318000793, 111.037818909, 111.746032715, 112.454238892, 113.174057007, 113.893875122, 114.602081299, 115.310295105, 116.03011322, 116.749931335, 117.458137512, 118.166343689, 118.886169434, 119.605987549, 120.325805664, 121.034011841, 121.742218018, 122.462036133, 123.181854248, 123.901672363, 124.621498108, 125.329704285, 126.0495224, 126.757728577, 127.477546692, 128.197372437, 128.905578613, 129.61378479, 130.333602905, 131.053421021, 131.761627197, 132.469833374, 133.189651489, 133.909469604, 134.61769104, 135.325897217, 136.045715332, 136.765533447, 137.473739624, 138.181945801, 138.901763916, 139.621582031, 140.329788208, 141.037994385, 141.757827759, 142.477645874, 143.197463989, 143.894058228, 144.613876343, 145.333694458, 146.041900635, 146.750106812, 147.469924927, 148.189743042, 148.897949219, 149.606170654, 150.32598877, 151.045806885, 151.754013062, 152.462219238, 153.182037354, 153.901855469, 154.610061646, 155.318267822, 156.038085938, 156.757904053, 157.466125488, 158.174331665, 158.89414978, 159.613967896, 160.322174072, 161.030380249, 161.750198364, 162.470016479, 163.178222656, 163.886444092, 164.606262207, 165.326080322, 166.034286499, 166.742492676, 167.462310791, 168.182128906, 168.890335083, 169.59854126, 170.318359375, 171.03817749, 171.746398926, 172.454605103, 173.174423218, 173.894241333, 174.614059448, 175.322265625, 176.04208374, 176.761901855, 177.470108032, 178.178314209, 178.898132324, 179.617950439, 180.326171875, 181.034378052, 181.754196167, 182.462402344, 183.182220459, 183.890426636, 184.621856689, 185.341674805, 186.049880981, 186.758087158, 187.477905273, 188.197723389, 188.905944824, 189.614151001, 190.333969116, 191.053787231, 191.761993408, 192.470199585, 193.1900177, 193.909835815, 194.618041992, 195.326248169, 196.046066284, 196.765899658, 197.474105835, 198.182312012, 198.902130127, 199.621948242, 200.330154419, 201.038360596, 201.758178711, 202.477996826, 203.186203003, 203.894424438, 204.614242554, 205.334060669, 206.042266846, 206.750473022, 207.470291138, 208.190109253, 208.89831543, 209.606521606, 210.326339722, 211.046157837, 211.754379272, 212.462585449, 213.182403564, 213.90222168, 214.610427856, 215.318634033, 216.038452148, 216.758270264, 217.46647644, 218.174682617, 218.894515991, 219.614334106, 220.322540283, 221.03074646, 221.750564575, 222.47038269, 223.178588867, 223.886795044, 224.606613159, 225.326431274, 226.04624939, 226.754455566, 227.47428894, 228.182495117, 228.902313232, 229.598907471, 230.318725586, 231.038543701, 231.758361816, 232.466567993, 233.17477417, 233.894592285, 234.6144104, 235.322631836, 236.042449951, 236.762268066, 237.470474243, 238.17868042, 238.898498535, 239.61831665, 240.326522827, 241.034729004, 241.754547119, 242.474365234, 243.18258667, 243.890792847, 244.610610962, 245.330429077, 246.050247192, 246.758453369, 247.478271484, 248.1980896, 248.906295776, 249.614501953, 250.334320068, 251.054138184, 251.762359619, 252.470565796, 253.190383911, 253.910202026, 254.618408203, 255.32661438, 256.046447754, 256.766265869, 257.474456787, 258.182678223, 258.902496338, 259.622314453, 260.330505371, 261.038726807, 261.758544922, 262.478363037, 263.186584473, 263.894775391, 264.614593506, 265.334411621, 266.054229736, 266.774047852, 267.493865967],
    "bpm_histogram": [0, 0, 0, 0, 0, 0, 0, 0, 0, 0, 0, 0, 0, 0, 0, 0, 0, 0, 0, 0, 0, 0, 0, 0, 0, 0, 0, 0, 0, 0, 0, 0, 0, 0, 0, 0, 0, 0, 0, 0, 0, 0, 0, 0, 0, 0, 0, 0, 0, 0, 0, 0, 0, 0, 0, 0, 0, 0, 0, 0, 0, 0, 0, 0, 0, 0, 0, 0, 0, 0, 0, 0, 0, 0, 0, 0, 0.00268096523359, 0.00536193046719, 0, 0, 0.00268096523359, 0.00268096523359, 0.00804289523512, 0.530831098557, 0, 0.423592507839, 0.0241286866367, 0, 0, 0, 0, 0, 0, 0, 0, 0, 0, 0, 0, 0, 0, 0, 0, 0, 0, 0, 0, 0, 0, 0, 0, 0, 0, 0, 0, 0, 0, 0, 0, 0, 0, 0, 0, 0, 0, 0, 0, 0, 0, 0, 0, 0, 0, 0, 0, 0, 0, 0, 0, 0, 0, 0, 0, 0, 0, 0, 0, 0, 0, 0, 0, 0, 0, 0, 0, 0, 0, 0, 0, 0, 0, 0, 0, 0, 0, 0, 0, 0, 0, 0, 0, 0, 0, 0, 0, 0, 0, 0, 0, 0, 0, 0, 0, 0, 0, 0, 0, 0, 0, 0, 0, 0, 0, 0, 0, 0, 0, 0, 0, 0, 0, 0, 0, 0, 0, 0, 0, 0, 0, 0, 0, 0, 0, 0, 0, 0, 0, 0, 0, 0, 0, 0, 0, 0, 0, 0, 0, 0, 0, 0, 0, 0, 0, 0, 0, 0, 0, 0, 0, 0, 0, 0, 0, 0, 0, 0, 0, 0, 0, 0]
},
"tonal": {
    "chords_changes_rate": 0.104397505522,
    "chords_number_rate": 0.00311634340324,
    "chords_strength": {
        "mean": 0.461450338364,
        "stdev": 0.134944304824
    },
    "hpcp_crest": {
        "mean": 14.3523712158,
        "stdev": 7.14135360718
    },
    "hpcp_entropy": {
        "mean": 1.87020361423,
        "stdev": 0.822076439857
    },
    "key_edma": {
        "strength": 0.484831362963,
        "key": "E",
        "scale": "major"
    },
    "key_krumhansl": {
        "strength": 0.46996819973,
        "key": "E",
        "scale": "major"
    },
    "key_temperley": {
        "strength": 0.445240616798,
        "key": "E",
        "scale": "major"
    },
    "tuning_diatonic_strength": 0.296267002821,
    "tuning_equal_tempered_deviation": 0.201061218977,
    "tuning_frequency": 434.193115234,
    "tuning_nontempered_energy_ratio": 0.877285897732,
    "hpcp": {
        "mean": [0.0901906266809, 0.0736471191049, 0.0552312545478, 0.0579757727683, 0.068477474153, 0.0609461329877, 0.0867062732577, 0.120225891471, 0.241685584188, 0.260557174683, 0.104708135128, 0.0522849224508, 0.0560533516109, 0.0634317994118, 0.0770107507706, 0.121071763337, 0.126434922218, 0.0824031159282, 0.0694954022765, 0.069925300777, 0.0695666596293, 0.0737828165293, 0.0751332342625, 0.0830933824182, 0.091926343739, 0.0716751217842, 0.0684897229075, 0.143423989415, 0.144666969776, 0.0661078467965, 0.0544160529971, 0.053694114089, 0.0777443796396, 0.11615665257, 0.0963992923498, 0.0839315056801],
        "stdev": [0.212341114879, 0.185885757208, 0.171446055174, 0.171589434147, 0.205040559173, 0.179659619927, 0.207154855132, 0.244802623987, 0.350289613008, 0.390136241913, 0.21160672605, 0.174411401153, 0.16548897326, 0.181122258306, 0.201635405421, 0.246379673481, 0.250159919262, 0.205284267664, 0.190300598741, 0.196010351181, 0.19265037775, 0.201906070113, 0.206851154566, 0.198183178902, 0.215894445777, 0.177383258939, 0.185046955943, 0.265363693237, 0.271015137434, 0.169200345874, 0.175914227962, 0.177049547434, 0.214851945639, 0.278989851475, 0.23337559402, 0.205010518432]
    },
    "chords_histogram": [4.39750671387, 2.66620492935, 8.51800537109, 0.0692520812154, 1.03878116608, 0.363573402166, 1.66204988956, 5.31509685516, 3.91274237633, 0.467451512814, 0.155817180872, 0.744459807873, 2.92590022087, 5.4189748764, 12.950138092, 3.63573408127, 1.88711905479, 1.50623273849, 2.97783923149, 17.5380878448, 14.8199443817, 3.84349036217, 0.761772871017, 2.42382264137],
    "thpcp": [1, 0.401862412691, 0.200665831566, 0.215128794312, 0.243446752429, 0.295561820269, 0.464664846659, 0.485248297453, 0.316257327795, 0.266718447208, 0.26836836338, 0.266991913319, 0.283173233271, 0.288356035948, 0.318906515837, 0.352806806564, 0.27508404851, 0.262858718634, 0.550451099873, 0.555221617222, 0.253717243671, 0.208844959736, 0.206074208021, 0.298377424479, 0.445801019669, 0.369973659515, 0.322123169899, 0.346145242453, 0.282652437687, 0.211973652244, 0.222506910563, 0.262811690569, 0.233906939626, 0.332772552967, 0.461418449879, 0.927572190762],
    "chords_key": "B",
    "chords_scale": "minor"
}
}