{
"metadata": {
    "version": {
        "essentia": "2.1-dev",
        "essentia_git_sha": "v2.1_beta3-415-gd5473f3",
        "extractor": "music 2.0"
    },
    "audio_properties": {
        "analysis": {
            "equal_loudness": 0,
            "length": 207.882446289,
            "sample_rate": 44100,
            "start_time": 0,
            "downmix": "mix"
        },
        "bit_rate": 128000,
        "length": 207.882446289,
        "lossless": 0,
        "number_channels": 2,
        "replay_gain": -5.6114025116,
        "sample_rate": 44100,
        "codec": "mp3",
        "md5_encoded": "7ca45274e2c4be9b31e6e2b5550f5b35"
    },
    "tags": {
        "file_name": "whitney_houston-my_love_feat_bobby_brown.mp3",
        "album": ["just Withney..."],
        "artist": ["Withney Houston"],
        "genre": ["Folk"],
        "title": ["My love (feat. Bobby Brown)"],
        "tracknumber": ["5"]
    }
},
"lowlevel": {
    "average_loudness": 0.896275281906,
    "barkbands_crest": {
        "mean": 11.7329530716,
        "stdev": 5.78894710541
    },
    "barkbands_flatness_db": {
        "mean": 0.157529264688,
        "stdev": 0.0591185502708
    },
    "barkbands_kurtosis": {
        "mean": 8.01675510406,
        "stdev": 45.5029525757
    },
    "barkbands_skewness": {
        "mean": 1.52353596687,
        "stdev": 2.16600370407
    },
    "barkbands_spread": {
        "mean": 31.5187511444,
        "stdev": 20.3432121277
    },
    "dissonance": {
        "mean": 0.460100382566,
        "stdev": 0.0309148076922
    },
    "dynamic_complexity": 3.4556210041,
    "erbbands_crest": {
        "mean": 9.46197032928,
        "stdev": 4.44427776337
    },
    "erbbands_flatness_db": {
        "mean": 0.155019268394,
        "stdev": 0.0507190153003
    },
    "erbbands_kurtosis": {
        "mean": 0.767379164696,
        "stdev": 2.87005472183
    },
    "erbbands_skewness": {
        "mean": 0.131336823106,
        "stdev": 0.995377719402
    },
    "erbbands_spread": {
        "mean": 46.8424911499,
        "stdev": 28.0561561584
    },
    "hfc": {
        "mean": 28.135515213,
        "stdev": 41.0620079041
    },
    "loudness_ebu128": {
        "integrated": -18.8017749786,
        "loudness_range": 3.62544441223,
        "momentary": {
            "mean": -20.2575893402,
            "stdev": 6.94869375229
        },
        "short_term": {
            "mean": -19.213552475,
            "stdev": 2.11471414566
        }
    },
    "melbands_crest": {
        "mean": 16.4517803192,
        "stdev": 7.68947029114
    },
    "melbands_flatness_db": {
        "mean": 0.18477730453,
        "stdev": 0.0853150337934
    },
    "melbands_kurtosis": {
        "mean": 25.4105396271,
        "stdev": 69.5055618286
    },
    "melbands_skewness": {
        "mean": 3.14293622971,
        "stdev": 2.94550609589
    },
    "melbands_spread": {
        "mean": 33.9920501709,
        "stdev": 29.6301555634
    },
    "pitch_salience": {
        "mean": 0.503029286861,
        "stdev": 0.163638070226
    },
    "silence_rate_20dB": {
        "mean": 1,
        "stdev": 0
    },
    "silence_rate_30dB": {
        "mean": 0.992182254791,
        "stdev": 0.0880712494254
    },
    "silence_rate_60dB": {
        "mean": 0.113692201674,
        "stdev": 0.317452162504
    },
    "spectral_centroid": {
        "mean": 1834.31689453,
        "stdev": 835.800598145
    },
    "spectral_complexity": {
        "mean": 13.7670316696,
        "stdev": 8.97829532623
    },
    "spectral_decrease": {
        "mean": -5.22807663828e-09,
        "stdev": 6.24362961332e-09
    },
    "spectral_energy": {
        "mean": 0.0222839806229,
        "stdev": 0.0255477912724
    },
    "spectral_energyband_high": {
        "mean": 0.00172534887679,
        "stdev": 0.00337586831301
    },
    "spectral_energyband_low": {
        "mean": 0.010223980993,
        "stdev": 0.0202240664512
    },
    "spectral_energyband_middle_high": {
        "mean": 0.00510114990175,
        "stdev": 0.00680802110583
    },
    "spectral_energyband_middle_low": {
        "mean": 0.00602570082992,
        "stdev": 0.00991955120116
    },
    "spectral_entropy": {
        "mean": 7.71407175064,
        "stdev": 0.499190211296
    },
    "spectral_flux": {
        "mean": 0.0855895876884,
        "stdev": 0.0654744654894
    },
    "spectral_kurtosis": {
        "mean": 3.3094432354,
        "stdev": 2.71865820885
    },
    "spectral_rms": {
        "mean": 0.00406696414575,
        "stdev": 0.00228040595539
    },
    "spectral_rolloff": {
        "mean": 3074.81518555,
        "stdev": 3153.77832031
    },
    "spectral_skewness": {
        "mean": 1.41387856007,
        "stdev": 0.46647849679
    },
    "spectral_spread": {
        "mean": 6247472.5,
        "stdev": 2454221.75
    },
    "spectral_strongpeak": {
        "mean": 0.997305214405,
        "stdev": 1.45339775085
    },
    "zerocrossingrate": {
        "mean": 0.104757755995,
        "stdev": 0.0693959519267
    },
    "barkbands": {
        "mean": [0.000421759556048, 0.00787153095007, 0.00134439242538, 0.00096671358915, 0.00168999109883, 0.000974674010649, 0.000363435305189, 0.000819823297206, 0.000804158044048, 0.000798676395789, 0.000435099500464, 0.000343387830071, 0.000386101513868, 0.000617098936345, 0.000614512828179, 0.000412968685851, 0.000401807046728, 0.000598064041696, 0.000529603858013, 0.000297820253763, 0.000199643225642, 0.000220357382204, 0.000184654156328, 0.00023004016839, 0.000352471688529, 0.000404914695537, 1.71451688402e-07],
        "stdev": [0.00106748309918, 0.0166725069284, 0.00589395407587, 0.00489563168958, 0.00444940431044, 0.00154970679432, 0.000944781058934, 0.00210029981099, 0.00193732033949, 0.00190605409443, 0.00138259388041, 0.00107163353823, 0.000948150875047, 0.00146870641038, 0.00168457801919, 0.00117646250874, 0.000963905535173, 0.00127356743906, 0.00120838440489, 0.000606864225119, 0.000462380499812, 0.00037697434891, 0.000354578136466, 0.000516575528309, 0.000842684647068, 0.00127315020654, 2.54468409366e-06]
    },
    "erbbands": {
        "mean": [0.310948163271, 1.41677737236, 1.60416054726, 2.87256240845, 3.5786819458, 6.33552217484, 7.29862165451, 8.36539077759, 5.58020114899, 12.0623645782, 15.6628074646, 18.9002819061, 26.3732433319, 17.686164856, 19.308467865, 15.3225831985, 18.9414730072, 29.0173244476, 34.2489128113, 25.7112197876, 22.9243125916, 22.2095527649, 28.8760089874, 34.745716095, 21.599281311, 13.870057106, 8.84494018555, 7.87407493591, 7.59341239929, 7.45848226547, 4.93039035797, 4.3340306282, 4.07255172729, 3.43990635872, 2.81956791878, 1.99364173412, 0.737461864948, 0.0563503280282, 0.00108893262222, 8.33193407743e-05],
        "stdev": [0.723489761353, 2.98288655281, 5.20156478882, 14.1119918823, 12.6454467773, 17.6362285614, 12.3837146759, 13.6326408386, 13.9393644333, 30.7044773102, 38.0928993225, 46.7075195312, 57.9323348999, 54.1644096375, 62.6064758301, 40.566493988, 43.6432304382, 67.7180023193, 85.552696228, 63.9394302368, 63.5759849548, 50.0710639954, 54.7920722961, 83.6007766724, 45.5380477905, 27.3952102661, 18.7376556396, 18.9829730988, 13.4482212067, 13.3023900986, 9.48874759674, 9.25703430176, 9.54403305054, 7.8959736824, 7.58101797104, 6.39515447617, 2.29766154289, 0.161631628871, 0.00316455657594, 0.000184636897757]
    },
    "gfcc": {
        "mean": [-27.3148326874, 41.0837059021, -114.958702087, 24.7547988892, -70.8558502197, 9.16312408447, -51.3414459229, 14.5908384323, -31.9292182922, 3.77940201759, -19.9018268585, 3.57725977898, -13.5515184402],
        "cov": [[13597.7685547, -2.53794693947, -216.10218811, -45.4666366577, 341.793701172, 346.675811768, 39.3561820984, 493.773651123, -69.1787185669, 410.445892334, -210.051879883, 225.152191162, -200.093811035], [-2.53794693947, 1765.05517578, 50.7039260864, 163.850143433, 324.028717041, 201.638671875, 287.444458008, 103.544380188, 186.452407837, -73.8793029785, 224.83656311, -96.2241134644, 71.7895431519], [-216.10218811, 50.7039260864, 1725.81774902, 523.605957031, 241.902236938, 322.608764648, 258.305114746, 152.28817749, 133.893615723, 221.673538208, -11.0423698425, 126.217803955, -2.13363146782], [-45.4666366577, 163.850143433, 523.605957031, 758.799682617, 299.709899902, 183.613525391, 198.332885742, 140.523254395, 203.584411621, 103.642150879, 79.3997879028, 56.065322876, 116.056427002], [341.793701172, 324.028717041, 241.902236938, 299.709899902, 711.394592285, 335.316772461, 369.393798828, 267.123779297, 208.166183472, 165.975112915, 120.051506042, 81.6920928955, 47.3712310791], [346.675811768, 201.638671875, 322.608764648, 183.613525391, 335.316772461, 537.495849609, 385.691040039, 149.570541382, 128.933670044, 141.863372803, 94.7728347778, 35.6281471252, 27.9891395569], [39.3561820984, 287.444458008, 258.305114746, 198.332885742, 369.393798828, 385.691040039, 526.995178223, 226.905792236, 164.501754761, 156.79107666, 124.404792786, 61.7298126221, 31.4035758972], [493.773651123, 103.544380188, 152.28817749, 140.523254395, 267.123779297, 149.570541382, 226.905792236, 299.336975098, 156.14616394, 113.936088562, 83.3103713989, 59.8211212158, 25.9438419342], [-69.1787185669, 186.452407837, 133.893615723, 203.584411621, 208.166183472, 128.933670044, 164.501754761, 156.14616394, 274.611846924, 119.219734192, 59.2065353394, 46.554069519, 63.288772583], [410.445892334, -73.8793029785, 221.673538208, 103.642150879, 165.975112915, 141.863372803, 156.79107666, 113.936088562, 119.219734192, 221.935165405, 56.0859794617, 69.6549835205, 22.7615203857], [-210.051879883, 224.83656311, -11.0423698425, 79.3997879028, 120.051506042, 94.7728347778, 124.404792786, 83.3103713989, 59.2065353394, 56.0859794617, 204.6875, 47.5883712769, 36.0308303833], [225.152191162, -96.2241134644, 126.217803955, 56.065322876, 81.6920928955, 35.6281471252, 61.7298126221, 59.8211212158, 46.554069519, 69.6549835205, 47.5883712769, 163.248657227, 38.7280082703], [-200.093811035, 71.7895431519, -2.13363146782, 116.056427002, 47.3712310791, 27.9891395569, 31.4035758972, 25.9438419342, 63.288772583, 22.7615203857, 36.0308303833, 38.7280082703, 147.492202759]],
        "icov": [[0.000138834526297, -0.000185607234016, 0.000180121132871, -0.000164563389262, 0.000108841828478, -0.000293422461255, 0.000353872193955, -0.000512169499416, 0.000466583296657, -0.000588604481891, 0.000558257277589, -0.000439797731815, 0.000315983255859], [-0.000185607234016, 0.00129083590582, -0.000485372613184, 0.000515466555953, -0.000590707350057, 0.000614796124864, -0.000981976743788, 0.00113414693624, -0.00152252253611, 0.00206349184737, -0.00200492935255, 0.00166561151855, -0.000822782400064], [0.000180121132871, -0.000485372613184, 0.00125876499806, -0.00101077847648, 0.000469243095722, -0.000882411084604, 0.000611991388723, -0.000925876025576, 0.00110166682862, -0.00168760516681, 0.00159350864124, -0.0014179275604, 0.00111421244219], [-0.000164563389262, 0.000515466555953, -0.00101077847648, 0.00271063833497, -0.000887547736056, 0.000634360068943, -0.000635734817479, 0.000973829708528, -0.00185165379662, 0.00158315617591, -0.00148918735795, 0.00131365598645, -0.00192385166883], [0.000108841828478, -0.000590707350057, 0.000469243095722, -0.000887547736056, 0.00321948155761, -0.00116268044803, -6.83929683873e-05, -0.00186921760906, 0.000450621824712, -0.00128039449919, 0.000957675161771, -0.00124630588107, 0.000767848279793], [-0.000293422461255, 0.000614796124864, -0.000882411084604, 0.000634360068943, -0.00116268044803, 0.0051610567607, -0.00364391272888, 0.00209146155976, -0.00119967665523, 0.00098873116076, -0.00180720444769, 0.00201409705915, -0.00113241712097], [0.000353872193955, -0.000981976743788, 0.000611991388723, -0.000635734817479, -6.83929683873e-05, -0.00364391272888, 0.00662662182003, -0.00326489750296, 0.00143614644185, -0.00257741077803, 0.00122616149019, -0.00177535391413, 0.00129209901206], [-0.000512169499416, 0.00113414693624, -0.000925876025576, 0.000973829708528, -0.00186921760906, 0.00209146155976, -0.00326489750296, 0.00890847668052, -0.00418096082285, 0.00226296996698, -0.00334731210023, 0.00161077058874, -0.000855329912156], [0.000466583296657, -0.00152252253611, 0.00110166682862, -0.00185165379662, 0.000450621824712, -0.00119967665523, 0.00143614644185, -0.00418096082285, 0.00928778387606, -0.00519602419809, 0.00328846508637, -0.00210387143306, -7.4854317063e-05], [-0.000588604481891, 0.00206349184737, -0.00168760516681, 0.00158315617591, -0.00128039449919, 0.00098873116076, -0.00257741077803, 0.00226296996698, -0.00519602419809, 0.011827820912, -0.00443505495787, 0.00146600417793, -0.00159591750707], [0.000558257277589, -0.00200492935255, 0.00159350864124, -0.00148918735795, 0.000957675161771, -0.00180720444769, 0.00122616149019, -0.00334731210023, 0.00328846508637, -0.00443505495787, 0.0102750854567, -0.00431670947, 0.00118787295651], [-0.000439797731815, 0.00166561151855, -0.0014179275604, 0.00131365598645, -0.00124630588107, 0.00201409705915, -0.00177535391413, 0.00161077058874, -0.00210387143306, 0.00146600417793, -0.00431670947, 0.0106681603938, -0.00341894547455], [0.000315983255859, -0.000822782400064, 0.00111421244219, -0.00192385166883, 0.000767848279793, -0.00113241712097, 0.00129209901206, -0.000855329912156, -7.4854317063e-05, -0.00159591750707, 0.00118787295651, -0.00341894547455, 0.00986868049949]]
    },
    "melbands": {
        "mean": [0.00244452501647, 0.00120131752919, 0.000500999100041, 0.00035836736788, 0.000276060338365, 0.000184060001629, 7.94201478129e-05, 0.000149837083882, 0.000131120264996, 0.000116492476081, 0.000129127598484, 6.94196351105e-05, 6.33429372101e-05, 4.22540942964e-05, 4.26220904046e-05, 3.6150599044e-05, 5.78016224608e-05, 5.49471151317e-05, 4.2249688704e-05, 3.00015126413e-05, 2.64709979092e-05, 2.22124199354e-05, 2.52389236266e-05, 2.79076248262e-05, 2.8935552109e-05, 1.70022813109e-05, 1.26773829834e-05, 8.31272973301e-06, 5.79841207582e-06, 4.76550076201e-06, 4.3865443331e-06, 4.06153867516e-06, 4.62052321382e-06, 3.93905884266e-06, 2.80760423266e-06, 2.53198754763e-06, 2.70864029517e-06, 2.74680610346e-06, 3.07730124405e-06, 2.83459303319e-06],
        "stdev": [0.00534124765545, 0.00272251688875, 0.00235785031691, 0.00107593624853, 0.000491486745887, 0.000299017439829, 0.000202690978767, 0.000393798633013, 0.000312187970849, 0.000282513297861, 0.000292322947644, 0.00022936447931, 0.000201407325221, 0.000132443252369, 0.000109817083285, 9.21156315599e-05, 0.000146439953824, 0.000138855364639, 0.000117921379569, 8.19577035145e-05, 8.06518874015e-05, 6.09819689998e-05, 5.03912669956e-05, 6.25347311143e-05, 7.63656425988e-05, 4.17782321165e-05, 2.87897237286e-05, 1.7556372768e-05, 1.36442386065e-05, 1.09243374027e-05, 1.13330161184e-05, 7.49677519707e-06, 8.02840168035e-06, 7.56029976401e-06, 5.45240482097e-06, 5.40683959116e-06, 5.91573234487e-06, 6.52272819934e-06, 7.51192146708e-06, 6.52913877275e-06]
    },
    "melbands128": {
        "mean": [0.000408469553804, 0.00264575332403, 0.00338032119907, 0.00197288929485, 0.000865102279931, 0.000684642174747, 0.000626651162747, 0.000416184018832, 0.000323525338899, 0.000375339615857, 0.00034643811523, 0.000329847331159, 0.000224396877456, 0.000245212315349, 0.000231493497267, 0.000118104602734, 9.05937049538e-05, 7.7887372754e-05, 4.99405141454e-05, 0.000135551672429, 0.000239018438151, 0.000126244747662, 0.000111313849629, 0.000135279915412, 0.000138386385515, 8.48718336783e-05, 0.000122768862639, 0.000180720904609, 8.1155281805e-05, 7.79118054197e-05, 6.58786084387e-05, 4.68155558337e-05, 7.10529857315e-05, 7.45798461139e-05, 3.95618699258e-05, 3.53053801518e-05, 4.32722881669e-05, 3.3914897358e-05, 5.4337662732e-05, 4.35566689703e-05, 2.59797652689e-05, 3.14629651257e-05, 6.07237379882e-05, 7.53864514991e-05, 4.68023317808e-05, 4.95339481859e-05, 6.80684606778e-05, 4.2365900299e-05, 3.28175083268e-05, 3.25818473357e-05, 3.00520641758e-05, 2.71792396234e-05, 2.47842872341e-05, 2.77287545032e-05, 2.70972177532e-05, 1.90742757695e-05, 1.97310546355e-05, 2.65728522209e-05, 2.73317473329e-05, 2.32371876336e-05, 2.53861489909e-05, 3.25615146721e-05, 3.61500751751e-05, 2.73729747278e-05, 1.90480932361e-05, 1.59052669915e-05, 1.69162394741e-05, 1.35838445203e-05, 1.19615551739e-05, 1.12416983029e-05, 7.81652124715e-06, 7.19380341252e-06, 7.21965398043e-06, 5.42456064068e-06, 4.19364869231e-06, 5.08693983647e-06, 4.50460720458e-06, 5.15510146215e-06, 4.26614315074e-06, 3.76195316676e-06, 4.09843914895e-06, 3.91243429476e-06, 4.7071289373e-06, 4.7469366109e-06, 4.58983140561e-06, 4.34926550952e-06, 3.72142903871e-06, 2.98340182781e-06, 2.7082530778e-06, 2.78033485301e-06, 2.53433086073e-06, 2.38379061557e-06, 2.61871650764e-06, 2.68165308626e-06, 2.72321108241e-06, 3.03937895296e-06, 2.54704514191e-06, 2.64305549535e-06, 3.43856436302e-06, 2.94439814752e-06, 2.98627696793e-06, 2.61474724539e-06, 3.05681237478e-06, 2.49649633588e-06, 2.77044227914e-06, 4.17654973717e-06, 3.42466842085e-06, 3.42608154824e-06, 3.51419771505e-06, 4.28874591307e-06, 2.02699015972e-06, 2.39256382883e-06, 2.98824465972e-06, 2.02675664696e-06, 1.39016037792e-06, 2.68690484972e-07, 1.29983213082e-09, 6.81815437442e-10, 1.12019915566e-09, 9.61668966681e-10, 6.19510054367e-10, 5.64645163958e-10, 6.27005780629e-10, 6.44350628409e-10, 4.29912522248e-10, 5.1449994265e-10, 4.86008511213e-10, 7.11145586862e-10],
        "stdev": [0.00104832847137, 0.00657545775175, 0.00739491172135, 0.00436793686822, 0.00239831255749, 0.00322872796096, 0.00319590815343, 0.00209717429243, 0.00118119898252, 0.00133432925213, 0.00120754865929, 0.000679631601088, 0.000441050186055, 0.00047807500232, 0.000399976270273, 0.000270727468887, 0.000292872282444, 0.000238676075242, 0.000178369577043, 0.00040795878158, 0.000753984262701, 0.000506319862325, 0.000357911951141, 0.000487308279844, 0.000476425717352, 0.000293993449304, 0.000319637299981, 0.000508316676132, 0.000280718348222, 0.000351040827809, 0.000311038427753, 0.000190994760487, 0.000284896988887, 0.000357514305506, 0.0002319822961, 0.000136113027111, 0.000174881322891, 0.00014551183267, 0.00016731134383, 0.000145884681842, 0.00011295924196, 0.000118398987979, 0.000199517497094, 0.000254108483205, 0.000169005666976, 0.000192942665308, 0.000263553636614, 0.000178970716661, 0.000132426503114, 0.000138355870149, 0.000105624974822, 0.000117591902381, 0.000133396242745, 0.000109838554636, 0.000109234701085, 8.74874240253e-05, 6.82065656292e-05, 6.69005166856e-05, 7.68476020312e-05, 7.69388207118e-05, 7.72544590291e-05, 0.000127122359117, 0.000138010524097, 0.00010714540258, 6.97711584507e-05, 6.15663448116e-05, 5.48614225409e-05, 3.92313195334e-05, 4.05119099014e-05, 3.54526200681e-05, 2.01824750548e-05, 2.18899585889e-05, 2.09979389183e-05, 1.59663795785e-05, 1.25153801491e-05, 1.35990740091e-05, 1.09999955384e-05, 1.52449365487e-05, 1.30461367007e-05, 8.57987743075e-06, 8.3707182057e-06, 8.21843968879e-06, 9.1152414825e-06, 9.08776746655e-06, 9.42478163779e-06, 9.096445865e-06, 7.98716791905e-06, 6.26120527158e-06, 5.58236570214e-06, 6.30314389127e-06, 5.65926256968e-06, 5.64354286325e-06, 6.34554498902e-06, 6.41651649858e-06, 6.25013944955e-06, 7.17935881767e-06, 6.86359862812e-06, 7.16342674423e-06, 8.89887814992e-06, 7.50890421841e-06, 7.7785753092e-06, 6.2671942942e-06, 7.21659853298e-06, 5.45244893146e-06, 7.58089890951e-06, 1.43103661685e-05, 1.02609819805e-05, 1.15954571811e-05, 1.16890878417e-05, 1.6028092432e-05, 5.98403448748e-06, 8.06772914075e-06, 1.03807915366e-05, 5.863097158e-06, 4.05796527048e-06, 7.75612647885e-07, 1.87819448882e-08, 1.24240084887e-08, 2.40483934988e-08, 1.90774152031e-08, 1.04020063674e-08, 9.86038362072e-09, 1.39468445681e-08, 1.51510164415e-08, 7.94532706294e-09, 1.29769963664e-08, 1.10508100448e-08, 1.70518195119e-08]
    },
    "mfcc": {
        "mean": [-670.934692383, 79.4296722412, 3.67210412025, 13.0701570511, 1.08716404438, -8.8428735733, -7.01260375977, 0.0942497774959, -7.43483972549, -1.76483356953, -0.393770426512, -7.81469678879, -5.57199716568],
        "cov": [[8538.30371094, -13.6537332535, -743.998352051, -12.7737846375, 107.225341797, 140.054916382, 164.494934082, 178.250961304, 190.919219971, 195.39050293, 299.992950439, -9.99432182312, 65.2456817627], [-13.6537332535, 1455.92834473, -33.370223999, 24.6812725067, 150.531143188, 109.912521362, 221.268966675, 214.035049438, 19.1710834503, 155.459579468, 153.803924561, 34.7868690491, 61.0947303772], [-743.998352051, -33.370223999, 1323.67236328, 325.446166992, 135.736785889, 264.16217041, 127.008827209, 29.4320163727, 188.491867065, -17.2973270416, 54.8473548889, 198.538497925, 54.551990509], [-12.7737846375, 24.6812725067, 325.446166992, 604.771728516, 260.424987793, 120.867073059, 78.457321167, 122.207794189, 176.32623291, 85.280632019, 44.676158905, 130.665222168, 136.071151733], [107.225341797, 150.531143188, 135.736785889, 260.424987793, 399.11315918, 154.311767578, 123.564712524, 141.079025269, 136.664672852, 129.043243408, 92.3761672974, 63.5863265991, 96.4079437256], [140.054916382, 109.912521362, 264.16217041, 120.867073059, 154.311767578, 469.502075195, 260.269866943, 153.57131958, 194.639648438, 140.494781494, 139.715438843, 98.6947860718, 44.7560806274], [164.494934082, 221.268966675, 127.008827209, 78.457321167, 123.564712524, 260.269866943, 443.255126953, 212.273651123, 117.306213379, 168.178512573, 179.193969727, 62.7038002014, 79.2010650635], [178.250961304, 214.035049438, 29.4320163727, 122.207794189, 141.079025269, 153.57131958, 212.273651123, 297.025970459, 125.737922668, 136.988677979, 143.835723877, 51.7961349487, 85.1610107422], [190.919219971, 19.1710834503, 188.491867065, 176.32623291, 136.664672852, 194.639648438, 117.306213379, 125.737922668, 323.03604126, 129.157073975, 92.221321106, 115.612953186, 75.8417739868], [195.39050293, 155.459579468, -17.2973270416, 85.280632019, 129.043243408, 140.494781494, 168.178512573, 136.988677979, 129.157073975, 262.255401611, 141.105361938, 28.6165046692, 56.7578544617], [299.992950439, 153.803924561, 54.8473548889, 44.676158905, 92.3761672974, 139.715438843, 179.193969727, 143.835723877, 92.221321106, 141.105361938, 258.24307251, 77.7274551392, 58.6740913391], [-9.99432182312, 34.7868690491, 198.538497925, 130.665222168, 63.5863265991, 98.6947860718, 62.7038002014, 51.7961349487, 115.612953186, 28.6165046692, 77.7274551392, 202.380767822, 81.4826583862], [65.2456817627, 61.0947303772, 54.551990509, 136.071151733, 96.4079437256, 44.7560806274, 79.2010650635, 85.1610107422, 75.8417739868, 56.7578544617, 58.6740913391, 81.4826583862, 170.074691772]],
        "icov": [[0.000133903959068, 1.71616356965e-05, 0.000103699370811, -2.47806783591e-05, -5.65327627555e-06, -3.14767239615e-05, -2.29025886256e-06, 2.82437886199e-05, -0.000103812613816, 5.97537837166e-05, -0.000189055339433, 5.49465912627e-05, -7.30857209419e-06], [1.71616356965e-05, 0.000823371345177, 1.26653230836e-05, 0.000124930447782, -0.000214846397284, 5.50696968276e-05, -0.00014625993208, -0.000445450365078, 0.000320509687299, -0.000244217080763, -7.69912294345e-05, -0.00016796568525, 3.76911812054e-05], [0.000103699370811, 1.26653230836e-05, 0.00118445348926, -0.000512674392667, -2.00442318601e-05, -0.000454370630905, -0.000261432869593, 0.000409945496358, -0.000314021919621, 0.000632855982985, -0.000215851119719, -0.000577374128625, 0.000313251279294], [-2.47806783591e-05, 0.000124930447782, -0.000512674392667, 0.00306114484556, -0.00141631287988, 0.000255072169239, 0.000264515809249, -0.000582637789194, -0.000375756731955, -0.000337512145052, 0.000825311581139, -0.000732427113689, -0.00106938753743], [-5.65327627555e-06, -0.000214846397284, -2.00442318601e-05, -0.00141631287988, 0.00433301227167, -0.000657411117572, 0.000281736865873, -0.000494902196806, -0.000193587256945, -0.000781539478339, -0.000232381556998, 0.000606079236604, -0.000810721423477], [-3.14767239615e-05, 5.50696968276e-05, -0.000454370630905, 0.000255072169239, -0.000657411117572, 0.00427247351035, -0.00177076843102, -0.000154146720888, -0.00132848904468, -0.000327756046318, -0.000121049437439, -0.000619926780928, 0.00112465932034], [-2.29025886256e-06, -0.00014625993208, -0.000261432869593, 0.000264515809249, 0.000281736865873, -0.00177076843102, 0.00494056893513, -0.00183944986202, 0.000689091451932, -0.00104276207276, -0.0010167757282, 0.000340194237651, -0.000919258513022], [2.82437886199e-05, -0.000445450365078, 0.000409945496358, -0.000582637789194, -0.000494902196806, -0.000154146720888, -0.00183944986202, 0.00701959477738, -0.00121603906155, -5.80842861382e-05, -0.00166075245943, 0.000850104843266, -0.00112604361493], [-0.000103812613816, 0.000320509687299, -0.000314021919621, -0.000375756731955, -0.000193587256945, -0.00132848904468, 0.000689091451932, -0.00121603906155, 0.00605260394514, -0.00210344721563, 0.000696601346135, -0.00205950904638, -0.000177307651029], [5.97537837166e-05, -0.000244217080763, 0.000632855982985, -0.000337512145052, -0.000781539478339, -0.000327756046318, -0.00104276207276, -5.80842861382e-05, -0.00210344721563, 0.00767828011885, -0.00265490240417, 0.00165129848756, -0.000323845073581], [-0.000189055339433, -7.69912294345e-05, -0.000215851119719, 0.000825311581139, -0.000232381556998, -0.000121049437439, -0.0010167757282, -0.00166075245943, 0.000696601346135, -0.00265490240417, 0.00775107322261, -0.00246963114478, 6.22963343631e-05], [5.49465912627e-05, -0.00016796568525, -0.000577374128625, -0.000732427113689, 0.000606079236604, -0.000619926780928, 0.000340194237651, 0.000850104843266, -0.00205950904638, 0.00165129848756, -0.00246963114478, 0.00889983493835, -0.00299865426496], [-7.30857209419e-06, 3.76911812054e-05, 0.000313251279294, -0.00106938753743, -0.000810721423477, 0.00112465932034, -0.000919258513022, -0.00112604361493, -0.000177307651029, -0.000323845073581, 6.22963343631e-05, -0.00299865426496, 0.00938196945935]]
    },
    "spectral_contrast_coeffs": {
        "mean": [-0.656360685825, -0.733079373837, -0.734134376049, -0.758939623833, -0.757930457592, -0.787978053093],
        "stdev": [0.110876470804, 0.0757527723908, 0.0817349925637, 0.0732728764415, 0.0685236379504, 0.0430235937238]
    },
    "spectral_contrast_valleys": {
        "mean": [-7.91027402878, -7.4531826973, -8.26742076874, -8.29366493225, -7.92911148071, -9.87232875824],
        "stdev": [1.5963640213, 1.24342179298, 1.23745179176, 1.2085968256, 1.19223725796, 1.26166856289]
    }
},
"rhythm": {
    "beats_count": 498,
    "beats_loudness": {
        "mean": 0.0367471016943,
        "stdev": 0.0312934704125
    },
    "bpm": 143.780319214,
    "bpm_histogram_first_peak_bpm": 144,
    "bpm_histogram_first_peak_weight": 0.175619840622,
    "bpm_histogram_second_peak_bpm": 172,
    "bpm_histogram_second_peak_spread": 0,
    "bpm_histogram_second_peak_weight": 0.00804828945547,
    "danceability": 1.2489913702,
    "onset_rate": 4.29533720016,
    "beats_loudness_band_ratio": {
        "mean": [0.357871979475, 0.125105127692, 0.128742054105, 0.110000669956, 0.117593154311, 0.197112098336],
        "stdev": [0.347360670567, 0.154890522361, 0.151799410582, 0.126539170742, 0.123832829297, 0.170294731855]
    },
    "beats_position": [0.336689323187, 0.673378646374, 1.02167797089, 1.35836732388, 1.70666658878, 2.0549659729, 2.39165520668, 2.73995471001, 3.1811337471, 3.63392281532, 4.07510185242, 4.52789115906, 4.98067998886, 5.39863920212, 5.8282084465, 6.24616765976, 6.66412687302, 7.08208608627, 7.50004529953, 7.91800451279, 8.33596324921, 8.75392246246, 9.17188167572, 9.58984088898, 10.0078001022, 10.4257593155, 10.8321084976, 11.2500677109, 11.6796369553, 12.0975961685, 12.5155553818, 12.9451246262, 13.3746938705, 13.7810430527, 14.1990022659, 14.6053514481, 15.0233106613, 15.4412698746, 15.8592290878, 16.2771873474, 16.6951465607, 17.1131057739, 17.5310649872, 17.9490242004, 18.3669834137, 18.784942627, 19.1912918091, 19.5976409912, 20.0156002045, 20.4451694489, 20.8631286621, 21.2694778442, 21.6874370575, 22.1053962708, 22.523355484, 22.9413146973, 23.3592739105, 23.7772331238, 24.195192337, 24.6131515503, 25.0311107635, 25.4490699768, 25.8670291901, 26.2849884033, 26.7029476166, 27.1209068298, 27.5388660431, 27.9568252563, 28.3747844696, 28.7927436829, 29.2107028961, 29.6286621094, 30.0466213226, 30.4645805359, 30.8825397491, 31.3004989624, 31.7184581757, 32.1364173889, 32.5543746948, 32.9723358154, 33.3902931213, 33.8082542419, 34.2146034241, 34.6209526062, 35.0505218506, 35.4568710327, 35.8748283386, 36.2927894592, 36.7107467651, 37.1287078857, 37.5466651917, 37.9646263123, 38.3941955566, 38.8121528625, 39.2301139832, 39.6364631653, 40.0544204712, 40.4723815918, 40.8903388977, 41.3083000183, 41.7262573242, 42.1442184448, 42.5621757507, 42.9801368713, 43.3980941772, 43.8160552979, 44.2340126038, 44.6519737244, 45.0699310303, 45.4878921509, 45.9058494568, 46.3238105774, 46.7417678833, 47.1597251892, 47.5776863098, 47.9840354919, 48.4136047363, 48.8315620422, 49.2379112244, 49.6442604065, 50.0622215271, 50.480178833, 50.8981399536, 51.3160972595, 51.7340583801, 52.152015686, 52.5699768066, 52.9879341125, 53.4175033569, 53.8238525391, 54.2418136597, 54.6597709656, 55.0777320862, 55.4956893921, 55.9136505127, 56.3316078186, 56.7495689392, 57.1675262451, 57.5854873657, 58.0034446716, 58.4214057922, 58.8393630981, 59.2573242188, 59.6752815247, 60.0932426453, 60.5111999512, 60.9291610718, 61.3471183777, 61.7650794983, 62.1830368042, 62.6009979248, 63.0073471069, 63.4136962891, 63.831653595, 64.2612228394, 64.6675720215, 65.0855331421, 65.5034942627, 65.9214477539, 66.3394088745, 66.7573699951, 67.1753311157, 67.6048965454, 68.0112457275, 68.4292068481, 68.8471679688, 69.26512146, 69.6830825806, 70.1010437012, 70.5189971924, 70.9253463745, 71.3433074951, 71.7728805542, 72.1908340454, 72.608795166, 73.0267562866, 73.4447174072, 73.8510665894, 74.2574157715, 74.6753692627, 75.1049423218, 75.5112915039, 75.9292526245, 76.3472061157, 76.7651672363, 77.1831283569, 77.6010894775, 78.0190429688, 78.4370040894, 78.85496521, 79.2729263306, 79.6908798218, 80.1204528809, 80.526802063, 80.9447631836, 81.3627166748, 81.7922897339, 82.2102508545, 82.6282043457, 83.0345535278, 83.4525146484, 83.870475769, 84.2884368896, 84.7063903809, 85.1243515015, 85.5423126221, 85.9602737427, 86.3782272339, 86.7961883545, 87.2141494751, 87.6204986572, 88.0268478394, 88.456413269, 88.8743743896, 89.2923355103, 89.6986846924, 90.116645813, 90.5345993042, 90.9525604248, 91.3705215454, 91.8000869751, 92.2180480957, 92.6360092163, 93.0423583984, 93.460319519, 93.8782730103, 94.2962341309, 94.7141952515, 95.1321487427, 95.5501098633, 95.9680709839, 96.3860321045, 96.8039855957, 97.2219467163, 97.6399078369, 98.0578689575, 98.4758224487, 98.8937835693, 99.3117446899, 99.7297058105, 100.147659302, 100.565620422, 100.983581543, 101.401542664, 101.819496155, 102.237457275, 102.655418396, 103.061767578, 103.46811676, 103.886077881, 104.304031372, 104.721992493, 105.139953613, 105.557914734, 105.975868225, 106.393829346, 106.811790466, 107.229751587, 107.647705078, 108.065666199, 108.483627319, 108.90158844, 109.319541931, 109.737503052, 110.155464172, 110.573425293, 110.991378784, 111.409339905, 111.827301025, 112.245262146, 112.663215637, 113.081176758, 113.499137878, 113.917098999, 114.33505249, 114.753013611, 115.170974731, 115.588935852, 116.006889343, 116.424850464, 116.831199646, 117.249160767, 117.667114258, 118.07346344, 118.503036499, 118.92099762, 119.338951111, 119.745300293, 120.163261414, 120.581222534, 121.010787964, 121.417137146, 121.835098267, 122.253059387, 122.671020508, 123.088973999, 123.50693512, 123.92489624, 124.342857361, 124.760810852, 125.178771973, 125.596733093, 126.014694214, 126.432647705, 126.850608826, 127.268569946, 127.686531067, 128.104492188, 128.522445679, 128.94039917, 129.35836792, 129.764709473, 130.182678223, 130.600631714, 131.018585205, 131.424942017, 131.842895508, 132.260864258, 132.678817749, 133.09677124, 133.526351929, 133.94430542, 134.362258911, 134.768615723, 135.186569214, 135.604537964, 136.022491455, 136.440444946, 136.858413696, 137.276367188, 137.694335938, 138.112289429, 138.53024292, 138.94821167, 139.366165161, 139.784118652, 140.213699341, 140.631652832, 141.049606323, 141.455963135, 141.873916626, 142.291885376, 142.709838867, 143.127792358, 143.545761108, 143.9637146, 144.370071411, 144.776412964, 145.194366455, 145.612335205, 146.018676758, 146.448257446, 146.866210938, 147.284164429, 147.702133179, 148.12008667, 148.538040161, 148.956008911, 149.373962402, 149.791931152, 150.209884644, 150.627838135, 151.045806885, 151.463760376, 151.881713867, 152.299682617, 152.717636108, 153.135604858, 153.55355835, 153.971511841, 154.389480591, 154.807434082, 155.225387573, 155.643356323, 156.061309814, 156.479278564, 156.897232056, 157.315185547, 157.733154297, 158.13949585, 158.569061279, 158.987030029, 159.393371582, 159.799728394, 160.229293823, 160.635650635, 161.053604126, 161.471557617, 161.889526367, 162.307479858, 162.72543335, 163.1434021, 163.561355591, 163.979324341, 164.397277832, 164.815231323, 165.233200073, 165.651153564, 166.069107056, 166.487075806, 166.905029297, 167.322982788, 167.752563477, 168.158905029, 168.576873779, 168.994827271, 169.412780762, 169.830749512, 170.248703003, 170.666656494, 171.073013306, 171.479354858, 171.908935547, 172.326889038, 172.744842529, 173.151199341, 173.580764771, 173.998733521, 174.416687012, 174.823028564, 175.240997314, 175.658950806, 176.076919556, 176.494873047, 176.912826538, 177.330795288, 177.748748779, 178.166702271, 178.584671021, 179.002624512, 179.420593262, 179.838546753, 180.256500244, 180.674468994, 181.092422485, 181.510375977, 181.928344727, 182.346298218, 182.764266968, 183.182220459, 183.60017395, 184.0181427, 184.424484253, 184.830841064, 185.248794556, 185.666748047, 186.084716797, 186.502670288, 186.932235718, 187.350204468, 187.768157959, 188.174514771, 188.592468262, 189.010421753, 189.428390503, 189.846343994, 190.264297485, 190.682266235, 191.100219727, 191.518188477, 191.936141968, 192.354095459, 192.772064209, 193.1900177, 193.607971191, 194.025939941, 194.443893433, 194.861862183, 195.279815674, 195.697769165, 196.115737915, 196.533691406, 196.951644897, 197.369613647, 197.7759552, 198.182312012, 198.600265503, 199.018234253, 199.436187744, 199.854141235, 200.272109985, 200.690063477, 201.108016968, 201.525985718, 201.943939209, 202.361907959, 202.77986145, 203.197814941, 203.615783691, 204.033737183, 204.463302612, 204.892883301, 205.310836792, 205.705581665, 206.123535156, 206.541488647, 206.959457397, 207.377410889],
    "bpm_histogram": [0, 0, 0, 0, 0, 0, 0, 0, 0, 0, 0, 0, 0, 0, 0, 0, 0, 0, 0, 0, 0, 0, 0, 0, 0, 0, 0, 0, 0, 0, 0, 0, 0, 0, 0, 0, 0, 0, 0, 0, 0, 0, 0, 0, 0, 0, 0, 0, 0, 0, 0, 0, 0, 0, 0, 0, 0, 0, 0, 0, 0, 0, 0, 0, 0, 0, 0, 0, 0, 0, 0, 0, 0, 0, 0, 0, 0, 0, 0, 0, 0, 0, 0, 0, 0, 0, 0, 0, 0, 0, 0, 0, 0, 0, 0, 0, 0, 0, 0, 0, 0, 0, 0, 0, 0, 0, 0, 0, 0, 0, 0, 0, 0, 0, 0, 0, 0, 0, 0, 0, 0, 0, 0, 0, 0, 0, 0, 0, 0, 0, 0, 0, 0, 0.00603621732444, 0, 0, 0.00402414472774, 0, 0, 0, 0.0603621713817, 0, 0, 0, 0.802816927433, 0, 0, 0, 0.110663980246, 0, 0, 0, 0.00201207236387, 0, 0, 0, 0, 0, 0, 0, 0, 0, 0, 0, 0, 0, 0, 0, 0, 0, 0, 0, 0.00804828945547, 0, 0, 0, 0, 0, 0.00603621732444, 0, 0, 0, 0, 0, 0, 0, 0, 0, 0, 0, 0, 0, 0, 0, 0, 0, 0, 0, 0, 0, 0, 0, 0, 0, 0, 0, 0, 0, 0, 0, 0, 0, 0, 0, 0, 0, 0, 0, 0, 0, 0, 0, 0, 0, 0, 0, 0, 0, 0, 0, 0, 0, 0, 0, 0, 0, 0, 0, 0, 0, 0, 0, 0, 0, 0, 0, 0, 0, 0, 0]
},
"tonal": {
    "chords_changes_rate": 0.0799464061856,
    "chords_number_rate": 0.00156319781672,
    "chords_strength": {
        "mean": 0.559048473835,
        "stdev": 0.106418401003
    },
    "hpcp_crest": {
        "mean": 14.0245351791,
        "stdev": 6.81426525116
    },
    "hpcp_entropy": {
        "mean": 1.90829455853,
        "stdev": 0.738607883453
    },
    "key_edma": {
        "strength": 0.776740193367,
        "key": "C",
        "scale": "major"
    },
    "key_krumhansl": {
        "strength": 0.79097276926,
        "key": "C",
        "scale": "major"
    },
    "key_temperley": {
        "strength": 0.805504620075,
        "key": "C",
        "scale": "major"
    },
    "tuning_diatonic_strength": 0.713339388371,
    "tuning_equal_tempered_deviation": 0.249706059694,
    "tuning_frequency": 434.193115234,
    "tuning_nontempered_energy_ratio": 0.94267231226,
    "hpcp": {
        "mean": [0.184106484056, 0.189403697848, 0.113389313221, 0.0764533281326, 0.0607586242259, 0.0576563887298, 0.070183955133, 0.0836036726832, 0.106862418354, 0.242626875639, 0.291810452938, 0.160979926586, 0.08197273314, 0.064628444612, 0.065366782248, 0.126397252083, 0.179665073752, 0.128078088164, 0.0737631097436, 0.0663791149855, 0.0804471746087, 0.148460075259, 0.171361982822, 0.118247300386, 0.140963643789, 0.134455278516, 0.0746842250228, 0.0687245875597, 0.0787530690432, 0.112061940134, 0.190228298306, 0.216150403023, 0.157676398754, 0.124691128731, 0.116282224655, 0.119278237224],
        "stdev": [0.289107233286, 0.293451815844, 0.213412165642, 0.184114828706, 0.164388015866, 0.15587669611, 0.16718173027, 0.180548384786, 0.209938317537, 0.308147937059, 0.349413573742, 0.247384637594, 0.193834871054, 0.171239942312, 0.159606218338, 0.214302554727, 0.289303332567, 0.221178904176, 0.176111131907, 0.172272443771, 0.174472272396, 0.241460621357, 0.263862967491, 0.206845715642, 0.239917173982, 0.241839244962, 0.155978366733, 0.155931174755, 0.16780333221, 0.210455745459, 0.27943789959, 0.304700523615, 0.250913739204, 0.236029773951, 0.234501302242, 0.230580538511]
    },
    "chords_histogram": [54.1313095093, 0.223313972354, 2.74676203728, 0, 0.0893255919218, 0.558284938335, 0.267976760864, 0.446627944708, 0.0669941902161, 0.156319782138, 0.0223313979805, 0.0893255919218, 0, 0, 0, 4.44394826889, 0.312639564276, 1.58552920818, 0.0669941902161, 0.558284938335, 0.960250139236, 3.66234922409, 11.9696292877, 17.6418037415],
    "thpcp": [1, 0.551659226418, 0.280910879374, 0.221474051476, 0.224004253745, 0.433148473501, 0.615691006184, 0.438908487558, 0.25277748704, 0.227473393083, 0.275682985783, 0.508755147457, 0.587237298489, 0.405219554901, 0.483065783978, 0.460762381554, 0.255934029818, 0.235511049628, 0.269877463579, 0.384023040533, 0.651889920235, 0.740721940994, 0.540338397026, 0.427301794291, 0.398485481739, 0.408752441406, 0.630911231041, 0.649064123631, 0.388571798801, 0.261996537447, 0.208212643862, 0.197581648827, 0.240512132645, 0.286499917507, 0.366204887629, 0.831453680992],
    "chords_key": "C",
    "chords_scale": "major"
}
}