{
"metadata": {
    "version": {
        "essentia": "2.1-dev",
        "essentia_git_sha": "v2.1_beta3-415-gd5473f3",
        "extractor": "music 2.0"
    },
    "audio_properties": {
        "analysis": {
            "equal_loudness": 0,
            "length": 267.102050781,
            "sample_rate": 44100,
            "start_time": 0,
            "downmix": "mix"
        },
        "bit_rate": 192000,
        "length": 267.102050781,
        "lossless": 0,
        "number_channels": 2,
        "replay_gain": -2.91313552856,
        "sample_rate": 44100,
        "codec": "mp3",
        "md5_encoded": "c7eb18432d6565d9a52c4e55610c2055"
    },
    "tags": {
        "file_name": "wyclef_jean-ecleftic.mp3",
        "album": ["Ecletic                       "],
        "artist": ["Wyclef Jean                   "],
        "date": ["2000"],
        "genre": ["Hip-Hop"],
        "title": ["Nine-1-One                    "]
    }
},
"lowlevel": {
    "average_loudness": 0.703112125397,
    "barkbands_crest": {
        "mean": 11.5597295761,
        "stdev": 4.51142454147
    },
    "barkbands_flatness_db": {
        "mean": 0.186918288469,
        "stdev": 0.0804220959544
    },
    "barkbands_kurtosis": {
        "mean": 14.7872219086,
        "stdev": 27.6095542908
    },
    "barkbands_skewness": {
        "mean": 2.41095876694,
        "stdev": 2.00555348396
    },
    "barkbands_spread": {
        "mean": 15.7363996506,
        "stdev": 15.54728508
    },
    "dissonance": {
        "mean": 0.434161424637,
        "stdev": 0.0503860861063
    },
    "dynamic_complexity": 4.09396600723,
    "erbbands_crest": {
        "mean": 11.197052002,
        "stdev": 5.16307830811
    },
    "erbbands_flatness_db": {
        "mean": 0.174550026655,
        "stdev": 0.056523103267
    },
    "erbbands_kurtosis": {
        "mean": 2.9833419323,
        "stdev": 6.1836643219
    },
    "erbbands_skewness": {
        "mean": 0.961660802364,
        "stdev": 1.1662093401
    },
    "erbbands_spread": {
        "mean": 39.6175537109,
        "stdev": 29.258649826
    },
    "hfc": {
        "mean": 17.076631546,
        "stdev": 20.4139728546
    },
    "loudness_ebu128": {
        "integrated": -19.984872818,
        "loudness_range": 11.2659492493,
        "momentary": {
            "mean": -22.2344875336,
            "stdev": 4.93008518219
        },
        "short_term": {
            "mean": -21.2999382019,
            "stdev": 3.8435022831
        }
    },
    "melbands_crest": {
        "mean": 15.6350107193,
        "stdev": 5.77596282959
    },
    "melbands_flatness_db": {
        "mean": 0.26410138607,
        "stdev": 0.103024378419
    },
    "melbands_kurtosis": {
        "mean": 31.3978672028,
        "stdev": 53.1401138306
    },
    "melbands_skewness": {
        "mean": 3.35052347183,
        "stdev": 2.62573671341
    },
    "melbands_spread": {
        "mean": 16.6443061829,
        "stdev": 22.6204814911
    },
    "pitch_salience": {
        "mean": 0.533670425415,
        "stdev": 0.126705825329
    },
    "silence_rate_20dB": {
        "mean": 0.978357255459,
        "stdev": 0.145519435406
    },
    "silence_rate_30dB": {
        "mean": 0.905780076981,
        "stdev": 0.292119175196
    },
    "silence_rate_60dB": {
        "mean": 0.133072569966,
        "stdev": 0.339645177126
    },
    "spectral_centroid": {
        "mean": 1038.08581543,
        "stdev": 793.389343262
    },
    "spectral_complexity": {
        "mean": 11.8318996429,
        "stdev": 8.55724143982
    },
    "spectral_decrease": {
        "mean": -1.1622900864e-08,
        "stdev": 2.14840252255e-08
    },
    "spectral_energy": {
        "mean": 0.0454162694514,
        "stdev": 0.0819617286325
    },
    "spectral_energyband_high": {
        "mean": 0.000795422645751,
        "stdev": 0.0016231314512
    },
    "spectral_energyband_low": {
        "mean": 0.0305169466883,
        "stdev": 0.0758854821324
    },
    "spectral_energyband_middle_high": {
        "mean": 0.00352554186247,
        "stdev": 0.00634475331753
    },
    "spectral_energyband_middle_low": {
        "mean": 0.0123562756926,
        "stdev": 0.0153620401397
    },
    "spectral_entropy": {
        "mean": 7.1899600029,
        "stdev": 0.685897946358
    },
    "spectral_flux": {
        "mean": 0.0940042436123,
        "stdev": 0.0898338109255
    },
    "spectral_kurtosis": {
        "mean": 6.28237533569,
        "stdev": 9.98111057281
    },
    "spectral_rms": {
        "mean": 0.00529444450513,
        "stdev": 0.0040345438756
    },
    "spectral_rolloff": {
        "mean": 1167.73522949,
        "stdev": 1729.4161377
    },
    "spectral_skewness": {
        "mean": 1.82276439667,
        "stdev": 1.01685512066
    },
    "spectral_spread": {
        "mean": 5053621.5,
        "stdev": 1920070
    },
    "spectral_strongpeak": {
        "mean": 0.87055939436,
        "stdev": 1.06289947033
    },
    "zerocrossingrate": {
        "mean": 0.050122231245,
        "stdev": 0.0441560894251
    },
    "barkbands": {
        "mean": [0.00161625246983, 0.0204899925739, 0.00676640402526, 0.00356768653728, 0.00295953569002, 0.00170394603629, 0.00180645030923, 0.00112348084804, 0.000939628574997, 0.000741050345823, 0.000622570805717, 0.000452427077107, 0.0004046895192, 0.000391146313632, 0.000278033869108, 0.000191025756067, 0.000143592711538, 0.000120422562759, 0.000214152998524, 0.000185910394066, 0.000192368068383, 0.000140716714668, 0.000127799212351, 0.000113030175271, 8.77931743162e-05, 3.31175106112e-05, 3.12775409839e-06],
        "stdev": [0.00475638173521, 0.0605720691383, 0.014175163582, 0.0100170644, 0.00473016221076, 0.00260860193521, 0.00387114868499, 0.00308907427825, 0.00286151235923, 0.0023438683711, 0.00200276682153, 0.00148365844507, 0.0015716367634, 0.00129927496891, 0.00100437889341, 0.000738882576115, 0.000394617876736, 0.000316699210089, 0.000459664297523, 0.000371664093109, 0.000373709073756, 0.000308206741465, 0.000426871352829, 0.000414509209804, 0.000296373909805, 0.000121953169582, 2.46080326178e-05]
    },
    "erbbands": {
        "mean": [0.773877501488, 3.86774158478, 7.70322084427, 10.2303276062, 11.223107338, 9.87454891205, 10.7451238632, 13.981262207, 21.5536460876, 30.3065605164, 24.692117691, 22.2372264862, 22.5008850098, 25.9786586761, 21.8314571381, 20.0391902924, 20.0474052429, 21.797164917, 14.4166269302, 15.3631210327, 8.54855251312, 7.91329574585, 6.17005586624, 9.21415519714, 11.336561203, 8.64189910889, 8.51607608795, 6.7642698288, 5.36320114136, 3.60507392883, 3.86151528358, 2.25789785385, 2.0689997673, 1.14481139183, 0.51245957613, 0.18634288013, 0.0543271973729, 0.00921115558594, 0.000524543167558, 6.71617526677e-05],
        "stdev": [2.42269611359, 11.6215772629, 17.3403968811, 24.3685455322, 22.9214820862, 17.9569244385, 19.9036445618, 22.0056362152, 41.3414230347, 81.8170394897, 72.4832458496, 71.7048492432, 65.5705108643, 78.6321563721, 69.5058898926, 65.3499145508, 74.0364532471, 71.2282485962, 44.6262664795, 59.5517997742, 24.6257629395, 21.9523582458, 14.7693252563, 20.7383785248, 23.554977417, 17.64336586, 17.3161525726, 13.3465576172, 11.8787994385, 8.6410036087, 14.2055034637, 7.63207578659, 8.01733589172, 4.21272182465, 1.74395418167, 0.652579128742, 0.202752739191, 0.042602814734, 0.00473644770682, 0.000151836429723]
    },
    "gfcc": {
        "mean": [-44.6016235352, 97.2755889893, -90.1998062134, 31.2059268951, -69.3127746582, 8.92993831635, -36.0378570557, 6.94167947769, -26.4140319824, 5.77002191544, -14.0192079544, -2.16110444069, -11.6940050125],
        "cov": [[9406.9609375, -1751.28100586, -501.993347168, 665.187561035, 482.524291992, 612.687438965, 302.629547119, 305.426757812, -155.578323364, 355.662475586, -294.565368652, 148.171707153, -192.850723267], [-1751.28100586, 1990.52368164, 349.764770508, -183.209014893, 301.796081543, -42.005771637, 264.152740479, -118.608352661, 158.937728882, -231.383453369, 167.454742432, -202.964492798, 61.8978843689], [-501.993347168, 349.764770508, 1453.38806152, 479.817596436, 162.219238281, 210.028396606, 148.372070312, 52.9427146912, 129.854324341, -10.1935348511, -22.4228782654, 10.7400541306, 20.5006484985], [665.187561035, -183.209014893, 479.817596436, 956.75793457, 326.006011963, 141.27696228, 167.960983276, 37.6248931885, 142.451553345, 45.092792511, -23.780456543, -2.42049670219, 58.6145782471], [482.524291992, 301.796081543, 162.219238281, 326.006011963, 568.960266113, 176.430633545, 185.109069824, 47.414188385, 65.7096328735, 4.95765590668, 22.3665714264, -37.9509773254, 30.574886322], [612.687438965, -42.005771637, 210.028396606, 141.27696228, 176.430633545, 339.977844238, 160.854370117, 32.7764129639, 4.66605901718, 30.8854064941, -4.91294240952, -7.62223863602, -17.1879901886], [302.629547119, 264.152740479, 148.372070312, 167.960983276, 185.109069824, 160.854370117, 336.366760254, 31.3844070435, 16.9805850983, -0.133775815368, 21.2061691284, -19.3886432648, 4.53334999084], [305.426757812, -118.608352661, 52.9427146912, 37.6248931885, 47.414188385, 32.7764129639, 31.3844070435, 176.003005981, 30.1263256073, 20.2904415131, -0.940157771111, 24.8308200836, 1.6854300499], [-155.578323364, 158.937728882, 129.854324341, 142.451553345, 65.7096328735, 4.66605901718, 16.9805850983, 30.1263256073, 197.453521729, 20.7177944183, 1.65821874142, -20.990146637, 30.5586509705], [355.662475586, -231.383453369, -10.1935348511, 45.092792511, 4.95765590668, 30.8854064941, -0.133775815368, 20.2904415131, 20.7177944183, 162.755264282, -9.02660560608, 30.080783844, -20.6666698456], [-294.565368652, 167.454742432, -22.4228782654, -23.780456543, 22.3665714264, -4.91294240952, 21.2061691284, -0.940157771111, 1.65821874142, -9.02660560608, 148.298416138, 1.69344592094, 15.244477272], [148.171707153, -202.964492798, 10.7400541306, -2.42049670219, -37.9509773254, -7.62223863602, -19.3886432648, 24.8308200836, -20.990146637, 30.080783844, 1.69344592094, 124.131256104, 18.3915557861], [-192.850723267, 61.8978843689, 20.5006484985, 58.6145782471, 30.574886322, -17.1879901886, 4.53334999084, 1.6854300499, 30.5586509705, -20.6666698456, 15.244477272, 18.3915557861, 110.621131897]],
        "icov": [[0.00018657023611, 6.52078233543e-05, 0.000136444083182, -0.000117391755339, -9.78025636869e-05, -0.000235187733779, -7.04157428117e-05, -0.000200422306079, 0.000126210637973, -0.000147448779899, 0.000280685082544, -0.00012808565225, 0.000242315945798], [6.52078233543e-05, 0.00188656442333, -0.000633788877167, 0.00125333969481, -0.00116865197197, 0.00112097046804, -0.00163823692128, 0.0013245632872, -0.00158096395899, 0.00158570939675, -0.00131261255592, 0.00168926466722, -0.000311438227072], [0.000136444083182, -0.000633788877167, 0.00126934621949, -0.000951223191805, 0.000498435634654, -0.0010898381006, 0.000479703739984, -0.000726420374122, 0.000247893563937, -0.000319987506373, 0.000781940936577, -0.00098312611226, 0.000473030348076], [-0.000117391755339, 0.00125333969481, -0.000951223191805, 0.00264733983204, -0.00142786465585, 0.00105353200343, -0.00139962218236, 0.00127154996153, -0.00181360763963, 0.000784633681178, -0.000754135195166, 0.00113624252845, -0.000973476853687], [-9.78025636869e-05, -0.00116865197197, 0.000498435634654, -0.00142786465585, 0.00351341324858, -0.00151009403635, 0.000333162723109, -0.00117884855717, 0.000698053860106, -0.0007715280517, 0.000325374508975, -0.0002364955144, -0.000396281306166], [-0.000235187733779, 0.00112097046804, -0.0010898381006, 0.00105353200343, -0.00151009403635, 0.00560195790604, -0.00248383451253, 0.00093545683194, -0.000604549888521, 0.000407722283853, -0.00095182552468, 0.00132754992228, 0.000135452268296], [-7.04157428117e-05, -0.00163823692128, 0.000479703739984, -0.00139962218236, 0.000333162723109, -0.00248383451253, 0.00577927287668, -0.00149105896708, 0.00160149380099, -0.0010655525839, 0.000496530439705, -0.00102264177985, 0.000214610758121], [-0.000200422306079, 0.0013245632872, -0.000726420374122, 0.00127154996153, -0.00117884855717, 0.00093545683194, -0.00149105896708, 0.00759060122073, -0.00242843315937, 0.00109547073953, -0.00121945503633, -0.000200919283088, -0.000136105358251], [0.000126210637973, -0.00158096395899, 0.000247893563937, -0.00181360763963, 0.000698053860106, -0.000604549888521, 0.00160149380099, -0.00242843315937, 0.00811647810042, -0.00279808533378, 0.00128089019563, 0.000344600819517, -0.00129451823886], [-0.000147448779899, 0.00158570939675, -0.000319987506373, 0.000784633681178, -0.0007715280517, 0.000407722283853, -0.0010655525839, 0.00109547073953, -0.00279808533378, 0.00888309441507, -0.00129362789448, -0.000617454061285, 0.00151624844875], [0.000280685082544, -0.00131261255592, 0.000781940936577, -0.000754135195166, 0.000325374508975, -0.00095182552468, 0.000496530439705, -0.00121945503633, 0.00128089019563, -0.00129362789448, 0.00857313163579, -0.00175140739884, -0.000246893847361], [-0.00012808565225, 0.00168926466722, -0.00098312611226, 0.00113624252845, -0.0002364955144, 0.00132754992228, -0.00102264177985, -0.000200919283088, 0.000344600819517, -0.000617454061285, -0.00175140739884, 0.0116710029542, -0.00318135856651], [0.000242315945798, -0.000311438227072, 0.000473030348076, -0.000973476853687, -0.000396281306166, 0.000135452268296, 0.000214610758121, -0.000136105358251, -0.00129451823886, 0.00151624844875, -0.000246893847361, -0.00318135856651, 0.0113923987374]]
    },
    "melbands": {
        "mean": [0.00622728932649, 0.004434466362, 0.0019047704991, 0.000725304533262, 0.000395348703023, 0.000326296372805, 0.000343270716257, 0.000303875480313, 0.000198565336177, 0.000133549809107, 0.00010849647515, 0.000102309844806, 8.37199258967e-05, 4.686495231e-05, 5.09328128828e-05, 4.10794491472e-05, 4.0290706238e-05, 2.22026701522e-05, 2.18254353967e-05, 1.67702673934e-05, 8.96724850463e-06, 8.66858499649e-06, 6.07949368714e-06, 5.55281485504e-06, 7.57082034397e-06, 8.40239681565e-06, 7.13493636795e-06, 5.43891974303e-06, 5.24267943547e-06, 5.00973283124e-06, 3.53348013959e-06, 3.18308093483e-06, 2.37273297898e-06, 1.84258249192e-06, 2.34421986534e-06, 1.7934786456e-06, 1.22158644444e-06, 1.33199830543e-06, 1.51530832682e-06, 7.92860703314e-07],
        "stdev": [0.0187703091651, 0.010819291696, 0.00428461935371, 0.00120960618369, 0.000672598253004, 0.000502565235365, 0.000661624770146, 0.000816205865704, 0.000617357087322, 0.000437238515588, 0.000335178105161, 0.000328535330482, 0.00027442141436, 0.000149322237121, 0.000172913438291, 0.000158625785843, 0.000141197029734, 7.75966691435e-05, 8.34072416183e-05, 7.11390239303e-05, 2.75673100987e-05, 2.58020627371e-05, 1.55099369294e-05, 1.54037807079e-05, 1.85360095202e-05, 2.04604039027e-05, 1.40030651892e-05, 1.24000116557e-05, 1.18045863928e-05, 9.80279583018e-06, 7.60769944463e-06, 7.18797309673e-06, 5.70227621211e-06, 4.82379209643e-06, 9.0631083367e-06, 6.20553100816e-06, 4.60473984276e-06, 4.93981679028e-06, 6.66809182803e-06, 2.92161439575e-06]
    },
    "melbands128": {
        "mean": [0.00149442767724, 0.00664718868211, 0.0081176077947, 0.00572821497917, 0.00418543256819, 0.00314885447733, 0.00204202975146, 0.00179412064608, 0.00112195999827, 0.000553567544557, 0.000559854379389, 0.00044218156836, 0.000352727831341, 0.000353734620148, 0.000282324035652, 0.000348305242369, 0.000374837574782, 0.000309450464556, 0.000344013096765, 0.000424608588219, 0.000214621482883, 0.000154839028255, 0.000259016116615, 0.000148944600369, 0.000156970883836, 0.000103315382148, 0.000122998593724, 0.000122873927467, 8.131130744e-05, 9.85891892924e-05, 0.00011435867782, 9.77487652563e-05, 0.00010567910067, 5.03089322592e-05, 3.71396527044e-05, 4.58507456642e-05, 6.55814219499e-05, 5.00626083522e-05, 4.15515132772e-05, 4.89238955197e-05, 3.19668688462e-05, 4.35463516624e-05, 4.92674007546e-05, 3.48723297066e-05, 2.18850400415e-05, 1.9152650566e-05, 2.35698516917e-05, 2.10048328881e-05, 1.99224577955e-05, 2.65908420261e-05, 1.60666786542e-05, 8.21381308924e-06, 8.50509786687e-06, 9.07249523152e-06, 1.04308610389e-05, 8.71243901202e-06, 7.23512494005e-06, 6.69176188239e-06, 5.8190148593e-06, 4.63633614345e-06, 4.5677829803e-06, 7.14722909834e-06, 7.58495662012e-06, 7.81930430094e-06, 7.22142704035e-06, 8.14897794044e-06, 9.63609181781e-06, 8.47208139021e-06, 6.31104376225e-06, 5.50018421563e-06, 5.45482180314e-06, 5.48853995497e-06, 5.13249005962e-06, 5.41751251149e-06, 5.2487598623e-06, 5.06886362928e-06, 5.20207049703e-06, 3.48199887412e-06, 3.51613357452e-06, 3.2886698591e-06, 3.33066896019e-06, 3.17056242238e-06, 2.70613804787e-06, 2.47993853009e-06, 1.88578326288e-06, 1.74725266788e-06, 1.81621214779e-06, 1.97588747142e-06, 2.67049927061e-06, 2.25116787078e-06, 2.28395538215e-06, 1.4977237015e-06, 1.31393551328e-06, 1.27142709516e-06, 1.06392735688e-06, 1.21618484172e-06, 1.10634630346e-06, 2.04690672945e-06, 1.53889880039e-06, 1.43051045143e-06, 8.37527977637e-07, 6.39624886389e-07, 7.68945994878e-07, 6.51105892757e-07, 5.53373865841e-07, 5.7321199165e-07, 4.01477592504e-07, 3.57874313295e-07, 2.96428510183e-07, 2.74770997066e-07, 2.44230278668e-07, 2.0879326712e-07, 1.56706946086e-07, 1.24403683799e-07, 1.10556072741e-07, 9.54858165869e-08, 7.06699907482e-08, 2.11912674075e-08, 9.73699698648e-09, 1.29672290683e-08, 1.23197665403e-08, 5.29822541395e-09, 1.69038094633e-09, 1.46076106766e-09, 5.43516120999e-10, 1.63583313562e-11, 6.40597991319e-12, 6.38086328567e-12],
        "stdev": [0.00442448770627, 0.0213077086955, 0.0266135372221, 0.0175305362791, 0.0104839755222, 0.00647784862667, 0.00522725237533, 0.00484424550086, 0.00232894928195, 0.00111847999506, 0.00125104456674, 0.000975195551291, 0.000855104299262, 0.000813018647023, 0.0005992561928, 0.000712090404704, 0.000922062725294, 0.000880913925357, 0.0011001706589, 0.00141972000711, 0.000853662553709, 0.000600207247771, 0.00102548184805, 0.000682590296492, 0.000756608438678, 0.000476863438962, 0.000508460099809, 0.000483268115204, 0.000414299342083, 0.000506362994201, 0.000431197986472, 0.000374788331101, 0.00041373030399, 0.000225012321607, 0.000181009745575, 0.000199168396648, 0.00031693384517, 0.000242658701609, 0.000225172901992, 0.000302180502331, 0.000177175403223, 0.000236033694819, 0.000225214520469, 0.00016778378631, 0.000119270276628, 0.000104567603557, 0.000116441093269, 0.000122191922856, 0.000113753056212, 0.000164367229445, 8.65166803123e-05, 4.18106719735e-05, 3.48826506524e-05, 3.72703798348e-05, 4.14755450038e-05, 3.53769755748e-05, 3.5489716538e-05, 2.11400129047e-05, 2.02882165468e-05, 1.64671546372e-05, 1.92480201804e-05, 2.96049347526e-05, 2.58837571891e-05, 2.62179564743e-05, 2.19221856241e-05, 3.04819441226e-05, 2.6631700166e-05, 2.04244115594e-05, 1.56184760272e-05, 1.64314551512e-05, 1.74385513674e-05, 1.48653725773e-05, 1.55575726239e-05, 1.49298448378e-05, 1.34523661472e-05, 1.11393719635e-05, 1.074429656e-05, 8.32153273223e-06, 8.19553133624e-06, 8.21134290163e-06, 8.01836176834e-06, 8.36690924189e-06, 7.27449014448e-06, 6.44629562885e-06, 4.96880647916e-06, 4.39172436018e-06, 6.0606516854e-06, 6.20297441856e-06, 1.2342361515e-05, 9.02074771147e-06, 9.65833169175e-06, 5.08647553943e-06, 4.99398765896e-06, 5.33942602488e-06, 4.15757631345e-06, 4.78469746668e-06, 4.28435396316e-06, 1.05852941488e-05, 7.89660498413e-06, 6.21148001301e-06, 3.53584300683e-06, 2.70626969723e-06, 2.78352240457e-06, 2.68194753517e-06, 2.12315558201e-06, 1.90837749869e-06, 1.34913659622e-06, 1.19108267427e-06, 1.13385340228e-06, 1.21182517887e-06, 8.88888394002e-07, 7.1529058232e-07, 6.06575611073e-07, 6.02367947522e-07, 4.54862856714e-07, 3.90096317915e-07, 3.28548310335e-07, 2.78480314364e-07, 1.76077591618e-07, 1.60068495347e-07, 1.74913637352e-07, 9.66577218264e-08, 2.24944187721e-08, 2.20748663793e-08, 7.16003922818e-09, 1.99320629446e-10, 3.35320174405e-11, 3.40475599103e-11]
    },
    "mfcc": {
        "mean": [-696.280578613, 127.557189941, 28.2262821198, 25.4637813568, -4.2343120575, 1.8715531826, 0.0548883713782, -3.22178649902, -4.35043239594, 1.48516762257, -0.410183489323, -1.83375704288, 0.443745166063],
        "cov": [[9023.84375, -1699.76379395, -954.934875488, 292.227935791, 90.2488632202, 491.09375, 359.967315674, 174.508300781, 263.510406494, 219.326950073, 93.9331130981, 17.3291912079, 44.3231086731], [-1699.76379395, 1891.92675781, 117.316040039, -187.124191284, 36.4206924438, -27.9121112823, 118.352157593, 85.1325302124, -38.5846443176, 18.2378540039, 43.4877853394, -19.0780830383, 8.8866186142], [-954.934875488, 117.316040039, 1205.29724121, 280.842712402, 150.18989563, 178.913711548, 27.7909526825, 106.863319397, 129.51222229, -7.38876628876, 65.2643203735, 76.4967880249, -17.8623008728], [292.227935791, -187.124191284, 280.842712402, 725.497192383, 251.064590454, 228.764892578, 79.8679733276, 99.4616317749, 156.498626709, 66.1840362549, 40.8242645264, 67.6678009033, -12.2113542557], [90.2488632202, 36.4206924438, 150.18989563, 251.064590454, 420.335754395, 141.204559326, 71.6117401123, 90.0037689209, 81.4722747803, 90.95362854, 9.60297012329, 19.7188434601, 10.8011455536], [491.09375, -27.9121112823, 178.913711548, 228.764892578, 141.204559326, 413.758514404, 167.322555542, 82.0802154541, 120.355552673, 58.5011520386, 71.8720245361, 38.0754165649, -18.6179637909], [359.967315674, 118.352157593, 27.7909526825, 79.8679733276, 71.6117401123, 167.322555542, 327.866668701, 123.510353088, 25.6725482941, 55.4348144531, 36.6278495789, 2.74128508568, 3.0295689106], [174.508300781, 85.1325302124, 106.863319397, 99.4616317749, 90.0037689209, 82.0802154541, 123.510353088, 195.273162842, 71.9284362793, 25.7699718475, 26.9037132263, 13.0086927414, 2.41247200966], [263.510406494, -38.5846443176, 129.51222229, 156.498626709, 81.4722747803, 120.355552673, 25.6725482941, 71.9284362793, 206.615432739, 45.3753623962, 35.6993179321, 27.9199485779, -9.01140594482], [219.326950073, 18.2378540039, -7.38876628876, 66.1840362549, 90.95362854, 58.5011520386, 55.4348144531, 25.7699718475, 45.3753623962, 154.657440186, 35.1667289734, 0.501776754856, 9.17736053467], [93.9331130981, 43.4877853394, 65.2643203735, 40.8242645264, 9.60297012329, 71.8720245361, 36.6278495789, 26.9037132263, 35.6993179321, 35.1667289734, 132.791366577, 39.5759773254, -3.22505450249], [17.3291912079, -19.0780830383, 76.4967880249, 67.6678009033, 19.7188434601, 38.0754165649, 2.74128508568, 13.0086927414, 27.9199485779, 0.501776754856, 39.5759773254, 110.861816406, 29.9137802124], [44.3231086731, 8.8866186142, -17.8623008728, -12.2113542557, 10.8011455536, -18.6179637909, 3.0295689106, 2.41247200966, -9.01140594482, 9.17736053467, -3.22505450249, 29.9137802124, 103.958557129]],
        "icov": [[0.000184897871804, 0.000166910293046, 0.000178671354661, 1.38602945299e-05, 3.3661704947e-05, -0.000166293160873, -0.000114390117233, -0.000135885435157, -0.000155200585141, -0.000104282633401, -7.34569766792e-05, 3.15971265081e-05, -0.000103182108433], [0.000166910293046, 0.000742235279176, 6.59138531773e-05, 0.000241656744038, -0.000105470069684, -2.56767270912e-05, -0.000306344853016, -0.000315435579978, -4.20394426328e-05, -0.00010337576532, -0.000300673535094, 0.000129839609144, -0.000113499016152], [0.000178671354661, 6.59138531773e-05, 0.00120194221381, -0.000209019417525, -0.000116771247122, -0.000389071763493, 0.000135375681566, -0.000452779990155, -0.000363449245924, 0.000293909513857, -0.000275358557701, -0.000348182395101, 8.3366423496e-05], [1.38602945299e-05, 0.000241656744038, -0.000209019417525, 0.00225249538198, -0.000886309833732, -0.000512096157763, -4.72785322927e-05, -0.000199080721359, -0.000702344928868, -0.000116294831969, 0.000193900370505, -0.000833956059068, 0.000403847254347], [3.3661704947e-05, -0.000105470069684, -0.000116771247122, -0.000886309833732, 0.0036866532173, -0.00067960692104, 0.000346743763657, -0.00105233909562, 0.000142913166201, -0.00175750732888, 0.000965564977378, 3.46801025444e-05, -0.000432427827036], [-0.000166293160873, -2.56767270912e-05, -0.000389071763493, -0.000512096157763, -0.00067960692104, 0.00455172359943, -0.00199950556271, 0.000951501133386, -0.00141395069659, 0.000309195602313, -0.00116142607294, -0.000343424879247, 0.000780988309998], [-0.000114390117233, -0.000306344853016, 0.000135375681566, -4.72785322927e-05, 0.000346743763657, -0.00199950556271, 0.00544081581756, -0.00305520789698, 0.00163260020781, -0.00113797537051, 4.18416493631e-05, 0.000399012933485, -0.000260650034761], [-0.000135885435157, -0.000315435579978, -0.000452779990155, -0.000199080721359, -0.00105233909562, 0.000951501133386, -0.00305520789698, 0.00854099262506, -0.0023530847393, 0.0010507669067, -0.000546016206499, 0.00017390146968, -0.000209420264582], [-0.000155200585141, -4.20394426328e-05, -0.000363449245924, -0.000702344928868, 0.000142913166201, -0.00141395069659, 0.00163260020781, -0.0023530847393, 0.00763870915398, -0.00147504417691, -0.000157320013386, -0.000639920821413, 0.000635385047644], [-0.000104282633401, -0.00010337576532, 0.000293909513857, -0.000116294831969, -0.00175750732888, 0.000309195602313, -0.00113797537051, 0.0010507669067, -0.00147504417691, 0.00886292476207, -0.00234316987917, 0.00143124128226, -0.00105790502857], [-7.34569766792e-05, -0.000300673535094, -0.000275358557701, 0.000193900370505, 0.000965564977378, -0.00116142607294, 4.18416493631e-05, -0.000546016206499, -0.000157320013386, -0.00234316987917, 0.0101846195757, -0.00361032015644, 0.00128364295233], [3.15971265081e-05, 0.000129839609144, -0.000348182395101, -0.000833956059068, 3.46801025444e-05, -0.000343424879247, 0.000399012933485, 0.00017390146968, -0.000639920821413, 0.00143124128226, -0.00361032015644, 0.0124270990491, -0.00413280865178], [-0.000103182108433, -0.000113499016152, 8.3366423496e-05, 0.000403847254347, -0.000432427827036, 0.000780988309998, -0.000260650034761, -0.000209420264582, 0.000635385047644, -0.00105790502857, 0.00128364295233, -0.00413280865178, 0.0113094188273]]
    },
    "spectral_contrast_coeffs": {
        "mean": [-0.685755908489, -0.711704671383, -0.741261541843, -0.791957974434, -0.796843767166, -0.779355943203],
        "stdev": [0.0797781348228, 0.0830397456884, 0.0787031650543, 0.0673017352819, 0.0542190633714, 0.0535473972559]
    },
    "spectral_contrast_valleys": {
        "mean": [-6.93407773972, -7.10295724869, -8.18355846405, -8.58268356323, -8.32630157471, -10.541844368],
        "stdev": [1.22868335247, 0.879715383053, 1.00940167904, 1.09230208397, 1.20061576366, 1.254352808]
    }
},
"rhythm": {
    "beats_count": 394,
    "beats_loudness": {
        "mean": 0.111714571714,
        "stdev": 0.152742236853
    },
    "bpm": 87.0429840088,
    "bpm_histogram_first_peak_bpm": 88,
    "bpm_histogram_first_peak_weight": 0.42032968998,
    "bpm_histogram_second_peak_bpm": 105,
    "bpm_histogram_second_peak_spread": 0.5,
    "bpm_histogram_second_peak_weight": 0.0127226458862,
    "danceability": 1.30225610733,
    "onset_rate": 4.38750267029,
    "beats_loudness_band_ratio": {
        "mean": [0.499837368727, 0.157215192914, 0.138020128012, 0.0686143860221, 0.0526229143143, 0.114960208535],
        "stdev": [0.353026092052, 0.168766200542, 0.169303655624, 0.0993956923485, 0.061887472868, 0.141424700618]
    },
    "beats_position": [0.510838985443, 1.04489791393, 1.5673469305, 2.11301589012, 2.65868473053, 3.20435357094, 3.75002264977, 4.29569149017, 4.77170038223, 5.25931978226, 5.74693870544, 6.25777769089, 6.76861667633, 7.26784563065, 7.74385452271, 8.2198638916, 8.68426322937, 9.17188167572, 9.65950107574, 10.1703395844, 10.7392292023, 11.3081178665, 11.8886165619, 12.4575052261, 13.0263938904, 13.5836734772, 14.1409521103, 14.7214508057, 15.2787294388, 15.8476190567, 16.50938797, 17.1595458984, 17.8561439514, 18.5411338806, 19.2261219025, 19.9111099243, 20.5960998535, 21.2926979065, 21.9776859283, 22.6626758575, 23.3592739105, 24.0558719635, 24.7408618927, 25.4374599457, 26.1456680298, 26.8538761139, 27.5620861053, 28.2354640961, 28.897233963, 29.5822219849, 30.2672100067, 30.9521980286, 31.6255779266, 32.2989578247, 32.9955558777, 33.6805419922, 34.3655319214, 35.0621299744, 35.7471199036, 36.4321098328, 37.1170959473, 37.8020858765, 38.4986839294, 39.1952819824, 39.8802719116, 40.5652618408, 41.2618598938, 41.9468460083, 42.6318359375, 43.3284339905, 44.0250320435, 44.7100219727, 45.3950119019, 46.0916099548, 46.7765960693, 47.4615859985, 48.1581840515, 48.8431739807, 49.5281639099, 50.2247619629, 50.9213600159, 51.6063499451, 52.2913360596, 52.9879341125, 53.6845359802, 54.3695220947, 55.0545120239, 55.7511100769, 56.4361000061, 57.1210861206, 57.8176841736, 58.5026741028, 59.1992721558, 59.884262085, 60.5692520142, 61.2542381287, 61.9508361816, 62.6474380493, 63.3324241638, 64.0174102783, 64.714012146, 65.3990020752, 66.0955963135, 66.7805862427, 67.4771881104, 68.1505661011, 68.8471679688, 69.543762207, 70.2287521362, 70.9137420654, 71.6103363037, 72.2953262329, 72.9803161621, 73.6769180298, 74.3619003296, 75.0468902588, 75.7434921265, 76.4400863647, 77.1250762939, 77.8100662231, 78.5066680908, 79.1916503906, 79.8766403198, 80.5732421875, 81.2582321167, 81.9432220459, 82.6398162842, 83.3364181519, 84.0214080811, 84.7063903809, 85.3913803101, 86.0763702393, 86.7729721069, 87.4695663452, 88.1545562744, 88.8395462036, 89.5361404419, 90.2327423096, 90.9177322388, 91.602722168, 92.2993164062, 92.9843063354, 93.6692962646, 94.3658905029, 95.0508804321, 95.7358703613, 96.432472229, 97.1290664673, 97.8140563965, 98.4990463257, 99.1956481934, 99.8922424316, 100.577232361, 101.26222229, 101.947212219, 102.632194519, 103.328796387, 104.025398254, 104.710380554, 105.395370483, 106.091972351, 106.77696228, 107.46194458, 108.158546448, 108.855148315, 109.540130615, 110.225120544, 110.921722412, 111.606712341, 112.291702271, 112.988296509, 113.673286438, 114.358276367, 115.054870605, 115.739860535, 116.424850464, 117.121452332, 117.81804657, 118.503036499, 119.188026428, 119.884620667, 120.581222534, 121.266212463, 121.951202393, 122.636184692, 123.321174622, 124.017776489, 124.714370728, 125.410972595, 126.084350586, 126.780952454, 127.465942383, 128.162536621, 128.847518921, 129.532516479, 130.217498779, 130.914108276, 131.610702515, 132.295684814, 132.980682373, 133.677276611, 134.362258911, 135.04725647, 135.743850708, 136.440444946, 137.125442505, 137.810424805, 138.507034302, 139.20362854, 139.911834717, 140.608428955, 141.293426514, 141.966796875, 142.651794434, 143.336776733, 144.033370972, 144.71836853, 145.40335083, 146.088348389, 146.773330688, 147.469924927, 148.154922485, 148.839904785, 149.536499023, 150.221496582, 150.906478882, 151.603088379, 152.299682617, 152.984664917, 153.669662476, 154.366256714, 155.062850952, 155.747848511, 156.432830811, 157.11781311, 157.802810669, 158.499404907, 159.195999146, 159.880996704, 160.565979004, 161.262588501, 161.959182739, 162.644165039, 163.329162598, 164.025756836, 164.722351074, 165.407348633, 166.092330933, 166.777328491, 167.462310791, 168.158905029, 168.843902588, 169.528884888, 170.225479126, 170.922088623, 171.607070923, 172.292053223, 172.98866272, 173.67364502, 174.358642578, 175.055236816, 175.751831055, 176.436828613, 177.121810913, 177.818405151, 178.50340271, 179.18838501, 179.884979248, 180.569976807, 181.254959106, 181.951568604, 182.636550903, 183.321533203, 184.0181427, 184.714736938, 185.399719238, 186.096328735, 186.781311035, 187.477905273, 188.162902832, 188.847885132, 189.53288269, 190.21786499, 190.914459229, 191.611068726, 192.296051025, 192.981033325, 193.677642822, 194.374237061, 195.047622681, 195.744216919, 196.440811157, 197.137405396, 197.810791016, 198.507385254, 199.203994751, 199.888977051, 200.573959351, 201.258956909, 201.943939209, 202.640533447, 203.337142944, 204.022125244, 204.707122803, 205.403717041, 206.088699341, 206.773696899, 207.470291138, 208.166885376, 208.851882935, 209.536865234, 210.233459473, 210.918457031, 211.603439331, 212.300048828, 212.985031128, 213.681625366, 214.366622925, 215.051605225, 215.736587524, 216.433197021, 217.12979126, 217.81477356, 218.499771118, 219.196365356, 219.881362915, 220.566345215, 221.262939453, 221.947937012, 222.632919312, 223.32951355, 224.014511108, 224.711105347, 225.396102905, 226.092697144, 226.777679443, 227.47428894, 228.15927124, 228.84425354, 229.529251099, 230.225845337, 230.922439575, 231.619049072, 232.304031372, 232.989013672, 233.67401123, 234.35899353, 235.055603027, 235.752197266, 236.437179565, 237.122177124, 237.818771362, 238.503753662, 239.188751221, 239.885345459, 240.570343018, 241.266937256, 241.951919556, 242.648529053, 243.333511353, 244.030105591, 244.715103149, 245.400085449, 246.085067749, 246.781677246, 247.466659546, 248.151657104, 248.848251343, 249.544845581, 250.253051758, 250.949661255, 251.634643555, 252.308029175, 252.993011475, 253.677993774, 254.374603271, 255.047973633, 255.74458313, 256.441162109, 257.126159668, 257.822753906, 258.507751465, 259.192749023, 259.877716064, 260.57434082, 261.259307861, 261.94430542, 262.640899658, 263.337493896, 264.034088135, 264.719085693, 265.404083252, 266.10067749, 266.785675049],
    "bpm_histogram": [0, 0, 0, 0, 0, 0, 0, 0, 0, 0, 0, 0, 0, 0, 0, 0, 0, 0, 0, 0, 0, 0, 0, 0, 0, 0, 0, 0, 0, 0, 0, 0, 0, 0, 0, 0, 0, 0, 0, 0, 0, 0, 0, 0, 0, 0, 0, 0, 0, 0, 0, 0, 0, 0, 0, 0, 0, 0, 0, 0, 0, 0, 0, 0, 0, 0, 0, 0, 0, 0, 0, 0, 0, 0, 0, 0, 0, 0, 0, 0, 0, 0, 0, 0, 0, 0.0127226458862, 0.368956744671, 0, 0.511450409889, 0.0254452917725, 0, 0.00508905854076, 0.00254452927038, 0, 0, 0, 0, 0, 0, 0, 0, 0, 0, 0.00508905854076, 0, 0.0127226458862, 0, 0, 0.00763358781114, 0, 0.0127226458862, 0, 0.00254452927038, 0, 0, 0.00254452927038, 0, 0.00763358781114, 0, 0, 0.00254452927038, 0, 0, 0.0101781170815, 0, 0, 0.00763358781114, 0, 0, 0.00254452927038, 0, 0, 0, 0, 0, 0, 0, 0, 0, 0, 0, 0, 0, 0, 0, 0, 0, 0, 0, 0, 0, 0, 0, 0, 0, 0, 0, 0, 0, 0, 0, 0, 0, 0, 0, 0, 0, 0, 0, 0, 0, 0, 0, 0, 0, 0, 0, 0, 0, 0, 0, 0, 0, 0, 0, 0, 0, 0, 0, 0, 0, 0, 0, 0, 0, 0, 0, 0, 0, 0, 0, 0, 0, 0, 0, 0, 0, 0, 0, 0, 0, 0, 0, 0, 0, 0, 0, 0, 0, 0, 0, 0, 0, 0, 0, 0, 0, 0, 0, 0, 0, 0, 0, 0, 0, 0, 0, 0, 0, 0, 0, 0, 0, 0, 0, 0, 0, 0, 0, 0]
},
"tonal": {
    "chords_changes_rate": 0.0664001405239,
    "chords_number_rate": 0.00191204587463,
    "chords_strength": {
        "mean": 0.549372911453,
        "stdev": 0.105148203671
    },
    "hpcp_crest": {
        "mean": 14.3529500961,
        "stdev": 7.29874229431
    },
    "hpcp_entropy": {
        "mean": 1.90240859985,
        "stdev": 0.7579433918
    },
    "key_edma": {
        "strength": 0.649801850319,
        "key": "E",
        "scale": "minor"
    },
    "key_krumhansl": {
        "strength": 0.664511799812,
        "key": "E",
        "scale": "minor"
    },
    "key_temperley": {
        "strength": 0.656379044056,
        "key": "E",
        "scale": "minor"
    },
    "tuning_diatonic_strength": 0.589172661304,
    "tuning_equal_tempered_deviation": 0.474190562963,
    "tuning_frequency": 434.193115234,
    "tuning_nontempered_energy_ratio": 0.975514233112,
    "hpcp": {
        "mean": [0.11825440824, 0.190409764647, 0.173423498869, 0.0996614098549, 0.0838514193892, 0.0821625590324, 0.137464225292, 0.268687784672, 0.233023762703, 0.0912023857236, 0.0664586946368, 0.0610529780388, 0.0436785779893, 0.0424045398831, 0.0481482930481, 0.0666789487004, 0.153396576643, 0.161209464073, 0.0776822343469, 0.0526886545122, 0.0578967034817, 0.11380147934, 0.249056234956, 0.226263910532, 0.0945065543056, 0.064720980823, 0.0566272363067, 0.0709339827299, 0.125270828605, 0.126148745418, 0.120253667235, 0.200134158134, 0.169513851404, 0.0801720768213, 0.0697479024529, 0.0799201726913],
        "stdev": [0.233136042953, 0.306982398033, 0.285411059856, 0.219676032662, 0.206437513232, 0.201280519366, 0.229317039251, 0.339364618063, 0.315316826105, 0.195206984878, 0.172208547592, 0.169496670365, 0.131665304303, 0.12699200213, 0.137530297041, 0.161043033004, 0.252996653318, 0.27092730999, 0.172972038388, 0.1534037292, 0.159607172012, 0.2055259794, 0.337128788233, 0.309930920601, 0.20062610507, 0.174628019333, 0.167183354497, 0.172731682658, 0.23289629817, 0.226187154651, 0.216890245676, 0.31550347805, 0.281237542629, 0.187978550792, 0.180085763335, 0.196812152863]
    },
    "chords_histogram": [29.0109500885, 18.9814014435, 21.5539722443, 3.26786017418, 0.121675647795, 2.65948200226, 0.399791419506, 2.13801503181, 0.208586826921, 1.11246311665, 0, 0.625760495663, 0, 0, 0.0521467067301, 0.10429341346, 0.312880247831, 0.0521467067301, 1.56440114975, 0.0347644723952, 1.54701900482, 0.260733544827, 9.2473487854, 6.74430751801],
    "thpcp": [1, 0.867265939713, 0.339436292648, 0.247345432639, 0.227226480842, 0.162562578917, 0.157820865512, 0.179197922349, 0.248165160418, 0.570910096169, 0.599988043308, 0.289117097855, 0.196096196771, 0.21547947824, 0.42354542017, 0.926935434341, 0.842107176781, 0.351733714342, 0.240878015757, 0.210754781961, 0.264001518488, 0.466231942177, 0.469499379396, 0.447559118271, 0.744857668877, 0.630895256996, 0.298383772373, 0.259587168694, 0.297446250916, 0.440118283033, 0.70866549015, 0.645446181297, 0.370919018984, 0.312077522278, 0.305791944265, 0.511613249779],
    "chords_key": "E",
    "chords_scale": "minor"
}
}